yF = 5.7622e+00 (std: 0.0000e+00) keV/um
yD = 2.3813e+01 (std: 0.0000e+00) keV/um
y (keV/um)     f(y)(std)                  yf(y)(std)                 d(y)(std)                  yd(y)(std)  
1.0610e-01     2.0210e+01  0.0000e+00     2.1443e+00  0.0000e+00     3.7213e-01  0.0000e+00     3.9484e-02  0.0000e+00 
1.1905e-01     1.7358e+00  0.0000e+00     2.0664e-01  0.0000e+00     3.5862e-02  0.0000e+00     4.2692e-03  0.0000e+00 
1.3357e-01     5.8811e-01  0.0000e+00     7.8556e-02  0.0000e+00     1.3633e-02  0.0000e+00     1.8210e-03  0.0000e+00 
1.4987e-01     2.4251e+00  0.0000e+00     3.6345e-01  0.0000e+00     6.3074e-02  0.0000e+00     9.4531e-03  0.0000e+00 
1.6816e-01     8.5813e-01  0.0000e+00     1.4430e-01  0.0000e+00     2.5043e-02  0.0000e+00     4.2112e-03  0.0000e+00 
1.8868e-01     6.4308e-01  0.0000e+00     1.2134e-01  0.0000e+00     2.1057e-02  0.0000e+00     3.9730e-03  0.0000e+00 
2.1170e-01     6.7328e-01  0.0000e+00     1.4253e-01  0.0000e+00     2.4736e-02  0.0000e+00     5.2365e-03  0.0000e+00 
2.3753e-01     6.2832e-01  0.0000e+00     1.4925e-01  0.0000e+00     2.5901e-02  0.0000e+00     6.1522e-03  0.0000e+00 
2.6651e-01     3.2666e-01  0.0000e+00     8.7058e-02  0.0000e+00     1.5108e-02  0.0000e+00     4.0266e-03  0.0000e+00 
2.9903e-01     2.8200e-01  0.0000e+00     8.4327e-02  0.0000e+00     1.4634e-02  0.0000e+00     4.3762e-03  0.0000e+00 
3.3552e-01     1.1366e+00  0.0000e+00     3.8134e-01  0.0000e+00     6.6179e-02  0.0000e+00     2.2204e-02  0.0000e+00 
3.7646e-01     8.4577e-01  0.0000e+00     3.1840e-01  0.0000e+00     5.5257e-02  0.0000e+00     2.0802e-02  0.0000e+00 
4.2240e-01     4.2473e-01  0.0000e+00     1.7941e-01  0.0000e+00     3.1135e-02  0.0000e+00     1.3151e-02  0.0000e+00 
4.7394e-01     4.0894e-01  0.0000e+00     1.9381e-01  0.0000e+00     3.3635e-02  0.0000e+00     1.5941e-02  0.0000e+00 
5.3176e-01     2.9676e-01  0.0000e+00     1.5780e-01  0.0000e+00     2.7386e-02  0.0000e+00     1.4563e-02  0.0000e+00 
5.9665e-01     1.7115e-01  0.0000e+00     1.0212e-01  0.0000e+00     1.7722e-02  0.0000e+00     1.0574e-02  0.0000e+00 
6.6945e-01     2.1696e-01  0.0000e+00     1.4524e-01  0.0000e+00     2.5206e-02  0.0000e+00     1.6874e-02  0.0000e+00 
7.5114e-01     2.0760e-01  0.0000e+00     1.5594e-01  0.0000e+00     2.7062e-02  0.0000e+00     2.0328e-02  0.0000e+00 
8.4279e-01     1.1272e-01  0.0000e+00     9.5002e-02  0.0000e+00     1.6487e-02  0.0000e+00     1.3895e-02  0.0000e+00 
9.4563e-01     7.1926e-02  0.0000e+00     6.8015e-02  0.0000e+00     1.1804e-02  0.0000e+00     1.1162e-02  0.0000e+00 
1.0610e+00     5.6128e-02  0.0000e+00     5.9552e-02  0.0000e+00     1.0335e-02  0.0000e+00     1.0965e-02  0.0000e+00 
1.1905e+00     3.4109e-02  0.0000e+00     4.0605e-02  0.0000e+00     7.0468e-03  0.0000e+00     8.3891e-03  0.0000e+00 
1.3357e+00     1.9772e-02  0.0000e+00     2.6410e-02  0.0000e+00     4.5833e-03  0.0000e+00     6.1220e-03  0.0000e+00 
1.4987e+00     1.1397e-02  0.0000e+00     1.7081e-02  0.0000e+00     2.9643e-03  0.0000e+00     4.4426e-03  0.0000e+00 
1.6816e+00     5.9824e-03  0.0000e+00     1.0060e-02  0.0000e+00     1.7459e-03  0.0000e+00     2.9358e-03  0.0000e+00 
1.8868e+00     2.5385e-03  0.0000e+00     4.7895e-03  0.0000e+00     8.3120e-04  0.0000e+00     1.5683e-03  0.0000e+00 
2.1170e+00     1.2720e-03  0.0000e+00     2.6929e-03  0.0000e+00     4.6734e-04  0.0000e+00     9.8936e-04  0.0000e+00 
2.3753e+00     4.3729e-04  0.0000e+00     1.0387e-03  0.0000e+00     1.8026e-04  0.0000e+00     4.2817e-04  0.0000e+00 
2.6651e+00     1.0104e-04  0.0000e+00     2.6929e-04  0.0000e+00     4.6734e-05  0.0000e+00     1.2455e-04  0.0000e+00 
2.9903e+00     1.9297e-05  0.0000e+00     5.7705e-05  0.0000e+00     1.0014e-05  0.0000e+00     2.9947e-05  0.0000e+00 
3.3552e+00     1.1466e-05  0.0000e+00     3.8470e-05  0.0000e+00     6.6763e-06  0.0000e+00     2.2400e-05  0.0000e+00 
3.7646e+00     0.0000e+00  0.0000e+00     0.0000e+00  0.0000e+00     0.0000e+00  0.0000e+00     0.0000e+00  0.0000e+00 
4.2240e+00     0.0000e+00  0.0000e+00     0.0000e+00  0.0000e+00     0.0000e+00  0.0000e+00     0.0000e+00  0.0000e+00 
4.7394e+00     4.0586e-06  0.0000e+00     1.9235e-05  0.0000e+00     3.3382e-06  0.0000e+00     1.5821e-05  0.0000e+00 
5.3176e+00     0.0000e+00  0.0000e+00     0.0000e+00  0.0000e+00     0.0000e+00  0.0000e+00     0.0000e+00  0.0000e+00 
5.9665e+00     1.0535e-01  0.0000e+00     6.2855e-01  0.0000e+00     1.0908e-01  0.0000e+00     6.5083e-01  0.0000e+00 
6.6945e+00     3.0890e-02  0.0000e+00     2.0680e-01  0.0000e+00     3.5889e-02  0.0000e+00     2.4026e-01  0.0000e+00 
7.5114e+00     7.4673e-03  0.0000e+00     5.6090e-02  0.0000e+00     9.7341e-03  0.0000e+00     7.3116e-02  0.0000e+00 
8.4279e+00     2.8337e-02  0.0000e+00     2.3882e-01  0.0000e+00     4.1447e-02  0.0000e+00     3.4931e-01  0.0000e+00 
9.4563e+00     2.0333e-02  0.0000e+00     1.9227e-01  0.0000e+00     3.3368e-02  0.0000e+00     3.1554e-01  0.0000e+00 
1.0610e+01     2.9554e-02  0.0000e+00     3.1357e-01  0.0000e+00     5.4419e-02  0.0000e+00     5.7739e-01  0.0000e+00 
1.1905e+01     2.2356e-02  0.0000e+00     2.6614e-01  0.0000e+00     4.6187e-02  0.0000e+00     5.4984e-01  0.0000e+00 
1.3357e+01     1.6743e-02  0.0000e+00     2.2365e-01  0.0000e+00     3.8813e-02  0.0000e+00     5.1843e-01  0.0000e+00 
1.4987e+01     1.0926e-02  0.0000e+00     1.6375e-01  0.0000e+00     2.8418e-02  0.0000e+00     4.2590e-01  0.0000e+00 
1.6816e+01     7.4660e-03  0.0000e+00     1.2555e-01  0.0000e+00     2.1788e-02  0.0000e+00     3.6639e-01  0.0000e+00 
1.8868e+01     6.0648e-03  0.0000e+00     1.1443e-01  0.0000e+00     1.9859e-02  0.0000e+00     3.7469e-01  0.0000e+00 
2.1170e+01     5.4771e-03  0.0000e+00     1.1595e-01  0.0000e+00     2.0122e-02  0.0000e+00     4.2599e-01  0.0000e+00 
2.3753e+01     5.0693e-03  0.0000e+00     1.2041e-01  0.0000e+00     2.0897e-02  0.0000e+00     4.9636e-01  0.0000e+00 
2.6651e+01     3.4282e-03  0.0000e+00     9.1367e-02  0.0000e+00     1.5856e-02  0.0000e+00     4.2259e-01  0.0000e+00 
2.9903e+01     2.5041e-03  0.0000e+00     7.4882e-02  0.0000e+00     1.2995e-02  0.0000e+00     3.8861e-01  0.0000e+00 
3.3552e+01     1.9647e-03  0.0000e+00     6.5919e-02  0.0000e+00     1.1440e-02  0.0000e+00     3.8383e-01  0.0000e+00 
3.7646e+01     1.5431e-03  0.0000e+00     5.8090e-02  0.0000e+00     1.0081e-02  0.0000e+00     3.7952e-01  0.0000e+00 
4.2240e+01     1.0374e-03  0.0000e+00     4.3818e-02  0.0000e+00     7.6043e-03  0.0000e+00     3.2120e-01  0.0000e+00 
4.7394e+01     7.9386e-04  0.0000e+00     3.7624e-02  0.0000e+00     6.5294e-03  0.0000e+00     3.0945e-01  0.0000e+00 
5.3176e+01     5.1545e-04  0.0000e+00     2.7410e-02  0.0000e+00     4.7569e-03  0.0000e+00     2.5295e-01  0.0000e+00 
5.9665e+01     3.3464e-04  0.0000e+00     1.9966e-02  0.0000e+00     3.4650e-03  0.0000e+00     2.0674e-01  0.0000e+00 
6.6945e+01     1.8705e-04  0.0000e+00     1.2522e-02  0.0000e+00     2.1731e-03  0.0000e+00     1.4548e-01  0.0000e+00 
7.5114e+01     1.0499e-04  0.0000e+00     7.8864e-03  0.0000e+00     1.3686e-03  0.0000e+00     1.0280e-01  0.0000e+00 
8.4279e+01     5.1580e-05  0.0000e+00     4.3471e-03  0.0000e+00     7.5442e-04  0.0000e+00     6.3582e-02  0.0000e+00 
9.4563e+01     2.5223e-05  0.0000e+00     2.3852e-03  0.0000e+00     4.1393e-04  0.0000e+00     3.9142e-02  0.0000e+00 
1.0610e+02     9.7897e-06  0.0000e+00     1.0387e-03  0.0000e+00     1.8026e-04  0.0000e+00     1.9126e-02  0.0000e+00 
1.1905e+02     4.3625e-06  0.0000e+00     5.1935e-04  0.0000e+00     9.0130e-05  0.0000e+00     1.0730e-02  0.0000e+00 
1.3357e+02     1.4400e-06  0.0000e+00     1.9235e-04  0.0000e+00     3.3382e-05  0.0000e+00     4.4589e-03  0.0000e+00 
1.4987e+02     3.8503e-07  0.0000e+00     5.7705e-05  0.0000e+00     1.0014e-05  0.0000e+00     1.5009e-03  0.0000e+00 
1.6816e+02     1.1439e-07  0.0000e+00     1.9235e-05  0.0000e+00     3.3382e-06  0.0000e+00     5.6134e-04  0.0000e+00 
1.8868e+02     1.0195e-07  0.0000e+00     1.9235e-05  0.0000e+00     3.3382e-06  0.0000e+00     6.2983e-04  0.0000e+00 
2.1170e+02     0.0000e+00  0.0000e+00     0.0000e+00  0.0000e+00     0.0000e+00  0.0000e+00     0.0000e+00  0.0000e+00 
2.3753e+02     0.0000e+00  0.0000e+00     0.0000e+00  0.0000e+00     0.0000e+00  0.0000e+00     0.0000e+00  0.0000e+00 
2.6651e+02     0.0000e+00  0.0000e+00     0.0000e+00  0.0000e+00     0.0000e+00  0.0000e+00     0.0000e+00  0.0000e+00 
2.9903e+02     0.0000e+00  0.0000e+00     0.0000e+00  0.0000e+00     0.0000e+00  0.0000e+00     0.0000e+00  0.0000e+00 
3.3552e+02     0.0000e+00  0.0000e+00     0.0000e+00  0.0000e+00     0.0000e+00  0.0000e+00     0.0000e+00  0.0000e+00 
3.7646e+02     0.0000e+00  0.0000e+00     0.0000e+00  0.0000e+00     0.0000e+00  0.0000e+00     0.0000e+00  0.0000e+00 
4.2240e+02     0.0000e+00  0.0000e+00     0.0000e+00  0.0000e+00     0.0000e+00  0.0000e+00     0.0000e+00  0.0000e+00 
4.7394e+02     0.0000e+00  0.0000e+00     0.0000e+00  0.0000e+00     0.0000e+00  0.0000e+00     0.0000e+00  0.0000e+00 
5.3176e+02     0.0000e+00  0.0000e+00     0.0000e+00  0.0000e+00     0.0000e+00  0.0000e+00     0.0000e+00  0.0000e+00 
5.9665e+02     0.0000e+00  0.0000e+00     0.0000e+00  0.0000e+00     0.0000e+00  0.0000e+00     0.0000e+00  0.0000e+00 
6.6945e+02     0.0000e+00  0.0000e+00     0.0000e+00  0.0000e+00     0.0000e+00  0.0000e+00     0.0000e+00  0.0000e+00 
7.5114e+02     0.0000e+00  0.0000e+00     0.0000e+00  0.0000e+00     0.0000e+00  0.0000e+00     0.0000e+00  0.0000e+00 
8.4279e+02     0.0000e+00  0.0000e+00     0.0000e+00  0.0000e+00     0.0000e+00  0.0000e+00     0.0000e+00  0.0000e+00 
9.4563e+02     0.0000e+00  0.0000e+00     0.0000e+00  0.0000e+00     0.0000e+00  0.0000e+00     0.0000e+00  0.0000e+00 
1.0610e+03     0.0000e+00  0.0000e+00     0.0000e+00  0.0000e+00     0.0000e+00  0.0000e+00     0.0000e+00  0.0000e+00 
1.1905e+03     0.0000e+00  0.0000e+00     0.0000e+00  0.0000e+00     0.0000e+00  0.0000e+00     0.0000e+00  0.0000e+00 
1.3357e+03     0.0000e+00  0.0000e+00     0.0000e+00  0.0000e+00     0.0000e+00  0.0000e+00     0.0000e+00  0.0000e+00 
1.4987e+03     0.0000e+00  0.0000e+00     0.0000e+00  0.0000e+00     0.0000e+00  0.0000e+00     0.0000e+00  0.0000e+00 
1.6816e+03     0.0000e+00  0.0000e+00     0.0000e+00  0.0000e+00     0.0000e+00  0.0000e+00     0.0000e+00  0.0000e+00 
1.8868e+03     0.0000e+00  0.0000e+00     0.0000e+00  0.0000e+00     0.0000e+00  0.0000e+00     0.0000e+00  0.0000e+00 
2.1170e+03     0.0000e+00  0.0000e+00     0.0000e+00  0.0000e+00     0.0000e+00  0.0000e+00     0.0000e+00  0.0000e+00 
2.3753e+03     0.0000e+00  0.0000e+00     0.0000e+00  0.0000e+00     0.0000e+00  0.0000e+00     0.0000e+00  0.0000e+00 
2.6651e+03     0.0000e+00  0.0000e+00     0.0000e+00  0.0000e+00     0.0000e+00  0.0000e+00     0.0000e+00  0.0000e+00 
2.9903e+03     0.0000e+00  0.0000e+00     0.0000e+00  0.0000e+00     0.0000e+00  0.0000e+00     0.0000e+00  0.0000e+00 
3.3552e+03     0.0000e+00  0.0000e+00     0.0000e+00  0.0000e+00     0.0000e+00  0.0000e+00     0.0000e+00  0.0000e+00 
3.7646e+03     0.0000e+00  0.0000e+00     0.0000e+00  0.0000e+00     0.0000e+00  0.0000e+00     0.0000e+00  0.0000e+00 
4.2240e+03     0.0000e+00  0.0000e+00     0.0000e+00  0.0000e+00     0.0000e+00  0.0000e+00     0.0000e+00  0.0000e+00 
4.7394e+03     0.0000e+00  0.0000e+00     0.0000e+00  0.0000e+00     0.0000e+00  0.0000e+00     0.0000e+00  0.0000e+00 
5.3176e+03     0.0000e+00  0.0000e+00     0.0000e+00  0.0000e+00     0.0000e+00  0.0000e+00     0.0000e+00  0.0000e+00 
5.9665e+03     0.0000e+00  0.0000e+00     0.0000e+00  0.0000e+00     0.0000e+00  0.0000e+00     0.0000e+00  0.0000e+00 
6.6945e+03     0.0000e+00  0.0000e+00     0.0000e+00  0.0000e+00     0.0000e+00  0.0000e+00     0.0000e+00  0.0000e+00 
7.5114e+03     0.0000e+00  0.0000e+00     0.0000e+00  0.0000e+00     0.0000e+00  0.0000e+00     0.0000e+00  0.0000e+00 
8.4279e+03     0.0000e+00  0.0000e+00     0.0000e+00  0.0000e+00     0.0000e+00  0.0000e+00     0.0000e+00  0.0000e+00 
9.4563e+03     0.0000e+00  0.0000e+00     0.0000e+00  0.0000e+00     0.0000e+00  0.0000e+00     0.0000e+00  0.0000e+00 
