yF = 9.5025e+01 (std: 0.0000e+00) keV/um
yD = 1.1215e+02 (std: 0.0000e+00) keV/um
y (keV/um)     f(y)(std)                  yf(y)(std)                 d(y)(std)                  yd(y)(std)  
1.0610e-01     2.0489e-03  0.0000e+00     2.1739e-04  0.0000e+00     2.2877e-06  0.0000e+00     2.4272e-07  0.0000e+00 
1.1905e-01     3.6521e-04  0.0000e+00     4.3478e-05  0.0000e+00     4.5754e-07  0.0000e+00     5.4468e-08  0.0000e+00 
1.3357e-01     6.5099e-05  0.0000e+00     8.6955e-06  0.0000e+00     9.1507e-08  0.0000e+00     1.2223e-08  0.0000e+00 
1.4987e-01     3.4812e-04  0.0000e+00     5.2173e-05  0.0000e+00     5.4904e-07  0.0000e+00     8.2286e-08  0.0000e+00 
1.6816e-01     3.1026e-04  0.0000e+00     5.2173e-05  0.0000e+00     5.4904e-07  0.0000e+00     9.2326e-08  0.0000e+00 
1.8868e-01     4.1478e-04  0.0000e+00     7.8260e-05  0.0000e+00     8.2356e-07  0.0000e+00     1.5539e-07  0.0000e+00 
2.1170e-01     5.7505e-04  0.0000e+00     1.2174e-04  0.0000e+00     1.2811e-06  0.0000e+00     2.7121e-07  0.0000e+00 
2.3753e-01     6.2234e-04  0.0000e+00     1.4782e-04  0.0000e+00     1.5556e-06  0.0000e+00     3.6951e-07  0.0000e+00 
2.6651e-01     5.5466e-04  0.0000e+00     1.4782e-04  0.0000e+00     1.5556e-06  0.0000e+00     4.1459e-07  0.0000e+00 
2.9903e-01     2.9079e-04  0.0000e+00     8.6955e-05  0.0000e+00     9.1507e-07  0.0000e+00     2.7364e-07  0.0000e+00 
3.3552e-01     6.4791e-04  0.0000e+00     2.1739e-04  0.0000e+00     2.2877e-06  0.0000e+00     7.6756e-07  0.0000e+00 
3.7646e-01     6.2365e-04  0.0000e+00     2.3478e-04  0.0000e+00     2.4707e-06  0.0000e+00     9.3012e-07  0.0000e+00 
4.2240e-01     4.5290e-04  0.0000e+00     1.9130e-04  0.0000e+00     2.0132e-06  0.0000e+00     8.5035e-07  0.0000e+00 
4.7394e-01     7.7059e-04  0.0000e+00     3.6521e-04  0.0000e+00     3.8433e-06  0.0000e+00     1.8215e-06  0.0000e+00 
5.3176e-01     4.4151e-04  0.0000e+00     2.3478e-04  0.0000e+00     2.4707e-06  0.0000e+00     1.3138e-06  0.0000e+00 
5.9665e-01     4.8094e-04  0.0000e+00     2.8695e-04  0.0000e+00     3.0197e-06  0.0000e+00     1.8017e-06  0.0000e+00 
6.6945e-01     3.2473e-04  0.0000e+00     2.1739e-04  0.0000e+00     2.2877e-06  0.0000e+00     1.5315e-06  0.0000e+00 
7.5114e-01     4.5148e-04  0.0000e+00     3.3912e-04  0.0000e+00     3.5688e-06  0.0000e+00     2.6806e-06  0.0000e+00 
8.4279e-01     4.2302e-04  0.0000e+00     3.5652e-04  0.0000e+00     3.7518e-06  0.0000e+00     3.1620e-06  0.0000e+00 
9.4563e-01     2.4828e-04  0.0000e+00     2.3478e-04  0.0000e+00     2.4707e-06  0.0000e+00     2.3364e-06  0.0000e+00 
1.0610e+00     1.7211e-04  0.0000e+00     1.8261e-04  0.0000e+00     1.9217e-06  0.0000e+00     2.0389e-06  0.0000e+00 
1.1905e+00     2.0452e-04  0.0000e+00     2.4347e-04  0.0000e+00     2.5622e-06  0.0000e+00     3.0502e-06  0.0000e+00 
1.3357e+00     1.4973e-04  0.0000e+00     2.0000e-04  0.0000e+00     2.1047e-06  0.0000e+00     2.8113e-06  0.0000e+00 
1.4987e+00     1.2764e-04  0.0000e+00     1.9130e-04  0.0000e+00     2.0132e-06  0.0000e+00     3.0171e-06  0.0000e+00 
1.6816e+00     7.2394e-05  0.0000e+00     1.2174e-04  0.0000e+00     1.2811e-06  0.0000e+00     2.1543e-06  0.0000e+00 
1.8868e+00     4.1478e-05  0.0000e+00     7.8260e-05  0.0000e+00     8.2356e-07  0.0000e+00     1.5539e-06  0.0000e+00 
2.1170e+00     3.2860e-05  0.0000e+00     6.9564e-05  0.0000e+00     7.3206e-07  0.0000e+00     1.5498e-06  0.0000e+00 
2.3753e+00     1.4643e-05  0.0000e+00     3.4782e-05  0.0000e+00     3.6603e-07  0.0000e+00     8.6943e-07  0.0000e+00 
2.6651e+00     6.5254e-06  0.0000e+00     1.7391e-05  0.0000e+00     1.8301e-07  0.0000e+00     4.8776e-07  0.0000e+00 
2.9903e+00     0.0000e+00  0.0000e+00     0.0000e+00  0.0000e+00     0.0000e+00  0.0000e+00     0.0000e+00  0.0000e+00 
3.3552e+00     0.0000e+00  0.0000e+00     0.0000e+00  0.0000e+00     0.0000e+00  0.0000e+00     0.0000e+00  0.0000e+00 
3.7646e+00     0.0000e+00  0.0000e+00     0.0000e+00  0.0000e+00     0.0000e+00  0.0000e+00     0.0000e+00  0.0000e+00 
4.2240e+00     0.0000e+00  0.0000e+00     0.0000e+00  0.0000e+00     0.0000e+00  0.0000e+00     0.0000e+00  0.0000e+00 
4.7394e+00     1.1008e-05  0.0000e+00     5.2173e-05  0.0000e+00     5.4904e-07  0.0000e+00     2.6021e-06  0.0000e+00 
5.3176e+00     3.7937e-04  0.0000e+00     2.0174e-03  0.0000e+00     2.1230e-05  0.0000e+00     1.1289e-04  0.0000e+00 
5.9665e+00     3.4249e-04  0.0000e+00     2.0434e-03  0.0000e+00     2.1504e-05  0.0000e+00     1.2830e-04  0.0000e+00 
6.6945e+00     1.2989e-04  0.0000e+00     8.6955e-04  0.0000e+00     9.1507e-06  0.0000e+00     6.1260e-05  0.0000e+00 
7.5114e+00     2.4311e-05  0.0000e+00     1.8261e-04  0.0000e+00     1.9217e-06  0.0000e+00     1.4434e-05  0.0000e+00 
8.4279e+00     3.0746e-04  0.0000e+00     2.5913e-03  0.0000e+00     2.7269e-05  0.0000e+00     2.2982e-04  0.0000e+00 
9.4563e+00     5.4529e-04  0.0000e+00     5.1564e-03  0.0000e+00     5.4264e-05  0.0000e+00     5.1313e-04  0.0000e+00 
1.0610e+01     5.6877e-04  0.0000e+00     6.0347e-03  0.0000e+00     6.3506e-05  0.0000e+00     6.7380e-04  0.0000e+00 
1.1905e+01     4.6090e-04  0.0000e+00     5.4869e-03  0.0000e+00     5.7741e-05  0.0000e+00     6.8739e-04  0.0000e+00 
1.3357e+01     5.4163e-04  0.0000e+00     7.2347e-03  0.0000e+00     7.6134e-05  0.0000e+00     1.0169e-03  0.0000e+00 
1.4987e+01     6.4750e-04  0.0000e+00     9.7042e-03  0.0000e+00     1.0212e-04  0.0000e+00     1.5305e-03  0.0000e+00 
1.6816e+01     8.5011e-04  0.0000e+00     1.4295e-02  0.0000e+00     1.5044e-04  0.0000e+00     2.5297e-03  0.0000e+00 
1.8868e+01     1.0826e-03  0.0000e+00     2.0426e-02  0.0000e+00     2.1495e-04  0.0000e+00     4.0556e-03  0.0000e+00 
2.1170e+01     1.3937e-03  0.0000e+00     2.9504e-02  0.0000e+00     3.1048e-04  0.0000e+00     6.5729e-03  0.0000e+00 
2.3753e+01     1.7323e-03  0.0000e+00     4.1147e-02  0.0000e+00     4.3301e-04  0.0000e+00     1.0285e-02  0.0000e+00 
2.6651e+01     2.0738e-03  0.0000e+00     5.5269e-02  0.0000e+00     5.8162e-04  0.0000e+00     1.5501e-02  0.0000e+00 
2.9903e+01     2.6819e-03  0.0000e+00     8.0199e-02  0.0000e+00     8.4397e-04  0.0000e+00     2.5238e-02  0.0000e+00 
3.3552e+01     3.3875e-03  0.0000e+00     1.1366e-01  0.0000e+00     1.1961e-03  0.0000e+00     4.0131e-02  0.0000e+00 
3.7646e+01     4.1147e-03  0.0000e+00     1.5490e-01  0.0000e+00     1.6301e-03  0.0000e+00     6.1367e-02  0.0000e+00 
4.2240e+01     5.0751e-03  0.0000e+00     2.1437e-01  0.0000e+00     2.2559e-03  0.0000e+00     9.5289e-02  0.0000e+00 
4.7394e+01     6.2071e-03  0.0000e+00     2.9418e-01  0.0000e+00     3.0958e-03  0.0000e+00     1.4672e-01  0.0000e+00 
5.3176e+01     7.2913e-03  0.0000e+00     3.8772e-01  0.0000e+00     4.0802e-03  0.0000e+00     2.1697e-01  0.0000e+00 
5.9665e+01     8.3898e-03  0.0000e+00     5.0057e-01  0.0000e+00     5.2678e-03  0.0000e+00     3.1430e-01  0.0000e+00 
6.6945e+01     9.3977e-03  0.0000e+00     6.2913e-01  0.0000e+00     6.6206e-03  0.0000e+00     4.4322e-01  0.0000e+00 
7.5114e+01     1.0167e-02  0.0000e+00     7.6372e-01  0.0000e+00     8.0370e-03  0.0000e+00     6.0369e-01  0.0000e+00 
8.4279e+01     1.0241e-02  0.0000e+00     8.6308e-01  0.0000e+00     9.0826e-03  0.0000e+00     7.6547e-01  0.0000e+00 
9.4563e+01     9.7997e-03  0.0000e+00     9.2668e-01  0.0000e+00     9.7519e-03  0.0000e+00     9.2217e-01  0.0000e+00 
1.0610e+02     8.6967e-03  0.0000e+00     9.2272e-01  0.0000e+00     9.7103e-03  0.0000e+00     1.0303e+00  0.0000e+00 
1.1905e+02     7.0581e-03  0.0000e+00     8.4025e-01  0.0000e+00     8.8423e-03  0.0000e+00     1.0527e+00  0.0000e+00 
1.3357e+02     5.1898e-03  0.0000e+00     6.9322e-01  0.0000e+00     7.2951e-03  0.0000e+00     9.7443e-01  0.0000e+00 
1.4987e+02     3.3606e-03  0.0000e+00     5.0365e-01  0.0000e+00     5.3002e-03  0.0000e+00     7.9435e-01  0.0000e+00 
1.6816e+02     1.8886e-03  0.0000e+00     3.1758e-01  0.0000e+00     3.3420e-03  0.0000e+00     5.6199e-01  0.0000e+00 
1.8868e+02     9.0049e-04  0.0000e+00     1.6990e-01  0.0000e+00     1.7880e-03  0.0000e+00     3.3735e-01  0.0000e+00 
2.1170e+02     3.6039e-04  0.0000e+00     7.6294e-02  0.0000e+00     8.0288e-04  0.0000e+00     1.6997e-01  0.0000e+00 
2.3753e+02     1.1345e-04  0.0000e+00     2.6947e-02  0.0000e+00     2.8358e-04  0.0000e+00     6.7359e-02  0.0000e+00 
2.6651e+02     2.9756e-05  0.0000e+00     7.9303e-03  0.0000e+00     8.3455e-05  0.0000e+00     2.2242e-02  0.0000e+00 
2.9903e+02     5.7285e-06  0.0000e+00     1.7130e-03  0.0000e+00     1.8027e-05  0.0000e+00     5.3906e-03  0.0000e+00 
3.3552e+02     7.5158e-07  0.0000e+00     2.5217e-04  0.0000e+00     2.6537e-06  0.0000e+00     8.9037e-04  0.0000e+00 
3.7646e+02     4.6196e-08  0.0000e+00     1.7391e-05  0.0000e+00     1.8301e-07  0.0000e+00     6.8898e-05  0.0000e+00 
4.2240e+02     0.0000e+00  0.0000e+00     0.0000e+00  0.0000e+00     0.0000e+00  0.0000e+00     0.0000e+00  0.0000e+00 
4.7394e+02     0.0000e+00  0.0000e+00     0.0000e+00  0.0000e+00     0.0000e+00  0.0000e+00     0.0000e+00  0.0000e+00 
5.3176e+02     0.0000e+00  0.0000e+00     0.0000e+00  0.0000e+00     0.0000e+00  0.0000e+00     0.0000e+00  0.0000e+00 
5.9665e+02     0.0000e+00  0.0000e+00     0.0000e+00  0.0000e+00     0.0000e+00  0.0000e+00     0.0000e+00  0.0000e+00 
6.6945e+02     0.0000e+00  0.0000e+00     0.0000e+00  0.0000e+00     0.0000e+00  0.0000e+00     0.0000e+00  0.0000e+00 
7.5114e+02     0.0000e+00  0.0000e+00     0.0000e+00  0.0000e+00     0.0000e+00  0.0000e+00     0.0000e+00  0.0000e+00 
8.4279e+02     0.0000e+00  0.0000e+00     0.0000e+00  0.0000e+00     0.0000e+00  0.0000e+00     0.0000e+00  0.0000e+00 
9.4563e+02     0.0000e+00  0.0000e+00     0.0000e+00  0.0000e+00     0.0000e+00  0.0000e+00     0.0000e+00  0.0000e+00 
1.0610e+03     0.0000e+00  0.0000e+00     0.0000e+00  0.0000e+00     0.0000e+00  0.0000e+00     0.0000e+00  0.0000e+00 
1.1905e+03     0.0000e+00  0.0000e+00     0.0000e+00  0.0000e+00     0.0000e+00  0.0000e+00     0.0000e+00  0.0000e+00 
1.3357e+03     0.0000e+00  0.0000e+00     0.0000e+00  0.0000e+00     0.0000e+00  0.0000e+00     0.0000e+00  0.0000e+00 
1.4987e+03     0.0000e+00  0.0000e+00     0.0000e+00  0.0000e+00     0.0000e+00  0.0000e+00     0.0000e+00  0.0000e+00 
1.6816e+03     0.0000e+00  0.0000e+00     0.0000e+00  0.0000e+00     0.0000e+00  0.0000e+00     0.0000e+00  0.0000e+00 
1.8868e+03     0.0000e+00  0.0000e+00     0.0000e+00  0.0000e+00     0.0000e+00  0.0000e+00     0.0000e+00  0.0000e+00 
2.1170e+03     0.0000e+00  0.0000e+00     0.0000e+00  0.0000e+00     0.0000e+00  0.0000e+00     0.0000e+00  0.0000e+00 
2.3753e+03     0.0000e+00  0.0000e+00     0.0000e+00  0.0000e+00     0.0000e+00  0.0000e+00     0.0000e+00  0.0000e+00 
2.6651e+03     0.0000e+00  0.0000e+00     0.0000e+00  0.0000e+00     0.0000e+00  0.0000e+00     0.0000e+00  0.0000e+00 
2.9903e+03     0.0000e+00  0.0000e+00     0.0000e+00  0.0000e+00     0.0000e+00  0.0000e+00     0.0000e+00  0.0000e+00 
3.3552e+03     0.0000e+00  0.0000e+00     0.0000e+00  0.0000e+00     0.0000e+00  0.0000e+00     0.0000e+00  0.0000e+00 
3.7646e+03     0.0000e+00  0.0000e+00     0.0000e+00  0.0000e+00     0.0000e+00  0.0000e+00     0.0000e+00  0.0000e+00 
4.2240e+03     0.0000e+00  0.0000e+00     0.0000e+00  0.0000e+00     0.0000e+00  0.0000e+00     0.0000e+00  0.0000e+00 
4.7394e+03     0.0000e+00  0.0000e+00     0.0000e+00  0.0000e+00     0.0000e+00  0.0000e+00     0.0000e+00  0.0000e+00 
5.3176e+03     0.0000e+00  0.0000e+00     0.0000e+00  0.0000e+00     0.0000e+00  0.0000e+00     0.0000e+00  0.0000e+00 
5.9665e+03     0.0000e+00  0.0000e+00     0.0000e+00  0.0000e+00     0.0000e+00  0.0000e+00     0.0000e+00  0.0000e+00 
6.6945e+03     0.0000e+00  0.0000e+00     0.0000e+00  0.0000e+00     0.0000e+00  0.0000e+00     0.0000e+00  0.0000e+00 
7.5114e+03     0.0000e+00  0.0000e+00     0.0000e+00  0.0000e+00     0.0000e+00  0.0000e+00     0.0000e+00  0.0000e+00 
8.4279e+03     0.0000e+00  0.0000e+00     0.0000e+00  0.0000e+00     0.0000e+00  0.0000e+00     0.0000e+00  0.0000e+00 
9.4563e+03     0.0000e+00  0.0000e+00     0.0000e+00  0.0000e+00     0.0000e+00  0.0000e+00     0.0000e+00  0.0000e+00 
