yF = 1.4717e+01 (std: 0.0000e+00) keV/um
yD = 3.5122e+01 (std: 0.0000e+00) keV/um
y (keV/um)     f(y)(std)                  yf(y)(std)                 d(y)(std)                  yd(y)(std)  
1.0610e-01     8.4487e+00  0.0000e+00     8.9641e-01  0.0000e+00     6.0910e-02  0.0000e+00     6.4626e-03  0.0000e+00 
1.1905e-01     8.7225e-01  0.0000e+00     1.0384e-01  0.0000e+00     7.0557e-03  0.0000e+00     8.3996e-04  0.0000e+00 
1.3357e-01     3.7245e-01  0.0000e+00     4.9749e-02  0.0000e+00     3.3804e-03  0.0000e+00     4.5153e-04  0.0000e+00 
1.4987e-01     1.1461e+00  0.0000e+00     1.7176e-01  0.0000e+00     1.1671e-02  0.0000e+00     1.7491e-03  0.0000e+00 
1.6816e-01     5.3530e-01  0.0000e+00     9.0015e-02  0.0000e+00     6.1164e-03  0.0000e+00     1.0285e-03  0.0000e+00 
1.8868e-01     4.3251e-01  0.0000e+00     8.1605e-02  0.0000e+00     5.5450e-03  0.0000e+00     1.0462e-03  0.0000e+00 
2.1170e-01     4.2762e-01  0.0000e+00     9.0527e-02  0.0000e+00     6.1512e-03  0.0000e+00     1.3022e-03  0.0000e+00 
2.3753e-01     4.1137e-01  0.0000e+00     9.7714e-02  0.0000e+00     6.6395e-03  0.0000e+00     1.5771e-03  0.0000e+00 
2.6651e-01     2.4982e-01  0.0000e+00     6.6579e-02  0.0000e+00     4.5240e-03  0.0000e+00     1.2057e-03  0.0000e+00 
2.9903e-01     2.1061e-01  0.0000e+00     6.2981e-02  0.0000e+00     4.2795e-03  0.0000e+00     1.2797e-03  0.0000e+00 
3.3552e-01     5.2301e-01  0.0000e+00     1.7548e-01  0.0000e+00     1.1924e-02  0.0000e+00     4.0006e-03  0.0000e+00 
3.7646e-01     4.4653e-01  0.0000e+00     1.6810e-01  0.0000e+00     1.1422e-02  0.0000e+00     4.3001e-03  0.0000e+00 
4.2240e-01     2.8095e-01  0.0000e+00     1.1867e-01  0.0000e+00     8.0638e-03  0.0000e+00     3.4061e-03  0.0000e+00 
4.7394e-01     2.7900e-01  0.0000e+00     1.3223e-01  0.0000e+00     8.9846e-03  0.0000e+00     4.2581e-03  0.0000e+00 
5.3176e-01     2.3505e-01  0.0000e+00     1.2499e-01  0.0000e+00     8.4929e-03  0.0000e+00     4.5162e-03  0.0000e+00 
5.9665e-01     1.5241e-01  0.0000e+00     9.0938e-02  0.0000e+00     6.1791e-03  0.0000e+00     3.6868e-03  0.0000e+00 
6.6945e-01     1.5173e-01  0.0000e+00     1.0157e-01  0.0000e+00     6.9018e-03  0.0000e+00     4.6204e-03  0.0000e+00 
7.5114e-01     1.4957e-01  0.0000e+00     1.1235e-01  0.0000e+00     7.6340e-03  0.0000e+00     5.7342e-03  0.0000e+00 
8.4279e-01     9.9694e-02  0.0000e+00     8.4021e-02  0.0000e+00     5.7091e-03  0.0000e+00     4.8116e-03  0.0000e+00 
9.4563e-01     7.2994e-02  0.0000e+00     6.9025e-02  0.0000e+00     4.6902e-03  0.0000e+00     4.4352e-03  0.0000e+00 
1.0610e+00     5.4258e-02  0.0000e+00     5.7568e-02  0.0000e+00     3.9117e-03  0.0000e+00     4.1503e-03  0.0000e+00 
1.1905e+00     3.7823e-02  0.0000e+00     4.5028e-02  0.0000e+00     3.0596e-03  0.0000e+00     3.6423e-03  0.0000e+00 
1.3357e+00     2.5110e-02  0.0000e+00     3.3540e-02  0.0000e+00     2.2790e-03  0.0000e+00     3.0442e-03  0.0000e+00 
1.4987e+00     1.5370e-02  0.0000e+00     2.3035e-02  0.0000e+00     1.5652e-03  0.0000e+00     2.3458e-03  0.0000e+00 
1.6816e+00     9.1561e-03  0.0000e+00     1.5397e-02  0.0000e+00     1.0462e-03  0.0000e+00     1.7593e-03  0.0000e+00 
1.8868e+00     4.4734e-03  0.0000e+00     8.4402e-03  0.0000e+00     5.7350e-04  0.0000e+00     1.0821e-03  0.0000e+00 
2.1170e+00     2.3391e-03  0.0000e+00     4.9518e-03  0.0000e+00     3.3647e-04  0.0000e+00     7.1231e-04  0.0000e+00 
2.3753e+00     1.0002e-03  0.0000e+00     2.3757e-03  0.0000e+00     1.6143e-04  0.0000e+00     3.8343e-04  0.0000e+00 
2.6651e+00     3.9116e-04  0.0000e+00     1.0425e-03  0.0000e+00     7.0836e-05  0.0000e+00     1.8879e-04  0.0000e+00 
2.9903e+00     1.0056e-04  0.0000e+00     3.0072e-04  0.0000e+00     2.0434e-05  0.0000e+00     6.1103e-05  0.0000e+00 
3.3552e+00     2.0913e-05  0.0000e+00     7.0168e-05  0.0000e+00     4.7678e-06  0.0000e+00     1.5997e-05  0.0000e+00 
3.7646e+00     1.8639e-05  0.0000e+00     7.0168e-05  0.0000e+00     4.7678e-06  0.0000e+00     1.7949e-05  0.0000e+00 
4.2240e+00     2.3731e-06  0.0000e+00     1.0024e-05  0.0000e+00     6.8112e-07  0.0000e+00     2.8770e-06  0.0000e+00 
4.7394e+00     2.1151e-06  0.0000e+00     1.0024e-05  0.0000e+00     6.8112e-07  0.0000e+00     3.2281e-06  0.0000e+00 
5.3176e+00     0.0000e+00  0.0000e+00     0.0000e+00  0.0000e+00     0.0000e+00  0.0000e+00     0.0000e+00  0.0000e+00 
5.9665e+00     5.2236e-02  0.0000e+00     3.1167e-01  0.0000e+00     2.1177e-02  0.0000e+00     1.2635e-01  0.0000e+00 
6.6945e+00     2.9125e-02  0.0000e+00     1.9498e-01  0.0000e+00     1.3248e-02  0.0000e+00     8.8692e-02  0.0000e+00 
7.5114e+00     8.6636e-03  0.0000e+00     6.5076e-02  0.0000e+00     4.4218e-03  0.0000e+00     3.3214e-02  0.0000e+00 
8.4279e+00     3.6770e-02  0.0000e+00     3.0989e-01  0.0000e+00     2.1057e-02  0.0000e+00     1.7746e-01  0.0000e+00 
9.4563e+00     3.0402e-02  0.0000e+00     2.8749e-01  0.0000e+00     1.9534e-02  0.0000e+00     1.8472e-01  0.0000e+00 
1.0610e+01     4.2346e-02  0.0000e+00     4.4929e-01  0.0000e+00     3.0529e-02  0.0000e+00     3.2392e-01  0.0000e+00 
1.1905e+01     3.1033e-02  0.0000e+00     3.6943e-01  0.0000e+00     2.5103e-02  0.0000e+00     2.9884e-01  0.0000e+00 
1.3357e+01     2.5063e-02  0.0000e+00     3.3477e-01  0.0000e+00     2.2747e-02  0.0000e+00     3.0384e-01  0.0000e+00 
1.4987e+01     1.8626e-02  0.0000e+00     2.7915e-01  0.0000e+00     1.8968e-02  0.0000e+00     2.8427e-01  0.0000e+00 
1.6816e+01     2.0201e-02  0.0000e+00     3.3969e-01  0.0000e+00     2.3082e-02  0.0000e+00     3.8814e-01  0.0000e+00 
1.8868e+01     1.5433e-02  0.0000e+00     2.9118e-01  0.0000e+00     1.9785e-02  0.0000e+00     3.7330e-01  0.0000e+00 
2.1170e+01     1.3937e-02  0.0000e+00     2.9505e-01  0.0000e+00     2.0048e-02  0.0000e+00     4.2442e-01  0.0000e+00 
2.3753e+01     1.3773e-02  0.0000e+00     3.2715e-01  0.0000e+00     2.2230e-02  0.0000e+00     5.2802e-01  0.0000e+00 
2.6651e+01     1.0935e-02  0.0000e+00     2.9143e-01  0.0000e+00     1.9802e-02  0.0000e+00     5.2775e-01  0.0000e+00 
2.9903e+01     8.4276e-03  0.0000e+00     2.5201e-01  0.0000e+00     1.7124e-02  0.0000e+00     5.1206e-01  0.0000e+00 
3.3552e+01     7.1965e-03  0.0000e+00     2.4146e-01  0.0000e+00     1.6407e-02  0.0000e+00     5.5048e-01  0.0000e+00 
3.7646e+01     5.7405e-03  0.0000e+00     2.1611e-01  0.0000e+00     1.4684e-02  0.0000e+00     5.5280e-01  0.0000e+00 
4.2240e+01     4.2992e-03  0.0000e+00     1.8159e-01  0.0000e+00     1.2339e-02  0.0000e+00     5.2120e-01  0.0000e+00 
4.7394e+01     3.3452e-03  0.0000e+00     1.5854e-01  0.0000e+00     1.0773e-02  0.0000e+00     5.1055e-01  0.0000e+00 
5.3176e+01     2.3731e-03  0.0000e+00     1.2619e-01  0.0000e+00     8.5746e-03  0.0000e+00     4.5597e-01  0.0000e+00 
5.9665e+01     1.6676e-03  0.0000e+00     9.9498e-02  0.0000e+00     6.7608e-03  0.0000e+00     4.0338e-01  0.0000e+00 
6.6945e+01     1.0803e-03  0.0000e+00     7.2323e-02  0.0000e+00     4.9143e-03  0.0000e+00     3.2899e-01  0.0000e+00 
7.5114e+01     6.6352e-04  0.0000e+00     4.9839e-02  0.0000e+00     3.3865e-03  0.0000e+00     2.5437e-01  0.0000e+00 
8.4279e+01     3.8619e-04  0.0000e+00     3.2548e-02  0.0000e+00     2.2116e-03  0.0000e+00     1.8639e-01  0.0000e+00 
9.4563e+01     2.0427e-04  0.0000e+00     1.9316e-02  0.0000e+00     1.3125e-03  0.0000e+00     1.2411e-01  0.0000e+00 
1.0610e+02     1.0005e-04  0.0000e+00     1.0615e-02  0.0000e+00     7.2130e-04  0.0000e+00     7.6531e-02  0.0000e+00 
1.1905e+02     4.2438e-05  0.0000e+00     5.0521e-03  0.0000e+00     3.4328e-04  0.0000e+00     4.0867e-02  0.0000e+00 
1.3357e+02     1.6510e-05  0.0000e+00     2.2053e-03  0.0000e+00     1.4985e-04  0.0000e+00     2.0015e-02  0.0000e+00 
1.4987e+02     6.6215e-06  0.0000e+00     9.9237e-04  0.0000e+00     6.7431e-05  0.0000e+00     1.0106e-02  0.0000e+00 
1.6816e+02     2.3844e-06  0.0000e+00     4.0096e-04  0.0000e+00     2.7245e-05  0.0000e+00     4.5814e-03  0.0000e+00 
1.8868e+02     6.9066e-07  0.0000e+00     1.3031e-04  0.0000e+00     8.8545e-06  0.0000e+00     1.6706e-03  0.0000e+00 
2.1170e+02     0.0000e+00  0.0000e+00     0.0000e+00  0.0000e+00     0.0000e+00  0.0000e+00     0.0000e+00  0.0000e+00 
2.3753e+02     8.4402e-08  0.0000e+00     2.0048e-05  0.0000e+00     1.3622e-06  0.0000e+00     3.2357e-04  0.0000e+00 
2.6651e+02     0.0000e+00  0.0000e+00     0.0000e+00  0.0000e+00     0.0000e+00  0.0000e+00     0.0000e+00  0.0000e+00 
2.9903e+02     0.0000e+00  0.0000e+00     0.0000e+00  0.0000e+00     0.0000e+00  0.0000e+00     0.0000e+00  0.0000e+00 
3.3552e+02     0.0000e+00  0.0000e+00     0.0000e+00  0.0000e+00     0.0000e+00  0.0000e+00     0.0000e+00  0.0000e+00 
3.7646e+02     0.0000e+00  0.0000e+00     0.0000e+00  0.0000e+00     0.0000e+00  0.0000e+00     0.0000e+00  0.0000e+00 
4.2240e+02     0.0000e+00  0.0000e+00     0.0000e+00  0.0000e+00     0.0000e+00  0.0000e+00     0.0000e+00  0.0000e+00 
4.7394e+02     0.0000e+00  0.0000e+00     0.0000e+00  0.0000e+00     0.0000e+00  0.0000e+00     0.0000e+00  0.0000e+00 
5.3176e+02     0.0000e+00  0.0000e+00     0.0000e+00  0.0000e+00     0.0000e+00  0.0000e+00     0.0000e+00  0.0000e+00 
5.9665e+02     0.0000e+00  0.0000e+00     0.0000e+00  0.0000e+00     0.0000e+00  0.0000e+00     0.0000e+00  0.0000e+00 
6.6945e+02     0.0000e+00  0.0000e+00     0.0000e+00  0.0000e+00     0.0000e+00  0.0000e+00     0.0000e+00  0.0000e+00 
7.5114e+02     0.0000e+00  0.0000e+00     0.0000e+00  0.0000e+00     0.0000e+00  0.0000e+00     0.0000e+00  0.0000e+00 
8.4279e+02     0.0000e+00  0.0000e+00     0.0000e+00  0.0000e+00     0.0000e+00  0.0000e+00     0.0000e+00  0.0000e+00 
9.4563e+02     0.0000e+00  0.0000e+00     0.0000e+00  0.0000e+00     0.0000e+00  0.0000e+00     0.0000e+00  0.0000e+00 
1.0610e+03     0.0000e+00  0.0000e+00     0.0000e+00  0.0000e+00     0.0000e+00  0.0000e+00     0.0000e+00  0.0000e+00 
1.1905e+03     0.0000e+00  0.0000e+00     0.0000e+00  0.0000e+00     0.0000e+00  0.0000e+00     0.0000e+00  0.0000e+00 
1.3357e+03     0.0000e+00  0.0000e+00     0.0000e+00  0.0000e+00     0.0000e+00  0.0000e+00     0.0000e+00  0.0000e+00 
1.4987e+03     0.0000e+00  0.0000e+00     0.0000e+00  0.0000e+00     0.0000e+00  0.0000e+00     0.0000e+00  0.0000e+00 
1.6816e+03     0.0000e+00  0.0000e+00     0.0000e+00  0.0000e+00     0.0000e+00  0.0000e+00     0.0000e+00  0.0000e+00 
1.8868e+03     0.0000e+00  0.0000e+00     0.0000e+00  0.0000e+00     0.0000e+00  0.0000e+00     0.0000e+00  0.0000e+00 
2.1170e+03     0.0000e+00  0.0000e+00     0.0000e+00  0.0000e+00     0.0000e+00  0.0000e+00     0.0000e+00  0.0000e+00 
2.3753e+03     0.0000e+00  0.0000e+00     0.0000e+00  0.0000e+00     0.0000e+00  0.0000e+00     0.0000e+00  0.0000e+00 
2.6651e+03     0.0000e+00  0.0000e+00     0.0000e+00  0.0000e+00     0.0000e+00  0.0000e+00     0.0000e+00  0.0000e+00 
2.9903e+03     0.0000e+00  0.0000e+00     0.0000e+00  0.0000e+00     0.0000e+00  0.0000e+00     0.0000e+00  0.0000e+00 
3.3552e+03     0.0000e+00  0.0000e+00     0.0000e+00  0.0000e+00     0.0000e+00  0.0000e+00     0.0000e+00  0.0000e+00 
3.7646e+03     0.0000e+00  0.0000e+00     0.0000e+00  0.0000e+00     0.0000e+00  0.0000e+00     0.0000e+00  0.0000e+00 
4.2240e+03     0.0000e+00  0.0000e+00     0.0000e+00  0.0000e+00     0.0000e+00  0.0000e+00     0.0000e+00  0.0000e+00 
4.7394e+03     0.0000e+00  0.0000e+00     0.0000e+00  0.0000e+00     0.0000e+00  0.0000e+00     0.0000e+00  0.0000e+00 
5.3176e+03     0.0000e+00  0.0000e+00     0.0000e+00  0.0000e+00     0.0000e+00  0.0000e+00     0.0000e+00  0.0000e+00 
5.9665e+03     0.0000e+00  0.0000e+00     0.0000e+00  0.0000e+00     0.0000e+00  0.0000e+00     0.0000e+00  0.0000e+00 
6.6945e+03     0.0000e+00  0.0000e+00     0.0000e+00  0.0000e+00     0.0000e+00  0.0000e+00     0.0000e+00  0.0000e+00 
7.5114e+03     0.0000e+00  0.0000e+00     0.0000e+00  0.0000e+00     0.0000e+00  0.0000e+00     0.0000e+00  0.0000e+00 
8.4279e+03     0.0000e+00  0.0000e+00     0.0000e+00  0.0000e+00     0.0000e+00  0.0000e+00     0.0000e+00  0.0000e+00 
9.4563e+03     0.0000e+00  0.0000e+00     0.0000e+00  0.0000e+00     0.0000e+00  0.0000e+00     0.0000e+00  0.0000e+00 
