yF = 5.0861e+00 (std: 0.0000e+00) keV/um
yD = 2.2932e+01 (std: 0.0000e+00) keV/um
y (keV/um)     f(y)(std)                  yf(y)(std)                 d(y)(std)                  yd(y)(std)  
1.0610e-01     2.5114e+01  0.0000e+00     2.6646e+00  0.0000e+00     5.2391e-01  0.0000e+00     5.5587e-02  0.0000e+00 
1.1905e-01     2.0114e+00  0.0000e+00     2.3945e-01  0.0000e+00     4.7080e-02  0.0000e+00     5.6048e-03  0.0000e+00 
1.3357e-01     3.3352e-01  0.0000e+00     4.4549e-02  0.0000e+00     8.7591e-03  0.0000e+00     1.1700e-03  0.0000e+00 
1.4987e-01     2.5266e+00  0.0000e+00     3.7867e-01  0.0000e+00     7.4453e-02  0.0000e+00     1.1158e-02  0.0000e+00 
1.6816e-01     7.4510e-01  0.0000e+00     1.2530e-01  0.0000e+00     2.4635e-02  0.0000e+00     4.1426e-03  0.0000e+00 
1.8868e-01     6.0504e-01  0.0000e+00     1.1416e-01  0.0000e+00     2.2445e-02  0.0000e+00     4.2349e-03  0.0000e+00 
2.1170e-01     5.6555e-01  0.0000e+00     1.1973e-01  0.0000e+00     2.3540e-02  0.0000e+00     4.9834e-03  0.0000e+00 
2.3753e-01     5.5093e-01  0.0000e+00     1.3086e-01  0.0000e+00     2.5730e-02  0.0000e+00     6.1116e-03  0.0000e+00 
2.6651e-01     3.0297e-01  0.0000e+00     8.0746e-02  0.0000e+00     1.5876e-02  0.0000e+00     4.2311e-03  0.0000e+00 
2.9903e-01     1.3967e-01  0.0000e+00     4.1765e-02  0.0000e+00     8.2117e-03  0.0000e+00     2.4556e-03  0.0000e+00 
3.3552e-01     1.5352e+00  0.0000e+00     5.1510e-01  0.0000e+00     1.0128e-01  0.0000e+00     3.3981e-02  0.0000e+00 
3.7646e-01     9.3930e-01  0.0000e+00     3.5361e-01  0.0000e+00     6.9526e-02  0.0000e+00     2.6174e-02  0.0000e+00 
4.2240e-01     3.1641e-01  0.0000e+00     1.3365e-01  0.0000e+00     2.6277e-02  0.0000e+00     1.1099e-02  0.0000e+00 
4.7394e-01     4.2299e-01  0.0000e+00     2.0047e-01  0.0000e+00     3.9416e-02  0.0000e+00     1.8681e-02  0.0000e+00 
5.3176e-01     2.0944e-01  0.0000e+00     1.1137e-01  0.0000e+00     2.1898e-02  0.0000e+00     1.1644e-02  0.0000e+00 
5.9665e-01     1.0267e-01  0.0000e+00     6.1255e-02  0.0000e+00     1.2044e-02  0.0000e+00     7.1859e-03  0.0000e+00 
6.6945e-01     1.6221e-01  0.0000e+00     1.0859e-01  0.0000e+00     2.1350e-02  0.0000e+00     1.4293e-02  0.0000e+00 
7.5114e-01     1.4086e-01  0.0000e+00     1.0580e-01  0.0000e+00     2.0803e-02  0.0000e+00     1.5626e-02  0.0000e+00 
8.4279e-01     8.2593e-02  0.0000e+00     6.9608e-02  0.0000e+00     1.3686e-02  0.0000e+00     1.1535e-02  0.0000e+00 
9.4563e-01     4.7111e-02  0.0000e+00     4.4549e-02  0.0000e+00     8.7591e-03  0.0000e+00     8.2828e-03  0.0000e+00 
1.0610e+00     4.1988e-02  0.0000e+00     4.4549e-02  0.0000e+00     8.7591e-03  0.0000e+00     9.2935e-03  0.0000e+00 
1.1905e+00     3.0405e-02  0.0000e+00     3.6196e-02  0.0000e+00     7.1168e-03  0.0000e+00     8.4723e-03  0.0000e+00 
1.3357e+00     1.0423e-02  0.0000e+00     1.3922e-02  0.0000e+00     2.7372e-03  0.0000e+00     3.6562e-03  0.0000e+00 
1.4987e+00     7.4313e-03  0.0000e+00     1.1137e-02  0.0000e+00     2.1898e-03  0.0000e+00     3.2819e-03  0.0000e+00 
1.6816e+00     3.3116e-03  0.0000e+00     5.5687e-03  0.0000e+00     1.0949e-03  0.0000e+00     1.8412e-03  0.0000e+00 
1.8868e+00     0.0000e+00  0.0000e+00     0.0000e+00  0.0000e+00     0.0000e+00  0.0000e+00     0.0000e+00  0.0000e+00 
2.1170e+00     0.0000e+00  0.0000e+00     0.0000e+00  0.0000e+00     0.0000e+00  0.0000e+00     0.0000e+00  0.0000e+00 
2.3753e+00     0.0000e+00  0.0000e+00     0.0000e+00  0.0000e+00     0.0000e+00  0.0000e+00     0.0000e+00  0.0000e+00 
2.6651e+00     0.0000e+00  0.0000e+00     0.0000e+00  0.0000e+00     0.0000e+00  0.0000e+00     0.0000e+00  0.0000e+00 
2.9903e+00     0.0000e+00  0.0000e+00     0.0000e+00  0.0000e+00     0.0000e+00  0.0000e+00     0.0000e+00  0.0000e+00 
3.3552e+00     0.0000e+00  0.0000e+00     0.0000e+00  0.0000e+00     0.0000e+00  0.0000e+00     0.0000e+00  0.0000e+00 
3.7646e+00     0.0000e+00  0.0000e+00     0.0000e+00  0.0000e+00     0.0000e+00  0.0000e+00     0.0000e+00  0.0000e+00 
4.2240e+00     0.0000e+00  0.0000e+00     0.0000e+00  0.0000e+00     0.0000e+00  0.0000e+00     0.0000e+00  0.0000e+00 
4.7394e+00     0.0000e+00  0.0000e+00     0.0000e+00  0.0000e+00     0.0000e+00  0.0000e+00     0.0000e+00  0.0000e+00 
5.3176e+00     0.0000e+00  0.0000e+00     0.0000e+00  0.0000e+00     0.0000e+00  0.0000e+00     0.0000e+00  0.0000e+00 
5.9665e+00     1.0733e-01  0.0000e+00     6.4040e-01  0.0000e+00     1.2591e-01  0.0000e+00     7.5126e-01  0.0000e+00 
6.6945e+00     1.6637e-02  0.0000e+00     1.1137e-01  0.0000e+00     2.1898e-02  0.0000e+00     1.4660e-01  0.0000e+00 
7.5114e+00     5.1896e-03  0.0000e+00     3.8981e-02  0.0000e+00     7.6642e-03  0.0000e+00     5.7569e-02  0.0000e+00 
8.4279e+00     2.3456e-02  0.0000e+00     1.9769e-01  0.0000e+00     3.8869e-02  0.0000e+00     3.2758e-01  0.0000e+00 
9.4563e+00     1.6194e-02  0.0000e+00     1.5314e-01  0.0000e+00     3.0109e-02  0.0000e+00     2.8472e-01  0.0000e+00 
1.0610e+01     5.3534e-02  0.0000e+00     5.6800e-01  0.0000e+00     1.1168e-01  0.0000e+00     1.1849e+00  0.0000e+00 
1.1905e+01     1.8945e-02  0.0000e+00     2.2553e-01  0.0000e+00     4.4343e-02  0.0000e+00     5.2789e-01  0.0000e+00 
1.3357e+01     1.1673e-02  0.0000e+00     1.5592e-01  0.0000e+00     3.0657e-02  0.0000e+00     4.0949e-01  0.0000e+00 
1.4987e+01     8.1744e-03  0.0000e+00     1.2251e-01  0.0000e+00     2.4088e-02  0.0000e+00     3.6100e-01  0.0000e+00 
1.6816e+01     4.6362e-03  0.0000e+00     7.7961e-02  0.0000e+00     1.5328e-02  0.0000e+00     2.5776e-01  0.0000e+00 
1.8868e+01     4.2796e-03  0.0000e+00     8.0746e-02  0.0000e+00     1.5876e-02  0.0000e+00     2.9954e-01  0.0000e+00 
2.1170e+01     4.4718e-03  0.0000e+00     9.4667e-02  0.0000e+00     1.8613e-02  0.0000e+00     3.9404e-01  0.0000e+00 
2.3753e+01     3.8683e-03  0.0000e+00     9.1883e-02  0.0000e+00     1.8066e-02  0.0000e+00     4.2912e-01  0.0000e+00 
2.6651e+01     2.6118e-03  0.0000e+00     6.9608e-02  0.0000e+00     1.3686e-02  0.0000e+00     3.6475e-01  0.0000e+00 
2.9903e+01     1.5829e-03  0.0000e+00     4.7334e-02  0.0000e+00     9.3066e-03  0.0000e+00     2.7830e-01  0.0000e+00 
3.3552e+01     2.0746e-03  0.0000e+00     6.9608e-02  0.0000e+00     1.3686e-02  0.0000e+00     4.5920e-01  0.0000e+00 
3.7646e+01     1.1834e-03  0.0000e+00     4.4549e-02  0.0000e+00     8.7591e-03  0.0000e+00     3.2975e-01  0.0000e+00 
4.2240e+01     9.8877e-04  0.0000e+00     4.1765e-02  0.0000e+00     8.2117e-03  0.0000e+00     3.4686e-01  0.0000e+00 
4.7394e+01     7.6374e-04  0.0000e+00     3.6196e-02  0.0000e+00     7.1168e-03  0.0000e+00     3.3729e-01  0.0000e+00 
5.3176e+01     4.7124e-04  0.0000e+00     2.5059e-02  0.0000e+00     4.9270e-03  0.0000e+00     2.6200e-01  0.0000e+00 
5.9665e+01     4.2000e-04  0.0000e+00     2.5059e-02  0.0000e+00     4.9270e-03  0.0000e+00     2.9397e-01  0.0000e+00 
6.6945e+01     2.4955e-04  0.0000e+00     1.6706e-02  0.0000e+00     3.2847e-03  0.0000e+00     2.1989e-01  0.0000e+00 
7.5114e+01     3.7068e-05  0.0000e+00     2.7843e-03  0.0000e+00     5.4745e-04  0.0000e+00     4.1121e-02  0.0000e+00 
8.4279e+01     3.3037e-05  0.0000e+00     2.7843e-03  0.0000e+00     5.4745e-04  0.0000e+00     4.6138e-02  0.0000e+00 
9.4563e+01     0.0000e+00  0.0000e+00     0.0000e+00  0.0000e+00     0.0000e+00  0.0000e+00     0.0000e+00  0.0000e+00 
1.0610e+02     0.0000e+00  0.0000e+00     0.0000e+00  0.0000e+00     0.0000e+00  0.0000e+00     0.0000e+00  0.0000e+00 
1.1905e+02     0.0000e+00  0.0000e+00     0.0000e+00  0.0000e+00     0.0000e+00  0.0000e+00     0.0000e+00  0.0000e+00 
1.3357e+02     0.0000e+00  0.0000e+00     0.0000e+00  0.0000e+00     0.0000e+00  0.0000e+00     0.0000e+00  0.0000e+00 
1.4987e+02     0.0000e+00  0.0000e+00     0.0000e+00  0.0000e+00     0.0000e+00  0.0000e+00     0.0000e+00  0.0000e+00 
1.6816e+02     0.0000e+00  0.0000e+00     0.0000e+00  0.0000e+00     0.0000e+00  0.0000e+00     0.0000e+00  0.0000e+00 
1.8868e+02     0.0000e+00  0.0000e+00     0.0000e+00  0.0000e+00     0.0000e+00  0.0000e+00     0.0000e+00  0.0000e+00 
2.1170e+02     0.0000e+00  0.0000e+00     0.0000e+00  0.0000e+00     0.0000e+00  0.0000e+00     0.0000e+00  0.0000e+00 
2.3753e+02     0.0000e+00  0.0000e+00     0.0000e+00  0.0000e+00     0.0000e+00  0.0000e+00     0.0000e+00  0.0000e+00 
2.6651e+02     0.0000e+00  0.0000e+00     0.0000e+00  0.0000e+00     0.0000e+00  0.0000e+00     0.0000e+00  0.0000e+00 
2.9903e+02     0.0000e+00  0.0000e+00     0.0000e+00  0.0000e+00     0.0000e+00  0.0000e+00     0.0000e+00  0.0000e+00 
3.3552e+02     0.0000e+00  0.0000e+00     0.0000e+00  0.0000e+00     0.0000e+00  0.0000e+00     0.0000e+00  0.0000e+00 
3.7646e+02     0.0000e+00  0.0000e+00     0.0000e+00  0.0000e+00     0.0000e+00  0.0000e+00     0.0000e+00  0.0000e+00 
4.2240e+02     0.0000e+00  0.0000e+00     0.0000e+00  0.0000e+00     0.0000e+00  0.0000e+00     0.0000e+00  0.0000e+00 
4.7394e+02     0.0000e+00  0.0000e+00     0.0000e+00  0.0000e+00     0.0000e+00  0.0000e+00     0.0000e+00  0.0000e+00 
5.3176e+02     0.0000e+00  0.0000e+00     0.0000e+00  0.0000e+00     0.0000e+00  0.0000e+00     0.0000e+00  0.0000e+00 
5.9665e+02     0.0000e+00  0.0000e+00     0.0000e+00  0.0000e+00     0.0000e+00  0.0000e+00     0.0000e+00  0.0000e+00 
6.6945e+02     0.0000e+00  0.0000e+00     0.0000e+00  0.0000e+00     0.0000e+00  0.0000e+00     0.0000e+00  0.0000e+00 
7.5114e+02     0.0000e+00  0.0000e+00     0.0000e+00  0.0000e+00     0.0000e+00  0.0000e+00     0.0000e+00  0.0000e+00 
8.4279e+02     0.0000e+00  0.0000e+00     0.0000e+00  0.0000e+00     0.0000e+00  0.0000e+00     0.0000e+00  0.0000e+00 
9.4563e+02     0.0000e+00  0.0000e+00     0.0000e+00  0.0000e+00     0.0000e+00  0.0000e+00     0.0000e+00  0.0000e+00 
1.0610e+03     0.0000e+00  0.0000e+00     0.0000e+00  0.0000e+00     0.0000e+00  0.0000e+00     0.0000e+00  0.0000e+00 
1.1905e+03     0.0000e+00  0.0000e+00     0.0000e+00  0.0000e+00     0.0000e+00  0.0000e+00     0.0000e+00  0.0000e+00 
1.3357e+03     0.0000e+00  0.0000e+00     0.0000e+00  0.0000e+00     0.0000e+00  0.0000e+00     0.0000e+00  0.0000e+00 
1.4987e+03     0.0000e+00  0.0000e+00     0.0000e+00  0.0000e+00     0.0000e+00  0.0000e+00     0.0000e+00  0.0000e+00 
1.6816e+03     0.0000e+00  0.0000e+00     0.0000e+00  0.0000e+00     0.0000e+00  0.0000e+00     0.0000e+00  0.0000e+00 
1.8868e+03     0.0000e+00  0.0000e+00     0.0000e+00  0.0000e+00     0.0000e+00  0.0000e+00     0.0000e+00  0.0000e+00 
2.1170e+03     0.0000e+00  0.0000e+00     0.0000e+00  0.0000e+00     0.0000e+00  0.0000e+00     0.0000e+00  0.0000e+00 
2.3753e+03     0.0000e+00  0.0000e+00     0.0000e+00  0.0000e+00     0.0000e+00  0.0000e+00     0.0000e+00  0.0000e+00 
2.6651e+03     0.0000e+00  0.0000e+00     0.0000e+00  0.0000e+00     0.0000e+00  0.0000e+00     0.0000e+00  0.0000e+00 
2.9903e+03     0.0000e+00  0.0000e+00     0.0000e+00  0.0000e+00     0.0000e+00  0.0000e+00     0.0000e+00  0.0000e+00 
3.3552e+03     0.0000e+00  0.0000e+00     0.0000e+00  0.0000e+00     0.0000e+00  0.0000e+00     0.0000e+00  0.0000e+00 
3.7646e+03     0.0000e+00  0.0000e+00     0.0000e+00  0.0000e+00     0.0000e+00  0.0000e+00     0.0000e+00  0.0000e+00 
4.2240e+03     0.0000e+00  0.0000e+00     0.0000e+00  0.0000e+00     0.0000e+00  0.0000e+00     0.0000e+00  0.0000e+00 
4.7394e+03     0.0000e+00  0.0000e+00     0.0000e+00  0.0000e+00     0.0000e+00  0.0000e+00     0.0000e+00  0.0000e+00 
5.3176e+03     0.0000e+00  0.0000e+00     0.0000e+00  0.0000e+00     0.0000e+00  0.0000e+00     0.0000e+00  0.0000e+00 
5.9665e+03     0.0000e+00  0.0000e+00     0.0000e+00  0.0000e+00     0.0000e+00  0.0000e+00     0.0000e+00  0.0000e+00 
6.6945e+03     0.0000e+00  0.0000e+00     0.0000e+00  0.0000e+00     0.0000e+00  0.0000e+00     0.0000e+00  0.0000e+00 
7.5114e+03     0.0000e+00  0.0000e+00     0.0000e+00  0.0000e+00     0.0000e+00  0.0000e+00     0.0000e+00  0.0000e+00 
8.4279e+03     0.0000e+00  0.0000e+00     0.0000e+00  0.0000e+00     0.0000e+00  0.0000e+00     0.0000e+00  0.0000e+00 
9.4563e+03     0.0000e+00  0.0000e+00     0.0000e+00  0.0000e+00     0.0000e+00  0.0000e+00     0.0000e+00  0.0000e+00 
