yF = 4.9231e+00 (std: 0.0000e+00) keV/um
yD = 2.4283e+01 (std: 0.0000e+00) keV/um
y (keV/um)     f(y)(std)                  yf(y)(std)                 d(y)(std)                  yd(y)(std)  
1.0610e-01     2.4863e+01  0.0000e+00     2.6380e+00  0.0000e+00     5.3585e-01  0.0000e+00     5.6854e-02  0.0000e+00 
1.1905e-01     1.8937e+00  0.0000e+00     2.2544e-01  0.0000e+00     4.5793e-02  0.0000e+00     5.4515e-03  0.0000e+00 
1.3357e-01     5.8084e-01  0.0000e+00     7.7585e-02  0.0000e+00     1.5759e-02  0.0000e+00     2.1050e-03  0.0000e+00 
1.4987e-01     2.8333e+00  0.0000e+00     4.2463e-01  0.0000e+00     8.6252e-02  0.0000e+00     1.2927e-02  0.0000e+00 
1.6816e-01     8.7485e-01  0.0000e+00     1.4711e-01  0.0000e+00     2.9882e-02  0.0000e+00     5.0250e-03  0.0000e+00 
1.8868e-01     5.8518e-01  0.0000e+00     1.1041e-01  0.0000e+00     2.2427e-02  0.0000e+00     4.2314e-03  0.0000e+00 
2.1170e-01     6.3360e-01  0.0000e+00     1.3413e-01  0.0000e+00     2.7246e-02  0.0000e+00     5.7679e-03  0.0000e+00 
2.3753e-01     5.8542e-01  0.0000e+00     1.3906e-01  0.0000e+00     2.8246e-02  0.0000e+00     6.7092e-03  0.0000e+00 
2.6651e-01     2.7320e-01  0.0000e+00     7.2810e-02  0.0000e+00     1.4790e-02  0.0000e+00     3.9416e-03  0.0000e+00 
2.9903e-01     2.3251e-01  0.0000e+00     6.9528e-02  0.0000e+00     1.4123e-02  0.0000e+00     4.2232e-03  0.0000e+00 
3.3552e-01     1.3474e+00  0.0000e+00     4.5208e-01  0.0000e+00     9.1829e-02  0.0000e+00     3.0810e-02  0.0000e+00 
3.7646e-01     9.0720e-01  0.0000e+00     3.4152e-01  0.0000e+00     6.9372e-02  0.0000e+00     2.6116e-02  0.0000e+00 
4.2240e-01     3.8890e-01  0.0000e+00     1.6427e-01  0.0000e+00     3.3367e-02  0.0000e+00     1.4094e-02  0.0000e+00 
4.7394e-01     3.8313e-01  0.0000e+00     1.8158e-01  0.0000e+00     3.6883e-02  0.0000e+00     1.7480e-02  0.0000e+00 
5.3176e-01     2.6010e-01  0.0000e+00     1.3831e-01  0.0000e+00     2.8094e-02  0.0000e+00     1.4939e-02  0.0000e+00 
5.9665e-01     1.2978e-01  0.0000e+00     7.7436e-02  0.0000e+00     1.5729e-02  0.0000e+00     9.3847e-03  0.0000e+00 
6.6945e-01     2.2153e-01  0.0000e+00     1.4831e-01  0.0000e+00     3.0125e-02  0.0000e+00     2.0167e-02  0.0000e+00 
7.5114e-01     1.7559e-01  0.0000e+00     1.3189e-01  0.0000e+00     2.6791e-02  0.0000e+00     2.0124e-02  0.0000e+00 
8.4279e-01     8.8340e-02  0.0000e+00     7.4452e-02  0.0000e+00     1.5123e-02  0.0000e+00     1.2745e-02  0.0000e+00 
9.4563e-01     5.4592e-02  0.0000e+00     5.1624e-02  0.0000e+00     1.0486e-02  0.0000e+00     9.9159e-03  0.0000e+00 
1.0610e+00     4.4437e-02  0.0000e+00     4.7148e-02  0.0000e+00     9.5769e-03  0.0000e+00     1.0161e-02  0.0000e+00 
1.1905e+00     2.1933e-02  0.0000e+00     2.6110e-02  0.0000e+00     5.3036e-03  0.0000e+00     6.3138e-03  0.0000e+00 
1.3357e+00     1.2287e-02  0.0000e+00     1.6412e-02  0.0000e+00     3.3337e-03  0.0000e+00     4.4530e-03  0.0000e+00 
1.4987e+00     5.9732e-03  0.0000e+00     8.9521e-03  0.0000e+00     1.8184e-03  0.0000e+00     2.7253e-03  0.0000e+00 
1.6816e+00     2.5731e-03  0.0000e+00     4.3269e-03  0.0000e+00     8.7889e-04  0.0000e+00     1.4779e-03  0.0000e+00 
1.8868e+00     1.2652e-03  0.0000e+00     2.3872e-03  0.0000e+00     4.8490e-04  0.0000e+00     9.1490e-04  0.0000e+00 
2.1170e+00     5.6383e-04  0.0000e+00     1.1936e-03  0.0000e+00     2.4245e-04  0.0000e+00     5.1327e-04  0.0000e+00 
2.3753e+00     1.2563e-04  0.0000e+00     2.9840e-04  0.0000e+00     6.0613e-05  0.0000e+00     1.4397e-04  0.0000e+00 
2.6651e+00     5.5983e-05  0.0000e+00     1.4920e-04  0.0000e+00     3.0307e-05  0.0000e+00     8.0771e-05  0.0000e+00 
2.9903e+00     0.0000e+00  0.0000e+00     0.0000e+00  0.0000e+00     0.0000e+00  0.0000e+00     0.0000e+00  0.0000e+00 
3.3552e+00     4.4469e-05  0.0000e+00     1.4920e-04  0.0000e+00     3.0307e-05  0.0000e+00     1.0168e-04  0.0000e+00 
3.7646e+00     0.0000e+00  0.0000e+00     0.0000e+00  0.0000e+00     0.0000e+00  0.0000e+00     0.0000e+00  0.0000e+00 
4.2240e+00     0.0000e+00  0.0000e+00     0.0000e+00  0.0000e+00     0.0000e+00  0.0000e+00     0.0000e+00  0.0000e+00 
4.7394e+00     0.0000e+00  0.0000e+00     0.0000e+00  0.0000e+00     0.0000e+00  0.0000e+00     0.0000e+00  0.0000e+00 
5.3176e+00     0.0000e+00  0.0000e+00     0.0000e+00  0.0000e+00     0.0000e+00  0.0000e+00     0.0000e+00  0.0000e+00 
5.9665e+00     1.0748e-01  0.0000e+00     6.4127e-01  0.0000e+00     1.3026e-01  0.0000e+00     7.7718e-01  0.0000e+00 
6.6945e+00     2.3468e-02  0.0000e+00     1.5711e-01  0.0000e+00     3.1913e-02  0.0000e+00     2.1364e-01  0.0000e+00 
7.5114e+00     5.7207e-03  0.0000e+00     4.2970e-02  0.0000e+00     8.7283e-03  0.0000e+00     6.5561e-02  0.0000e+00 
8.4279e+00     2.9370e-02  0.0000e+00     2.4753e-01  0.0000e+00     5.0279e-02  0.0000e+00     4.2374e-01  0.0000e+00 
9.4563e+00     1.6930e-02  0.0000e+00     1.6009e-01  0.0000e+00     3.2519e-02  0.0000e+00     3.0751e-01  0.0000e+00 
1.0610e+01     2.6985e-02  0.0000e+00     2.8632e-01  0.0000e+00     5.8158e-02  0.0000e+00     6.1706e-01  0.0000e+00 
1.1905e+01     1.8311e-02  0.0000e+00     2.1798e-01  0.0000e+00     4.4278e-02  0.0000e+00     5.2712e-01  0.0000e+00 
1.3357e+01     1.2812e-02  0.0000e+00     1.7113e-01  0.0000e+00     3.4762e-02  0.0000e+00     4.6432e-01  0.0000e+00 
1.4987e+01     7.6258e-03  0.0000e+00     1.1429e-01  0.0000e+00     2.3215e-02  0.0000e+00     3.4792e-01  0.0000e+00 
1.6816e+01     5.1107e-03  0.0000e+00     8.5940e-02  0.0000e+00     1.7457e-02  0.0000e+00     2.9355e-01  0.0000e+00 
1.8868e+01     4.6735e-03  0.0000e+00     8.8178e-02  0.0000e+00     1.7911e-02  0.0000e+00     3.3794e-01  0.0000e+00 
2.1170e+01     4.3485e-03  0.0000e+00     9.2058e-02  0.0000e+00     1.8699e-02  0.0000e+00     3.9586e-01  0.0000e+00 
2.3753e+01     4.4095e-03  0.0000e+00     1.0474e-01  0.0000e+00     2.1275e-02  0.0000e+00     5.0535e-01  0.0000e+00 
2.6651e+01     2.6424e-03  0.0000e+00     7.0423e-02  0.0000e+00     1.4305e-02  0.0000e+00     3.8124e-01  0.0000e+00 
2.9903e+01     1.9160e-03  0.0000e+00     5.7293e-02  0.0000e+00     1.1638e-02  0.0000e+00     3.4801e-01  0.0000e+00 
3.3552e+01     1.5875e-03  0.0000e+00     5.3265e-02  0.0000e+00     1.0819e-02  0.0000e+00     3.6301e-01  0.0000e+00 
3.7646e+01     1.2683e-03  0.0000e+00     4.7745e-02  0.0000e+00     9.6981e-03  0.0000e+00     3.6509e-01  0.0000e+00 
4.2240e+01     9.7844e-04  0.0000e+00     4.1329e-02  0.0000e+00     8.3949e-03  0.0000e+00     3.5460e-01  0.0000e+00 
4.7394e+01     7.6500e-04  0.0000e+00     3.6256e-02  0.0000e+00     7.3645e-03  0.0000e+00     3.4903e-01  0.0000e+00 
5.3176e+01     4.7137e-04  0.0000e+00     2.5066e-02  0.0000e+00     5.0915e-03  0.0000e+00     2.7075e-01  0.0000e+00 
5.9665e+01     2.8508e-04  0.0000e+00     1.7009e-02  0.0000e+00     3.4549e-03  0.0000e+00     2.0614e-01  0.0000e+00 
6.6945e+01     2.1173e-04  0.0000e+00     1.4174e-02  0.0000e+00     2.8791e-03  0.0000e+00     1.9274e-01  0.0000e+00 
7.5114e+01     9.5345e-05  0.0000e+00     7.1617e-03  0.0000e+00     1.4547e-03  0.0000e+00     1.0927e-01  0.0000e+00 
8.4279e+01     4.2488e-05  0.0000e+00     3.5808e-03  0.0000e+00     7.2736e-04  0.0000e+00     6.1301e-02  0.0000e+00 
9.4563e+01     3.3134e-05  0.0000e+00     3.1332e-03  0.0000e+00     6.3644e-04  0.0000e+00     6.0183e-02  0.0000e+00 
1.0610e+02     1.4062e-05  0.0000e+00     1.4920e-03  0.0000e+00     3.0307e-04  0.0000e+00     3.2156e-02  0.0000e+00 
1.1905e+02     2.5066e-06  0.0000e+00     2.9840e-04  0.0000e+00     6.0613e-05  0.0000e+00     7.2158e-03  0.0000e+00 
1.3357e+02     2.2340e-06  0.0000e+00     2.9840e-04  0.0000e+00     6.0613e-05  0.0000e+00     8.0963e-03  0.0000e+00 
1.4987e+02     0.0000e+00  0.0000e+00     0.0000e+00  0.0000e+00     0.0000e+00  0.0000e+00     0.0000e+00  0.0000e+00 
1.6816e+02     0.0000e+00  0.0000e+00     0.0000e+00  0.0000e+00     0.0000e+00  0.0000e+00     0.0000e+00  0.0000e+00 
1.8868e+02     0.0000e+00  0.0000e+00     0.0000e+00  0.0000e+00     0.0000e+00  0.0000e+00     0.0000e+00  0.0000e+00 
2.1170e+02     0.0000e+00  0.0000e+00     0.0000e+00  0.0000e+00     0.0000e+00  0.0000e+00     0.0000e+00  0.0000e+00 
2.3753e+02     0.0000e+00  0.0000e+00     0.0000e+00  0.0000e+00     0.0000e+00  0.0000e+00     0.0000e+00  0.0000e+00 
2.6651e+02     0.0000e+00  0.0000e+00     0.0000e+00  0.0000e+00     0.0000e+00  0.0000e+00     0.0000e+00  0.0000e+00 
2.9903e+02     0.0000e+00  0.0000e+00     0.0000e+00  0.0000e+00     0.0000e+00  0.0000e+00     0.0000e+00  0.0000e+00 
3.3552e+02     0.0000e+00  0.0000e+00     0.0000e+00  0.0000e+00     0.0000e+00  0.0000e+00     0.0000e+00  0.0000e+00 
3.7646e+02     0.0000e+00  0.0000e+00     0.0000e+00  0.0000e+00     0.0000e+00  0.0000e+00     0.0000e+00  0.0000e+00 
4.2240e+02     0.0000e+00  0.0000e+00     0.0000e+00  0.0000e+00     0.0000e+00  0.0000e+00     0.0000e+00  0.0000e+00 
4.7394e+02     0.0000e+00  0.0000e+00     0.0000e+00  0.0000e+00     0.0000e+00  0.0000e+00     0.0000e+00  0.0000e+00 
5.3176e+02     0.0000e+00  0.0000e+00     0.0000e+00  0.0000e+00     0.0000e+00  0.0000e+00     0.0000e+00  0.0000e+00 
5.9665e+02     0.0000e+00  0.0000e+00     0.0000e+00  0.0000e+00     0.0000e+00  0.0000e+00     0.0000e+00  0.0000e+00 
6.6945e+02     0.0000e+00  0.0000e+00     0.0000e+00  0.0000e+00     0.0000e+00  0.0000e+00     0.0000e+00  0.0000e+00 
7.5114e+02     0.0000e+00  0.0000e+00     0.0000e+00  0.0000e+00     0.0000e+00  0.0000e+00     0.0000e+00  0.0000e+00 
8.4279e+02     0.0000e+00  0.0000e+00     0.0000e+00  0.0000e+00     0.0000e+00  0.0000e+00     0.0000e+00  0.0000e+00 
9.4563e+02     0.0000e+00  0.0000e+00     0.0000e+00  0.0000e+00     0.0000e+00  0.0000e+00     0.0000e+00  0.0000e+00 
1.0610e+03     0.0000e+00  0.0000e+00     0.0000e+00  0.0000e+00     0.0000e+00  0.0000e+00     0.0000e+00  0.0000e+00 
1.1905e+03     0.0000e+00  0.0000e+00     0.0000e+00  0.0000e+00     0.0000e+00  0.0000e+00     0.0000e+00  0.0000e+00 
1.3357e+03     0.0000e+00  0.0000e+00     0.0000e+00  0.0000e+00     0.0000e+00  0.0000e+00     0.0000e+00  0.0000e+00 
1.4987e+03     0.0000e+00  0.0000e+00     0.0000e+00  0.0000e+00     0.0000e+00  0.0000e+00     0.0000e+00  0.0000e+00 
1.6816e+03     0.0000e+00  0.0000e+00     0.0000e+00  0.0000e+00     0.0000e+00  0.0000e+00     0.0000e+00  0.0000e+00 
1.8868e+03     0.0000e+00  0.0000e+00     0.0000e+00  0.0000e+00     0.0000e+00  0.0000e+00     0.0000e+00  0.0000e+00 
2.1170e+03     0.0000e+00  0.0000e+00     0.0000e+00  0.0000e+00     0.0000e+00  0.0000e+00     0.0000e+00  0.0000e+00 
2.3753e+03     0.0000e+00  0.0000e+00     0.0000e+00  0.0000e+00     0.0000e+00  0.0000e+00     0.0000e+00  0.0000e+00 
2.6651e+03     0.0000e+00  0.0000e+00     0.0000e+00  0.0000e+00     0.0000e+00  0.0000e+00     0.0000e+00  0.0000e+00 
2.9903e+03     0.0000e+00  0.0000e+00     0.0000e+00  0.0000e+00     0.0000e+00  0.0000e+00     0.0000e+00  0.0000e+00 
3.3552e+03     0.0000e+00  0.0000e+00     0.0000e+00  0.0000e+00     0.0000e+00  0.0000e+00     0.0000e+00  0.0000e+00 
3.7646e+03     0.0000e+00  0.0000e+00     0.0000e+00  0.0000e+00     0.0000e+00  0.0000e+00     0.0000e+00  0.0000e+00 
4.2240e+03     0.0000e+00  0.0000e+00     0.0000e+00  0.0000e+00     0.0000e+00  0.0000e+00     0.0000e+00  0.0000e+00 
4.7394e+03     0.0000e+00  0.0000e+00     0.0000e+00  0.0000e+00     0.0000e+00  0.0000e+00     0.0000e+00  0.0000e+00 
5.3176e+03     0.0000e+00  0.0000e+00     0.0000e+00  0.0000e+00     0.0000e+00  0.0000e+00     0.0000e+00  0.0000e+00 
5.9665e+03     0.0000e+00  0.0000e+00     0.0000e+00  0.0000e+00     0.0000e+00  0.0000e+00     0.0000e+00  0.0000e+00 
6.6945e+03     0.0000e+00  0.0000e+00     0.0000e+00  0.0000e+00     0.0000e+00  0.0000e+00     0.0000e+00  0.0000e+00 
7.5114e+03     0.0000e+00  0.0000e+00     0.0000e+00  0.0000e+00     0.0000e+00  0.0000e+00     0.0000e+00  0.0000e+00 
8.4279e+03     0.0000e+00  0.0000e+00     0.0000e+00  0.0000e+00     0.0000e+00  0.0000e+00     0.0000e+00  0.0000e+00 
9.4563e+03     0.0000e+00  0.0000e+00     0.0000e+00  0.0000e+00     0.0000e+00  0.0000e+00     0.0000e+00  0.0000e+00 
