yF = 1.2179e+02 (std: 0.0000e+00) keV/um
yD = 1.4043e+02 (std: 0.0000e+00) keV/um
y (keV/um)     f(y)(std)                  yf(y)(std)                 d(y)(std)                  yd(y)(std)  
1.0610e-01     2.2128e-03  0.0000e+00     2.3478e-04  0.0000e+00     1.9277e-06  0.0000e+00     2.0453e-07  0.0000e+00 
1.1905e-01     3.6522e-04  0.0000e+00     4.3478e-05  0.0000e+00     3.5698e-07  0.0000e+00     4.2498e-08  0.0000e+00 
1.3357e-01     1.9530e-04  0.0000e+00     2.6087e-05  0.0000e+00     2.1419e-07  0.0000e+00     2.8610e-08  0.0000e+00 
1.4987e-01     8.1228e-04  0.0000e+00     1.2174e-04  0.0000e+00     9.9955e-07  0.0000e+00     1.4980e-07  0.0000e+00 
1.6816e-01     2.5855e-04  0.0000e+00     4.3478e-05  0.0000e+00     3.5698e-07  0.0000e+00     6.0029e-08  0.0000e+00 
1.8868e-01     2.7652e-04  0.0000e+00     5.2173e-05  0.0000e+00     4.2838e-07  0.0000e+00     8.0825e-08  0.0000e+00 
2.1170e-01     1.2323e-04  0.0000e+00     2.6087e-05  0.0000e+00     2.1419e-07  0.0000e+00     4.5343e-08  0.0000e+00 
2.3753e-01     3.2947e-04  0.0000e+00     7.8260e-05  0.0000e+00     6.4256e-07  0.0000e+00     1.5263e-07  0.0000e+00 
2.6651e-01     1.9576e-04  0.0000e+00     5.2173e-05  0.0000e+00     4.2838e-07  0.0000e+00     1.1417e-07  0.0000e+00 
2.9903e-01     2.0355e-04  0.0000e+00     6.0869e-05  0.0000e+00     4.9977e-07  0.0000e+00     1.4945e-07  0.0000e+00 
3.3552e-01     2.8508e-04  0.0000e+00     9.5651e-05  0.0000e+00     7.8536e-07  0.0000e+00     2.6350e-07  0.0000e+00 
3.7646e-01     3.0028e-04  0.0000e+00     1.1304e-04  0.0000e+00     9.2815e-07  0.0000e+00     3.4941e-07  0.0000e+00 
4.2240e-01     2.0586e-04  0.0000e+00     8.6956e-05  0.0000e+00     7.1396e-07  0.0000e+00     3.0157e-07  0.0000e+00 
4.7394e-01     2.3852e-04  0.0000e+00     1.1304e-04  0.0000e+00     9.2815e-07  0.0000e+00     4.3988e-07  0.0000e+00 
5.3176e-01     1.3082e-04  0.0000e+00     6.9565e-05  0.0000e+00     5.7117e-07  0.0000e+00     3.0373e-07  0.0000e+00 
5.9665e-01     1.4574e-04  0.0000e+00     8.6956e-05  0.0000e+00     7.1396e-07  0.0000e+00     4.2598e-07  0.0000e+00 
6.6945e-01     1.5587e-04  0.0000e+00     1.0435e-04  0.0000e+00     8.5675e-07  0.0000e+00     5.7355e-07  0.0000e+00 
7.5114e-01     1.2734e-04  0.0000e+00     9.5651e-05  0.0000e+00     7.8536e-07  0.0000e+00     5.8991e-07  0.0000e+00 
8.4279e-01     8.2541e-05  0.0000e+00     6.9565e-05  0.0000e+00     5.7117e-07  0.0000e+00     4.8137e-07  0.0000e+00 
9.4563e-01     5.5173e-05  0.0000e+00     5.2173e-05  0.0000e+00     4.2838e-07  0.0000e+00     4.0508e-07  0.0000e+00 
1.0610e+00     7.3760e-05  0.0000e+00     7.8260e-05  0.0000e+00     6.4256e-07  0.0000e+00     6.8177e-07  0.0000e+00 
1.1905e+00     1.4609e-05  0.0000e+00     1.7391e-05  0.0000e+00     1.4279e-07  0.0000e+00     1.6999e-07  0.0000e+00 
1.3357e+00     2.6040e-05  0.0000e+00     3.4782e-05  0.0000e+00     2.8558e-07  0.0000e+00     3.8146e-07  0.0000e+00 
1.4987e+00     5.8020e-06  0.0000e+00     8.6956e-06  0.0000e+00     7.1396e-08  0.0000e+00     1.0700e-07  0.0000e+00 
1.6816e+00     1.0342e-05  0.0000e+00     1.7391e-05  0.0000e+00     1.4279e-07  0.0000e+00     2.4012e-07  0.0000e+00 
1.8868e+00     0.0000e+00  0.0000e+00     0.0000e+00  0.0000e+00     0.0000e+00  0.0000e+00     0.0000e+00  0.0000e+00 
2.1170e+00     1.2323e-05  0.0000e+00     2.6087e-05  0.0000e+00     2.1419e-07  0.0000e+00     4.5343e-07  0.0000e+00 
2.3753e+00     0.0000e+00  0.0000e+00     0.0000e+00  0.0000e+00     0.0000e+00  0.0000e+00     0.0000e+00  0.0000e+00 
2.6651e+00     0.0000e+00  0.0000e+00     0.0000e+00  0.0000e+00     0.0000e+00  0.0000e+00     0.0000e+00  0.0000e+00 
2.9903e+00     0.0000e+00  0.0000e+00     0.0000e+00  0.0000e+00     0.0000e+00  0.0000e+00     0.0000e+00  0.0000e+00 
3.3552e+00     0.0000e+00  0.0000e+00     0.0000e+00  0.0000e+00     0.0000e+00  0.0000e+00     0.0000e+00  0.0000e+00 
3.7646e+00     0.0000e+00  0.0000e+00     0.0000e+00  0.0000e+00     0.0000e+00  0.0000e+00     0.0000e+00  0.0000e+00 
4.2240e+00     0.0000e+00  0.0000e+00     0.0000e+00  0.0000e+00     0.0000e+00  0.0000e+00     0.0000e+00  0.0000e+00 
4.7394e+00     0.0000e+00  0.0000e+00     0.0000e+00  0.0000e+00     0.0000e+00  0.0000e+00     0.0000e+00  0.0000e+00 
5.3176e+00     0.0000e+00  0.0000e+00     0.0000e+00  0.0000e+00     0.0000e+00  0.0000e+00     0.0000e+00  0.0000e+00 
5.9665e+00     2.3318e-05  0.0000e+00     1.3913e-04  0.0000e+00     1.1423e-06  0.0000e+00     6.8157e-06  0.0000e+00 
6.6945e+00     3.2473e-05  0.0000e+00     2.1739e-04  0.0000e+00     1.7849e-06  0.0000e+00     1.1949e-05  0.0000e+00 
7.5114e+00     1.2734e-05  0.0000e+00     9.5651e-05  0.0000e+00     7.8536e-07  0.0000e+00     5.8991e-06  0.0000e+00 
8.4279e+00     2.4865e-04  0.0000e+00     2.0956e-03  0.0000e+00     1.7206e-05  0.0000e+00     1.4501e-04  0.0000e+00 
9.4563e+00     1.9219e-04  0.0000e+00     1.8174e-03  0.0000e+00     1.4922e-05  0.0000e+00     1.4110e-04  0.0000e+00 
1.0610e+01     2.4013e-04  0.0000e+00     2.5478e-03  0.0000e+00     2.0919e-05  0.0000e+00     2.2195e-04  0.0000e+00 
1.1905e+01     1.5704e-04  0.0000e+00     1.8695e-03  0.0000e+00     1.5350e-05  0.0000e+00     1.8274e-04  0.0000e+00 
1.3357e+01     1.7902e-04  0.0000e+00     2.3913e-03  0.0000e+00     1.9634e-05  0.0000e+00     2.6226e-04  0.0000e+00 
1.4987e+01     1.1720e-04  0.0000e+00     1.7565e-03  0.0000e+00     1.4422e-05  0.0000e+00     2.1614e-04  0.0000e+00 
1.6816e+01     2.5286e-04  0.0000e+00     4.2521e-03  0.0000e+00     3.4913e-05  0.0000e+00     5.8709e-04  0.0000e+00 
1.8868e+01     4.0557e-04  0.0000e+00     7.6521e-03  0.0000e+00     6.2829e-05  0.0000e+00     1.1854e-03  0.0000e+00 
2.1170e+01     5.2905e-04  0.0000e+00     1.1200e-02  0.0000e+00     9.1958e-05  0.0000e+00     1.9467e-03  0.0000e+00 
2.3753e+01     5.4656e-04  0.0000e+00     1.2982e-02  0.0000e+00     1.0659e-04  0.0000e+00     2.5319e-03  0.0000e+00 
2.6651e+01     7.0638e-04  0.0000e+00     1.8826e-02  0.0000e+00     1.5457e-04  0.0000e+00     4.1196e-03  0.0000e+00 
2.9903e+01     9.5641e-04  0.0000e+00     2.8600e-02  0.0000e+00     2.3482e-04  0.0000e+00     7.0219e-03  0.0000e+00 
3.3552e+01     1.2383e-03  0.0000e+00     4.1547e-02  0.0000e+00     3.4113e-04  0.0000e+00     1.1446e-02  0.0000e+00 
3.7646e+01     1.5476e-03  0.0000e+00     5.8260e-02  0.0000e+00     4.7835e-04  0.0000e+00     1.8008e-02  0.0000e+00 
4.2240e+01     2.0640e-03  0.0000e+00     8.7182e-02  0.0000e+00     7.1582e-04  0.0000e+00     3.0236e-02  0.0000e+00 
4.7394e+01     2.5993e-03  0.0000e+00     1.2319e-01  0.0000e+00     1.0115e-03  0.0000e+00     4.7937e-02  0.0000e+00 
5.3176e+01     3.3478e-03  0.0000e+00     1.7802e-01  0.0000e+00     1.4617e-03  0.0000e+00     7.7728e-02  0.0000e+00 
5.9665e+01     4.2435e-03  0.0000e+00     2.5319e-01  0.0000e+00     2.0788e-03  0.0000e+00     1.2403e-01  0.0000e+00 
6.6945e+01     5.2434e-03  0.0000e+00     3.5102e-01  0.0000e+00     2.8821e-03  0.0000e+00     1.9294e-01  0.0000e+00 
7.5114e+01     6.3107e-03  0.0000e+00     4.7402e-01  0.0000e+00     3.8920e-03  0.0000e+00     2.9234e-01  0.0000e+00 
8.4279e+01     7.3291e-03  0.0000e+00     6.1769e-01  0.0000e+00     5.0716e-03  0.0000e+00     4.2743e-01  0.0000e+00 
9.4563e+01     8.1130e-03  0.0000e+00     7.6718e-01  0.0000e+00     6.2991e-03  0.0000e+00     5.9566e-01  0.0000e+00 
1.0610e+02     8.5454e-03  0.0000e+00     9.0667e-01  0.0000e+00     7.4443e-03  0.0000e+00     7.8985e-01  0.0000e+00 
1.1905e+02     8.3922e-03  0.0000e+00     9.9907e-01  0.0000e+00     8.2030e-03  0.0000e+00     9.7654e-01  0.0000e+00 
1.3357e+02     7.5423e-03  0.0000e+00     1.0074e+00  0.0000e+00     8.2717e-03  0.0000e+00     1.1049e+00  0.0000e+00 
1.4987e+02     6.1621e-03  0.0000e+00     9.2353e-01  0.0000e+00     7.5828e-03  0.0000e+00     1.1364e+00  0.0000e+00 
1.6816e+02     4.4426e-03  0.0000e+00     7.4706e-01  0.0000e+00     6.1339e-03  0.0000e+00     1.0315e+00  0.0000e+00 
1.8868e+02     2.7842e-03  0.0000e+00     5.2531e-01  0.0000e+00     4.3131e-03  0.0000e+00     8.1378e-01  0.0000e+00 
2.1170e+02     1.4725e-03  0.0000e+00     3.1174e-01  0.0000e+00     2.5595e-03  0.0000e+00     5.4185e-01  0.0000e+00 
2.3753e+02     6.2311e-04  0.0000e+00     1.4801e-01  0.0000e+00     1.2152e-03  0.0000e+00     2.8865e-01  0.0000e+00 
2.6651e+02     2.1162e-04  0.0000e+00     5.6399e-02  0.0000e+00     4.6307e-04  0.0000e+00     1.2342e-01  0.0000e+00 
2.9903e+02     5.5483e-05  0.0000e+00     1.6591e-02  0.0000e+00     1.3622e-04  0.0000e+00     4.0735e-02  0.0000e+00 
3.3552e+02     1.0626e-05  0.0000e+00     3.5652e-03  0.0000e+00     2.9272e-05  0.0000e+00     9.8215e-03  0.0000e+00 
3.7646e+02     1.2935e-06  0.0000e+00     4.8695e-04  0.0000e+00     3.9982e-06  0.0000e+00     1.5052e-03  0.0000e+00 
4.2240e+02     1.2352e-07  0.0000e+00     5.2173e-05  0.0000e+00     4.2838e-07  0.0000e+00     1.8094e-04  0.0000e+00 
4.7394e+02     0.0000e+00  0.0000e+00     0.0000e+00  0.0000e+00     0.0000e+00  0.0000e+00     0.0000e+00  0.0000e+00 
5.3176e+02     0.0000e+00  0.0000e+00     0.0000e+00  0.0000e+00     0.0000e+00  0.0000e+00     0.0000e+00  0.0000e+00 
5.9665e+02     0.0000e+00  0.0000e+00     0.0000e+00  0.0000e+00     0.0000e+00  0.0000e+00     0.0000e+00  0.0000e+00 
6.6945e+02     0.0000e+00  0.0000e+00     0.0000e+00  0.0000e+00     0.0000e+00  0.0000e+00     0.0000e+00  0.0000e+00 
7.5114e+02     0.0000e+00  0.0000e+00     0.0000e+00  0.0000e+00     0.0000e+00  0.0000e+00     0.0000e+00  0.0000e+00 
8.4279e+02     0.0000e+00  0.0000e+00     0.0000e+00  0.0000e+00     0.0000e+00  0.0000e+00     0.0000e+00  0.0000e+00 
9.4563e+02     0.0000e+00  0.0000e+00     0.0000e+00  0.0000e+00     0.0000e+00  0.0000e+00     0.0000e+00  0.0000e+00 
1.0610e+03     0.0000e+00  0.0000e+00     0.0000e+00  0.0000e+00     0.0000e+00  0.0000e+00     0.0000e+00  0.0000e+00 
1.1905e+03     0.0000e+00  0.0000e+00     0.0000e+00  0.0000e+00     0.0000e+00  0.0000e+00     0.0000e+00  0.0000e+00 
1.3357e+03     0.0000e+00  0.0000e+00     0.0000e+00  0.0000e+00     0.0000e+00  0.0000e+00     0.0000e+00  0.0000e+00 
1.4987e+03     0.0000e+00  0.0000e+00     0.0000e+00  0.0000e+00     0.0000e+00  0.0000e+00     0.0000e+00  0.0000e+00 
1.6816e+03     0.0000e+00  0.0000e+00     0.0000e+00  0.0000e+00     0.0000e+00  0.0000e+00     0.0000e+00  0.0000e+00 
1.8868e+03     0.0000e+00  0.0000e+00     0.0000e+00  0.0000e+00     0.0000e+00  0.0000e+00     0.0000e+00  0.0000e+00 
2.1170e+03     0.0000e+00  0.0000e+00     0.0000e+00  0.0000e+00     0.0000e+00  0.0000e+00     0.0000e+00  0.0000e+00 
2.3753e+03     0.0000e+00  0.0000e+00     0.0000e+00  0.0000e+00     0.0000e+00  0.0000e+00     0.0000e+00  0.0000e+00 
2.6651e+03     0.0000e+00  0.0000e+00     0.0000e+00  0.0000e+00     0.0000e+00  0.0000e+00     0.0000e+00  0.0000e+00 
2.9903e+03     0.0000e+00  0.0000e+00     0.0000e+00  0.0000e+00     0.0000e+00  0.0000e+00     0.0000e+00  0.0000e+00 
3.3552e+03     0.0000e+00  0.0000e+00     0.0000e+00  0.0000e+00     0.0000e+00  0.0000e+00     0.0000e+00  0.0000e+00 
3.7646e+03     0.0000e+00  0.0000e+00     0.0000e+00  0.0000e+00     0.0000e+00  0.0000e+00     0.0000e+00  0.0000e+00 
4.2240e+03     0.0000e+00  0.0000e+00     0.0000e+00  0.0000e+00     0.0000e+00  0.0000e+00     0.0000e+00  0.0000e+00 
4.7394e+03     0.0000e+00  0.0000e+00     0.0000e+00  0.0000e+00     0.0000e+00  0.0000e+00     0.0000e+00  0.0000e+00 
5.3176e+03     0.0000e+00  0.0000e+00     0.0000e+00  0.0000e+00     0.0000e+00  0.0000e+00     0.0000e+00  0.0000e+00 
5.9665e+03     0.0000e+00  0.0000e+00     0.0000e+00  0.0000e+00     0.0000e+00  0.0000e+00     0.0000e+00  0.0000e+00 
6.6945e+03     0.0000e+00  0.0000e+00     0.0000e+00  0.0000e+00     0.0000e+00  0.0000e+00     0.0000e+00  0.0000e+00 
7.5114e+03     0.0000e+00  0.0000e+00     0.0000e+00  0.0000e+00     0.0000e+00  0.0000e+00     0.0000e+00  0.0000e+00 
8.4279e+03     0.0000e+00  0.0000e+00     0.0000e+00  0.0000e+00     0.0000e+00  0.0000e+00     0.0000e+00  0.0000e+00 
9.4563e+03     0.0000e+00  0.0000e+00     0.0000e+00  0.0000e+00     0.0000e+00  0.0000e+00     0.0000e+00  0.0000e+00 
