yF = 1.4398e+01 (std: 0.0000e+00) keV/um
yD = 3.5443e+01 (std: 0.0000e+00) keV/um
y (keV/um)     f(y)(std)                  yf(y)(std)                 d(y)(std)                  yd(y)(std)  
1.0610e-01     8.6896e+00  0.0000e+00     9.2198e-01  0.0000e+00     6.4037e-02  0.0000e+00     6.7944e-03  0.0000e+00 
1.1905e-01     8.9619e-01  0.0000e+00     1.0669e-01  0.0000e+00     7.4102e-03  0.0000e+00     8.8217e-04  0.0000e+00 
1.3357e-01     3.8682e-01  0.0000e+00     5.1669e-02  0.0000e+00     3.5888e-03  0.0000e+00     4.7936e-04  0.0000e+00 
1.4987e-01     1.1578e+00  0.0000e+00     1.7351e-01  0.0000e+00     1.2052e-02  0.0000e+00     1.8062e-03  0.0000e+00 
1.6816e-01     5.2583e-01  0.0000e+00     8.8422e-02  0.0000e+00     6.1415e-03  0.0000e+00     1.0327e-03  0.0000e+00 
1.8868e-01     4.1603e-01  0.0000e+00     7.8495e-02  0.0000e+00     5.4520e-03  0.0000e+00     1.0287e-03  0.0000e+00 
2.1170e-01     4.3420e-01  0.0000e+00     9.1919e-02  0.0000e+00     6.3844e-03  0.0000e+00     1.3516e-03  0.0000e+00 
2.3753e-01     4.1207e-01  0.0000e+00     9.7879e-02  0.0000e+00     6.7983e-03  0.0000e+00     1.6148e-03  0.0000e+00 
2.6651e-01     2.5673e-01  0.0000e+00     6.8423e-02  0.0000e+00     4.7524e-03  0.0000e+00     1.2666e-03  0.0000e+00 
2.9903e-01     2.1422e-01  0.0000e+00     6.4059e-02  0.0000e+00     4.4493e-03  0.0000e+00     1.3305e-03  0.0000e+00 
3.3552e-01     5.3118e-01  0.0000e+00     1.7822e-01  0.0000e+00     1.2379e-02  0.0000e+00     4.1533e-03  0.0000e+00 
3.7646e-01     4.4744e-01  0.0000e+00     1.6844e-01  0.0000e+00     1.1699e-02  0.0000e+00     4.4043e-03  0.0000e+00 
4.2240e-01     2.8730e-01  0.0000e+00     1.2135e-01  0.0000e+00     8.4289e-03  0.0000e+00     3.5603e-03  0.0000e+00 
4.7394e-01     2.8553e-01  0.0000e+00     1.3532e-01  0.0000e+00     9.3989e-03  0.0000e+00     4.4545e-03  0.0000e+00 
5.3176e-01     2.3720e-01  0.0000e+00     1.2614e-01  0.0000e+00     8.7609e-03  0.0000e+00     4.6587e-03  0.0000e+00 
5.9665e-01     1.6039e-01  0.0000e+00     9.5698e-02  0.0000e+00     6.6468e-03  0.0000e+00     3.9658e-03  0.0000e+00 
6.6945e-01     1.5673e-01  0.0000e+00     1.0493e-01  0.0000e+00     7.2877e-03  0.0000e+00     4.8788e-03  0.0000e+00 
7.5114e-01     1.5557e-01  0.0000e+00     1.1686e-01  0.0000e+00     8.1164e-03  0.0000e+00     6.0965e-03  0.0000e+00 
8.4279e-01     1.0806e-01  0.0000e+00     9.1074e-02  0.0000e+00     6.3256e-03  0.0000e+00     5.3312e-03  0.0000e+00 
9.4563e-01     7.7589e-02  0.0000e+00     7.3370e-02  0.0000e+00     5.0960e-03  0.0000e+00     4.8189e-03  0.0000e+00 
1.0610e+00     5.9707e-02  0.0000e+00     6.3350e-02  0.0000e+00     4.4000e-03  0.0000e+00     4.6685e-03  0.0000e+00 
1.1905e+00     4.3420e-02  0.0000e+00     5.1690e-02  0.0000e+00     3.5902e-03  0.0000e+00     4.2740e-03  0.0000e+00 
1.3357e+00     2.8414e-02  0.0000e+00     3.7953e-02  0.0000e+00     2.6361e-03  0.0000e+00     3.5211e-03  0.0000e+00 
1.4987e+00     1.8276e-02  0.0000e+00     2.7390e-02  0.0000e+00     1.9024e-03  0.0000e+00     2.8512e-03  0.0000e+00 
1.6816e+00     1.1142e-02  0.0000e+00     1.8737e-02  0.0000e+00     1.3014e-03  0.0000e+00     2.1884e-03  0.0000e+00 
1.8868e+00     6.4341e-03  0.0000e+00     1.2140e-02  0.0000e+00     8.4318e-04  0.0000e+00     1.5909e-03  0.0000e+00 
2.1170e+00     3.3677e-03  0.0000e+00     7.1293e-03  0.0000e+00     4.9518e-04  0.0000e+00     1.0483e-03  0.0000e+00 
2.3753e+00     1.5381e-03  0.0000e+00     3.6534e-03  0.0000e+00     2.5375e-04  0.0000e+00     6.0273e-04  0.0000e+00 
2.6651e+00     6.4232e-04  0.0000e+00     1.7119e-03  0.0000e+00     1.1890e-04  0.0000e+00     3.1688e-04  0.0000e+00 
2.9903e+00     2.4086e-04  0.0000e+00     7.2024e-04  0.0000e+00     5.0025e-05  0.0000e+00     1.4959e-04  0.0000e+00 
3.3552e+00     7.4665e-05  0.0000e+00     2.5052e-04  0.0000e+00     1.7400e-05  0.0000e+00     5.8381e-05  0.0000e+00 
3.7646e+00     3.6045e-05  0.0000e+00     1.3570e-04  0.0000e+00     9.4250e-06  0.0000e+00     3.5481e-05  0.0000e+00 
4.2240e+00     7.4136e-06  0.0000e+00     3.1315e-05  0.0000e+00     2.1750e-06  0.0000e+00     9.1871e-06  0.0000e+00 
4.7394e+00     0.0000e+00  0.0000e+00     0.0000e+00  0.0000e+00     0.0000e+00  0.0000e+00     0.0000e+00  0.0000e+00 
5.3176e+00     0.0000e+00  0.0000e+00     0.0000e+00  0.0000e+00     0.0000e+00  0.0000e+00     0.0000e+00  0.0000e+00 
5.9665e+00     5.1895e-02  0.0000e+00     3.0963e-01  0.0000e+00     2.1506e-02  0.0000e+00     1.2831e-01  0.0000e+00 
6.6945e+00     3.2541e-02  0.0000e+00     2.1785e-01  0.0000e+00     1.5131e-02  0.0000e+00     1.0129e-01  0.0000e+00 
7.5114e+00     1.0402e-02  0.0000e+00     7.8130e-02  0.0000e+00     5.4266e-03  0.0000e+00     4.0761e-02  0.0000e+00 
8.4279e+00     3.0542e-02  0.0000e+00     2.5741e-01  0.0000e+00     1.7879e-02  0.0000e+00     1.5068e-01  0.0000e+00 
9.4563e+00     3.4725e-02  0.0000e+00     3.2837e-01  0.0000e+00     2.2807e-02  0.0000e+00     2.1567e-01  0.0000e+00 
1.0610e+01     4.3250e-02  0.0000e+00     4.5889e-01  0.0000e+00     3.1872e-02  0.0000e+00     3.3817e-01  0.0000e+00 
1.1905e+01     2.9863e-02  0.0000e+00     3.5551e-01  0.0000e+00     2.4692e-02  0.0000e+00     2.9395e-01  0.0000e+00 
1.3357e+01     1.9957e-02  0.0000e+00     2.6657e-01  0.0000e+00     1.8515e-02  0.0000e+00     2.4731e-01  0.0000e+00 
1.4987e+01     1.5915e-02  0.0000e+00     2.3852e-01  0.0000e+00     1.6567e-02  0.0000e+00     2.4829e-01  0.0000e+00 
1.6816e+01     2.5452e-02  0.0000e+00     4.2800e-01  0.0000e+00     2.9727e-02  0.0000e+00     4.9989e-01  0.0000e+00 
1.8868e+01     1.6705e-02  0.0000e+00     3.1519e-01  0.0000e+00     2.1892e-02  0.0000e+00     4.1305e-01  0.0000e+00 
2.1170e+01     1.2547e-02  0.0000e+00     2.6562e-01  0.0000e+00     1.8449e-02  0.0000e+00     3.9057e-01  0.0000e+00 
2.3753e+01     1.2454e-02  0.0000e+00     2.9583e-01  0.0000e+00     2.0547e-02  0.0000e+00     4.8806e-01  0.0000e+00 
2.6651e+01     1.0809e-02  0.0000e+00     2.8806e-01  0.0000e+00     2.0008e-02  0.0000e+00     5.3324e-01  0.0000e+00 
2.9903e+01     8.1287e-03  0.0000e+00     2.4307e-01  0.0000e+00     1.6883e-02  0.0000e+00     5.0486e-01  0.0000e+00 
3.3552e+01     6.8882e-03  0.0000e+00     2.3111e-01  0.0000e+00     1.6052e-02  0.0000e+00     5.3859e-01  0.0000e+00 
3.7646e+01     5.4221e-03  0.0000e+00     2.0412e-01  0.0000e+00     1.4177e-02  0.0000e+00     5.3372e-01  0.0000e+00 
4.2240e+01     4.1024e-03  0.0000e+00     1.7329e-01  0.0000e+00     1.2036e-02  0.0000e+00     5.0838e-01  0.0000e+00 
4.7394e+01     3.1167e-03  0.0000e+00     1.4771e-01  0.0000e+00     1.0259e-02  0.0000e+00     4.8623e-01  0.0000e+00 
5.3176e+01     2.2550e-03  0.0000e+00     1.1991e-01  0.0000e+00     8.3288e-03  0.0000e+00     4.4290e-01  0.0000e+00 
5.9665e+01     1.6149e-03  0.0000e+00     9.6355e-02  0.0000e+00     6.6925e-03  0.0000e+00     3.9931e-01  0.0000e+00 
6.6945e+01     1.0423e-03  0.0000e+00     6.9780e-02  0.0000e+00     4.8466e-03  0.0000e+00     3.2446e-01  0.0000e+00 
7.5114e+01     6.6009e-04  0.0000e+00     4.9582e-02  0.0000e+00     3.4438e-03  0.0000e+00     2.5867e-01  0.0000e+00 
8.4279e+01     3.8865e-04  0.0000e+00     3.2755e-02  0.0000e+00     2.2751e-03  0.0000e+00     1.9174e-01  0.0000e+00 
9.4563e+01     2.2331e-04  0.0000e+00     2.1117e-02  0.0000e+00     1.4667e-03  0.0000e+00     1.3869e-01  0.0000e+00 
1.0610e+02     1.1648e-04  0.0000e+00     1.2359e-02  0.0000e+00     8.5840e-04  0.0000e+00     9.1077e-02  0.0000e+00 
1.1905e+02     5.6555e-05  0.0000e+00     6.7327e-03  0.0000e+00     4.6763e-04  0.0000e+00     5.5669e-02  0.0000e+00 
1.3357e+02     2.1568e-05  0.0000e+00     2.8810e-03  0.0000e+00     2.0010e-04  0.0000e+00     2.6728e-02  0.0000e+00 
1.4987e+02     7.5220e-06  0.0000e+00     1.1273e-03  0.0000e+00     7.8300e-05  0.0000e+00     1.1735e-02  0.0000e+00 
1.6816e+02     2.7312e-06  0.0000e+00     4.5928e-04  0.0000e+00     3.1900e-05  0.0000e+00     5.3643e-03  0.0000e+00 
1.8868e+02     7.7453e-07  0.0000e+00     1.4614e-04  0.0000e+00     1.0150e-05  0.0000e+00     1.9151e-03  0.0000e+00 
2.1170e+02     1.9723e-07  0.0000e+00     4.1753e-05  0.0000e+00     2.9000e-06  0.0000e+00     6.1393e-04  0.0000e+00 
2.3753e+02     4.3945e-08  0.0000e+00     1.0438e-05  0.0000e+00     7.2500e-07  0.0000e+00     1.7221e-04  0.0000e+00 
2.6651e+02     3.9166e-08  0.0000e+00     1.0438e-05  0.0000e+00     7.2500e-07  0.0000e+00     1.9322e-04  0.0000e+00 
2.9903e+02     0.0000e+00  0.0000e+00     0.0000e+00  0.0000e+00     0.0000e+00  0.0000e+00     0.0000e+00  0.0000e+00 
3.3552e+02     0.0000e+00  0.0000e+00     0.0000e+00  0.0000e+00     0.0000e+00  0.0000e+00     0.0000e+00  0.0000e+00 
3.7646e+02     0.0000e+00  0.0000e+00     0.0000e+00  0.0000e+00     0.0000e+00  0.0000e+00     0.0000e+00  0.0000e+00 
4.2240e+02     0.0000e+00  0.0000e+00     0.0000e+00  0.0000e+00     0.0000e+00  0.0000e+00     0.0000e+00  0.0000e+00 
4.7394e+02     0.0000e+00  0.0000e+00     0.0000e+00  0.0000e+00     0.0000e+00  0.0000e+00     0.0000e+00  0.0000e+00 
5.3176e+02     0.0000e+00  0.0000e+00     0.0000e+00  0.0000e+00     0.0000e+00  0.0000e+00     0.0000e+00  0.0000e+00 
5.9665e+02     0.0000e+00  0.0000e+00     0.0000e+00  0.0000e+00     0.0000e+00  0.0000e+00     0.0000e+00  0.0000e+00 
6.6945e+02     0.0000e+00  0.0000e+00     0.0000e+00  0.0000e+00     0.0000e+00  0.0000e+00     0.0000e+00  0.0000e+00 
7.5114e+02     0.0000e+00  0.0000e+00     0.0000e+00  0.0000e+00     0.0000e+00  0.0000e+00     0.0000e+00  0.0000e+00 
8.4279e+02     0.0000e+00  0.0000e+00     0.0000e+00  0.0000e+00     0.0000e+00  0.0000e+00     0.0000e+00  0.0000e+00 
9.4563e+02     0.0000e+00  0.0000e+00     0.0000e+00  0.0000e+00     0.0000e+00  0.0000e+00     0.0000e+00  0.0000e+00 
1.0610e+03     0.0000e+00  0.0000e+00     0.0000e+00  0.0000e+00     0.0000e+00  0.0000e+00     0.0000e+00  0.0000e+00 
1.1905e+03     0.0000e+00  0.0000e+00     0.0000e+00  0.0000e+00     0.0000e+00  0.0000e+00     0.0000e+00  0.0000e+00 
1.3357e+03     0.0000e+00  0.0000e+00     0.0000e+00  0.0000e+00     0.0000e+00  0.0000e+00     0.0000e+00  0.0000e+00 
1.4987e+03     0.0000e+00  0.0000e+00     0.0000e+00  0.0000e+00     0.0000e+00  0.0000e+00     0.0000e+00  0.0000e+00 
1.6816e+03     0.0000e+00  0.0000e+00     0.0000e+00  0.0000e+00     0.0000e+00  0.0000e+00     0.0000e+00  0.0000e+00 
1.8868e+03     0.0000e+00  0.0000e+00     0.0000e+00  0.0000e+00     0.0000e+00  0.0000e+00     0.0000e+00  0.0000e+00 
2.1170e+03     0.0000e+00  0.0000e+00     0.0000e+00  0.0000e+00     0.0000e+00  0.0000e+00     0.0000e+00  0.0000e+00 
2.3753e+03     0.0000e+00  0.0000e+00     0.0000e+00  0.0000e+00     0.0000e+00  0.0000e+00     0.0000e+00  0.0000e+00 
2.6651e+03     0.0000e+00  0.0000e+00     0.0000e+00  0.0000e+00     0.0000e+00  0.0000e+00     0.0000e+00  0.0000e+00 
2.9903e+03     0.0000e+00  0.0000e+00     0.0000e+00  0.0000e+00     0.0000e+00  0.0000e+00     0.0000e+00  0.0000e+00 
3.3552e+03     0.0000e+00  0.0000e+00     0.0000e+00  0.0000e+00     0.0000e+00  0.0000e+00     0.0000e+00  0.0000e+00 
3.7646e+03     0.0000e+00  0.0000e+00     0.0000e+00  0.0000e+00     0.0000e+00  0.0000e+00     0.0000e+00  0.0000e+00 
4.2240e+03     0.0000e+00  0.0000e+00     0.0000e+00  0.0000e+00     0.0000e+00  0.0000e+00     0.0000e+00  0.0000e+00 
4.7394e+03     0.0000e+00  0.0000e+00     0.0000e+00  0.0000e+00     0.0000e+00  0.0000e+00     0.0000e+00  0.0000e+00 
5.3176e+03     0.0000e+00  0.0000e+00     0.0000e+00  0.0000e+00     0.0000e+00  0.0000e+00     0.0000e+00  0.0000e+00 
5.9665e+03     0.0000e+00  0.0000e+00     0.0000e+00  0.0000e+00     0.0000e+00  0.0000e+00     0.0000e+00  0.0000e+00 
6.6945e+03     0.0000e+00  0.0000e+00     0.0000e+00  0.0000e+00     0.0000e+00  0.0000e+00     0.0000e+00  0.0000e+00 
7.5114e+03     0.0000e+00  0.0000e+00     0.0000e+00  0.0000e+00     0.0000e+00  0.0000e+00     0.0000e+00  0.0000e+00 
8.4279e+03     0.0000e+00  0.0000e+00     0.0000e+00  0.0000e+00     0.0000e+00  0.0000e+00     0.0000e+00  0.0000e+00 
9.4563e+03     0.0000e+00  0.0000e+00     0.0000e+00  0.0000e+00     0.0000e+00  0.0000e+00     0.0000e+00  0.0000e+00 
