yF = 5.5801e+00 (std: 0.0000e+00) keV/um
yD = 2.3381e+01 (std: 0.0000e+00) keV/um
y (keV/um)     f(y)(std)                  yf(y)(std)                 d(y)(std)                  yd(y)(std)  
1.0610e-01     2.1255e+01  0.0000e+00     2.2552e+00  0.0000e+00     4.0415e-01  0.0000e+00     4.2881e-02  0.0000e+00 
1.1905e-01     1.7742e+00  0.0000e+00     2.1121e-01  0.0000e+00     3.7850e-02  0.0000e+00     4.5060e-03  0.0000e+00 
1.3357e-01     5.9330e-01  0.0000e+00     7.9248e-02  0.0000e+00     1.4202e-02  0.0000e+00     1.8970e-03  0.0000e+00 
1.4987e-01     2.5086e+00  0.0000e+00     3.7597e-01  0.0000e+00     6.7378e-02  0.0000e+00     1.0098e-02  0.0000e+00 
1.6816e-01     8.5890e-01  0.0000e+00     1.4443e-01  0.0000e+00     2.5883e-02  0.0000e+00     4.3525e-03  0.0000e+00 
1.8868e-01     6.2164e-01  0.0000e+00     1.1729e-01  0.0000e+00     2.1019e-02  0.0000e+00     3.9658e-03  0.0000e+00 
2.1170e-01     6.6113e-01  0.0000e+00     1.3996e-01  0.0000e+00     2.5082e-02  0.0000e+00     5.3098e-03  0.0000e+00 
2.3753e-01     6.1827e-01  0.0000e+00     1.4686e-01  0.0000e+00     2.6318e-02  0.0000e+00     6.2514e-03  0.0000e+00 
2.6651e-01     3.0865e-01  0.0000e+00     8.2259e-02  0.0000e+00     1.4742e-02  0.0000e+00     3.9288e-03  0.0000e+00 
2.9903e-01     2.7433e-01  0.0000e+00     8.2035e-02  0.0000e+00     1.4701e-02  0.0000e+00     4.3962e-03  0.0000e+00 
3.3552e-01     1.1754e+00  0.0000e+00     3.9438e-01  0.0000e+00     7.0676e-02  0.0000e+00     2.3713e-02  0.0000e+00 
3.7646e-01     8.4198e-01  0.0000e+00     3.1697e-01  0.0000e+00     5.6804e-02  0.0000e+00     2.1384e-02  0.0000e+00 
4.2240e-01     4.0619e-01  0.0000e+00     1.7157e-01  0.0000e+00     3.0747e-02  0.0000e+00     1.2988e-02  0.0000e+00 
4.7394e-01     4.1033e-01  0.0000e+00     1.9447e-01  0.0000e+00     3.4851e-02  0.0000e+00     1.6517e-02  0.0000e+00 
5.3176e-01     2.8116e-01  0.0000e+00     1.4951e-01  0.0000e+00     2.6793e-02  0.0000e+00     1.4248e-02  0.0000e+00 
5.9665e-01     1.6050e-01  0.0000e+00     9.5763e-02  0.0000e+00     1.7162e-02  0.0000e+00     1.0239e-02  0.0000e+00 
6.6945e-01     2.1867e-01  0.0000e+00     1.4639e-01  0.0000e+00     2.6234e-02  0.0000e+00     1.7562e-02  0.0000e+00 
7.5114e-01     1.9516e-01  0.0000e+00     1.4659e-01  0.0000e+00     2.6270e-02  0.0000e+00     1.9732e-02  0.0000e+00 
8.4279e-01     1.0656e-01  0.0000e+00     8.9809e-02  0.0000e+00     1.6094e-02  0.0000e+00     1.3564e-02  0.0000e+00 
9.4563e-01     6.5414e-02  0.0000e+00     6.1857e-02  0.0000e+00     1.1085e-02  0.0000e+00     1.0483e-02  0.0000e+00 
1.0610e+00     5.1397e-02  0.0000e+00     5.4532e-02  0.0000e+00     9.7727e-03  0.0000e+00     1.0369e-02  0.0000e+00 
1.1905e+00     3.1255e-02  0.0000e+00     3.7209e-02  0.0000e+00     6.6681e-03  0.0000e+00     7.9382e-03  0.0000e+00 
1.3357e+00     1.8386e-02  0.0000e+00     2.4559e-02  0.0000e+00     4.4011e-03  0.0000e+00     5.8787e-03  0.0000e+00 
1.4987e+00     1.0105e-02  0.0000e+00     1.5144e-02  0.0000e+00     2.7140e-03  0.0000e+00     4.0674e-03  0.0000e+00 
1.6816e+00     5.4249e-03  0.0000e+00     9.1224e-03  0.0000e+00     1.6348e-03  0.0000e+00     2.7491e-03  0.0000e+00 
1.8868e+00     2.2508e-03  0.0000e+00     4.2467e-03  0.0000e+00     7.6104e-04  0.0000e+00     1.4359e-03  0.0000e+00 
2.1170e+00     9.4462e-04  0.0000e+00     1.9997e-03  0.0000e+00     3.5837e-04  0.0000e+00     7.5867e-04  0.0000e+00 
2.3753e+00     2.9324e-04  0.0000e+00     6.9654e-04  0.0000e+00     1.2483e-04  0.0000e+00     2.9650e-04  0.0000e+00 
2.6651e+00     1.2646e-04  0.0000e+00     3.3704e-04  0.0000e+00     6.0400e-05  0.0000e+00     1.6097e-04  0.0000e+00 
2.9903e+00     7.5139e-06  0.0000e+00     2.2469e-05  0.0000e+00     4.0266e-06  0.0000e+00     1.2041e-05  0.0000e+00 
3.3552e+00     6.6968e-06  0.0000e+00     2.2469e-05  0.0000e+00     4.0266e-06  0.0000e+00     1.3510e-05  0.0000e+00 
3.7646e+00     5.9685e-06  0.0000e+00     2.2469e-05  0.0000e+00     4.0266e-06  0.0000e+00     1.5159e-05  0.0000e+00 
4.2240e+00     0.0000e+00  0.0000e+00     0.0000e+00  0.0000e+00     0.0000e+00  0.0000e+00     0.0000e+00  0.0000e+00 
4.7394e+00     0.0000e+00  0.0000e+00     0.0000e+00  0.0000e+00     0.0000e+00  0.0000e+00     0.0000e+00  0.0000e+00 
5.3176e+00     4.2254e-06  0.0000e+00     2.2469e-05  0.0000e+00     4.0266e-06  0.0000e+00     2.1412e-05  0.0000e+00 
5.9665e+00     1.0379e-01  0.0000e+00     6.1927e-01  0.0000e+00     1.1098e-01  0.0000e+00     6.6215e-01  0.0000e+00 
6.6945e+00     2.8072e-02  0.0000e+00     1.8793e-01  0.0000e+00     3.3679e-02  0.0000e+00     2.2546e-01  0.0000e+00 
7.5114e+00     7.1254e-03  0.0000e+00     5.3521e-02  0.0000e+00     9.5915e-03  0.0000e+00     7.2045e-02  0.0000e+00 
8.4279e+00     2.9212e-02  0.0000e+00     2.4619e-01  0.0000e+00     4.4120e-02  0.0000e+00     3.7184e-01  0.0000e+00 
9.4563e+00     2.0311e-02  0.0000e+00     1.9207e-01  0.0000e+00     3.4420e-02  0.0000e+00     3.2548e-01  0.0000e+00 
1.0610e+01     2.9599e-02  0.0000e+00     3.1405e-01  0.0000e+00     5.6280e-02  0.0000e+00     5.9714e-01  0.0000e+00 
1.1905e+01     2.2655e-02  0.0000e+00     2.6970e-01  0.0000e+00     4.8332e-02  0.0000e+00     5.7538e-01  0.0000e+00 
1.3357e+01     1.6379e-02  0.0000e+00     2.1878e-01  0.0000e+00     3.9207e-02  0.0000e+00     5.2371e-01  0.0000e+00 
1.4987e+01     1.0640e-02  0.0000e+00     1.5946e-01  0.0000e+00     2.8577e-02  0.0000e+00     4.2829e-01  0.0000e+00 
1.6816e+01     7.3624e-03  0.0000e+00     1.2380e-01  0.0000e+00     2.2187e-02  0.0000e+00     3.7309e-01  0.0000e+00 
1.8868e+01     5.6971e-03  0.0000e+00     1.0749e-01  0.0000e+00     1.9263e-02  0.0000e+00     3.6346e-01  0.0000e+00 
2.1170e+01     5.3175e-03  0.0000e+00     1.1257e-01  0.0000e+00     2.0173e-02  0.0000e+00     4.2707e-01  0.0000e+00 
2.3753e+01     4.8470e-03  0.0000e+00     1.1513e-01  0.0000e+00     2.0633e-02  0.0000e+00     4.9008e-01  0.0000e+00 
2.6651e+01     3.3099e-03  0.0000e+00     8.8214e-02  0.0000e+00     1.5809e-02  0.0000e+00     4.2132e-01  0.0000e+00 
2.9903e+01     2.2978e-03  0.0000e+00     6.8710e-02  0.0000e+00     1.2313e-02  0.0000e+00     3.6821e-01  0.0000e+00 
3.3552e+01     1.9869e-03  0.0000e+00     6.6666e-02  0.0000e+00     1.1947e-02  0.0000e+00     4.0085e-01  0.0000e+00 
3.7646e+01     1.4760e-03  0.0000e+00     5.5566e-02  0.0000e+00     9.9579e-03  0.0000e+00     3.7487e-01  0.0000e+00 
4.2240e+01     9.8410e-04  0.0000e+00     4.1568e-02  0.0000e+00     7.4493e-03  0.0000e+00     3.1465e-01  0.0000e+00 
4.7394e+01     7.3106e-04  0.0000e+00     3.4647e-02  0.0000e+00     6.2091e-03  0.0000e+00     2.9427e-01  0.0000e+00 
5.3176e+01     4.9352e-04  0.0000e+00     2.6244e-02  0.0000e+00     4.7031e-03  0.0000e+00     2.5009e-01  0.0000e+00 
5.9665e+01     2.9637e-04  0.0000e+00     1.7683e-02  0.0000e+00     3.1690e-03  0.0000e+00     1.8908e-01  0.0000e+00 
6.6945e+01     1.7151e-04  0.0000e+00     1.1482e-02  0.0000e+00     2.0576e-03  0.0000e+00     1.3775e-01  0.0000e+00 
7.5114e+01     9.3928e-05  0.0000e+00     7.0553e-03  0.0000e+00     1.2644e-03  0.0000e+00     9.4971e-02  0.0000e+00 
8.4279e+01     5.1988e-05  0.0000e+00     4.3815e-03  0.0000e+00     7.8520e-04  0.0000e+00     6.6175e-02  0.0000e+00 
9.4563e+01     2.2811e-05  0.0000e+00     2.1570e-03  0.0000e+00     3.8656e-04  0.0000e+00     3.6554e-02  0.0000e+00 
1.0610e+02     5.9296e-06  0.0000e+00     6.2913e-04  0.0000e+00     1.1275e-04  0.0000e+00     1.1962e-02  0.0000e+00 
1.1905e+02     3.9636e-06  0.0000e+00     4.7185e-04  0.0000e+00     8.4559e-05  0.0000e+00     1.0067e-02  0.0000e+00 
1.3357e+02     1.8504e-06  0.0000e+00     2.4716e-04  0.0000e+00     4.4293e-05  0.0000e+00     5.9164e-03  0.0000e+00 
1.4987e+02     4.4977e-07  0.0000e+00     6.7407e-05  0.0000e+00     1.2080e-05  0.0000e+00     1.8104e-03  0.0000e+00 
1.6816e+02     0.0000e+00  0.0000e+00     0.0000e+00  0.0000e+00     0.0000e+00  0.0000e+00     0.0000e+00  0.0000e+00 
1.8868e+02     0.0000e+00  0.0000e+00     0.0000e+00  0.0000e+00     0.0000e+00  0.0000e+00     0.0000e+00  0.0000e+00 
2.1170e+02     0.0000e+00  0.0000e+00     0.0000e+00  0.0000e+00     0.0000e+00  0.0000e+00     0.0000e+00  0.0000e+00 
2.3753e+02     0.0000e+00  0.0000e+00     0.0000e+00  0.0000e+00     0.0000e+00  0.0000e+00     0.0000e+00  0.0000e+00 
2.6651e+02     0.0000e+00  0.0000e+00     0.0000e+00  0.0000e+00     0.0000e+00  0.0000e+00     0.0000e+00  0.0000e+00 
2.9903e+02     0.0000e+00  0.0000e+00     0.0000e+00  0.0000e+00     0.0000e+00  0.0000e+00     0.0000e+00  0.0000e+00 
3.3552e+02     0.0000e+00  0.0000e+00     0.0000e+00  0.0000e+00     0.0000e+00  0.0000e+00     0.0000e+00  0.0000e+00 
3.7646e+02     0.0000e+00  0.0000e+00     0.0000e+00  0.0000e+00     0.0000e+00  0.0000e+00     0.0000e+00  0.0000e+00 
4.2240e+02     0.0000e+00  0.0000e+00     0.0000e+00  0.0000e+00     0.0000e+00  0.0000e+00     0.0000e+00  0.0000e+00 
4.7394e+02     0.0000e+00  0.0000e+00     0.0000e+00  0.0000e+00     0.0000e+00  0.0000e+00     0.0000e+00  0.0000e+00 
5.3176e+02     0.0000e+00  0.0000e+00     0.0000e+00  0.0000e+00     0.0000e+00  0.0000e+00     0.0000e+00  0.0000e+00 
5.9665e+02     0.0000e+00  0.0000e+00     0.0000e+00  0.0000e+00     0.0000e+00  0.0000e+00     0.0000e+00  0.0000e+00 
6.6945e+02     0.0000e+00  0.0000e+00     0.0000e+00  0.0000e+00     0.0000e+00  0.0000e+00     0.0000e+00  0.0000e+00 
7.5114e+02     0.0000e+00  0.0000e+00     0.0000e+00  0.0000e+00     0.0000e+00  0.0000e+00     0.0000e+00  0.0000e+00 
8.4279e+02     0.0000e+00  0.0000e+00     0.0000e+00  0.0000e+00     0.0000e+00  0.0000e+00     0.0000e+00  0.0000e+00 
9.4563e+02     0.0000e+00  0.0000e+00     0.0000e+00  0.0000e+00     0.0000e+00  0.0000e+00     0.0000e+00  0.0000e+00 
1.0610e+03     0.0000e+00  0.0000e+00     0.0000e+00  0.0000e+00     0.0000e+00  0.0000e+00     0.0000e+00  0.0000e+00 
1.1905e+03     0.0000e+00  0.0000e+00     0.0000e+00  0.0000e+00     0.0000e+00  0.0000e+00     0.0000e+00  0.0000e+00 
1.3357e+03     0.0000e+00  0.0000e+00     0.0000e+00  0.0000e+00     0.0000e+00  0.0000e+00     0.0000e+00  0.0000e+00 
1.4987e+03     0.0000e+00  0.0000e+00     0.0000e+00  0.0000e+00     0.0000e+00  0.0000e+00     0.0000e+00  0.0000e+00 
1.6816e+03     0.0000e+00  0.0000e+00     0.0000e+00  0.0000e+00     0.0000e+00  0.0000e+00     0.0000e+00  0.0000e+00 
1.8868e+03     0.0000e+00  0.0000e+00     0.0000e+00  0.0000e+00     0.0000e+00  0.0000e+00     0.0000e+00  0.0000e+00 
2.1170e+03     0.0000e+00  0.0000e+00     0.0000e+00  0.0000e+00     0.0000e+00  0.0000e+00     0.0000e+00  0.0000e+00 
2.3753e+03     0.0000e+00  0.0000e+00     0.0000e+00  0.0000e+00     0.0000e+00  0.0000e+00     0.0000e+00  0.0000e+00 
2.6651e+03     0.0000e+00  0.0000e+00     0.0000e+00  0.0000e+00     0.0000e+00  0.0000e+00     0.0000e+00  0.0000e+00 
2.9903e+03     0.0000e+00  0.0000e+00     0.0000e+00  0.0000e+00     0.0000e+00  0.0000e+00     0.0000e+00  0.0000e+00 
3.3552e+03     0.0000e+00  0.0000e+00     0.0000e+00  0.0000e+00     0.0000e+00  0.0000e+00     0.0000e+00  0.0000e+00 
3.7646e+03     0.0000e+00  0.0000e+00     0.0000e+00  0.0000e+00     0.0000e+00  0.0000e+00     0.0000e+00  0.0000e+00 
4.2240e+03     0.0000e+00  0.0000e+00     0.0000e+00  0.0000e+00     0.0000e+00  0.0000e+00     0.0000e+00  0.0000e+00 
4.7394e+03     0.0000e+00  0.0000e+00     0.0000e+00  0.0000e+00     0.0000e+00  0.0000e+00     0.0000e+00  0.0000e+00 
5.3176e+03     0.0000e+00  0.0000e+00     0.0000e+00  0.0000e+00     0.0000e+00  0.0000e+00     0.0000e+00  0.0000e+00 
5.9665e+03     0.0000e+00  0.0000e+00     0.0000e+00  0.0000e+00     0.0000e+00  0.0000e+00     0.0000e+00  0.0000e+00 
6.6945e+03     0.0000e+00  0.0000e+00     0.0000e+00  0.0000e+00     0.0000e+00  0.0000e+00     0.0000e+00  0.0000e+00 
7.5114e+03     0.0000e+00  0.0000e+00     0.0000e+00  0.0000e+00     0.0000e+00  0.0000e+00     0.0000e+00  0.0000e+00 
8.4279e+03     0.0000e+00  0.0000e+00     0.0000e+00  0.0000e+00     0.0000e+00  0.0000e+00     0.0000e+00  0.0000e+00 
9.4563e+03     0.0000e+00  0.0000e+00     0.0000e+00  0.0000e+00     0.0000e+00  0.0000e+00     0.0000e+00  0.0000e+00 
