yF = 3.9305e+00 (std: 0.0000e+00) keV/um
yD = 2.1022e+01 (std: 0.0000e+00) keV/um
y (keV/um)     f(y)(std)                  yf(y)(std)                 d(y)(std)                  yd(y)(std)  
1.0610e-01     2.6542e+01  0.0000e+00     2.8162e+00  0.0000e+00     7.1650e-01  0.0000e+00     7.6022e-02  0.0000e+00 
1.1905e-01     1.8767e+00  0.0000e+00     2.2341e-01  0.0000e+00     5.6842e-02  0.0000e+00     6.7668e-03  0.0000e+00 
1.3357e-01     5.2819e-01  0.0000e+00     7.0552e-02  0.0000e+00     1.7950e-02  0.0000e+00     2.3976e-03  0.0000e+00 
1.4987e-01     3.1383e+00  0.0000e+00     4.7034e-01  0.0000e+00     1.1967e-01  0.0000e+00     1.7935e-02  0.0000e+00 
1.6816e-01     8.9155e-01  0.0000e+00     1.4992e-01  0.0000e+00     3.8144e-02  0.0000e+00     6.4142e-03  0.0000e+00 
1.8868e-01     8.2576e-01  0.0000e+00     1.5580e-01  0.0000e+00     3.9640e-02  0.0000e+00     7.4791e-03  0.0000e+00 
2.1170e-01     6.6653e-01  0.0000e+00     1.4110e-01  0.0000e+00     3.5900e-02  0.0000e+00     7.6000e-03  0.0000e+00 
2.3753e-01     4.9504e-01  0.0000e+00     1.1759e-01  0.0000e+00     2.9917e-02  0.0000e+00     7.1061e-03  0.0000e+00 
2.6651e-01     2.3163e-01  0.0000e+00     6.1733e-02  0.0000e+00     1.5706e-02  0.0000e+00     4.1859e-03  0.0000e+00 
2.9903e-01     2.3593e-01  0.0000e+00     7.0552e-02  0.0000e+00     1.7950e-02  0.0000e+00     5.3676e-03  0.0000e+00 
3.3552e-01     1.3843e+00  0.0000e+00     4.6446e-01  0.0000e+00     1.1817e-01  0.0000e+00     3.9649e-02  0.0000e+00 
3.7646e-01     9.9951e-01  0.0000e+00     3.7628e-01  0.0000e+00     9.5733e-02  0.0000e+00     3.6040e-02  0.0000e+00 
4.2240e-01     3.6189e-01  0.0000e+00     1.5286e-01  0.0000e+00     3.8892e-02  0.0000e+00     1.6428e-02  0.0000e+00 
4.7394e-01     3.9697e-01  0.0000e+00     1.8814e-01  0.0000e+00     4.7867e-02  0.0000e+00     2.2686e-02  0.0000e+00 
5.3176e-01     2.1560e-01  0.0000e+00     1.1465e-01  0.0000e+00     2.9169e-02  0.0000e+00     1.5511e-02  0.0000e+00 
5.9665e-01     2.1678e-01  0.0000e+00     1.2934e-01  0.0000e+00     3.2908e-02  0.0000e+00     1.9635e-02  0.0000e+00 
6.6945e-01     2.2395e-01  0.0000e+00     1.4992e-01  0.0000e+00     3.8144e-02  0.0000e+00     2.5535e-02  0.0000e+00 
7.5114e-01     1.5263e-01  0.0000e+00     1.1465e-01  0.0000e+00     2.9169e-02  0.0000e+00     2.1910e-02  0.0000e+00 
8.4279e-01     1.0115e-01  0.0000e+00     8.5250e-02  0.0000e+00     2.1690e-02  0.0000e+00     1.8280e-02  0.0000e+00 
9.4563e-01     3.7304e-02  0.0000e+00     3.5276e-02  0.0000e+00     8.9750e-03  0.0000e+00     8.4870e-03  0.0000e+00 
1.0610e+00     4.1559e-02  0.0000e+00     4.4095e-02  0.0000e+00     1.1219e-02  0.0000e+00     1.1903e-02  0.0000e+00 
1.1905e+00     2.4693e-02  0.0000e+00     2.9396e-02  0.0000e+00     7.4792e-03  0.0000e+00     8.9037e-03  0.0000e+00 
1.3357e+00     1.7606e-02  0.0000e+00     2.3517e-02  0.0000e+00     5.9833e-03  0.0000e+00     7.9921e-03  0.0000e+00 
1.4987e+00     5.8843e-03  0.0000e+00     8.8189e-03  0.0000e+00     2.2437e-03  0.0000e+00     3.3627e-03  0.0000e+00 
1.6816e+00     0.0000e+00  0.0000e+00     0.0000e+00  0.0000e+00     0.0000e+00  0.0000e+00     0.0000e+00  0.0000e+00 
1.8868e+00     0.0000e+00  0.0000e+00     0.0000e+00  0.0000e+00     0.0000e+00  0.0000e+00     0.0000e+00  0.0000e+00 
2.1170e+00     0.0000e+00  0.0000e+00     0.0000e+00  0.0000e+00     0.0000e+00  0.0000e+00     0.0000e+00  0.0000e+00 
2.3753e+00     0.0000e+00  0.0000e+00     0.0000e+00  0.0000e+00     0.0000e+00  0.0000e+00     0.0000e+00  0.0000e+00 
2.6651e+00     0.0000e+00  0.0000e+00     0.0000e+00  0.0000e+00     0.0000e+00  0.0000e+00     0.0000e+00  0.0000e+00 
2.9903e+00     0.0000e+00  0.0000e+00     0.0000e+00  0.0000e+00     0.0000e+00  0.0000e+00     0.0000e+00  0.0000e+00 
3.3552e+00     0.0000e+00  0.0000e+00     0.0000e+00  0.0000e+00     0.0000e+00  0.0000e+00     0.0000e+00  0.0000e+00 
3.7646e+00     0.0000e+00  0.0000e+00     0.0000e+00  0.0000e+00     0.0000e+00  0.0000e+00     0.0000e+00  0.0000e+00 
4.2240e+00     0.0000e+00  0.0000e+00     0.0000e+00  0.0000e+00     0.0000e+00  0.0000e+00     0.0000e+00  0.0000e+00 
4.7394e+00     0.0000e+00  0.0000e+00     0.0000e+00  0.0000e+00     0.0000e+00  0.0000e+00     0.0000e+00  0.0000e+00 
5.3176e+00     0.0000e+00  0.0000e+00     0.0000e+00  0.0000e+00     0.0000e+00  0.0000e+00     0.0000e+00  0.0000e+00 
5.9665e+00     1.2711e-01  0.0000e+00     7.5843e-01  0.0000e+00     1.9296e-01  0.0000e+00     1.1513e+00  0.0000e+00 
6.6945e+00     2.4151e-02  0.0000e+00     1.6168e-01  0.0000e+00     4.1135e-02  0.0000e+00     2.7538e-01  0.0000e+00 
7.5114e+00     3.1309e-03  0.0000e+00     2.3517e-02  0.0000e+00     5.9833e-03  0.0000e+00     4.4943e-02  0.0000e+00 
8.4279e+00     2.6509e-02  0.0000e+00     2.2341e-01  0.0000e+00     5.6842e-02  0.0000e+00     4.7906e-01  0.0000e+00 
9.4563e+00     1.9896e-02  0.0000e+00     1.8814e-01  0.0000e+00     4.7867e-02  0.0000e+00     4.5264e-01  0.0000e+00 
1.0610e+01     2.1057e-02  0.0000e+00     2.2341e-01  0.0000e+00     5.6842e-02  0.0000e+00     6.0309e-01  0.0000e+00 
1.1905e+01     1.5063e-02  0.0000e+00     1.7932e-01  0.0000e+00     4.5623e-02  0.0000e+00     5.4313e-01  0.0000e+00 
1.3357e+01     1.1224e-02  0.0000e+00     1.4992e-01  0.0000e+00     3.8144e-02  0.0000e+00     5.0950e-01  0.0000e+00 
1.4987e+01     4.5113e-03  0.0000e+00     6.7612e-02  0.0000e+00     1.7202e-02  0.0000e+00     2.5781e-01  0.0000e+00 
1.6816e+01     3.3215e-03  0.0000e+00     5.5853e-02  0.0000e+00     1.4210e-02  0.0000e+00     2.3896e-01  0.0000e+00 
1.8868e+01     2.9603e-03  0.0000e+00     5.5853e-02  0.0000e+00     1.4210e-02  0.0000e+00     2.6812e-01  0.0000e+00 
2.1170e+01     3.6104e-03  0.0000e+00     7.6431e-02  0.0000e+00     1.9446e-02  0.0000e+00     4.1167e-01  0.0000e+00 
2.3753e+01     2.4752e-03  0.0000e+00     5.8793e-02  0.0000e+00     1.4958e-02  0.0000e+00     3.5531e-01  0.0000e+00 
2.6651e+01     1.9854e-03  0.0000e+00     5.2914e-02  0.0000e+00     1.3462e-02  0.0000e+00     3.5879e-01  0.0000e+00 
2.9903e+01     2.0644e-03  0.0000e+00     6.1733e-02  0.0000e+00     1.5706e-02  0.0000e+00     4.6967e-01  0.0000e+00 
3.3552e+01     1.3142e-03  0.0000e+00     4.4095e-02  0.0000e+00     1.1219e-02  0.0000e+00     3.7641e-01  0.0000e+00 
3.7646e+01     1.0932e-03  0.0000e+00     4.1155e-02  0.0000e+00     1.0471e-02  0.0000e+00     3.9419e-01  0.0000e+00 
4.2240e+01     6.2635e-04  0.0000e+00     2.6457e-02  0.0000e+00     6.7312e-03  0.0000e+00     2.8432e-01  0.0000e+00 
4.7394e+01     1.8608e-04  0.0000e+00     8.8189e-03  0.0000e+00     2.2437e-03  0.0000e+00     1.0634e-01  0.0000e+00 
5.3176e+01     3.3169e-04  0.0000e+00     1.7638e-02  0.0000e+00     4.4875e-03  0.0000e+00     2.3863e-01  0.0000e+00 
5.9665e+01     9.8539e-05  0.0000e+00     5.8793e-03  0.0000e+00     1.4958e-03  0.0000e+00     8.9249e-02  0.0000e+00 
6.6945e+01     1.7565e-04  0.0000e+00     1.1759e-02  0.0000e+00     2.9917e-03  0.0000e+00     2.0028e-01  0.0000e+00 
7.5114e+01     0.0000e+00  0.0000e+00     0.0000e+00  0.0000e+00     0.0000e+00  0.0000e+00     0.0000e+00  0.0000e+00 
8.4279e+01     1.0464e-04  0.0000e+00     8.8189e-03  0.0000e+00     2.2437e-03  0.0000e+00     1.8910e-01  0.0000e+00 
9.4563e+01     0.0000e+00  0.0000e+00     0.0000e+00  0.0000e+00     0.0000e+00  0.0000e+00     0.0000e+00  0.0000e+00 
1.0610e+02     0.0000e+00  0.0000e+00     0.0000e+00  0.0000e+00     0.0000e+00  0.0000e+00     0.0000e+00  0.0000e+00 
1.1905e+02     0.0000e+00  0.0000e+00     0.0000e+00  0.0000e+00     0.0000e+00  0.0000e+00     0.0000e+00  0.0000e+00 
1.3357e+02     0.0000e+00  0.0000e+00     0.0000e+00  0.0000e+00     0.0000e+00  0.0000e+00     0.0000e+00  0.0000e+00 
1.4987e+02     0.0000e+00  0.0000e+00     0.0000e+00  0.0000e+00     0.0000e+00  0.0000e+00     0.0000e+00  0.0000e+00 
1.6816e+02     0.0000e+00  0.0000e+00     0.0000e+00  0.0000e+00     0.0000e+00  0.0000e+00     0.0000e+00  0.0000e+00 
1.8868e+02     0.0000e+00  0.0000e+00     0.0000e+00  0.0000e+00     0.0000e+00  0.0000e+00     0.0000e+00  0.0000e+00 
2.1170e+02     0.0000e+00  0.0000e+00     0.0000e+00  0.0000e+00     0.0000e+00  0.0000e+00     0.0000e+00  0.0000e+00 
2.3753e+02     0.0000e+00  0.0000e+00     0.0000e+00  0.0000e+00     0.0000e+00  0.0000e+00     0.0000e+00  0.0000e+00 
2.6651e+02     0.0000e+00  0.0000e+00     0.0000e+00  0.0000e+00     0.0000e+00  0.0000e+00     0.0000e+00  0.0000e+00 
2.9903e+02     0.0000e+00  0.0000e+00     0.0000e+00  0.0000e+00     0.0000e+00  0.0000e+00     0.0000e+00  0.0000e+00 
3.3552e+02     0.0000e+00  0.0000e+00     0.0000e+00  0.0000e+00     0.0000e+00  0.0000e+00     0.0000e+00  0.0000e+00 
3.7646e+02     0.0000e+00  0.0000e+00     0.0000e+00  0.0000e+00     0.0000e+00  0.0000e+00     0.0000e+00  0.0000e+00 
4.2240e+02     0.0000e+00  0.0000e+00     0.0000e+00  0.0000e+00     0.0000e+00  0.0000e+00     0.0000e+00  0.0000e+00 
4.7394e+02     0.0000e+00  0.0000e+00     0.0000e+00  0.0000e+00     0.0000e+00  0.0000e+00     0.0000e+00  0.0000e+00 
5.3176e+02     0.0000e+00  0.0000e+00     0.0000e+00  0.0000e+00     0.0000e+00  0.0000e+00     0.0000e+00  0.0000e+00 
5.9665e+02     0.0000e+00  0.0000e+00     0.0000e+00  0.0000e+00     0.0000e+00  0.0000e+00     0.0000e+00  0.0000e+00 
6.6945e+02     0.0000e+00  0.0000e+00     0.0000e+00  0.0000e+00     0.0000e+00  0.0000e+00     0.0000e+00  0.0000e+00 
7.5114e+02     0.0000e+00  0.0000e+00     0.0000e+00  0.0000e+00     0.0000e+00  0.0000e+00     0.0000e+00  0.0000e+00 
8.4279e+02     0.0000e+00  0.0000e+00     0.0000e+00  0.0000e+00     0.0000e+00  0.0000e+00     0.0000e+00  0.0000e+00 
9.4563e+02     0.0000e+00  0.0000e+00     0.0000e+00  0.0000e+00     0.0000e+00  0.0000e+00     0.0000e+00  0.0000e+00 
1.0610e+03     0.0000e+00  0.0000e+00     0.0000e+00  0.0000e+00     0.0000e+00  0.0000e+00     0.0000e+00  0.0000e+00 
1.1905e+03     0.0000e+00  0.0000e+00     0.0000e+00  0.0000e+00     0.0000e+00  0.0000e+00     0.0000e+00  0.0000e+00 
1.3357e+03     0.0000e+00  0.0000e+00     0.0000e+00  0.0000e+00     0.0000e+00  0.0000e+00     0.0000e+00  0.0000e+00 
1.4987e+03     0.0000e+00  0.0000e+00     0.0000e+00  0.0000e+00     0.0000e+00  0.0000e+00     0.0000e+00  0.0000e+00 
1.6816e+03     0.0000e+00  0.0000e+00     0.0000e+00  0.0000e+00     0.0000e+00  0.0000e+00     0.0000e+00  0.0000e+00 
1.8868e+03     0.0000e+00  0.0000e+00     0.0000e+00  0.0000e+00     0.0000e+00  0.0000e+00     0.0000e+00  0.0000e+00 
2.1170e+03     0.0000e+00  0.0000e+00     0.0000e+00  0.0000e+00     0.0000e+00  0.0000e+00     0.0000e+00  0.0000e+00 
2.3753e+03     0.0000e+00  0.0000e+00     0.0000e+00  0.0000e+00     0.0000e+00  0.0000e+00     0.0000e+00  0.0000e+00 
2.6651e+03     0.0000e+00  0.0000e+00     0.0000e+00  0.0000e+00     0.0000e+00  0.0000e+00     0.0000e+00  0.0000e+00 
2.9903e+03     0.0000e+00  0.0000e+00     0.0000e+00  0.0000e+00     0.0000e+00  0.0000e+00     0.0000e+00  0.0000e+00 
3.3552e+03     0.0000e+00  0.0000e+00     0.0000e+00  0.0000e+00     0.0000e+00  0.0000e+00     0.0000e+00  0.0000e+00 
3.7646e+03     0.0000e+00  0.0000e+00     0.0000e+00  0.0000e+00     0.0000e+00  0.0000e+00     0.0000e+00  0.0000e+00 
4.2240e+03     0.0000e+00  0.0000e+00     0.0000e+00  0.0000e+00     0.0000e+00  0.0000e+00     0.0000e+00  0.0000e+00 
4.7394e+03     0.0000e+00  0.0000e+00     0.0000e+00  0.0000e+00     0.0000e+00  0.0000e+00     0.0000e+00  0.0000e+00 
5.3176e+03     0.0000e+00  0.0000e+00     0.0000e+00  0.0000e+00     0.0000e+00  0.0000e+00     0.0000e+00  0.0000e+00 
5.9665e+03     0.0000e+00  0.0000e+00     0.0000e+00  0.0000e+00     0.0000e+00  0.0000e+00     0.0000e+00  0.0000e+00 
6.6945e+03     0.0000e+00  0.0000e+00     0.0000e+00  0.0000e+00     0.0000e+00  0.0000e+00     0.0000e+00  0.0000e+00 
7.5114e+03     0.0000e+00  0.0000e+00     0.0000e+00  0.0000e+00     0.0000e+00  0.0000e+00     0.0000e+00  0.0000e+00 
8.4279e+03     0.0000e+00  0.0000e+00     0.0000e+00  0.0000e+00     0.0000e+00  0.0000e+00     0.0000e+00  0.0000e+00 
9.4563e+03     0.0000e+00  0.0000e+00     0.0000e+00  0.0000e+00     0.0000e+00  0.0000e+00     0.0000e+00  0.0000e+00 
