yF = 5.4764e+00 (std: 0.0000e+00) keV/um
yD = 2.4257e+01 (std: 0.0000e+00) keV/um
y (keV/um)     f(y)(std)                  yf(y)(std)                 d(y)(std)                  yd(y)(std)  
1.0610e-01     2.2042e+01  0.0000e+00     2.3387e+00  0.0000e+00     4.2705e-01  0.0000e+00     4.5310e-02  0.0000e+00 
1.1905e-01     1.7675e+00  0.0000e+00     2.1042e-01  0.0000e+00     3.8422e-02  0.0000e+00     4.5741e-03  0.0000e+00 
1.3357e-01     5.7790e-01  0.0000e+00     7.7192e-02  0.0000e+00     1.4095e-02  0.0000e+00     1.8828e-03  0.0000e+00 
1.4987e-01     2.6172e+00  0.0000e+00     3.9225e-01  0.0000e+00     7.1626e-02  0.0000e+00     1.0735e-02  0.0000e+00 
1.6816e-01     8.6969e-01  0.0000e+00     1.4625e-01  0.0000e+00     2.6705e-02  0.0000e+00     4.4906e-03  0.0000e+00 
1.8868e-01     6.2509e-01  0.0000e+00     1.1794e-01  0.0000e+00     2.1536e-02  0.0000e+00     4.0634e-03  0.0000e+00 
2.1170e-01     6.6241e-01  0.0000e+00     1.4023e-01  0.0000e+00     2.5607e-02  0.0000e+00     5.4209e-03  0.0000e+00 
2.3753e-01     6.0605e-01  0.0000e+00     1.4396e-01  0.0000e+00     2.6287e-02  0.0000e+00     6.2439e-03  0.0000e+00 
2.6651e-01     3.0744e-01  0.0000e+00     8.1937e-02  0.0000e+00     1.4962e-02  0.0000e+00     3.9876e-03  0.0000e+00 
2.9903e-01     2.6247e-01  0.0000e+00     7.8489e-02  0.0000e+00     1.4332e-02  0.0000e+00     4.2858e-03  0.0000e+00 
3.3552e-01     1.2258e+00  0.0000e+00     4.1129e-01  0.0000e+00     7.5102e-02  0.0000e+00     2.5198e-02  0.0000e+00 
3.7646e-01     8.5653e-01  0.0000e+00     3.2245e-01  0.0000e+00     5.8881e-02  0.0000e+00     2.2166e-02  0.0000e+00 
4.2240e-01     4.1063e-01  0.0000e+00     1.7345e-01  0.0000e+00     3.1672e-02  0.0000e+00     1.3378e-02  0.0000e+00 
4.7394e-01     4.1202e-01  0.0000e+00     1.9527e-01  0.0000e+00     3.5657e-02  0.0000e+00     1.6899e-02  0.0000e+00 
5.3176e-01     2.8062e-01  0.0000e+00     1.4922e-01  0.0000e+00     2.7249e-02  0.0000e+00     1.4490e-02  0.0000e+00 
5.9665e-01     1.5342e-01  0.0000e+00     9.1538e-02  0.0000e+00     1.6715e-02  0.0000e+00     9.9730e-03  0.0000e+00 
6.6945e-01     2.1639e-01  0.0000e+00     1.4487e-01  0.0000e+00     2.6453e-02  0.0000e+00     1.7709e-02  0.0000e+00 
7.5114e-01     1.9062e-01  0.0000e+00     1.4318e-01  0.0000e+00     2.6146e-02  0.0000e+00     1.9639e-02  0.0000e+00 
8.4279e-01     1.0200e-01  0.0000e+00     8.5965e-02  0.0000e+00     1.5697e-02  0.0000e+00     1.3230e-02  0.0000e+00 
9.4563e-01     6.6372e-02  0.0000e+00     6.2763e-02  0.0000e+00     1.1461e-02  0.0000e+00     1.0838e-02  0.0000e+00 
1.0610e+00     4.9924e-02  0.0000e+00     5.2969e-02  0.0000e+00     9.6724e-03  0.0000e+00     1.0262e-02  0.0000e+00 
1.1905e+00     2.8296e-02  0.0000e+00     3.3685e-02  0.0000e+00     6.1510e-03  0.0000e+00     7.3226e-03  0.0000e+00 
1.3357e+00     1.6626e-02  0.0000e+00     2.2209e-02  0.0000e+00     4.0553e-03  0.0000e+00     5.4168e-03  0.0000e+00 
1.4987e+00     8.8174e-03  0.0000e+00     1.3215e-02  0.0000e+00     2.4131e-03  0.0000e+00     3.6165e-03  0.0000e+00 
1.6816e+00     4.0687e-03  0.0000e+00     6.8419e-03  0.0000e+00     1.2493e-03  0.0000e+00     2.1009e-03  0.0000e+00 
1.8868e+00     2.3249e-03  0.0000e+00     4.3865e-03  0.0000e+00     8.0099e-04  0.0000e+00     1.5113e-03  0.0000e+00 
2.1170e+00     1.0295e-03  0.0000e+00     2.1795e-03  0.0000e+00     3.9798e-04  0.0000e+00     8.4252e-04  0.0000e+00 
2.3753e+00     2.4391e-04  0.0000e+00     5.7935e-04  0.0000e+00     1.0579e-04  0.0000e+00     2.5129e-04  0.0000e+00 
2.6651e+00     9.3164e-05  0.0000e+00     2.4829e-04  0.0000e+00     4.5339e-05  0.0000e+00     1.2084e-04  0.0000e+00 
2.9903e+00     3.6903e-05  0.0000e+00     1.1035e-04  0.0000e+00     2.0151e-05  0.0000e+00     6.0257e-05  0.0000e+00 
3.3552e+00     8.2225e-06  0.0000e+00     2.7588e-05  0.0000e+00     5.0377e-06  0.0000e+00     1.6902e-05  0.0000e+00 
3.7646e+00     0.0000e+00  0.0000e+00     0.0000e+00  0.0000e+00     0.0000e+00  0.0000e+00     0.0000e+00  0.0000e+00 
4.2240e+00     0.0000e+00  0.0000e+00     0.0000e+00  0.0000e+00     0.0000e+00  0.0000e+00     0.0000e+00  0.0000e+00 
4.7394e+00     0.0000e+00  0.0000e+00     0.0000e+00  0.0000e+00     0.0000e+00  0.0000e+00     0.0000e+00  0.0000e+00 
5.3176e+00     0.0000e+00  0.0000e+00     0.0000e+00  0.0000e+00     0.0000e+00  0.0000e+00     0.0000e+00  0.0000e+00 
5.9665e+00     1.0388e-01  0.0000e+00     6.1977e-01  0.0000e+00     1.1317e-01  0.0000e+00     6.7524e-01  0.0000e+00 
6.6945e+00     2.7261e-02  0.0000e+00     1.8250e-01  0.0000e+00     3.3324e-02  0.0000e+00     2.2309e-01  0.0000e+00 
7.5114e+00     6.7471e-03  0.0000e+00     5.0680e-02  0.0000e+00     9.2542e-03  0.0000e+00     6.9512e-02  0.0000e+00 
8.4279e+00     2.8440e-02  0.0000e+00     2.3969e-01  0.0000e+00     4.3767e-02  0.0000e+00     3.6887e-01  0.0000e+00 
9.4563e+00     1.9804e-02  0.0000e+00     1.8727e-01  0.0000e+00     3.4196e-02  0.0000e+00     3.2336e-01  0.0000e+00 
1.0610e+01     2.8685e-02  0.0000e+00     3.0435e-01  0.0000e+00     5.5576e-02  0.0000e+00     5.8966e-01  0.0000e+00 
1.1905e+01     2.0720e-02  0.0000e+00     2.4667e-01  0.0000e+00     4.5042e-02  0.0000e+00     5.3621e-01  0.0000e+00 
1.3357e+01     1.5517e-02  0.0000e+00     2.0727e-01  0.0000e+00     3.7848e-02  0.0000e+00     5.0555e-01  0.0000e+00 
1.4987e+01     9.8979e-03  0.0000e+00     1.4834e-01  0.0000e+00     2.7088e-02  0.0000e+00     4.0597e-01  0.0000e+00 
1.6816e+01     7.0087e-03  0.0000e+00     1.1786e-01  0.0000e+00     2.1521e-02  0.0000e+00     3.6189e-01  0.0000e+00 
1.8868e+01     5.4511e-03  0.0000e+00     1.0285e-01  0.0000e+00     1.8781e-02  0.0000e+00     3.5435e-01  0.0000e+00 
2.1170e+01     5.1111e-03  0.0000e+00     1.0820e-01  0.0000e+00     1.9758e-02  0.0000e+00     4.1827e-01  0.0000e+00 
2.3753e+01     4.7260e-03  0.0000e+00     1.1226e-01  0.0000e+00     2.0498e-02  0.0000e+00     4.8690e-01  0.0000e+00 
2.6651e+01     3.0827e-03  0.0000e+00     8.2158e-02  0.0000e+00     1.5002e-02  0.0000e+00     3.9983e-01  0.0000e+00 
2.9903e+01     2.2290e-03  0.0000e+00     6.6653e-02  0.0000e+00     1.2171e-02  0.0000e+00     3.6396e-01  0.0000e+00 
3.3552e+01     1.9570e-03  0.0000e+00     6.5660e-02  0.0000e+00     1.1990e-02  0.0000e+00     4.0228e-01  0.0000e+00 
3.7646e+01     1.4144e-03  0.0000e+00     5.3245e-02  0.0000e+00     9.7227e-03  0.0000e+00     3.6602e-01  0.0000e+00 
4.2240e+01     1.0130e-03  0.0000e+00     4.2789e-02  0.0000e+00     7.8135e-03  0.0000e+00     3.3004e-01  0.0000e+00 
4.7394e+01     7.8759e-04  0.0000e+00     3.7327e-02  0.0000e+00     6.8160e-03  0.0000e+00     3.2303e-01  0.0000e+00 
5.3176e+01     4.8508e-04  0.0000e+00     2.5795e-02  0.0000e+00     4.7102e-03  0.0000e+00     2.5047e-01  0.0000e+00 
5.9665e+01     3.1581e-04  0.0000e+00     1.8843e-02  0.0000e+00     3.4407e-03  0.0000e+00     2.0529e-01  0.0000e+00 
6.6945e+01     1.8668e-04  0.0000e+00     1.2497e-02  0.0000e+00     2.2821e-03  0.0000e+00     1.5277e-01  0.0000e+00 
7.5114e+01     1.1790e-04  0.0000e+00     8.8558e-03  0.0000e+00     1.6171e-03  0.0000e+00     1.2147e-01  0.0000e+00 
8.4279e+01     5.8267e-05  0.0000e+00     4.9107e-03  0.0000e+00     8.9671e-04  0.0000e+00     7.5574e-02  0.0000e+00 
9.4563e+01     3.1217e-05  0.0000e+00     2.9519e-03  0.0000e+00     5.3903e-04  0.0000e+00     5.0972e-02  0.0000e+00 
1.0610e+02     1.2221e-05  0.0000e+00     1.2966e-03  0.0000e+00     2.3677e-04  0.0000e+00     2.5122e-02  0.0000e+00 
1.1905e+02     5.5618e-06  0.0000e+00     6.6212e-04  0.0000e+00     1.2090e-04  0.0000e+00     1.4393e-02  0.0000e+00 
1.3357e+02     1.6523e-06  0.0000e+00     2.2071e-04  0.0000e+00     4.0302e-05  0.0000e+00     5.3832e-03  0.0000e+00 
1.4987e+02     5.5224e-07  0.0000e+00     8.2765e-05  0.0000e+00     1.5113e-05  0.0000e+00     2.2650e-03  0.0000e+00 
1.6816e+02     3.2812e-07  0.0000e+00     5.5176e-05  0.0000e+00     1.0075e-05  0.0000e+00     1.6943e-03  0.0000e+00 
1.8868e+02     0.0000e+00  0.0000e+00     0.0000e+00  0.0000e+00     0.0000e+00  0.0000e+00     0.0000e+00  0.0000e+00 
2.1170e+02     0.0000e+00  0.0000e+00     0.0000e+00  0.0000e+00     0.0000e+00  0.0000e+00     0.0000e+00  0.0000e+00 
2.3753e+02     0.0000e+00  0.0000e+00     0.0000e+00  0.0000e+00     0.0000e+00  0.0000e+00     0.0000e+00  0.0000e+00 
2.6651e+02     0.0000e+00  0.0000e+00     0.0000e+00  0.0000e+00     0.0000e+00  0.0000e+00     0.0000e+00  0.0000e+00 
2.9903e+02     0.0000e+00  0.0000e+00     0.0000e+00  0.0000e+00     0.0000e+00  0.0000e+00     0.0000e+00  0.0000e+00 
3.3552e+02     0.0000e+00  0.0000e+00     0.0000e+00  0.0000e+00     0.0000e+00  0.0000e+00     0.0000e+00  0.0000e+00 
3.7646e+02     0.0000e+00  0.0000e+00     0.0000e+00  0.0000e+00     0.0000e+00  0.0000e+00     0.0000e+00  0.0000e+00 
4.2240e+02     0.0000e+00  0.0000e+00     0.0000e+00  0.0000e+00     0.0000e+00  0.0000e+00     0.0000e+00  0.0000e+00 
4.7394e+02     0.0000e+00  0.0000e+00     0.0000e+00  0.0000e+00     0.0000e+00  0.0000e+00     0.0000e+00  0.0000e+00 
5.3176e+02     0.0000e+00  0.0000e+00     0.0000e+00  0.0000e+00     0.0000e+00  0.0000e+00     0.0000e+00  0.0000e+00 
5.9665e+02     0.0000e+00  0.0000e+00     0.0000e+00  0.0000e+00     0.0000e+00  0.0000e+00     0.0000e+00  0.0000e+00 
6.6945e+02     0.0000e+00  0.0000e+00     0.0000e+00  0.0000e+00     0.0000e+00  0.0000e+00     0.0000e+00  0.0000e+00 
7.5114e+02     0.0000e+00  0.0000e+00     0.0000e+00  0.0000e+00     0.0000e+00  0.0000e+00     0.0000e+00  0.0000e+00 
8.4279e+02     0.0000e+00  0.0000e+00     0.0000e+00  0.0000e+00     0.0000e+00  0.0000e+00     0.0000e+00  0.0000e+00 
9.4563e+02     0.0000e+00  0.0000e+00     0.0000e+00  0.0000e+00     0.0000e+00  0.0000e+00     0.0000e+00  0.0000e+00 
1.0610e+03     0.0000e+00  0.0000e+00     0.0000e+00  0.0000e+00     0.0000e+00  0.0000e+00     0.0000e+00  0.0000e+00 
1.1905e+03     0.0000e+00  0.0000e+00     0.0000e+00  0.0000e+00     0.0000e+00  0.0000e+00     0.0000e+00  0.0000e+00 
1.3357e+03     0.0000e+00  0.0000e+00     0.0000e+00  0.0000e+00     0.0000e+00  0.0000e+00     0.0000e+00  0.0000e+00 
1.4987e+03     0.0000e+00  0.0000e+00     0.0000e+00  0.0000e+00     0.0000e+00  0.0000e+00     0.0000e+00  0.0000e+00 
1.6816e+03     0.0000e+00  0.0000e+00     0.0000e+00  0.0000e+00     0.0000e+00  0.0000e+00     0.0000e+00  0.0000e+00 
1.8868e+03     0.0000e+00  0.0000e+00     0.0000e+00  0.0000e+00     0.0000e+00  0.0000e+00     0.0000e+00  0.0000e+00 
2.1170e+03     0.0000e+00  0.0000e+00     0.0000e+00  0.0000e+00     0.0000e+00  0.0000e+00     0.0000e+00  0.0000e+00 
2.3753e+03     0.0000e+00  0.0000e+00     0.0000e+00  0.0000e+00     0.0000e+00  0.0000e+00     0.0000e+00  0.0000e+00 
2.6651e+03     0.0000e+00  0.0000e+00     0.0000e+00  0.0000e+00     0.0000e+00  0.0000e+00     0.0000e+00  0.0000e+00 
2.9903e+03     0.0000e+00  0.0000e+00     0.0000e+00  0.0000e+00     0.0000e+00  0.0000e+00     0.0000e+00  0.0000e+00 
3.3552e+03     0.0000e+00  0.0000e+00     0.0000e+00  0.0000e+00     0.0000e+00  0.0000e+00     0.0000e+00  0.0000e+00 
3.7646e+03     0.0000e+00  0.0000e+00     0.0000e+00  0.0000e+00     0.0000e+00  0.0000e+00     0.0000e+00  0.0000e+00 
4.2240e+03     0.0000e+00  0.0000e+00     0.0000e+00  0.0000e+00     0.0000e+00  0.0000e+00     0.0000e+00  0.0000e+00 
4.7394e+03     0.0000e+00  0.0000e+00     0.0000e+00  0.0000e+00     0.0000e+00  0.0000e+00     0.0000e+00  0.0000e+00 
5.3176e+03     0.0000e+00  0.0000e+00     0.0000e+00  0.0000e+00     0.0000e+00  0.0000e+00     0.0000e+00  0.0000e+00 
5.9665e+03     0.0000e+00  0.0000e+00     0.0000e+00  0.0000e+00     0.0000e+00  0.0000e+00     0.0000e+00  0.0000e+00 
6.6945e+03     0.0000e+00  0.0000e+00     0.0000e+00  0.0000e+00     0.0000e+00  0.0000e+00     0.0000e+00  0.0000e+00 
7.5114e+03     0.0000e+00  0.0000e+00     0.0000e+00  0.0000e+00     0.0000e+00  0.0000e+00     0.0000e+00  0.0000e+00 
8.4279e+03     0.0000e+00  0.0000e+00     0.0000e+00  0.0000e+00     0.0000e+00  0.0000e+00     0.0000e+00  0.0000e+00 
9.4563e+03     0.0000e+00  0.0000e+00     0.0000e+00  0.0000e+00     0.0000e+00  0.0000e+00     0.0000e+00  0.0000e+00 
