yF = 5.6194e+00 (std: 0.0000e+00) keV/um
yD = 1.9276e+01 (std: 0.0000e+00) keV/um
y (keV/um)     f(y)(std)                  yf(y)(std)                 d(y)(std)                  yd(y)(std)  
1.0610e-01     2.3886e+01  0.0000e+00     2.5343e+00  0.0000e+00     4.5099e-01  0.0000e+00     4.7851e-02  0.0000e+00 
1.1905e-01     1.7032e+00  0.0000e+00     2.0276e-01  0.0000e+00     3.6082e-02  0.0000e+00     4.2955e-03  0.0000e+00 
1.3357e-01     4.8120e-01  0.0000e+00     6.4275e-02  0.0000e+00     1.1438e-02  0.0000e+00     1.5278e-03  0.0000e+00 
1.4987e-01     2.4060e+00  0.0000e+00     3.6059e-01  0.0000e+00     6.4168e-02  0.0000e+00     9.6170e-03  0.0000e+00 
1.6816e-01     6.9404e-01  0.0000e+00     1.1671e-01  0.0000e+00     2.0769e-02  0.0000e+00     3.4925e-03  0.0000e+00 
1.8868e-01     4.8118e-01  0.0000e+00     9.0788e-02  0.0000e+00     1.6156e-02  0.0000e+00     3.0483e-03  0.0000e+00 
2.1170e-01     5.0934e-01  0.0000e+00     1.0783e-01  0.0000e+00     1.9188e-02  0.0000e+00     4.0622e-03  0.0000e+00 
2.3753e-01     4.9328e-01  0.0000e+00     1.1717e-01  0.0000e+00     2.0851e-02  0.0000e+00     4.9527e-03  0.0000e+00 
2.6651e-01     2.1303e-01  0.0000e+00     5.6776e-02  0.0000e+00     1.0103e-02  0.0000e+00     2.6927e-03  0.0000e+00 
2.9903e-01     1.6808e-01  0.0000e+00     5.0263e-02  0.0000e+00     8.9444e-03  0.0000e+00     2.6747e-03  0.0000e+00 
3.3552e-01     1.1596e+00  0.0000e+00     3.8907e-01  0.0000e+00     6.9237e-02  0.0000e+00     2.3231e-02  0.0000e+00 
3.7646e-01     7.1353e-01  0.0000e+00     2.6862e-01  0.0000e+00     4.7801e-02  0.0000e+00     1.7995e-02  0.0000e+00 
4.2240e-01     3.1508e-01  0.0000e+00     1.3309e-01  0.0000e+00     2.3684e-02  0.0000e+00     1.0004e-02  0.0000e+00 
4.7394e-01     3.2552e-01  0.0000e+00     1.5427e-01  0.0000e+00     2.7454e-02  0.0000e+00     1.3011e-02  0.0000e+00 
5.3176e-01     1.8335e-01  0.0000e+00     9.7499e-02  0.0000e+00     1.7350e-02  0.0000e+00     9.2263e-03  0.0000e+00 
5.9665e-01     9.5488e-02  0.0000e+00     5.6973e-02  0.0000e+00     1.0139e-02  0.0000e+00     6.0492e-03  0.0000e+00 
6.6945e-01     1.6127e-01  0.0000e+00     1.0796e-01  0.0000e+00     1.9212e-02  0.0000e+00     1.2861e-02  0.0000e+00 
7.5114e-01     1.3506e-01  0.0000e+00     1.0145e-01  0.0000e+00     1.8053e-02  0.0000e+00     1.3560e-02  0.0000e+00 
8.4279e-01     5.9092e-02  0.0000e+00     4.9802e-02  0.0000e+00     8.8625e-03  0.0000e+00     7.4692e-03  0.0000e+00 
9.4563e-01     3.4577e-02  0.0000e+00     3.2697e-02  0.0000e+00     5.8186e-03  0.0000e+00     5.5022e-03  0.0000e+00 
1.0610e+00     3.0941e-02  0.0000e+00     3.2829e-02  0.0000e+00     5.8420e-03  0.0000e+00     6.1984e-03  0.0000e+00 
1.1905e+00     1.4368e-02  0.0000e+00     1.7105e-02  0.0000e+00     3.0439e-03  0.0000e+00     3.6237e-03  0.0000e+00 
1.3357e+00     8.1760e-03  0.0000e+00     1.0921e-02  0.0000e+00     1.9434e-03  0.0000e+00     2.5959e-03  0.0000e+00 
1.4987e+00     3.6873e-03  0.0000e+00     5.5262e-03  0.0000e+00     9.8342e-04  0.0000e+00     1.4739e-03  0.0000e+00 
1.6816e+00     1.9170e-03  0.0000e+00     3.2236e-03  0.0000e+00     5.7366e-04  0.0000e+00     9.6466e-04  0.0000e+00 
1.8868e+00     8.0197e-04  0.0000e+00     1.5131e-03  0.0000e+00     2.6927e-04  0.0000e+00     5.0805e-04  0.0000e+00 
2.1170e+00     3.4184e-04  0.0000e+00     7.2368e-04  0.0000e+00     1.2878e-04  0.0000e+00     2.7263e-04  0.0000e+00 
2.3753e+00     2.7697e-05  0.0000e+00     6.5789e-05  0.0000e+00     1.1707e-05  0.0000e+00     2.7809e-05  0.0000e+00 
2.6651e+00     2.4685e-05  0.0000e+00     6.5789e-05  0.0000e+00     1.1707e-05  0.0000e+00     3.1202e-05  0.0000e+00 
2.9903e+00     0.0000e+00  0.0000e+00     0.0000e+00  0.0000e+00     0.0000e+00  0.0000e+00     0.0000e+00  0.0000e+00 
3.3552e+00     0.0000e+00  0.0000e+00     0.0000e+00  0.0000e+00     0.0000e+00  0.0000e+00     0.0000e+00  0.0000e+00 
3.7646e+00     0.0000e+00  0.0000e+00     0.0000e+00  0.0000e+00     0.0000e+00  0.0000e+00     0.0000e+00  0.0000e+00 
4.2240e+00     0.0000e+00  0.0000e+00     0.0000e+00  0.0000e+00     0.0000e+00  0.0000e+00     0.0000e+00  0.0000e+00 
4.7394e+00     0.0000e+00  0.0000e+00     0.0000e+00  0.0000e+00     0.0000e+00  0.0000e+00     0.0000e+00  0.0000e+00 
5.3176e+00     0.0000e+00  0.0000e+00     0.0000e+00  0.0000e+00     0.0000e+00  0.0000e+00     0.0000e+00  0.0000e+00 
5.9665e+00     8.0603e-02  0.0000e+00     4.8091e-01  0.0000e+00     8.5581e-02  0.0000e+00     5.1062e-01  0.0000e+00 
6.6945e+00     1.9615e-02  0.0000e+00     1.3131e-01  0.0000e+00     2.3368e-02  0.0000e+00     1.5644e-01  0.0000e+00 
7.5114e+00     8.0141e-03  0.0000e+00     6.0197e-02  0.0000e+00     1.0712e-02  0.0000e+00     8.0464e-02  0.0000e+00 
8.4279e+00     3.2856e-02  0.0000e+00     2.7690e-01  0.0000e+00     4.9276e-02  0.0000e+00     4.1530e-01  0.0000e+00 
9.4563e+00     3.0431e-02  0.0000e+00     2.8776e-01  0.0000e+00     5.1208e-02  0.0000e+00     4.8424e-01  0.0000e+00 
1.0610e+01     7.3440e-02  0.0000e+00     7.7920e-01  0.0000e+00     1.3866e-01  0.0000e+00     1.4712e+00  0.0000e+00 
1.1905e+01     2.8781e-02  0.0000e+00     3.4263e-01  0.0000e+00     6.0972e-02  0.0000e+00     7.2586e-01  0.0000e+00 
1.3357e+01     1.1904e-02  0.0000e+00     1.5901e-01  0.0000e+00     2.8297e-02  0.0000e+00     3.7797e-01  0.0000e+00 
1.4987e+01     5.1842e-03  0.0000e+00     7.7696e-02  0.0000e+00     1.3826e-02  0.0000e+00     2.0722e-01  0.0000e+00 
1.6816e+01     2.3728e-02  0.0000e+00     3.9901e-01  0.0000e+00     7.1005e-02  0.0000e+00     1.1940e+00  0.0000e+00 
1.8868e+01     6.5483e-03  0.0000e+00     1.2355e-01  0.0000e+00     2.1986e-02  0.0000e+00     4.1483e-01  0.0000e+00 
2.1170e+01     3.3407e-03  0.0000e+00     7.0723e-02  0.0000e+00     1.2585e-02  0.0000e+00     2.6643e-01  0.0000e+00 
2.3753e+01     3.0937e-03  0.0000e+00     7.3486e-02  0.0000e+00     1.3077e-02  0.0000e+00     3.1062e-01  0.0000e+00 
2.6651e+01     2.0094e-03  0.0000e+00     5.3552e-02  0.0000e+00     9.5298e-03  0.0000e+00     2.5398e-01  0.0000e+00 
2.9903e+01     1.4762e-03  0.0000e+00     4.4144e-02  0.0000e+00     7.8557e-03  0.0000e+00     2.3491e-01  0.0000e+00 
3.3552e+01     1.2490e-03  0.0000e+00     4.1907e-02  0.0000e+00     7.4576e-03  0.0000e+00     2.5022e-01  0.0000e+00 
3.7646e+01     9.8912e-04  0.0000e+00     3.7236e-02  0.0000e+00     6.6264e-03  0.0000e+00     2.4946e-01  0.0000e+00 
4.2240e+01     5.9964e-04  0.0000e+00     2.5329e-02  0.0000e+00     4.5073e-03  0.0000e+00     1.9039e-01  0.0000e+00 
4.7394e+01     4.9556e-04  0.0000e+00     2.3487e-02  0.0000e+00     4.1795e-03  0.0000e+00     1.9808e-01  0.0000e+00 
5.3176e+01     3.1301e-04  0.0000e+00     1.6645e-02  0.0000e+00     2.9620e-03  0.0000e+00     1.5751e-01  0.0000e+00 
5.9665e+01     1.6760e-04  0.0000e+00     9.9999e-03  0.0000e+00     1.7795e-03  0.0000e+00     1.0618e-01  0.0000e+00 
6.6945e+01     1.0024e-04  0.0000e+00     6.7104e-03  0.0000e+00     1.1942e-03  0.0000e+00     7.9943e-02  0.0000e+00 
7.5114e+01     4.7296e-05  0.0000e+00     3.5526e-03  0.0000e+00     6.3220e-04  0.0000e+00     4.7487e-02  0.0000e+00 
8.4279e+01     3.4347e-05  0.0000e+00     2.8947e-03  0.0000e+00     5.1512e-04  0.0000e+00     4.3414e-02  0.0000e+00 
9.4563e+01     1.6001e-05  0.0000e+00     1.5131e-03  0.0000e+00     2.6927e-04  0.0000e+00     2.5463e-02  0.0000e+00 
1.0610e+02     9.9209e-06  0.0000e+00     1.0526e-03  0.0000e+00     1.8732e-04  0.0000e+00     1.9875e-02  0.0000e+00 
1.1905e+02     1.1053e-06  0.0000e+00     1.3158e-04  0.0000e+00     2.3415e-05  0.0000e+00     2.7875e-03  0.0000e+00 
1.3357e+02     0.0000e+00  0.0000e+00     0.0000e+00  0.0000e+00     0.0000e+00  0.0000e+00     0.0000e+00  0.0000e+00 
1.4987e+02     4.3897e-07  0.0000e+00     6.5789e-05  0.0000e+00     1.1707e-05  0.0000e+00     1.7546e-03  0.0000e+00 
1.6816e+02     0.0000e+00  0.0000e+00     0.0000e+00  0.0000e+00     0.0000e+00  0.0000e+00     0.0000e+00  0.0000e+00 
1.8868e+02     0.0000e+00  0.0000e+00     0.0000e+00  0.0000e+00     0.0000e+00  0.0000e+00     0.0000e+00  0.0000e+00 
2.1170e+02     0.0000e+00  0.0000e+00     0.0000e+00  0.0000e+00     0.0000e+00  0.0000e+00     0.0000e+00  0.0000e+00 
2.3753e+02     0.0000e+00  0.0000e+00     0.0000e+00  0.0000e+00     0.0000e+00  0.0000e+00     0.0000e+00  0.0000e+00 
2.6651e+02     0.0000e+00  0.0000e+00     0.0000e+00  0.0000e+00     0.0000e+00  0.0000e+00     0.0000e+00  0.0000e+00 
2.9903e+02     0.0000e+00  0.0000e+00     0.0000e+00  0.0000e+00     0.0000e+00  0.0000e+00     0.0000e+00  0.0000e+00 
3.3552e+02     0.0000e+00  0.0000e+00     0.0000e+00  0.0000e+00     0.0000e+00  0.0000e+00     0.0000e+00  0.0000e+00 
3.7646e+02     0.0000e+00  0.0000e+00     0.0000e+00  0.0000e+00     0.0000e+00  0.0000e+00     0.0000e+00  0.0000e+00 
4.2240e+02     0.0000e+00  0.0000e+00     0.0000e+00  0.0000e+00     0.0000e+00  0.0000e+00     0.0000e+00  0.0000e+00 
4.7394e+02     0.0000e+00  0.0000e+00     0.0000e+00  0.0000e+00     0.0000e+00  0.0000e+00     0.0000e+00  0.0000e+00 
5.3176e+02     0.0000e+00  0.0000e+00     0.0000e+00  0.0000e+00     0.0000e+00  0.0000e+00     0.0000e+00  0.0000e+00 
5.9665e+02     0.0000e+00  0.0000e+00     0.0000e+00  0.0000e+00     0.0000e+00  0.0000e+00     0.0000e+00  0.0000e+00 
6.6945e+02     0.0000e+00  0.0000e+00     0.0000e+00  0.0000e+00     0.0000e+00  0.0000e+00     0.0000e+00  0.0000e+00 
7.5114e+02     0.0000e+00  0.0000e+00     0.0000e+00  0.0000e+00     0.0000e+00  0.0000e+00     0.0000e+00  0.0000e+00 
8.4279e+02     0.0000e+00  0.0000e+00     0.0000e+00  0.0000e+00     0.0000e+00  0.0000e+00     0.0000e+00  0.0000e+00 
9.4563e+02     0.0000e+00  0.0000e+00     0.0000e+00  0.0000e+00     0.0000e+00  0.0000e+00     0.0000e+00  0.0000e+00 
1.0610e+03     0.0000e+00  0.0000e+00     0.0000e+00  0.0000e+00     0.0000e+00  0.0000e+00     0.0000e+00  0.0000e+00 
1.1905e+03     0.0000e+00  0.0000e+00     0.0000e+00  0.0000e+00     0.0000e+00  0.0000e+00     0.0000e+00  0.0000e+00 
1.3357e+03     0.0000e+00  0.0000e+00     0.0000e+00  0.0000e+00     0.0000e+00  0.0000e+00     0.0000e+00  0.0000e+00 
1.4987e+03     0.0000e+00  0.0000e+00     0.0000e+00  0.0000e+00     0.0000e+00  0.0000e+00     0.0000e+00  0.0000e+00 
1.6816e+03     0.0000e+00  0.0000e+00     0.0000e+00  0.0000e+00     0.0000e+00  0.0000e+00     0.0000e+00  0.0000e+00 
1.8868e+03     0.0000e+00  0.0000e+00     0.0000e+00  0.0000e+00     0.0000e+00  0.0000e+00     0.0000e+00  0.0000e+00 
2.1170e+03     0.0000e+00  0.0000e+00     0.0000e+00  0.0000e+00     0.0000e+00  0.0000e+00     0.0000e+00  0.0000e+00 
2.3753e+03     0.0000e+00  0.0000e+00     0.0000e+00  0.0000e+00     0.0000e+00  0.0000e+00     0.0000e+00  0.0000e+00 
2.6651e+03     0.0000e+00  0.0000e+00     0.0000e+00  0.0000e+00     0.0000e+00  0.0000e+00     0.0000e+00  0.0000e+00 
2.9903e+03     0.0000e+00  0.0000e+00     0.0000e+00  0.0000e+00     0.0000e+00  0.0000e+00     0.0000e+00  0.0000e+00 
3.3552e+03     0.0000e+00  0.0000e+00     0.0000e+00  0.0000e+00     0.0000e+00  0.0000e+00     0.0000e+00  0.0000e+00 
3.7646e+03     0.0000e+00  0.0000e+00     0.0000e+00  0.0000e+00     0.0000e+00  0.0000e+00     0.0000e+00  0.0000e+00 
4.2240e+03     0.0000e+00  0.0000e+00     0.0000e+00  0.0000e+00     0.0000e+00  0.0000e+00     0.0000e+00  0.0000e+00 
4.7394e+03     0.0000e+00  0.0000e+00     0.0000e+00  0.0000e+00     0.0000e+00  0.0000e+00     0.0000e+00  0.0000e+00 
5.3176e+03     0.0000e+00  0.0000e+00     0.0000e+00  0.0000e+00     0.0000e+00  0.0000e+00     0.0000e+00  0.0000e+00 
5.9665e+03     0.0000e+00  0.0000e+00     0.0000e+00  0.0000e+00     0.0000e+00  0.0000e+00     0.0000e+00  0.0000e+00 
6.6945e+03     0.0000e+00  0.0000e+00     0.0000e+00  0.0000e+00     0.0000e+00  0.0000e+00     0.0000e+00  0.0000e+00 
7.5114e+03     0.0000e+00  0.0000e+00     0.0000e+00  0.0000e+00     0.0000e+00  0.0000e+00     0.0000e+00  0.0000e+00 
8.4279e+03     0.0000e+00  0.0000e+00     0.0000e+00  0.0000e+00     0.0000e+00  0.0000e+00     0.0000e+00  0.0000e+00 
9.4563e+03     0.0000e+00  0.0000e+00     0.0000e+00  0.0000e+00     0.0000e+00  0.0000e+00     0.0000e+00  0.0000e+00 
