yF = 9.7052e+01 (std: 0.0000e+00) keV/um
yD = 1.1374e+02 (std: 0.0000e+00) keV/um
y (keV/um)     f(y)(std)                  yf(y)(std)                 d(y)(std)                  yd(y)(std)  
1.0610e-01     1.1474e-03  0.0000e+00     1.2174e-04  0.0000e+00     1.2543e-06  0.0000e+00     1.3309e-07  0.0000e+00 
1.1905e-01     2.9217e-04  0.0000e+00     3.4782e-05  0.0000e+00     3.5838e-07  0.0000e+00     4.2665e-08  0.0000e+00 
1.3357e-01     1.3020e-04  0.0000e+00     1.7391e-05  0.0000e+00     1.7919e-07  0.0000e+00     2.3935e-08  0.0000e+00 
1.4987e-01     1.7406e-04  0.0000e+00     2.6086e-05  0.0000e+00     2.6879e-07  0.0000e+00     4.0284e-08  0.0000e+00 
1.6816e-01     1.5513e-04  0.0000e+00     2.6086e-05  0.0000e+00     2.6879e-07  0.0000e+00     4.5199e-08  0.0000e+00 
1.8868e-01     2.3043e-04  0.0000e+00     4.3477e-05  0.0000e+00     4.4798e-07  0.0000e+00     8.4524e-08  0.0000e+00 
2.1170e-01     4.1075e-05  0.0000e+00     8.6955e-06  0.0000e+00     8.9596e-08  0.0000e+00     1.8967e-08  0.0000e+00 
2.3753e-01     7.3216e-05  0.0000e+00     1.7391e-05  0.0000e+00     1.7919e-07  0.0000e+00     4.2564e-08  0.0000e+00 
2.6651e-01     2.2839e-04  0.0000e+00     6.0868e-05  0.0000e+00     6.2717e-07  0.0000e+00     1.6715e-07  0.0000e+00 
2.9903e-01     1.7447e-04  0.0000e+00     5.2173e-05  0.0000e+00     5.3758e-07  0.0000e+00     1.6075e-07  0.0000e+00 
3.3552e-01     1.2958e-04  0.0000e+00     4.3477e-05  0.0000e+00     4.4798e-07  0.0000e+00     1.5031e-07  0.0000e+00 
3.7646e-01     1.1549e-04  0.0000e+00     4.3477e-05  0.0000e+00     4.4798e-07  0.0000e+00     1.6865e-07  0.0000e+00 
4.2240e-01     1.0293e-04  0.0000e+00     4.3477e-05  0.0000e+00     4.4798e-07  0.0000e+00     1.8923e-07  0.0000e+00 
4.7394e-01     7.3390e-05  0.0000e+00     3.4782e-05  0.0000e+00     3.5838e-07  0.0000e+00     1.6985e-07  0.0000e+00 
5.3176e-01     1.1446e-04  0.0000e+00     6.0868e-05  0.0000e+00     6.2717e-07  0.0000e+00     3.3351e-07  0.0000e+00 
5.9665e-01     5.8295e-05  0.0000e+00     3.4782e-05  0.0000e+00     3.5838e-07  0.0000e+00     2.1383e-07  0.0000e+00 
6.6945e-01     5.1956e-05  0.0000e+00     3.4782e-05  0.0000e+00     3.5838e-07  0.0000e+00     2.3992e-07  0.0000e+00 
7.5114e-01     6.9459e-05  0.0000e+00     5.2173e-05  0.0000e+00     5.3758e-07  0.0000e+00     4.0379e-07  0.0000e+00 
8.4279e-01     3.0953e-05  0.0000e+00     2.6086e-05  0.0000e+00     2.6879e-07  0.0000e+00     2.2653e-07  0.0000e+00 
9.4563e-01     3.6782e-05  0.0000e+00     3.4782e-05  0.0000e+00     3.5838e-07  0.0000e+00     3.3890e-07  0.0000e+00 
1.0610e+00     4.0977e-05  0.0000e+00     4.3477e-05  0.0000e+00     4.4798e-07  0.0000e+00     4.7531e-07  0.0000e+00 
1.1905e+00     2.9217e-05  0.0000e+00     3.4782e-05  0.0000e+00     3.5838e-07  0.0000e+00     4.2665e-07  0.0000e+00 
1.3357e+00     0.0000e+00  0.0000e+00     0.0000e+00  0.0000e+00     0.0000e+00  0.0000e+00     0.0000e+00  0.0000e+00 
1.4987e+00     1.1604e-05  0.0000e+00     1.7391e-05  0.0000e+00     1.7919e-07  0.0000e+00     2.6856e-07  0.0000e+00 
1.6816e+00     1.5513e-05  0.0000e+00     2.6086e-05  0.0000e+00     2.6879e-07  0.0000e+00     4.5199e-07  0.0000e+00 
1.8868e+00     4.6087e-06  0.0000e+00     8.6955e-06  0.0000e+00     8.9596e-08  0.0000e+00     1.6905e-07  0.0000e+00 
2.1170e+00     1.4787e-04  0.0000e+00     3.1304e-04  0.0000e+00     3.2255e-06  0.0000e+00     6.8283e-06  0.0000e+00 
2.3753e+00     2.8920e-04  0.0000e+00     6.8694e-04  0.0000e+00     7.0781e-06  0.0000e+00     1.6813e-05  0.0000e+00 
2.6651e+00     2.0555e-04  0.0000e+00     5.4782e-04  0.0000e+00     5.6446e-06  0.0000e+00     1.5044e-05  0.0000e+00 
2.9903e+00     7.5605e-05  0.0000e+00     2.2608e-04  0.0000e+00     2.3295e-06  0.0000e+00     6.9660e-06  0.0000e+00 
3.3552e+00     3.5505e-04  0.0000e+00     1.1913e-03  0.0000e+00     1.2275e-05  0.0000e+00     4.1184e-05  0.0000e+00 
3.7646e+00     2.4484e-04  0.0000e+00     9.2172e-04  0.0000e+00     9.4972e-06  0.0000e+00     3.5753e-05  0.0000e+00 
4.2240e+00     9.8813e-05  0.0000e+00     4.1738e-04  0.0000e+00     4.3006e-06  0.0000e+00     1.8166e-05  0.0000e+00 
4.7394e+00     1.1742e-04  0.0000e+00     5.5651e-04  0.0000e+00     5.7342e-06  0.0000e+00     2.7176e-05  0.0000e+00 
5.3176e+00     3.9245e-05  0.0000e+00     2.0869e-04  0.0000e+00     2.1503e-06  0.0000e+00     1.1435e-05  0.0000e+00 
5.9665e+00     1.3408e-04  0.0000e+00     7.9998e-04  0.0000e+00     8.2429e-06  0.0000e+00     4.9181e-05  0.0000e+00 
6.6945e+00     5.7151e-05  0.0000e+00     3.8260e-04  0.0000e+00     3.9422e-06  0.0000e+00     2.6391e-05  0.0000e+00 
7.5114e+00     1.8522e-05  0.0000e+00     1.3913e-04  0.0000e+00     1.4335e-06  0.0000e+00     1.0768e-05  0.0000e+00 
8.4279e+00     1.2587e-04  0.0000e+00     1.0608e-03  0.0000e+00     1.0931e-05  0.0000e+00     9.2123e-05  0.0000e+00 
9.4563e+00     1.6644e-04  0.0000e+00     1.5739e-03  0.0000e+00     1.6217e-05  0.0000e+00     1.5335e-04  0.0000e+00 
1.0610e+01     3.4175e-04  0.0000e+00     3.6260e-03  0.0000e+00     3.7362e-05  0.0000e+00     3.9641e-04  0.0000e+00 
1.1905e+01     6.0187e-04  0.0000e+00     7.1651e-03  0.0000e+00     7.3827e-05  0.0000e+00     8.7889e-04  0.0000e+00 
1.3357e+01     6.8940e-04  0.0000e+00     9.2085e-03  0.0000e+00     9.4882e-05  0.0000e+00     1.2674e-03  0.0000e+00 
1.4987e+01     5.7265e-04  0.0000e+00     8.5824e-03  0.0000e+00     8.8431e-05  0.0000e+00     1.3253e-03  0.0000e+00 
1.6816e+01     5.7812e-04  0.0000e+00     9.7215e-03  0.0000e+00     1.0017e-04  0.0000e+00     1.6844e-03  0.0000e+00 
1.8868e+01     7.5859e-04  0.0000e+00     1.4313e-02  0.0000e+00     1.4748e-04  0.0000e+00     2.7825e-03  0.0000e+00 
2.1170e+01     1.2614e-03  0.0000e+00     2.6704e-02  0.0000e+00     2.7515e-04  0.0000e+00     5.8249e-03  0.0000e+00 
2.3753e+01     1.5357e-03  0.0000e+00     3.6478e-02  0.0000e+00     3.7586e-04  0.0000e+00     8.9277e-03  0.0000e+00 
2.6651e+01     1.7494e-03  0.0000e+00     4.6625e-02  0.0000e+00     4.8042e-04  0.0000e+00     1.2804e-02  0.0000e+00 
2.9903e+01     2.2742e-03  0.0000e+00     6.8007e-02  0.0000e+00     7.0073e-04  0.0000e+00     2.0954e-02  0.0000e+00 
3.3552e+01     2.9630e-03  0.0000e+00     9.9415e-02  0.0000e+00     1.0244e-03  0.0000e+00     3.4369e-02  0.0000e+00 
3.7646e+01     3.7398e-03  0.0000e+00     1.4079e-01  0.0000e+00     1.4507e-03  0.0000e+00     5.4611e-02  0.0000e+00 
4.2240e+01     4.6238e-03  0.0000e+00     1.9531e-01  0.0000e+00     2.0124e-03  0.0000e+00     8.5004e-02  0.0000e+00 
4.7394e+01     5.7323e-03  0.0000e+00     2.7167e-01  0.0000e+00     2.7993e-03  0.0000e+00     1.3267e-01  0.0000e+00 
5.3176e+01     6.8553e-03  0.0000e+00     3.6454e-01  0.0000e+00     3.7561e-03  0.0000e+00     1.9974e-01  0.0000e+00 
5.9665e+01     8.0674e-03  0.0000e+00     4.8134e-01  0.0000e+00     4.9596e-03  0.0000e+00     2.9591e-01  0.0000e+00 
6.6945e+01     9.0954e-03  0.0000e+00     6.0889e-01  0.0000e+00     6.2739e-03  0.0000e+00     4.2001e-01  0.0000e+00 
7.5114e+01     9.9293e-03  0.0000e+00     7.4583e-01  0.0000e+00     7.6848e-03  0.0000e+00     5.7724e-01  0.0000e+00 
8.4279e+01     1.0291e-02  0.0000e+00     8.6733e-01  0.0000e+00     8.9368e-03  0.0000e+00     7.5318e-01  0.0000e+00 
9.4563e+01     1.0003e-02  0.0000e+00     9.4595e-01  0.0000e+00     9.7468e-03  0.0000e+00     9.2168e-01  0.0000e+00 
1.0610e+02     8.9653e-03  0.0000e+00     9.5122e-01  0.0000e+00     9.8012e-03  0.0000e+00     1.0399e+00  0.0000e+00 
1.1905e+02     7.3891e-03  0.0000e+00     8.7965e-01  0.0000e+00     9.0637e-03  0.0000e+00     1.0790e+00  0.0000e+00 
1.3357e+02     5.4358e-03  0.0000e+00     7.2608e-01  0.0000e+00     7.4814e-03  0.0000e+00     9.9931e-01  0.0000e+00 
1.4987e+02     3.5705e-03  0.0000e+00     5.3511e-01  0.0000e+00     5.5137e-03  0.0000e+00     8.2634e-01  0.0000e+00 
1.6816e+02     2.0149e-03  0.0000e+00     3.3883e-01  0.0000e+00     3.4912e-03  0.0000e+00     5.8708e-01  0.0000e+00 
1.8868e+02     9.7284e-04  0.0000e+00     1.8355e-01  0.0000e+00     1.8913e-03  0.0000e+00     3.5684e-01  0.0000e+00 
2.1170e+02     3.7846e-04  0.0000e+00     8.0120e-02  0.0000e+00     8.2554e-04  0.0000e+00     1.7477e-01  0.0000e+00 
2.3753e+02     1.2286e-04  0.0000e+00     2.9182e-02  0.0000e+00     3.0069e-04  0.0000e+00     7.1422e-02  0.0000e+00 
2.6651e+02     3.0702e-05  0.0000e+00     8.1824e-03  0.0000e+00     8.4310e-05  0.0000e+00     2.2470e-02  0.0000e+00 
2.9903e+02     5.7576e-06  0.0000e+00     1.7217e-03  0.0000e+00     1.7740e-05  0.0000e+00     5.3049e-03  0.0000e+00 
3.3552e+02     9.8482e-07  0.0000e+00     3.3043e-04  0.0000e+00     3.4047e-06  0.0000e+00     1.1423e-03  0.0000e+00 
3.7646e+02     6.9294e-08  0.0000e+00     2.6086e-05  0.0000e+00     2.6879e-07  0.0000e+00     1.0119e-04  0.0000e+00 
4.2240e+02     0.0000e+00  0.0000e+00     0.0000e+00  0.0000e+00     0.0000e+00  0.0000e+00     0.0000e+00  0.0000e+00 
4.7394e+02     0.0000e+00  0.0000e+00     0.0000e+00  0.0000e+00     0.0000e+00  0.0000e+00     0.0000e+00  0.0000e+00 
5.3176e+02     0.0000e+00  0.0000e+00     0.0000e+00  0.0000e+00     0.0000e+00  0.0000e+00     0.0000e+00  0.0000e+00 
5.9665e+02     0.0000e+00  0.0000e+00     0.0000e+00  0.0000e+00     0.0000e+00  0.0000e+00     0.0000e+00  0.0000e+00 
6.6945e+02     0.0000e+00  0.0000e+00     0.0000e+00  0.0000e+00     0.0000e+00  0.0000e+00     0.0000e+00  0.0000e+00 
7.5114e+02     0.0000e+00  0.0000e+00     0.0000e+00  0.0000e+00     0.0000e+00  0.0000e+00     0.0000e+00  0.0000e+00 
8.4279e+02     0.0000e+00  0.0000e+00     0.0000e+00  0.0000e+00     0.0000e+00  0.0000e+00     0.0000e+00  0.0000e+00 
9.4563e+02     0.0000e+00  0.0000e+00     0.0000e+00  0.0000e+00     0.0000e+00  0.0000e+00     0.0000e+00  0.0000e+00 
1.0610e+03     0.0000e+00  0.0000e+00     0.0000e+00  0.0000e+00     0.0000e+00  0.0000e+00     0.0000e+00  0.0000e+00 
1.1905e+03     0.0000e+00  0.0000e+00     0.0000e+00  0.0000e+00     0.0000e+00  0.0000e+00     0.0000e+00  0.0000e+00 
1.3357e+03     0.0000e+00  0.0000e+00     0.0000e+00  0.0000e+00     0.0000e+00  0.0000e+00     0.0000e+00  0.0000e+00 
1.4987e+03     0.0000e+00  0.0000e+00     0.0000e+00  0.0000e+00     0.0000e+00  0.0000e+00     0.0000e+00  0.0000e+00 
1.6816e+03     0.0000e+00  0.0000e+00     0.0000e+00  0.0000e+00     0.0000e+00  0.0000e+00     0.0000e+00  0.0000e+00 
1.8868e+03     0.0000e+00  0.0000e+00     0.0000e+00  0.0000e+00     0.0000e+00  0.0000e+00     0.0000e+00  0.0000e+00 
2.1170e+03     0.0000e+00  0.0000e+00     0.0000e+00  0.0000e+00     0.0000e+00  0.0000e+00     0.0000e+00  0.0000e+00 
2.3753e+03     0.0000e+00  0.0000e+00     0.0000e+00  0.0000e+00     0.0000e+00  0.0000e+00     0.0000e+00  0.0000e+00 
2.6651e+03     0.0000e+00  0.0000e+00     0.0000e+00  0.0000e+00     0.0000e+00  0.0000e+00     0.0000e+00  0.0000e+00 
2.9903e+03     0.0000e+00  0.0000e+00     0.0000e+00  0.0000e+00     0.0000e+00  0.0000e+00     0.0000e+00  0.0000e+00 
3.3552e+03     0.0000e+00  0.0000e+00     0.0000e+00  0.0000e+00     0.0000e+00  0.0000e+00     0.0000e+00  0.0000e+00 
3.7646e+03     0.0000e+00  0.0000e+00     0.0000e+00  0.0000e+00     0.0000e+00  0.0000e+00     0.0000e+00  0.0000e+00 
4.2240e+03     0.0000e+00  0.0000e+00     0.0000e+00  0.0000e+00     0.0000e+00  0.0000e+00     0.0000e+00  0.0000e+00 
4.7394e+03     0.0000e+00  0.0000e+00     0.0000e+00  0.0000e+00     0.0000e+00  0.0000e+00     0.0000e+00  0.0000e+00 
5.3176e+03     0.0000e+00  0.0000e+00     0.0000e+00  0.0000e+00     0.0000e+00  0.0000e+00     0.0000e+00  0.0000e+00 
5.9665e+03     0.0000e+00  0.0000e+00     0.0000e+00  0.0000e+00     0.0000e+00  0.0000e+00     0.0000e+00  0.0000e+00 
6.6945e+03     0.0000e+00  0.0000e+00     0.0000e+00  0.0000e+00     0.0000e+00  0.0000e+00     0.0000e+00  0.0000e+00 
7.5114e+03     0.0000e+00  0.0000e+00     0.0000e+00  0.0000e+00     0.0000e+00  0.0000e+00     0.0000e+00  0.0000e+00 
8.4279e+03     0.0000e+00  0.0000e+00     0.0000e+00  0.0000e+00     0.0000e+00  0.0000e+00     0.0000e+00  0.0000e+00 
9.4563e+03     0.0000e+00  0.0000e+00     0.0000e+00  0.0000e+00     0.0000e+00  0.0000e+00     0.0000e+00  0.0000e+00 
