yF = 1.2185e+02 (std: 0.0000e+00) keV/um
yD = 1.4047e+02 (std: 0.0000e+00) keV/um
y (keV/um)     f(y)(std)                  yf(y)(std)                 d(y)(std)                  yd(y)(std)  
1.0610e-01     3.1143e-03  0.0000e+00     3.3043e-04  0.0000e+00     2.7117e-06  0.0000e+00     2.8771e-07  0.0000e+00 
1.1905e-01     2.9217e-04  0.0000e+00     3.4782e-05  0.0000e+00     2.8544e-07  0.0000e+00     3.3981e-08  0.0000e+00 
1.3357e-01     3.2550e-04  0.0000e+00     4.3478e-05  0.0000e+00     3.5680e-07  0.0000e+00     4.7659e-08  0.0000e+00 
1.4987e-01     3.4812e-04  0.0000e+00     5.2173e-05  0.0000e+00     4.2816e-07  0.0000e+00     6.4170e-08  0.0000e+00 
1.6816e-01     2.5855e-04  0.0000e+00     4.3478e-05  0.0000e+00     3.5680e-07  0.0000e+00     6.0000e-08  0.0000e+00 
1.8868e-01     4.1478e-04  0.0000e+00     7.8260e-05  0.0000e+00     6.4225e-07  0.0000e+00     1.2118e-07  0.0000e+00 
2.1170e-01     1.6430e-04  0.0000e+00     3.4782e-05  0.0000e+00     2.8544e-07  0.0000e+00     6.0428e-08  0.0000e+00 
2.3753e-01     3.6608e-04  0.0000e+00     8.6956e-05  0.0000e+00     7.1361e-07  0.0000e+00     1.6950e-07  0.0000e+00 
2.6651e-01     1.6314e-04  0.0000e+00     4.3478e-05  0.0000e+00     3.5680e-07  0.0000e+00     9.5093e-08  0.0000e+00 
2.9903e-01     2.9079e-05  0.0000e+00     8.6956e-06  0.0000e+00     7.1361e-08  0.0000e+00     2.1339e-08  0.0000e+00 
3.3552e-01     3.1100e-04  0.0000e+00     1.0435e-04  0.0000e+00     8.5633e-07  0.0000e+00     2.8732e-07  0.0000e+00 
3.7646e-01     3.9267e-04  0.0000e+00     1.4782e-04  0.0000e+00     1.2131e-06  0.0000e+00     4.5670e-07  0.0000e+00 
4.2240e-01     1.4410e-04  0.0000e+00     6.0869e-05  0.0000e+00     4.9953e-07  0.0000e+00     2.1100e-07  0.0000e+00 
4.7394e-01     1.6513e-04  0.0000e+00     7.8260e-05  0.0000e+00     6.4225e-07  0.0000e+00     3.0438e-07  0.0000e+00 
5.3176e-01     1.3082e-04  0.0000e+00     6.9565e-05  0.0000e+00     5.7089e-07  0.0000e+00     3.0358e-07  0.0000e+00 
5.9665e-01     8.7444e-05  0.0000e+00     5.2173e-05  0.0000e+00     4.2816e-07  0.0000e+00     2.5546e-07  0.0000e+00 
6.6945e-01     6.4946e-05  0.0000e+00     4.3478e-05  0.0000e+00     3.5680e-07  0.0000e+00     2.3886e-07  0.0000e+00 
7.5114e-01     1.6207e-04  0.0000e+00     1.2174e-04  0.0000e+00     9.9905e-07  0.0000e+00     7.5042e-07  0.0000e+00 
8.4279e-01     8.2541e-05  0.0000e+00     6.9565e-05  0.0000e+00     5.7089e-07  0.0000e+00     4.8114e-07  0.0000e+00 
9.4563e-01     1.1954e-04  0.0000e+00     1.1304e-04  0.0000e+00     9.2769e-07  0.0000e+00     8.7725e-07  0.0000e+00 
1.0610e+00     2.4587e-05  0.0000e+00     2.6087e-05  0.0000e+00     2.1408e-07  0.0000e+00     2.2714e-07  0.0000e+00 
1.1905e+00     5.1130e-05  0.0000e+00     6.0869e-05  0.0000e+00     4.9953e-07  0.0000e+00     5.9467e-07  0.0000e+00 
1.3357e+00     1.9530e-05  0.0000e+00     2.6087e-05  0.0000e+00     2.1408e-07  0.0000e+00     2.8596e-07  0.0000e+00 
1.4987e+00     1.1604e-05  0.0000e+00     1.7391e-05  0.0000e+00     1.4272e-07  0.0000e+00     2.1390e-07  0.0000e+00 
1.6816e+00     5.1711e-06  0.0000e+00     8.6956e-06  0.0000e+00     7.1361e-08  0.0000e+00     1.2000e-07  0.0000e+00 
1.8868e+00     1.3826e-05  0.0000e+00     2.6087e-05  0.0000e+00     2.1408e-07  0.0000e+00     4.0392e-07  0.0000e+00 
2.1170e+00     0.0000e+00  0.0000e+00     0.0000e+00  0.0000e+00     0.0000e+00  0.0000e+00     0.0000e+00  0.0000e+00 
2.3753e+00     3.6608e-06  0.0000e+00     8.6956e-06  0.0000e+00     7.1361e-08  0.0000e+00     1.6950e-07  0.0000e+00 
2.6651e+00     0.0000e+00  0.0000e+00     0.0000e+00  0.0000e+00     0.0000e+00  0.0000e+00     0.0000e+00  0.0000e+00 
2.9903e+00     0.0000e+00  0.0000e+00     0.0000e+00  0.0000e+00     0.0000e+00  0.0000e+00     0.0000e+00  0.0000e+00 
3.3552e+00     0.0000e+00  0.0000e+00     0.0000e+00  0.0000e+00     0.0000e+00  0.0000e+00     0.0000e+00  0.0000e+00 
3.7646e+00     0.0000e+00  0.0000e+00     0.0000e+00  0.0000e+00     0.0000e+00  0.0000e+00     0.0000e+00  0.0000e+00 
4.2240e+00     0.0000e+00  0.0000e+00     0.0000e+00  0.0000e+00     0.0000e+00  0.0000e+00     0.0000e+00  0.0000e+00 
4.7394e+00     0.0000e+00  0.0000e+00     0.0000e+00  0.0000e+00     0.0000e+00  0.0000e+00     0.0000e+00  0.0000e+00 
5.3176e+00     0.0000e+00  0.0000e+00     0.0000e+00  0.0000e+00     0.0000e+00  0.0000e+00     0.0000e+00  0.0000e+00 
5.9665e+00     1.3117e-05  0.0000e+00     7.8260e-05  0.0000e+00     6.4225e-07  0.0000e+00     3.8320e-06  0.0000e+00 
6.6945e+00     1.1690e-05  0.0000e+00     7.8260e-05  0.0000e+00     6.4225e-07  0.0000e+00     4.2995e-06  0.0000e+00 
7.5114e+00     1.1577e-05  0.0000e+00     8.6956e-05  0.0000e+00     7.1361e-07  0.0000e+00     5.3602e-06  0.0000e+00 
8.4279e+00     2.4659e-04  0.0000e+00     2.0782e-03  0.0000e+00     1.7055e-05  0.0000e+00     1.4374e-04  0.0000e+00 
9.4563e+00     1.6460e-04  0.0000e+00     1.5565e-03  0.0000e+00     1.2774e-05  0.0000e+00     1.2079e-04  0.0000e+00 
1.0610e+01     2.5570e-04  0.0000e+00     2.7130e-03  0.0000e+00     2.2265e-05  0.0000e+00     2.3623e-04  0.0000e+00 
1.1905e+01     1.7823e-04  0.0000e+00     2.1217e-03  0.0000e+00     1.7412e-05  0.0000e+00     2.0729e-04  0.0000e+00 
1.3357e+01     1.6666e-04  0.0000e+00     2.2261e-03  0.0000e+00     1.8268e-05  0.0000e+00     2.4402e-04  0.0000e+00 
1.4987e+01     1.1604e-04  0.0000e+00     1.7391e-03  0.0000e+00     1.4272e-05  0.0000e+00     2.1390e-04  0.0000e+00 
1.6816e+01     2.7096e-04  0.0000e+00     4.5565e-03  0.0000e+00     3.7393e-05  0.0000e+00     6.2880e-04  0.0000e+00 
1.8868e+01     4.1939e-04  0.0000e+00     7.9130e-03  0.0000e+00     6.4938e-05  0.0000e+00     1.2252e-03  0.0000e+00 
2.1170e+01     5.2864e-04  0.0000e+00     1.1191e-02  0.0000e+00     9.1841e-05  0.0000e+00     1.9443e-03  0.0000e+00 
2.3753e+01     5.2167e-04  0.0000e+00     1.2391e-02  0.0000e+00     1.0169e-04  0.0000e+00     2.4154e-03  0.0000e+00 
2.6651e+01     6.8452e-04  0.0000e+00     1.8243e-02  0.0000e+00     1.4971e-04  0.0000e+00     3.9901e-03  0.0000e+00 
2.9903e+01     9.8287e-04  0.0000e+00     2.9391e-02  0.0000e+00     2.4120e-04  0.0000e+00     7.2127e-03  0.0000e+00 
3.3552e+01     1.2075e-03  0.0000e+00     4.0513e-02  0.0000e+00     3.3247e-04  0.0000e+00     1.1155e-02  0.0000e+00 
3.7646e+01     1.5266e-03  0.0000e+00     5.7469e-02  0.0000e+00     4.7162e-04  0.0000e+00     1.7755e-02  0.0000e+00 
4.2240e+01     2.0910e-03  0.0000e+00     8.8321e-02  0.0000e+00     7.2481e-04  0.0000e+00     3.0616e-02  0.0000e+00 
4.7394e+01     2.5921e-03  0.0000e+00     1.2285e-01  0.0000e+00     1.0082e-03  0.0000e+00     4.7781e-02  0.0000e+00 
5.3176e+01     3.3609e-03  0.0000e+00     1.7872e-01  0.0000e+00     1.4667e-03  0.0000e+00     7.7993e-02  0.0000e+00 
5.9665e+01     4.1816e-03  0.0000e+00     2.4949e-01  0.0000e+00     2.0475e-03  0.0000e+00     1.2216e-01  0.0000e+00 
6.6945e+01     5.2683e-03  0.0000e+00     3.5268e-01  0.0000e+00     2.8943e-03  0.0000e+00     1.9376e-01  0.0000e+00 
7.5114e+01     6.2976e-03  0.0000e+00     4.7304e-01  0.0000e+00     3.8820e-03  0.0000e+00     2.9159e-01  0.0000e+00 
8.4279e+01     7.2836e-03  0.0000e+00     6.1386e-01  0.0000e+00     5.0376e-03  0.0000e+00     4.2457e-01  0.0000e+00 
9.4563e+01     8.1325e-03  0.0000e+00     7.6903e-01  0.0000e+00     6.3111e-03  0.0000e+00     5.9679e-01  0.0000e+00 
1.0610e+02     8.5822e-03  0.0000e+00     9.1057e-01  0.0000e+00     7.4727e-03  0.0000e+00     7.9286e-01  0.0000e+00 
1.1905e+02     8.3782e-03  0.0000e+00     9.9740e-01  0.0000e+00     8.1852e-03  0.0000e+00     9.7443e-01  0.0000e+00 
1.3357e+02     7.5367e-03  0.0000e+00     1.0067e+00  0.0000e+00     8.2616e-03  0.0000e+00     1.1035e+00  0.0000e+00 
1.4987e+02     6.1641e-03  0.0000e+00     9.2383e-01  0.0000e+00     7.5814e-03  0.0000e+00     1.1362e+00  0.0000e+00 
1.6816e+02     4.4424e-03  0.0000e+00     7.4703e-01  0.0000e+00     6.1305e-03  0.0000e+00     1.0309e+00  0.0000e+00 
1.8868e+02     2.8021e-03  0.0000e+00     5.2869e-01  0.0000e+00     4.3387e-03  0.0000e+00     8.1862e-01  0.0000e+00 
2.1170e+02     1.4663e-03  0.0000e+00     3.1041e-01  0.0000e+00     2.5474e-03  0.0000e+00     5.3929e-01  0.0000e+00 
2.3753e+02     6.3168e-04  0.0000e+00     1.5004e-01  0.0000e+00     1.2313e-03  0.0000e+00     2.9248e-01  0.0000e+00 
2.6651e+02     2.1361e-04  0.0000e+00     5.6930e-02  0.0000e+00     4.6720e-04  0.0000e+00     1.2451e-01  0.0000e+00 
2.9903e+02     5.2924e-05  0.0000e+00     1.5826e-02  0.0000e+00     1.2988e-04  0.0000e+00     3.8837e-02  0.0000e+00 
3.3552e+02     9.7965e-06  0.0000e+00     3.2869e-03  0.0000e+00     2.6974e-05  0.0000e+00     9.0505e-03  0.0000e+00 
3.7646e+02     1.5245e-06  0.0000e+00     5.7391e-04  0.0000e+00     4.7098e-06  0.0000e+00     1.7731e-03  0.0000e+00 
4.2240e+02     1.2352e-07  0.0000e+00     5.2173e-05  0.0000e+00     4.2816e-07  0.0000e+00     1.8085e-04  0.0000e+00 
4.7394e+02     0.0000e+00  0.0000e+00     0.0000e+00  0.0000e+00     0.0000e+00  0.0000e+00     0.0000e+00  0.0000e+00 
5.3176e+02     0.0000e+00  0.0000e+00     0.0000e+00  0.0000e+00     0.0000e+00  0.0000e+00     0.0000e+00  0.0000e+00 
5.9665e+02     0.0000e+00  0.0000e+00     0.0000e+00  0.0000e+00     0.0000e+00  0.0000e+00     0.0000e+00  0.0000e+00 
6.6945e+02     0.0000e+00  0.0000e+00     0.0000e+00  0.0000e+00     0.0000e+00  0.0000e+00     0.0000e+00  0.0000e+00 
7.5114e+02     0.0000e+00  0.0000e+00     0.0000e+00  0.0000e+00     0.0000e+00  0.0000e+00     0.0000e+00  0.0000e+00 
8.4279e+02     0.0000e+00  0.0000e+00     0.0000e+00  0.0000e+00     0.0000e+00  0.0000e+00     0.0000e+00  0.0000e+00 
9.4563e+02     0.0000e+00  0.0000e+00     0.0000e+00  0.0000e+00     0.0000e+00  0.0000e+00     0.0000e+00  0.0000e+00 
1.0610e+03     0.0000e+00  0.0000e+00     0.0000e+00  0.0000e+00     0.0000e+00  0.0000e+00     0.0000e+00  0.0000e+00 
1.1905e+03     0.0000e+00  0.0000e+00     0.0000e+00  0.0000e+00     0.0000e+00  0.0000e+00     0.0000e+00  0.0000e+00 
1.3357e+03     0.0000e+00  0.0000e+00     0.0000e+00  0.0000e+00     0.0000e+00  0.0000e+00     0.0000e+00  0.0000e+00 
1.4987e+03     0.0000e+00  0.0000e+00     0.0000e+00  0.0000e+00     0.0000e+00  0.0000e+00     0.0000e+00  0.0000e+00 
1.6816e+03     0.0000e+00  0.0000e+00     0.0000e+00  0.0000e+00     0.0000e+00  0.0000e+00     0.0000e+00  0.0000e+00 
1.8868e+03     0.0000e+00  0.0000e+00     0.0000e+00  0.0000e+00     0.0000e+00  0.0000e+00     0.0000e+00  0.0000e+00 
2.1170e+03     0.0000e+00  0.0000e+00     0.0000e+00  0.0000e+00     0.0000e+00  0.0000e+00     0.0000e+00  0.0000e+00 
2.3753e+03     0.0000e+00  0.0000e+00     0.0000e+00  0.0000e+00     0.0000e+00  0.0000e+00     0.0000e+00  0.0000e+00 
2.6651e+03     0.0000e+00  0.0000e+00     0.0000e+00  0.0000e+00     0.0000e+00  0.0000e+00     0.0000e+00  0.0000e+00 
2.9903e+03     0.0000e+00  0.0000e+00     0.0000e+00  0.0000e+00     0.0000e+00  0.0000e+00     0.0000e+00  0.0000e+00 
3.3552e+03     0.0000e+00  0.0000e+00     0.0000e+00  0.0000e+00     0.0000e+00  0.0000e+00     0.0000e+00  0.0000e+00 
3.7646e+03     0.0000e+00  0.0000e+00     0.0000e+00  0.0000e+00     0.0000e+00  0.0000e+00     0.0000e+00  0.0000e+00 
4.2240e+03     0.0000e+00  0.0000e+00     0.0000e+00  0.0000e+00     0.0000e+00  0.0000e+00     0.0000e+00  0.0000e+00 
4.7394e+03     0.0000e+00  0.0000e+00     0.0000e+00  0.0000e+00     0.0000e+00  0.0000e+00     0.0000e+00  0.0000e+00 
5.3176e+03     0.0000e+00  0.0000e+00     0.0000e+00  0.0000e+00     0.0000e+00  0.0000e+00     0.0000e+00  0.0000e+00 
5.9665e+03     0.0000e+00  0.0000e+00     0.0000e+00  0.0000e+00     0.0000e+00  0.0000e+00     0.0000e+00  0.0000e+00 
6.6945e+03     0.0000e+00  0.0000e+00     0.0000e+00  0.0000e+00     0.0000e+00  0.0000e+00     0.0000e+00  0.0000e+00 
7.5114e+03     0.0000e+00  0.0000e+00     0.0000e+00  0.0000e+00     0.0000e+00  0.0000e+00     0.0000e+00  0.0000e+00 
8.4279e+03     0.0000e+00  0.0000e+00     0.0000e+00  0.0000e+00     0.0000e+00  0.0000e+00     0.0000e+00  0.0000e+00 
9.4563e+03     0.0000e+00  0.0000e+00     0.0000e+00  0.0000e+00     0.0000e+00  0.0000e+00     0.0000e+00  0.0000e+00 
