yF = 9.7052e+01 (std: 0.0000e+00) keV/um
yD = 1.1370e+02 (std: 0.0000e+00) keV/um
y (keV/um)     f(y)(std)                  yf(y)(std)                 d(y)(std)                  yd(y)(std)  
1.0610e-01     5.7369e-04  0.0000e+00     6.0869e-05  0.0000e+00     6.2718e-07  0.0000e+00     6.6544e-08  0.0000e+00 
1.1905e-01     7.3043e-05  0.0000e+00     8.6955e-06  0.0000e+00     8.9597e-08  0.0000e+00     1.0666e-08  0.0000e+00 
1.3357e-01     1.9530e-04  0.0000e+00     2.6087e-05  0.0000e+00     2.6879e-07  0.0000e+00     3.5903e-08  0.0000e+00 
1.4987e-01     1.1604e-04  0.0000e+00     1.7391e-05  0.0000e+00     1.7919e-07  0.0000e+00     2.6856e-08  0.0000e+00 
1.6816e-01     1.5513e-04  0.0000e+00     2.6087e-05  0.0000e+00     2.6879e-07  0.0000e+00     4.5199e-08  0.0000e+00 
1.8868e-01     2.7652e-04  0.0000e+00     5.2173e-05  0.0000e+00     5.3758e-07  0.0000e+00     1.0143e-07  0.0000e+00 
2.1170e-01     1.2322e-04  0.0000e+00     2.6087e-05  0.0000e+00     2.6879e-07  0.0000e+00     5.6903e-08  0.0000e+00 
2.3753e-01     1.0982e-04  0.0000e+00     2.6087e-05  0.0000e+00     2.6879e-07  0.0000e+00     6.3846e-08  0.0000e+00 
2.6651e-01     1.3051e-04  0.0000e+00     3.4782e-05  0.0000e+00     3.5839e-07  0.0000e+00     9.5515e-08  0.0000e+00 
2.9903e-01     2.9079e-05  0.0000e+00     8.6955e-06  0.0000e+00     8.9597e-08  0.0000e+00     2.6792e-08  0.0000e+00 
3.3552e-01     1.5550e-04  0.0000e+00     5.2173e-05  0.0000e+00     5.3758e-07  0.0000e+00     1.8037e-07  0.0000e+00 
3.7646e-01     1.1549e-04  0.0000e+00     4.3478e-05  0.0000e+00     4.4798e-07  0.0000e+00     1.6865e-07  0.0000e+00 
4.2240e-01     2.0586e-04  0.0000e+00     8.6955e-05  0.0000e+00     8.9597e-07  0.0000e+00     3.7845e-07  0.0000e+00 
4.7394e-01     1.4678e-04  0.0000e+00     6.9564e-05  0.0000e+00     7.1677e-07  0.0000e+00     3.3970e-07  0.0000e+00 
5.3176e-01     1.7987e-04  0.0000e+00     9.5651e-05  0.0000e+00     9.8556e-07  0.0000e+00     5.2409e-07  0.0000e+00 
5.9665e-01     1.3117e-04  0.0000e+00     7.8260e-05  0.0000e+00     8.0637e-07  0.0000e+00     4.8112e-07  0.0000e+00 
6.6945e-01     1.2989e-04  0.0000e+00     8.6955e-05  0.0000e+00     8.9597e-07  0.0000e+00     5.9981e-07  0.0000e+00 
7.5114e-01     8.1035e-05  0.0000e+00     6.0869e-05  0.0000e+00     6.2718e-07  0.0000e+00     4.7110e-07  0.0000e+00 
8.4279e-01     1.0318e-04  0.0000e+00     8.6955e-05  0.0000e+00     8.9597e-07  0.0000e+00     7.5511e-07  0.0000e+00 
9.4563e-01     0.0000e+00  0.0000e+00     0.0000e+00  0.0000e+00     0.0000e+00  0.0000e+00     0.0000e+00  0.0000e+00 
1.0610e+00     3.2782e-05  0.0000e+00     3.4782e-05  0.0000e+00     3.5839e-07  0.0000e+00     3.8025e-07  0.0000e+00 
1.1905e+00     3.6521e-05  0.0000e+00     4.3478e-05  0.0000e+00     4.4798e-07  0.0000e+00     5.3331e-07  0.0000e+00 
1.3357e+00     3.2550e-05  0.0000e+00     4.3478e-05  0.0000e+00     4.4798e-07  0.0000e+00     5.9839e-07  0.0000e+00 
1.4987e+00     5.8020e-06  0.0000e+00     8.6955e-06  0.0000e+00     8.9597e-08  0.0000e+00     1.3428e-07  0.0000e+00 
1.6816e+00     0.0000e+00  0.0000e+00     0.0000e+00  0.0000e+00     0.0000e+00  0.0000e+00     0.0000e+00  0.0000e+00 
1.8868e+00     0.0000e+00  0.0000e+00     0.0000e+00  0.0000e+00     0.0000e+00  0.0000e+00     0.0000e+00  0.0000e+00 
2.1170e+00     1.4787e-04  0.0000e+00     3.1304e-04  0.0000e+00     3.2255e-06  0.0000e+00     6.8283e-06  0.0000e+00 
2.3753e+00     2.5260e-04  0.0000e+00     5.9999e-04  0.0000e+00     6.1822e-06  0.0000e+00     1.4685e-05  0.0000e+00 
2.6651e+00     1.8597e-04  0.0000e+00     4.9564e-04  0.0000e+00     5.1070e-06  0.0000e+00     1.3611e-05  0.0000e+00 
2.9903e+00     1.0178e-04  0.0000e+00     3.0434e-04  0.0000e+00     3.1359e-06  0.0000e+00     9.3773e-06  0.0000e+00 
3.3552e+00     3.5506e-04  0.0000e+00     1.1913e-03  0.0000e+00     1.2275e-05  0.0000e+00     4.1184e-05  0.0000e+00 
3.7646e+00     2.4715e-04  0.0000e+00     9.3042e-04  0.0000e+00     9.5868e-06  0.0000e+00     3.6091e-05  0.0000e+00 
4.2240e+00     1.1940e-04  0.0000e+00     5.0434e-04  0.0000e+00     5.1966e-06  0.0000e+00     2.1950e-05  0.0000e+00 
4.7394e+00     1.2293e-04  0.0000e+00     5.8260e-04  0.0000e+00     6.0030e-06  0.0000e+00     2.8450e-05  0.0000e+00 
5.3176e+00     4.0880e-05  0.0000e+00     2.1739e-04  0.0000e+00     2.2399e-06  0.0000e+00     1.1911e-05  0.0000e+00 
5.9665e+00     1.4428e-04  0.0000e+00     8.6086e-04  0.0000e+00     8.8701e-06  0.0000e+00     5.2923e-05  0.0000e+00 
6.6945e+00     3.6369e-05  0.0000e+00     2.4347e-04  0.0000e+00     2.5087e-06  0.0000e+00     1.6795e-05  0.0000e+00 
7.5114e+00     1.5049e-05  0.0000e+00     1.1304e-04  0.0000e+00     1.1648e-06  0.0000e+00     8.7489e-06  0.0000e+00 
8.4279e+00     1.1968e-04  0.0000e+00     1.0087e-03  0.0000e+00     1.0393e-05  0.0000e+00     8.7593e-05  0.0000e+00 
9.4563e+00     1.4529e-04  0.0000e+00     1.3739e-03  0.0000e+00     1.4156e-05  0.0000e+00     1.3387e-04  0.0000e+00 
1.0610e+01     3.4749e-04  0.0000e+00     3.6869e-03  0.0000e+00     3.7989e-05  0.0000e+00     4.0307e-04  0.0000e+00 
1.1905e+01     5.2006e-04  0.0000e+00     6.1912e-03  0.0000e+00     6.3793e-05  0.0000e+00     7.5944e-04  0.0000e+00 
1.3357e+01     6.1649e-04  0.0000e+00     8.2346e-03  0.0000e+00     8.4848e-05  0.0000e+00     1.1333e-03  0.0000e+00 
1.4987e+01     5.8484e-04  0.0000e+00     8.7651e-03  0.0000e+00     9.0313e-05  0.0000e+00     1.3535e-03  0.0000e+00 
1.6816e+01     5.7243e-04  0.0000e+00     9.6259e-03  0.0000e+00     9.9183e-05  0.0000e+00     1.6679e-03  0.0000e+00 
1.8868e+01     7.4107e-04  0.0000e+00     1.3982e-02  0.0000e+00     1.4407e-04  0.0000e+00     2.7183e-03  0.0000e+00 
2.1170e+01     1.2322e-03  0.0000e+00     2.6087e-02  0.0000e+00     2.6879e-04  0.0000e+00     5.6903e-03  0.0000e+00 
2.3753e+01     1.5599e-03  0.0000e+00     3.7052e-02  0.0000e+00     3.8177e-04  0.0000e+00     9.0682e-03  0.0000e+00 
2.6651e+01     1.7348e-03  0.0000e+00     4.6234e-02  0.0000e+00     4.7639e-04  0.0000e+00     1.2696e-02  0.0000e+00 
2.9903e+01     2.2937e-03  0.0000e+00     6.8590e-02  0.0000e+00     7.0674e-04  0.0000e+00     2.1134e-02  0.0000e+00 
3.3552e+01     2.9755e-03  0.0000e+00     9.9833e-02  0.0000e+00     1.0287e-03  0.0000e+00     3.4514e-02  0.0000e+00 
3.7646e+01     3.7015e-03  0.0000e+00     1.3935e-01  0.0000e+00     1.4358e-03  0.0000e+00     5.4052e-02  0.0000e+00 
4.2240e+01     4.5992e-03  0.0000e+00     1.9427e-01  0.0000e+00     2.0017e-03  0.0000e+00     8.4550e-02  0.0000e+00 
4.7394e+01     5.7191e-03  0.0000e+00     2.7105e-01  0.0000e+00     2.7928e-03  0.0000e+00     1.3236e-01  0.0000e+00 
5.3176e+01     6.8455e-03  0.0000e+00     3.6402e-01  0.0000e+00     3.7508e-03  0.0000e+00     1.9945e-01  0.0000e+00 
5.9665e+01     8.0202e-03  0.0000e+00     4.7852e-01  0.0000e+00     4.9306e-03  0.0000e+00     2.9418e-01  0.0000e+00 
6.6945e+01     9.2250e-03  0.0000e+00     6.1757e-01  0.0000e+00     6.3633e-03  0.0000e+00     4.2599e-01  0.0000e+00 
7.5114e+01     9.9552e-03  0.0000e+00     7.4777e-01  0.0000e+00     7.7049e-03  0.0000e+00     5.7874e-01  0.0000e+00 
8.4279e+01     1.0318e-02  0.0000e+00     8.6959e-01  0.0000e+00     8.9600e-03  0.0000e+00     7.5514e-01  0.0000e+00 
9.4563e+01     9.9871e-03  0.0000e+00     9.4440e-01  0.0000e+00     9.7309e-03  0.0000e+00     9.2018e-01  0.0000e+00 
1.0610e+02     8.9600e-03  0.0000e+00     9.5066e-01  0.0000e+00     9.7954e-03  0.0000e+00     1.0393e+00  0.0000e+00 
1.1905e+02     7.3772e-03  0.0000e+00     8.7824e-01  0.0000e+00     9.0492e-03  0.0000e+00     1.0773e+00  0.0000e+00 
1.3357e+02     5.4280e-03  0.0000e+00     7.2504e-01  0.0000e+00     7.4707e-03  0.0000e+00     9.9788e-01  0.0000e+00 
1.4987e+02     3.5802e-03  0.0000e+00     5.3656e-01  0.0000e+00     5.5286e-03  0.0000e+00     8.2859e-01  0.0000e+00 
1.6816e+02     2.0036e-03  0.0000e+00     3.3692e-01  0.0000e+00     3.4716e-03  0.0000e+00     5.8378e-01  0.0000e+00 
1.8868e+02     9.7469e-04  0.0000e+00     1.8390e-01  0.0000e+00     1.8949e-03  0.0000e+00     3.5752e-01  0.0000e+00 
2.1170e+02     3.7937e-04  0.0000e+00     8.0312e-02  0.0000e+00     8.2751e-04  0.0000e+00     1.7518e-01  0.0000e+00 
2.3753e+02     1.2330e-04  0.0000e+00     2.9286e-02  0.0000e+00     3.0176e-04  0.0000e+00     7.1678e-02  0.0000e+00 
2.6651e+02     3.0082e-05  0.0000e+00     8.0173e-03  0.0000e+00     8.2608e-05  0.0000e+00     2.2016e-02  0.0000e+00 
2.9903e+02     5.4959e-06  0.0000e+00     1.6435e-03  0.0000e+00     1.6934e-05  0.0000e+00     5.0638e-03  0.0000e+00 
3.3552e+02     7.2566e-07  0.0000e+00     2.4347e-04  0.0000e+00     2.5087e-06  0.0000e+00     8.4172e-04  0.0000e+00 
3.7646e+02     4.6196e-08  0.0000e+00     1.7391e-05  0.0000e+00     1.7919e-07  0.0000e+00     6.7459e-05  0.0000e+00 
4.2240e+02     0.0000e+00  0.0000e+00     0.0000e+00  0.0000e+00     0.0000e+00  0.0000e+00     0.0000e+00  0.0000e+00 
4.7394e+02     0.0000e+00  0.0000e+00     0.0000e+00  0.0000e+00     0.0000e+00  0.0000e+00     0.0000e+00  0.0000e+00 
5.3176e+02     0.0000e+00  0.0000e+00     0.0000e+00  0.0000e+00     0.0000e+00  0.0000e+00     0.0000e+00  0.0000e+00 
5.9665e+02     0.0000e+00  0.0000e+00     0.0000e+00  0.0000e+00     0.0000e+00  0.0000e+00     0.0000e+00  0.0000e+00 
6.6945e+02     0.0000e+00  0.0000e+00     0.0000e+00  0.0000e+00     0.0000e+00  0.0000e+00     0.0000e+00  0.0000e+00 
7.5114e+02     0.0000e+00  0.0000e+00     0.0000e+00  0.0000e+00     0.0000e+00  0.0000e+00     0.0000e+00  0.0000e+00 
8.4279e+02     0.0000e+00  0.0000e+00     0.0000e+00  0.0000e+00     0.0000e+00  0.0000e+00     0.0000e+00  0.0000e+00 
9.4563e+02     0.0000e+00  0.0000e+00     0.0000e+00  0.0000e+00     0.0000e+00  0.0000e+00     0.0000e+00  0.0000e+00 
1.0610e+03     0.0000e+00  0.0000e+00     0.0000e+00  0.0000e+00     0.0000e+00  0.0000e+00     0.0000e+00  0.0000e+00 
1.1905e+03     0.0000e+00  0.0000e+00     0.0000e+00  0.0000e+00     0.0000e+00  0.0000e+00     0.0000e+00  0.0000e+00 
1.3357e+03     0.0000e+00  0.0000e+00     0.0000e+00  0.0000e+00     0.0000e+00  0.0000e+00     0.0000e+00  0.0000e+00 
1.4987e+03     0.0000e+00  0.0000e+00     0.0000e+00  0.0000e+00     0.0000e+00  0.0000e+00     0.0000e+00  0.0000e+00 
1.6816e+03     0.0000e+00  0.0000e+00     0.0000e+00  0.0000e+00     0.0000e+00  0.0000e+00     0.0000e+00  0.0000e+00 
1.8868e+03     0.0000e+00  0.0000e+00     0.0000e+00  0.0000e+00     0.0000e+00  0.0000e+00     0.0000e+00  0.0000e+00 
2.1170e+03     0.0000e+00  0.0000e+00     0.0000e+00  0.0000e+00     0.0000e+00  0.0000e+00     0.0000e+00  0.0000e+00 
2.3753e+03     0.0000e+00  0.0000e+00     0.0000e+00  0.0000e+00     0.0000e+00  0.0000e+00     0.0000e+00  0.0000e+00 
2.6651e+03     0.0000e+00  0.0000e+00     0.0000e+00  0.0000e+00     0.0000e+00  0.0000e+00     0.0000e+00  0.0000e+00 
2.9903e+03     0.0000e+00  0.0000e+00     0.0000e+00  0.0000e+00     0.0000e+00  0.0000e+00     0.0000e+00  0.0000e+00 
3.3552e+03     0.0000e+00  0.0000e+00     0.0000e+00  0.0000e+00     0.0000e+00  0.0000e+00     0.0000e+00  0.0000e+00 
3.7646e+03     0.0000e+00  0.0000e+00     0.0000e+00  0.0000e+00     0.0000e+00  0.0000e+00     0.0000e+00  0.0000e+00 
4.2240e+03     0.0000e+00  0.0000e+00     0.0000e+00  0.0000e+00     0.0000e+00  0.0000e+00     0.0000e+00  0.0000e+00 
4.7394e+03     0.0000e+00  0.0000e+00     0.0000e+00  0.0000e+00     0.0000e+00  0.0000e+00     0.0000e+00  0.0000e+00 
5.3176e+03     0.0000e+00  0.0000e+00     0.0000e+00  0.0000e+00     0.0000e+00  0.0000e+00     0.0000e+00  0.0000e+00 
5.9665e+03     0.0000e+00  0.0000e+00     0.0000e+00  0.0000e+00     0.0000e+00  0.0000e+00     0.0000e+00  0.0000e+00 
6.6945e+03     0.0000e+00  0.0000e+00     0.0000e+00  0.0000e+00     0.0000e+00  0.0000e+00     0.0000e+00  0.0000e+00 
7.5114e+03     0.0000e+00  0.0000e+00     0.0000e+00  0.0000e+00     0.0000e+00  0.0000e+00     0.0000e+00  0.0000e+00 
8.4279e+03     0.0000e+00  0.0000e+00     0.0000e+00  0.0000e+00     0.0000e+00  0.0000e+00     0.0000e+00  0.0000e+00 
9.4563e+03     0.0000e+00  0.0000e+00     0.0000e+00  0.0000e+00     0.0000e+00  0.0000e+00     0.0000e+00  0.0000e+00 
