yF = 9.7056e+01 (std: 0.0000e+00) keV/um
yD = 1.1372e+02 (std: 0.0000e+00) keV/um
y (keV/um)     f(y)(std)                  yf(y)(std)                 d(y)(std)                  yd(y)(std)  
1.0610e-01     1.0654e-03  0.0000e+00     1.1304e-04  0.0000e+00     1.1647e-06  0.0000e+00     1.2358e-07  0.0000e+00 
1.1905e-01     2.1913e-04  0.0000e+00     2.6086e-05  0.0000e+00     2.6878e-07  0.0000e+00     3.1997e-08  0.0000e+00 
1.3357e-01     1.3020e-04  0.0000e+00     1.7391e-05  0.0000e+00     1.7918e-07  0.0000e+00     2.3934e-08  0.0000e+00 
1.4987e-01     1.7406e-04  0.0000e+00     2.6086e-05  0.0000e+00     2.6878e-07  0.0000e+00     4.0282e-08  0.0000e+00 
1.6816e-01     2.5855e-04  0.0000e+00     4.3477e-05  0.0000e+00     4.4796e-07  0.0000e+00     7.5329e-08  0.0000e+00 
1.8868e-01     1.3826e-04  0.0000e+00     2.6086e-05  0.0000e+00     2.6878e-07  0.0000e+00     5.0712e-08  0.0000e+00 
2.1170e-01     1.6430e-04  0.0000e+00     3.4782e-05  0.0000e+00     3.5837e-07  0.0000e+00     7.5867e-08  0.0000e+00 
2.3753e-01     7.3216e-05  0.0000e+00     1.7391e-05  0.0000e+00     1.7918e-07  0.0000e+00     4.2562e-08  0.0000e+00 
2.6651e-01     1.3051e-04  0.0000e+00     3.4782e-05  0.0000e+00     3.5837e-07  0.0000e+00     9.5510e-08  0.0000e+00 
2.9903e-01     8.7236e-05  0.0000e+00     2.6086e-05  0.0000e+00     2.6878e-07  0.0000e+00     8.0373e-08  0.0000e+00 
3.3552e-01     5.1833e-05  0.0000e+00     1.7391e-05  0.0000e+00     1.7918e-07  0.0000e+00     6.0120e-08  0.0000e+00 
3.7646e-01     1.6169e-04  0.0000e+00     6.0868e-05  0.0000e+00     6.2715e-07  0.0000e+00     2.3610e-07  0.0000e+00 
4.2240e-01     2.0586e-04  0.0000e+00     8.6955e-05  0.0000e+00     8.9592e-07  0.0000e+00     3.7843e-07  0.0000e+00 
4.7394e-01     1.1008e-04  0.0000e+00     5.2173e-05  0.0000e+00     5.3755e-07  0.0000e+00     2.5477e-07  0.0000e+00 
5.3176e-01     4.9056e-05  0.0000e+00     2.6086e-05  0.0000e+00     2.6878e-07  0.0000e+00     1.4293e-07  0.0000e+00 
5.9665e-01     4.3722e-05  0.0000e+00     2.6086e-05  0.0000e+00     2.6878e-07  0.0000e+00     1.6037e-07  0.0000e+00 
6.6945e-01     5.1956e-05  0.0000e+00     3.4782e-05  0.0000e+00     3.5837e-07  0.0000e+00     2.3991e-07  0.0000e+00 
7.5114e-01     4.6306e-05  0.0000e+00     3.4782e-05  0.0000e+00     3.5837e-07  0.0000e+00     2.6918e-07  0.0000e+00 
8.4279e-01     4.1270e-05  0.0000e+00     3.4782e-05  0.0000e+00     3.5837e-07  0.0000e+00     3.0203e-07  0.0000e+00 
9.4563e-01     2.7586e-05  0.0000e+00     2.6086e-05  0.0000e+00     2.6878e-07  0.0000e+00     2.5416e-07  0.0000e+00 
1.0610e+00     7.3759e-05  0.0000e+00     7.8259e-05  0.0000e+00     8.0633e-07  0.0000e+00     8.5552e-07  0.0000e+00 
1.1905e+00     1.4608e-05  0.0000e+00     1.7391e-05  0.0000e+00     1.7918e-07  0.0000e+00     2.1331e-07  0.0000e+00 
1.3357e+00     3.9059e-05  0.0000e+00     5.2173e-05  0.0000e+00     5.3755e-07  0.0000e+00     7.1803e-07  0.0000e+00 
1.4987e+00     0.0000e+00  0.0000e+00     0.0000e+00  0.0000e+00     0.0000e+00  0.0000e+00     0.0000e+00  0.0000e+00 
1.6816e+00     5.1710e-06  0.0000e+00     8.6955e-06  0.0000e+00     8.9592e-08  0.0000e+00     1.5066e-07  0.0000e+00 
1.8868e+00     9.2173e-06  0.0000e+00     1.7391e-05  0.0000e+00     1.7918e-07  0.0000e+00     3.3808e-07  0.0000e+00 
2.1170e+00     1.3144e-04  0.0000e+00     2.7826e-04  0.0000e+00     2.8670e-06  0.0000e+00     6.0693e-06  0.0000e+00 
2.3753e+00     2.7456e-04  0.0000e+00     6.5216e-04  0.0000e+00     6.7194e-06  0.0000e+00     1.5961e-05  0.0000e+00 
2.6651e+00     1.8597e-04  0.0000e+00     4.9564e-04  0.0000e+00     5.1068e-06  0.0000e+00     1.3610e-05  0.0000e+00 
2.9903e+00     1.0468e-04  0.0000e+00     3.1304e-04  0.0000e+00     3.2253e-06  0.0000e+00     9.6448e-06  0.0000e+00 
3.3552e+00     3.8356e-04  0.0000e+00     1.2869e-03  0.0000e+00     1.3260e-05  0.0000e+00     4.4489e-05  0.0000e+00 
3.7646e+00     2.7025e-04  0.0000e+00     1.0174e-03  0.0000e+00     1.0482e-05  0.0000e+00     3.9462e-05  0.0000e+00 
4.2240e+00     1.0705e-04  0.0000e+00     4.5217e-04  0.0000e+00     4.6588e-06  0.0000e+00     1.9679e-05  0.0000e+00 
4.7394e+00     1.3944e-04  0.0000e+00     6.6086e-04  0.0000e+00     6.8090e-06  0.0000e+00     3.2270e-05  0.0000e+00 
5.3176e+00     3.9245e-05  0.0000e+00     2.0869e-04  0.0000e+00     2.1502e-06  0.0000e+00     1.1434e-05  0.0000e+00 
5.9665e+00     1.3991e-04  0.0000e+00     8.3477e-04  0.0000e+00     8.6009e-06  0.0000e+00     5.1317e-05  0.0000e+00 
6.6945e+00     6.3646e-05  0.0000e+00     4.2608e-04  0.0000e+00     4.3900e-06  0.0000e+00     2.9389e-05  0.0000e+00 
7.5114e+00     1.6207e-05  0.0000e+00     1.2174e-04  0.0000e+00     1.2543e-06  0.0000e+00     9.4215e-06  0.0000e+00 
8.4279e+00     1.3619e-04  0.0000e+00     1.1478e-03  0.0000e+00     1.1826e-05  0.0000e+00     9.9670e-05  0.0000e+00 
9.4563e+00     1.9035e-04  0.0000e+00     1.8000e-03  0.0000e+00     1.8546e-05  0.0000e+00     1.7537e-04  0.0000e+00 
1.0610e+01     3.6552e-04  0.0000e+00     3.8782e-03  0.0000e+00     3.9958e-05  0.0000e+00     4.2396e-04  0.0000e+00 
1.1905e+01     6.0041e-04  0.0000e+00     7.1477e-03  0.0000e+00     7.3645e-05  0.0000e+00     8.7672e-04  0.0000e+00 
1.3357e+01     6.7898e-04  0.0000e+00     9.0694e-03  0.0000e+00     9.3445e-05  0.0000e+00     1.2482e-03  0.0000e+00 
1.4987e+01     5.9818e-04  0.0000e+00     8.9650e-03  0.0000e+00     9.2370e-05  0.0000e+00     1.3844e-03  0.0000e+00 
1.6816e+01     5.7140e-04  0.0000e+00     9.6085e-03  0.0000e+00     9.9000e-05  0.0000e+00     1.6648e-03  0.0000e+00 
1.8868e+01     6.9406e-04  0.0000e+00     1.3095e-02  0.0000e+00     1.3493e-04  0.0000e+00     2.5457e-03  0.0000e+00 
2.1170e+01     1.2101e-03  0.0000e+00     2.5617e-02  0.0000e+00     2.6394e-04  0.0000e+00     5.5876e-03  0.0000e+00 
2.3753e+01     1.5104e-03  0.0000e+00     3.5878e-02  0.0000e+00     3.6966e-04  0.0000e+00     8.7805e-03  0.0000e+00 
2.6651e+01     1.7338e-03  0.0000e+00     4.6208e-02  0.0000e+00     4.7609e-04  0.0000e+00     1.2689e-02  0.0000e+00 
2.9903e+01     2.2795e-03  0.0000e+00     6.8164e-02  0.0000e+00     7.0231e-04  0.0000e+00     2.1002e-02  0.0000e+00 
3.3552e+01     2.9817e-03  0.0000e+00     1.0004e-01  0.0000e+00     1.0308e-03  0.0000e+00     3.4584e-02  0.0000e+00 
3.7646e+01     3.6991e-03  0.0000e+00     1.3926e-01  0.0000e+00     1.4348e-03  0.0000e+00     5.4015e-02  0.0000e+00 
4.2240e+01     4.5613e-03  0.0000e+00     1.9267e-01  0.0000e+00     1.9851e-03  0.0000e+00     8.3850e-02  0.0000e+00 
4.7394e+01     5.7070e-03  0.0000e+00     2.7047e-01  0.0000e+00     2.7868e-03  0.0000e+00     1.3207e-01  0.0000e+00 
5.3176e+01     6.8977e-03  0.0000e+00     3.6679e-01  0.0000e+00     3.7792e-03  0.0000e+00     2.0096e-01  0.0000e+00 
5.9665e+01     8.0741e-03  0.0000e+00     4.8174e-01  0.0000e+00     4.9635e-03  0.0000e+00     2.9615e-01  0.0000e+00 
6.6945e+01     9.1155e-03  0.0000e+00     6.1024e-01  0.0000e+00     6.2875e-03  0.0000e+00     4.2092e-01  0.0000e+00 
7.5114e+01     9.9543e-03  0.0000e+00     7.4771e-01  0.0000e+00     7.7039e-03  0.0000e+00     5.7867e-01  0.0000e+00 
8.4279e+01     1.0365e-02  0.0000e+00     8.7353e-01  0.0000e+00     9.0003e-03  0.0000e+00     7.5853e-01  0.0000e+00 
9.4563e+01     9.9856e-03  0.0000e+00     9.4426e-01  0.0000e+00     9.7290e-03  0.0000e+00     9.2000e-01  0.0000e+00 
1.0610e+02     8.9552e-03  0.0000e+00     9.5016e-01  0.0000e+00     9.7898e-03  0.0000e+00     1.0387e+00  0.0000e+00 
1.1905e+02     7.3689e-03  0.0000e+00     8.7725e-01  0.0000e+00     9.0386e-03  0.0000e+00     1.0760e+00  0.0000e+00 
1.3357e+02     5.4595e-03  0.0000e+00     7.2925e-01  0.0000e+00     7.5137e-03  0.0000e+00     1.0036e+00  0.0000e+00 
1.4987e+02     3.5545e-03  0.0000e+00     5.3272e-01  0.0000e+00     5.4888e-03  0.0000e+00     8.2261e-01  0.0000e+00 
1.6816e+02     2.0139e-03  0.0000e+00     3.3866e-01  0.0000e+00     3.4894e-03  0.0000e+00     5.8676e-01  0.0000e+00 
1.8868e+02     9.5952e-04  0.0000e+00     1.8104e-01  0.0000e+00     1.8653e-03  0.0000e+00     3.5194e-01  0.0000e+00 
2.1170e+02     3.8606e-04  0.0000e+00     8.1729e-02  0.0000e+00     8.4208e-04  0.0000e+00     1.7827e-01  0.0000e+00 
2.3753e+02     1.2406e-04  0.0000e+00     2.9469e-02  0.0000e+00     3.0363e-04  0.0000e+00     7.2121e-02  0.0000e+00 
2.6651e+02     3.0734e-05  0.0000e+00     8.1911e-03  0.0000e+00     8.4396e-05  0.0000e+00     2.2493e-02  0.0000e+00 
2.9903e+02     5.9030e-06  0.0000e+00     1.7652e-03  0.0000e+00     1.8187e-05  0.0000e+00     5.4386e-03  0.0000e+00 
3.3552e+02     7.2566e-07  0.0000e+00     2.4347e-04  0.0000e+00     2.5086e-06  0.0000e+00     8.4168e-04  0.0000e+00 
3.7646e+02     9.2392e-08  0.0000e+00     3.4782e-05  0.0000e+00     3.5837e-07  0.0000e+00     1.3491e-04  0.0000e+00 
4.2240e+02     0.0000e+00  0.0000e+00     0.0000e+00  0.0000e+00     0.0000e+00  0.0000e+00     0.0000e+00  0.0000e+00 
4.7394e+02     0.0000e+00  0.0000e+00     0.0000e+00  0.0000e+00     0.0000e+00  0.0000e+00     0.0000e+00  0.0000e+00 
5.3176e+02     0.0000e+00  0.0000e+00     0.0000e+00  0.0000e+00     0.0000e+00  0.0000e+00     0.0000e+00  0.0000e+00 
5.9665e+02     0.0000e+00  0.0000e+00     0.0000e+00  0.0000e+00     0.0000e+00  0.0000e+00     0.0000e+00  0.0000e+00 
6.6945e+02     0.0000e+00  0.0000e+00     0.0000e+00  0.0000e+00     0.0000e+00  0.0000e+00     0.0000e+00  0.0000e+00 
7.5114e+02     0.0000e+00  0.0000e+00     0.0000e+00  0.0000e+00     0.0000e+00  0.0000e+00     0.0000e+00  0.0000e+00 
8.4279e+02     0.0000e+00  0.0000e+00     0.0000e+00  0.0000e+00     0.0000e+00  0.0000e+00     0.0000e+00  0.0000e+00 
9.4563e+02     0.0000e+00  0.0000e+00     0.0000e+00  0.0000e+00     0.0000e+00  0.0000e+00     0.0000e+00  0.0000e+00 
1.0610e+03     0.0000e+00  0.0000e+00     0.0000e+00  0.0000e+00     0.0000e+00  0.0000e+00     0.0000e+00  0.0000e+00 
1.1905e+03     0.0000e+00  0.0000e+00     0.0000e+00  0.0000e+00     0.0000e+00  0.0000e+00     0.0000e+00  0.0000e+00 
1.3357e+03     0.0000e+00  0.0000e+00     0.0000e+00  0.0000e+00     0.0000e+00  0.0000e+00     0.0000e+00  0.0000e+00 
1.4987e+03     0.0000e+00  0.0000e+00     0.0000e+00  0.0000e+00     0.0000e+00  0.0000e+00     0.0000e+00  0.0000e+00 
1.6816e+03     0.0000e+00  0.0000e+00     0.0000e+00  0.0000e+00     0.0000e+00  0.0000e+00     0.0000e+00  0.0000e+00 
1.8868e+03     0.0000e+00  0.0000e+00     0.0000e+00  0.0000e+00     0.0000e+00  0.0000e+00     0.0000e+00  0.0000e+00 
2.1170e+03     0.0000e+00  0.0000e+00     0.0000e+00  0.0000e+00     0.0000e+00  0.0000e+00     0.0000e+00  0.0000e+00 
2.3753e+03     0.0000e+00  0.0000e+00     0.0000e+00  0.0000e+00     0.0000e+00  0.0000e+00     0.0000e+00  0.0000e+00 
2.6651e+03     0.0000e+00  0.0000e+00     0.0000e+00  0.0000e+00     0.0000e+00  0.0000e+00     0.0000e+00  0.0000e+00 
2.9903e+03     0.0000e+00  0.0000e+00     0.0000e+00  0.0000e+00     0.0000e+00  0.0000e+00     0.0000e+00  0.0000e+00 
3.3552e+03     0.0000e+00  0.0000e+00     0.0000e+00  0.0000e+00     0.0000e+00  0.0000e+00     0.0000e+00  0.0000e+00 
3.7646e+03     0.0000e+00  0.0000e+00     0.0000e+00  0.0000e+00     0.0000e+00  0.0000e+00     0.0000e+00  0.0000e+00 
4.2240e+03     0.0000e+00  0.0000e+00     0.0000e+00  0.0000e+00     0.0000e+00  0.0000e+00     0.0000e+00  0.0000e+00 
4.7394e+03     0.0000e+00  0.0000e+00     0.0000e+00  0.0000e+00     0.0000e+00  0.0000e+00     0.0000e+00  0.0000e+00 
5.3176e+03     0.0000e+00  0.0000e+00     0.0000e+00  0.0000e+00     0.0000e+00  0.0000e+00     0.0000e+00  0.0000e+00 
5.9665e+03     0.0000e+00  0.0000e+00     0.0000e+00  0.0000e+00     0.0000e+00  0.0000e+00     0.0000e+00  0.0000e+00 
6.6945e+03     0.0000e+00  0.0000e+00     0.0000e+00  0.0000e+00     0.0000e+00  0.0000e+00     0.0000e+00  0.0000e+00 
7.5114e+03     0.0000e+00  0.0000e+00     0.0000e+00  0.0000e+00     0.0000e+00  0.0000e+00     0.0000e+00  0.0000e+00 
8.4279e+03     0.0000e+00  0.0000e+00     0.0000e+00  0.0000e+00     0.0000e+00  0.0000e+00     0.0000e+00  0.0000e+00 
9.4563e+03     0.0000e+00  0.0000e+00     0.0000e+00  0.0000e+00     0.0000e+00  0.0000e+00     0.0000e+00  0.0000e+00 
