yF = 4.0975e+00 (std: 0.0000e+00) keV/um
yD = 1.8589e+01 (std: 0.0000e+00) keV/um
y (keV/um)     f(y)(std)                  yf(y)(std)                 d(y)(std)                  yd(y)(std)  
1.0610e-01     2.5608e+01  0.0000e+00     2.7171e+00  0.0000e+00     6.6311e-01  0.0000e+00     7.0356e-02  0.0000e+00 
1.1905e-01     1.9756e+00  0.0000e+00     2.3519e-01  0.0000e+00     5.7400e-02  0.0000e+00     6.8333e-03  0.0000e+00 
1.3357e-01     6.0370e-01  0.0000e+00     8.0638e-02  0.0000e+00     1.9680e-02  0.0000e+00     2.6287e-03  0.0000e+00 
1.4987e-01     2.6454e+00  0.0000e+00     3.9647e-01  0.0000e+00     9.6760e-02  0.0000e+00     1.4502e-02  0.0000e+00 
1.6816e-01     9.4575e-01  0.0000e+00     1.5904e-01  0.0000e+00     3.8813e-02  0.0000e+00     6.5268e-03  0.0000e+00 
1.8868e-01     4.3926e-01  0.0000e+00     8.2878e-02  0.0000e+00     2.0227e-02  0.0000e+00     3.8163e-03  0.0000e+00 
2.1170e-01     6.9833e-01  0.0000e+00     1.4784e-01  0.0000e+00     3.6080e-02  0.0000e+00     7.6381e-03  0.0000e+00 
2.3753e-01     6.5068e-01  0.0000e+00     1.5456e-01  0.0000e+00     3.7720e-02  0.0000e+00     8.9596e-03  0.0000e+00 
2.6651e-01     1.9331e-01  0.0000e+00     5.1519e-02  0.0000e+00     1.2573e-02  0.0000e+00     3.3510e-03  0.0000e+00 
2.9903e-01     1.5730e-01  0.0000e+00     4.7039e-02  0.0000e+00     1.1480e-02  0.0000e+00     3.4329e-03  0.0000e+00 
3.3552e-01     1.4954e+00  0.0000e+00     5.0175e-01  0.0000e+00     1.2245e-01  0.0000e+00     4.1086e-02  0.0000e+00 
3.7646e-01     9.1035e-01  0.0000e+00     3.4271e-01  0.0000e+00     8.3640e-02  0.0000e+00     3.1487e-02  0.0000e+00 
4.2240e-01     4.2954e-01  0.0000e+00     1.8144e-01  0.0000e+00     4.4280e-02  0.0000e+00     1.8704e-02  0.0000e+00 
4.7394e-01     4.0173e-01  0.0000e+00     1.9040e-01  0.0000e+00     4.6467e-02  0.0000e+00     2.2022e-02  0.0000e+00 
5.3176e-01     2.4431e-01  0.0000e+00     1.2992e-01  0.0000e+00     3.1707e-02  0.0000e+00     1.6860e-02  0.0000e+00 
5.9665e-01     1.0512e-01  0.0000e+00     6.2719e-02  0.0000e+00     1.5307e-02  0.0000e+00     9.1327e-03  0.0000e+00 
6.6945e-01     2.4425e-01  0.0000e+00     1.6352e-01  0.0000e+00     3.9907e-02  0.0000e+00     2.6716e-02  0.0000e+00 
7.5114e-01     1.4016e-01  0.0000e+00     1.0528e-01  0.0000e+00     2.5693e-02  0.0000e+00     1.9299e-02  0.0000e+00 
8.4279e-01     7.9733e-02  0.0000e+00     6.7198e-02  0.0000e+00     1.6400e-02  0.0000e+00     1.3822e-02  0.0000e+00 
9.4563e-01     5.9219e-02  0.0000e+00     5.5999e-02  0.0000e+00     1.3667e-02  0.0000e+00     1.2924e-02  0.0000e+00 
1.0610e+00     4.2223e-02  0.0000e+00     4.4799e-02  0.0000e+00     1.0933e-02  0.0000e+00     1.1600e-02  0.0000e+00 
1.1905e+00     1.1289e-02  0.0000e+00     1.3440e-02  0.0000e+00     3.2800e-03  0.0000e+00     3.9047e-03  0.0000e+00 
1.3357e+00     1.0062e-02  0.0000e+00     1.3440e-02  0.0000e+00     3.2800e-03  0.0000e+00     4.3812e-03  0.0000e+00 
1.4987e+00     5.9783e-03  0.0000e+00     8.9598e-03  0.0000e+00     2.1867e-03  0.0000e+00     3.2772e-03  0.0000e+00 
1.6816e+00     1.3320e-03  0.0000e+00     2.2399e-03  0.0000e+00     5.4667e-04  0.0000e+00     9.1927e-04  0.0000e+00 
1.8868e+00     1.1872e-03  0.0000e+00     2.2399e-03  0.0000e+00     5.4667e-04  0.0000e+00     1.0314e-03  0.0000e+00 
2.1170e+00     0.0000e+00  0.0000e+00     0.0000e+00  0.0000e+00     0.0000e+00  0.0000e+00     0.0000e+00  0.0000e+00 
2.3753e+00     0.0000e+00  0.0000e+00     0.0000e+00  0.0000e+00     0.0000e+00  0.0000e+00     0.0000e+00  0.0000e+00 
2.6651e+00     0.0000e+00  0.0000e+00     0.0000e+00  0.0000e+00     0.0000e+00  0.0000e+00     0.0000e+00  0.0000e+00 
2.9903e+00     0.0000e+00  0.0000e+00     0.0000e+00  0.0000e+00     0.0000e+00  0.0000e+00     0.0000e+00  0.0000e+00 
3.3552e+00     0.0000e+00  0.0000e+00     0.0000e+00  0.0000e+00     0.0000e+00  0.0000e+00     0.0000e+00  0.0000e+00 
3.7646e+00     0.0000e+00  0.0000e+00     0.0000e+00  0.0000e+00     0.0000e+00  0.0000e+00     0.0000e+00  0.0000e+00 
4.2240e+00     0.0000e+00  0.0000e+00     0.0000e+00  0.0000e+00     0.0000e+00  0.0000e+00     0.0000e+00  0.0000e+00 
4.7394e+00     0.0000e+00  0.0000e+00     0.0000e+00  0.0000e+00     0.0000e+00  0.0000e+00     0.0000e+00  0.0000e+00 
5.3176e+00     0.0000e+00  0.0000e+00     0.0000e+00  0.0000e+00     0.0000e+00  0.0000e+00     0.0000e+00  0.0000e+00 
5.9665e+00     1.3027e-01  0.0000e+00     7.7726e-01  0.0000e+00     1.8969e-01  0.0000e+00     1.1318e+00  0.0000e+00 
6.6945e+00     1.9741e-02  0.0000e+00     1.3216e-01  0.0000e+00     3.2253e-02  0.0000e+00     2.1592e-01  0.0000e+00 
7.5114e+00     4.7713e-03  0.0000e+00     3.5839e-02  0.0000e+00     8.7467e-03  0.0000e+00     6.5699e-02  0.0000e+00 
8.4279e+00     2.8704e-02  0.0000e+00     2.4191e-01  0.0000e+00     5.9040e-02  0.0000e+00     4.9758e-01  0.0000e+00 
9.4563e+00     1.3028e-02  0.0000e+00     1.2320e-01  0.0000e+00     3.0067e-02  0.0000e+00     2.8432e-01  0.0000e+00 
1.0610e+01     4.6234e-02  0.0000e+00     4.9055e-01  0.0000e+00     1.1972e-01  0.0000e+00     1.2702e+00  0.0000e+00 
1.1905e+01     1.4864e-02  0.0000e+00     1.7696e-01  0.0000e+00     4.3187e-02  0.0000e+00     5.1413e-01  0.0000e+00 
1.3357e+01     1.0565e-02  0.0000e+00     1.4112e-01  0.0000e+00     3.4440e-02  0.0000e+00     4.6003e-01  0.0000e+00 
1.4987e+01     6.7256e-03  0.0000e+00     1.0080e-01  0.0000e+00     2.4600e-02  0.0000e+00     3.6868e-01  0.0000e+00 
1.6816e+01     4.1293e-03  0.0000e+00     6.9438e-02  0.0000e+00     1.6947e-02  0.0000e+00     2.8497e-01  0.0000e+00 
1.8868e+01     3.4428e-03  0.0000e+00     6.4959e-02  0.0000e+00     1.5853e-02  0.0000e+00     2.9912e-01  0.0000e+00 
2.1170e+01     3.1742e-03  0.0000e+00     6.7198e-02  0.0000e+00     1.6400e-02  0.0000e+00     3.4719e-01  0.0000e+00 
2.3753e+01     3.1120e-03  0.0000e+00     7.3918e-02  0.0000e+00     1.8040e-02  0.0000e+00     4.2850e-01  0.0000e+00 
2.6651e+01     3.0257e-03  0.0000e+00     8.0638e-02  0.0000e+00     1.9680e-02  0.0000e+00     5.2450e-01  0.0000e+00 
2.9903e+01     1.1985e-03  0.0000e+00     3.5839e-02  0.0000e+00     8.7467e-03  0.0000e+00     2.6155e-01  0.0000e+00 
3.3552e+01     7.3436e-04  0.0000e+00     2.4639e-02  0.0000e+00     6.0133e-03  0.0000e+00     2.0176e-01  0.0000e+00 
3.7646e+01     7.1400e-04  0.0000e+00     2.6879e-02  0.0000e+00     6.5600e-03  0.0000e+00     2.4696e-01  0.0000e+00 
4.2240e+01     4.2424e-04  0.0000e+00     1.7920e-02  0.0000e+00     4.3733e-03  0.0000e+00     1.8473e-01  0.0000e+00 
4.7394e+01     4.2536e-04  0.0000e+00     2.0160e-02  0.0000e+00     4.9200e-03  0.0000e+00     2.3318e-01  0.0000e+00 
5.3176e+01     3.3698e-04  0.0000e+00     1.7920e-02  0.0000e+00     4.3733e-03  0.0000e+00     2.3256e-01  0.0000e+00 
5.9665e+01     1.5017e-04  0.0000e+00     8.9598e-03  0.0000e+00     2.1867e-03  0.0000e+00     1.3047e-01  0.0000e+00 
6.6945e+01     1.3384e-04  0.0000e+00     8.9598e-03  0.0000e+00     2.1867e-03  0.0000e+00     1.4639e-01  0.0000e+00 
7.5114e+01     0.0000e+00  0.0000e+00     0.0000e+00  0.0000e+00     0.0000e+00  0.0000e+00     0.0000e+00  0.0000e+00 
8.4279e+01     0.0000e+00  0.0000e+00     0.0000e+00  0.0000e+00     0.0000e+00  0.0000e+00     0.0000e+00  0.0000e+00 
9.4563e+01     0.0000e+00  0.0000e+00     0.0000e+00  0.0000e+00     0.0000e+00  0.0000e+00     0.0000e+00  0.0000e+00 
1.0610e+02     0.0000e+00  0.0000e+00     0.0000e+00  0.0000e+00     0.0000e+00  0.0000e+00     0.0000e+00  0.0000e+00 
1.1905e+02     0.0000e+00  0.0000e+00     0.0000e+00  0.0000e+00     0.0000e+00  0.0000e+00     0.0000e+00  0.0000e+00 
1.3357e+02     0.0000e+00  0.0000e+00     0.0000e+00  0.0000e+00     0.0000e+00  0.0000e+00     0.0000e+00  0.0000e+00 
1.4987e+02     0.0000e+00  0.0000e+00     0.0000e+00  0.0000e+00     0.0000e+00  0.0000e+00     0.0000e+00  0.0000e+00 
1.6816e+02     0.0000e+00  0.0000e+00     0.0000e+00  0.0000e+00     0.0000e+00  0.0000e+00     0.0000e+00  0.0000e+00 
1.8868e+02     0.0000e+00  0.0000e+00     0.0000e+00  0.0000e+00     0.0000e+00  0.0000e+00     0.0000e+00  0.0000e+00 
2.1170e+02     0.0000e+00  0.0000e+00     0.0000e+00  0.0000e+00     0.0000e+00  0.0000e+00     0.0000e+00  0.0000e+00 
2.3753e+02     0.0000e+00  0.0000e+00     0.0000e+00  0.0000e+00     0.0000e+00  0.0000e+00     0.0000e+00  0.0000e+00 
2.6651e+02     0.0000e+00  0.0000e+00     0.0000e+00  0.0000e+00     0.0000e+00  0.0000e+00     0.0000e+00  0.0000e+00 
2.9903e+02     0.0000e+00  0.0000e+00     0.0000e+00  0.0000e+00     0.0000e+00  0.0000e+00     0.0000e+00  0.0000e+00 
3.3552e+02     0.0000e+00  0.0000e+00     0.0000e+00  0.0000e+00     0.0000e+00  0.0000e+00     0.0000e+00  0.0000e+00 
3.7646e+02     0.0000e+00  0.0000e+00     0.0000e+00  0.0000e+00     0.0000e+00  0.0000e+00     0.0000e+00  0.0000e+00 
4.2240e+02     0.0000e+00  0.0000e+00     0.0000e+00  0.0000e+00     0.0000e+00  0.0000e+00     0.0000e+00  0.0000e+00 
4.7394e+02     0.0000e+00  0.0000e+00     0.0000e+00  0.0000e+00     0.0000e+00  0.0000e+00     0.0000e+00  0.0000e+00 
5.3176e+02     0.0000e+00  0.0000e+00     0.0000e+00  0.0000e+00     0.0000e+00  0.0000e+00     0.0000e+00  0.0000e+00 
5.9665e+02     0.0000e+00  0.0000e+00     0.0000e+00  0.0000e+00     0.0000e+00  0.0000e+00     0.0000e+00  0.0000e+00 
6.6945e+02     0.0000e+00  0.0000e+00     0.0000e+00  0.0000e+00     0.0000e+00  0.0000e+00     0.0000e+00  0.0000e+00 
7.5114e+02     0.0000e+00  0.0000e+00     0.0000e+00  0.0000e+00     0.0000e+00  0.0000e+00     0.0000e+00  0.0000e+00 
8.4279e+02     0.0000e+00  0.0000e+00     0.0000e+00  0.0000e+00     0.0000e+00  0.0000e+00     0.0000e+00  0.0000e+00 
9.4563e+02     0.0000e+00  0.0000e+00     0.0000e+00  0.0000e+00     0.0000e+00  0.0000e+00     0.0000e+00  0.0000e+00 
1.0610e+03     0.0000e+00  0.0000e+00     0.0000e+00  0.0000e+00     0.0000e+00  0.0000e+00     0.0000e+00  0.0000e+00 
1.1905e+03     0.0000e+00  0.0000e+00     0.0000e+00  0.0000e+00     0.0000e+00  0.0000e+00     0.0000e+00  0.0000e+00 
1.3357e+03     0.0000e+00  0.0000e+00     0.0000e+00  0.0000e+00     0.0000e+00  0.0000e+00     0.0000e+00  0.0000e+00 
1.4987e+03     0.0000e+00  0.0000e+00     0.0000e+00  0.0000e+00     0.0000e+00  0.0000e+00     0.0000e+00  0.0000e+00 
1.6816e+03     0.0000e+00  0.0000e+00     0.0000e+00  0.0000e+00     0.0000e+00  0.0000e+00     0.0000e+00  0.0000e+00 
1.8868e+03     0.0000e+00  0.0000e+00     0.0000e+00  0.0000e+00     0.0000e+00  0.0000e+00     0.0000e+00  0.0000e+00 
2.1170e+03     0.0000e+00  0.0000e+00     0.0000e+00  0.0000e+00     0.0000e+00  0.0000e+00     0.0000e+00  0.0000e+00 
2.3753e+03     0.0000e+00  0.0000e+00     0.0000e+00  0.0000e+00     0.0000e+00  0.0000e+00     0.0000e+00  0.0000e+00 
2.6651e+03     0.0000e+00  0.0000e+00     0.0000e+00  0.0000e+00     0.0000e+00  0.0000e+00     0.0000e+00  0.0000e+00 
2.9903e+03     0.0000e+00  0.0000e+00     0.0000e+00  0.0000e+00     0.0000e+00  0.0000e+00     0.0000e+00  0.0000e+00 
3.3552e+03     0.0000e+00  0.0000e+00     0.0000e+00  0.0000e+00     0.0000e+00  0.0000e+00     0.0000e+00  0.0000e+00 
3.7646e+03     0.0000e+00  0.0000e+00     0.0000e+00  0.0000e+00     0.0000e+00  0.0000e+00     0.0000e+00  0.0000e+00 
4.2240e+03     0.0000e+00  0.0000e+00     0.0000e+00  0.0000e+00     0.0000e+00  0.0000e+00     0.0000e+00  0.0000e+00 
4.7394e+03     0.0000e+00  0.0000e+00     0.0000e+00  0.0000e+00     0.0000e+00  0.0000e+00     0.0000e+00  0.0000e+00 
5.3176e+03     0.0000e+00  0.0000e+00     0.0000e+00  0.0000e+00     0.0000e+00  0.0000e+00     0.0000e+00  0.0000e+00 
5.9665e+03     0.0000e+00  0.0000e+00     0.0000e+00  0.0000e+00     0.0000e+00  0.0000e+00     0.0000e+00  0.0000e+00 
6.6945e+03     0.0000e+00  0.0000e+00     0.0000e+00  0.0000e+00     0.0000e+00  0.0000e+00     0.0000e+00  0.0000e+00 
7.5114e+03     0.0000e+00  0.0000e+00     0.0000e+00  0.0000e+00     0.0000e+00  0.0000e+00     0.0000e+00  0.0000e+00 
8.4279e+03     0.0000e+00  0.0000e+00     0.0000e+00  0.0000e+00     0.0000e+00  0.0000e+00     0.0000e+00  0.0000e+00 
9.4563e+03     0.0000e+00  0.0000e+00     0.0000e+00  0.0000e+00     0.0000e+00  0.0000e+00     0.0000e+00  0.0000e+00 
