yF = 5.5938e+00 (std: 0.0000e+00) keV/um
yD = 1.8996e+01 (std: 0.0000e+00) keV/um
y (keV/um)     f(y)(std)                  yf(y)(std)                 d(y)(std)                  yd(y)(std)  
1.0610e-01     2.3827e+01  0.0000e+00     2.5281e+00  0.0000e+00     4.5194e-01  0.0000e+00     4.7952e-02  0.0000e+00 
1.1905e-01     1.7039e+00  0.0000e+00     2.0284e-01  0.0000e+00     3.6262e-02  0.0000e+00     4.3169e-03  0.0000e+00 
1.3357e-01     4.6168e-01  0.0000e+00     6.1669e-02  0.0000e+00     1.1024e-02  0.0000e+00     1.4726e-03  0.0000e+00 
1.4987e-01     2.4377e+00  0.0000e+00     3.6534e-01  0.0000e+00     6.5311e-02  0.0000e+00     9.7883e-03  0.0000e+00 
1.6816e-01     7.2093e-01  0.0000e+00     1.2123e-01  0.0000e+00     2.1672e-02  0.0000e+00     3.6444e-03  0.0000e+00 
1.8868e-01     4.6742e-01  0.0000e+00     8.8192e-02  0.0000e+00     1.5766e-02  0.0000e+00     2.9747e-03  0.0000e+00 
2.1170e-01     5.1794e-01  0.0000e+00     1.0965e-01  0.0000e+00     1.9602e-02  0.0000e+00     4.1496e-03  0.0000e+00 
2.3753e-01     4.6633e-01  0.0000e+00     1.1077e-01  0.0000e+00     1.9802e-02  0.0000e+00     4.7035e-03  0.0000e+00 
2.6651e-01     2.2324e-01  0.0000e+00     5.9497e-02  0.0000e+00     1.0636e-02  0.0000e+00     2.8347e-03  0.0000e+00 
2.9903e-01     1.8686e-01  0.0000e+00     5.5877e-02  0.0000e+00     9.9891e-03  0.0000e+00     2.9871e-03  0.0000e+00 
3.3552e-01     1.1293e+00  0.0000e+00     3.7890e-01  0.0000e+00     6.7735e-02  0.0000e+00     2.2727e-02  0.0000e+00 
3.7646e-01     7.2413e-01  0.0000e+00     2.7261e-01  0.0000e+00     4.8733e-02  0.0000e+00     1.8346e-02  0.0000e+00 
4.2240e-01     3.1007e-01  0.0000e+00     1.3097e-01  0.0000e+00     2.3414e-02  0.0000e+00     9.8898e-03  0.0000e+00 
4.7394e-01     3.0024e-01  0.0000e+00     1.4229e-01  0.0000e+00     2.5437e-02  0.0000e+00     1.2056e-02  0.0000e+00 
5.3176e-01     1.8912e-01  0.0000e+00     1.0057e-01  0.0000e+00     1.7978e-02  0.0000e+00     9.5600e-03  0.0000e+00 
5.9665e-01     9.3320e-02  0.0000e+00     5.5680e-02  0.0000e+00     9.9538e-03  0.0000e+00     5.9389e-03  0.0000e+00 
6.6945e-01     1.6556e-01  0.0000e+00     1.1083e-01  0.0000e+00     1.9813e-02  0.0000e+00     1.3264e-02  0.0000e+00 
7.5114e-01     1.3616e-01  0.0000e+00     1.0228e-01  0.0000e+00     1.8284e-02  0.0000e+00     1.3734e-02  0.0000e+00 
8.4279e-01     6.2942e-02  0.0000e+00     5.3047e-02  0.0000e+00     9.4831e-03  0.0000e+00     7.9923e-03  0.0000e+00 
9.4563e-01     3.8906e-02  0.0000e+00     3.6791e-02  0.0000e+00     6.5770e-03  0.0000e+00     6.2194e-03  0.0000e+00 
1.0610e+00     3.0209e-02  0.0000e+00     3.2052e-02  0.0000e+00     5.7299e-03  0.0000e+00     6.0795e-03  0.0000e+00 
1.1905e+00     1.5259e-02  0.0000e+00     1.8165e-02  0.0000e+00     3.2473e-03  0.0000e+00     3.8659e-03  0.0000e+00 
1.3357e+00     7.8344e-03  0.0000e+00     1.0465e-02  0.0000e+00     1.8707e-03  0.0000e+00     2.4988e-03  0.0000e+00 
1.4987e+00     4.0840e-03  0.0000e+00     6.1208e-03  0.0000e+00     1.0942e-03  0.0000e+00     1.6399e-03  0.0000e+00 
1.6816e+00     1.8004e-03  0.0000e+00     3.0275e-03  0.0000e+00     5.4122e-04  0.0000e+00     9.1011e-04  0.0000e+00 
1.8868e+00     1.0116e-03  0.0000e+00     1.9086e-03  0.0000e+00     3.4120e-04  0.0000e+00     6.4378e-04  0.0000e+00 
2.1170e+00     2.7980e-04  0.0000e+00     5.9234e-04  0.0000e+00     1.0589e-04  0.0000e+00     2.2417e-04  0.0000e+00 
2.3753e+00     5.5416e-05  0.0000e+00     1.3163e-04  0.0000e+00     2.3531e-05  0.0000e+00     5.5894e-05  0.0000e+00 
2.6651e+00     0.0000e+00  0.0000e+00     0.0000e+00  0.0000e+00     0.0000e+00  0.0000e+00     0.0000e+00  0.0000e+00 
2.9903e+00     0.0000e+00  0.0000e+00     0.0000e+00  0.0000e+00     0.0000e+00  0.0000e+00     0.0000e+00  0.0000e+00 
3.3552e+00     1.9616e-05  0.0000e+00     6.5815e-05  0.0000e+00     1.1766e-05  0.0000e+00     3.9476e-05  0.0000e+00 
3.7646e+00     0.0000e+00  0.0000e+00     0.0000e+00  0.0000e+00     0.0000e+00  0.0000e+00     0.0000e+00  0.0000e+00 
4.2240e+00     0.0000e+00  0.0000e+00     0.0000e+00  0.0000e+00     0.0000e+00  0.0000e+00     0.0000e+00  0.0000e+00 
4.7394e+00     0.0000e+00  0.0000e+00     0.0000e+00  0.0000e+00     0.0000e+00  0.0000e+00     0.0000e+00  0.0000e+00 
5.3176e+00     0.0000e+00  0.0000e+00     0.0000e+00  0.0000e+00     0.0000e+00  0.0000e+00     0.0000e+00  0.0000e+00 
5.9665e+00     8.0503e-02  0.0000e+00     4.8032e-01  0.0000e+00     8.5866e-02  0.0000e+00     5.1232e-01  0.0000e+00 
6.6945e+00     1.9535e-02  0.0000e+00     1.3077e-01  0.0000e+00     2.3378e-02  0.0000e+00     1.5651e-01  0.0000e+00 
7.5114e+00     7.9910e-03  0.0000e+00     6.0023e-02  0.0000e+00     1.0730e-02  0.0000e+00     8.0599e-02  0.0000e+00 
8.4279e+00     3.2432e-02  0.0000e+00     2.7333e-01  0.0000e+00     4.8863e-02  0.0000e+00     4.1181e-01  0.0000e+00 
9.4563e+00     3.1090e-02  0.0000e+00     2.9400e-01  0.0000e+00     5.2557e-02  0.0000e+00     4.9700e-01  0.0000e+00 
1.0610e+01     7.5076e-02  0.0000e+00     7.9656e-01  0.0000e+00     1.4240e-01  0.0000e+00     1.5109e+00  0.0000e+00 
1.1905e+01     2.8488e-02  0.0000e+00     3.3914e-01  0.0000e+00     6.0629e-02  0.0000e+00     7.2177e-01  0.0000e+00 
1.3357e+01     1.2087e-02  0.0000e+00     1.6144e-01  0.0000e+00     2.8861e-02  0.0000e+00     3.8551e-01  0.0000e+00 
1.4987e+01     5.0984e-03  0.0000e+00     7.6411e-02  0.0000e+00     1.3660e-02  0.0000e+00     2.0472e-01  0.0000e+00 
1.6816e+01     2.3835e-02  0.0000e+00     4.0081e-01  0.0000e+00     7.1653e-02  0.0000e+00     1.2049e+00  0.0000e+00 
1.8868e+01     6.4637e-03  0.0000e+00     1.2196e-01  0.0000e+00     2.1802e-02  0.0000e+00     4.1135e-01  0.0000e+00 
2.1170e+01     3.0125e-03  0.0000e+00     6.3775e-02  0.0000e+00     1.1401e-02  0.0000e+00     2.4136e-01  0.0000e+00 
2.3753e+01     3.1282e-03  0.0000e+00     7.4305e-02  0.0000e+00     1.3283e-02  0.0000e+00     3.1552e-01  0.0000e+00 
2.6651e+01     1.9682e-03  0.0000e+00     5.2455e-02  0.0000e+00     9.3773e-03  0.0000e+00     2.4992e-01  0.0000e+00 
2.9903e+01     1.4856e-03  0.0000e+00     4.4425e-02  0.0000e+00     7.9418e-03  0.0000e+00     2.3749e-01  0.0000e+00 
3.3552e+01     1.2672e-03  0.0000e+00     4.2517e-02  0.0000e+00     7.6006e-03  0.0000e+00     2.5502e-01  0.0000e+00 
3.7646e+01     9.5805e-04  0.0000e+00     3.6067e-02  0.0000e+00     6.4476e-03  0.0000e+00     2.4273e-01  0.0000e+00 
4.2240e+01     6.0612e-04  0.0000e+00     2.5602e-02  0.0000e+00     4.5769e-03  0.0000e+00     1.9332e-01  0.0000e+00 
4.7394e+01     4.5827e-04  0.0000e+00     2.1719e-02  0.0000e+00     3.8827e-03  0.0000e+00     1.8401e-01  0.0000e+00 
5.3176e+01     2.7476e-04  0.0000e+00     1.4611e-02  0.0000e+00     2.6120e-03  0.0000e+00     1.3890e-01  0.0000e+00 
5.9665e+01     1.7980e-04  0.0000e+00     1.0728e-02  0.0000e+00     1.9178e-03  0.0000e+00     1.1443e-01  0.0000e+00 
6.6945e+01     9.0447e-05  0.0000e+00     6.0550e-03  0.0000e+00     1.0824e-03  0.0000e+00     7.2464e-02  0.0000e+00 
7.5114e+01     5.6953e-05  0.0000e+00     4.2780e-03  0.0000e+00     7.6477e-04  0.0000e+00     5.7445e-02  0.0000e+00 
8.4279e+01     2.6551e-05  0.0000e+00     2.2377e-03  0.0000e+00     4.0003e-04  0.0000e+00     3.3714e-02  0.0000e+00 
9.4563e+01     1.4616e-05  0.0000e+00     1.3821e-03  0.0000e+00     2.4708e-04  0.0000e+00     2.3364e-02  0.0000e+00 
1.0610e+02     6.8234e-06  0.0000e+00     7.2397e-04  0.0000e+00     1.2942e-04  0.0000e+00     1.3732e-02  0.0000e+00 
1.1905e+02     1.6585e-06  0.0000e+00     1.9745e-04  0.0000e+00     3.5297e-05  0.0000e+00     4.2020e-03  0.0000e+00 
1.3357e+02     0.0000e+00  0.0000e+00     0.0000e+00  0.0000e+00     0.0000e+00  0.0000e+00     0.0000e+00  0.0000e+00 
1.4987e+02     0.0000e+00  0.0000e+00     0.0000e+00  0.0000e+00     0.0000e+00  0.0000e+00     0.0000e+00  0.0000e+00 
1.6816e+02     0.0000e+00  0.0000e+00     0.0000e+00  0.0000e+00     0.0000e+00  0.0000e+00     0.0000e+00  0.0000e+00 
1.8868e+02     0.0000e+00  0.0000e+00     0.0000e+00  0.0000e+00     0.0000e+00  0.0000e+00     0.0000e+00  0.0000e+00 
2.1170e+02     0.0000e+00  0.0000e+00     0.0000e+00  0.0000e+00     0.0000e+00  0.0000e+00     0.0000e+00  0.0000e+00 
2.3753e+02     0.0000e+00  0.0000e+00     0.0000e+00  0.0000e+00     0.0000e+00  0.0000e+00     0.0000e+00  0.0000e+00 
2.6651e+02     0.0000e+00  0.0000e+00     0.0000e+00  0.0000e+00     0.0000e+00  0.0000e+00     0.0000e+00  0.0000e+00 
2.9903e+02     0.0000e+00  0.0000e+00     0.0000e+00  0.0000e+00     0.0000e+00  0.0000e+00     0.0000e+00  0.0000e+00 
3.3552e+02     0.0000e+00  0.0000e+00     0.0000e+00  0.0000e+00     0.0000e+00  0.0000e+00     0.0000e+00  0.0000e+00 
3.7646e+02     0.0000e+00  0.0000e+00     0.0000e+00  0.0000e+00     0.0000e+00  0.0000e+00     0.0000e+00  0.0000e+00 
4.2240e+02     0.0000e+00  0.0000e+00     0.0000e+00  0.0000e+00     0.0000e+00  0.0000e+00     0.0000e+00  0.0000e+00 
4.7394e+02     0.0000e+00  0.0000e+00     0.0000e+00  0.0000e+00     0.0000e+00  0.0000e+00     0.0000e+00  0.0000e+00 
5.3176e+02     0.0000e+00  0.0000e+00     0.0000e+00  0.0000e+00     0.0000e+00  0.0000e+00     0.0000e+00  0.0000e+00 
5.9665e+02     0.0000e+00  0.0000e+00     0.0000e+00  0.0000e+00     0.0000e+00  0.0000e+00     0.0000e+00  0.0000e+00 
6.6945e+02     0.0000e+00  0.0000e+00     0.0000e+00  0.0000e+00     0.0000e+00  0.0000e+00     0.0000e+00  0.0000e+00 
7.5114e+02     0.0000e+00  0.0000e+00     0.0000e+00  0.0000e+00     0.0000e+00  0.0000e+00     0.0000e+00  0.0000e+00 
8.4279e+02     0.0000e+00  0.0000e+00     0.0000e+00  0.0000e+00     0.0000e+00  0.0000e+00     0.0000e+00  0.0000e+00 
9.4563e+02     0.0000e+00  0.0000e+00     0.0000e+00  0.0000e+00     0.0000e+00  0.0000e+00     0.0000e+00  0.0000e+00 
1.0610e+03     0.0000e+00  0.0000e+00     0.0000e+00  0.0000e+00     0.0000e+00  0.0000e+00     0.0000e+00  0.0000e+00 
1.1905e+03     0.0000e+00  0.0000e+00     0.0000e+00  0.0000e+00     0.0000e+00  0.0000e+00     0.0000e+00  0.0000e+00 
1.3357e+03     0.0000e+00  0.0000e+00     0.0000e+00  0.0000e+00     0.0000e+00  0.0000e+00     0.0000e+00  0.0000e+00 
1.4987e+03     0.0000e+00  0.0000e+00     0.0000e+00  0.0000e+00     0.0000e+00  0.0000e+00     0.0000e+00  0.0000e+00 
1.6816e+03     0.0000e+00  0.0000e+00     0.0000e+00  0.0000e+00     0.0000e+00  0.0000e+00     0.0000e+00  0.0000e+00 
1.8868e+03     0.0000e+00  0.0000e+00     0.0000e+00  0.0000e+00     0.0000e+00  0.0000e+00     0.0000e+00  0.0000e+00 
2.1170e+03     0.0000e+00  0.0000e+00     0.0000e+00  0.0000e+00     0.0000e+00  0.0000e+00     0.0000e+00  0.0000e+00 
2.3753e+03     0.0000e+00  0.0000e+00     0.0000e+00  0.0000e+00     0.0000e+00  0.0000e+00     0.0000e+00  0.0000e+00 
2.6651e+03     0.0000e+00  0.0000e+00     0.0000e+00  0.0000e+00     0.0000e+00  0.0000e+00     0.0000e+00  0.0000e+00 
2.9903e+03     0.0000e+00  0.0000e+00     0.0000e+00  0.0000e+00     0.0000e+00  0.0000e+00     0.0000e+00  0.0000e+00 
3.3552e+03     0.0000e+00  0.0000e+00     0.0000e+00  0.0000e+00     0.0000e+00  0.0000e+00     0.0000e+00  0.0000e+00 
3.7646e+03     0.0000e+00  0.0000e+00     0.0000e+00  0.0000e+00     0.0000e+00  0.0000e+00     0.0000e+00  0.0000e+00 
4.2240e+03     0.0000e+00  0.0000e+00     0.0000e+00  0.0000e+00     0.0000e+00  0.0000e+00     0.0000e+00  0.0000e+00 
4.7394e+03     0.0000e+00  0.0000e+00     0.0000e+00  0.0000e+00     0.0000e+00  0.0000e+00     0.0000e+00  0.0000e+00 
5.3176e+03     0.0000e+00  0.0000e+00     0.0000e+00  0.0000e+00     0.0000e+00  0.0000e+00     0.0000e+00  0.0000e+00 
5.9665e+03     0.0000e+00  0.0000e+00     0.0000e+00  0.0000e+00     0.0000e+00  0.0000e+00     0.0000e+00  0.0000e+00 
6.6945e+03     0.0000e+00  0.0000e+00     0.0000e+00  0.0000e+00     0.0000e+00  0.0000e+00     0.0000e+00  0.0000e+00 
7.5114e+03     0.0000e+00  0.0000e+00     0.0000e+00  0.0000e+00     0.0000e+00  0.0000e+00     0.0000e+00  0.0000e+00 
8.4279e+03     0.0000e+00  0.0000e+00     0.0000e+00  0.0000e+00     0.0000e+00  0.0000e+00     0.0000e+00  0.0000e+00 
9.4563e+03     0.0000e+00  0.0000e+00     0.0000e+00  0.0000e+00     0.0000e+00  0.0000e+00     0.0000e+00  0.0000e+00 
