yF = 4.2516e+00 (std: 0.0000e+00) keV/um
yD = 2.0534e+01 (std: 0.0000e+00) keV/um
y (keV/um)     f(y)(std)                  yf(y)(std)                 d(y)(std)                  yd(y)(std)  
1.0610e-01     2.5508e+01  0.0000e+00     2.7064e+00  0.0000e+00     6.3656e-01  0.0000e+00     6.7540e-02  0.0000e+00 
1.1905e-01     1.9652e+00  0.0000e+00     2.3395e-01  0.0000e+00     5.5026e-02  0.0000e+00     6.5507e-03  0.0000e+00 
1.3357e-01     6.3338e-01  0.0000e+00     8.4602e-02  0.0000e+00     1.9899e-02  0.0000e+00     2.6580e-03  0.0000e+00 
1.4987e-01     2.9550e+00  0.0000e+00     4.4287e-01  0.0000e+00     1.0416e-01  0.0000e+00     1.5611e-02  0.0000e+00 
1.6816e-01     8.3167e-01  0.0000e+00     1.3985e-01  0.0000e+00     3.2894e-02  0.0000e+00     5.5314e-03  0.0000e+00 
1.8868e-01     6.0396e-01  0.0000e+00     1.1395e-01  0.0000e+00     2.6803e-02  0.0000e+00     5.0570e-03  0.0000e+00 
2.1170e-01     6.1169e-01  0.0000e+00     1.2949e-01  0.0000e+00     3.0457e-02  0.0000e+00     6.4478e-03  0.0000e+00 
2.3753e-01     5.7969e-01  0.0000e+00     1.3769e-01  0.0000e+00     3.2386e-02  0.0000e+00     7.6928e-03  0.0000e+00 
2.6651e-01     2.2027e-01  0.0000e+00     5.8704e-02  0.0000e+00     1.3807e-02  0.0000e+00     3.6799e-03  0.0000e+00 
2.9903e-01     2.0064e-01  0.0000e+00     5.9999e-02  0.0000e+00     1.4112e-02  0.0000e+00     4.2199e-03  0.0000e+00 
3.3552e-01     1.3765e+00  0.0000e+00     4.6186e-01  0.0000e+00     1.0863e-01  0.0000e+00     3.6448e-02  0.0000e+00 
3.7646e-01     9.3103e-01  0.0000e+00     3.5050e-01  0.0000e+00     8.2438e-02  0.0000e+00     3.1035e-02  0.0000e+00 
4.2240e-01     3.7912e-01  0.0000e+00     1.6014e-01  0.0000e+00     3.7666e-02  0.0000e+00     1.5910e-02  0.0000e+00 
4.7394e-01     3.8799e-01  0.0000e+00     1.8388e-01  0.0000e+00     4.3250e-02  0.0000e+00     2.0498e-02  0.0000e+00 
5.3176e-01     2.4352e-01  0.0000e+00     1.2949e-01  0.0000e+00     3.0457e-02  0.0000e+00     1.6196e-02  0.0000e+00 
5.9665e-01     1.1792e-01  0.0000e+00     7.0358e-02  0.0000e+00     1.6549e-02  0.0000e+00     9.8737e-03  0.0000e+00 
6.6945e-01     2.1020e-01  0.0000e+00     1.4072e-01  0.0000e+00     3.3097e-02  0.0000e+00     2.2157e-02  0.0000e+00 
7.5114e-01     1.7355e-01  0.0000e+00     1.3036e-01  0.0000e+00     3.0661e-02  0.0000e+00     2.3030e-02  0.0000e+00 
8.4279e-01     8.4507e-02  0.0000e+00     7.1221e-02  0.0000e+00     1.6752e-02  0.0000e+00     1.4118e-02  0.0000e+00 
9.4563e-01     4.9298e-02  0.0000e+00     4.6618e-02  0.0000e+00     1.0965e-02  0.0000e+00     1.0368e-02  0.0000e+00 
1.0610e+00     4.1903e-02  0.0000e+00     4.4459e-02  0.0000e+00     1.0457e-02  0.0000e+00     1.1095e-02  0.0000e+00 
1.1905e+00     2.1030e-02  0.0000e+00     2.5035e-02  0.0000e+00     5.8884e-03  0.0000e+00     7.0100e-03  0.0000e+00 
1.3357e+00     1.1957e-02  0.0000e+00     1.5971e-02  0.0000e+00     3.7564e-03  0.0000e+00     5.0176e-03  0.0000e+00 
1.4987e+00     5.4722e-03  0.0000e+00     8.2012e-03  0.0000e+00     1.9290e-03  0.0000e+00     2.8910e-03  0.0000e+00 
1.6816e+00     2.0535e-03  0.0000e+00     3.4532e-03  0.0000e+00     8.1220e-04  0.0000e+00     1.3658e-03  0.0000e+00 
1.8868e+00     9.1510e-04  0.0000e+00     1.7266e-03  0.0000e+00     4.0610e-04  0.0000e+00     7.6622e-04  0.0000e+00 
2.1170e+00     2.0390e-04  0.0000e+00     4.3164e-04  0.0000e+00     1.0152e-04  0.0000e+00     2.1493e-04  0.0000e+00 
2.3753e+00     3.6344e-04  0.0000e+00     8.6329e-04  0.0000e+00     2.0305e-04  0.0000e+00     4.8230e-04  0.0000e+00 
2.6651e+00     1.6196e-04  0.0000e+00     4.3164e-04  0.0000e+00     1.0152e-04  0.0000e+00     2.7058e-04  0.0000e+00 
2.9903e+00     0.0000e+00  0.0000e+00     0.0000e+00  0.0000e+00     0.0000e+00  0.0000e+00     0.0000e+00  0.0000e+00 
3.3552e+00     0.0000e+00  0.0000e+00     0.0000e+00  0.0000e+00     0.0000e+00  0.0000e+00     0.0000e+00  0.0000e+00 
3.7646e+00     0.0000e+00  0.0000e+00     0.0000e+00  0.0000e+00     0.0000e+00  0.0000e+00     0.0000e+00  0.0000e+00 
4.2240e+00     0.0000e+00  0.0000e+00     0.0000e+00  0.0000e+00     0.0000e+00  0.0000e+00     0.0000e+00  0.0000e+00 
4.7394e+00     0.0000e+00  0.0000e+00     0.0000e+00  0.0000e+00     0.0000e+00  0.0000e+00     0.0000e+00  0.0000e+00 
5.3176e+00     0.0000e+00  0.0000e+00     0.0000e+00  0.0000e+00     0.0000e+00  0.0000e+00     0.0000e+00  0.0000e+00 
5.9665e+00     1.2089e-01  0.0000e+00     7.2128e-01  0.0000e+00     1.6965e-01  0.0000e+00     1.0122e+00  0.0000e+00 
6.6945e+00     2.2116e-02  0.0000e+00     1.4805e-01  0.0000e+00     3.4823e-02  0.0000e+00     2.3312e-01  0.0000e+00 
7.5114e+00     5.2868e-03  0.0000e+00     3.9711e-02  0.0000e+00     9.3403e-03  0.0000e+00     7.0158e-02  0.0000e+00 
8.4279e+00     2.2945e-02  0.0000e+00     1.9338e-01  0.0000e+00     4.5483e-02  0.0000e+00     3.8333e-01  0.0000e+00 
9.4563e+00     1.5155e-02  0.0000e+00     1.4331e-01  0.0000e+00     3.3706e-02  0.0000e+00     3.1874e-01  0.0000e+00 
1.0610e+01     5.1748e-02  0.0000e+00     5.4905e-01  0.0000e+00     1.2914e-01  0.0000e+00     1.3702e+00  0.0000e+00 
1.1905e+01     1.4902e-02  0.0000e+00     1.7741e-01  0.0000e+00     4.1727e-02  0.0000e+00     4.9675e-01  0.0000e+00 
1.3357e+01     1.0373e-02  0.0000e+00     1.3856e-01  0.0000e+00     3.2589e-02  0.0000e+00     4.3531e-01  0.0000e+00 
1.4987e+01     6.2210e-03  0.0000e+00     9.3235e-02  0.0000e+00     2.1929e-02  0.0000e+00     3.2866e-01  0.0000e+00 
1.6816e+01     5.8268e-03  0.0000e+00     9.7983e-02  0.0000e+00     2.3046e-02  0.0000e+00     3.8754e-01  0.0000e+00 
1.8868e+01     3.1342e-03  0.0000e+00     5.9135e-02  0.0000e+00     1.3909e-02  0.0000e+00     2.6243e-01  0.0000e+00 
2.1170e+01     2.9973e-03  0.0000e+00     6.3452e-02  0.0000e+00     1.4924e-02  0.0000e+00     3.1594e-01  0.0000e+00 
2.3753e+01     2.5986e-03  0.0000e+00     6.1725e-02  0.0000e+00     1.4518e-02  0.0000e+00     3.4485e-01  0.0000e+00 
2.6651e+01     2.0893e-03  0.0000e+00     5.5682e-02  0.0000e+00     1.3097e-02  0.0000e+00     3.4904e-01  0.0000e+00 
2.9903e+01     1.1403e-03  0.0000e+00     3.4100e-02  0.0000e+00     8.0205e-03  0.0000e+00     2.3984e-01  0.0000e+00 
3.3552e+01     1.1321e-03  0.0000e+00     3.7985e-02  0.0000e+00     8.9342e-03  0.0000e+00     2.9976e-01  0.0000e+00 
3.7646e+01     1.0319e-03  0.0000e+00     3.8848e-02  0.0000e+00     9.1372e-03  0.0000e+00     3.4398e-01  0.0000e+00 
4.2240e+01     6.0292e-04  0.0000e+00     2.5467e-02  0.0000e+00     5.9900e-03  0.0000e+00     2.5301e-01  0.0000e+00 
4.7394e+01     3.6431e-04  0.0000e+00     1.7266e-02  0.0000e+00     4.0610e-03  0.0000e+00     1.9246e-01  0.0000e+00 
5.3176e+01     3.2469e-04  0.0000e+00     1.7266e-02  0.0000e+00     4.0610e-03  0.0000e+00     2.1595e-01  0.0000e+00 
5.9665e+01     1.8086e-04  0.0000e+00     1.0791e-02  0.0000e+00     2.5381e-03  0.0000e+00     1.5144e-01  0.0000e+00 
6.6945e+01     1.2251e-04  0.0000e+00     8.2012e-03  0.0000e+00     1.9290e-03  0.0000e+00     1.2914e-01  0.0000e+00 
7.5114e+01     5.7466e-05  0.0000e+00     4.3164e-03  0.0000e+00     1.0152e-03  0.0000e+00     7.6259e-02  0.0000e+00 
8.4279e+01     3.0730e-05  0.0000e+00     2.5899e-03  0.0000e+00     6.0915e-04  0.0000e+00     5.1338e-02  0.0000e+00 
9.4563e+01     2.2823e-05  0.0000e+00     2.1582e-03  0.0000e+00     5.0762e-04  0.0000e+00     4.8002e-02  0.0000e+00 
1.0610e+02     1.2205e-05  0.0000e+00     1.2949e-03  0.0000e+00     3.0457e-04  0.0000e+00     3.2316e-02  0.0000e+00 
1.1905e+02     0.0000e+00  0.0000e+00     0.0000e+00  0.0000e+00     0.0000e+00  0.0000e+00     0.0000e+00  0.0000e+00 
1.3357e+02     0.0000e+00  0.0000e+00     0.0000e+00  0.0000e+00     0.0000e+00  0.0000e+00     0.0000e+00  0.0000e+00 
1.4987e+02     0.0000e+00  0.0000e+00     0.0000e+00  0.0000e+00     0.0000e+00  0.0000e+00     0.0000e+00  0.0000e+00 
1.6816e+02     0.0000e+00  0.0000e+00     0.0000e+00  0.0000e+00     0.0000e+00  0.0000e+00     0.0000e+00  0.0000e+00 
1.8868e+02     0.0000e+00  0.0000e+00     0.0000e+00  0.0000e+00     0.0000e+00  0.0000e+00     0.0000e+00  0.0000e+00 
2.1170e+02     0.0000e+00  0.0000e+00     0.0000e+00  0.0000e+00     0.0000e+00  0.0000e+00     0.0000e+00  0.0000e+00 
2.3753e+02     0.0000e+00  0.0000e+00     0.0000e+00  0.0000e+00     0.0000e+00  0.0000e+00     0.0000e+00  0.0000e+00 
2.6651e+02     0.0000e+00  0.0000e+00     0.0000e+00  0.0000e+00     0.0000e+00  0.0000e+00     0.0000e+00  0.0000e+00 
2.9903e+02     0.0000e+00  0.0000e+00     0.0000e+00  0.0000e+00     0.0000e+00  0.0000e+00     0.0000e+00  0.0000e+00 
3.3552e+02     0.0000e+00  0.0000e+00     0.0000e+00  0.0000e+00     0.0000e+00  0.0000e+00     0.0000e+00  0.0000e+00 
3.7646e+02     0.0000e+00  0.0000e+00     0.0000e+00  0.0000e+00     0.0000e+00  0.0000e+00     0.0000e+00  0.0000e+00 
4.2240e+02     0.0000e+00  0.0000e+00     0.0000e+00  0.0000e+00     0.0000e+00  0.0000e+00     0.0000e+00  0.0000e+00 
4.7394e+02     0.0000e+00  0.0000e+00     0.0000e+00  0.0000e+00     0.0000e+00  0.0000e+00     0.0000e+00  0.0000e+00 
5.3176e+02     0.0000e+00  0.0000e+00     0.0000e+00  0.0000e+00     0.0000e+00  0.0000e+00     0.0000e+00  0.0000e+00 
5.9665e+02     0.0000e+00  0.0000e+00     0.0000e+00  0.0000e+00     0.0000e+00  0.0000e+00     0.0000e+00  0.0000e+00 
6.6945e+02     0.0000e+00  0.0000e+00     0.0000e+00  0.0000e+00     0.0000e+00  0.0000e+00     0.0000e+00  0.0000e+00 
7.5114e+02     0.0000e+00  0.0000e+00     0.0000e+00  0.0000e+00     0.0000e+00  0.0000e+00     0.0000e+00  0.0000e+00 
8.4279e+02     0.0000e+00  0.0000e+00     0.0000e+00  0.0000e+00     0.0000e+00  0.0000e+00     0.0000e+00  0.0000e+00 
9.4563e+02     0.0000e+00  0.0000e+00     0.0000e+00  0.0000e+00     0.0000e+00  0.0000e+00     0.0000e+00  0.0000e+00 
1.0610e+03     0.0000e+00  0.0000e+00     0.0000e+00  0.0000e+00     0.0000e+00  0.0000e+00     0.0000e+00  0.0000e+00 
1.1905e+03     0.0000e+00  0.0000e+00     0.0000e+00  0.0000e+00     0.0000e+00  0.0000e+00     0.0000e+00  0.0000e+00 
1.3357e+03     0.0000e+00  0.0000e+00     0.0000e+00  0.0000e+00     0.0000e+00  0.0000e+00     0.0000e+00  0.0000e+00 
1.4987e+03     0.0000e+00  0.0000e+00     0.0000e+00  0.0000e+00     0.0000e+00  0.0000e+00     0.0000e+00  0.0000e+00 
1.6816e+03     0.0000e+00  0.0000e+00     0.0000e+00  0.0000e+00     0.0000e+00  0.0000e+00     0.0000e+00  0.0000e+00 
1.8868e+03     0.0000e+00  0.0000e+00     0.0000e+00  0.0000e+00     0.0000e+00  0.0000e+00     0.0000e+00  0.0000e+00 
2.1170e+03     0.0000e+00  0.0000e+00     0.0000e+00  0.0000e+00     0.0000e+00  0.0000e+00     0.0000e+00  0.0000e+00 
2.3753e+03     0.0000e+00  0.0000e+00     0.0000e+00  0.0000e+00     0.0000e+00  0.0000e+00     0.0000e+00  0.0000e+00 
2.6651e+03     0.0000e+00  0.0000e+00     0.0000e+00  0.0000e+00     0.0000e+00  0.0000e+00     0.0000e+00  0.0000e+00 
2.9903e+03     0.0000e+00  0.0000e+00     0.0000e+00  0.0000e+00     0.0000e+00  0.0000e+00     0.0000e+00  0.0000e+00 
3.3552e+03     0.0000e+00  0.0000e+00     0.0000e+00  0.0000e+00     0.0000e+00  0.0000e+00     0.0000e+00  0.0000e+00 
3.7646e+03     0.0000e+00  0.0000e+00     0.0000e+00  0.0000e+00     0.0000e+00  0.0000e+00     0.0000e+00  0.0000e+00 
4.2240e+03     0.0000e+00  0.0000e+00     0.0000e+00  0.0000e+00     0.0000e+00  0.0000e+00     0.0000e+00  0.0000e+00 
4.7394e+03     0.0000e+00  0.0000e+00     0.0000e+00  0.0000e+00     0.0000e+00  0.0000e+00     0.0000e+00  0.0000e+00 
5.3176e+03     0.0000e+00  0.0000e+00     0.0000e+00  0.0000e+00     0.0000e+00  0.0000e+00     0.0000e+00  0.0000e+00 
5.9665e+03     0.0000e+00  0.0000e+00     0.0000e+00  0.0000e+00     0.0000e+00  0.0000e+00     0.0000e+00  0.0000e+00 
6.6945e+03     0.0000e+00  0.0000e+00     0.0000e+00  0.0000e+00     0.0000e+00  0.0000e+00     0.0000e+00  0.0000e+00 
7.5114e+03     0.0000e+00  0.0000e+00     0.0000e+00  0.0000e+00     0.0000e+00  0.0000e+00     0.0000e+00  0.0000e+00 
8.4279e+03     0.0000e+00  0.0000e+00     0.0000e+00  0.0000e+00     0.0000e+00  0.0000e+00     0.0000e+00  0.0000e+00 
9.4563e+03     0.0000e+00  0.0000e+00     0.0000e+00  0.0000e+00     0.0000e+00  0.0000e+00     0.0000e+00  0.0000e+00 
