yF = 9.7068e+01 (std: 0.0000e+00) keV/um
yD = 1.1376e+02 (std: 0.0000e+00) keV/um
y (keV/um)     f(y)(std)                  yf(y)(std)                 d(y)(std)                  yd(y)(std)  
1.0610e-01     3.2782e-04  0.0000e+00     3.4782e-05  0.0000e+00     3.5833e-07  0.0000e+00     3.8019e-08  0.0000e+00 
1.1905e-01     4.3825e-04  0.0000e+00     5.2173e-05  0.0000e+00     5.3749e-07  0.0000e+00     6.3986e-08  0.0000e+00 
1.3357e-01     0.0000e+00  0.0000e+00     0.0000e+00  0.0000e+00     0.0000e+00  0.0000e+00     0.0000e+00  0.0000e+00 
1.4987e-01     1.7406e-04  0.0000e+00     2.6086e-05  0.0000e+00     2.6874e-07  0.0000e+00     4.0277e-08  0.0000e+00 
1.6816e-01     2.0684e-04  0.0000e+00     3.4782e-05  0.0000e+00     3.5833e-07  0.0000e+00     6.0255e-08  0.0000e+00 
1.8868e-01     2.3043e-04  0.0000e+00     4.3477e-05  0.0000e+00     4.4791e-07  0.0000e+00     8.4510e-08  0.0000e+00 
2.1170e-01     2.0537e-04  0.0000e+00     4.3477e-05  0.0000e+00     4.4791e-07  0.0000e+00     9.4821e-08  0.0000e+00 
2.3753e-01     1.8304e-04  0.0000e+00     4.3477e-05  0.0000e+00     4.4791e-07  0.0000e+00     1.0639e-07  0.0000e+00 
2.6651e-01     9.7880e-05  0.0000e+00     2.6086e-05  0.0000e+00     2.6874e-07  0.0000e+00     7.1624e-08  0.0000e+00 
2.9903e-01     2.3263e-04  0.0000e+00     6.9564e-05  0.0000e+00     7.1665e-07  0.0000e+00     2.1430e-07  0.0000e+00 
3.3552e-01     5.1833e-05  0.0000e+00     1.7391e-05  0.0000e+00     1.7916e-07  0.0000e+00     6.0113e-08  0.0000e+00 
3.7646e-01     2.3098e-04  0.0000e+00     8.6955e-05  0.0000e+00     8.9581e-07  0.0000e+00     3.3724e-07  0.0000e+00 
4.2240e-01     1.2352e-04  0.0000e+00     5.2173e-05  0.0000e+00     5.3749e-07  0.0000e+00     2.2703e-07  0.0000e+00 
4.7394e-01     3.6695e-05  0.0000e+00     1.7391e-05  0.0000e+00     1.7916e-07  0.0000e+00     8.4912e-08  0.0000e+00 
5.3176e-01     1.4717e-04  0.0000e+00     7.8259e-05  0.0000e+00     8.0623e-07  0.0000e+00     4.2873e-07  0.0000e+00 
5.9665e-01     8.7443e-05  0.0000e+00     5.2173e-05  0.0000e+00     5.3749e-07  0.0000e+00     3.2069e-07  0.0000e+00 
6.6945e-01     6.4945e-05  0.0000e+00     4.3477e-05  0.0000e+00     4.4791e-07  0.0000e+00     2.9985e-07  0.0000e+00 
7.5114e-01     9.2611e-05  0.0000e+00     6.9564e-05  0.0000e+00     7.1665e-07  0.0000e+00     5.3830e-07  0.0000e+00 
8.4279e-01     6.1905e-05  0.0000e+00     5.2173e-05  0.0000e+00     5.3749e-07  0.0000e+00     4.5299e-07  0.0000e+00 
9.4563e-01     4.5977e-05  0.0000e+00     4.3477e-05  0.0000e+00     4.4791e-07  0.0000e+00     4.2355e-07  0.0000e+00 
1.0610e+00     8.1955e-06  0.0000e+00     8.6955e-06  0.0000e+00     8.9581e-08  0.0000e+00     9.5047e-08  0.0000e+00 
1.1905e+00     2.1913e-05  0.0000e+00     2.6086e-05  0.0000e+00     2.6874e-07  0.0000e+00     3.1993e-07  0.0000e+00 
1.3357e+00     1.3020e-05  0.0000e+00     1.7391e-05  0.0000e+00     1.7916e-07  0.0000e+00     2.3931e-07  0.0000e+00 
1.4987e+00     1.7406e-05  0.0000e+00     2.6086e-05  0.0000e+00     2.6874e-07  0.0000e+00     4.0277e-07  0.0000e+00 
1.6816e+00     1.5513e-05  0.0000e+00     2.6086e-05  0.0000e+00     2.6874e-07  0.0000e+00     4.5192e-07  0.0000e+00 
1.8868e+00     9.2173e-06  0.0000e+00     1.7391e-05  0.0000e+00     1.7916e-07  0.0000e+00     3.3804e-07  0.0000e+00 
2.1170e+00     1.8073e-04  0.0000e+00     3.8260e-04  0.0000e+00     3.9416e-06  0.0000e+00     8.3443e-06  0.0000e+00 
2.3753e+00     3.1117e-04  0.0000e+00     7.3912e-04  0.0000e+00     7.6144e-06  0.0000e+00     1.8087e-05  0.0000e+00 
2.6651e+00     2.1860e-04  0.0000e+00     5.8260e-04  0.0000e+00     6.0019e-06  0.0000e+00     1.5996e-05  0.0000e+00 
2.9903e+00     1.1050e-04  0.0000e+00     3.3043e-04  0.0000e+00     3.4041e-06  0.0000e+00     1.0179e-05  0.0000e+00 
3.3552e+00     3.4469e-04  0.0000e+00     1.1565e-03  0.0000e+00     1.1914e-05  0.0000e+00     3.9975e-05  0.0000e+00 
3.7646e+00     2.8642e-04  0.0000e+00     1.0782e-03  0.0000e+00     1.1108e-05  0.0000e+00     4.1818e-05  0.0000e+00 
4.2240e+00     9.4696e-05  0.0000e+00     3.9999e-04  0.0000e+00     4.1207e-06  0.0000e+00     1.7406e-05  0.0000e+00 
4.7394e+00     1.4311e-04  0.0000e+00     6.7825e-04  0.0000e+00     6.9873e-06  0.0000e+00     3.3115e-05  0.0000e+00 
5.3176e+00     4.2516e-05  0.0000e+00     2.2608e-04  0.0000e+00     2.3291e-06  0.0000e+00     1.2385e-05  0.0000e+00 
5.9665e+00     1.3262e-04  0.0000e+00     7.9129e-04  0.0000e+00     8.1519e-06  0.0000e+00     4.8638e-05  0.0000e+00 
6.6945e+00     4.0266e-05  0.0000e+00     2.6956e-04  0.0000e+00     2.7770e-06  0.0000e+00     1.8591e-05  0.0000e+00 
7.5114e+00     2.1995e-05  0.0000e+00     1.6521e-04  0.0000e+00     1.7020e-06  0.0000e+00     1.2785e-05  0.0000e+00 
8.4279e+00     1.3413e-04  0.0000e+00     1.1304e-03  0.0000e+00     1.1646e-05  0.0000e+00     9.8148e-05  0.0000e+00 
9.4563e+00     1.5908e-04  0.0000e+00     1.5043e-03  0.0000e+00     1.5498e-05  0.0000e+00     1.4655e-04  0.0000e+00 
1.0610e+01     3.7863e-04  0.0000e+00     4.0173e-03  0.0000e+00     4.1387e-05  0.0000e+00     4.3912e-04  0.0000e+00 
1.1905e+01     5.7192e-04  0.0000e+00     6.8086e-03  0.0000e+00     7.0142e-05  0.0000e+00     8.3502e-04  0.0000e+00 
1.3357e+01     6.5685e-04  0.0000e+00     8.7737e-03  0.0000e+00     9.0388e-05  0.0000e+00     1.2073e-03  0.0000e+00 
1.4987e+01     5.9412e-04  0.0000e+00     8.9042e-03  0.0000e+00     9.1731e-05  0.0000e+00     1.3748e-03  0.0000e+00 
1.6816e+01     5.6209e-04  0.0000e+00     9.4520e-03  0.0000e+00     9.7375e-05  0.0000e+00     1.6374e-03  0.0000e+00 
1.8868e+01     7.2909e-04  0.0000e+00     1.3756e-02  0.0000e+00     1.4172e-04  0.0000e+00     2.6739e-03  0.0000e+00 
2.1170e+01     1.2199e-03  0.0000e+00     2.5826e-02  0.0000e+00     2.6606e-04  0.0000e+00     5.6324e-03  0.0000e+00 
2.3753e+01     1.5591e-03  0.0000e+00     3.7034e-02  0.0000e+00     3.8153e-04  0.0000e+00     9.0624e-03  0.0000e+00 
2.6651e+01     1.6930e-03  0.0000e+00     4.5121e-02  0.0000e+00     4.6484e-04  0.0000e+00     1.2389e-02  0.0000e+00 
2.9903e+01     2.3097e-03  0.0000e+00     6.9068e-02  0.0000e+00     7.1154e-04  0.0000e+00     2.1278e-02  0.0000e+00 
3.3552e+01     2.9488e-03  0.0000e+00     9.8937e-02  0.0000e+00     1.0193e-03  0.0000e+00     3.4198e-02  0.0000e+00 
3.7646e+01     3.6913e-03  0.0000e+00     1.3896e-01  0.0000e+00     1.4316e-03  0.0000e+00     5.3894e-02  0.0000e+00 
4.2240e+01     4.6070e-03  0.0000e+00     1.9460e-01  0.0000e+00     2.0047e-03  0.0000e+00     8.4679e-02  0.0000e+00 
4.7394e+01     5.7202e-03  0.0000e+00     2.7110e-01  0.0000e+00     2.7929e-03  0.0000e+00     1.3236e-01  0.0000e+00 
5.3176e+01     6.8704e-03  0.0000e+00     3.6534e-01  0.0000e+00     3.7638e-03  0.0000e+00     2.0014e-01  0.0000e+00 
5.9665e+01     8.0923e-03  0.0000e+00     4.8283e-01  0.0000e+00     4.9741e-03  0.0000e+00     2.9678e-01  0.0000e+00 
6.6945e+01     9.1616e-03  0.0000e+00     6.1333e-01  0.0000e+00     6.3185e-03  0.0000e+00     4.2299e-01  0.0000e+00 
7.5114e+01     1.0031e-02  0.0000e+00     7.5345e-01  0.0000e+00     7.7620e-03  0.0000e+00     5.8304e-01  0.0000e+00 
8.4279e+01     1.0224e-02  0.0000e+00     8.6163e-01  0.0000e+00     8.8765e-03  0.0000e+00     7.4810e-01  0.0000e+00 
9.4563e+01     9.9429e-03  0.0000e+00     9.4023e-01  0.0000e+00     9.6862e-03  0.0000e+00     9.1596e-01  0.0000e+00 
1.0610e+02     8.9600e-03  0.0000e+00     9.5066e-01  0.0000e+00     9.7937e-03  0.0000e+00     1.0391e+00  0.0000e+00 
1.1905e+02     7.3865e-03  0.0000e+00     8.7934e-01  0.0000e+00     9.0590e-03  0.0000e+00     1.0784e+00  0.0000e+00 
1.3357e+02     5.4494e-03  0.0000e+00     7.2790e-01  0.0000e+00     7.4989e-03  0.0000e+00     1.0016e+00  0.0000e+00 
1.4987e+02     3.5678e-03  0.0000e+00     5.3471e-01  0.0000e+00     5.5086e-03  0.0000e+00     8.2559e-01  0.0000e+00 
1.6816e+02     2.0216e-03  0.0000e+00     3.3995e-01  0.0000e+00     3.5022e-03  0.0000e+00     5.8892e-01  0.0000e+00 
1.8868e+02     9.6740e-04  0.0000e+00     1.8253e-01  0.0000e+00     1.8804e-03  0.0000e+00     3.5479e-01  0.0000e+00 
2.1170e+02     3.8508e-04  0.0000e+00     8.1520e-02  0.0000e+00     8.3982e-04  0.0000e+00     1.7779e-01  0.0000e+00 
2.3753e+02     1.2176e-04  0.0000e+00     2.8921e-02  0.0000e+00     2.9795e-04  0.0000e+00     7.0772e-02  0.0000e+00 
2.6651e+02     3.1420e-05  0.0000e+00     8.3738e-03  0.0000e+00     8.6267e-05  0.0000e+00     2.2991e-02  0.0000e+00 
2.9903e+02     5.8448e-06  0.0000e+00     1.7478e-03  0.0000e+00     1.8006e-05  0.0000e+00     5.3843e-03  0.0000e+00 
3.3552e+02     6.2199e-07  0.0000e+00     2.0869e-04  0.0000e+00     2.1500e-06  0.0000e+00     7.2135e-04  0.0000e+00 
3.7646e+02     6.9294e-08  0.0000e+00     2.6086e-05  0.0000e+00     2.6874e-07  0.0000e+00     1.0117e-04  0.0000e+00 
4.2240e+02     0.0000e+00  0.0000e+00     0.0000e+00  0.0000e+00     0.0000e+00  0.0000e+00     0.0000e+00  0.0000e+00 
4.7394e+02     0.0000e+00  0.0000e+00     0.0000e+00  0.0000e+00     0.0000e+00  0.0000e+00     0.0000e+00  0.0000e+00 
5.3176e+02     0.0000e+00  0.0000e+00     0.0000e+00  0.0000e+00     0.0000e+00  0.0000e+00     0.0000e+00  0.0000e+00 
5.9665e+02     0.0000e+00  0.0000e+00     0.0000e+00  0.0000e+00     0.0000e+00  0.0000e+00     0.0000e+00  0.0000e+00 
6.6945e+02     0.0000e+00  0.0000e+00     0.0000e+00  0.0000e+00     0.0000e+00  0.0000e+00     0.0000e+00  0.0000e+00 
7.5114e+02     0.0000e+00  0.0000e+00     0.0000e+00  0.0000e+00     0.0000e+00  0.0000e+00     0.0000e+00  0.0000e+00 
8.4279e+02     0.0000e+00  0.0000e+00     0.0000e+00  0.0000e+00     0.0000e+00  0.0000e+00     0.0000e+00  0.0000e+00 
9.4563e+02     0.0000e+00  0.0000e+00     0.0000e+00  0.0000e+00     0.0000e+00  0.0000e+00     0.0000e+00  0.0000e+00 
1.0610e+03     0.0000e+00  0.0000e+00     0.0000e+00  0.0000e+00     0.0000e+00  0.0000e+00     0.0000e+00  0.0000e+00 
1.1905e+03     0.0000e+00  0.0000e+00     0.0000e+00  0.0000e+00     0.0000e+00  0.0000e+00     0.0000e+00  0.0000e+00 
1.3357e+03     0.0000e+00  0.0000e+00     0.0000e+00  0.0000e+00     0.0000e+00  0.0000e+00     0.0000e+00  0.0000e+00 
1.4987e+03     0.0000e+00  0.0000e+00     0.0000e+00  0.0000e+00     0.0000e+00  0.0000e+00     0.0000e+00  0.0000e+00 
1.6816e+03     0.0000e+00  0.0000e+00     0.0000e+00  0.0000e+00     0.0000e+00  0.0000e+00     0.0000e+00  0.0000e+00 
1.8868e+03     0.0000e+00  0.0000e+00     0.0000e+00  0.0000e+00     0.0000e+00  0.0000e+00     0.0000e+00  0.0000e+00 
2.1170e+03     0.0000e+00  0.0000e+00     0.0000e+00  0.0000e+00     0.0000e+00  0.0000e+00     0.0000e+00  0.0000e+00 
2.3753e+03     0.0000e+00  0.0000e+00     0.0000e+00  0.0000e+00     0.0000e+00  0.0000e+00     0.0000e+00  0.0000e+00 
2.6651e+03     0.0000e+00  0.0000e+00     0.0000e+00  0.0000e+00     0.0000e+00  0.0000e+00     0.0000e+00  0.0000e+00 
2.9903e+03     0.0000e+00  0.0000e+00     0.0000e+00  0.0000e+00     0.0000e+00  0.0000e+00     0.0000e+00  0.0000e+00 
3.3552e+03     0.0000e+00  0.0000e+00     0.0000e+00  0.0000e+00     0.0000e+00  0.0000e+00     0.0000e+00  0.0000e+00 
3.7646e+03     0.0000e+00  0.0000e+00     0.0000e+00  0.0000e+00     0.0000e+00  0.0000e+00     0.0000e+00  0.0000e+00 
4.2240e+03     0.0000e+00  0.0000e+00     0.0000e+00  0.0000e+00     0.0000e+00  0.0000e+00     0.0000e+00  0.0000e+00 
4.7394e+03     0.0000e+00  0.0000e+00     0.0000e+00  0.0000e+00     0.0000e+00  0.0000e+00     0.0000e+00  0.0000e+00 
5.3176e+03     0.0000e+00  0.0000e+00     0.0000e+00  0.0000e+00     0.0000e+00  0.0000e+00     0.0000e+00  0.0000e+00 
5.9665e+03     0.0000e+00  0.0000e+00     0.0000e+00  0.0000e+00     0.0000e+00  0.0000e+00     0.0000e+00  0.0000e+00 
6.6945e+03     0.0000e+00  0.0000e+00     0.0000e+00  0.0000e+00     0.0000e+00  0.0000e+00     0.0000e+00  0.0000e+00 
7.5114e+03     0.0000e+00  0.0000e+00     0.0000e+00  0.0000e+00     0.0000e+00  0.0000e+00     0.0000e+00  0.0000e+00 
8.4279e+03     0.0000e+00  0.0000e+00     0.0000e+00  0.0000e+00     0.0000e+00  0.0000e+00     0.0000e+00  0.0000e+00 
9.4563e+03     0.0000e+00  0.0000e+00     0.0000e+00  0.0000e+00     0.0000e+00  0.0000e+00     0.0000e+00  0.0000e+00 
