yF = 4.8881e+00 (std: 0.0000e+00) keV/um
yD = 2.4114e+01 (std: 0.0000e+00) keV/um
y (keV/um)     f(y)(std)                  yf(y)(std)                 d(y)(std)                  yd(y)(std)  
1.0610e-01     2.4849e+01  0.0000e+00     2.6365e+00  0.0000e+00     5.3937e-01  0.0000e+00     5.7227e-02  0.0000e+00 
1.1905e-01     1.8812e+00  0.0000e+00     2.2395e-01  0.0000e+00     4.5815e-02  0.0000e+00     5.4541e-03  0.0000e+00 
1.3357e-01     5.5463e-01  0.0000e+00     7.4084e-02  0.0000e+00     1.5156e-02  0.0000e+00     2.0244e-03  0.0000e+00 
1.4987e-01     2.8753e+00  0.0000e+00     4.3093e-01  0.0000e+00     8.8159e-02  0.0000e+00     1.3212e-02  0.0000e+00 
1.6816e-01     8.7887e-01  0.0000e+00     1.4779e-01  0.0000e+00     3.0235e-02  0.0000e+00     5.0842e-03  0.0000e+00 
1.8868e-01     5.6449e-01  0.0000e+00     1.0651e-01  0.0000e+00     2.1789e-02  0.0000e+00     4.1111e-03  0.0000e+00 
2.1170e-01     6.3044e-01  0.0000e+00     1.3346e-01  0.0000e+00     2.7304e-02  0.0000e+00     5.7802e-03  0.0000e+00 
2.3753e-01     5.8172e-01  0.0000e+00     1.3818e-01  0.0000e+00     2.8268e-02  0.0000e+00     6.7145e-03  0.0000e+00 
2.6651e-01     2.4402e-01  0.0000e+00     6.5035e-02  0.0000e+00     1.3305e-02  0.0000e+00     3.5459e-03  0.0000e+00 
2.9903e-01     2.3387e-01  0.0000e+00     6.9936e-02  0.0000e+00     1.4307e-02  0.0000e+00     4.2784e-03  0.0000e+00 
3.3552e-01     1.3720e+00  0.0000e+00     4.6034e-01  0.0000e+00     9.4175e-02  0.0000e+00     3.1598e-02  0.0000e+00 
3.7646e-01     9.0583e-01  0.0000e+00     3.4101e-01  0.0000e+00     6.9763e-02  0.0000e+00     2.6263e-02  0.0000e+00 
4.2240e-01     4.1772e-01  0.0000e+00     1.7644e-01  0.0000e+00     3.6097e-02  0.0000e+00     1.5247e-02  0.0000e+00 
4.7394e-01     3.8661e-01  0.0000e+00     1.8323e-01  0.0000e+00     3.7485e-02  0.0000e+00     1.7765e-02  0.0000e+00 
5.3176e-01     2.4283e-01  0.0000e+00     1.2913e-01  0.0000e+00     2.6417e-02  0.0000e+00     1.4048e-02  0.0000e+00 
5.9665e-01     1.3428e-01  0.0000e+00     8.0116e-02  0.0000e+00     1.6390e-02  0.0000e+00     9.7791e-03  0.0000e+00 
6.6945e-01     2.0725e-01  0.0000e+00     1.3874e-01  0.0000e+00     2.8384e-02  0.0000e+00     1.9001e-02  0.0000e+00 
7.5114e-01     1.8496e-01  0.0000e+00     1.3893e-01  0.0000e+00     2.8422e-02  0.0000e+00     2.1349e-02  0.0000e+00 
8.4279e-01     8.2087e-02  0.0000e+00     6.9182e-02  0.0000e+00     1.4153e-02  0.0000e+00     1.1928e-02  0.0000e+00 
9.4563e-01     5.9007e-02  0.0000e+00     5.5798e-02  0.0000e+00     1.1415e-02  0.0000e+00     1.0794e-02  0.0000e+00 
1.0610e+00     3.8909e-02  0.0000e+00     4.1283e-02  0.0000e+00     8.4457e-03  0.0000e+00     8.9609e-03  0.0000e+00 
1.1905e+00     2.0110e-02  0.0000e+00     2.3940e-02  0.0000e+00     4.8977e-03  0.0000e+00     5.8306e-03  0.0000e+00 
1.3357e+00     1.2137e-02  0.0000e+00     1.6212e-02  0.0000e+00     3.3166e-03  0.0000e+00     4.4300e-03  0.0000e+00 
1.4987e+00     7.0437e-03  0.0000e+00     1.0556e-02  0.0000e+00     2.1596e-03  0.0000e+00     3.2367e-03  0.0000e+00 
1.6816e+00     2.8025e-03  0.0000e+00     4.7127e-03  0.0000e+00     9.6412e-04  0.0000e+00     1.6212e-03  0.0000e+00 
1.8868e+00     1.0990e-03  0.0000e+00     2.0736e-03  0.0000e+00     4.2421e-04  0.0000e+00     8.0039e-04  0.0000e+00 
2.1170e+00     6.2332e-04  0.0000e+00     1.3196e-03  0.0000e+00     2.6995e-04  0.0000e+00     5.7149e-04  0.0000e+00 
2.3753e+00     7.9361e-05  0.0000e+00     1.8851e-04  0.0000e+00     3.8565e-05  0.0000e+00     9.1603e-05  0.0000e+00 
2.6651e+00     7.0731e-05  0.0000e+00     1.8851e-04  0.0000e+00     3.8565e-05  0.0000e+00     1.0278e-04  0.0000e+00 
2.9903e+00     0.0000e+00  0.0000e+00     0.0000e+00  0.0000e+00     0.0000e+00  0.0000e+00     0.0000e+00  0.0000e+00 
3.3552e+00     0.0000e+00  0.0000e+00     0.0000e+00  0.0000e+00     0.0000e+00  0.0000e+00     0.0000e+00  0.0000e+00 
3.7646e+00     0.0000e+00  0.0000e+00     0.0000e+00  0.0000e+00     0.0000e+00  0.0000e+00     0.0000e+00  0.0000e+00 
4.2240e+00     0.0000e+00  0.0000e+00     0.0000e+00  0.0000e+00     0.0000e+00  0.0000e+00     0.0000e+00  0.0000e+00 
4.7394e+00     0.0000e+00  0.0000e+00     0.0000e+00  0.0000e+00     0.0000e+00  0.0000e+00     0.0000e+00  0.0000e+00 
5.3176e+00     0.0000e+00  0.0000e+00     0.0000e+00  0.0000e+00     0.0000e+00  0.0000e+00     0.0000e+00  0.0000e+00 
5.9665e+00     1.1788e-01  0.0000e+00     7.0332e-01  0.0000e+00     1.4388e-01  0.0000e+00     8.5849e-01  0.0000e+00 
6.6945e+00     2.2133e-02  0.0000e+00     1.4817e-01  0.0000e+00     3.0312e-02  0.0000e+00     2.0292e-01  0.0000e+00 
7.5114e+00     5.8223e-03  0.0000e+00     4.3734e-02  0.0000e+00     8.9470e-03  0.0000e+00     6.7204e-02  0.0000e+00 
8.4279e+00     2.8227e-02  0.0000e+00     2.3790e-01  0.0000e+00     4.8669e-02  0.0000e+00     4.1017e-01  0.0000e+00 
9.4563e+00     1.6227e-02  0.0000e+00     1.5345e-01  0.0000e+00     3.1392e-02  0.0000e+00     2.9685e-01  0.0000e+00 
1.0610e+01     2.4891e-02  0.0000e+00     2.6410e-01  0.0000e+00     5.4029e-02  0.0000e+00     5.7325e-01  0.0000e+00 
1.1905e+01     1.7006e-02  0.0000e+00     2.0246e-01  0.0000e+00     4.1418e-02  0.0000e+00     4.9307e-01  0.0000e+00 
1.3357e+01     1.3478e-02  0.0000e+00     1.8002e-01  0.0000e+00     3.6829e-02  0.0000e+00     4.9194e-01  0.0000e+00 
1.4987e+01     7.8864e-03  0.0000e+00     1.1819e-01  0.0000e+00     2.4180e-02  0.0000e+00     3.6239e-01  0.0000e+00 
1.6816e+01     5.6611e-03  0.0000e+00     9.5196e-02  0.0000e+00     1.9475e-02  0.0000e+00     3.2749e-01  0.0000e+00 
1.8868e+01     4.2562e-03  0.0000e+00     8.0304e-02  0.0000e+00     1.6429e-02  0.0000e+00     3.0997e-01  0.0000e+00 
2.1170e+01     4.4255e-03  0.0000e+00     9.3688e-02  0.0000e+00     1.9167e-02  0.0000e+00     4.0576e-01  0.0000e+00 
2.3753e+01     3.9443e-03  0.0000e+00     9.3688e-02  0.0000e+00     1.9167e-02  0.0000e+00     4.5527e-01  0.0000e+00 
2.6651e+01     2.6241e-03  0.0000e+00     6.9936e-02  0.0000e+00     1.4307e-02  0.0000e+00     3.8131e-01  0.0000e+00 
2.9903e+01     1.9920e-03  0.0000e+00     5.9568e-02  0.0000e+00     1.2186e-02  0.0000e+00     3.6441e-01  0.0000e+00 
3.3552e+01     1.7923e-03  0.0000e+00     6.0134e-02  0.0000e+00     1.2302e-02  0.0000e+00     4.1276e-01  0.0000e+00 
3.7646e+01     1.3320e-03  0.0000e+00     5.0143e-02  0.0000e+00     1.0258e-02  0.0000e+00     3.8618e-01  0.0000e+00 
4.2240e+01     8.7025e-04  0.0000e+00     3.6759e-02  0.0000e+00     7.5201e-03  0.0000e+00     3.1765e-01  0.0000e+00 
4.7394e+01     7.0402e-04  0.0000e+00     3.3366e-02  0.0000e+00     6.8259e-03  0.0000e+00     3.2351e-01  0.0000e+00 
5.3176e+01     4.5375e-04  0.0000e+00     2.4129e-02  0.0000e+00     4.9363e-03  0.0000e+00     2.6249e-01  0.0000e+00 
5.9665e+01     3.0015e-04  0.0000e+00     1.7908e-02  0.0000e+00     3.6636e-03  0.0000e+00     2.1859e-01  0.0000e+00 
6.6945e+01     1.9993e-04  0.0000e+00     1.3384e-02  0.0000e+00     2.7381e-03  0.0000e+00     1.8330e-01  0.0000e+00 
7.5114e+01     1.0791e-04  0.0000e+00     8.1058e-03  0.0000e+00     1.6583e-03  0.0000e+00     1.2456e-01  0.0000e+00 
8.4279e+01     5.1444e-05  0.0000e+00     4.3357e-03  0.0000e+00     8.8699e-04  0.0000e+00     7.4754e-02  0.0000e+00 
9.4563e+01     1.5948e-05  0.0000e+00     1.5081e-03  0.0000e+00     3.0852e-04  0.0000e+00     2.9174e-02  0.0000e+00 
1.0610e+02     1.5990e-05  0.0000e+00     1.6966e-03  0.0000e+00     3.4708e-04  0.0000e+00     3.6826e-02  0.0000e+00 
1.1905e+02     3.1669e-06  0.0000e+00     3.7702e-04  0.0000e+00     7.7129e-05  0.0000e+00     9.1820e-03  0.0000e+00 
1.3357e+02     1.4113e-06  0.0000e+00     1.8851e-04  0.0000e+00     3.8565e-05  0.0000e+00     5.1512e-03  0.0000e+00 
1.4987e+02     0.0000e+00  0.0000e+00     0.0000e+00  0.0000e+00     0.0000e+00  0.0000e+00     0.0000e+00  0.0000e+00 
1.6816e+02     0.0000e+00  0.0000e+00     0.0000e+00  0.0000e+00     0.0000e+00  0.0000e+00     0.0000e+00  0.0000e+00 
1.8868e+02     0.0000e+00  0.0000e+00     0.0000e+00  0.0000e+00     0.0000e+00  0.0000e+00     0.0000e+00  0.0000e+00 
2.1170e+02     0.0000e+00  0.0000e+00     0.0000e+00  0.0000e+00     0.0000e+00  0.0000e+00     0.0000e+00  0.0000e+00 
2.3753e+02     0.0000e+00  0.0000e+00     0.0000e+00  0.0000e+00     0.0000e+00  0.0000e+00     0.0000e+00  0.0000e+00 
2.6651e+02     0.0000e+00  0.0000e+00     0.0000e+00  0.0000e+00     0.0000e+00  0.0000e+00     0.0000e+00  0.0000e+00 
2.9903e+02     0.0000e+00  0.0000e+00     0.0000e+00  0.0000e+00     0.0000e+00  0.0000e+00     0.0000e+00  0.0000e+00 
3.3552e+02     0.0000e+00  0.0000e+00     0.0000e+00  0.0000e+00     0.0000e+00  0.0000e+00     0.0000e+00  0.0000e+00 
3.7646e+02     0.0000e+00  0.0000e+00     0.0000e+00  0.0000e+00     0.0000e+00  0.0000e+00     0.0000e+00  0.0000e+00 
4.2240e+02     0.0000e+00  0.0000e+00     0.0000e+00  0.0000e+00     0.0000e+00  0.0000e+00     0.0000e+00  0.0000e+00 
4.7394e+02     0.0000e+00  0.0000e+00     0.0000e+00  0.0000e+00     0.0000e+00  0.0000e+00     0.0000e+00  0.0000e+00 
5.3176e+02     0.0000e+00  0.0000e+00     0.0000e+00  0.0000e+00     0.0000e+00  0.0000e+00     0.0000e+00  0.0000e+00 
5.9665e+02     0.0000e+00  0.0000e+00     0.0000e+00  0.0000e+00     0.0000e+00  0.0000e+00     0.0000e+00  0.0000e+00 
6.6945e+02     0.0000e+00  0.0000e+00     0.0000e+00  0.0000e+00     0.0000e+00  0.0000e+00     0.0000e+00  0.0000e+00 
7.5114e+02     0.0000e+00  0.0000e+00     0.0000e+00  0.0000e+00     0.0000e+00  0.0000e+00     0.0000e+00  0.0000e+00 
8.4279e+02     0.0000e+00  0.0000e+00     0.0000e+00  0.0000e+00     0.0000e+00  0.0000e+00     0.0000e+00  0.0000e+00 
9.4563e+02     0.0000e+00  0.0000e+00     0.0000e+00  0.0000e+00     0.0000e+00  0.0000e+00     0.0000e+00  0.0000e+00 
1.0610e+03     0.0000e+00  0.0000e+00     0.0000e+00  0.0000e+00     0.0000e+00  0.0000e+00     0.0000e+00  0.0000e+00 
1.1905e+03     0.0000e+00  0.0000e+00     0.0000e+00  0.0000e+00     0.0000e+00  0.0000e+00     0.0000e+00  0.0000e+00 
1.3357e+03     0.0000e+00  0.0000e+00     0.0000e+00  0.0000e+00     0.0000e+00  0.0000e+00     0.0000e+00  0.0000e+00 
1.4987e+03     0.0000e+00  0.0000e+00     0.0000e+00  0.0000e+00     0.0000e+00  0.0000e+00     0.0000e+00  0.0000e+00 
1.6816e+03     0.0000e+00  0.0000e+00     0.0000e+00  0.0000e+00     0.0000e+00  0.0000e+00     0.0000e+00  0.0000e+00 
1.8868e+03     0.0000e+00  0.0000e+00     0.0000e+00  0.0000e+00     0.0000e+00  0.0000e+00     0.0000e+00  0.0000e+00 
2.1170e+03     0.0000e+00  0.0000e+00     0.0000e+00  0.0000e+00     0.0000e+00  0.0000e+00     0.0000e+00  0.0000e+00 
2.3753e+03     0.0000e+00  0.0000e+00     0.0000e+00  0.0000e+00     0.0000e+00  0.0000e+00     0.0000e+00  0.0000e+00 
2.6651e+03     0.0000e+00  0.0000e+00     0.0000e+00  0.0000e+00     0.0000e+00  0.0000e+00     0.0000e+00  0.0000e+00 
2.9903e+03     0.0000e+00  0.0000e+00     0.0000e+00  0.0000e+00     0.0000e+00  0.0000e+00     0.0000e+00  0.0000e+00 
3.3552e+03     0.0000e+00  0.0000e+00     0.0000e+00  0.0000e+00     0.0000e+00  0.0000e+00     0.0000e+00  0.0000e+00 
3.7646e+03     0.0000e+00  0.0000e+00     0.0000e+00  0.0000e+00     0.0000e+00  0.0000e+00     0.0000e+00  0.0000e+00 
4.2240e+03     0.0000e+00  0.0000e+00     0.0000e+00  0.0000e+00     0.0000e+00  0.0000e+00     0.0000e+00  0.0000e+00 
4.7394e+03     0.0000e+00  0.0000e+00     0.0000e+00  0.0000e+00     0.0000e+00  0.0000e+00     0.0000e+00  0.0000e+00 
5.3176e+03     0.0000e+00  0.0000e+00     0.0000e+00  0.0000e+00     0.0000e+00  0.0000e+00     0.0000e+00  0.0000e+00 
5.9665e+03     0.0000e+00  0.0000e+00     0.0000e+00  0.0000e+00     0.0000e+00  0.0000e+00     0.0000e+00  0.0000e+00 
6.6945e+03     0.0000e+00  0.0000e+00     0.0000e+00  0.0000e+00     0.0000e+00  0.0000e+00     0.0000e+00  0.0000e+00 
7.5114e+03     0.0000e+00  0.0000e+00     0.0000e+00  0.0000e+00     0.0000e+00  0.0000e+00     0.0000e+00  0.0000e+00 
8.4279e+03     0.0000e+00  0.0000e+00     0.0000e+00  0.0000e+00     0.0000e+00  0.0000e+00     0.0000e+00  0.0000e+00 
9.4563e+03     0.0000e+00  0.0000e+00     0.0000e+00  0.0000e+00     0.0000e+00  0.0000e+00     0.0000e+00  0.0000e+00 
