yF = 9.2198e+01 (std: 0.0000e+00) keV/um
yD = 1.3192e+02 (std: 0.0000e+00) keV/um
y (keV/um)     f(y)(std)                  yf(y)(std)                 d(y)(std)                  yd(y)(std)  
1.0610e-01     6.8100e-01  0.0000e+00     7.2255e-02  0.0000e+00     7.8370e-04  0.0000e+00     8.3151e-05  0.0000e+00 
1.1905e-01     4.9421e-02  0.0000e+00     5.8835e-03  0.0000e+00     6.3814e-05  0.0000e+00     7.5968e-06  0.0000e+00 
1.3357e-01     1.7448e-02  0.0000e+00     2.3305e-03  0.0000e+00     2.5277e-05  0.0000e+00     3.3764e-06  0.0000e+00 
1.4987e-01     6.6191e-02  0.0000e+00     9.9201e-03  0.0000e+00     1.0760e-04  0.0000e+00     1.6126e-05  0.0000e+00 
1.6816e-01     2.1808e-02  0.0000e+00     3.6673e-03  0.0000e+00     3.9776e-05  0.0000e+00     6.6887e-06  0.0000e+00 
1.8868e-01     1.4962e-02  0.0000e+00     2.8230e-03  0.0000e+00     3.0619e-05  0.0000e+00     5.7771e-06  0.0000e+00 
2.1170e-01     1.5952e-02  0.0000e+00     3.3771e-03  0.0000e+00     3.6629e-05  0.0000e+00     7.7542e-06  0.0000e+00 
2.3753e-01     1.4699e-02  0.0000e+00     3.4914e-03  0.0000e+00     3.7869e-05  0.0000e+00     8.9949e-06  0.0000e+00 
2.6651e-01     6.9296e-03  0.0000e+00     1.8468e-03  0.0000e+00     2.0031e-05  0.0000e+00     5.3386e-06  0.0000e+00 
2.9903e-01     6.4995e-03  0.0000e+00     1.9436e-03  0.0000e+00     2.1080e-05  0.0000e+00     6.3038e-06  0.0000e+00 
3.3552e-01     2.1074e-02  0.0000e+00     7.0707e-03  0.0000e+00     7.6691e-05  0.0000e+00     2.5731e-05  0.0000e+00 
3.7646e-01     1.4320e-02  0.0000e+00     5.3910e-03  0.0000e+00     5.8472e-05  0.0000e+00     2.2012e-05  0.0000e+00 
4.2240e-01     7.0998e-03  0.0000e+00     2.9989e-03  0.0000e+00     3.2527e-05  0.0000e+00     1.3739e-05  0.0000e+00 
4.7394e-01     7.5153e-03  0.0000e+00     3.5618e-03  0.0000e+00     3.8632e-05  0.0000e+00     1.8309e-05  0.0000e+00 
5.3176e-01     4.8953e-03  0.0000e+00     2.6032e-03  0.0000e+00     2.8234e-05  0.0000e+00     1.5014e-05  0.0000e+00 
5.9665e-01     2.8595e-03  0.0000e+00     1.7061e-03  0.0000e+00     1.8505e-05  0.0000e+00     1.1041e-05  0.0000e+00 
6.6945e-01     3.2973e-03  0.0000e+00     2.2074e-03  0.0000e+00     2.3942e-05  0.0000e+00     1.6028e-05  0.0000e+00 
7.5114e-01     2.5758e-03  0.0000e+00     1.9348e-03  0.0000e+00     2.0985e-05  0.0000e+00     1.5763e-05  0.0000e+00 
8.4279e-01     1.6383e-03  0.0000e+00     1.3807e-03  0.0000e+00     1.4976e-05  0.0000e+00     1.2621e-05  0.0000e+00 
9.4563e-01     1.1346e-03  0.0000e+00     1.0729e-03  0.0000e+00     1.1637e-05  0.0000e+00     1.1004e-05  0.0000e+00 
1.0610e+00     8.1230e-04  0.0000e+00     8.6186e-04  0.0000e+00     9.3479e-06  0.0000e+00     9.9182e-06  0.0000e+00 
1.1905e+00     4.8018e-04  0.0000e+00     5.7164e-04  0.0000e+00     6.2001e-06  0.0000e+00     7.3811e-06  0.0000e+00 
1.3357e+00     2.6336e-04  0.0000e+00     3.5178e-04  0.0000e+00     3.8155e-06  0.0000e+00     5.0964e-06  0.0000e+00 
1.4987e+00     1.5257e-04  0.0000e+00     2.2866e-04  0.0000e+00     2.4801e-06  0.0000e+00     3.7169e-06  0.0000e+00 
1.6816e+00     5.2299e-05  0.0000e+00     8.7944e-05  0.0000e+00     9.5387e-07  0.0000e+00     1.6040e-06  0.0000e+00 
1.8868e+00     6.5256e-05  0.0000e+00     1.2312e-04  0.0000e+00     1.3354e-06  0.0000e+00     2.5196e-06  0.0000e+00 
2.1170e+00     2.0771e-05  0.0000e+00     4.3972e-05  0.0000e+00     4.7693e-07  0.0000e+00     1.0097e-06  0.0000e+00 
2.3753e+00     3.8876e-04  0.0000e+00     9.2342e-04  0.0000e+00     1.0016e-05  0.0000e+00     2.3790e-05  0.0000e+00 
2.6651e+00     4.2898e-04  0.0000e+00     1.1433e-03  0.0000e+00     1.2400e-05  0.0000e+00     3.3048e-05  0.0000e+00 
2.9903e+00     1.2646e-04  0.0000e+00     3.7816e-04  0.0000e+00     4.1016e-06  0.0000e+00     1.2265e-05  0.0000e+00 
3.3552e+00     3.1454e-05  0.0000e+00     1.0553e-04  0.0000e+00     1.1446e-06  0.0000e+00     3.8405e-06  0.0000e+00 
3.7646e+00     1.1680e-05  0.0000e+00     4.3972e-05  0.0000e+00     4.7693e-07  0.0000e+00     1.7955e-06  0.0000e+00 
4.2240e+00     0.0000e+00  0.0000e+00     0.0000e+00  0.0000e+00     0.0000e+00  0.0000e+00     0.0000e+00  0.0000e+00 
4.7394e+00     3.7112e-06  0.0000e+00     1.7589e-05  0.0000e+00     1.9077e-07  0.0000e+00     9.0414e-07  0.0000e+00 
5.3176e+00     9.9229e-06  0.0000e+00     5.2767e-05  0.0000e+00     5.7232e-07  0.0000e+00     3.0434e-06  0.0000e+00 
5.9665e+00     8.8733e-04  0.0000e+00     5.2943e-03  0.0000e+00     5.7423e-05  0.0000e+00     3.4261e-04  0.0000e+00 
6.6945e+00     9.9314e-04  0.0000e+00     6.6486e-03  0.0000e+00     7.2112e-05  0.0000e+00     4.8276e-04  0.0000e+00 
7.5114e+00     6.8259e-04  0.0000e+00     5.1272e-03  0.0000e+00     5.5610e-05  0.0000e+00     4.1771e-04  0.0000e+00 
8.4279e+00     1.0634e-02  0.0000e+00     8.9624e-02  0.0000e+00     9.7209e-04  0.0000e+00     8.1926e-03  0.0000e+00 
9.4563e+00     4.2390e-03  0.0000e+00     4.0085e-02  0.0000e+00     4.3477e-04  0.0000e+00     4.1113e-03  0.0000e+00 
1.0610e+01     8.0301e-03  0.0000e+00     8.5201e-02  0.0000e+00     9.2411e-04  0.0000e+00     9.8049e-03  0.0000e+00 
1.1905e+01     4.5011e-03  0.0000e+00     5.3585e-02  0.0000e+00     5.8119e-04  0.0000e+00     6.9189e-03  0.0000e+00 
1.3357e+01     4.1018e-03  0.0000e+00     5.4789e-02  0.0000e+00     5.9426e-04  0.0000e+00     7.9377e-03  0.0000e+00 
1.4987e+01     3.2174e-03  0.0000e+00     4.8220e-02  0.0000e+00     5.2301e-04  0.0000e+00     7.8384e-03  0.0000e+00 
1.6816e+01     5.1441e-03  0.0000e+00     8.6502e-02  0.0000e+00     9.3822e-04  0.0000e+00     1.5777e-02  0.0000e+00 
1.8868e+01     5.0568e-03  0.0000e+00     9.5411e-02  0.0000e+00     1.0349e-03  0.0000e+00     1.9525e-02  0.0000e+00 
2.1170e+01     5.8466e-03  0.0000e+00     1.2377e-01  0.0000e+00     1.3425e-03  0.0000e+00     2.8420e-02  0.0000e+00 
2.3753e+01     5.7466e-03  0.0000e+00     1.3650e-01  0.0000e+00     1.4805e-03  0.0000e+00     3.5166e-02  0.0000e+00 
2.6651e+01     5.3087e-03  0.0000e+00     1.4149e-01  0.0000e+00     1.5346e-03  0.0000e+00     4.0899e-02  0.0000e+00 
2.9903e+01     5.8343e-03  0.0000e+00     1.7446e-01  0.0000e+00     1.8923e-03  0.0000e+00     5.6586e-02  0.0000e+00 
3.3552e+01     6.3961e-03  0.0000e+00     2.1460e-01  0.0000e+00     2.3276e-03  0.0000e+00     7.8097e-02  0.0000e+00 
3.7646e+01     6.4506e-03  0.0000e+00     2.4284e-01  0.0000e+00     2.6339e-03  0.0000e+00     9.9156e-02  0.0000e+00 
4.2240e+01     6.8397e-03  0.0000e+00     2.8891e-01  0.0000e+00     3.1336e-03  0.0000e+00     1.3236e-01  0.0000e+00 
4.7394e+01     6.9807e-03  0.0000e+00     3.3084e-01  0.0000e+00     3.5884e-03  0.0000e+00     1.7006e-01  0.0000e+00 
5.3176e+01     7.1895e-03  0.0000e+00     3.8231e-01  0.0000e+00     4.1467e-03  0.0000e+00     2.2050e-01  0.0000e+00 
5.9665e+01     7.2636e-03  0.0000e+00     4.3338e-01  0.0000e+00     4.7006e-03  0.0000e+00     2.8046e-01  0.0000e+00 
6.6945e+01     7.1888e-03  0.0000e+00     4.8126e-01  0.0000e+00     5.2199e-03  0.0000e+00     3.4944e-01  0.0000e+00 
7.5114e+01     7.0309e-03  0.0000e+00     5.2812e-01  0.0000e+00     5.7281e-03  0.0000e+00     4.3026e-01  0.0000e+00 
8.4279e+01     6.7398e-03  0.0000e+00     5.6802e-01  0.0000e+00     6.1609e-03  0.0000e+00     5.1924e-01  0.0000e+00 
9.4563e+01     6.2401e-03  0.0000e+00     5.9008e-01  0.0000e+00     6.4002e-03  0.0000e+00     6.0522e-01  0.0000e+00 
1.0610e+02     5.6031e-03  0.0000e+00     5.9450e-01  0.0000e+00     6.4481e-03  0.0000e+00     6.8414e-01  0.0000e+00 
1.1905e+02     4.8837e-03  0.0000e+00     5.8139e-01  0.0000e+00     6.3059e-03  0.0000e+00     7.5070e-01  0.0000e+00 
1.3357e+02     4.0063e-03  0.0000e+00     5.3513e-01  0.0000e+00     5.8042e-03  0.0000e+00     7.7528e-01  0.0000e+00 
1.4987e+02     3.1317e-03  0.0000e+00     4.6936e-01  0.0000e+00     5.0908e-03  0.0000e+00     7.6296e-01  0.0000e+00 
1.6816e+02     2.2876e-03  0.0000e+00     3.8468e-01  0.0000e+00     4.1723e-03  0.0000e+00     7.0161e-01  0.0000e+00 
1.8868e+02     1.5555e-03  0.0000e+00     2.9348e-01  0.0000e+00     3.1832e-03  0.0000e+00     6.0059e-01  0.0000e+00 
2.1170e+02     9.7180e-04  0.0000e+00     2.0573e-01  0.0000e+00     2.2314e-03  0.0000e+00     4.7238e-01  0.0000e+00 
2.3753e+02     5.5600e-04  0.0000e+00     1.3207e-01  0.0000e+00     1.4324e-03  0.0000e+00     3.4024e-01  0.0000e+00 
2.6651e+02     2.8619e-04  0.0000e+00     7.6274e-02  0.0000e+00     8.2729e-04  0.0000e+00     2.2048e-01  0.0000e+00 
2.9903e+02     1.3893e-04  0.0000e+00     4.1545e-02  0.0000e+00     4.5061e-04  0.0000e+00     1.3475e-01  0.0000e+00 
3.3552e+02     5.8346e-05  0.0000e+00     1.9576e-02  0.0000e+00     2.1233e-04  0.0000e+00     7.1241e-02  0.0000e+00 
3.7646e+02     2.0768e-05  0.0000e+00     7.8183e-03  0.0000e+00     8.4799e-05  0.0000e+00     3.1923e-02  0.0000e+00 
4.2240e+02     7.2663e-06  0.0000e+00     3.0693e-03  0.0000e+00     3.3290e-05  0.0000e+00     1.4062e-02  0.0000e+00 
4.7394e+02     2.2453e-06  0.0000e+00     1.0641e-03  0.0000e+00     1.1542e-05  0.0000e+00     5.4701e-03  0.0000e+00 
5.3176e+02     4.9615e-07  0.0000e+00     2.6383e-04  0.0000e+00     2.8616e-06  0.0000e+00     1.5217e-03  0.0000e+00 
5.9665e+02     7.3699e-08  0.0000e+00     4.3972e-05  0.0000e+00     4.7693e-07  0.0000e+00     2.8456e-04  0.0000e+00 
6.6945e+02     3.9410e-08  0.0000e+00     2.6383e-05  0.0000e+00     2.8616e-07  0.0000e+00     1.9157e-04  0.0000e+00 
7.5114e+02     0.0000e+00  0.0000e+00     0.0000e+00  0.0000e+00     0.0000e+00  0.0000e+00     0.0000e+00  0.0000e+00 
8.4279e+02     0.0000e+00  0.0000e+00     0.0000e+00  0.0000e+00     0.0000e+00  0.0000e+00     0.0000e+00  0.0000e+00 
9.4563e+02     0.0000e+00  0.0000e+00     0.0000e+00  0.0000e+00     0.0000e+00  0.0000e+00     0.0000e+00  0.0000e+00 
1.0610e+03     0.0000e+00  0.0000e+00     0.0000e+00  0.0000e+00     0.0000e+00  0.0000e+00     0.0000e+00  0.0000e+00 
1.1905e+03     0.0000e+00  0.0000e+00     0.0000e+00  0.0000e+00     0.0000e+00  0.0000e+00     0.0000e+00  0.0000e+00 
1.3357e+03     0.0000e+00  0.0000e+00     0.0000e+00  0.0000e+00     0.0000e+00  0.0000e+00     0.0000e+00  0.0000e+00 
1.4987e+03     0.0000e+00  0.0000e+00     0.0000e+00  0.0000e+00     0.0000e+00  0.0000e+00     0.0000e+00  0.0000e+00 
1.6816e+03     0.0000e+00  0.0000e+00     0.0000e+00  0.0000e+00     0.0000e+00  0.0000e+00     0.0000e+00  0.0000e+00 
1.8868e+03     0.0000e+00  0.0000e+00     0.0000e+00  0.0000e+00     0.0000e+00  0.0000e+00     0.0000e+00  0.0000e+00 
2.1170e+03     0.0000e+00  0.0000e+00     0.0000e+00  0.0000e+00     0.0000e+00  0.0000e+00     0.0000e+00  0.0000e+00 
2.3753e+03     0.0000e+00  0.0000e+00     0.0000e+00  0.0000e+00     0.0000e+00  0.0000e+00     0.0000e+00  0.0000e+00 
2.6651e+03     0.0000e+00  0.0000e+00     0.0000e+00  0.0000e+00     0.0000e+00  0.0000e+00     0.0000e+00  0.0000e+00 
2.9903e+03     0.0000e+00  0.0000e+00     0.0000e+00  0.0000e+00     0.0000e+00  0.0000e+00     0.0000e+00  0.0000e+00 
3.3552e+03     0.0000e+00  0.0000e+00     0.0000e+00  0.0000e+00     0.0000e+00  0.0000e+00     0.0000e+00  0.0000e+00 
3.7646e+03     0.0000e+00  0.0000e+00     0.0000e+00  0.0000e+00     0.0000e+00  0.0000e+00     0.0000e+00  0.0000e+00 
4.2240e+03     0.0000e+00  0.0000e+00     0.0000e+00  0.0000e+00     0.0000e+00  0.0000e+00     0.0000e+00  0.0000e+00 
4.7394e+03     0.0000e+00  0.0000e+00     0.0000e+00  0.0000e+00     0.0000e+00  0.0000e+00     0.0000e+00  0.0000e+00 
5.3176e+03     0.0000e+00  0.0000e+00     0.0000e+00  0.0000e+00     0.0000e+00  0.0000e+00     0.0000e+00  0.0000e+00 
5.9665e+03     0.0000e+00  0.0000e+00     0.0000e+00  0.0000e+00     0.0000e+00  0.0000e+00     0.0000e+00  0.0000e+00 
6.6945e+03     0.0000e+00  0.0000e+00     0.0000e+00  0.0000e+00     0.0000e+00  0.0000e+00     0.0000e+00  0.0000e+00 
7.5114e+03     0.0000e+00  0.0000e+00     0.0000e+00  0.0000e+00     0.0000e+00  0.0000e+00     0.0000e+00  0.0000e+00 
8.4279e+03     0.0000e+00  0.0000e+00     0.0000e+00  0.0000e+00     0.0000e+00  0.0000e+00     0.0000e+00  0.0000e+00 
9.4563e+03     0.0000e+00  0.0000e+00     0.0000e+00  0.0000e+00     0.0000e+00  0.0000e+00     0.0000e+00  0.0000e+00 
