yF = 1.6264e+02 (std: 0.0000e+00) keV/um
yD = 1.8015e+02 (std: 0.0000e+00) keV/um
y (keV/um)     f(y)(std)                  yf(y)(std)                 d(y)(std)                  yd(y)(std)  
1.0610e-01     0.0000e+00  0.0000e+00     0.0000e+00  0.0000e+00     0.0000e+00  0.0000e+00     0.0000e+00  0.0000e+00 
1.1905e-01     0.0000e+00  0.0000e+00     0.0000e+00  0.0000e+00     0.0000e+00  0.0000e+00     0.0000e+00  0.0000e+00 
1.3357e-01     0.0000e+00  0.0000e+00     0.0000e+00  0.0000e+00     0.0000e+00  0.0000e+00     0.0000e+00  0.0000e+00 
1.4987e-01     0.0000e+00  0.0000e+00     0.0000e+00  0.0000e+00     0.0000e+00  0.0000e+00     0.0000e+00  0.0000e+00 
1.6816e-01     0.0000e+00  0.0000e+00     0.0000e+00  0.0000e+00     0.0000e+00  0.0000e+00     0.0000e+00  0.0000e+00 
1.8868e-01     4.6087e-05  0.0000e+00     8.6955e-06  0.0000e+00     5.3463e-08  0.0000e+00     1.0087e-08  0.0000e+00 
2.1170e-01     0.0000e+00  0.0000e+00     0.0000e+00  0.0000e+00     0.0000e+00  0.0000e+00     0.0000e+00  0.0000e+00 
2.3753e-01     0.0000e+00  0.0000e+00     0.0000e+00  0.0000e+00     0.0000e+00  0.0000e+00     0.0000e+00  0.0000e+00 
2.6651e-01     0.0000e+00  0.0000e+00     0.0000e+00  0.0000e+00     0.0000e+00  0.0000e+00     0.0000e+00  0.0000e+00 
2.9903e-01     0.0000e+00  0.0000e+00     0.0000e+00  0.0000e+00     0.0000e+00  0.0000e+00     0.0000e+00  0.0000e+00 
3.3552e-01     0.0000e+00  0.0000e+00     0.0000e+00  0.0000e+00     0.0000e+00  0.0000e+00     0.0000e+00  0.0000e+00 
3.7646e-01     0.0000e+00  0.0000e+00     0.0000e+00  0.0000e+00     0.0000e+00  0.0000e+00     0.0000e+00  0.0000e+00 
4.2240e-01     2.0586e-05  0.0000e+00     8.6955e-06  0.0000e+00     5.3463e-08  0.0000e+00     2.2583e-08  0.0000e+00 
4.7394e-01     1.8347e-05  0.0000e+00     8.6955e-06  0.0000e+00     5.3463e-08  0.0000e+00     2.5338e-08  0.0000e+00 
5.3176e-01     1.6352e-05  0.0000e+00     8.6955e-06  0.0000e+00     5.3463e-08  0.0000e+00     2.8430e-08  0.0000e+00 
5.9665e-01     0.0000e+00  0.0000e+00     0.0000e+00  0.0000e+00     0.0000e+00  0.0000e+00     0.0000e+00  0.0000e+00 
6.6945e-01     0.0000e+00  0.0000e+00     0.0000e+00  0.0000e+00     0.0000e+00  0.0000e+00     0.0000e+00  0.0000e+00 
7.5114e-01     2.3153e-05  0.0000e+00     1.7391e-05  0.0000e+00     1.0693e-07  0.0000e+00     8.0316e-08  0.0000e+00 
8.4279e-01     1.0318e-05  0.0000e+00     8.6955e-06  0.0000e+00     5.3463e-08  0.0000e+00     4.5058e-08  0.0000e+00 
9.4563e-01     0.0000e+00  0.0000e+00     0.0000e+00  0.0000e+00     0.0000e+00  0.0000e+00     0.0000e+00  0.0000e+00 
1.0610e+00     0.0000e+00  0.0000e+00     0.0000e+00  0.0000e+00     0.0000e+00  0.0000e+00     0.0000e+00  0.0000e+00 
1.1905e+00     7.3042e-06  0.0000e+00     8.6955e-06  0.0000e+00     5.3463e-08  0.0000e+00     6.3646e-08  0.0000e+00 
1.3357e+00     0.0000e+00  0.0000e+00     0.0000e+00  0.0000e+00     0.0000e+00  0.0000e+00     0.0000e+00  0.0000e+00 
1.4987e+00     0.0000e+00  0.0000e+00     0.0000e+00  0.0000e+00     0.0000e+00  0.0000e+00     0.0000e+00  0.0000e+00 
1.6816e+00     0.0000e+00  0.0000e+00     0.0000e+00  0.0000e+00     0.0000e+00  0.0000e+00     0.0000e+00  0.0000e+00 
1.8868e+00     0.0000e+00  0.0000e+00     0.0000e+00  0.0000e+00     0.0000e+00  0.0000e+00     0.0000e+00  0.0000e+00 
2.1170e+00     0.0000e+00  0.0000e+00     0.0000e+00  0.0000e+00     0.0000e+00  0.0000e+00     0.0000e+00  0.0000e+00 
2.3753e+00     0.0000e+00  0.0000e+00     0.0000e+00  0.0000e+00     0.0000e+00  0.0000e+00     0.0000e+00  0.0000e+00 
2.6651e+00     0.0000e+00  0.0000e+00     0.0000e+00  0.0000e+00     0.0000e+00  0.0000e+00     0.0000e+00  0.0000e+00 
2.9903e+00     0.0000e+00  0.0000e+00     0.0000e+00  0.0000e+00     0.0000e+00  0.0000e+00     0.0000e+00  0.0000e+00 
3.3552e+00     0.0000e+00  0.0000e+00     0.0000e+00  0.0000e+00     0.0000e+00  0.0000e+00     0.0000e+00  0.0000e+00 
3.7646e+00     0.0000e+00  0.0000e+00     0.0000e+00  0.0000e+00     0.0000e+00  0.0000e+00     0.0000e+00  0.0000e+00 
4.2240e+00     0.0000e+00  0.0000e+00     0.0000e+00  0.0000e+00     0.0000e+00  0.0000e+00     0.0000e+00  0.0000e+00 
4.7394e+00     0.0000e+00  0.0000e+00     0.0000e+00  0.0000e+00     0.0000e+00  0.0000e+00     0.0000e+00  0.0000e+00 
5.3176e+00     1.6352e-06  0.0000e+00     8.6955e-06  0.0000e+00     5.3463e-08  0.0000e+00     2.8430e-07  0.0000e+00 
5.9665e+00     1.4574e-06  0.0000e+00     8.6955e-06  0.0000e+00     5.3463e-08  0.0000e+00     3.1899e-07  0.0000e+00 
6.6945e+00     0.0000e+00  0.0000e+00     0.0000e+00  0.0000e+00     0.0000e+00  0.0000e+00     0.0000e+00  0.0000e+00 
7.5114e+00     1.1576e-06  0.0000e+00     8.6955e-06  0.0000e+00     5.3463e-08  0.0000e+00     4.0158e-07  0.0000e+00 
8.4279e+00     1.3413e-05  0.0000e+00     1.1304e-04  0.0000e+00     6.9502e-07  0.0000e+00     5.8576e-06  0.0000e+00 
9.4563e+00     7.3564e-06  0.0000e+00     6.9564e-05  0.0000e+00     4.2771e-07  0.0000e+00     4.0445e-06  0.0000e+00 
1.0610e+01     4.9173e-06  0.0000e+00     5.2173e-05  0.0000e+00     3.2078e-07  0.0000e+00     3.4035e-06  0.0000e+00 
1.1905e+01     5.1130e-06  0.0000e+00     6.0868e-05  0.0000e+00     3.7424e-07  0.0000e+00     4.4553e-06  0.0000e+00 
1.3357e+01     5.8589e-06  0.0000e+00     7.8259e-05  0.0000e+00     4.8117e-07  0.0000e+00     6.4271e-06  0.0000e+00 
1.4987e+01     7.5425e-06  0.0000e+00     1.1304e-04  0.0000e+00     6.9502e-07  0.0000e+00     1.0416e-05  0.0000e+00 
1.6816e+01     1.9650e-05  0.0000e+00     3.3043e-04  0.0000e+00     2.0316e-06  0.0000e+00     3.4163e-05  0.0000e+00 
1.8868e+01     2.1661e-05  0.0000e+00     4.0869e-04  0.0000e+00     2.5128e-06  0.0000e+00     4.7410e-05  0.0000e+00 
2.1170e+01     3.3681e-05  0.0000e+00     7.1303e-04  0.0000e+00     4.3840e-06  0.0000e+00     9.2809e-05  0.0000e+00 
2.3753e+01     3.4411e-05  0.0000e+00     8.1738e-04  0.0000e+00     5.0255e-06  0.0000e+00     1.1937e-04  0.0000e+00 
2.6651e+01     5.5139e-05  0.0000e+00     1.4695e-03  0.0000e+00     9.0353e-06  0.0000e+00     2.4080e-04  0.0000e+00 
2.9903e+01     8.4037e-05  0.0000e+00     2.5130e-03  0.0000e+00     1.5451e-05  0.0000e+00     4.6203e-04  0.0000e+00 
3.3552e+01     1.1248e-04  0.0000e+00     3.7738e-03  0.0000e+00     2.3203e-05  0.0000e+00     7.7851e-04  0.0000e+00 
3.7646e+01     1.8548e-04  0.0000e+00     6.9825e-03  0.0000e+00     4.2931e-05  0.0000e+00     1.6162e-03  0.0000e+00 
4.2240e+01     2.7050e-04  0.0000e+00     1.1426e-02  0.0000e+00     7.0251e-05  0.0000e+00     2.9674e-03  0.0000e+00 
4.7394e+01     4.0548e-04  0.0000e+00     1.9217e-02  0.0000e+00     1.1815e-04  0.0000e+00     5.5997e-03  0.0000e+00 
5.3176e+01     6.2416e-04  0.0000e+00     3.3191e-02  0.0000e+00     2.0407e-04  0.0000e+00     1.0852e-02  0.0000e+00 
5.9665e+01     8.9061e-04  0.0000e+00     5.3138e-02  0.0000e+00     3.2671e-04  0.0000e+00     1.9493e-02  0.0000e+00 
6.6945e+01     1.3442e-03  0.0000e+00     8.9990e-02  0.0000e+00     5.5329e-04  0.0000e+00     3.7040e-02  0.0000e+00 
7.5114e+01     1.9498e-03  0.0000e+00     1.4646e-01  0.0000e+00     9.0048e-04  0.0000e+00     6.7639e-02  0.0000e+00 
8.4279e+01     2.8265e-03  0.0000e+00     2.3821e-01  0.0000e+00     1.4646e-03  0.0000e+00     1.2344e-01  0.0000e+00 
9.4563e+01     3.8334e-03  0.0000e+00     3.6250e-01  0.0000e+00     2.2288e-03  0.0000e+00     2.1076e-01  0.0000e+00 
1.0610e+02     4.9961e-03  0.0000e+00     5.3009e-01  0.0000e+00     3.2592e-03  0.0000e+00     3.4581e-01  0.0000e+00 
1.1905e+02     6.2659e-03  0.0000e+00     7.4593e-01  0.0000e+00     4.5863e-03  0.0000e+00     5.4599e-01  0.0000e+00 
1.3357e+02     7.2221e-03  0.0000e+00     9.6468e-01  0.0000e+00     5.9312e-03  0.0000e+00     7.9225e-01  0.0000e+00 
1.4987e+02     7.6528e-03  0.0000e+00     1.1469e+00  0.0000e+00     7.0519e-03  0.0000e+00     1.0569e+00  0.0000e+00 
1.6816e+02     7.1900e-03  0.0000e+00     1.2091e+00  0.0000e+00     7.4337e-03  0.0000e+00     1.2500e+00  0.0000e+00 
1.8868e+02     5.9987e-03  0.0000e+00     1.1318e+00  0.0000e+00     6.9588e-03  0.0000e+00     1.3130e+00  0.0000e+00 
2.1170e+02     4.2533e-03  0.0000e+00     9.0042e-01  0.0000e+00     5.5361e-03  0.0000e+00     1.1720e+00  0.0000e+00 
2.3753e+02     2.5130e-03  0.0000e+00     5.9691e-01  0.0000e+00     3.6700e-03  0.0000e+00     8.7175e-01  0.0000e+00 
2.6651e+02     1.1851e-03  0.0000e+00     3.1585e-01  0.0000e+00     1.9420e-03  0.0000e+00     5.1757e-01  0.0000e+00 
2.9903e+02     4.3949e-04  0.0000e+00     1.3142e-01  0.0000e+00     8.0804e-04  0.0000e+00     2.4163e-01  0.0000e+00 
3.3552e+02     1.2098e-04  0.0000e+00     4.0591e-02  0.0000e+00     2.4957e-04  0.0000e+00     8.3735e-02  0.0000e+00 
3.7646e+02     2.3190e-05  0.0000e+00     8.7303e-03  0.0000e+00     5.3677e-05  0.0000e+00     2.0207e-02  0.0000e+00 
4.2240e+02     3.0056e-06  0.0000e+00     1.2695e-03  0.0000e+00     7.8056e-06  0.0000e+00     3.2971e-03  0.0000e+00 
4.7394e+02     9.1737e-08  0.0000e+00     4.3477e-05  0.0000e+00     2.6732e-07  0.0000e+00     1.2669e-04  0.0000e+00 
5.3176e+02     1.6352e-08  0.0000e+00     8.6955e-06  0.0000e+00     5.3463e-08  0.0000e+00     2.8430e-05  0.0000e+00 
5.9665e+02     0.0000e+00  0.0000e+00     0.0000e+00  0.0000e+00     0.0000e+00  0.0000e+00     0.0000e+00  0.0000e+00 
6.6945e+02     0.0000e+00  0.0000e+00     0.0000e+00  0.0000e+00     0.0000e+00  0.0000e+00     0.0000e+00  0.0000e+00 
7.5114e+02     0.0000e+00  0.0000e+00     0.0000e+00  0.0000e+00     0.0000e+00  0.0000e+00     0.0000e+00  0.0000e+00 
8.4279e+02     0.0000e+00  0.0000e+00     0.0000e+00  0.0000e+00     0.0000e+00  0.0000e+00     0.0000e+00  0.0000e+00 
9.4563e+02     0.0000e+00  0.0000e+00     0.0000e+00  0.0000e+00     0.0000e+00  0.0000e+00     0.0000e+00  0.0000e+00 
1.0610e+03     0.0000e+00  0.0000e+00     0.0000e+00  0.0000e+00     0.0000e+00  0.0000e+00     0.0000e+00  0.0000e+00 
1.1905e+03     0.0000e+00  0.0000e+00     0.0000e+00  0.0000e+00     0.0000e+00  0.0000e+00     0.0000e+00  0.0000e+00 
1.3357e+03     0.0000e+00  0.0000e+00     0.0000e+00  0.0000e+00     0.0000e+00  0.0000e+00     0.0000e+00  0.0000e+00 
1.4987e+03     0.0000e+00  0.0000e+00     0.0000e+00  0.0000e+00     0.0000e+00  0.0000e+00     0.0000e+00  0.0000e+00 
1.6816e+03     0.0000e+00  0.0000e+00     0.0000e+00  0.0000e+00     0.0000e+00  0.0000e+00     0.0000e+00  0.0000e+00 
1.8868e+03     0.0000e+00  0.0000e+00     0.0000e+00  0.0000e+00     0.0000e+00  0.0000e+00     0.0000e+00  0.0000e+00 
2.1170e+03     0.0000e+00  0.0000e+00     0.0000e+00  0.0000e+00     0.0000e+00  0.0000e+00     0.0000e+00  0.0000e+00 
2.3753e+03     0.0000e+00  0.0000e+00     0.0000e+00  0.0000e+00     0.0000e+00  0.0000e+00     0.0000e+00  0.0000e+00 
2.6651e+03     0.0000e+00  0.0000e+00     0.0000e+00  0.0000e+00     0.0000e+00  0.0000e+00     0.0000e+00  0.0000e+00 
2.9903e+03     0.0000e+00  0.0000e+00     0.0000e+00  0.0000e+00     0.0000e+00  0.0000e+00     0.0000e+00  0.0000e+00 
3.3552e+03     0.0000e+00  0.0000e+00     0.0000e+00  0.0000e+00     0.0000e+00  0.0000e+00     0.0000e+00  0.0000e+00 
3.7646e+03     0.0000e+00  0.0000e+00     0.0000e+00  0.0000e+00     0.0000e+00  0.0000e+00     0.0000e+00  0.0000e+00 
4.2240e+03     0.0000e+00  0.0000e+00     0.0000e+00  0.0000e+00     0.0000e+00  0.0000e+00     0.0000e+00  0.0000e+00 
4.7394e+03     0.0000e+00  0.0000e+00     0.0000e+00  0.0000e+00     0.0000e+00  0.0000e+00     0.0000e+00  0.0000e+00 
5.3176e+03     0.0000e+00  0.0000e+00     0.0000e+00  0.0000e+00     0.0000e+00  0.0000e+00     0.0000e+00  0.0000e+00 
5.9665e+03     0.0000e+00  0.0000e+00     0.0000e+00  0.0000e+00     0.0000e+00  0.0000e+00     0.0000e+00  0.0000e+00 
6.6945e+03     0.0000e+00  0.0000e+00     0.0000e+00  0.0000e+00     0.0000e+00  0.0000e+00     0.0000e+00  0.0000e+00 
7.5114e+03     0.0000e+00  0.0000e+00     0.0000e+00  0.0000e+00     0.0000e+00  0.0000e+00     0.0000e+00  0.0000e+00 
8.4279e+03     0.0000e+00  0.0000e+00     0.0000e+00  0.0000e+00     0.0000e+00  0.0000e+00     0.0000e+00  0.0000e+00 
9.4563e+03     0.0000e+00  0.0000e+00     0.0000e+00  0.0000e+00     0.0000e+00  0.0000e+00     0.0000e+00  0.0000e+00 
