yF = 1.6801e+01 (std: 0.0000e+00) keV/um
yD = 3.9954e+01 (std: 0.0000e+00) keV/um
y (keV/um)     f(y)(std)                  yf(y)(std)                 d(y)(std)                  yd(y)(std)  
1.0610e-01     8.8452e+00  0.0000e+00     9.3849e-01  0.0000e+00     5.5861e-02  0.0000e+00     5.9269e-03  0.0000e+00 
1.1905e-01     8.6128e-01  0.0000e+00     1.0253e-01  0.0000e+00     6.1030e-03  0.0000e+00     7.2654e-04  0.0000e+00 
1.3357e-01     3.5789e-01  0.0000e+00     4.7804e-02  0.0000e+00     2.8454e-03  0.0000e+00     3.8007e-04  0.0000e+00 
1.4987e-01     1.1494e+00  0.0000e+00     1.7226e-01  0.0000e+00     1.0253e-02  0.0000e+00     1.5367e-03  0.0000e+00 
1.6816e-01     4.8958e-01  0.0000e+00     8.2328e-02  0.0000e+00     4.9003e-03  0.0000e+00     8.2403e-04  0.0000e+00 
1.8868e-01     3.8265e-01  0.0000e+00     7.2197e-02  0.0000e+00     4.2973e-03  0.0000e+00     8.1081e-04  0.0000e+00 
2.1170e-01     3.9269e-01  0.0000e+00     8.3132e-02  0.0000e+00     4.9482e-03  0.0000e+00     1.0475e-03  0.0000e+00 
2.3753e-01     3.8130e-01  0.0000e+00     9.0571e-02  0.0000e+00     5.3909e-03  0.0000e+00     1.2805e-03  0.0000e+00 
2.6651e-01     2.1864e-01  0.0000e+00     5.8270e-02  0.0000e+00     3.4683e-03  0.0000e+00     9.2435e-04  0.0000e+00 
2.9903e-01     1.9228e-01  0.0000e+00     5.7499e-02  0.0000e+00     3.4224e-03  0.0000e+00     1.0234e-03  0.0000e+00 
3.3552e-01     5.2137e-01  0.0000e+00     1.7493e-01  0.0000e+00     1.0412e-02  0.0000e+00     3.4935e-03  0.0000e+00 
3.7646e-01     4.3219e-01  0.0000e+00     1.6270e-01  0.0000e+00     9.6843e-03  0.0000e+00     3.6457e-03  0.0000e+00 
4.2240e-01     2.5369e-01  0.0000e+00     1.0716e-01  0.0000e+00     6.3782e-03  0.0000e+00     2.6941e-03  0.0000e+00 
4.7394e-01     2.5598e-01  0.0000e+00     1.2132e-01  0.0000e+00     7.2212e-03  0.0000e+00     3.4224e-03  0.0000e+00 
5.3176e-01     2.0786e-01  0.0000e+00     1.1053e-01  0.0000e+00     6.5790e-03  0.0000e+00     3.4985e-03  0.0000e+00 
5.9665e-01     1.3351e-01  0.0000e+00     7.9658e-02  0.0000e+00     4.7414e-03  0.0000e+00     2.8290e-03  0.0000e+00 
6.6945e-01     1.4065e-01  0.0000e+00     9.4156e-02  0.0000e+00     5.6043e-03  0.0000e+00     3.7518e-03  0.0000e+00 
7.5114e-01     1.3354e-01  0.0000e+00     1.0031e-01  0.0000e+00     5.9707e-03  0.0000e+00     4.4848e-03  0.0000e+00 
8.4279e-01     8.9508e-02  0.0000e+00     7.5437e-02  0.0000e+00     4.4901e-03  0.0000e+00     3.7842e-03  0.0000e+00 
9.4563e-01     6.3663e-02  0.0000e+00     6.0202e-02  0.0000e+00     3.5833e-03  0.0000e+00     3.3885e-03  0.0000e+00 
1.0610e+00     4.7087e-02  0.0000e+00     4.9960e-02  0.0000e+00     2.9737e-03  0.0000e+00     3.1551e-03  0.0000e+00 
1.1905e+00     3.2941e-02  0.0000e+00     3.9215e-02  0.0000e+00     2.3341e-03  0.0000e+00     2.7787e-03  0.0000e+00 
1.3357e+00     2.0595e-02  0.0000e+00     2.7510e-02  0.0000e+00     1.6374e-03  0.0000e+00     2.1872e-03  0.0000e+00 
1.4987e+00     1.2572e-02  0.0000e+00     1.8842e-02  0.0000e+00     1.1215e-03  0.0000e+00     1.6809e-03  0.0000e+00 
1.6816e+00     7.7712e-03  0.0000e+00     1.3068e-02  0.0000e+00     7.7783e-04  0.0000e+00     1.3080e-03  0.0000e+00 
1.8868e+00     4.1497e-03  0.0000e+00     7.8296e-03  0.0000e+00     4.6603e-04  0.0000e+00     8.7929e-04  0.0000e+00 
2.1170e+00     2.1790e-03  0.0000e+00     4.6129e-03  0.0000e+00     2.7457e-04  0.0000e+00     5.8125e-04  0.0000e+00 
2.3753e+00     9.0753e-04  0.0000e+00     2.1556e-03  0.0000e+00     1.2831e-04  0.0000e+00     3.0477e-04  0.0000e+00 
2.6651e+00     4.5680e-04  0.0000e+00     1.2174e-03  0.0000e+00     7.2464e-05  0.0000e+00     1.9313e-04  0.0000e+00 
2.9903e+00     1.4567e-04  0.0000e+00     4.3560e-04  0.0000e+00     2.5928e-05  0.0000e+00     7.7532e-05  0.0000e+00 
3.3552e+00     2.6631e-05  0.0000e+00     8.9353e-05  0.0000e+00     5.3185e-06  0.0000e+00     1.7845e-05  0.0000e+00 
3.7646e+00     1.7801e-05  0.0000e+00     6.7015e-05  0.0000e+00     3.9889e-06  0.0000e+00     1.5016e-05  0.0000e+00 
4.2240e+00     7.9327e-06  0.0000e+00     3.3507e-05  0.0000e+00     1.9944e-06  0.0000e+00     8.4244e-06  0.0000e+00 
4.7394e+00     4.7134e-06  0.0000e+00     2.2338e-05  0.0000e+00     1.3296e-06  0.0000e+00     6.3015e-06  0.0000e+00 
5.3176e+00     4.2008e-06  0.0000e+00     2.2338e-05  0.0000e+00     1.3296e-06  0.0000e+00     7.0704e-06  0.0000e+00 
5.9665e+00     4.8226e-02  0.0000e+00     2.8774e-01  0.0000e+00     1.7127e-02  0.0000e+00     1.0219e-01  0.0000e+00 
6.6945e+00     2.5153e-02  0.0000e+00     1.6839e-01  0.0000e+00     1.0023e-02  0.0000e+00     6.7097e-02  0.0000e+00 
7.5114e+00     7.8690e-03  0.0000e+00     5.9107e-02  0.0000e+00     3.5182e-03  0.0000e+00     2.6426e-02  0.0000e+00 
8.4279e+00     3.6430e-02  0.0000e+00     3.0703e-01  0.0000e+00     1.8275e-02  0.0000e+00     1.5402e-01  0.0000e+00 
9.4563e+00     2.5991e-02  0.0000e+00     2.4578e-01  0.0000e+00     1.4629e-02  0.0000e+00     1.3834e-01  0.0000e+00 
1.0610e+01     3.8391e-02  0.0000e+00     4.0733e-01  0.0000e+00     2.4245e-02  0.0000e+00     2.5724e-01  0.0000e+00 
1.1905e+01     3.0178e-02  0.0000e+00     3.5926e-01  0.0000e+00     2.1384e-02  0.0000e+00     2.5457e-01  0.0000e+00 
1.3357e+01     2.5052e-02  0.0000e+00     3.3463e-01  0.0000e+00     1.9918e-02  0.0000e+00     2.6605e-01  0.0000e+00 
1.4987e+01     1.7891e-02  0.0000e+00     2.6814e-01  0.0000e+00     1.5960e-02  0.0000e+00     2.3920e-01  0.0000e+00 
1.6816e+01     1.5572e-02  0.0000e+00     2.6186e-01  0.0000e+00     1.5586e-02  0.0000e+00     2.6210e-01  0.0000e+00 
1.8868e+01     1.4280e-02  0.0000e+00     2.6943e-01  0.0000e+00     1.6037e-02  0.0000e+00     3.0259e-01  0.0000e+00 
2.1170e+01     1.4776e-02  0.0000e+00     3.1281e-01  0.0000e+00     1.8619e-02  0.0000e+00     3.9417e-01  0.0000e+00 
2.3753e+01     1.3658e-02  0.0000e+00     3.2441e-01  0.0000e+00     1.9309e-02  0.0000e+00     4.5866e-01  0.0000e+00 
2.6651e+01     1.0904e-02  0.0000e+00     2.9061e-01  0.0000e+00     1.7298e-02  0.0000e+00     4.6101e-01  0.0000e+00 
2.9903e+01     8.9762e-03  0.0000e+00     2.6842e-01  0.0000e+00     1.5977e-02  0.0000e+00     4.7776e-01  0.0000e+00 
3.3552e+01     8.2244e-03  0.0000e+00     2.7595e-01  0.0000e+00     1.6425e-02  0.0000e+00     5.5109e-01  0.0000e+00 
3.7646e+01     6.8428e-03  0.0000e+00     2.5761e-01  0.0000e+00     1.5333e-02  0.0000e+00     5.7723e-01  0.0000e+00 
4.2240e+01     5.3168e-03  0.0000e+00     2.2458e-01  0.0000e+00     1.3367e-02  0.0000e+00     5.6463e-01  0.0000e+00 
4.7394e+01     4.2609e-03  0.0000e+00     2.0194e-01  0.0000e+00     1.2020e-02  0.0000e+00     5.6966e-01  0.0000e+00 
5.3176e+01     3.1495e-03  0.0000e+00     1.6748e-01  0.0000e+00     9.9688e-03  0.0000e+00     5.3011e-01  0.0000e+00 
5.9665e+01     2.3301e-03  0.0000e+00     1.3902e-01  0.0000e+00     8.2749e-03  0.0000e+00     4.9372e-01  0.0000e+00 
6.6945e+01     1.6033e-03  0.0000e+00     1.0734e-01  0.0000e+00     6.3888e-03  0.0000e+00     4.2770e-01  0.0000e+00 
7.5114e+01     1.0204e-03  0.0000e+00     7.6643e-02  0.0000e+00     4.5619e-03  0.0000e+00     3.4266e-01  0.0000e+00 
8.4279e+01     6.2194e-04  0.0000e+00     5.2417e-02  0.0000e+00     3.1200e-03  0.0000e+00     2.6295e-01  0.0000e+00 
9.4563e+01     3.5481e-04  0.0000e+00     3.3552e-02  0.0000e+00     1.9971e-03  0.0000e+00     1.8885e-01  0.0000e+00 
1.0610e+02     1.8064e-04  0.0000e+00     1.9166e-02  0.0000e+00     1.1408e-03  0.0000e+00     1.2104e-01  0.0000e+00 
1.1905e+02     8.4908e-05  0.0000e+00     1.0108e-02  0.0000e+00     6.0165e-04  0.0000e+00     7.1625e-02  0.0000e+00 
1.3357e+02     3.6374e-05  0.0000e+00     4.8586e-03  0.0000e+00     2.8919e-04  0.0000e+00     3.8628e-02  0.0000e+00 
1.4987e+02     1.3862e-05  0.0000e+00     2.0775e-03  0.0000e+00     1.2365e-04  0.0000e+00     1.8532e-02  0.0000e+00 
1.6816e+02     5.5793e-06  0.0000e+00     9.3821e-04  0.0000e+00     5.5844e-05  0.0000e+00     9.3907e-03  0.0000e+00 
1.8868e+02     1.3023e-06  0.0000e+00     2.4572e-04  0.0000e+00     1.4626e-05  0.0000e+00     2.7596e-03  0.0000e+00 
2.1170e+02     3.1656e-07  0.0000e+00     6.7015e-05  0.0000e+00     3.9889e-06  0.0000e+00     8.4444e-04  0.0000e+00 
2.3753e+02     0.0000e+00  0.0000e+00     0.0000e+00  0.0000e+00     0.0000e+00  0.0000e+00     0.0000e+00  0.0000e+00 
2.6651e+02     0.0000e+00  0.0000e+00     0.0000e+00  0.0000e+00     0.0000e+00  0.0000e+00     0.0000e+00  0.0000e+00 
2.9903e+02     0.0000e+00  0.0000e+00     0.0000e+00  0.0000e+00     0.0000e+00  0.0000e+00     0.0000e+00  0.0000e+00 
3.3552e+02     0.0000e+00  0.0000e+00     0.0000e+00  0.0000e+00     0.0000e+00  0.0000e+00     0.0000e+00  0.0000e+00 
3.7646e+02     0.0000e+00  0.0000e+00     0.0000e+00  0.0000e+00     0.0000e+00  0.0000e+00     0.0000e+00  0.0000e+00 
4.2240e+02     0.0000e+00  0.0000e+00     0.0000e+00  0.0000e+00     0.0000e+00  0.0000e+00     0.0000e+00  0.0000e+00 
4.7394e+02     0.0000e+00  0.0000e+00     0.0000e+00  0.0000e+00     0.0000e+00  0.0000e+00     0.0000e+00  0.0000e+00 
5.3176e+02     0.0000e+00  0.0000e+00     0.0000e+00  0.0000e+00     0.0000e+00  0.0000e+00     0.0000e+00  0.0000e+00 
5.9665e+02     0.0000e+00  0.0000e+00     0.0000e+00  0.0000e+00     0.0000e+00  0.0000e+00     0.0000e+00  0.0000e+00 
6.6945e+02     0.0000e+00  0.0000e+00     0.0000e+00  0.0000e+00     0.0000e+00  0.0000e+00     0.0000e+00  0.0000e+00 
7.5114e+02     0.0000e+00  0.0000e+00     0.0000e+00  0.0000e+00     0.0000e+00  0.0000e+00     0.0000e+00  0.0000e+00 
8.4279e+02     0.0000e+00  0.0000e+00     0.0000e+00  0.0000e+00     0.0000e+00  0.0000e+00     0.0000e+00  0.0000e+00 
9.4563e+02     0.0000e+00  0.0000e+00     0.0000e+00  0.0000e+00     0.0000e+00  0.0000e+00     0.0000e+00  0.0000e+00 
1.0610e+03     0.0000e+00  0.0000e+00     0.0000e+00  0.0000e+00     0.0000e+00  0.0000e+00     0.0000e+00  0.0000e+00 
1.1905e+03     0.0000e+00  0.0000e+00     0.0000e+00  0.0000e+00     0.0000e+00  0.0000e+00     0.0000e+00  0.0000e+00 
1.3357e+03     0.0000e+00  0.0000e+00     0.0000e+00  0.0000e+00     0.0000e+00  0.0000e+00     0.0000e+00  0.0000e+00 
1.4987e+03     0.0000e+00  0.0000e+00     0.0000e+00  0.0000e+00     0.0000e+00  0.0000e+00     0.0000e+00  0.0000e+00 
1.6816e+03     0.0000e+00  0.0000e+00     0.0000e+00  0.0000e+00     0.0000e+00  0.0000e+00     0.0000e+00  0.0000e+00 
1.8868e+03     0.0000e+00  0.0000e+00     0.0000e+00  0.0000e+00     0.0000e+00  0.0000e+00     0.0000e+00  0.0000e+00 
2.1170e+03     0.0000e+00  0.0000e+00     0.0000e+00  0.0000e+00     0.0000e+00  0.0000e+00     0.0000e+00  0.0000e+00 
2.3753e+03     0.0000e+00  0.0000e+00     0.0000e+00  0.0000e+00     0.0000e+00  0.0000e+00     0.0000e+00  0.0000e+00 
2.6651e+03     0.0000e+00  0.0000e+00     0.0000e+00  0.0000e+00     0.0000e+00  0.0000e+00     0.0000e+00  0.0000e+00 
2.9903e+03     0.0000e+00  0.0000e+00     0.0000e+00  0.0000e+00     0.0000e+00  0.0000e+00     0.0000e+00  0.0000e+00 
3.3552e+03     0.0000e+00  0.0000e+00     0.0000e+00  0.0000e+00     0.0000e+00  0.0000e+00     0.0000e+00  0.0000e+00 
3.7646e+03     0.0000e+00  0.0000e+00     0.0000e+00  0.0000e+00     0.0000e+00  0.0000e+00     0.0000e+00  0.0000e+00 
4.2240e+03     0.0000e+00  0.0000e+00     0.0000e+00  0.0000e+00     0.0000e+00  0.0000e+00     0.0000e+00  0.0000e+00 
4.7394e+03     0.0000e+00  0.0000e+00     0.0000e+00  0.0000e+00     0.0000e+00  0.0000e+00     0.0000e+00  0.0000e+00 
5.3176e+03     0.0000e+00  0.0000e+00     0.0000e+00  0.0000e+00     0.0000e+00  0.0000e+00     0.0000e+00  0.0000e+00 
5.9665e+03     0.0000e+00  0.0000e+00     0.0000e+00  0.0000e+00     0.0000e+00  0.0000e+00     0.0000e+00  0.0000e+00 
6.6945e+03     0.0000e+00  0.0000e+00     0.0000e+00  0.0000e+00     0.0000e+00  0.0000e+00     0.0000e+00  0.0000e+00 
7.5114e+03     0.0000e+00  0.0000e+00     0.0000e+00  0.0000e+00     0.0000e+00  0.0000e+00     0.0000e+00  0.0000e+00 
8.4279e+03     0.0000e+00  0.0000e+00     0.0000e+00  0.0000e+00     0.0000e+00  0.0000e+00     0.0000e+00  0.0000e+00 
9.4563e+03     0.0000e+00  0.0000e+00     0.0000e+00  0.0000e+00     0.0000e+00  0.0000e+00     0.0000e+00  0.0000e+00 
