yF = 4.1866e+00 (std: 0.0000e+00) keV/um
yD = 2.1242e+01 (std: 0.0000e+00) keV/um
y (keV/um)     f(y)(std)                  yf(y)(std)                 d(y)(std)                  yd(y)(std)  
1.0610e-01     2.6047e+01  0.0000e+00     2.7636e+00  0.0000e+00     6.6011e-01  0.0000e+00     7.0038e-02  0.0000e+00 
1.1905e-01     1.9031e+00  0.0000e+00     2.2656e-01  0.0000e+00     5.4116e-02  0.0000e+00     6.4423e-03  0.0000e+00 
1.3357e-01     5.9926e-01  0.0000e+00     8.0044e-02  0.0000e+00     1.9119e-02  0.0000e+00     2.5538e-03  0.0000e+00 
1.4987e-01     3.0105e+00  0.0000e+00     4.5118e-01  0.0000e+00     1.0777e-01  0.0000e+00     1.6151e-02  0.0000e+00 
1.6816e-01     9.3225e-01  0.0000e+00     1.5677e-01  0.0000e+00     3.7444e-02  0.0000e+00     6.2966e-03  0.0000e+00 
1.8868e-01     6.1361e-01  0.0000e+00     1.1577e-01  0.0000e+00     2.7653e-02  0.0000e+00     5.2176e-03  0.0000e+00 
2.1170e-01     6.0444e-01  0.0000e+00     1.2796e-01  0.0000e+00     3.0564e-02  0.0000e+00     6.4704e-03  0.0000e+00 
2.3753e-01     5.7486e-01  0.0000e+00     1.3655e-01  0.0000e+00     3.2615e-02  0.0000e+00     7.7471e-03  0.0000e+00 
2.6651e-01     2.4630e-01  0.0000e+00     6.5642e-02  0.0000e+00     1.5679e-02  0.0000e+00     4.1787e-03  0.0000e+00 
2.9903e-01     2.6305e-01  0.0000e+00     7.8660e-02  0.0000e+00     1.8788e-02  0.0000e+00     5.6184e-03  0.0000e+00 
3.3552e-01     1.3811e+00  0.0000e+00     4.6337e-01  0.0000e+00     1.1068e-01  0.0000e+00     3.7135e-02  0.0000e+00 
3.7646e-01     9.5865e-01  0.0000e+00     3.6089e-01  0.0000e+00     8.6202e-02  0.0000e+00     3.2452e-02  0.0000e+00 
4.2240e-01     3.9146e-01  0.0000e+00     1.6535e-01  0.0000e+00     3.9495e-02  0.0000e+00     1.6683e-02  0.0000e+00 
4.7394e-01     3.9915e-01  0.0000e+00     1.8917e-01  0.0000e+00     4.5185e-02  0.0000e+00     2.1415e-02  0.0000e+00 
5.3176e-01     2.5886e-01  0.0000e+00     1.3765e-01  0.0000e+00     3.2880e-02  0.0000e+00     1.7484e-02  0.0000e+00 
5.9665e-01     1.3741e-01  0.0000e+00     8.1983e-02  0.0000e+00     1.9582e-02  0.0000e+00     1.1684e-02  0.0000e+00 
6.6945e-01     2.2424e-01  0.0000e+00     1.5012e-01  0.0000e+00     3.5857e-02  0.0000e+00     2.4004e-02  0.0000e+00 
7.5114e-01     1.7257e-01  0.0000e+00     1.2962e-01  0.0000e+00     3.0961e-02  0.0000e+00     2.3256e-02  0.0000e+00 
8.4279e-01     8.1830e-02  0.0000e+00     6.8966e-02  0.0000e+00     1.6473e-02  0.0000e+00     1.3883e-02  0.0000e+00 
9.4563e-01     5.7408e-02  0.0000e+00     5.4286e-02  0.0000e+00     1.2967e-02  0.0000e+00     1.2262e-02  0.0000e+00 
1.0610e+00     3.7590e-02  0.0000e+00     3.9884e-02  0.0000e+00     9.5265e-03  0.0000e+00     1.0108e-02  0.0000e+00 
1.1905e+00     1.8845e-02  0.0000e+00     2.2435e-02  0.0000e+00     5.3587e-03  0.0000e+00     6.3793e-03  0.0000e+00 
1.3357e+00     1.3063e-02  0.0000e+00     1.7449e-02  0.0000e+00     4.1678e-03  0.0000e+00     5.5671e-03  0.0000e+00 
1.4987e+00     4.6201e-03  0.0000e+00     6.9243e-03  0.0000e+00     1.6539e-03  0.0000e+00     2.4787e-03  0.0000e+00 
1.6816e+00     2.1412e-03  0.0000e+00     3.6006e-03  0.0000e+00     8.6003e-04  0.0000e+00     1.4462e-03  0.0000e+00 
1.8868e+00     8.8078e-04  0.0000e+00     1.6618e-03  0.0000e+00     3.9694e-04  0.0000e+00     7.4893e-04  0.0000e+00 
2.1170e+00     1.3083e-04  0.0000e+00     2.7697e-04  0.0000e+00     6.6156e-05  0.0000e+00     1.4005e-04  0.0000e+00 
2.3753e+00     0.0000e+00  0.0000e+00     0.0000e+00  0.0000e+00     0.0000e+00  0.0000e+00     0.0000e+00  0.0000e+00 
2.6651e+00     0.0000e+00  0.0000e+00     0.0000e+00  0.0000e+00     0.0000e+00  0.0000e+00     0.0000e+00  0.0000e+00 
2.9903e+00     0.0000e+00  0.0000e+00     0.0000e+00  0.0000e+00     0.0000e+00  0.0000e+00     0.0000e+00  0.0000e+00 
3.3552e+00     0.0000e+00  0.0000e+00     0.0000e+00  0.0000e+00     0.0000e+00  0.0000e+00     0.0000e+00  0.0000e+00 
3.7646e+00     0.0000e+00  0.0000e+00     0.0000e+00  0.0000e+00     0.0000e+00  0.0000e+00     0.0000e+00  0.0000e+00 
4.2240e+00     0.0000e+00  0.0000e+00     0.0000e+00  0.0000e+00     0.0000e+00  0.0000e+00     0.0000e+00  0.0000e+00 
4.7394e+00     0.0000e+00  0.0000e+00     0.0000e+00  0.0000e+00     0.0000e+00  0.0000e+00     0.0000e+00  0.0000e+00 
5.3176e+00     0.0000e+00  0.0000e+00     0.0000e+00  0.0000e+00     0.0000e+00  0.0000e+00     0.0000e+00  0.0000e+00 
5.9665e+00     1.1995e-01  0.0000e+00     7.1569e-01  0.0000e+00     1.7095e-01  0.0000e+00     1.0200e+00  0.0000e+00 
6.6945e+00     2.2796e-02  0.0000e+00     1.5261e-01  0.0000e+00     3.6452e-02  0.0000e+00     2.4403e-01  0.0000e+00 
7.5114e+00     6.0104e-03  0.0000e+00     4.5146e-02  0.0000e+00     1.0783e-02  0.0000e+00     8.0999e-02  0.0000e+00 
8.4279e+00     2.8000e-02  0.0000e+00     2.3598e-01  0.0000e+00     5.6365e-02  0.0000e+00     4.7504e-01  0.0000e+00 
9.4563e+00     1.5524e-02  0.0000e+00     1.4679e-01  0.0000e+00     3.5063e-02  0.0000e+00     3.3156e-01  0.0000e+00 
1.0610e+01     2.4486e-02  0.0000e+00     2.5980e-01  0.0000e+00     6.2055e-02  0.0000e+00     6.5841e-01  0.0000e+00 
1.1905e+01     1.6309e-02  0.0000e+00     1.9416e-01  0.0000e+00     4.6376e-02  0.0000e+00     5.5209e-01  0.0000e+00 
1.3357e+01     1.1301e-02  0.0000e+00     1.5095e-01  0.0000e+00     3.6055e-02  0.0000e+00     4.8160e-01  0.0000e+00 
1.4987e+01     6.9856e-03  0.0000e+00     1.0469e-01  0.0000e+00     2.5007e-02  0.0000e+00     3.7479e-01  0.0000e+00 
1.6816e+01     4.6448e-03  0.0000e+00     7.8106e-02  0.0000e+00     1.8656e-02  0.0000e+00     3.1372e-01  0.0000e+00 
1.8868e+01     3.6259e-03  0.0000e+00     6.8412e-02  0.0000e+00     1.6341e-02  0.0000e+00     3.0831e-01  0.0000e+00 
2.1170e+01     3.7025e-03  0.0000e+00     7.8383e-02  0.0000e+00     1.8722e-02  0.0000e+00     3.9635e-01  0.0000e+00 
2.3753e+01     3.7663e-03  0.0000e+00     8.9461e-02  0.0000e+00     2.1368e-02  0.0000e+00     5.0757e-01  0.0000e+00 
2.6651e+01     2.2032e-03  0.0000e+00     5.8718e-02  0.0000e+00     1.4025e-02  0.0000e+00     3.7379e-01  0.0000e+00 
2.9903e+01     1.4449e-03  0.0000e+00     4.3207e-02  0.0000e+00     1.0320e-02  0.0000e+00     3.0861e-01  0.0000e+00 
3.3552e+01     1.4033e-03  0.0000e+00     4.7085e-02  0.0000e+00     1.1247e-02  0.0000e+00     3.7735e-01  0.0000e+00 
3.7646e+01     9.1230e-04  0.0000e+00     3.4344e-02  0.0000e+00     8.2034e-03  0.0000e+00     3.0882e-01  0.0000e+00 
4.2240e+01     6.6227e-04  0.0000e+00     2.7974e-02  0.0000e+00     6.6818e-03  0.0000e+00     2.8224e-01  0.0000e+00 
4.7394e+01     5.2012e-04  0.0000e+00     2.4650e-02  0.0000e+00     5.8879e-03  0.0000e+00     2.7905e-01  0.0000e+00 
5.3176e+01     3.1251e-04  0.0000e+00     1.6618e-02  0.0000e+00     3.9694e-03  0.0000e+00     2.1108e-01  0.0000e+00 
5.9665e+01     1.6247e-04  0.0000e+00     9.6940e-03  0.0000e+00     2.3155e-03  0.0000e+00     1.3815e-01  0.0000e+00 
6.6945e+01     1.0343e-04  0.0000e+00     6.9243e-03  0.0000e+00     1.6539e-03  0.0000e+00     1.1072e-01  0.0000e+00 
7.5114e+01     6.6372e-05  0.0000e+00     4.9855e-03  0.0000e+00     1.1908e-03  0.0000e+00     8.9446e-02  0.0000e+00 
8.4279e+01     2.3004e-05  0.0000e+00     1.9388e-03  0.0000e+00     4.6309e-04  0.0000e+00     3.9029e-02  0.0000e+00 
9.4563e+01     2.3432e-05  0.0000e+00     2.2158e-03  0.0000e+00     5.2925e-04  0.0000e+00     5.0047e-02  0.0000e+00 
1.0610e+02     2.6104e-06  0.0000e+00     2.7697e-04  0.0000e+00     6.6156e-05  0.0000e+00     7.0192e-03  0.0000e+00 
1.1905e+02     2.3266e-06  0.0000e+00     2.7697e-04  0.0000e+00     6.6156e-05  0.0000e+00     7.8757e-03  0.0000e+00 
1.3357e+02     0.0000e+00  0.0000e+00     0.0000e+00  0.0000e+00     0.0000e+00  0.0000e+00     0.0000e+00  0.0000e+00 
1.4987e+02     0.0000e+00  0.0000e+00     0.0000e+00  0.0000e+00     0.0000e+00  0.0000e+00     0.0000e+00  0.0000e+00 
1.6816e+02     0.0000e+00  0.0000e+00     0.0000e+00  0.0000e+00     0.0000e+00  0.0000e+00     0.0000e+00  0.0000e+00 
1.8868e+02     0.0000e+00  0.0000e+00     0.0000e+00  0.0000e+00     0.0000e+00  0.0000e+00     0.0000e+00  0.0000e+00 
2.1170e+02     0.0000e+00  0.0000e+00     0.0000e+00  0.0000e+00     0.0000e+00  0.0000e+00     0.0000e+00  0.0000e+00 
2.3753e+02     0.0000e+00  0.0000e+00     0.0000e+00  0.0000e+00     0.0000e+00  0.0000e+00     0.0000e+00  0.0000e+00 
2.6651e+02     0.0000e+00  0.0000e+00     0.0000e+00  0.0000e+00     0.0000e+00  0.0000e+00     0.0000e+00  0.0000e+00 
2.9903e+02     0.0000e+00  0.0000e+00     0.0000e+00  0.0000e+00     0.0000e+00  0.0000e+00     0.0000e+00  0.0000e+00 
3.3552e+02     0.0000e+00  0.0000e+00     0.0000e+00  0.0000e+00     0.0000e+00  0.0000e+00     0.0000e+00  0.0000e+00 
3.7646e+02     0.0000e+00  0.0000e+00     0.0000e+00  0.0000e+00     0.0000e+00  0.0000e+00     0.0000e+00  0.0000e+00 
4.2240e+02     0.0000e+00  0.0000e+00     0.0000e+00  0.0000e+00     0.0000e+00  0.0000e+00     0.0000e+00  0.0000e+00 
4.7394e+02     0.0000e+00  0.0000e+00     0.0000e+00  0.0000e+00     0.0000e+00  0.0000e+00     0.0000e+00  0.0000e+00 
5.3176e+02     0.0000e+00  0.0000e+00     0.0000e+00  0.0000e+00     0.0000e+00  0.0000e+00     0.0000e+00  0.0000e+00 
5.9665e+02     0.0000e+00  0.0000e+00     0.0000e+00  0.0000e+00     0.0000e+00  0.0000e+00     0.0000e+00  0.0000e+00 
6.6945e+02     0.0000e+00  0.0000e+00     0.0000e+00  0.0000e+00     0.0000e+00  0.0000e+00     0.0000e+00  0.0000e+00 
7.5114e+02     0.0000e+00  0.0000e+00     0.0000e+00  0.0000e+00     0.0000e+00  0.0000e+00     0.0000e+00  0.0000e+00 
8.4279e+02     0.0000e+00  0.0000e+00     0.0000e+00  0.0000e+00     0.0000e+00  0.0000e+00     0.0000e+00  0.0000e+00 
9.4563e+02     0.0000e+00  0.0000e+00     0.0000e+00  0.0000e+00     0.0000e+00  0.0000e+00     0.0000e+00  0.0000e+00 
1.0610e+03     0.0000e+00  0.0000e+00     0.0000e+00  0.0000e+00     0.0000e+00  0.0000e+00     0.0000e+00  0.0000e+00 
1.1905e+03     0.0000e+00  0.0000e+00     0.0000e+00  0.0000e+00     0.0000e+00  0.0000e+00     0.0000e+00  0.0000e+00 
1.3357e+03     0.0000e+00  0.0000e+00     0.0000e+00  0.0000e+00     0.0000e+00  0.0000e+00     0.0000e+00  0.0000e+00 
1.4987e+03     0.0000e+00  0.0000e+00     0.0000e+00  0.0000e+00     0.0000e+00  0.0000e+00     0.0000e+00  0.0000e+00 
1.6816e+03     0.0000e+00  0.0000e+00     0.0000e+00  0.0000e+00     0.0000e+00  0.0000e+00     0.0000e+00  0.0000e+00 
1.8868e+03     0.0000e+00  0.0000e+00     0.0000e+00  0.0000e+00     0.0000e+00  0.0000e+00     0.0000e+00  0.0000e+00 
2.1170e+03     0.0000e+00  0.0000e+00     0.0000e+00  0.0000e+00     0.0000e+00  0.0000e+00     0.0000e+00  0.0000e+00 
2.3753e+03     0.0000e+00  0.0000e+00     0.0000e+00  0.0000e+00     0.0000e+00  0.0000e+00     0.0000e+00  0.0000e+00 
2.6651e+03     0.0000e+00  0.0000e+00     0.0000e+00  0.0000e+00     0.0000e+00  0.0000e+00     0.0000e+00  0.0000e+00 
2.9903e+03     0.0000e+00  0.0000e+00     0.0000e+00  0.0000e+00     0.0000e+00  0.0000e+00     0.0000e+00  0.0000e+00 
3.3552e+03     0.0000e+00  0.0000e+00     0.0000e+00  0.0000e+00     0.0000e+00  0.0000e+00     0.0000e+00  0.0000e+00 
3.7646e+03     0.0000e+00  0.0000e+00     0.0000e+00  0.0000e+00     0.0000e+00  0.0000e+00     0.0000e+00  0.0000e+00 
4.2240e+03     0.0000e+00  0.0000e+00     0.0000e+00  0.0000e+00     0.0000e+00  0.0000e+00     0.0000e+00  0.0000e+00 
4.7394e+03     0.0000e+00  0.0000e+00     0.0000e+00  0.0000e+00     0.0000e+00  0.0000e+00     0.0000e+00  0.0000e+00 
5.3176e+03     0.0000e+00  0.0000e+00     0.0000e+00  0.0000e+00     0.0000e+00  0.0000e+00     0.0000e+00  0.0000e+00 
5.9665e+03     0.0000e+00  0.0000e+00     0.0000e+00  0.0000e+00     0.0000e+00  0.0000e+00     0.0000e+00  0.0000e+00 
6.6945e+03     0.0000e+00  0.0000e+00     0.0000e+00  0.0000e+00     0.0000e+00  0.0000e+00     0.0000e+00  0.0000e+00 
7.5114e+03     0.0000e+00  0.0000e+00     0.0000e+00  0.0000e+00     0.0000e+00  0.0000e+00     0.0000e+00  0.0000e+00 
8.4279e+03     0.0000e+00  0.0000e+00     0.0000e+00  0.0000e+00     0.0000e+00  0.0000e+00     0.0000e+00  0.0000e+00 
9.4563e+03     0.0000e+00  0.0000e+00     0.0000e+00  0.0000e+00     0.0000e+00  0.0000e+00     0.0000e+00  0.0000e+00 
