yF = 5.0059e+00 (std: 0.0000e+00) keV/um
yD = 2.3382e+01 (std: 0.0000e+00) keV/um
y (keV/um)     f(y)(std)                  yf(y)(std)                 d(y)(std)                  yd(y)(std)  
1.0610e-01     2.5274e+01  0.0000e+00     2.6816e+00  0.0000e+00     5.3568e-01  0.0000e+00     5.6836e-02  0.0000e+00 
1.1905e-01     1.8970e+00  0.0000e+00     2.2583e-01  0.0000e+00     4.5114e-02  0.0000e+00     5.3707e-03  0.0000e+00 
1.3357e-01     5.8807e-01  0.0000e+00     7.8551e-02  0.0000e+00     1.5692e-02  0.0000e+00     2.0960e-03  0.0000e+00 
1.4987e-01     2.8088e+00  0.0000e+00     4.2095e-01  0.0000e+00     8.4091e-02  0.0000e+00     1.2603e-02  0.0000e+00 
1.6816e-01     8.3394e-01  0.0000e+00     1.4023e-01  0.0000e+00     2.8014e-02  0.0000e+00     4.7108e-03  0.0000e+00 
1.8868e-01     5.3241e-01  0.0000e+00     1.0045e-01  0.0000e+00     2.0067e-02  0.0000e+00     3.7862e-03  0.0000e+00 
2.1170e-01     5.8868e-01  0.0000e+00     1.2462e-01  0.0000e+00     2.4896e-02  0.0000e+00     5.2704e-03  0.0000e+00 
2.3753e-01     5.9674e-01  0.0000e+00     1.4174e-01  0.0000e+00     2.8315e-02  0.0000e+00     6.7258e-03  0.0000e+00 
2.6651e-01     2.7773e-01  0.0000e+00     7.4019e-02  0.0000e+00     1.4786e-02  0.0000e+00     3.9408e-03  0.0000e+00 
2.9903e-01     2.4500e-01  0.0000e+00     7.3264e-02  0.0000e+00     1.4636e-02  0.0000e+00     4.3765e-03  0.0000e+00 
3.3552e-01     1.2786e+00  0.0000e+00     4.2901e-01  0.0000e+00     8.5701e-02  0.0000e+00     2.8754e-02  0.0000e+00 
3.7646e-01     8.7876e-01  0.0000e+00     3.3082e-01  0.0000e+00     6.6086e-02  0.0000e+00     2.4879e-02  0.0000e+00 
4.2240e-01     4.1127e-01  0.0000e+00     1.7372e-01  0.0000e+00     3.4703e-02  0.0000e+00     1.4658e-02  0.0000e+00 
4.7394e-01     3.8195e-01  0.0000e+00     1.8102e-01  0.0000e+00     3.6161e-02  0.0000e+00     1.7138e-02  0.0000e+00 
5.3176e-01     2.4004e-01  0.0000e+00     1.2765e-01  0.0000e+00     2.5499e-02  0.0000e+00     1.3559e-02  0.0000e+00 
5.9665e-01     1.1857e-01  0.0000e+00     7.0746e-02  0.0000e+00     1.4133e-02  0.0000e+00     8.4322e-03  0.0000e+00 
6.6945e-01     2.0383e-01  0.0000e+00     1.3646e-01  0.0000e+00     2.7259e-02  0.0000e+00     1.8249e-02  0.0000e+00 
7.5114e-01     1.6122e-01  0.0000e+00     1.2110e-01  0.0000e+00     2.4191e-02  0.0000e+00     1.8171e-02  0.0000e+00 
8.4279e-01     7.3487e-02  0.0000e+00     6.1934e-02  0.0000e+00     1.2372e-02  0.0000e+00     1.0427e-02  0.0000e+00 
9.4563e-01     4.6859e-02  0.0000e+00     4.4311e-02  0.0000e+00     8.8517e-03  0.0000e+00     8.3704e-03  0.0000e+00 
1.0610e+00     3.5356e-02  0.0000e+00     3.7513e-02  0.0000e+00     7.4938e-03  0.0000e+00     7.9510e-03  0.0000e+00 
1.1905e+00     2.5167e-02  0.0000e+00     2.9960e-02  0.0000e+00     5.9850e-03  0.0000e+00     7.1250e-03  0.0000e+00 
1.3357e+00     1.3571e-02  0.0000e+00     1.8127e-02  0.0000e+00     3.6212e-03  0.0000e+00     4.8369e-03  0.0000e+00 
1.4987e+00     4.7037e-03  0.0000e+00     7.0494e-03  0.0000e+00     1.4082e-03  0.0000e+00     2.1105e-03  0.0000e+00 
1.6816e+00     1.9463e-03  0.0000e+00     3.2730e-03  0.0000e+00     6.5382e-04  0.0000e+00     1.0995e-03  0.0000e+00 
1.8868e+00     5.3375e-04  0.0000e+00     1.0071e-03  0.0000e+00     2.0118e-04  0.0000e+00     3.7957e-04  0.0000e+00 
2.1170e+00     1.1893e-04  0.0000e+00     2.5177e-04  0.0000e+00     5.0294e-05  0.0000e+00     1.0647e-04  0.0000e+00 
2.3753e+00     5.2997e-04  0.0000e+00     1.2588e-03  0.0000e+00     2.5147e-04  0.0000e+00     5.9732e-04  0.0000e+00 
2.6651e+00     9.4466e-05  0.0000e+00     2.5177e-04  0.0000e+00     5.0294e-05  0.0000e+00     1.3404e-04  0.0000e+00 
2.9903e+00     0.0000e+00  0.0000e+00     0.0000e+00  0.0000e+00     0.0000e+00  0.0000e+00     0.0000e+00  0.0000e+00 
3.3552e+00     0.0000e+00  0.0000e+00     0.0000e+00  0.0000e+00     0.0000e+00  0.0000e+00     0.0000e+00  0.0000e+00 
3.7646e+00     0.0000e+00  0.0000e+00     0.0000e+00  0.0000e+00     0.0000e+00  0.0000e+00     0.0000e+00  0.0000e+00 
4.2240e+00     0.0000e+00  0.0000e+00     0.0000e+00  0.0000e+00     0.0000e+00  0.0000e+00     0.0000e+00  0.0000e+00 
4.7394e+00     0.0000e+00  0.0000e+00     0.0000e+00  0.0000e+00     0.0000e+00  0.0000e+00     0.0000e+00  0.0000e+00 
5.3176e+00     0.0000e+00  0.0000e+00     0.0000e+00  0.0000e+00     0.0000e+00  0.0000e+00     0.0000e+00  0.0000e+00 
5.9665e+00     1.0098e-01  0.0000e+00     6.0248e-01  0.0000e+00     1.2035e-01  0.0000e+00     7.1809e-01  0.0000e+00 
6.6945e+00     2.0797e-02  0.0000e+00     1.3923e-01  0.0000e+00     2.7813e-02  0.0000e+00     1.8619e-01  0.0000e+00 
7.5114e+00     5.3964e-03  0.0000e+00     4.0534e-02  0.0000e+00     8.0973e-03  0.0000e+00     6.0822e-02  0.0000e+00 
8.4279e+00     2.7304e-02  0.0000e+00     2.3011e-01  0.0000e+00     4.5969e-02  0.0000e+00     3.8742e-01  0.0000e+00 
9.4563e+00     1.7785e-02  0.0000e+00     1.6818e-01  0.0000e+00     3.3596e-02  0.0000e+00     3.1770e-01  0.0000e+00 
1.0610e+01     2.6197e-02  0.0000e+00     2.7795e-01  0.0000e+00     5.5525e-02  0.0000e+00     5.8912e-01  0.0000e+00 
1.1905e+01     1.8188e-02  0.0000e+00     2.1652e-01  0.0000e+00     4.3253e-02  0.0000e+00     5.1491e-01  0.0000e+00 
1.3357e+01     2.4974e-02  0.0000e+00     3.3359e-01  0.0000e+00     6.6639e-02  0.0000e+00     8.9012e-01  0.0000e+00 
1.4987e+01     8.7354e-03  0.0000e+00     1.3092e-01  0.0000e+00     2.6153e-02  0.0000e+00     3.9196e-01  0.0000e+00 
1.6816e+01     5.3450e-03  0.0000e+00     8.9880e-02  0.0000e+00     1.7955e-02  0.0000e+00     3.0193e-01  0.0000e+00 
1.8868e+01     4.5102e-03  0.0000e+00     8.5097e-02  0.0000e+00     1.6999e-02  0.0000e+00     3.2074e-01  0.0000e+00 
2.1170e+01     4.0435e-03  0.0000e+00     8.5600e-02  0.0000e+00     1.7100e-02  0.0000e+00     3.6200e-01  0.0000e+00 
2.3753e+01     3.8157e-03  0.0000e+00     9.0636e-02  0.0000e+00     1.8106e-02  0.0000e+00     4.3007e-01  0.0000e+00 
2.6651e+01     2.6734e-03  0.0000e+00     7.1250e-02  0.0000e+00     1.4233e-02  0.0000e+00     3.7933e-01  0.0000e+00 
2.9903e+01     1.9449e-03  0.0000e+00     5.8158e-02  0.0000e+00     1.1618e-02  0.0000e+00     3.4741e-01  0.0000e+00 
3.3552e+01     1.7709e-03  0.0000e+00     5.9417e-02  0.0000e+00     1.1869e-02  0.0000e+00     3.9824e-01  0.0000e+00 
3.7646e+01     1.1837e-03  0.0000e+00     4.4563e-02  0.0000e+00     8.9020e-03  0.0000e+00     3.3513e-01  0.0000e+00 
4.2240e+01     8.8810e-04  0.0000e+00     3.7513e-02  0.0000e+00     7.4938e-03  0.0000e+00     3.1653e-01  0.0000e+00 
4.7394e+01     6.0559e-04  0.0000e+00     2.8701e-02  0.0000e+00     5.7335e-03  0.0000e+00     2.7173e-01  0.0000e+00 
5.3176e+01     3.7403e-04  0.0000e+00     1.9889e-02  0.0000e+00     3.9732e-03  0.0000e+00     2.1128e-01  0.0000e+00 
5.9665e+01     3.4601e-04  0.0000e+00     2.0645e-02  0.0000e+00     4.1241e-03  0.0000e+00     2.4606e-01  0.0000e+00 
6.6945e+01     1.4667e-04  0.0000e+00     9.8189e-03  0.0000e+00     1.9615e-03  0.0000e+00     1.3131e-01  0.0000e+00 
7.5114e+01     1.4413e-04  0.0000e+00     1.0826e-02  0.0000e+00     2.1626e-03  0.0000e+00     1.6244e-01  0.0000e+00 
8.4279e+01     5.3771e-05  0.0000e+00     4.5318e-03  0.0000e+00     9.0529e-04  0.0000e+00     7.6297e-02  0.0000e+00 
9.4563e+01     1.8637e-05  0.0000e+00     1.7624e-03  0.0000e+00     3.5206e-04  0.0000e+00     3.3291e-02  0.0000e+00 
1.0610e+02     4.7458e-06  0.0000e+00     5.0353e-04  0.0000e+00     1.0059e-04  0.0000e+00     1.0672e-02  0.0000e+00 
1.1905e+02     4.2297e-06  0.0000e+00     5.0353e-04  0.0000e+00     1.0059e-04  0.0000e+00     1.1975e-02  0.0000e+00 
1.3357e+02     0.0000e+00  0.0000e+00     0.0000e+00  0.0000e+00     0.0000e+00  0.0000e+00     0.0000e+00  0.0000e+00 
1.4987e+02     0.0000e+00  0.0000e+00     0.0000e+00  0.0000e+00     0.0000e+00  0.0000e+00     0.0000e+00  0.0000e+00 
1.6816e+02     0.0000e+00  0.0000e+00     0.0000e+00  0.0000e+00     0.0000e+00  0.0000e+00     0.0000e+00  0.0000e+00 
1.8868e+02     0.0000e+00  0.0000e+00     0.0000e+00  0.0000e+00     0.0000e+00  0.0000e+00     0.0000e+00  0.0000e+00 
2.1170e+02     0.0000e+00  0.0000e+00     0.0000e+00  0.0000e+00     0.0000e+00  0.0000e+00     0.0000e+00  0.0000e+00 
2.3753e+02     0.0000e+00  0.0000e+00     0.0000e+00  0.0000e+00     0.0000e+00  0.0000e+00     0.0000e+00  0.0000e+00 
2.6651e+02     0.0000e+00  0.0000e+00     0.0000e+00  0.0000e+00     0.0000e+00  0.0000e+00     0.0000e+00  0.0000e+00 
2.9903e+02     0.0000e+00  0.0000e+00     0.0000e+00  0.0000e+00     0.0000e+00  0.0000e+00     0.0000e+00  0.0000e+00 
3.3552e+02     0.0000e+00  0.0000e+00     0.0000e+00  0.0000e+00     0.0000e+00  0.0000e+00     0.0000e+00  0.0000e+00 
3.7646e+02     0.0000e+00  0.0000e+00     0.0000e+00  0.0000e+00     0.0000e+00  0.0000e+00     0.0000e+00  0.0000e+00 
4.2240e+02     0.0000e+00  0.0000e+00     0.0000e+00  0.0000e+00     0.0000e+00  0.0000e+00     0.0000e+00  0.0000e+00 
4.7394e+02     0.0000e+00  0.0000e+00     0.0000e+00  0.0000e+00     0.0000e+00  0.0000e+00     0.0000e+00  0.0000e+00 
5.3176e+02     0.0000e+00  0.0000e+00     0.0000e+00  0.0000e+00     0.0000e+00  0.0000e+00     0.0000e+00  0.0000e+00 
5.9665e+02     0.0000e+00  0.0000e+00     0.0000e+00  0.0000e+00     0.0000e+00  0.0000e+00     0.0000e+00  0.0000e+00 
6.6945e+02     0.0000e+00  0.0000e+00     0.0000e+00  0.0000e+00     0.0000e+00  0.0000e+00     0.0000e+00  0.0000e+00 
7.5114e+02     0.0000e+00  0.0000e+00     0.0000e+00  0.0000e+00     0.0000e+00  0.0000e+00     0.0000e+00  0.0000e+00 
8.4279e+02     0.0000e+00  0.0000e+00     0.0000e+00  0.0000e+00     0.0000e+00  0.0000e+00     0.0000e+00  0.0000e+00 
9.4563e+02     0.0000e+00  0.0000e+00     0.0000e+00  0.0000e+00     0.0000e+00  0.0000e+00     0.0000e+00  0.0000e+00 
1.0610e+03     0.0000e+00  0.0000e+00     0.0000e+00  0.0000e+00     0.0000e+00  0.0000e+00     0.0000e+00  0.0000e+00 
1.1905e+03     0.0000e+00  0.0000e+00     0.0000e+00  0.0000e+00     0.0000e+00  0.0000e+00     0.0000e+00  0.0000e+00 
1.3357e+03     0.0000e+00  0.0000e+00     0.0000e+00  0.0000e+00     0.0000e+00  0.0000e+00     0.0000e+00  0.0000e+00 
1.4987e+03     0.0000e+00  0.0000e+00     0.0000e+00  0.0000e+00     0.0000e+00  0.0000e+00     0.0000e+00  0.0000e+00 
1.6816e+03     0.0000e+00  0.0000e+00     0.0000e+00  0.0000e+00     0.0000e+00  0.0000e+00     0.0000e+00  0.0000e+00 
1.8868e+03     0.0000e+00  0.0000e+00     0.0000e+00  0.0000e+00     0.0000e+00  0.0000e+00     0.0000e+00  0.0000e+00 
2.1170e+03     0.0000e+00  0.0000e+00     0.0000e+00  0.0000e+00     0.0000e+00  0.0000e+00     0.0000e+00  0.0000e+00 
2.3753e+03     0.0000e+00  0.0000e+00     0.0000e+00  0.0000e+00     0.0000e+00  0.0000e+00     0.0000e+00  0.0000e+00 
2.6651e+03     0.0000e+00  0.0000e+00     0.0000e+00  0.0000e+00     0.0000e+00  0.0000e+00     0.0000e+00  0.0000e+00 
2.9903e+03     0.0000e+00  0.0000e+00     0.0000e+00  0.0000e+00     0.0000e+00  0.0000e+00     0.0000e+00  0.0000e+00 
3.3552e+03     0.0000e+00  0.0000e+00     0.0000e+00  0.0000e+00     0.0000e+00  0.0000e+00     0.0000e+00  0.0000e+00 
3.7646e+03     0.0000e+00  0.0000e+00     0.0000e+00  0.0000e+00     0.0000e+00  0.0000e+00     0.0000e+00  0.0000e+00 
4.2240e+03     0.0000e+00  0.0000e+00     0.0000e+00  0.0000e+00     0.0000e+00  0.0000e+00     0.0000e+00  0.0000e+00 
4.7394e+03     0.0000e+00  0.0000e+00     0.0000e+00  0.0000e+00     0.0000e+00  0.0000e+00     0.0000e+00  0.0000e+00 
5.3176e+03     0.0000e+00  0.0000e+00     0.0000e+00  0.0000e+00     0.0000e+00  0.0000e+00     0.0000e+00  0.0000e+00 
5.9665e+03     0.0000e+00  0.0000e+00     0.0000e+00  0.0000e+00     0.0000e+00  0.0000e+00     0.0000e+00  0.0000e+00 
6.6945e+03     0.0000e+00  0.0000e+00     0.0000e+00  0.0000e+00     0.0000e+00  0.0000e+00     0.0000e+00  0.0000e+00 
7.5114e+03     0.0000e+00  0.0000e+00     0.0000e+00  0.0000e+00     0.0000e+00  0.0000e+00     0.0000e+00  0.0000e+00 
8.4279e+03     0.0000e+00  0.0000e+00     0.0000e+00  0.0000e+00     0.0000e+00  0.0000e+00     0.0000e+00  0.0000e+00 
9.4563e+03     0.0000e+00  0.0000e+00     0.0000e+00  0.0000e+00     0.0000e+00  0.0000e+00     0.0000e+00  0.0000e+00 
