yF = 5.6139e+00 (std: 0.0000e+00) keV/um
yD = 1.9227e+01 (std: 0.0000e+00) keV/um
y (keV/um)     f(y)(std)                  yf(y)(std)                 d(y)(std)                  yd(y)(std)  
1.0610e-01     2.3678e+01  0.0000e+00     2.5122e+00  0.0000e+00     4.4750e-01  0.0000e+00     4.7480e-02  0.0000e+00 
1.1905e-01     1.7002e+00  0.0000e+00     2.0241e-01  0.0000e+00     3.6055e-02  0.0000e+00     4.2922e-03  0.0000e+00 
1.3357e-01     4.6875e-01  0.0000e+00     6.2612e-02  0.0000e+00     1.1153e-02  0.0000e+00     1.4897e-03  0.0000e+00 
1.4987e-01     2.4256e+00  0.0000e+00     3.6353e-01  0.0000e+00     6.4756e-02  0.0000e+00     9.7050e-03  0.0000e+00 
1.6816e-01     7.5327e-01  0.0000e+00     1.2667e-01  0.0000e+00     2.2563e-02  0.0000e+00     3.7942e-03  0.0000e+00 
1.8868e-01     4.7481e-01  0.0000e+00     8.9587e-02  0.0000e+00     1.5958e-02  0.0000e+00     3.0109e-03  0.0000e+00 
2.1170e-01     5.2611e-01  0.0000e+00     1.1138e-01  0.0000e+00     1.9839e-02  0.0000e+00     4.2000e-03  0.0000e+00 
2.3753e-01     4.9100e-01  0.0000e+00     1.1663e-01  0.0000e+00     2.0775e-02  0.0000e+00     4.9346e-03  0.0000e+00 
2.6651e-01     2.0070e-01  0.0000e+00     5.3489e-02  0.0000e+00     9.5280e-03  0.0000e+00     2.5393e-03  0.0000e+00 
2.9903e-01     1.8326e-01  0.0000e+00     5.4802e-02  0.0000e+00     9.7618e-03  0.0000e+00     2.9191e-03  0.0000e+00 
3.3552e-01     1.1322e+00  0.0000e+00     3.7987e-01  0.0000e+00     6.7667e-02  0.0000e+00     2.2704e-02  0.0000e+00 
3.7646e-01     7.3971e-01  0.0000e+00     2.7847e-01  0.0000e+00     4.9604e-02  0.0000e+00     1.8674e-02  0.0000e+00 
4.2240e-01     3.1899e-01  0.0000e+00     1.3474e-01  0.0000e+00     2.4001e-02  0.0000e+00     1.0138e-02  0.0000e+00 
4.7394e-01     3.1241e-01  0.0000e+00     1.4806e-01  0.0000e+00     2.6375e-02  0.0000e+00     1.2500e-02  0.0000e+00 
5.3176e-01     1.8624e-01  0.0000e+00     9.9038e-02  0.0000e+00     1.7641e-02  0.0000e+00     9.3811e-03  0.0000e+00 
5.9665e-01     9.8670e-02  0.0000e+00     5.8871e-02  0.0000e+00     1.0487e-02  0.0000e+00     6.2569e-03  0.0000e+00 
6.6945e-01     1.6715e-01  0.0000e+00     1.1190e-01  0.0000e+00     1.9933e-02  0.0000e+00     1.3344e-02  0.0000e+00 
7.5114e-01     1.3692e-01  0.0000e+00     1.0284e-01  0.0000e+00     1.8320e-02  0.0000e+00     1.3760e-02  0.0000e+00 
8.4279e-01     5.7782e-02  0.0000e+00     4.8698e-02  0.0000e+00     8.6746e-03  0.0000e+00     7.3109e-03  0.0000e+00 
9.4563e-01     4.0116e-02  0.0000e+00     3.7935e-02  0.0000e+00     6.7573e-03  0.0000e+00     6.3899e-03  0.0000e+00 
1.0610e+00     2.9382e-02  0.0000e+00     3.1175e-02  0.0000e+00     5.5531e-03  0.0000e+00     5.8919e-03  0.0000e+00 
1.1905e+00     1.5437e-02  0.0000e+00     1.8377e-02  0.0000e+00     3.2734e-03  0.0000e+00     3.8969e-03  0.0000e+00 
1.3357e+00     9.6305e-03  0.0000e+00     1.2864e-02  0.0000e+00     2.2914e-03  0.0000e+00     3.0607e-03  0.0000e+00 
1.4987e+00     4.2478e-03  0.0000e+00     6.3662e-03  0.0000e+00     1.1340e-03  0.0000e+00     1.6996e-03  0.0000e+00 
1.6816e+00     2.1856e-03  0.0000e+00     3.6753e-03  0.0000e+00     6.5469e-04  0.0000e+00     1.1009e-03  0.0000e+00 
1.8868e+00     1.0088e-03  0.0000e+00     1.9033e-03  0.0000e+00     3.3903e-04  0.0000e+00     6.3968e-04  0.0000e+00 
2.1170e+00     3.4102e-04  0.0000e+00     7.2194e-04  0.0000e+00     1.2860e-04  0.0000e+00     2.7224e-04  0.0000e+00 
2.3753e+00     8.2892e-05  0.0000e+00     1.9689e-04  0.0000e+00     3.5073e-05  0.0000e+00     8.3308e-05  0.0000e+00 
2.6651e+00     4.9252e-05  0.0000e+00     1.3126e-04  0.0000e+00     2.3382e-05  0.0000e+00     6.2315e-05  0.0000e+00 
2.9903e+00     2.1948e-05  0.0000e+00     6.5631e-05  0.0000e+00     1.1691e-05  0.0000e+00     3.4959e-05  0.0000e+00 
3.3552e+00     0.0000e+00  0.0000e+00     0.0000e+00  0.0000e+00     0.0000e+00  0.0000e+00     0.0000e+00  0.0000e+00 
3.7646e+00     0.0000e+00  0.0000e+00     0.0000e+00  0.0000e+00     0.0000e+00  0.0000e+00     0.0000e+00  0.0000e+00 
4.2240e+00     0.0000e+00  0.0000e+00     0.0000e+00  0.0000e+00     0.0000e+00  0.0000e+00     0.0000e+00  0.0000e+00 
4.7394e+00     0.0000e+00  0.0000e+00     0.0000e+00  0.0000e+00     0.0000e+00  0.0000e+00     0.0000e+00  0.0000e+00 
5.3176e+00     0.0000e+00  0.0000e+00     0.0000e+00  0.0000e+00     0.0000e+00  0.0000e+00     0.0000e+00  0.0000e+00 
5.9665e+00     8.0564e-02  0.0000e+00     4.8068e-01  0.0000e+00     8.5624e-02  0.0000e+00     5.1087e-01  0.0000e+00 
6.6945e+00     1.8960e-02  0.0000e+00     1.2693e-01  0.0000e+00     2.2610e-02  0.0000e+00     1.5136e-01  0.0000e+00 
7.5114e+00     8.6327e-03  0.0000e+00     6.4844e-02  0.0000e+00     1.1551e-02  0.0000e+00     8.6760e-02  0.0000e+00 
8.4279e+00     3.2808e-02  0.0000e+00     2.7650e-01  0.0000e+00     4.9253e-02  0.0000e+00     4.1510e-01  0.0000e+00 
9.4563e+00     3.0837e-02  0.0000e+00     2.9160e-01  0.0000e+00     5.1942e-02  0.0000e+00     4.9118e-01  0.0000e+00 
1.0610e+01     7.3128e-02  0.0000e+00     7.7589e-01  0.0000e+00     1.3821e-01  0.0000e+00     1.4664e+00  0.0000e+00 
1.1905e+01     2.8778e-02  0.0000e+00     3.4260e-01  0.0000e+00     6.1026e-02  0.0000e+00     7.2650e-01  0.0000e+00 
1.3357e+01     1.1999e-02  0.0000e+00     1.6027e-01  0.0000e+00     2.8549e-02  0.0000e+00     3.8134e-01  0.0000e+00 
1.4987e+01     5.0054e-03  0.0000e+00     7.5016e-02  0.0000e+00     1.3363e-02  0.0000e+00     2.0027e-01  0.0000e+00 
1.6816e+01     2.3781e-02  0.0000e+00     3.9989e-01  0.0000e+00     7.1232e-02  0.0000e+00     1.1978e+00  0.0000e+00 
1.8868e+01     6.4248e-03  0.0000e+00     1.2122e-01  0.0000e+00     2.1593e-02  0.0000e+00     4.0741e-01  0.0000e+00 
2.1170e+01     3.0940e-03  0.0000e+00     6.5500e-02  0.0000e+00     1.1667e-02  0.0000e+00     2.4700e-01  0.0000e+00 
2.3753e+01     3.1195e-03  0.0000e+00     7.4098e-02  0.0000e+00     1.3199e-02  0.0000e+00     3.1352e-01  0.0000e+00 
2.6651e+01     1.9011e-03  0.0000e+00     5.0667e-02  0.0000e+00     9.0253e-03  0.0000e+00     2.4054e-01  0.0000e+00 
2.9903e+01     1.4727e-03  0.0000e+00     4.4039e-02  0.0000e+00     7.8446e-03  0.0000e+00     2.3458e-01  0.0000e+00 
3.3552e+01     1.4084e-03  0.0000e+00     4.7254e-02  0.0000e+00     8.4174e-03  0.0000e+00     2.8242e-01  0.0000e+00 
3.7646e+01     9.8501e-04  0.0000e+00     3.7082e-02  0.0000e+00     6.6053e-03  0.0000e+00     2.4866e-01  0.0000e+00 
4.2240e+01     6.8988e-04  0.0000e+00     2.9140e-02  0.0000e+00     5.1907e-03  0.0000e+00     2.1925e-01  0.0000e+00 
4.7394e+01     4.4591e-04  0.0000e+00     2.1133e-02  0.0000e+00     3.7644e-03  0.0000e+00     1.7841e-01  0.0000e+00 
5.3176e+01     2.7770e-04  0.0000e+00     1.4767e-02  0.0000e+00     2.6304e-03  0.0000e+00     1.3988e-01  0.0000e+00 
5.9665e+01     2.0460e-04  0.0000e+00     1.2207e-02  0.0000e+00     2.1745e-03  0.0000e+00     1.2974e-01  0.0000e+00 
6.6945e+01     9.2155e-05  0.0000e+00     6.1693e-03  0.0000e+00     1.0989e-03  0.0000e+00     7.3569e-02  0.0000e+00 
7.5114e+01     5.5047e-05  0.0000e+00     4.1348e-03  0.0000e+00     7.3652e-04  0.0000e+00     5.5323e-02  0.0000e+00 
8.4279e+01     3.1150e-05  0.0000e+00     2.6252e-03  0.0000e+00     4.6763e-04  0.0000e+00     3.9412e-02  0.0000e+00 
9.4563e+01     9.0227e-06  0.0000e+00     8.5321e-04  0.0000e+00     1.5198e-04  0.0000e+00     1.4372e-02  0.0000e+00 
1.0610e+02     7.4229e-06  0.0000e+00     7.8757e-04  0.0000e+00     1.4029e-04  0.0000e+00     1.4885e-02  0.0000e+00 
1.1905e+02     2.2052e-06  0.0000e+00     2.6252e-04  0.0000e+00     4.6763e-05  0.0000e+00     5.5670e-03  0.0000e+00 
1.3357e+02     0.0000e+00  0.0000e+00     0.0000e+00  0.0000e+00     0.0000e+00  0.0000e+00     0.0000e+00  0.0000e+00 
1.4987e+02     4.3792e-07  0.0000e+00     6.5631e-05  0.0000e+00     1.1691e-05  0.0000e+00     1.7521e-03  0.0000e+00 
1.6816e+02     0.0000e+00  0.0000e+00     0.0000e+00  0.0000e+00     0.0000e+00  0.0000e+00     0.0000e+00  0.0000e+00 
1.8868e+02     0.0000e+00  0.0000e+00     0.0000e+00  0.0000e+00     0.0000e+00  0.0000e+00     0.0000e+00  0.0000e+00 
2.1170e+02     0.0000e+00  0.0000e+00     0.0000e+00  0.0000e+00     0.0000e+00  0.0000e+00     0.0000e+00  0.0000e+00 
2.3753e+02     0.0000e+00  0.0000e+00     0.0000e+00  0.0000e+00     0.0000e+00  0.0000e+00     0.0000e+00  0.0000e+00 
2.6651e+02     0.0000e+00  0.0000e+00     0.0000e+00  0.0000e+00     0.0000e+00  0.0000e+00     0.0000e+00  0.0000e+00 
2.9903e+02     0.0000e+00  0.0000e+00     0.0000e+00  0.0000e+00     0.0000e+00  0.0000e+00     0.0000e+00  0.0000e+00 
3.3552e+02     0.0000e+00  0.0000e+00     0.0000e+00  0.0000e+00     0.0000e+00  0.0000e+00     0.0000e+00  0.0000e+00 
3.7646e+02     0.0000e+00  0.0000e+00     0.0000e+00  0.0000e+00     0.0000e+00  0.0000e+00     0.0000e+00  0.0000e+00 
4.2240e+02     0.0000e+00  0.0000e+00     0.0000e+00  0.0000e+00     0.0000e+00  0.0000e+00     0.0000e+00  0.0000e+00 
4.7394e+02     0.0000e+00  0.0000e+00     0.0000e+00  0.0000e+00     0.0000e+00  0.0000e+00     0.0000e+00  0.0000e+00 
5.3176e+02     0.0000e+00  0.0000e+00     0.0000e+00  0.0000e+00     0.0000e+00  0.0000e+00     0.0000e+00  0.0000e+00 
5.9665e+02     0.0000e+00  0.0000e+00     0.0000e+00  0.0000e+00     0.0000e+00  0.0000e+00     0.0000e+00  0.0000e+00 
6.6945e+02     0.0000e+00  0.0000e+00     0.0000e+00  0.0000e+00     0.0000e+00  0.0000e+00     0.0000e+00  0.0000e+00 
7.5114e+02     0.0000e+00  0.0000e+00     0.0000e+00  0.0000e+00     0.0000e+00  0.0000e+00     0.0000e+00  0.0000e+00 
8.4279e+02     0.0000e+00  0.0000e+00     0.0000e+00  0.0000e+00     0.0000e+00  0.0000e+00     0.0000e+00  0.0000e+00 
9.4563e+02     0.0000e+00  0.0000e+00     0.0000e+00  0.0000e+00     0.0000e+00  0.0000e+00     0.0000e+00  0.0000e+00 
1.0610e+03     0.0000e+00  0.0000e+00     0.0000e+00  0.0000e+00     0.0000e+00  0.0000e+00     0.0000e+00  0.0000e+00 
1.1905e+03     0.0000e+00  0.0000e+00     0.0000e+00  0.0000e+00     0.0000e+00  0.0000e+00     0.0000e+00  0.0000e+00 
1.3357e+03     0.0000e+00  0.0000e+00     0.0000e+00  0.0000e+00     0.0000e+00  0.0000e+00     0.0000e+00  0.0000e+00 
1.4987e+03     0.0000e+00  0.0000e+00     0.0000e+00  0.0000e+00     0.0000e+00  0.0000e+00     0.0000e+00  0.0000e+00 
1.6816e+03     0.0000e+00  0.0000e+00     0.0000e+00  0.0000e+00     0.0000e+00  0.0000e+00     0.0000e+00  0.0000e+00 
1.8868e+03     0.0000e+00  0.0000e+00     0.0000e+00  0.0000e+00     0.0000e+00  0.0000e+00     0.0000e+00  0.0000e+00 
2.1170e+03     0.0000e+00  0.0000e+00     0.0000e+00  0.0000e+00     0.0000e+00  0.0000e+00     0.0000e+00  0.0000e+00 
2.3753e+03     0.0000e+00  0.0000e+00     0.0000e+00  0.0000e+00     0.0000e+00  0.0000e+00     0.0000e+00  0.0000e+00 
2.6651e+03     0.0000e+00  0.0000e+00     0.0000e+00  0.0000e+00     0.0000e+00  0.0000e+00     0.0000e+00  0.0000e+00 
2.9903e+03     0.0000e+00  0.0000e+00     0.0000e+00  0.0000e+00     0.0000e+00  0.0000e+00     0.0000e+00  0.0000e+00 
3.3552e+03     0.0000e+00  0.0000e+00     0.0000e+00  0.0000e+00     0.0000e+00  0.0000e+00     0.0000e+00  0.0000e+00 
3.7646e+03     0.0000e+00  0.0000e+00     0.0000e+00  0.0000e+00     0.0000e+00  0.0000e+00     0.0000e+00  0.0000e+00 
4.2240e+03     0.0000e+00  0.0000e+00     0.0000e+00  0.0000e+00     0.0000e+00  0.0000e+00     0.0000e+00  0.0000e+00 
4.7394e+03     0.0000e+00  0.0000e+00     0.0000e+00  0.0000e+00     0.0000e+00  0.0000e+00     0.0000e+00  0.0000e+00 
5.3176e+03     0.0000e+00  0.0000e+00     0.0000e+00  0.0000e+00     0.0000e+00  0.0000e+00     0.0000e+00  0.0000e+00 
5.9665e+03     0.0000e+00  0.0000e+00     0.0000e+00  0.0000e+00     0.0000e+00  0.0000e+00     0.0000e+00  0.0000e+00 
6.6945e+03     0.0000e+00  0.0000e+00     0.0000e+00  0.0000e+00     0.0000e+00  0.0000e+00     0.0000e+00  0.0000e+00 
7.5114e+03     0.0000e+00  0.0000e+00     0.0000e+00  0.0000e+00     0.0000e+00  0.0000e+00     0.0000e+00  0.0000e+00 
8.4279e+03     0.0000e+00  0.0000e+00     0.0000e+00  0.0000e+00     0.0000e+00  0.0000e+00     0.0000e+00  0.0000e+00 
9.4563e+03     0.0000e+00  0.0000e+00     0.0000e+00  0.0000e+00     0.0000e+00  0.0000e+00     0.0000e+00  0.0000e+00 
