yF = 3.6881e+00 (std: 0.0000e+00) keV/um
yD = 1.9113e+01 (std: 0.0000e+00) keV/um
y (keV/um)     f(y)(std)                  yf(y)(std)                 d(y)(std)                  yd(y)(std)  
1.0610e-01     2.7708e+01  0.0000e+00     2.9399e+00  0.0000e+00     7.9712e-01  0.0000e+00     8.4575e-02  0.0000e+00 
1.1905e-01     1.9924e+00  0.0000e+00     2.3719e-01  0.0000e+00     6.4311e-02  0.0000e+00     7.6560e-03  0.0000e+00 
1.3357e-01     5.8798e-01  0.0000e+00     7.8539e-02  0.0000e+00     2.1295e-02  0.0000e+00     2.8444e-03  0.0000e+00 
1.4987e-01     3.0352e+00  0.0000e+00     4.5490e-01  0.0000e+00     1.2334e-01  0.0000e+00     1.8485e-02  0.0000e+00 
1.6816e-01     8.3695e-01  0.0000e+00     1.4074e-01  0.0000e+00     3.8161e-02  0.0000e+00     6.4170e-03  0.0000e+00 
1.8868e-01     5.8942e-01  0.0000e+00     1.1121e-01  0.0000e+00     3.0154e-02  0.0000e+00     5.6893e-03  0.0000e+00 
2.1170e-01     7.1972e-01  0.0000e+00     1.5236e-01  0.0000e+00     4.1312e-02  0.0000e+00     8.7458e-03  0.0000e+00 
2.3753e-01     5.7400e-01  0.0000e+00     1.3634e-01  0.0000e+00     3.6968e-02  0.0000e+00     8.7811e-03  0.0000e+00 
2.6651e-01     3.0412e-01  0.0000e+00     8.1052e-02  0.0000e+00     2.1976e-02  0.0000e+00     5.8570e-03  0.0000e+00 
2.9903e-01     2.1011e-01  0.0000e+00     6.2831e-02  0.0000e+00     1.7036e-02  0.0000e+00     5.0943e-03  0.0000e+00 
3.3552e-01     1.4073e+00  0.0000e+00     4.7217e-01  0.0000e+00     1.2803e-01  0.0000e+00     4.2955e-02  0.0000e+00 
3.7646e-01     9.7886e-01  0.0000e+00     3.6850e-01  0.0000e+00     9.9916e-02  0.0000e+00     3.7614e-02  0.0000e+00 
4.2240e-01     3.8228e-01  0.0000e+00     1.6148e-01  0.0000e+00     4.3783e-02  0.0000e+00     1.8494e-02  0.0000e+00 
4.7394e-01     3.9440e-01  0.0000e+00     1.8692e-01  0.0000e+00     5.0682e-02  0.0000e+00     2.4020e-02  0.0000e+00 
5.3176e-01     2.4754e-01  0.0000e+00     1.3163e-01  0.0000e+00     3.5690e-02  0.0000e+00     1.8979e-02  0.0000e+00 
5.9665e-01     1.1794e-01  0.0000e+00     7.0371e-02  0.0000e+00     1.9080e-02  0.0000e+00     1.1384e-02  0.0000e+00 
6.6945e-01     2.1962e-01  0.0000e+00     1.4702e-01  0.0000e+00     3.9864e-02  0.0000e+00     2.6687e-02  0.0000e+00 
7.5114e-01     1.7775e-01  0.0000e+00     1.3352e-01  0.0000e+00     3.6202e-02  0.0000e+00     2.7192e-02  0.0000e+00 
8.4279e-01     8.0142e-02  0.0000e+00     6.7543e-02  0.0000e+00     1.8314e-02  0.0000e+00     1.5435e-02  0.0000e+00 
9.4563e-01     5.4152e-02  0.0000e+00     5.1207e-02  0.0000e+00     1.3884e-02  0.0000e+00     1.3129e-02  0.0000e+00 
1.0610e+00     4.3821e-02  0.0000e+00     4.6495e-02  0.0000e+00     1.2607e-02  0.0000e+00     1.3376e-02  0.0000e+00 
1.1905e+00     2.2695e-02  0.0000e+00     2.7017e-02  0.0000e+00     7.3255e-03  0.0000e+00     8.7208e-03  0.0000e+00 
1.3357e+00     1.1289e-02  0.0000e+00     1.5079e-02  0.0000e+00     4.0886e-03  0.0000e+00     5.4613e-03  0.0000e+00 
1.4987e+00     5.0308e-03  0.0000e+00     7.5397e-03  0.0000e+00     2.0443e-03  0.0000e+00     3.0639e-03  0.0000e+00 
1.6816e+00     1.4946e-03  0.0000e+00     2.5132e-03  0.0000e+00     6.8144e-04  0.0000e+00     1.1459e-03  0.0000e+00 
1.8868e+00     3.3301e-04  0.0000e+00     6.2831e-04  0.0000e+00     1.7036e-04  0.0000e+00     3.2143e-04  0.0000e+00 
2.1170e+00     4.4519e-04  0.0000e+00     9.4246e-04  0.0000e+00     2.5554e-04  0.0000e+00     5.4098e-04  0.0000e+00 
2.3753e+00     1.3226e-04  0.0000e+00     3.1415e-04  0.0000e+00     8.5180e-05  0.0000e+00     2.0233e-04  0.0000e+00 
2.6651e+00     0.0000e+00  0.0000e+00     0.0000e+00  0.0000e+00     0.0000e+00  0.0000e+00     0.0000e+00  0.0000e+00 
2.9903e+00     0.0000e+00  0.0000e+00     0.0000e+00  0.0000e+00     0.0000e+00  0.0000e+00     0.0000e+00  0.0000e+00 
3.3552e+00     0.0000e+00  0.0000e+00     0.0000e+00  0.0000e+00     0.0000e+00  0.0000e+00     0.0000e+00  0.0000e+00 
3.7646e+00     0.0000e+00  0.0000e+00     0.0000e+00  0.0000e+00     0.0000e+00  0.0000e+00     0.0000e+00  0.0000e+00 
4.2240e+00     0.0000e+00  0.0000e+00     0.0000e+00  0.0000e+00     0.0000e+00  0.0000e+00     0.0000e+00  0.0000e+00 
4.7394e+00     0.0000e+00  0.0000e+00     0.0000e+00  0.0000e+00     0.0000e+00  0.0000e+00     0.0000e+00  0.0000e+00 
5.3176e+00     0.0000e+00  0.0000e+00     0.0000e+00  0.0000e+00     0.0000e+00  0.0000e+00     0.0000e+00  0.0000e+00 
5.9665e+00     1.1026e-01  0.0000e+00     6.5784e-01  0.0000e+00     1.7837e-01  0.0000e+00     1.0642e+00  0.0000e+00 
6.6945e+00     2.2197e-02  0.0000e+00     1.4860e-01  0.0000e+00     4.0290e-02  0.0000e+00     2.6972e-01  0.0000e+00 
7.5114e+00     6.1899e-03  0.0000e+00     4.6495e-02  0.0000e+00     1.2607e-02  0.0000e+00     9.4693e-02  0.0000e+00 
8.4279e+00     2.3782e-02  0.0000e+00     2.0043e-01  0.0000e+00     5.4345e-02  0.0000e+00     4.5801e-01  0.0000e+00 
9.4563e+00     1.7641e-02  0.0000e+00     1.6682e-01  0.0000e+00     4.5231e-02  0.0000e+00     4.2771e-01  0.0000e+00 
1.0610e+01     2.3332e-02  0.0000e+00     2.4755e-01  0.0000e+00     6.7122e-02  0.0000e+00     7.1217e-01  0.0000e+00 
1.1905e+01     1.6942e-02  0.0000e+00     2.0169e-01  0.0000e+00     5.4686e-02  0.0000e+00     6.5102e-01  0.0000e+00 
1.3357e+01     1.2159e-02  0.0000e+00     1.6242e-01  0.0000e+00     4.4038e-02  0.0000e+00     5.8823e-01  0.0000e+00 
1.4987e+01     7.3785e-03  0.0000e+00     1.1058e-01  0.0000e+00     2.9983e-02  0.0000e+00     4.4937e-01  0.0000e+00 
1.6816e+01     4.2221e-03  0.0000e+00     7.0999e-02  0.0000e+00     1.9251e-02  0.0000e+00     3.2372e-01  0.0000e+00 
1.8868e+01     3.0970e-03  0.0000e+00     5.8433e-02  0.0000e+00     1.5843e-02  0.0000e+00     2.9893e-01  0.0000e+00 
2.1170e+01     2.7750e-03  0.0000e+00     5.8747e-02  0.0000e+00     1.5929e-02  0.0000e+00     3.3721e-01  0.0000e+00 
2.3753e+01     2.9361e-03  0.0000e+00     6.9742e-02  0.0000e+00     1.8910e-02  0.0000e+00     4.4917e-01  0.0000e+00 
2.6651e+01     1.7917e-03  0.0000e+00     4.7751e-02  0.0000e+00     1.2947e-02  0.0000e+00     3.4506e-01  0.0000e+00 
2.9903e+01     1.2712e-03  0.0000e+00     3.8013e-02  0.0000e+00     1.0307e-02  0.0000e+00     3.0821e-01  0.0000e+00 
3.3552e+01     1.0206e-03  0.0000e+00     3.4243e-02  0.0000e+00     9.2846e-03  0.0000e+00     3.1152e-01  0.0000e+00 
3.7646e+01     6.3422e-04  0.0000e+00     2.3876e-02  0.0000e+00     6.4737e-03  0.0000e+00     2.4371e-01  0.0000e+00 
4.2240e+01     5.0575e-04  0.0000e+00     2.1363e-02  0.0000e+00     5.7922e-03  0.0000e+00     2.4466e-01  0.0000e+00 
4.7394e+01     2.9166e-04  0.0000e+00     1.3823e-02  0.0000e+00     3.7479e-03  0.0000e+00     1.7763e-01  0.0000e+00 
5.3176e+01     1.7723e-04  0.0000e+00     9.4246e-03  0.0000e+00     2.5554e-03  0.0000e+00     1.3589e-01  0.0000e+00 
5.9665e+01     1.5269e-04  0.0000e+00     9.1105e-03  0.0000e+00     2.4702e-03  0.0000e+00     1.4739e-01  0.0000e+00 
6.6945e+01     7.5083e-05  0.0000e+00     5.0265e-03  0.0000e+00     1.3629e-03  0.0000e+00     9.1238e-02  0.0000e+00 
7.5114e+01     5.0189e-05  0.0000e+00     3.7699e-03  0.0000e+00     1.0222e-03  0.0000e+00     7.6778e-02  0.0000e+00 
8.4279e+01     2.6093e-05  0.0000e+00     2.1991e-03  0.0000e+00     5.9626e-04  0.0000e+00     5.0252e-02  0.0000e+00 
9.4563e+01     6.6444e-06  0.0000e+00     6.2831e-04  0.0000e+00     1.7036e-04  0.0000e+00     1.6110e-02  0.0000e+00 
1.0610e+02     0.0000e+00  0.0000e+00     0.0000e+00  0.0000e+00     0.0000e+00  0.0000e+00     0.0000e+00  0.0000e+00 
1.1905e+02     0.0000e+00  0.0000e+00     0.0000e+00  0.0000e+00     0.0000e+00  0.0000e+00     0.0000e+00  0.0000e+00 
1.3357e+02     0.0000e+00  0.0000e+00     0.0000e+00  0.0000e+00     0.0000e+00  0.0000e+00     0.0000e+00  0.0000e+00 
1.4987e+02     0.0000e+00  0.0000e+00     0.0000e+00  0.0000e+00     0.0000e+00  0.0000e+00     0.0000e+00  0.0000e+00 
1.6816e+02     0.0000e+00  0.0000e+00     0.0000e+00  0.0000e+00     0.0000e+00  0.0000e+00     0.0000e+00  0.0000e+00 
1.8868e+02     0.0000e+00  0.0000e+00     0.0000e+00  0.0000e+00     0.0000e+00  0.0000e+00     0.0000e+00  0.0000e+00 
2.1170e+02     0.0000e+00  0.0000e+00     0.0000e+00  0.0000e+00     0.0000e+00  0.0000e+00     0.0000e+00  0.0000e+00 
2.3753e+02     0.0000e+00  0.0000e+00     0.0000e+00  0.0000e+00     0.0000e+00  0.0000e+00     0.0000e+00  0.0000e+00 
2.6651e+02     0.0000e+00  0.0000e+00     0.0000e+00  0.0000e+00     0.0000e+00  0.0000e+00     0.0000e+00  0.0000e+00 
2.9903e+02     0.0000e+00  0.0000e+00     0.0000e+00  0.0000e+00     0.0000e+00  0.0000e+00     0.0000e+00  0.0000e+00 
3.3552e+02     0.0000e+00  0.0000e+00     0.0000e+00  0.0000e+00     0.0000e+00  0.0000e+00     0.0000e+00  0.0000e+00 
3.7646e+02     0.0000e+00  0.0000e+00     0.0000e+00  0.0000e+00     0.0000e+00  0.0000e+00     0.0000e+00  0.0000e+00 
4.2240e+02     0.0000e+00  0.0000e+00     0.0000e+00  0.0000e+00     0.0000e+00  0.0000e+00     0.0000e+00  0.0000e+00 
4.7394e+02     0.0000e+00  0.0000e+00     0.0000e+00  0.0000e+00     0.0000e+00  0.0000e+00     0.0000e+00  0.0000e+00 
5.3176e+02     0.0000e+00  0.0000e+00     0.0000e+00  0.0000e+00     0.0000e+00  0.0000e+00     0.0000e+00  0.0000e+00 
5.9665e+02     0.0000e+00  0.0000e+00     0.0000e+00  0.0000e+00     0.0000e+00  0.0000e+00     0.0000e+00  0.0000e+00 
6.6945e+02     0.0000e+00  0.0000e+00     0.0000e+00  0.0000e+00     0.0000e+00  0.0000e+00     0.0000e+00  0.0000e+00 
7.5114e+02     0.0000e+00  0.0000e+00     0.0000e+00  0.0000e+00     0.0000e+00  0.0000e+00     0.0000e+00  0.0000e+00 
8.4279e+02     0.0000e+00  0.0000e+00     0.0000e+00  0.0000e+00     0.0000e+00  0.0000e+00     0.0000e+00  0.0000e+00 
9.4563e+02     0.0000e+00  0.0000e+00     0.0000e+00  0.0000e+00     0.0000e+00  0.0000e+00     0.0000e+00  0.0000e+00 
1.0610e+03     0.0000e+00  0.0000e+00     0.0000e+00  0.0000e+00     0.0000e+00  0.0000e+00     0.0000e+00  0.0000e+00 
1.1905e+03     0.0000e+00  0.0000e+00     0.0000e+00  0.0000e+00     0.0000e+00  0.0000e+00     0.0000e+00  0.0000e+00 
1.3357e+03     0.0000e+00  0.0000e+00     0.0000e+00  0.0000e+00     0.0000e+00  0.0000e+00     0.0000e+00  0.0000e+00 
1.4987e+03     0.0000e+00  0.0000e+00     0.0000e+00  0.0000e+00     0.0000e+00  0.0000e+00     0.0000e+00  0.0000e+00 
1.6816e+03     0.0000e+00  0.0000e+00     0.0000e+00  0.0000e+00     0.0000e+00  0.0000e+00     0.0000e+00  0.0000e+00 
1.8868e+03     0.0000e+00  0.0000e+00     0.0000e+00  0.0000e+00     0.0000e+00  0.0000e+00     0.0000e+00  0.0000e+00 
2.1170e+03     0.0000e+00  0.0000e+00     0.0000e+00  0.0000e+00     0.0000e+00  0.0000e+00     0.0000e+00  0.0000e+00 
2.3753e+03     0.0000e+00  0.0000e+00     0.0000e+00  0.0000e+00     0.0000e+00  0.0000e+00     0.0000e+00  0.0000e+00 
2.6651e+03     0.0000e+00  0.0000e+00     0.0000e+00  0.0000e+00     0.0000e+00  0.0000e+00     0.0000e+00  0.0000e+00 
2.9903e+03     0.0000e+00  0.0000e+00     0.0000e+00  0.0000e+00     0.0000e+00  0.0000e+00     0.0000e+00  0.0000e+00 
3.3552e+03     0.0000e+00  0.0000e+00     0.0000e+00  0.0000e+00     0.0000e+00  0.0000e+00     0.0000e+00  0.0000e+00 
3.7646e+03     0.0000e+00  0.0000e+00     0.0000e+00  0.0000e+00     0.0000e+00  0.0000e+00     0.0000e+00  0.0000e+00 
4.2240e+03     0.0000e+00  0.0000e+00     0.0000e+00  0.0000e+00     0.0000e+00  0.0000e+00     0.0000e+00  0.0000e+00 
4.7394e+03     0.0000e+00  0.0000e+00     0.0000e+00  0.0000e+00     0.0000e+00  0.0000e+00     0.0000e+00  0.0000e+00 
5.3176e+03     0.0000e+00  0.0000e+00     0.0000e+00  0.0000e+00     0.0000e+00  0.0000e+00     0.0000e+00  0.0000e+00 
5.9665e+03     0.0000e+00  0.0000e+00     0.0000e+00  0.0000e+00     0.0000e+00  0.0000e+00     0.0000e+00  0.0000e+00 
6.6945e+03     0.0000e+00  0.0000e+00     0.0000e+00  0.0000e+00     0.0000e+00  0.0000e+00     0.0000e+00  0.0000e+00 
7.5114e+03     0.0000e+00  0.0000e+00     0.0000e+00  0.0000e+00     0.0000e+00  0.0000e+00     0.0000e+00  0.0000e+00 
8.4279e+03     0.0000e+00  0.0000e+00     0.0000e+00  0.0000e+00     0.0000e+00  0.0000e+00     0.0000e+00  0.0000e+00 
9.4563e+03     0.0000e+00  0.0000e+00     0.0000e+00  0.0000e+00     0.0000e+00  0.0000e+00     0.0000e+00  0.0000e+00 
