yF = 1.5441e+01 (std: 0.0000e+00) keV/um
yD = 2.6382e+01 (std: 0.0000e+00) keV/um
y (keV/um)     f(y)(std)                  yf(y)(std)                 d(y)(std)                  yd(y)(std)  
1.0610e-01     8.1781e+00  0.0000e+00     8.6770e-01  0.0000e+00     5.6196e-02  0.0000e+00     5.9624e-03  0.0000e+00 
1.1905e-01     4.8564e-01  0.0000e+00     5.7814e-02  0.0000e+00     3.7443e-03  0.0000e+00     4.4575e-04  0.0000e+00 
1.3357e-01     1.3694e-01  0.0000e+00     1.8292e-02  0.0000e+00     1.1846e-03  0.0000e+00     1.5824e-04  0.0000e+00 
1.4987e-01     6.5842e-01  0.0000e+00     9.8678e-02  0.0000e+00     6.3908e-03  0.0000e+00     9.5780e-04  0.0000e+00 
1.6816e-01     1.8870e-01  0.0000e+00     3.1732e-02  0.0000e+00     2.0551e-03  0.0000e+00     3.4558e-04  0.0000e+00 
1.8868e-01     1.1139e-01  0.0000e+00     2.1017e-02  0.0000e+00     1.3611e-03  0.0000e+00     2.5682e-04  0.0000e+00 
2.1170e-01     1.2644e-01  0.0000e+00     2.6767e-02  0.0000e+00     1.7335e-03  0.0000e+00     3.6699e-04  0.0000e+00 
2.3753e-01     1.1107e-01  0.0000e+00     2.6382e-02  0.0000e+00     1.7086e-03  0.0000e+00     4.0584e-04  0.0000e+00 
2.6651e-01     5.1127e-02  0.0000e+00     1.3626e-02  0.0000e+00     8.8248e-04  0.0000e+00     2.3519e-04  0.0000e+00 
2.9903e-01     3.8648e-02  0.0000e+00     1.1557e-02  0.0000e+00     7.4849e-04  0.0000e+00     2.2382e-04  0.0000e+00 
3.3552e-01     2.0131e-01  0.0000e+00     6.7545e-02  0.0000e+00     4.3745e-03  0.0000e+00     1.4677e-03  0.0000e+00 
3.7646e-01     1.1783e-01  0.0000e+00     4.4359e-02  0.0000e+00     2.8729e-03  0.0000e+00     1.0815e-03  0.0000e+00 
4.2240e-01     5.5195e-02  0.0000e+00     2.3314e-02  0.0000e+00     1.5099e-03  0.0000e+00     6.3778e-04  0.0000e+00 
4.7394e-01     5.3738e-02  0.0000e+00     2.5469e-02  0.0000e+00     1.6494e-03  0.0000e+00     7.8173e-04  0.0000e+00 
5.3176e-01     3.2896e-02  0.0000e+00     1.7493e-02  0.0000e+00     1.1329e-03  0.0000e+00     6.0243e-04  0.0000e+00 
5.9665e-01     1.8222e-02  0.0000e+00     1.0872e-02  0.0000e+00     7.0413e-04  0.0000e+00     4.2012e-04  0.0000e+00 
6.6945e-01     2.3210e-02  0.0000e+00     1.5538e-02  0.0000e+00     1.0063e-03  0.0000e+00     6.7367e-04  0.0000e+00 
7.5114e-01     2.0705e-02  0.0000e+00     1.5552e-02  0.0000e+00     1.0072e-03  0.0000e+00     7.5656e-04  0.0000e+00 
8.4279e-01     1.0225e-02  0.0000e+00     8.6179e-03  0.0000e+00     5.5813e-04  0.0000e+00     4.7039e-04  0.0000e+00 
9.4563e-01     6.2165e-03  0.0000e+00     5.8784e-03  0.0000e+00     3.8071e-04  0.0000e+00     3.6001e-04  0.0000e+00 
1.0610e+00     4.4377e-03  0.0000e+00     4.7085e-03  0.0000e+00     3.0494e-04  0.0000e+00     3.2354e-04  0.0000e+00 
1.1905e+00     2.5888e-03  0.0000e+00     3.0819e-03  0.0000e+00     1.9960e-04  0.0000e+00     2.3761e-04  0.0000e+00 
1.3357e+00     1.2925e-03  0.0000e+00     1.7264e-03  0.0000e+00     1.1181e-04  0.0000e+00     1.4935e-04  0.0000e+00 
1.4987e+00     6.7593e-04  0.0000e+00     1.0130e-03  0.0000e+00     6.5608e-05  0.0000e+00     9.8328e-05  0.0000e+00 
1.6816e+00     2.5455e-04  0.0000e+00     4.2804e-04  0.0000e+00     2.7722e-05  0.0000e+00     4.6617e-05  0.0000e+00 
1.8868e+00     1.4368e-04  0.0000e+00     2.7109e-04  0.0000e+00     1.7557e-05  0.0000e+00     3.3126e-05  0.0000e+00 
2.1170e+00     4.7179e-05  0.0000e+00     9.9877e-05  0.0000e+00     6.4684e-06  0.0000e+00     1.3694e-05  0.0000e+00 
2.3753e+00     2.1625e-04  0.0000e+00     5.1365e-04  0.0000e+00     3.3266e-05  0.0000e+00     7.9017e-05  0.0000e+00 
2.6651e+00     6.9597e-05  0.0000e+00     1.8549e-04  0.0000e+00     1.2013e-05  0.0000e+00     3.2016e-05  0.0000e+00 
2.9903e+00     0.0000e+00  0.0000e+00     0.0000e+00  0.0000e+00     0.0000e+00  0.0000e+00     0.0000e+00  0.0000e+00 
3.3552e+00     4.2525e-06  0.0000e+00     1.4268e-05  0.0000e+00     9.2406e-07  0.0000e+00     3.1004e-06  0.0000e+00 
3.7646e+00     0.0000e+00  0.0000e+00     0.0000e+00  0.0000e+00     0.0000e+00  0.0000e+00     0.0000e+00  0.0000e+00 
4.2240e+00     0.0000e+00  0.0000e+00     0.0000e+00  0.0000e+00     0.0000e+00  0.0000e+00     0.0000e+00  0.0000e+00 
4.7394e+00     0.0000e+00  0.0000e+00     0.0000e+00  0.0000e+00     0.0000e+00  0.0000e+00     0.0000e+00  0.0000e+00 
5.3176e+00     0.0000e+00  0.0000e+00     0.0000e+00  0.0000e+00     0.0000e+00  0.0000e+00     0.0000e+00  0.0000e+00 
5.9665e+00     9.4746e-03  0.0000e+00     5.6530e-02  0.0000e+00     3.6611e-03  0.0000e+00     2.1844e-02  0.0000e+00 
6.6945e+00     7.2976e-03  0.0000e+00     4.8854e-02  0.0000e+00     3.1640e-03  0.0000e+00     2.1181e-02  0.0000e+00 
7.5114e+00     6.0386e-03  0.0000e+00     4.5358e-02  0.0000e+00     2.9376e-03  0.0000e+00     2.2065e-02  0.0000e+00 
8.4279e+00     1.2760e-01  0.0000e+00     1.0754e+00  0.0000e+00     6.9648e-02  0.0000e+00     5.8699e-01  0.0000e+00 
9.4563e+00     3.1986e-02  0.0000e+00     3.0247e-01  0.0000e+00     1.9589e-02  0.0000e+00     1.8524e-01  0.0000e+00 
1.0610e+01     8.5450e-02  0.0000e+00     9.0664e-01  0.0000e+00     5.8718e-02  0.0000e+00     6.2300e-01  0.0000e+00 
1.1905e+01     4.9141e-02  0.0000e+00     5.8501e-01  0.0000e+00     3.7887e-02  0.0000e+00     4.5104e-01  0.0000e+00 
1.3357e+01     6.8429e-02  0.0000e+00     9.1403e-01  0.0000e+00     5.9196e-02  0.0000e+00     7.9070e-01  0.0000e+00 
1.4987e+01     2.3580e-02  0.0000e+00     3.5339e-01  0.0000e+00     2.2887e-02  0.0000e+00     3.4301e-01  0.0000e+00 
1.6816e+01     1.5751e-02  0.0000e+00     2.6486e-01  0.0000e+00     1.7153e-02  0.0000e+00     2.8845e-01  0.0000e+00 
1.8868e+01     1.6609e-02  0.0000e+00     3.1337e-01  0.0000e+00     2.0295e-02  0.0000e+00     3.8292e-01  0.0000e+00 
2.1170e+01     2.6492e-02  0.0000e+00     5.6084e-01  0.0000e+00     3.6322e-02  0.0000e+00     7.6893e-01  0.0000e+00 
2.3753e+01     1.4878e-02  0.0000e+00     3.5341e-01  0.0000e+00     2.2888e-02  0.0000e+00     5.4366e-01  0.0000e+00 
2.6651e+01     8.8768e-03  0.0000e+00     2.3658e-01  0.0000e+00     1.5322e-02  0.0000e+00     4.0835e-01  0.0000e+00 
2.9903e+01     1.5652e-02  0.0000e+00     4.6805e-01  0.0000e+00     3.0313e-02  0.0000e+00     9.0645e-01  0.0000e+00 
3.3552e+01     5.6593e-03  0.0000e+00     1.8988e-01  0.0000e+00     1.2297e-02  0.0000e+00     4.1260e-01  0.0000e+00 
3.7646e+01     4.0887e-03  0.0000e+00     1.5392e-01  0.0000e+00     9.9688e-03  0.0000e+00     3.7528e-01  0.0000e+00 
4.2240e+01     3.0820e-03  0.0000e+00     1.3018e-01  0.0000e+00     8.4311e-03  0.0000e+00     3.5613e-01  0.0000e+00 
4.7394e+01     2.1721e-03  0.0000e+00     1.0294e-01  0.0000e+00     6.6671e-03  0.0000e+00     3.1598e-01  0.0000e+00 
5.3176e+01     1.4376e-03  0.0000e+00     7.6448e-02  0.0000e+00     4.9511e-03  0.0000e+00     2.6328e-01  0.0000e+00 
5.9665e+01     9.7927e-04  0.0000e+00     5.8428e-02  0.0000e+00     3.7840e-03  0.0000e+00     2.2577e-01  0.0000e+00 
6.6945e+01     5.6672e-04  0.0000e+00     3.7939e-02  0.0000e+00     2.4571e-03  0.0000e+00     1.6449e-01  0.0000e+00 
7.5114e+01     2.7676e-04  0.0000e+00     2.0789e-02  0.0000e+00     1.3464e-03  0.0000e+00     1.0113e-01  0.0000e+00 
8.4279e+01     1.3391e-04  0.0000e+00     1.1286e-02  0.0000e+00     7.3093e-04  0.0000e+00     6.1602e-02  0.0000e+00 
9.4563e+01     5.0848e-05  0.0000e+00     4.8083e-03  0.0000e+00     3.1141e-04  0.0000e+00     2.9448e-02  0.0000e+00 
1.0610e+02     2.2458e-05  0.0000e+00     2.3828e-03  0.0000e+00     1.5432e-04  0.0000e+00     1.6373e-02  0.0000e+00 
1.1905e+02     7.4308e-06  0.0000e+00     8.8462e-04  0.0000e+00     5.7292e-05  0.0000e+00     6.8204e-03  0.0000e+00 
1.3357e+02     2.5636e-06  0.0000e+00     3.4243e-04  0.0000e+00     2.2177e-05  0.0000e+00     2.9623e-03  0.0000e+00 
1.4987e+02     1.1424e-06  0.0000e+00     1.7122e-04  0.0000e+00     1.1089e-05  0.0000e+00     1.6619e-03  0.0000e+00 
1.6816e+02     1.6970e-07  0.0000e+00     2.8536e-05  0.0000e+00     1.8481e-06  0.0000e+00     3.1078e-04  0.0000e+00 
1.8868e+02     7.5622e-08  0.0000e+00     1.4268e-05  0.0000e+00     9.2406e-07  0.0000e+00     1.7435e-04  0.0000e+00 
2.1170e+02     0.0000e+00  0.0000e+00     0.0000e+00  0.0000e+00     0.0000e+00  0.0000e+00     0.0000e+00  0.0000e+00 
2.3753e+02     0.0000e+00  0.0000e+00     0.0000e+00  0.0000e+00     0.0000e+00  0.0000e+00     0.0000e+00  0.0000e+00 
2.6651e+02     0.0000e+00  0.0000e+00     0.0000e+00  0.0000e+00     0.0000e+00  0.0000e+00     0.0000e+00  0.0000e+00 
2.9903e+02     0.0000e+00  0.0000e+00     0.0000e+00  0.0000e+00     0.0000e+00  0.0000e+00     0.0000e+00  0.0000e+00 
3.3552e+02     0.0000e+00  0.0000e+00     0.0000e+00  0.0000e+00     0.0000e+00  0.0000e+00     0.0000e+00  0.0000e+00 
3.7646e+02     0.0000e+00  0.0000e+00     0.0000e+00  0.0000e+00     0.0000e+00  0.0000e+00     0.0000e+00  0.0000e+00 
4.2240e+02     0.0000e+00  0.0000e+00     0.0000e+00  0.0000e+00     0.0000e+00  0.0000e+00     0.0000e+00  0.0000e+00 
4.7394e+02     0.0000e+00  0.0000e+00     0.0000e+00  0.0000e+00     0.0000e+00  0.0000e+00     0.0000e+00  0.0000e+00 
5.3176e+02     0.0000e+00  0.0000e+00     0.0000e+00  0.0000e+00     0.0000e+00  0.0000e+00     0.0000e+00  0.0000e+00 
5.9665e+02     0.0000e+00  0.0000e+00     0.0000e+00  0.0000e+00     0.0000e+00  0.0000e+00     0.0000e+00  0.0000e+00 
6.6945e+02     0.0000e+00  0.0000e+00     0.0000e+00  0.0000e+00     0.0000e+00  0.0000e+00     0.0000e+00  0.0000e+00 
7.5114e+02     0.0000e+00  0.0000e+00     0.0000e+00  0.0000e+00     0.0000e+00  0.0000e+00     0.0000e+00  0.0000e+00 
8.4279e+02     0.0000e+00  0.0000e+00     0.0000e+00  0.0000e+00     0.0000e+00  0.0000e+00     0.0000e+00  0.0000e+00 
9.4563e+02     0.0000e+00  0.0000e+00     0.0000e+00  0.0000e+00     0.0000e+00  0.0000e+00     0.0000e+00  0.0000e+00 
1.0610e+03     0.0000e+00  0.0000e+00     0.0000e+00  0.0000e+00     0.0000e+00  0.0000e+00     0.0000e+00  0.0000e+00 
1.1905e+03     0.0000e+00  0.0000e+00     0.0000e+00  0.0000e+00     0.0000e+00  0.0000e+00     0.0000e+00  0.0000e+00 
1.3357e+03     0.0000e+00  0.0000e+00     0.0000e+00  0.0000e+00     0.0000e+00  0.0000e+00     0.0000e+00  0.0000e+00 
1.4987e+03     0.0000e+00  0.0000e+00     0.0000e+00  0.0000e+00     0.0000e+00  0.0000e+00     0.0000e+00  0.0000e+00 
1.6816e+03     0.0000e+00  0.0000e+00     0.0000e+00  0.0000e+00     0.0000e+00  0.0000e+00     0.0000e+00  0.0000e+00 
1.8868e+03     0.0000e+00  0.0000e+00     0.0000e+00  0.0000e+00     0.0000e+00  0.0000e+00     0.0000e+00  0.0000e+00 
2.1170e+03     0.0000e+00  0.0000e+00     0.0000e+00  0.0000e+00     0.0000e+00  0.0000e+00     0.0000e+00  0.0000e+00 
2.3753e+03     0.0000e+00  0.0000e+00     0.0000e+00  0.0000e+00     0.0000e+00  0.0000e+00     0.0000e+00  0.0000e+00 
2.6651e+03     0.0000e+00  0.0000e+00     0.0000e+00  0.0000e+00     0.0000e+00  0.0000e+00     0.0000e+00  0.0000e+00 
2.9903e+03     0.0000e+00  0.0000e+00     0.0000e+00  0.0000e+00     0.0000e+00  0.0000e+00     0.0000e+00  0.0000e+00 
3.3552e+03     0.0000e+00  0.0000e+00     0.0000e+00  0.0000e+00     0.0000e+00  0.0000e+00     0.0000e+00  0.0000e+00 
3.7646e+03     0.0000e+00  0.0000e+00     0.0000e+00  0.0000e+00     0.0000e+00  0.0000e+00     0.0000e+00  0.0000e+00 
4.2240e+03     0.0000e+00  0.0000e+00     0.0000e+00  0.0000e+00     0.0000e+00  0.0000e+00     0.0000e+00  0.0000e+00 
4.7394e+03     0.0000e+00  0.0000e+00     0.0000e+00  0.0000e+00     0.0000e+00  0.0000e+00     0.0000e+00  0.0000e+00 
5.3176e+03     0.0000e+00  0.0000e+00     0.0000e+00  0.0000e+00     0.0000e+00  0.0000e+00     0.0000e+00  0.0000e+00 
5.9665e+03     0.0000e+00  0.0000e+00     0.0000e+00  0.0000e+00     0.0000e+00  0.0000e+00     0.0000e+00  0.0000e+00 
6.6945e+03     0.0000e+00  0.0000e+00     0.0000e+00  0.0000e+00     0.0000e+00  0.0000e+00     0.0000e+00  0.0000e+00 
7.5114e+03     0.0000e+00  0.0000e+00     0.0000e+00  0.0000e+00     0.0000e+00  0.0000e+00     0.0000e+00  0.0000e+00 
8.4279e+03     0.0000e+00  0.0000e+00     0.0000e+00  0.0000e+00     0.0000e+00  0.0000e+00     0.0000e+00  0.0000e+00 
9.4563e+03     0.0000e+00  0.0000e+00     0.0000e+00  0.0000e+00     0.0000e+00  0.0000e+00     0.0000e+00  0.0000e+00 
