yF = 5.4549e+00 (std: 0.0000e+00) keV/um
yD = 2.2481e+01 (std: 0.0000e+00) keV/um
y (keV/um)     f(y)(std)                  yf(y)(std)                 d(y)(std)                  yd(y)(std)  
1.0610e-01     1.9155e+01  0.0000e+00     2.0323e+00  0.0000e+00     3.7257e-01  0.0000e+00     3.9530e-02  0.0000e+00 
1.1905e-01     1.6945e+00  0.0000e+00     2.0173e-01  0.0000e+00     3.6981e-02  0.0000e+00     4.4025e-03  0.0000e+00 
1.3357e-01     6.1454e-01  0.0000e+00     8.2086e-02  0.0000e+00     1.5048e-02  0.0000e+00     2.0100e-03  0.0000e+00 
1.4987e-01     2.3775e+00  0.0000e+00     3.5631e-01  0.0000e+00     6.5320e-02  0.0000e+00     9.7896e-03  0.0000e+00 
1.6816e-01     8.8284e-01  0.0000e+00     1.4846e-01  0.0000e+00     2.7215e-02  0.0000e+00     4.5765e-03  0.0000e+00 
1.8868e-01     6.5966e-01  0.0000e+00     1.2446e-01  0.0000e+00     2.2817e-02  0.0000e+00     4.3050e-03  0.0000e+00 
2.1170e-01     6.7316e-01  0.0000e+00     1.4251e-01  0.0000e+00     2.6125e-02  0.0000e+00     5.5306e-03  0.0000e+00 
2.3753e-01     6.3918e-01  0.0000e+00     1.5183e-01  0.0000e+00     2.7833e-02  0.0000e+00     6.6112e-03  0.0000e+00 
2.6651e-01     3.5385e-01  0.0000e+00     9.4306e-02  0.0000e+00     1.7288e-02  0.0000e+00     4.6076e-03  0.0000e+00 
2.9903e-01     3.0309e-01  0.0000e+00     9.0633e-02  0.0000e+00     1.6615e-02  0.0000e+00     4.9684e-03  0.0000e+00 
3.3552e-01     1.1058e+00  0.0000e+00     3.7101e-01  0.0000e+00     6.8014e-02  0.0000e+00     2.2820e-02  0.0000e+00 
3.7646e-01     8.4938e-01  0.0000e+00     3.1976e-01  0.0000e+00     5.8619e-02  0.0000e+00     2.2068e-02  0.0000e+00 
4.2240e-01     4.5408e-01  0.0000e+00     1.9180e-01  0.0000e+00     3.5162e-02  0.0000e+00     1.4852e-02  0.0000e+00 
4.7394e-01     4.4100e-01  0.0000e+00     2.0900e-01  0.0000e+00     3.8315e-02  0.0000e+00     1.8159e-02  0.0000e+00 
5.3176e-01     3.3040e-01  0.0000e+00     1.7569e-01  0.0000e+00     3.2208e-02  0.0000e+00     1.7127e-02  0.0000e+00 
5.9665e-01     1.9620e-01  0.0000e+00     1.1706e-01  0.0000e+00     2.1460e-02  0.0000e+00     1.2804e-02  0.0000e+00 
6.6945e-01     2.3659e-01  0.0000e+00     1.5838e-01  0.0000e+00     2.9035e-02  0.0000e+00     1.9438e-02  0.0000e+00 
7.5114e-01     2.2038e-01  0.0000e+00     1.6553e-01  0.0000e+00     3.0346e-02  0.0000e+00     2.2794e-02  0.0000e+00 
8.4279e-01     1.3022e-01  0.0000e+00     1.0975e-01  0.0000e+00     2.0120e-02  0.0000e+00     1.6957e-02  0.0000e+00 
9.4563e-01     8.5953e-02  0.0000e+00     8.1279e-02  0.0000e+00     1.4900e-02  0.0000e+00     1.4090e-02  0.0000e+00 
1.0610e+00     6.5020e-02  0.0000e+00     6.8987e-02  0.0000e+00     1.2647e-02  0.0000e+00     1.3418e-02  0.0000e+00 
1.1905e+00     4.2551e-02  0.0000e+00     5.0656e-02  0.0000e+00     9.2864e-03  0.0000e+00     1.1055e-02  0.0000e+00 
1.3357e+00     2.5046e-02  0.0000e+00     3.3454e-02  0.0000e+00     6.1329e-03  0.0000e+00     8.1919e-03  0.0000e+00 
1.4987e+00     1.4419e-02  0.0000e+00     2.1610e-02  0.0000e+00     3.9616e-03  0.0000e+00     5.9373e-03  0.0000e+00 
1.6816e+00     8.0558e-03  0.0000e+00     1.3547e-02  0.0000e+00     2.4834e-03  0.0000e+00     4.1760e-03  0.0000e+00 
1.8868e+00     3.9413e-03  0.0000e+00     7.4363e-03  0.0000e+00     1.3632e-03  0.0000e+00     2.5721e-03  0.0000e+00 
2.1170e+00     1.7775e-03  0.0000e+00     3.7629e-03  0.0000e+00     6.8983e-04  0.0000e+00     1.4604e-03  0.0000e+00 
2.3753e+00     8.1473e-04  0.0000e+00     1.9352e-03  0.0000e+00     3.5477e-04  0.0000e+00     8.4269e-04  0.0000e+00 
2.6651e+00     2.6221e-04  0.0000e+00     6.9883e-04  0.0000e+00     1.2811e-04  0.0000e+00     3.4143e-04  0.0000e+00 
2.9903e+00     4.7938e-05  0.0000e+00     1.4335e-04  0.0000e+00     2.6279e-05  0.0000e+00     7.8584e-05  0.0000e+00 
3.3552e+00     3.7384e-05  0.0000e+00     1.2543e-04  0.0000e+00     2.2994e-05  0.0000e+00     7.7151e-05  0.0000e+00 
3.7646e+00     4.7598e-06  0.0000e+00     1.7919e-05  0.0000e+00     3.2849e-06  0.0000e+00     1.2366e-05  0.0000e+00 
4.2240e+00     0.0000e+00  0.0000e+00     0.0000e+00  0.0000e+00     0.0000e+00  0.0000e+00     0.0000e+00  0.0000e+00 
4.7394e+00     0.0000e+00  0.0000e+00     0.0000e+00  0.0000e+00     0.0000e+00  0.0000e+00     0.0000e+00  0.0000e+00 
5.3176e+00     0.0000e+00  0.0000e+00     0.0000e+00  0.0000e+00     0.0000e+00  0.0000e+00     0.0000e+00  0.0000e+00 
5.9665e+00     1.1126e-01  0.0000e+00     6.6382e-01  0.0000e+00     1.2169e-01  0.0000e+00     7.2608e-01  0.0000e+00 
6.6945e+00     3.6849e-02  0.0000e+00     2.4669e-01  0.0000e+00     4.5223e-02  0.0000e+00     3.0275e-01  0.0000e+00 
7.5114e+00     8.7907e-03  0.0000e+00     6.6030e-02  0.0000e+00     1.2105e-02  0.0000e+00     9.0924e-02  0.0000e+00 
8.4279e+00     2.4493e-02  0.0000e+00     2.0642e-01  0.0000e+00     3.7842e-02  0.0000e+00     3.1893e-01  0.0000e+00 
9.4563e+00     2.1081e-02  0.0000e+00     1.9935e-01  0.0000e+00     3.6545e-02  0.0000e+00     3.4557e-01  0.0000e+00 
1.0610e+01     2.7268e-02  0.0000e+00     2.8932e-01  0.0000e+00     5.3038e-02  0.0000e+00     5.6274e-01  0.0000e+00 
1.1905e+01     2.2262e-02  0.0000e+00     2.6502e-01  0.0000e+00     4.8584e-02  0.0000e+00     5.7838e-01  0.0000e+00 
1.3357e+01     1.6341e-02  0.0000e+00     2.1827e-01  0.0000e+00     4.0013e-02  0.0000e+00     5.3447e-01  0.0000e+00 
1.4987e+01     1.0830e-02  0.0000e+00     1.6231e-01  0.0000e+00     2.9755e-02  0.0000e+00     4.4594e-01  0.0000e+00 
1.6816e+01     7.7042e-03  0.0000e+00     1.2955e-01  0.0000e+00     2.3750e-02  0.0000e+00     3.9937e-01  0.0000e+00 
1.8868e+01     5.9394e-03  0.0000e+00     1.1206e-01  0.0000e+00     2.0544e-02  0.0000e+00     3.8761e-01  0.0000e+00 
2.1170e+01     5.3079e-03  0.0000e+00     1.1237e-01  0.0000e+00     2.0600e-02  0.0000e+00     4.3609e-01  0.0000e+00 
2.3753e+01     4.4259e-03  0.0000e+00     1.0513e-01  0.0000e+00     1.9273e-02  0.0000e+00     4.5778e-01  0.0000e+00 
2.6651e+01     3.0968e-03  0.0000e+00     8.2534e-02  0.0000e+00     1.5130e-02  0.0000e+00     4.0324e-01  0.0000e+00 
2.9903e+01     2.2800e-03  0.0000e+00     6.8181e-02  0.0000e+00     1.2499e-02  0.0000e+00     3.7376e-01  0.0000e+00 
3.3552e+01     1.7613e-03  0.0000e+00     5.9096e-02  0.0000e+00     1.0834e-02  0.0000e+00     3.6349e-01  0.0000e+00 
3.7646e+01     1.3365e-03  0.0000e+00     5.0316e-02  0.0000e+00     9.2240e-03  0.0000e+00     3.4725e-01  0.0000e+00 
4.2240e+01     8.8576e-04  0.0000e+00     3.7414e-02  0.0000e+00     6.8589e-03  0.0000e+00     2.8972e-01  0.0000e+00 
4.7394e+01     6.7072e-04  0.0000e+00     3.1788e-02  0.0000e+00     5.8274e-03  0.0000e+00     2.7618e-01  0.0000e+00 
5.3176e+01     4.3907e-04  0.0000e+00     2.3348e-02  0.0000e+00     4.2802e-03  0.0000e+00     2.2761e-01  0.0000e+00 
5.9665e+01     2.8951e-04  0.0000e+00     1.7274e-02  0.0000e+00     3.1666e-03  0.0000e+00     1.8894e-01  0.0000e+00 
6.6945e+01     1.4962e-04  0.0000e+00     1.0017e-02  0.0000e+00     1.8363e-03  0.0000e+00     1.2293e-01  0.0000e+00 
7.5114e+01     8.3494e-05  0.0000e+00     6.2715e-03  0.0000e+00     1.1497e-03  0.0000e+00     8.6359e-02  0.0000e+00 
8.4279e+01     4.1034e-05  0.0000e+00     3.4583e-03  0.0000e+00     6.3399e-04  0.0000e+00     5.3432e-02  0.0000e+00 
9.4563e+01     1.8570e-05  0.0000e+00     1.7560e-03  0.0000e+00     3.2192e-04  0.0000e+00     3.0442e-02  0.0000e+00 
1.0610e+02     7.9375e-06  0.0000e+00     8.4218e-04  0.0000e+00     1.5439e-04  0.0000e+00     1.6381e-02  0.0000e+00 
1.1905e+02     2.8598e-06  0.0000e+00     3.4046e-04  0.0000e+00     6.2413e-05  0.0000e+00     7.4301e-03  0.0000e+00 
1.3357e+02     9.3904e-07  0.0000e+00     1.2543e-04  0.0000e+00     2.2994e-05  0.0000e+00     3.0714e-03  0.0000e+00 
1.4987e+02     5.9780e-07  0.0000e+00     8.9594e-05  0.0000e+00     1.6425e-05  0.0000e+00     2.4616e-03  0.0000e+00 
1.6816e+02     1.0656e-07  0.0000e+00     1.7919e-05  0.0000e+00     3.2849e-06  0.0000e+00     5.5238e-04  0.0000e+00 
1.8868e+02     0.0000e+00  0.0000e+00     0.0000e+00  0.0000e+00     0.0000e+00  0.0000e+00     0.0000e+00  0.0000e+00 
2.1170e+02     0.0000e+00  0.0000e+00     0.0000e+00  0.0000e+00     0.0000e+00  0.0000e+00     0.0000e+00  0.0000e+00 
2.3753e+02     0.0000e+00  0.0000e+00     0.0000e+00  0.0000e+00     0.0000e+00  0.0000e+00     0.0000e+00  0.0000e+00 
2.6651e+02     0.0000e+00  0.0000e+00     0.0000e+00  0.0000e+00     0.0000e+00  0.0000e+00     0.0000e+00  0.0000e+00 
2.9903e+02     0.0000e+00  0.0000e+00     0.0000e+00  0.0000e+00     0.0000e+00  0.0000e+00     0.0000e+00  0.0000e+00 
3.3552e+02     0.0000e+00  0.0000e+00     0.0000e+00  0.0000e+00     0.0000e+00  0.0000e+00     0.0000e+00  0.0000e+00 
3.7646e+02     0.0000e+00  0.0000e+00     0.0000e+00  0.0000e+00     0.0000e+00  0.0000e+00     0.0000e+00  0.0000e+00 
4.2240e+02     0.0000e+00  0.0000e+00     0.0000e+00  0.0000e+00     0.0000e+00  0.0000e+00     0.0000e+00  0.0000e+00 
4.7394e+02     0.0000e+00  0.0000e+00     0.0000e+00  0.0000e+00     0.0000e+00  0.0000e+00     0.0000e+00  0.0000e+00 
5.3176e+02     0.0000e+00  0.0000e+00     0.0000e+00  0.0000e+00     0.0000e+00  0.0000e+00     0.0000e+00  0.0000e+00 
5.9665e+02     0.0000e+00  0.0000e+00     0.0000e+00  0.0000e+00     0.0000e+00  0.0000e+00     0.0000e+00  0.0000e+00 
6.6945e+02     0.0000e+00  0.0000e+00     0.0000e+00  0.0000e+00     0.0000e+00  0.0000e+00     0.0000e+00  0.0000e+00 
7.5114e+02     0.0000e+00  0.0000e+00     0.0000e+00  0.0000e+00     0.0000e+00  0.0000e+00     0.0000e+00  0.0000e+00 
8.4279e+02     0.0000e+00  0.0000e+00     0.0000e+00  0.0000e+00     0.0000e+00  0.0000e+00     0.0000e+00  0.0000e+00 
9.4563e+02     0.0000e+00  0.0000e+00     0.0000e+00  0.0000e+00     0.0000e+00  0.0000e+00     0.0000e+00  0.0000e+00 
1.0610e+03     0.0000e+00  0.0000e+00     0.0000e+00  0.0000e+00     0.0000e+00  0.0000e+00     0.0000e+00  0.0000e+00 
1.1905e+03     0.0000e+00  0.0000e+00     0.0000e+00  0.0000e+00     0.0000e+00  0.0000e+00     0.0000e+00  0.0000e+00 
1.3357e+03     0.0000e+00  0.0000e+00     0.0000e+00  0.0000e+00     0.0000e+00  0.0000e+00     0.0000e+00  0.0000e+00 
1.4987e+03     0.0000e+00  0.0000e+00     0.0000e+00  0.0000e+00     0.0000e+00  0.0000e+00     0.0000e+00  0.0000e+00 
1.6816e+03     0.0000e+00  0.0000e+00     0.0000e+00  0.0000e+00     0.0000e+00  0.0000e+00     0.0000e+00  0.0000e+00 
1.8868e+03     0.0000e+00  0.0000e+00     0.0000e+00  0.0000e+00     0.0000e+00  0.0000e+00     0.0000e+00  0.0000e+00 
2.1170e+03     0.0000e+00  0.0000e+00     0.0000e+00  0.0000e+00     0.0000e+00  0.0000e+00     0.0000e+00  0.0000e+00 
2.3753e+03     0.0000e+00  0.0000e+00     0.0000e+00  0.0000e+00     0.0000e+00  0.0000e+00     0.0000e+00  0.0000e+00 
2.6651e+03     0.0000e+00  0.0000e+00     0.0000e+00  0.0000e+00     0.0000e+00  0.0000e+00     0.0000e+00  0.0000e+00 
2.9903e+03     0.0000e+00  0.0000e+00     0.0000e+00  0.0000e+00     0.0000e+00  0.0000e+00     0.0000e+00  0.0000e+00 
3.3552e+03     0.0000e+00  0.0000e+00     0.0000e+00  0.0000e+00     0.0000e+00  0.0000e+00     0.0000e+00  0.0000e+00 
3.7646e+03     0.0000e+00  0.0000e+00     0.0000e+00  0.0000e+00     0.0000e+00  0.0000e+00     0.0000e+00  0.0000e+00 
4.2240e+03     0.0000e+00  0.0000e+00     0.0000e+00  0.0000e+00     0.0000e+00  0.0000e+00     0.0000e+00  0.0000e+00 
4.7394e+03     0.0000e+00  0.0000e+00     0.0000e+00  0.0000e+00     0.0000e+00  0.0000e+00     0.0000e+00  0.0000e+00 
5.3176e+03     0.0000e+00  0.0000e+00     0.0000e+00  0.0000e+00     0.0000e+00  0.0000e+00     0.0000e+00  0.0000e+00 
5.9665e+03     0.0000e+00  0.0000e+00     0.0000e+00  0.0000e+00     0.0000e+00  0.0000e+00     0.0000e+00  0.0000e+00 
6.6945e+03     0.0000e+00  0.0000e+00     0.0000e+00  0.0000e+00     0.0000e+00  0.0000e+00     0.0000e+00  0.0000e+00 
7.5114e+03     0.0000e+00  0.0000e+00     0.0000e+00  0.0000e+00     0.0000e+00  0.0000e+00     0.0000e+00  0.0000e+00 
8.4279e+03     0.0000e+00  0.0000e+00     0.0000e+00  0.0000e+00     0.0000e+00  0.0000e+00     0.0000e+00  0.0000e+00 
9.4563e+03     0.0000e+00  0.0000e+00     0.0000e+00  0.0000e+00     0.0000e+00  0.0000e+00     0.0000e+00  0.0000e+00 
