yF = 1.4708e+01 (std: 0.0000e+00) keV/um
yD = 3.5172e+01 (std: 0.0000e+00) keV/um
y (keV/um)     f(y)(std)                  yf(y)(std)                 d(y)(std)                  yd(y)(std)  
1.0610e-01     8.4214e+00  0.0000e+00     8.9352e-01  0.0000e+00     6.0751e-02  0.0000e+00     6.4457e-03  0.0000e+00 
1.1905e-01     8.7184e-01  0.0000e+00     1.0379e-01  0.0000e+00     7.0568e-03  0.0000e+00     8.4009e-04  0.0000e+00 
1.3357e-01     3.8413e-01  0.0000e+00     5.1309e-02  0.0000e+00     3.4885e-03  0.0000e+00     4.6597e-04  0.0000e+00 
1.4987e-01     1.1379e+00  0.0000e+00     1.7055e-01  0.0000e+00     1.1595e-02  0.0000e+00     1.7378e-03  0.0000e+00 
1.6816e-01     5.3413e-01  0.0000e+00     8.9818e-02  0.0000e+00     6.1068e-03  0.0000e+00     1.0269e-03  0.0000e+00 
1.8868e-01     4.2605e-01  0.0000e+00     8.0386e-02  0.0000e+00     5.4655e-03  0.0000e+00     1.0312e-03  0.0000e+00 
2.1170e-01     4.2650e-01  0.0000e+00     9.0289e-02  0.0000e+00     6.1388e-03  0.0000e+00     1.2996e-03  0.0000e+00 
2.3753e-01     4.0463e-01  0.0000e+00     9.6113e-02  0.0000e+00     6.5348e-03  0.0000e+00     1.5522e-03  0.0000e+00 
2.6651e-01     2.4596e-01  0.0000e+00     6.5552e-02  0.0000e+00     4.4569e-03  0.0000e+00     1.1878e-03  0.0000e+00 
2.9903e-01     2.1291e-01  0.0000e+00     6.3667e-02  0.0000e+00     4.3288e-03  0.0000e+00     1.2945e-03  0.0000e+00 
3.3552e-01     5.2449e-01  0.0000e+00     1.7598e-01  0.0000e+00     1.1965e-02  0.0000e+00     4.0144e-03  0.0000e+00 
3.7646e-01     4.4924e-01  0.0000e+00     1.6912e-01  0.0000e+00     1.1499e-02  0.0000e+00     4.3288e-03  0.0000e+00 
4.2240e-01     2.8376e-01  0.0000e+00     1.1986e-01  0.0000e+00     8.1492e-03  0.0000e+00     3.4422e-03  0.0000e+00 
4.7394e-01     2.8088e-01  0.0000e+00     1.3312e-01  0.0000e+00     9.0508e-03  0.0000e+00     4.2895e-03  0.0000e+00 
5.3176e-01     2.3052e-01  0.0000e+00     1.2258e-01  0.0000e+00     8.3346e-03  0.0000e+00     4.4320e-03  0.0000e+00 
5.9665e-01     1.5781e-01  0.0000e+00     9.4158e-02  0.0000e+00     6.4019e-03  0.0000e+00     3.8197e-03  0.0000e+00 
6.6945e-01     1.5107e-01  0.0000e+00     1.0113e-01  0.0000e+00     6.8762e-03  0.0000e+00     4.6033e-03  0.0000e+00 
7.5114e-01     1.4900e-01  0.0000e+00     1.1192e-01  0.0000e+00     7.6095e-03  0.0000e+00     5.7157e-03  0.0000e+00 
8.4279e-01     1.0284e-01  0.0000e+00     8.6671e-02  0.0000e+00     5.8928e-03  0.0000e+00     4.9664e-03  0.0000e+00 
9.4563e-01     7.3190e-02  0.0000e+00     6.9210e-02  0.0000e+00     4.7056e-03  0.0000e+00     4.4498e-03  0.0000e+00 
1.0610e+00     5.5396e-02  0.0000e+00     5.8776e-02  0.0000e+00     3.9962e-03  0.0000e+00     4.2400e-03  0.0000e+00 
1.1905e+00     3.8410e-02  0.0000e+00     4.5726e-02  0.0000e+00     3.1089e-03  0.0000e+00     3.7011e-03  0.0000e+00 
1.3357e+00     2.4718e-02  0.0000e+00     3.3016e-02  0.0000e+00     2.2448e-03  0.0000e+00     2.9985e-03  0.0000e+00 
1.4987e+00     1.5609e-02  0.0000e+00     2.3394e-02  0.0000e+00     1.5906e-03  0.0000e+00     2.3838e-03  0.0000e+00 
1.6816e+00     8.8157e-03  0.0000e+00     1.4824e-02  0.0000e+00     1.0079e-03  0.0000e+00     1.6949e-03  0.0000e+00 
1.8868e+00     4.6164e-03  0.0000e+00     8.7102e-03  0.0000e+00     5.9221e-04  0.0000e+00     1.1174e-03  0.0000e+00 
2.1170e+00     2.3152e-03  0.0000e+00     4.9014e-03  0.0000e+00     3.3325e-04  0.0000e+00     7.0548e-04  0.0000e+00 
2.3753e+00     1.0676e-03  0.0000e+00     2.5359e-03  0.0000e+00     1.7242e-04  0.0000e+00     4.0954e-04  0.0000e+00 
2.6651e+00     3.9865e-04  0.0000e+00     1.0625e-03  0.0000e+00     7.2237e-05  0.0000e+00     1.9252e-04  0.0000e+00 
2.9903e+00     1.3743e-04  0.0000e+00     4.1095e-04  0.0000e+00     2.7941e-05  0.0000e+00     8.3552e-05  0.0000e+00 
3.3552e+00     3.8836e-05  0.0000e+00     1.3030e-04  0.0000e+00     8.8593e-06  0.0000e+00     2.9725e-05  0.0000e+00 
3.7646e+00     7.9875e-06  0.0000e+00     3.0070e-05  0.0000e+00     2.0445e-06  0.0000e+00     7.6966e-06  0.0000e+00 
4.2240e+00     4.7459e-06  0.0000e+00     2.0046e-05  0.0000e+00     1.3630e-06  0.0000e+00     5.7571e-06  0.0000e+00 
4.7394e+00     2.1149e-06  0.0000e+00     1.0023e-05  0.0000e+00     6.8148e-07  0.0000e+00     3.2298e-06  0.0000e+00 
5.3176e+00     0.0000e+00  0.0000e+00     0.0000e+00  0.0000e+00     0.0000e+00  0.0000e+00     0.0000e+00  0.0000e+00 
5.9665e+00     5.2891e-02  0.0000e+00     3.1557e-01  0.0000e+00     2.1456e-02  0.0000e+00     1.2802e-01  0.0000e+00 
6.6945e+00     2.9332e-02  0.0000e+00     1.9636e-01  0.0000e+00     1.3351e-02  0.0000e+00     8.9378e-02  0.0000e+00 
7.5114e+00     8.7310e-03  0.0000e+00     6.5582e-02  0.0000e+00     4.4590e-03  0.0000e+00     3.3493e-02  0.0000e+00 
8.4279e+00     3.6910e-02  0.0000e+00     3.1107e-01  0.0000e+00     2.1150e-02  0.0000e+00     1.7825e-01  0.0000e+00 
9.4563e+00     3.0370e-02  0.0000e+00     2.8719e-01  0.0000e+00     1.9526e-02  0.0000e+00     1.8464e-01  0.0000e+00 
1.0610e+01     4.1965e-02  0.0000e+00     4.4525e-01  0.0000e+00     3.0273e-02  0.0000e+00     3.2120e-01  0.0000e+00 
1.1905e+01     3.1079e-02  0.0000e+00     3.6999e-01  0.0000e+00     2.5156e-02  0.0000e+00     2.9947e-01  0.0000e+00 
1.3357e+01     2.4989e-02  0.0000e+00     3.3378e-01  0.0000e+00     2.2694e-02  0.0000e+00     3.0313e-01  0.0000e+00 
1.4987e+01     1.8542e-02  0.0000e+00     2.7789e-01  0.0000e+00     1.8894e-02  0.0000e+00     2.8317e-01  0.0000e+00 
1.6816e+01     2.0346e-02  0.0000e+00     3.4214e-01  0.0000e+00     2.3262e-02  0.0000e+00     3.9118e-01  0.0000e+00 
1.8868e+01     1.5437e-02  0.0000e+00     2.9126e-01  0.0000e+00     1.9803e-02  0.0000e+00     3.7364e-01  0.0000e+00 
2.1170e+01     1.4054e-02  0.0000e+00     2.9753e-01  0.0000e+00     2.0229e-02  0.0000e+00     4.2825e-01  0.0000e+00 
2.3753e+01     1.3534e-02  0.0000e+00     3.2147e-01  0.0000e+00     2.1857e-02  0.0000e+00     5.1918e-01  0.0000e+00 
2.6651e+01     1.0844e-02  0.0000e+00     2.8902e-01  0.0000e+00     1.9651e-02  0.0000e+00     5.2372e-01  0.0000e+00 
2.9903e+01     8.3787e-03  0.0000e+00     2.5055e-01  0.0000e+00     1.7035e-02  0.0000e+00     5.0940e-01  0.0000e+00 
3.3552e+01     7.2261e-03  0.0000e+00     2.4245e-01  0.0000e+00     1.6484e-02  0.0000e+00     5.5309e-01  0.0000e+00 
3.7646e+01     5.7238e-03  0.0000e+00     2.1548e-01  0.0000e+00     1.4651e-02  0.0000e+00     5.5154e-01  0.0000e+00 
4.2240e+01     4.3354e-03  0.0000e+00     1.8312e-01  0.0000e+00     1.2451e-02  0.0000e+00     5.2591e-01  0.0000e+00 
4.7394e+01     3.3544e-03  0.0000e+00     1.5898e-01  0.0000e+00     1.0809e-02  0.0000e+00     5.1228e-01  0.0000e+00 
5.3176e+01     2.3703e-03  0.0000e+00     1.2604e-01  0.0000e+00     8.5697e-03  0.0000e+00     4.5570e-01  0.0000e+00 
5.9665e+01     1.6591e-03  0.0000e+00     9.8989e-02  0.0000e+00     6.7303e-03  0.0000e+00     4.0157e-01  0.0000e+00 
6.6945e+01     1.0758e-03  0.0000e+00     7.2017e-02  0.0000e+00     4.8965e-03  0.0000e+00     3.2779e-01  0.0000e+00 
7.5114e+01     6.5826e-04  0.0000e+00     4.9445e-02  0.0000e+00     3.3618e-03  0.0000e+00     2.5251e-01  0.0000e+00 
8.4279e+01     3.9056e-04  0.0000e+00     3.2916e-02  0.0000e+00     2.2380e-03  0.0000e+00     1.8862e-01  0.0000e+00 
9.4563e+01     2.0584e-04  0.0000e+00     1.9465e-02  0.0000e+00     1.3234e-03  0.0000e+00     1.2515e-01  0.0000e+00 
1.0610e+02     9.8909e-05  0.0000e+00     1.0494e-02  0.0000e+00     7.1351e-04  0.0000e+00     7.5705e-02  0.0000e+00 
1.1905e+02     4.2434e-05  0.0000e+00     5.0517e-03  0.0000e+00     3.4347e-04  0.0000e+00     4.0889e-02  0.0000e+00 
1.3357e+02     1.7559e-05  0.0000e+00     2.3454e-03  0.0000e+00     1.5947e-04  0.0000e+00     2.1301e-02  0.0000e+00 
1.4987e+02     6.9554e-06  0.0000e+00     1.0424e-03  0.0000e+00     7.0874e-05  0.0000e+00     1.0622e-02  0.0000e+00 
1.6816e+02     2.7419e-06  0.0000e+00     4.6107e-04  0.0000e+00     3.1348e-05  0.0000e+00     5.2715e-03  0.0000e+00 
1.8868e+02     9.0310e-07  0.0000e+00     1.7039e-04  0.0000e+00     1.1585e-05  0.0000e+00     2.1859e-03  0.0000e+00 
2.1170e+02     2.3673e-07  0.0000e+00     5.0116e-05  0.0000e+00     3.4074e-06  0.0000e+00     7.2135e-04  0.0000e+00 
2.3753e+02     0.0000e+00  0.0000e+00     0.0000e+00  0.0000e+00     0.0000e+00  0.0000e+00     0.0000e+00  0.0000e+00 
2.6651e+02     0.0000e+00  0.0000e+00     0.0000e+00  0.0000e+00     0.0000e+00  0.0000e+00     0.0000e+00  0.0000e+00 
2.9903e+02     0.0000e+00  0.0000e+00     0.0000e+00  0.0000e+00     0.0000e+00  0.0000e+00     0.0000e+00  0.0000e+00 
3.3552e+02     0.0000e+00  0.0000e+00     0.0000e+00  0.0000e+00     0.0000e+00  0.0000e+00     0.0000e+00  0.0000e+00 
3.7646e+02     0.0000e+00  0.0000e+00     0.0000e+00  0.0000e+00     0.0000e+00  0.0000e+00     0.0000e+00  0.0000e+00 
4.2240e+02     0.0000e+00  0.0000e+00     0.0000e+00  0.0000e+00     0.0000e+00  0.0000e+00     0.0000e+00  0.0000e+00 
4.7394e+02     0.0000e+00  0.0000e+00     0.0000e+00  0.0000e+00     0.0000e+00  0.0000e+00     0.0000e+00  0.0000e+00 
5.3176e+02     0.0000e+00  0.0000e+00     0.0000e+00  0.0000e+00     0.0000e+00  0.0000e+00     0.0000e+00  0.0000e+00 
5.9665e+02     0.0000e+00  0.0000e+00     0.0000e+00  0.0000e+00     0.0000e+00  0.0000e+00     0.0000e+00  0.0000e+00 
6.6945e+02     0.0000e+00  0.0000e+00     0.0000e+00  0.0000e+00     0.0000e+00  0.0000e+00     0.0000e+00  0.0000e+00 
7.5114e+02     0.0000e+00  0.0000e+00     0.0000e+00  0.0000e+00     0.0000e+00  0.0000e+00     0.0000e+00  0.0000e+00 
8.4279e+02     0.0000e+00  0.0000e+00     0.0000e+00  0.0000e+00     0.0000e+00  0.0000e+00     0.0000e+00  0.0000e+00 
9.4563e+02     0.0000e+00  0.0000e+00     0.0000e+00  0.0000e+00     0.0000e+00  0.0000e+00     0.0000e+00  0.0000e+00 
1.0610e+03     0.0000e+00  0.0000e+00     0.0000e+00  0.0000e+00     0.0000e+00  0.0000e+00     0.0000e+00  0.0000e+00 
1.1905e+03     0.0000e+00  0.0000e+00     0.0000e+00  0.0000e+00     0.0000e+00  0.0000e+00     0.0000e+00  0.0000e+00 
1.3357e+03     0.0000e+00  0.0000e+00     0.0000e+00  0.0000e+00     0.0000e+00  0.0000e+00     0.0000e+00  0.0000e+00 
1.4987e+03     0.0000e+00  0.0000e+00     0.0000e+00  0.0000e+00     0.0000e+00  0.0000e+00     0.0000e+00  0.0000e+00 
1.6816e+03     0.0000e+00  0.0000e+00     0.0000e+00  0.0000e+00     0.0000e+00  0.0000e+00     0.0000e+00  0.0000e+00 
1.8868e+03     0.0000e+00  0.0000e+00     0.0000e+00  0.0000e+00     0.0000e+00  0.0000e+00     0.0000e+00  0.0000e+00 
2.1170e+03     0.0000e+00  0.0000e+00     0.0000e+00  0.0000e+00     0.0000e+00  0.0000e+00     0.0000e+00  0.0000e+00 
2.3753e+03     0.0000e+00  0.0000e+00     0.0000e+00  0.0000e+00     0.0000e+00  0.0000e+00     0.0000e+00  0.0000e+00 
2.6651e+03     0.0000e+00  0.0000e+00     0.0000e+00  0.0000e+00     0.0000e+00  0.0000e+00     0.0000e+00  0.0000e+00 
2.9903e+03     0.0000e+00  0.0000e+00     0.0000e+00  0.0000e+00     0.0000e+00  0.0000e+00     0.0000e+00  0.0000e+00 
3.3552e+03     0.0000e+00  0.0000e+00     0.0000e+00  0.0000e+00     0.0000e+00  0.0000e+00     0.0000e+00  0.0000e+00 
3.7646e+03     0.0000e+00  0.0000e+00     0.0000e+00  0.0000e+00     0.0000e+00  0.0000e+00     0.0000e+00  0.0000e+00 
4.2240e+03     0.0000e+00  0.0000e+00     0.0000e+00  0.0000e+00     0.0000e+00  0.0000e+00     0.0000e+00  0.0000e+00 
4.7394e+03     0.0000e+00  0.0000e+00     0.0000e+00  0.0000e+00     0.0000e+00  0.0000e+00     0.0000e+00  0.0000e+00 
5.3176e+03     0.0000e+00  0.0000e+00     0.0000e+00  0.0000e+00     0.0000e+00  0.0000e+00     0.0000e+00  0.0000e+00 
5.9665e+03     0.0000e+00  0.0000e+00     0.0000e+00  0.0000e+00     0.0000e+00  0.0000e+00     0.0000e+00  0.0000e+00 
6.6945e+03     0.0000e+00  0.0000e+00     0.0000e+00  0.0000e+00     0.0000e+00  0.0000e+00     0.0000e+00  0.0000e+00 
7.5114e+03     0.0000e+00  0.0000e+00     0.0000e+00  0.0000e+00     0.0000e+00  0.0000e+00     0.0000e+00  0.0000e+00 
8.4279e+03     0.0000e+00  0.0000e+00     0.0000e+00  0.0000e+00     0.0000e+00  0.0000e+00     0.0000e+00  0.0000e+00 
9.4563e+03     0.0000e+00  0.0000e+00     0.0000e+00  0.0000e+00     0.0000e+00  0.0000e+00     0.0000e+00  0.0000e+00 
