yF = 5.7331e+00 (std: 0.0000e+00) keV/um
yD = 2.3729e+01 (std: 0.0000e+00) keV/um
y (keV/um)     f(y)(std)                  yf(y)(std)                 d(y)(std)                  yd(y)(std)  
1.0610e-01     2.0258e+01  0.0000e+00     2.1494e+00  0.0000e+00     3.7491e-01  0.0000e+00     3.9779e-02  0.0000e+00 
1.1905e-01     1.7425e+00  0.0000e+00     2.0744e-01  0.0000e+00     3.6182e-02  0.0000e+00     4.3074e-03  0.0000e+00 
1.3357e-01     5.8785e-01  0.0000e+00     7.8520e-02  0.0000e+00     1.3696e-02  0.0000e+00     1.8294e-03  0.0000e+00 
1.4987e-01     2.4571e+00  0.0000e+00     3.6825e-01  0.0000e+00     6.4232e-02  0.0000e+00     9.6265e-03  0.0000e+00 
1.6816e-01     8.5839e-01  0.0000e+00     1.4435e-01  0.0000e+00     2.5177e-02  0.0000e+00     4.2338e-03  0.0000e+00 
1.8868e-01     6.3811e-01  0.0000e+00     1.2040e-01  0.0000e+00     2.1000e-02  0.0000e+00     3.9622e-03  0.0000e+00 
2.1170e-01     6.4886e-01  0.0000e+00     1.3736e-01  0.0000e+00     2.3959e-02  0.0000e+00     5.0722e-03  0.0000e+00 
2.3753e-01     6.2170e-01  0.0000e+00     1.4767e-01  0.0000e+00     2.5758e-02  0.0000e+00     6.1183e-03  0.0000e+00 
2.6651e-01     3.2825e-01  0.0000e+00     8.7484e-02  0.0000e+00     1.5259e-02  0.0000e+00     4.0668e-03  0.0000e+00 
2.9903e-01     2.8175e-01  0.0000e+00     8.4253e-02  0.0000e+00     1.4696e-02  0.0000e+00     4.3945e-03  0.0000e+00 
3.3552e-01     1.1417e+00  0.0000e+00     3.8308e-01  0.0000e+00     6.6819e-02  0.0000e+00     2.2419e-02  0.0000e+00 
3.7646e-01     8.3650e-01  0.0000e+00     3.1491e-01  0.0000e+00     5.4928e-02  0.0000e+00     2.0678e-02  0.0000e+00 
4.2240e-01     4.2092e-01  0.0000e+00     1.7780e-01  0.0000e+00     3.1012e-02  0.0000e+00     1.3099e-02  0.0000e+00 
4.7394e-01     4.2170e-01  0.0000e+00     1.9986e-01  0.0000e+00     3.4860e-02  0.0000e+00     1.6522e-02  0.0000e+00 
5.3176e-01     2.9825e-01  0.0000e+00     1.5860e-01  0.0000e+00     2.7664e-02  0.0000e+00     1.4710e-02  0.0000e+00 
5.9665e-01     1.7290e-01  0.0000e+00     1.0316e-01  0.0000e+00     1.7994e-02  0.0000e+00     1.0736e-02  0.0000e+00 
6.6945e-01     2.1846e-01  0.0000e+00     1.4625e-01  0.0000e+00     2.5510e-02  0.0000e+00     1.7077e-02  0.0000e+00 
7.5114e-01     2.0336e-01  0.0000e+00     1.5275e-01  0.0000e+00     2.6644e-02  0.0000e+00     2.0013e-02  0.0000e+00 
8.4279e-01     1.1284e-01  0.0000e+00     9.5102e-02  0.0000e+00     1.6588e-02  0.0000e+00     1.3980e-02  0.0000e+00 
9.4563e-01     7.4736e-02  0.0000e+00     7.0672e-02  0.0000e+00     1.2327e-02  0.0000e+00     1.1657e-02  0.0000e+00 
1.0610e+00     5.7380e-02  0.0000e+00     6.0881e-02  0.0000e+00     1.0619e-02  0.0000e+00     1.1267e-02  0.0000e+00 
1.1905e+00     3.4498e-02  0.0000e+00     4.1068e-02  0.0000e+00     7.1633e-03  0.0000e+00     8.5277e-03  0.0000e+00 
1.3357e+00     2.0824e-02  0.0000e+00     2.7815e-02  0.0000e+00     4.8516e-03  0.0000e+00     6.4804e-03  0.0000e+00 
1.4987e+00     1.1577e-02  0.0000e+00     1.7351e-02  0.0000e+00     3.0264e-03  0.0000e+00     4.5357e-03  0.0000e+00 
1.6816e+00     5.8454e-03  0.0000e+00     9.8295e-03  0.0000e+00     1.7145e-03  0.0000e+00     2.8831e-03  0.0000e+00 
1.8868e+00     2.6507e-03  0.0000e+00     5.0013e-03  0.0000e+00     8.7235e-04  0.0000e+00     1.6459e-03  0.0000e+00 
2.1170e+00     1.2903e-03  0.0000e+00     2.7315e-03  0.0000e+00     4.7644e-04  0.0000e+00     1.0086e-03  0.0000e+00 
2.3753e+00     4.2921e-04  0.0000e+00     1.0195e-03  0.0000e+00     1.7783e-04  0.0000e+00     4.2239e-04  0.0000e+00 
2.6651e+00     1.5157e-04  0.0000e+00     4.0395e-04  0.0000e+00     7.0459e-05  0.0000e+00     1.8778e-04  0.0000e+00 
2.9903e+00     3.2163e-05  0.0000e+00     9.6179e-05  0.0000e+00     1.6776e-05  0.0000e+00     5.0166e-05  0.0000e+00 
3.3552e+00     1.1466e-05  0.0000e+00     3.8471e-05  0.0000e+00     6.7104e-06  0.0000e+00     2.2515e-05  0.0000e+00 
3.7646e+00     5.1096e-06  0.0000e+00     1.9236e-05  0.0000e+00     3.3552e-06  0.0000e+00     1.2631e-05  0.0000e+00 
4.2240e+00     0.0000e+00  0.0000e+00     0.0000e+00  0.0000e+00     0.0000e+00  0.0000e+00     0.0000e+00  0.0000e+00 
4.7394e+00     0.0000e+00  0.0000e+00     0.0000e+00  0.0000e+00     0.0000e+00  0.0000e+00     0.0000e+00  0.0000e+00 
5.3176e+00     0.0000e+00  0.0000e+00     0.0000e+00  0.0000e+00     0.0000e+00  0.0000e+00     0.0000e+00  0.0000e+00 
5.9665e+00     1.0420e-01  0.0000e+00     6.2168e-01  0.0000e+00     1.0844e-01  0.0000e+00     6.4699e-01  0.0000e+00 
6.6945e+00     3.0627e-02  0.0000e+00     2.0503e-01  0.0000e+00     3.5763e-02  0.0000e+00     2.3942e-01  0.0000e+00 
7.5114e+00     7.6135e-03  0.0000e+00     5.7188e-02  0.0000e+00     9.9750e-03  0.0000e+00     7.4926e-02  0.0000e+00 
8.4279e+00     2.8247e-02  0.0000e+00     2.3806e-01  0.0000e+00     4.1524e-02  0.0000e+00     3.4996e-01  0.0000e+00 
9.4563e+00     2.0598e-02  0.0000e+00     1.9478e-01  0.0000e+00     3.3975e-02  0.0000e+00     3.2127e-01  0.0000e+00 
1.0610e+01     2.9488e-02  0.0000e+00     3.1287e-01  0.0000e+00     5.4572e-02  0.0000e+00     5.7902e-01  0.0000e+00 
1.1905e+01     2.2363e-02  0.0000e+00     2.6622e-01  0.0000e+00     4.6436e-02  0.0000e+00     5.5281e-01  0.0000e+00 
1.3357e+01     1.6881e-02  0.0000e+00     2.2548e-01  0.0000e+00     3.9330e-02  0.0000e+00     5.2534e-01  0.0000e+00 
1.4987e+01     1.0780e-02  0.0000e+00     1.6156e-01  0.0000e+00     2.8180e-02  0.0000e+00     4.2234e-01  0.0000e+00 
1.6816e+01     7.4056e-03  0.0000e+00     1.2453e-01  0.0000e+00     2.1722e-02  0.0000e+00     3.6527e-01  0.0000e+00 
1.8868e+01     6.0793e-03  0.0000e+00     1.1470e-01  0.0000e+00     2.0007e-02  0.0000e+00     3.7749e-01  0.0000e+00 
2.1170e+01     5.4800e-03  0.0000e+00     1.1601e-01  0.0000e+00     2.0235e-02  0.0000e+00     4.2838e-01  0.0000e+00 
2.3753e+01     4.9253e-03  0.0000e+00     1.1699e-01  0.0000e+00     2.0406e-02  0.0000e+00     4.8471e-01  0.0000e+00 
2.6651e+01     3.4493e-03  0.0000e+00     9.1928e-02  0.0000e+00     1.6034e-02  0.0000e+00     4.2734e-01  0.0000e+00 
2.9903e+01     2.5068e-03  0.0000e+00     7.4962e-02  0.0000e+00     1.3075e-02  0.0000e+00     3.9099e-01  0.0000e+00 
3.3552e+01     2.0519e-03  0.0000e+00     6.8845e-02  0.0000e+00     1.2008e-02  0.0000e+00     4.0290e-01  0.0000e+00 
3.7646e+01     1.5646e-03  0.0000e+00     5.8900e-02  0.0000e+00     1.0274e-02  0.0000e+00     3.8676e-01  0.0000e+00 
4.2240e+01     1.0137e-03  0.0000e+00     4.2819e-02  0.0000e+00     7.4687e-03  0.0000e+00     3.1547e-01  0.0000e+00 
4.7394e+01     7.3788e-04  0.0000e+00     3.4971e-02  0.0000e+00     6.0997e-03  0.0000e+00     2.8909e-01  0.0000e+00 
5.3176e+01     4.9847e-04  0.0000e+00     2.6507e-02  0.0000e+00     4.6235e-03  0.0000e+00     2.4586e-01  0.0000e+00 
5.9665e+01     3.1595e-04  0.0000e+00     1.8851e-02  0.0000e+00     3.2881e-03  0.0000e+00     1.9618e-01  0.0000e+00 
6.6945e+01     1.8907e-04  0.0000e+00     1.2657e-02  0.0000e+00     2.2077e-03  0.0000e+00     1.4780e-01  0.0000e+00 
7.5114e+01     9.8338e-05  0.0000e+00     7.3865e-03  0.0000e+00     1.2884e-03  0.0000e+00     9.6776e-02  0.0000e+00 
8.4279e+01     5.3180e-05  0.0000e+00     4.4819e-03  0.0000e+00     7.8176e-04  0.0000e+00     6.5886e-02  0.0000e+00 
9.4563e+01     2.4614e-05  0.0000e+00     2.3275e-03  0.0000e+00     4.0598e-04  0.0000e+00     3.8390e-02  0.0000e+00 
1.0610e+02     1.2872e-05  0.0000e+00     1.3657e-03  0.0000e+00     2.3822e-04  0.0000e+00     2.5275e-02  0.0000e+00 
1.1905e+02     3.8779e-06  0.0000e+00     4.6166e-04  0.0000e+00     8.0525e-05  0.0000e+00     9.5862e-03  0.0000e+00 
1.3357e+02     1.7281e-06  0.0000e+00     2.3083e-04  0.0000e+00     4.0262e-05  0.0000e+00     5.3780e-03  0.0000e+00 
1.4987e+02     5.1339e-07  0.0000e+00     7.6943e-05  0.0000e+00     1.3421e-05  0.0000e+00     2.0114e-03  0.0000e+00 
1.6816e+02     1.1439e-07  0.0000e+00     1.9236e-05  0.0000e+00     3.3552e-06  0.0000e+00     5.6420e-04  0.0000e+00 
1.8868e+02     0.0000e+00  0.0000e+00     0.0000e+00  0.0000e+00     0.0000e+00  0.0000e+00     0.0000e+00  0.0000e+00 
2.1170e+02     0.0000e+00  0.0000e+00     0.0000e+00  0.0000e+00     0.0000e+00  0.0000e+00     0.0000e+00  0.0000e+00 
2.3753e+02     0.0000e+00  0.0000e+00     0.0000e+00  0.0000e+00     0.0000e+00  0.0000e+00     0.0000e+00  0.0000e+00 
2.6651e+02     0.0000e+00  0.0000e+00     0.0000e+00  0.0000e+00     0.0000e+00  0.0000e+00     0.0000e+00  0.0000e+00 
2.9903e+02     0.0000e+00  0.0000e+00     0.0000e+00  0.0000e+00     0.0000e+00  0.0000e+00     0.0000e+00  0.0000e+00 
3.3552e+02     0.0000e+00  0.0000e+00     0.0000e+00  0.0000e+00     0.0000e+00  0.0000e+00     0.0000e+00  0.0000e+00 
3.7646e+02     0.0000e+00  0.0000e+00     0.0000e+00  0.0000e+00     0.0000e+00  0.0000e+00     0.0000e+00  0.0000e+00 
4.2240e+02     0.0000e+00  0.0000e+00     0.0000e+00  0.0000e+00     0.0000e+00  0.0000e+00     0.0000e+00  0.0000e+00 
4.7394e+02     0.0000e+00  0.0000e+00     0.0000e+00  0.0000e+00     0.0000e+00  0.0000e+00     0.0000e+00  0.0000e+00 
5.3176e+02     0.0000e+00  0.0000e+00     0.0000e+00  0.0000e+00     0.0000e+00  0.0000e+00     0.0000e+00  0.0000e+00 
5.9665e+02     0.0000e+00  0.0000e+00     0.0000e+00  0.0000e+00     0.0000e+00  0.0000e+00     0.0000e+00  0.0000e+00 
6.6945e+02     0.0000e+00  0.0000e+00     0.0000e+00  0.0000e+00     0.0000e+00  0.0000e+00     0.0000e+00  0.0000e+00 
7.5114e+02     0.0000e+00  0.0000e+00     0.0000e+00  0.0000e+00     0.0000e+00  0.0000e+00     0.0000e+00  0.0000e+00 
8.4279e+02     0.0000e+00  0.0000e+00     0.0000e+00  0.0000e+00     0.0000e+00  0.0000e+00     0.0000e+00  0.0000e+00 
9.4563e+02     0.0000e+00  0.0000e+00     0.0000e+00  0.0000e+00     0.0000e+00  0.0000e+00     0.0000e+00  0.0000e+00 
1.0610e+03     0.0000e+00  0.0000e+00     0.0000e+00  0.0000e+00     0.0000e+00  0.0000e+00     0.0000e+00  0.0000e+00 
1.1905e+03     0.0000e+00  0.0000e+00     0.0000e+00  0.0000e+00     0.0000e+00  0.0000e+00     0.0000e+00  0.0000e+00 
1.3357e+03     0.0000e+00  0.0000e+00     0.0000e+00  0.0000e+00     0.0000e+00  0.0000e+00     0.0000e+00  0.0000e+00 
1.4987e+03     0.0000e+00  0.0000e+00     0.0000e+00  0.0000e+00     0.0000e+00  0.0000e+00     0.0000e+00  0.0000e+00 
1.6816e+03     0.0000e+00  0.0000e+00     0.0000e+00  0.0000e+00     0.0000e+00  0.0000e+00     0.0000e+00  0.0000e+00 
1.8868e+03     0.0000e+00  0.0000e+00     0.0000e+00  0.0000e+00     0.0000e+00  0.0000e+00     0.0000e+00  0.0000e+00 
2.1170e+03     0.0000e+00  0.0000e+00     0.0000e+00  0.0000e+00     0.0000e+00  0.0000e+00     0.0000e+00  0.0000e+00 
2.3753e+03     0.0000e+00  0.0000e+00     0.0000e+00  0.0000e+00     0.0000e+00  0.0000e+00     0.0000e+00  0.0000e+00 
2.6651e+03     0.0000e+00  0.0000e+00     0.0000e+00  0.0000e+00     0.0000e+00  0.0000e+00     0.0000e+00  0.0000e+00 
2.9903e+03     0.0000e+00  0.0000e+00     0.0000e+00  0.0000e+00     0.0000e+00  0.0000e+00     0.0000e+00  0.0000e+00 
3.3552e+03     0.0000e+00  0.0000e+00     0.0000e+00  0.0000e+00     0.0000e+00  0.0000e+00     0.0000e+00  0.0000e+00 
3.7646e+03     0.0000e+00  0.0000e+00     0.0000e+00  0.0000e+00     0.0000e+00  0.0000e+00     0.0000e+00  0.0000e+00 
4.2240e+03     0.0000e+00  0.0000e+00     0.0000e+00  0.0000e+00     0.0000e+00  0.0000e+00     0.0000e+00  0.0000e+00 
4.7394e+03     0.0000e+00  0.0000e+00     0.0000e+00  0.0000e+00     0.0000e+00  0.0000e+00     0.0000e+00  0.0000e+00 
5.3176e+03     0.0000e+00  0.0000e+00     0.0000e+00  0.0000e+00     0.0000e+00  0.0000e+00     0.0000e+00  0.0000e+00 
5.9665e+03     0.0000e+00  0.0000e+00     0.0000e+00  0.0000e+00     0.0000e+00  0.0000e+00     0.0000e+00  0.0000e+00 
6.6945e+03     0.0000e+00  0.0000e+00     0.0000e+00  0.0000e+00     0.0000e+00  0.0000e+00     0.0000e+00  0.0000e+00 
7.5114e+03     0.0000e+00  0.0000e+00     0.0000e+00  0.0000e+00     0.0000e+00  0.0000e+00     0.0000e+00  0.0000e+00 
8.4279e+03     0.0000e+00  0.0000e+00     0.0000e+00  0.0000e+00     0.0000e+00  0.0000e+00     0.0000e+00  0.0000e+00 
9.4563e+03     0.0000e+00  0.0000e+00     0.0000e+00  0.0000e+00     0.0000e+00  0.0000e+00     0.0000e+00  0.0000e+00 
