yF = 1.0200e+02 (std: 0.0000e+00) keV/um
yD = 1.4313e+02 (std: 0.0000e+00) keV/um
y (keV/um)     f(y)(std)                  yf(y)(std)                 d(y)(std)                  yd(y)(std)  
1.0610e-01     1.7548e-01  0.0000e+00     1.8618e-02  0.0000e+00     1.8253e-04  0.0000e+00     1.9367e-05  0.0000e+00 
1.1905e-01     2.2008e-02  0.0000e+00     2.6200e-03  0.0000e+00     2.5686e-05  0.0000e+00     3.0579e-06  0.0000e+00 
1.3357e-01     1.2968e-02  0.0000e+00     1.7321e-03  0.0000e+00     1.6982e-05  0.0000e+00     2.2683e-06  0.0000e+00 
1.4987e-01     2.4102e-02  0.0000e+00     3.6122e-03  0.0000e+00     3.5415e-05  0.0000e+00     5.3076e-06  0.0000e+00 
1.6816e-01     1.3406e-02  0.0000e+00     2.2544e-03  0.0000e+00     2.2102e-05  0.0000e+00     3.7167e-06  0.0000e+00 
1.8868e-01     1.1995e-02  0.0000e+00     2.2631e-03  0.0000e+00     2.2187e-05  0.0000e+00     4.1863e-06  0.0000e+00 
2.1170e-01     1.0978e-02  0.0000e+00     2.3240e-03  0.0000e+00     2.2785e-05  0.0000e+00     4.8235e-06  0.0000e+00 
2.3753e-01     1.1543e-02  0.0000e+00     2.7418e-03  0.0000e+00     2.6881e-05  0.0000e+00     6.3850e-06  0.0000e+00 
2.6651e-01     7.2178e-03  0.0000e+00     1.9236e-03  0.0000e+00     1.8859e-05  0.0000e+00     5.0263e-06  0.0000e+00 
2.9903e-01     6.4911e-03  0.0000e+00     1.9410e-03  0.0000e+00     1.9030e-05  0.0000e+00     5.6906e-06  0.0000e+00 
3.3552e-01     9.4690e-03  0.0000e+00     3.1770e-03  0.0000e+00     3.1148e-05  0.0000e+00     1.0451e-05  0.0000e+00 
3.7646e-01     8.5086e-03  0.0000e+00     3.2031e-03  0.0000e+00     3.1404e-05  0.0000e+00     1.1822e-05  0.0000e+00 
4.2240e-01     6.3881e-03  0.0000e+00     2.6983e-03  0.0000e+00     2.6454e-05  0.0000e+00     1.1174e-05  0.0000e+00 
4.7394e-01     6.7403e-03  0.0000e+00     3.1944e-03  0.0000e+00     3.1318e-05  0.0000e+00     1.4843e-05  0.0000e+00 
5.3176e-01     4.5996e-03  0.0000e+00     2.4459e-03  0.0000e+00     2.3979e-05  0.0000e+00     1.2751e-05  0.0000e+00 
5.9665e-01     3.3116e-03  0.0000e+00     1.9759e-03  0.0000e+00     1.9371e-05  0.0000e+00     1.1558e-05  0.0000e+00 
6.6945e-01     2.8604e-03  0.0000e+00     1.9149e-03  0.0000e+00     1.8774e-05  0.0000e+00     1.2568e-05  0.0000e+00 
7.5114e-01     2.3524e-03  0.0000e+00     1.7670e-03  0.0000e+00     1.7323e-05  0.0000e+00     1.3012e-05  0.0000e+00 
8.4279e-01     1.7970e-03  0.0000e+00     1.5145e-03  0.0000e+00     1.4849e-05  0.0000e+00     1.2514e-05  0.0000e+00 
9.4563e-01     1.2426e-03  0.0000e+00     1.1751e-03  0.0000e+00     1.1520e-05  0.0000e+00     1.0894e-05  0.0000e+00 
1.0610e+00     9.6804e-04  0.0000e+00     1.0271e-03  0.0000e+00     1.0070e-05  0.0000e+00     1.0684e-05  0.0000e+00 
1.1905e+00     5.6299e-04  0.0000e+00     6.7022e-04  0.0000e+00     6.5709e-06  0.0000e+00     7.8225e-06  0.0000e+00 
1.3357e+00     4.2357e-04  0.0000e+00     5.6577e-04  0.0000e+00     5.5469e-06  0.0000e+00     7.4091e-06  0.0000e+00 
1.4987e+00     3.1362e-04  0.0000e+00     4.7003e-04  0.0000e+00     4.6082e-06  0.0000e+00     6.9063e-06  0.0000e+00 
1.6816e+00     1.9152e-04  0.0000e+00     3.2206e-04  0.0000e+00     3.1574e-06  0.0000e+00     5.3095e-06  0.0000e+00 
1.8868e+00     8.3039e-05  0.0000e+00     1.5668e-04  0.0000e+00     1.5361e-06  0.0000e+00     2.8982e-06  0.0000e+00 
2.1170e+00     5.7562e-05  0.0000e+00     1.2186e-04  0.0000e+00     1.1947e-06  0.0000e+00     2.5292e-06  0.0000e+00 
2.3753e+00     1.5757e-04  0.0000e+00     3.7428e-04  0.0000e+00     3.6695e-06  0.0000e+00     8.7161e-06  0.0000e+00 
2.6651e+00     1.2084e-04  0.0000e+00     3.2206e-04  0.0000e+00     3.1574e-06  0.0000e+00     8.4150e-06  0.0000e+00 
2.9903e+00     6.4037e-05  0.0000e+00     1.9149e-04  0.0000e+00     1.8774e-06  0.0000e+00     5.6140e-06  0.0000e+00 
3.3552e+00     1.3749e-04  0.0000e+00     4.6132e-04  0.0000e+00     4.5228e-06  0.0000e+00     1.5175e-05  0.0000e+00 
3.7646e+00     1.5954e-04  0.0000e+00     6.0059e-04  0.0000e+00     5.8882e-06  0.0000e+00     2.2167e-05  0.0000e+00 
4.2240e+00     7.6245e-05  0.0000e+00     3.2206e-04  0.0000e+00     3.1574e-06  0.0000e+00     1.3337e-05  0.0000e+00 
4.7394e+00     2.3876e-05  0.0000e+00     1.1315e-04  0.0000e+00     1.1094e-06  0.0000e+00     5.2577e-06  0.0000e+00 
5.3176e+00     4.9106e-06  0.0000e+00     2.6113e-05  0.0000e+00     2.5601e-07  0.0000e+00     1.3614e-06  0.0000e+00 
5.9665e+00     3.2095e-04  0.0000e+00     1.9149e-03  0.0000e+00     1.8774e-05  0.0000e+00     1.1201e-04  0.0000e+00 
6.6945e+00     7.0991e-04  0.0000e+00     4.7525e-03  0.0000e+00     4.6594e-05  0.0000e+00     3.1192e-04  0.0000e+00 
7.5114e+00     3.4532e-04  0.0000e+00     2.5939e-03  0.0000e+00     2.5430e-05  0.0000e+00     1.9102e-04  0.0000e+00 
8.4279e+00     3.2471e-03  0.0000e+00     2.7366e-02  0.0000e+00     2.6830e-04  0.0000e+00     2.2612e-03  0.0000e+00 
9.4563e+00     3.2631e-03  0.0000e+00     3.0856e-02  0.0000e+00     3.0252e-04  0.0000e+00     2.8607e-03  0.0000e+00 
1.0610e+01     4.3521e-03  0.0000e+00     4.6176e-02  0.0000e+00     4.5271e-04  0.0000e+00     4.8033e-03  0.0000e+00 
1.1905e+01     2.6592e-03  0.0000e+00     3.1657e-02  0.0000e+00     3.1037e-04  0.0000e+00     3.6948e-03  0.0000e+00 
1.3357e+01     1.8657e-03  0.0000e+00     2.4920e-02  0.0000e+00     2.4432e-04  0.0000e+00     3.2634e-03  0.0000e+00 
1.4987e+01     1.3108e-03  0.0000e+00     1.9645e-02  0.0000e+00     1.9260e-04  0.0000e+00     2.8866e-03  0.0000e+00 
1.6816e+01     2.9986e-03  0.0000e+00     5.0423e-02  0.0000e+00     4.9435e-04  0.0000e+00     8.3130e-03  0.0000e+00 
1.8868e+01     4.0911e-03  0.0000e+00     7.7189e-02  0.0000e+00     7.5676e-04  0.0000e+00     1.4278e-02  0.0000e+00 
2.1170e+01     4.1420e-03  0.0000e+00     8.7686e-02  0.0000e+00     8.5968e-04  0.0000e+00     1.8199e-02  0.0000e+00 
2.3753e+01     3.4952e-03  0.0000e+00     8.3021e-02  0.0000e+00     8.1394e-04  0.0000e+00     1.9333e-02  0.0000e+00 
2.6651e+01     4.8206e-03  0.0000e+00     1.2847e-01  0.0000e+00     1.2596e-03  0.0000e+00     3.3569e-02  0.0000e+00 
2.9903e+01     5.3244e-03  0.0000e+00     1.5922e-01  0.0000e+00     1.5610e-03  0.0000e+00     4.6678e-02  0.0000e+00 
3.3552e+01     5.3109e-03  0.0000e+00     1.7819e-01  0.0000e+00     1.7470e-03  0.0000e+00     5.8616e-02  0.0000e+00 
3.7646e+01     6.2453e-03  0.0000e+00     2.3511e-01  0.0000e+00     2.3050e-03  0.0000e+00     8.6775e-02  0.0000e+00 
4.2240e+01     6.3704e-03  0.0000e+00     2.6908e-01  0.0000e+00     2.6381e-03  0.0000e+00     1.1143e-01  0.0000e+00 
4.7394e+01     6.9718e-03  0.0000e+00     3.3042e-01  0.0000e+00     3.2394e-03  0.0000e+00     1.5353e-01  0.0000e+00 
5.3176e+01     7.2475e-03  0.0000e+00     3.8540e-01  0.0000e+00     3.7784e-03  0.0000e+00     2.0092e-01  0.0000e+00 
5.9665e+01     7.4302e-03  0.0000e+00     4.4332e-01  0.0000e+00     4.3463e-03  0.0000e+00     2.5932e-01  0.0000e+00 
6.6945e+01     7.5860e-03  0.0000e+00     5.0785e-01  0.0000e+00     4.9789e-03  0.0000e+00     3.3332e-01  0.0000e+00 
7.5114e+01     7.4687e-03  0.0000e+00     5.6100e-01  0.0000e+00     5.5001e-03  0.0000e+00     4.1313e-01  0.0000e+00 
8.4279e+01     7.1245e-03  0.0000e+00     6.0044e-01  0.0000e+00     5.8867e-03  0.0000e+00     4.9613e-01  0.0000e+00 
9.4563e+01     6.5976e-03  0.0000e+00     6.2388e-01  0.0000e+00     6.1166e-03  0.0000e+00     5.7840e-01  0.0000e+00 
1.0610e+02     5.8463e-03  0.0000e+00     6.2030e-01  0.0000e+00     6.0814e-03  0.0000e+00     6.4524e-01  0.0000e+00 
1.1905e+02     5.0095e-03  0.0000e+00     5.9637e-01  0.0000e+00     5.8468e-03  0.0000e+00     6.9605e-01  0.0000e+00 
1.3357e+02     4.1134e-03  0.0000e+00     5.4944e-01  0.0000e+00     5.3867e-03  0.0000e+00     7.1952e-01  0.0000e+00 
1.4987e+02     3.2653e-03  0.0000e+00     4.8938e-01  0.0000e+00     4.7979e-03  0.0000e+00     7.1906e-01  0.0000e+00 
1.6816e+02     2.4691e-03  0.0000e+00     4.1520e-01  0.0000e+00     4.0706e-03  0.0000e+00     6.8451e-01  0.0000e+00 
1.8868e+02     1.7667e-03  0.0000e+00     3.3334e-01  0.0000e+00     3.2680e-03  0.0000e+00     6.1660e-01  0.0000e+00 
2.1170e+02     1.2040e-03  0.0000e+00     2.5488e-01  0.0000e+00     2.4988e-03  0.0000e+00     5.2900e-01  0.0000e+00 
2.3753e+02     7.8859e-04  0.0000e+00     1.8731e-01  0.0000e+00     1.8364e-03  0.0000e+00     4.3621e-01  0.0000e+00 
2.6651e+02     4.6364e-04  0.0000e+00     1.2356e-01  0.0000e+00     1.2114e-03  0.0000e+00     3.2286e-01  0.0000e+00 
2.9903e+02     2.5242e-04  0.0000e+00     7.5483e-02  0.0000e+00     7.4004e-04  0.0000e+00     2.2130e-01  0.0000e+00 
3.3552e+02     1.2068e-04  0.0000e+00     4.0492e-02  0.0000e+00     3.9698e-04  0.0000e+00     1.3320e-01  0.0000e+00 
3.7646e+02     5.0520e-05  0.0000e+00     1.9019e-02  0.0000e+00     1.8646e-04  0.0000e+00     7.0195e-02  0.0000e+00 
4.2240e+02     1.8443e-05  0.0000e+00     7.7903e-03  0.0000e+00     7.6376e-05  0.0000e+00     3.2261e-02  0.0000e+00 
4.7394e+02     5.5097e-06  0.0000e+00     2.6113e-03  0.0000e+00     2.5601e-05  0.0000e+00     1.2133e-02  0.0000e+00 
5.3176e+02     1.2767e-06  0.0000e+00     6.7893e-04  0.0000e+00     6.6562e-06  0.0000e+00     3.5395e-03  0.0000e+00 
5.9665e+02     3.2095e-07  0.0000e+00     1.9149e-04  0.0000e+00     1.8774e-06  0.0000e+00     1.1201e-03  0.0000e+00 
6.6945e+02     1.3002e-08  0.0000e+00     8.7042e-06  0.0000e+00     8.5336e-08  0.0000e+00     5.7128e-05  0.0000e+00 
7.5114e+02     0.0000e+00  0.0000e+00     0.0000e+00  0.0000e+00     0.0000e+00  0.0000e+00     0.0000e+00  0.0000e+00 
8.4279e+02     0.0000e+00  0.0000e+00     0.0000e+00  0.0000e+00     0.0000e+00  0.0000e+00     0.0000e+00  0.0000e+00 
9.4563e+02     0.0000e+00  0.0000e+00     0.0000e+00  0.0000e+00     0.0000e+00  0.0000e+00     0.0000e+00  0.0000e+00 
1.0610e+03     0.0000e+00  0.0000e+00     0.0000e+00  0.0000e+00     0.0000e+00  0.0000e+00     0.0000e+00  0.0000e+00 
1.1905e+03     0.0000e+00  0.0000e+00     0.0000e+00  0.0000e+00     0.0000e+00  0.0000e+00     0.0000e+00  0.0000e+00 
1.3357e+03     0.0000e+00  0.0000e+00     0.0000e+00  0.0000e+00     0.0000e+00  0.0000e+00     0.0000e+00  0.0000e+00 
1.4987e+03     0.0000e+00  0.0000e+00     0.0000e+00  0.0000e+00     0.0000e+00  0.0000e+00     0.0000e+00  0.0000e+00 
1.6816e+03     0.0000e+00  0.0000e+00     0.0000e+00  0.0000e+00     0.0000e+00  0.0000e+00     0.0000e+00  0.0000e+00 
1.8868e+03     0.0000e+00  0.0000e+00     0.0000e+00  0.0000e+00     0.0000e+00  0.0000e+00     0.0000e+00  0.0000e+00 
2.1170e+03     0.0000e+00  0.0000e+00     0.0000e+00  0.0000e+00     0.0000e+00  0.0000e+00     0.0000e+00  0.0000e+00 
2.3753e+03     0.0000e+00  0.0000e+00     0.0000e+00  0.0000e+00     0.0000e+00  0.0000e+00     0.0000e+00  0.0000e+00 
2.6651e+03     0.0000e+00  0.0000e+00     0.0000e+00  0.0000e+00     0.0000e+00  0.0000e+00     0.0000e+00  0.0000e+00 
2.9903e+03     0.0000e+00  0.0000e+00     0.0000e+00  0.0000e+00     0.0000e+00  0.0000e+00     0.0000e+00  0.0000e+00 
3.3552e+03     0.0000e+00  0.0000e+00     0.0000e+00  0.0000e+00     0.0000e+00  0.0000e+00     0.0000e+00  0.0000e+00 
3.7646e+03     0.0000e+00  0.0000e+00     0.0000e+00  0.0000e+00     0.0000e+00  0.0000e+00     0.0000e+00  0.0000e+00 
4.2240e+03     0.0000e+00  0.0000e+00     0.0000e+00  0.0000e+00     0.0000e+00  0.0000e+00     0.0000e+00  0.0000e+00 
4.7394e+03     0.0000e+00  0.0000e+00     0.0000e+00  0.0000e+00     0.0000e+00  0.0000e+00     0.0000e+00  0.0000e+00 
5.3176e+03     0.0000e+00  0.0000e+00     0.0000e+00  0.0000e+00     0.0000e+00  0.0000e+00     0.0000e+00  0.0000e+00 
5.9665e+03     0.0000e+00  0.0000e+00     0.0000e+00  0.0000e+00     0.0000e+00  0.0000e+00     0.0000e+00  0.0000e+00 
6.6945e+03     0.0000e+00  0.0000e+00     0.0000e+00  0.0000e+00     0.0000e+00  0.0000e+00     0.0000e+00  0.0000e+00 
7.5114e+03     0.0000e+00  0.0000e+00     0.0000e+00  0.0000e+00     0.0000e+00  0.0000e+00     0.0000e+00  0.0000e+00 
8.4279e+03     0.0000e+00  0.0000e+00     0.0000e+00  0.0000e+00     0.0000e+00  0.0000e+00     0.0000e+00  0.0000e+00 
9.4563e+03     0.0000e+00  0.0000e+00     0.0000e+00  0.0000e+00     0.0000e+00  0.0000e+00     0.0000e+00  0.0000e+00 
