yF = 5.4772e+00 (std: 0.0000e+00) keV/um
yD = 2.4082e+01 (std: 0.0000e+00) keV/um
y (keV/um)     f(y)(std)                  yf(y)(std)                 d(y)(std)                  yd(y)(std)  
1.0610e-01     2.2102e+01  0.0000e+00     2.3451e+00  0.0000e+00     4.2815e-01  0.0000e+00     4.5427e-02  0.0000e+00 
1.1905e-01     1.8036e+00  0.0000e+00     2.1472e-01  0.0000e+00     3.9202e-02  0.0000e+00     4.6669e-03  0.0000e+00 
1.3357e-01     5.8876e-01  0.0000e+00     7.8642e-02  0.0000e+00     1.4358e-02  0.0000e+00     1.9179e-03  0.0000e+00 
1.4987e-01     2.5746e+00  0.0000e+00     3.8586e-01  0.0000e+00     7.0448e-02  0.0000e+00     1.0558e-02  0.0000e+00 
1.6816e-01     8.7170e-01  0.0000e+00     1.4658e-01  0.0000e+00     2.6763e-02  0.0000e+00     4.5004e-03  0.0000e+00 
1.8868e-01     6.2639e-01  0.0000e+00     1.1818e-01  0.0000e+00     2.1578e-02  0.0000e+00     4.0712e-03  0.0000e+00 
2.1170e-01     6.4996e-01  0.0000e+00     1.3760e-01  0.0000e+00     2.5122e-02  0.0000e+00     5.3183e-03  0.0000e+00 
2.3753e-01     6.1083e-01  0.0000e+00     1.4509e-01  0.0000e+00     2.6490e-02  0.0000e+00     6.2922e-03  0.0000e+00 
2.6651e-01     2.9290e-01  0.0000e+00     7.8062e-02  0.0000e+00     1.4252e-02  0.0000e+00     3.7984e-03  0.0000e+00 
2.9903e-01     2.6095e-01  0.0000e+00     7.8034e-02  0.0000e+00     1.4247e-02  0.0000e+00     4.2604e-03  0.0000e+00 
3.3552e-01     1.2236e+00  0.0000e+00     4.1055e-01  0.0000e+00     7.4956e-02  0.0000e+00     2.5149e-02  0.0000e+00 
3.7646e-01     8.4992e-01  0.0000e+00     3.1996e-01  0.0000e+00     5.8417e-02  0.0000e+00     2.1992e-02  0.0000e+00 
4.2240e-01     4.1439e-01  0.0000e+00     1.7504e-01  0.0000e+00     3.1958e-02  0.0000e+00     1.3499e-02  0.0000e+00 
4.7394e-01     4.0620e-01  0.0000e+00     1.9251e-01  0.0000e+00     3.5148e-02  0.0000e+00     1.6658e-02  0.0000e+00 
5.3176e-01     2.7207e-01  0.0000e+00     1.4468e-01  0.0000e+00     2.6414e-02  0.0000e+00     1.4046e-02  0.0000e+00 
5.9665e-01     1.5637e-01  0.0000e+00     9.3298e-02  0.0000e+00     1.7034e-02  0.0000e+00     1.0163e-02  0.0000e+00 
6.6945e-01     2.1570e-01  0.0000e+00     1.4440e-01  0.0000e+00     2.6364e-02  0.0000e+00     1.7649e-02  0.0000e+00 
7.5114e-01     1.9717e-01  0.0000e+00     1.4810e-01  0.0000e+00     2.7040e-02  0.0000e+00     2.0311e-02  0.0000e+00 
8.4279e-01     9.9546e-02  0.0000e+00     8.3896e-02  0.0000e+00     1.5317e-02  0.0000e+00     1.2909e-02  0.0000e+00 
9.4563e-01     6.2139e-02  0.0000e+00     5.8761e-02  0.0000e+00     1.0728e-02  0.0000e+00     1.0145e-02  0.0000e+00 
1.0610e+00     4.9179e-02  0.0000e+00     5.2179e-02  0.0000e+00     9.5267e-03  0.0000e+00     1.0108e-02  0.0000e+00 
1.1905e+00     2.6967e-02  0.0000e+00     3.2104e-02  0.0000e+00     5.8614e-03  0.0000e+00     6.9779e-03  0.0000e+00 
1.3357e+00     1.7058e-02  0.0000e+00     2.2785e-02  0.0000e+00     4.1600e-03  0.0000e+00     5.5567e-03  0.0000e+00 
1.4987e+00     9.2068e-03  0.0000e+00     1.3798e-02  0.0000e+00     2.5192e-03  0.0000e+00     3.7756e-03  0.0000e+00 
1.6816e+00     4.3412e-03  0.0000e+00     7.3001e-03  0.0000e+00     1.3328e-03  0.0000e+00     2.2413e-03  0.0000e+00 
1.8868e+00     1.7147e-03  0.0000e+00     3.2353e-03  0.0000e+00     5.9069e-04  0.0000e+00     1.1145e-03  0.0000e+00 
2.1170e+00     6.5310e-04  0.0000e+00     1.3826e-03  0.0000e+00     2.5243e-04  0.0000e+00     5.3439e-04  0.0000e+00 
2.3753e+00     2.3283e-04  0.0000e+00     5.5304e-04  0.0000e+00     1.0097e-04  0.0000e+00     2.3984e-04  0.0000e+00 
2.6651e+00     1.1413e-04  0.0000e+00     3.0417e-04  0.0000e+00     5.5535e-05  0.0000e+00     1.4801e-04  0.0000e+00 
2.9903e+00     4.6236e-05  0.0000e+00     1.3826e-04  0.0000e+00     2.5243e-05  0.0000e+00     7.5485e-05  0.0000e+00 
3.3552e+00     0.0000e+00  0.0000e+00     0.0000e+00  0.0000e+00     0.0000e+00  0.0000e+00     0.0000e+00  0.0000e+00 
3.7646e+00     0.0000e+00  0.0000e+00     0.0000e+00  0.0000e+00     0.0000e+00  0.0000e+00     0.0000e+00  0.0000e+00 
4.2240e+00     0.0000e+00  0.0000e+00     0.0000e+00  0.0000e+00     0.0000e+00  0.0000e+00     0.0000e+00  0.0000e+00 
4.7394e+00     0.0000e+00  0.0000e+00     0.0000e+00  0.0000e+00     0.0000e+00  0.0000e+00     0.0000e+00  0.0000e+00 
5.3176e+00     0.0000e+00  0.0000e+00     0.0000e+00  0.0000e+00     0.0000e+00  0.0000e+00     0.0000e+00  0.0000e+00 
5.9665e+00     1.0468e-01  0.0000e+00     6.2455e-01  0.0000e+00     1.1403e-01  0.0000e+00     6.8034e-01  0.0000e+00 
6.6945e+00     2.6526e-02  0.0000e+00     1.7758e-01  0.0000e+00     3.2422e-02  0.0000e+00     2.1705e-01  0.0000e+00 
7.5114e+00     6.8142e-03  0.0000e+00     5.1184e-02  0.0000e+00     9.3450e-03  0.0000e+00     7.0193e-02  0.0000e+00 
8.4279e+00     2.9234e-02  0.0000e+00     2.4638e-01  0.0000e+00     4.4983e-02  0.0000e+00     3.7911e-01  0.0000e+00 
9.4563e+00     1.9700e-02  0.0000e+00     1.8629e-01  0.0000e+00     3.4012e-02  0.0000e+00     3.2163e-01  0.0000e+00 
1.0610e+01     2.8759e-02  0.0000e+00     3.0514e-01  0.0000e+00     5.5711e-02  0.0000e+00     5.9110e-01  0.0000e+00 
1.1905e+01     2.0868e-02  0.0000e+00     2.4843e-01  0.0000e+00     4.5357e-02  0.0000e+00     5.3996e-01  0.0000e+00 
1.3357e+01     1.5549e-02  0.0000e+00     2.0769e-01  0.0000e+00     3.7920e-02  0.0000e+00     5.0651e-01  0.0000e+00 
1.4987e+01     1.0140e-02  0.0000e+00     1.5198e-01  0.0000e+00     2.7747e-02  0.0000e+00     4.1585e-01  0.0000e+00 
1.6816e+01     7.0660e-03  0.0000e+00     1.1882e-01  0.0000e+00     2.1694e-02  0.0000e+00     3.6480e-01  0.0000e+00 
1.8868e+01     5.4197e-03  0.0000e+00     1.0226e-01  0.0000e+00     1.8670e-02  0.0000e+00     3.5225e-01  0.0000e+00 
2.1170e+01     5.0589e-03  0.0000e+00     1.0710e-01  0.0000e+00     1.9553e-02  0.0000e+00     4.1394e-01  0.0000e+00 
2.3753e+01     4.6310e-03  0.0000e+00     1.1000e-01  0.0000e+00     2.0083e-02  0.0000e+00     4.7704e-01  0.0000e+00 
2.6651e+01     3.1583e-03  0.0000e+00     8.4173e-02  0.0000e+00     1.5368e-02  0.0000e+00     4.0958e-01  0.0000e+00 
2.9903e+01     2.2554e-03  0.0000e+00     6.7443e-02  0.0000e+00     1.2314e-02  0.0000e+00     3.6822e-01  0.0000e+00 
3.3552e+01     1.9673e-03  0.0000e+00     6.6005e-02  0.0000e+00     1.2051e-02  0.0000e+00     4.0434e-01  0.0000e+00 
3.7646e+01     1.4602e-03  0.0000e+00     5.4972e-02  0.0000e+00     1.0037e-02  0.0000e+00     3.7784e-01  0.0000e+00 
4.2240e+01     9.9310e-04  0.0000e+00     4.1948e-02  0.0000e+00     7.6587e-03  0.0000e+00     3.2350e-01  0.0000e+00 
4.7394e+01     7.2057e-04  0.0000e+00     3.4150e-02  0.0000e+00     6.2350e-03  0.0000e+00     2.9550e-01  0.0000e+00 
5.3176e+01     5.0233e-04  0.0000e+00     2.6712e-02  0.0000e+00     4.8769e-03  0.0000e+00     2.5934e-01  0.0000e+00 
5.9665e+01     3.3322e-04  0.0000e+00     1.9882e-02  0.0000e+00     3.6299e-03  0.0000e+00     2.1658e-01  0.0000e+00 
6.6945e+01     1.8009e-04  0.0000e+00     1.2056e-02  0.0000e+00     2.2012e-03  0.0000e+00     1.4736e-01  0.0000e+00 
7.5114e+01     1.0970e-04  0.0000e+00     8.2403e-03  0.0000e+00     1.5045e-03  0.0000e+00     1.1301e-01  0.0000e+00 
8.4279e+01     5.6105e-05  0.0000e+00     4.7285e-03  0.0000e+00     8.6331e-04  0.0000e+00     7.2759e-02  0.0000e+00 
9.4563e+01     3.0997e-05  0.0000e+00     2.9311e-03  0.0000e+00     5.3515e-04  0.0000e+00     5.0605e-02  0.0000e+00 
1.0610e+02     1.1467e-05  0.0000e+00     1.2167e-03  0.0000e+00     2.2214e-04  0.0000e+00     2.3569e-02  0.0000e+00 
1.1905e+02     4.8778e-06  0.0000e+00     5.8069e-04  0.0000e+00     1.0602e-04  0.0000e+00     1.2621e-02  0.0000e+00 
1.3357e+02     1.0351e-06  0.0000e+00     1.3826e-04  0.0000e+00     2.5243e-05  0.0000e+00     3.3718e-03  0.0000e+00 
1.4987e+02     3.6901e-07  0.0000e+00     5.5304e-05  0.0000e+00     1.0097e-05  0.0000e+00     1.5133e-03  0.0000e+00 
1.6816e+02     0.0000e+00  0.0000e+00     0.0000e+00  0.0000e+00     0.0000e+00  0.0000e+00     0.0000e+00  0.0000e+00 
1.8868e+02     2.9311e-07  0.0000e+00     5.5304e-05  0.0000e+00     1.0097e-05  0.0000e+00     1.9051e-03  0.0000e+00 
2.1170e+02     0.0000e+00  0.0000e+00     0.0000e+00  0.0000e+00     0.0000e+00  0.0000e+00     0.0000e+00  0.0000e+00 
2.3753e+02     0.0000e+00  0.0000e+00     0.0000e+00  0.0000e+00     0.0000e+00  0.0000e+00     0.0000e+00  0.0000e+00 
2.6651e+02     0.0000e+00  0.0000e+00     0.0000e+00  0.0000e+00     0.0000e+00  0.0000e+00     0.0000e+00  0.0000e+00 
2.9903e+02     0.0000e+00  0.0000e+00     0.0000e+00  0.0000e+00     0.0000e+00  0.0000e+00     0.0000e+00  0.0000e+00 
3.3552e+02     0.0000e+00  0.0000e+00     0.0000e+00  0.0000e+00     0.0000e+00  0.0000e+00     0.0000e+00  0.0000e+00 
3.7646e+02     0.0000e+00  0.0000e+00     0.0000e+00  0.0000e+00     0.0000e+00  0.0000e+00     0.0000e+00  0.0000e+00 
4.2240e+02     0.0000e+00  0.0000e+00     0.0000e+00  0.0000e+00     0.0000e+00  0.0000e+00     0.0000e+00  0.0000e+00 
4.7394e+02     0.0000e+00  0.0000e+00     0.0000e+00  0.0000e+00     0.0000e+00  0.0000e+00     0.0000e+00  0.0000e+00 
5.3176e+02     0.0000e+00  0.0000e+00     0.0000e+00  0.0000e+00     0.0000e+00  0.0000e+00     0.0000e+00  0.0000e+00 
5.9665e+02     0.0000e+00  0.0000e+00     0.0000e+00  0.0000e+00     0.0000e+00  0.0000e+00     0.0000e+00  0.0000e+00 
6.6945e+02     0.0000e+00  0.0000e+00     0.0000e+00  0.0000e+00     0.0000e+00  0.0000e+00     0.0000e+00  0.0000e+00 
7.5114e+02     0.0000e+00  0.0000e+00     0.0000e+00  0.0000e+00     0.0000e+00  0.0000e+00     0.0000e+00  0.0000e+00 
8.4279e+02     0.0000e+00  0.0000e+00     0.0000e+00  0.0000e+00     0.0000e+00  0.0000e+00     0.0000e+00  0.0000e+00 
9.4563e+02     0.0000e+00  0.0000e+00     0.0000e+00  0.0000e+00     0.0000e+00  0.0000e+00     0.0000e+00  0.0000e+00 
1.0610e+03     0.0000e+00  0.0000e+00     0.0000e+00  0.0000e+00     0.0000e+00  0.0000e+00     0.0000e+00  0.0000e+00 
1.1905e+03     0.0000e+00  0.0000e+00     0.0000e+00  0.0000e+00     0.0000e+00  0.0000e+00     0.0000e+00  0.0000e+00 
1.3357e+03     0.0000e+00  0.0000e+00     0.0000e+00  0.0000e+00     0.0000e+00  0.0000e+00     0.0000e+00  0.0000e+00 
1.4987e+03     0.0000e+00  0.0000e+00     0.0000e+00  0.0000e+00     0.0000e+00  0.0000e+00     0.0000e+00  0.0000e+00 
1.6816e+03     0.0000e+00  0.0000e+00     0.0000e+00  0.0000e+00     0.0000e+00  0.0000e+00     0.0000e+00  0.0000e+00 
1.8868e+03     0.0000e+00  0.0000e+00     0.0000e+00  0.0000e+00     0.0000e+00  0.0000e+00     0.0000e+00  0.0000e+00 
2.1170e+03     0.0000e+00  0.0000e+00     0.0000e+00  0.0000e+00     0.0000e+00  0.0000e+00     0.0000e+00  0.0000e+00 
2.3753e+03     0.0000e+00  0.0000e+00     0.0000e+00  0.0000e+00     0.0000e+00  0.0000e+00     0.0000e+00  0.0000e+00 
2.6651e+03     0.0000e+00  0.0000e+00     0.0000e+00  0.0000e+00     0.0000e+00  0.0000e+00     0.0000e+00  0.0000e+00 
2.9903e+03     0.0000e+00  0.0000e+00     0.0000e+00  0.0000e+00     0.0000e+00  0.0000e+00     0.0000e+00  0.0000e+00 
3.3552e+03     0.0000e+00  0.0000e+00     0.0000e+00  0.0000e+00     0.0000e+00  0.0000e+00     0.0000e+00  0.0000e+00 
3.7646e+03     0.0000e+00  0.0000e+00     0.0000e+00  0.0000e+00     0.0000e+00  0.0000e+00     0.0000e+00  0.0000e+00 
4.2240e+03     0.0000e+00  0.0000e+00     0.0000e+00  0.0000e+00     0.0000e+00  0.0000e+00     0.0000e+00  0.0000e+00 
4.7394e+03     0.0000e+00  0.0000e+00     0.0000e+00  0.0000e+00     0.0000e+00  0.0000e+00     0.0000e+00  0.0000e+00 
5.3176e+03     0.0000e+00  0.0000e+00     0.0000e+00  0.0000e+00     0.0000e+00  0.0000e+00     0.0000e+00  0.0000e+00 
5.9665e+03     0.0000e+00  0.0000e+00     0.0000e+00  0.0000e+00     0.0000e+00  0.0000e+00     0.0000e+00  0.0000e+00 
6.6945e+03     0.0000e+00  0.0000e+00     0.0000e+00  0.0000e+00     0.0000e+00  0.0000e+00     0.0000e+00  0.0000e+00 
7.5114e+03     0.0000e+00  0.0000e+00     0.0000e+00  0.0000e+00     0.0000e+00  0.0000e+00     0.0000e+00  0.0000e+00 
8.4279e+03     0.0000e+00  0.0000e+00     0.0000e+00  0.0000e+00     0.0000e+00  0.0000e+00     0.0000e+00  0.0000e+00 
9.4563e+03     0.0000e+00  0.0000e+00     0.0000e+00  0.0000e+00     0.0000e+00  0.0000e+00     0.0000e+00  0.0000e+00 
