yF = 3.7004e+00 (std: 0.0000e+00) keV/um
yD = 2.0699e+01 (std: 0.0000e+00) keV/um
y (keV/um)     f(y)(std)                  yf(y)(std)                 d(y)(std)                  yd(y)(std)  
1.0610e-01     2.7596e+01  0.0000e+00     2.9280e+00  0.0000e+00     7.9126e-01  0.0000e+00     8.3954e-02  0.0000e+00 
1.1905e-01     1.8959e+00  0.0000e+00     2.2570e-01  0.0000e+00     6.0993e-02  0.0000e+00     7.2611e-03  0.0000e+00 
1.3357e-01     5.2518e-01  0.0000e+00     7.0149e-02  0.0000e+00     1.8957e-02  0.0000e+00     2.5322e-03  0.0000e+00 
1.4987e-01     3.1136e+00  0.0000e+00     4.6665e-01  0.0000e+00     1.2611e-01  0.0000e+00     1.8900e-02  0.0000e+00 
1.6816e-01     8.7060e-01  0.0000e+00     1.4640e-01  0.0000e+00     3.9563e-02  0.0000e+00     6.6529e-03  0.0000e+00 
1.8868e-01     7.4359e-01  0.0000e+00     1.4030e-01  0.0000e+00     3.7915e-02  0.0000e+00     7.1536e-03  0.0000e+00 
2.1170e-01     7.3476e-01  0.0000e+00     1.5555e-01  0.0000e+00     4.2036e-02  0.0000e+00     8.8989e-03  0.0000e+00 
2.3753e-01     5.1361e-01  0.0000e+00     1.2200e-01  0.0000e+00     3.2969e-02  0.0000e+00     7.8312e-03  0.0000e+00 
2.6651e-01     2.4032e-01  0.0000e+00     6.4049e-02  0.0000e+00     1.7309e-02  0.0000e+00     4.6130e-03  0.0000e+00 
2.9903e-01     2.2439e-01  0.0000e+00     6.7099e-02  0.0000e+00     1.8133e-02  0.0000e+00     5.4224e-03  0.0000e+00 
3.3552e-01     1.2635e+00  0.0000e+00     4.2395e-01  0.0000e+00     1.1457e-01  0.0000e+00     3.8440e-02  0.0000e+00 
3.7646e-01     1.0289e+00  0.0000e+00     3.8735e-01  0.0000e+00     1.0468e-01  0.0000e+00     3.9407e-02  0.0000e+00 
4.2240e-01     3.4659e-01  0.0000e+00     1.4640e-01  0.0000e+00     3.9563e-02  0.0000e+00     1.6711e-02  0.0000e+00 
4.7394e-01     3.9256e-01  0.0000e+00     1.8605e-01  0.0000e+00     5.0278e-02  0.0000e+00     2.3829e-02  0.0000e+00 
5.3176e-01     2.4663e-01  0.0000e+00     1.3115e-01  0.0000e+00     3.5442e-02  0.0000e+00     1.8847e-02  0.0000e+00 
5.9665e-01     1.4313e-01  0.0000e+00     8.5399e-02  0.0000e+00     2.3078e-02  0.0000e+00     1.3770e-02  0.0000e+00 
6.6945e-01     2.6424e-01  0.0000e+00     1.7690e-01  0.0000e+00     4.7805e-02  0.0000e+00     3.2003e-02  0.0000e+00 
7.5114e-01     2.0302e-01  0.0000e+00     1.5250e-01  0.0000e+00     4.1212e-02  0.0000e+00     3.0956e-02  0.0000e+00 
8.4279e-01     9.7710e-02  0.0000e+00     8.2349e-02  0.0000e+00     2.2254e-02  0.0000e+00     1.8756e-02  0.0000e+00 
9.4563e-01     8.0634e-02  0.0000e+00     7.6249e-02  0.0000e+00     2.0606e-02  0.0000e+00     1.9485e-02  0.0000e+00 
1.0610e+00     4.5994e-02  0.0000e+00     4.8800e-02  0.0000e+00     1.3188e-02  0.0000e+00     1.3992e-02  0.0000e+00 
1.1905e+00     2.3058e-02  0.0000e+00     2.7450e-02  0.0000e+00     7.4181e-03  0.0000e+00     8.8310e-03  0.0000e+00 
1.3357e+00     1.5984e-02  0.0000e+00     2.1350e-02  0.0000e+00     5.7696e-03  0.0000e+00     7.7067e-03  0.0000e+00 
1.4987e+00     1.0175e-02  0.0000e+00     1.5250e-02  0.0000e+00     4.1212e-03  0.0000e+00     6.1764e-03  0.0000e+00 
1.6816e+00     0.0000e+00  0.0000e+00     0.0000e+00  0.0000e+00     0.0000e+00  0.0000e+00     0.0000e+00  0.0000e+00 
1.8868e+00     0.0000e+00  0.0000e+00     0.0000e+00  0.0000e+00     0.0000e+00  0.0000e+00     0.0000e+00  0.0000e+00 
2.1170e+00     0.0000e+00  0.0000e+00     0.0000e+00  0.0000e+00     0.0000e+00  0.0000e+00     0.0000e+00  0.0000e+00 
2.3753e+00     0.0000e+00  0.0000e+00     0.0000e+00  0.0000e+00     0.0000e+00  0.0000e+00     0.0000e+00  0.0000e+00 
2.6651e+00     0.0000e+00  0.0000e+00     0.0000e+00  0.0000e+00     0.0000e+00  0.0000e+00     0.0000e+00  0.0000e+00 
2.9903e+00     0.0000e+00  0.0000e+00     0.0000e+00  0.0000e+00     0.0000e+00  0.0000e+00     0.0000e+00  0.0000e+00 
3.3552e+00     0.0000e+00  0.0000e+00     0.0000e+00  0.0000e+00     0.0000e+00  0.0000e+00     0.0000e+00  0.0000e+00 
3.7646e+00     0.0000e+00  0.0000e+00     0.0000e+00  0.0000e+00     0.0000e+00  0.0000e+00     0.0000e+00  0.0000e+00 
4.2240e+00     0.0000e+00  0.0000e+00     0.0000e+00  0.0000e+00     0.0000e+00  0.0000e+00     0.0000e+00  0.0000e+00 
4.7394e+00     0.0000e+00  0.0000e+00     0.0000e+00  0.0000e+00     0.0000e+00  0.0000e+00     0.0000e+00  0.0000e+00 
5.3176e+00     0.0000e+00  0.0000e+00     0.0000e+00  0.0000e+00     0.0000e+00  0.0000e+00     0.0000e+00  0.0000e+00 
5.9665e+00     1.2677e-01  0.0000e+00     7.5639e-01  0.0000e+00     2.0441e-01  0.0000e+00     1.2196e+00  0.0000e+00 
6.6945e+00     2.4602e-02  0.0000e+00     1.6470e-01  0.0000e+00     4.4509e-02  0.0000e+00     2.9796e-01  0.0000e+00 
7.5114e+00     3.2484e-03  0.0000e+00     2.4400e-02  0.0000e+00     6.5939e-03  0.0000e+00     4.9529e-02  0.0000e+00 
8.4279e+00     1.9904e-02  0.0000e+00     1.6775e-01  0.0000e+00     4.5333e-02  0.0000e+00     3.8206e-01  0.0000e+00 
9.4563e+00     1.0966e-02  0.0000e+00     1.0370e-01  0.0000e+00     2.8024e-02  0.0000e+00     2.6500e-01  0.0000e+00 
1.0610e+01     2.1847e-02  0.0000e+00     2.3180e-01  0.0000e+00     6.2642e-02  0.0000e+00     6.6463e-01  0.0000e+00 
1.1905e+01     1.2810e-02  0.0000e+00     1.5250e-01  0.0000e+00     4.1212e-02  0.0000e+00     4.9061e-01  0.0000e+00 
1.3357e+01     1.1189e-02  0.0000e+00     1.4945e-01  0.0000e+00     4.0387e-02  0.0000e+00     5.3947e-01  0.0000e+00 
1.4987e+01     5.4947e-03  0.0000e+00     8.2349e-02  0.0000e+00     2.2254e-02  0.0000e+00     3.3353e-01  0.0000e+00 
1.6816e+01     4.1716e-03  0.0000e+00     7.0149e-02  0.0000e+00     1.8957e-02  0.0000e+00     3.1878e-01  0.0000e+00 
1.8868e+01     3.8796e-03  0.0000e+00     7.3199e-02  0.0000e+00     1.9782e-02  0.0000e+00     3.7323e-01  0.0000e+00 
2.1170e+01     3.3136e-03  0.0000e+00     7.0149e-02  0.0000e+00     1.8957e-02  0.0000e+00     4.0133e-01  0.0000e+00 
2.3753e+01     2.1829e-03  0.0000e+00     5.1850e-02  0.0000e+00     1.4012e-02  0.0000e+00     3.3283e-01  0.0000e+00 
2.6651e+01     2.2888e-03  0.0000e+00     6.1000e-02  0.0000e+00     1.6485e-02  0.0000e+00     4.3934e-01  0.0000e+00 
2.9903e+01     1.2239e-03  0.0000e+00     3.6600e-02  0.0000e+00     9.8908e-03  0.0000e+00     2.9577e-01  0.0000e+00 
3.3552e+01     1.0908e-03  0.0000e+00     3.6600e-02  0.0000e+00     9.8908e-03  0.0000e+00     3.3186e-01  0.0000e+00 
3.7646e+01     1.2153e-03  0.0000e+00     4.5750e-02  0.0000e+00     1.2363e-02  0.0000e+00     4.6544e-01  0.0000e+00 
4.2240e+01     4.3324e-04  0.0000e+00     1.8300e-02  0.0000e+00     4.9454e-03  0.0000e+00     2.0889e-01  0.0000e+00 
4.7394e+01     1.2871e-04  0.0000e+00     6.1000e-03  0.0000e+00     1.6485e-03  0.0000e+00     7.8127e-02  0.0000e+00 
5.3176e+01     4.5885e-04  0.0000e+00     2.4400e-02  0.0000e+00     6.5939e-03  0.0000e+00     3.5064e-01  0.0000e+00 
5.9665e+01     5.1118e-05  0.0000e+00     3.0500e-03  0.0000e+00     8.2423e-04  0.0000e+00     4.9178e-02  0.0000e+00 
6.6945e+01     9.1119e-05  0.0000e+00     6.1000e-03  0.0000e+00     1.6485e-03  0.0000e+00     1.1036e-01  0.0000e+00 
7.5114e+01     1.2181e-04  0.0000e+00     9.1499e-03  0.0000e+00     2.4727e-03  0.0000e+00     1.8573e-01  0.0000e+00 
8.4279e+01     3.6189e-05  0.0000e+00     3.0500e-03  0.0000e+00     8.2423e-04  0.0000e+00     6.9465e-02  0.0000e+00 
9.4563e+01     0.0000e+00  0.0000e+00     0.0000e+00  0.0000e+00     0.0000e+00  0.0000e+00     0.0000e+00  0.0000e+00 
1.0610e+02     0.0000e+00  0.0000e+00     0.0000e+00  0.0000e+00     0.0000e+00  0.0000e+00     0.0000e+00  0.0000e+00 
1.1905e+02     0.0000e+00  0.0000e+00     0.0000e+00  0.0000e+00     0.0000e+00  0.0000e+00     0.0000e+00  0.0000e+00 
1.3357e+02     0.0000e+00  0.0000e+00     0.0000e+00  0.0000e+00     0.0000e+00  0.0000e+00     0.0000e+00  0.0000e+00 
1.4987e+02     0.0000e+00  0.0000e+00     0.0000e+00  0.0000e+00     0.0000e+00  0.0000e+00     0.0000e+00  0.0000e+00 
1.6816e+02     0.0000e+00  0.0000e+00     0.0000e+00  0.0000e+00     0.0000e+00  0.0000e+00     0.0000e+00  0.0000e+00 
1.8868e+02     0.0000e+00  0.0000e+00     0.0000e+00  0.0000e+00     0.0000e+00  0.0000e+00     0.0000e+00  0.0000e+00 
2.1170e+02     0.0000e+00  0.0000e+00     0.0000e+00  0.0000e+00     0.0000e+00  0.0000e+00     0.0000e+00  0.0000e+00 
2.3753e+02     0.0000e+00  0.0000e+00     0.0000e+00  0.0000e+00     0.0000e+00  0.0000e+00     0.0000e+00  0.0000e+00 
2.6651e+02     0.0000e+00  0.0000e+00     0.0000e+00  0.0000e+00     0.0000e+00  0.0000e+00     0.0000e+00  0.0000e+00 
2.9903e+02     0.0000e+00  0.0000e+00     0.0000e+00  0.0000e+00     0.0000e+00  0.0000e+00     0.0000e+00  0.0000e+00 
3.3552e+02     0.0000e+00  0.0000e+00     0.0000e+00  0.0000e+00     0.0000e+00  0.0000e+00     0.0000e+00  0.0000e+00 
3.7646e+02     0.0000e+00  0.0000e+00     0.0000e+00  0.0000e+00     0.0000e+00  0.0000e+00     0.0000e+00  0.0000e+00 
4.2240e+02     0.0000e+00  0.0000e+00     0.0000e+00  0.0000e+00     0.0000e+00  0.0000e+00     0.0000e+00  0.0000e+00 
4.7394e+02     0.0000e+00  0.0000e+00     0.0000e+00  0.0000e+00     0.0000e+00  0.0000e+00     0.0000e+00  0.0000e+00 
5.3176e+02     0.0000e+00  0.0000e+00     0.0000e+00  0.0000e+00     0.0000e+00  0.0000e+00     0.0000e+00  0.0000e+00 
5.9665e+02     0.0000e+00  0.0000e+00     0.0000e+00  0.0000e+00     0.0000e+00  0.0000e+00     0.0000e+00  0.0000e+00 
6.6945e+02     0.0000e+00  0.0000e+00     0.0000e+00  0.0000e+00     0.0000e+00  0.0000e+00     0.0000e+00  0.0000e+00 
7.5114e+02     0.0000e+00  0.0000e+00     0.0000e+00  0.0000e+00     0.0000e+00  0.0000e+00     0.0000e+00  0.0000e+00 
8.4279e+02     0.0000e+00  0.0000e+00     0.0000e+00  0.0000e+00     0.0000e+00  0.0000e+00     0.0000e+00  0.0000e+00 
9.4563e+02     0.0000e+00  0.0000e+00     0.0000e+00  0.0000e+00     0.0000e+00  0.0000e+00     0.0000e+00  0.0000e+00 
1.0610e+03     0.0000e+00  0.0000e+00     0.0000e+00  0.0000e+00     0.0000e+00  0.0000e+00     0.0000e+00  0.0000e+00 
1.1905e+03     0.0000e+00  0.0000e+00     0.0000e+00  0.0000e+00     0.0000e+00  0.0000e+00     0.0000e+00  0.0000e+00 
1.3357e+03     0.0000e+00  0.0000e+00     0.0000e+00  0.0000e+00     0.0000e+00  0.0000e+00     0.0000e+00  0.0000e+00 
1.4987e+03     0.0000e+00  0.0000e+00     0.0000e+00  0.0000e+00     0.0000e+00  0.0000e+00     0.0000e+00  0.0000e+00 
1.6816e+03     0.0000e+00  0.0000e+00     0.0000e+00  0.0000e+00     0.0000e+00  0.0000e+00     0.0000e+00  0.0000e+00 
1.8868e+03     0.0000e+00  0.0000e+00     0.0000e+00  0.0000e+00     0.0000e+00  0.0000e+00     0.0000e+00  0.0000e+00 
2.1170e+03     0.0000e+00  0.0000e+00     0.0000e+00  0.0000e+00     0.0000e+00  0.0000e+00     0.0000e+00  0.0000e+00 
2.3753e+03     0.0000e+00  0.0000e+00     0.0000e+00  0.0000e+00     0.0000e+00  0.0000e+00     0.0000e+00  0.0000e+00 
2.6651e+03     0.0000e+00  0.0000e+00     0.0000e+00  0.0000e+00     0.0000e+00  0.0000e+00     0.0000e+00  0.0000e+00 
2.9903e+03     0.0000e+00  0.0000e+00     0.0000e+00  0.0000e+00     0.0000e+00  0.0000e+00     0.0000e+00  0.0000e+00 
3.3552e+03     0.0000e+00  0.0000e+00     0.0000e+00  0.0000e+00     0.0000e+00  0.0000e+00     0.0000e+00  0.0000e+00 
3.7646e+03     0.0000e+00  0.0000e+00     0.0000e+00  0.0000e+00     0.0000e+00  0.0000e+00     0.0000e+00  0.0000e+00 
4.2240e+03     0.0000e+00  0.0000e+00     0.0000e+00  0.0000e+00     0.0000e+00  0.0000e+00     0.0000e+00  0.0000e+00 
4.7394e+03     0.0000e+00  0.0000e+00     0.0000e+00  0.0000e+00     0.0000e+00  0.0000e+00     0.0000e+00  0.0000e+00 
5.3176e+03     0.0000e+00  0.0000e+00     0.0000e+00  0.0000e+00     0.0000e+00  0.0000e+00     0.0000e+00  0.0000e+00 
5.9665e+03     0.0000e+00  0.0000e+00     0.0000e+00  0.0000e+00     0.0000e+00  0.0000e+00     0.0000e+00  0.0000e+00 
6.6945e+03     0.0000e+00  0.0000e+00     0.0000e+00  0.0000e+00     0.0000e+00  0.0000e+00     0.0000e+00  0.0000e+00 
7.5114e+03     0.0000e+00  0.0000e+00     0.0000e+00  0.0000e+00     0.0000e+00  0.0000e+00     0.0000e+00  0.0000e+00 
8.4279e+03     0.0000e+00  0.0000e+00     0.0000e+00  0.0000e+00     0.0000e+00  0.0000e+00     0.0000e+00  0.0000e+00 
9.4563e+03     0.0000e+00  0.0000e+00     0.0000e+00  0.0000e+00     0.0000e+00  0.0000e+00     0.0000e+00  0.0000e+00 
