yF = 4.6819e+00 (std: 0.0000e+00) keV/um
yD = 2.4019e+01 (std: 0.0000e+00) keV/um
y (keV/um)     f(y)(std)                  yf(y)(std)                 d(y)(std)                  yd(y)(std)  
1.0610e-01     2.4986e+01  0.0000e+00     2.6511e+00  0.0000e+00     5.6624e-01  0.0000e+00     6.0079e-02  0.0000e+00 
1.1905e-01     1.8730e+00  0.0000e+00     2.2297e-01  0.0000e+00     4.7625e-02  0.0000e+00     5.6696e-03  0.0000e+00 
1.3357e-01     5.6630e-01  0.0000e+00     7.5643e-02  0.0000e+00     1.6157e-02  0.0000e+00     2.1581e-03  0.0000e+00 
1.4987e-01     2.8609e+00  0.0000e+00     4.2877e-01  0.0000e+00     9.1580e-02  0.0000e+00     1.3725e-02  0.0000e+00 
1.6816e-01     9.1657e-01  0.0000e+00     1.5413e-01  0.0000e+00     3.2920e-02  0.0000e+00     5.5358e-03  0.0000e+00 
1.8868e-01     6.1054e-01  0.0000e+00     1.1519e-01  0.0000e+00     2.4604e-02  0.0000e+00     4.6423e-03  0.0000e+00 
2.1170e-01     6.6091e-01  0.0000e+00     1.3991e-01  0.0000e+00     2.9884e-02  0.0000e+00     6.3265e-03  0.0000e+00 
2.3753e-01     6.1454e-01  0.0000e+00     1.4597e-01  0.0000e+00     3.1178e-02  0.0000e+00     7.4057e-03  0.0000e+00 
2.6651e-01     2.5136e-01  0.0000e+00     6.6991e-02  0.0000e+00     1.4309e-02  0.0000e+00     3.8134e-03  0.0000e+00 
2.9903e-01     2.5544e-01  0.0000e+00     7.6385e-02  0.0000e+00     1.6315e-02  0.0000e+00     4.8787e-03  0.0000e+00 
3.3552e-01     1.3542e+00  0.0000e+00     4.5435e-01  0.0000e+00     9.7045e-02  0.0000e+00     3.2561e-02  0.0000e+00 
3.7646e-01     9.0518e-01  0.0000e+00     3.4076e-01  0.0000e+00     7.2784e-02  0.0000e+00     2.7400e-02  0.0000e+00 
4.2240e-01     4.2254e-01  0.0000e+00     1.7848e-01  0.0000e+00     3.8121e-02  0.0000e+00     1.6102e-02  0.0000e+00 
4.7394e-01     4.0423e-01  0.0000e+00     1.9158e-01  0.0000e+00     4.0919e-02  0.0000e+00     1.9393e-02  0.0000e+00 
5.3176e-01     2.5707e-01  0.0000e+00     1.3670e-01  0.0000e+00     2.9198e-02  0.0000e+00     1.5526e-02  0.0000e+00 
5.9665e-01     1.3631e-01  0.0000e+00     8.1329e-02  0.0000e+00     1.7371e-02  0.0000e+00     1.0364e-02  0.0000e+00 
6.6945e-01     2.4094e-01  0.0000e+00     1.6130e-01  0.0000e+00     3.4451e-02  0.0000e+00     2.3064e-02  0.0000e+00 
7.5114e-01     1.8989e-01  0.0000e+00     1.4263e-01  0.0000e+00     3.0465e-02  0.0000e+00     2.2883e-02  0.0000e+00 
8.4279e-01     8.9460e-02  0.0000e+00     7.5396e-02  0.0000e+00     1.6104e-02  0.0000e+00     1.3572e-02  0.0000e+00 
9.4563e-01     5.1760e-02  0.0000e+00     4.8945e-02  0.0000e+00     1.0454e-02  0.0000e+00     9.8858e-03  0.0000e+00 
1.0610e+00     4.0190e-02  0.0000e+00     4.2642e-02  0.0000e+00     9.1078e-03  0.0000e+00     9.6635e-03  0.0000e+00 
1.1905e+00     2.4399e-02  0.0000e+00     2.9046e-02  0.0000e+00     6.2039e-03  0.0000e+00     7.3856e-03  0.0000e+00 
1.3357e+00     1.3417e-02  0.0000e+00     1.7922e-02  0.0000e+00     3.8279e-03  0.0000e+00     5.1131e-03  0.0000e+00 
1.4987e+00     7.0925e-03  0.0000e+00     1.0630e-02  0.0000e+00     2.2704e-03  0.0000e+00     3.4026e-03  0.0000e+00 
1.6816e+00     3.6016e-03  0.0000e+00     6.0564e-03  0.0000e+00     1.2936e-03  0.0000e+00     2.1753e-03  0.0000e+00 
1.8868e+00     1.1136e-03  0.0000e+00     2.1012e-03  0.0000e+00     4.4879e-04  0.0000e+00     8.4677e-04  0.0000e+00 
2.1170e+00     1.7515e-04  0.0000e+00     3.7080e-04  0.0000e+00     7.9199e-05  0.0000e+00     1.6766e-04  0.0000e+00 
2.3753e+00     0.0000e+00  0.0000e+00     0.0000e+00  0.0000e+00     0.0000e+00  0.0000e+00     0.0000e+00  0.0000e+00 
2.6651e+00     4.6377e-05  0.0000e+00     1.2360e-04  0.0000e+00     2.6400e-05  0.0000e+00     7.0358e-05  0.0000e+00 
2.9903e+00     4.1333e-05  0.0000e+00     1.2360e-04  0.0000e+00     2.6400e-05  0.0000e+00     7.8943e-05  0.0000e+00 
3.3552e+00     0.0000e+00  0.0000e+00     0.0000e+00  0.0000e+00     0.0000e+00  0.0000e+00     0.0000e+00  0.0000e+00 
3.7646e+00     0.0000e+00  0.0000e+00     0.0000e+00  0.0000e+00     0.0000e+00  0.0000e+00     0.0000e+00  0.0000e+00 
4.2240e+00     0.0000e+00  0.0000e+00     0.0000e+00  0.0000e+00     0.0000e+00  0.0000e+00     0.0000e+00  0.0000e+00 
4.7394e+00     0.0000e+00  0.0000e+00     0.0000e+00  0.0000e+00     0.0000e+00  0.0000e+00     0.0000e+00  0.0000e+00 
5.3176e+00     0.0000e+00  0.0000e+00     0.0000e+00  0.0000e+00     0.0000e+00  0.0000e+00     0.0000e+00  0.0000e+00 
5.9665e+00     1.1485e-01  0.0000e+00     6.8524e-01  0.0000e+00     1.4636e-01  0.0000e+00     8.7325e-01  0.0000e+00 
6.6945e+00     2.2672e-02  0.0000e+00     1.5178e-01  0.0000e+00     3.2419e-02  0.0000e+00     2.1703e-01  0.0000e+00 
7.5114e+00     5.9238e-03  0.0000e+00     4.4496e-02  0.0000e+00     9.5038e-03  0.0000e+00     7.1387e-02  0.0000e+00 
8.4279e+00     2.6691e-02  0.0000e+00     2.2495e-01  0.0000e+00     4.8047e-02  0.0000e+00     4.0494e-01  0.0000e+00 
9.4563e+00     1.6704e-02  0.0000e+00     1.5796e-01  0.0000e+00     3.3739e-02  0.0000e+00     3.1904e-01  0.0000e+00 
1.0610e+01     2.3799e-02  0.0000e+00     2.5251e-01  0.0000e+00     5.3934e-02  0.0000e+00     5.7225e-01  0.0000e+00 
1.1905e+01     1.7204e-02  0.0000e+00     2.0480e-01  0.0000e+00     4.3744e-02  0.0000e+00     5.2076e-01  0.0000e+00 
1.3357e+01     1.2261e-02  0.0000e+00     1.6377e-01  0.0000e+00     3.4979e-02  0.0000e+00     4.6723e-01  0.0000e+00 
1.4987e+01     7.8264e-03  0.0000e+00     1.1730e-01  0.0000e+00     2.5053e-02  0.0000e+00     3.7548e-01  0.0000e+00 
1.6816e+01     5.0349e-03  0.0000e+00     8.4666e-02  0.0000e+00     1.8084e-02  0.0000e+00     3.0409e-01  0.0000e+00 
1.8868e+01     4.1598e-03  0.0000e+00     7.8486e-02  0.0000e+00     1.6764e-02  0.0000e+00     3.1629e-01  0.0000e+00 
2.1170e+01     3.8242e-03  0.0000e+00     8.0958e-02  0.0000e+00     1.7292e-02  0.0000e+00     3.6606e-01  0.0000e+00 
2.3753e+01     3.9339e-03  0.0000e+00     9.3441e-02  0.0000e+00     1.9958e-02  0.0000e+00     4.7406e-01  0.0000e+00 
2.6651e+01     2.5090e-03  0.0000e+00     6.6867e-02  0.0000e+00     1.4282e-02  0.0000e+00     3.8064e-01  0.0000e+00 
2.9903e+01     1.8600e-03  0.0000e+00     5.5620e-02  0.0000e+00     1.1880e-02  0.0000e+00     3.5525e-01  0.0000e+00 
3.3552e+01     1.5988e-03  0.0000e+00     5.3642e-02  0.0000e+00     1.1457e-02  0.0000e+00     3.8442e-01  0.0000e+00 
3.7646e+01     1.1721e-03  0.0000e+00     4.4125e-02  0.0000e+00     9.4246e-03  0.0000e+00     3.5480e-01  0.0000e+00 
4.2240e+01     8.5151e-04  0.0000e+00     3.5967e-02  0.0000e+00     7.6823e-03  0.0000e+00     3.2450e-01  0.0000e+00 
4.7394e+01     7.1458e-04  0.0000e+00     3.3866e-02  0.0000e+00     7.2335e-03  0.0000e+00     3.4282e-01  0.0000e+00 
5.3176e+01     4.0676e-04  0.0000e+00     2.1630e-02  0.0000e+00     4.6199e-03  0.0000e+00     2.4567e-01  0.0000e+00 
5.9665e+01     2.9002e-04  0.0000e+00     1.7304e-02  0.0000e+00     3.6959e-03  0.0000e+00     2.2052e-01  0.0000e+00 
6.6945e+01     1.9755e-04  0.0000e+00     1.3225e-02  0.0000e+00     2.8248e-03  0.0000e+00     1.8910e-01  0.0000e+00 
7.5114e+01     8.5566e-05  0.0000e+00     6.4272e-03  0.0000e+00     1.3728e-03  0.0000e+00     1.0311e-01  0.0000e+00 
8.4279e+01     5.1329e-05  0.0000e+00     4.3260e-03  0.0000e+00     9.2398e-04  0.0000e+00     7.7872e-02  0.0000e+00 
9.4563e+01     2.6141e-05  0.0000e+00     2.4720e-03  0.0000e+00     5.2799e-04  0.0000e+00     4.9928e-02  0.0000e+00 
1.0610e+02     1.5144e-05  0.0000e+00     1.6068e-03  0.0000e+00     3.4319e-04  0.0000e+00     3.6413e-02  0.0000e+00 
1.1905e+02     2.0765e-06  0.0000e+00     2.4720e-04  0.0000e+00     5.2799e-05  0.0000e+00     6.2856e-03  0.0000e+00 
1.3357e+02     0.0000e+00  0.0000e+00     0.0000e+00  0.0000e+00     0.0000e+00  0.0000e+00     0.0000e+00  0.0000e+00 
1.4987e+02     8.2470e-07  0.0000e+00     1.2360e-04  0.0000e+00     2.6400e-05  0.0000e+00     3.9565e-03  0.0000e+00 
1.6816e+02     7.3502e-07  0.0000e+00     1.2360e-04  0.0000e+00     2.6400e-05  0.0000e+00     4.4393e-03  0.0000e+00 
1.8868e+02     0.0000e+00  0.0000e+00     0.0000e+00  0.0000e+00     0.0000e+00  0.0000e+00     0.0000e+00  0.0000e+00 
2.1170e+02     0.0000e+00  0.0000e+00     0.0000e+00  0.0000e+00     0.0000e+00  0.0000e+00     0.0000e+00  0.0000e+00 
2.3753e+02     0.0000e+00  0.0000e+00     0.0000e+00  0.0000e+00     0.0000e+00  0.0000e+00     0.0000e+00  0.0000e+00 
2.6651e+02     0.0000e+00  0.0000e+00     0.0000e+00  0.0000e+00     0.0000e+00  0.0000e+00     0.0000e+00  0.0000e+00 
2.9903e+02     0.0000e+00  0.0000e+00     0.0000e+00  0.0000e+00     0.0000e+00  0.0000e+00     0.0000e+00  0.0000e+00 
3.3552e+02     0.0000e+00  0.0000e+00     0.0000e+00  0.0000e+00     0.0000e+00  0.0000e+00     0.0000e+00  0.0000e+00 
3.7646e+02     0.0000e+00  0.0000e+00     0.0000e+00  0.0000e+00     0.0000e+00  0.0000e+00     0.0000e+00  0.0000e+00 
4.2240e+02     0.0000e+00  0.0000e+00     0.0000e+00  0.0000e+00     0.0000e+00  0.0000e+00     0.0000e+00  0.0000e+00 
4.7394e+02     0.0000e+00  0.0000e+00     0.0000e+00  0.0000e+00     0.0000e+00  0.0000e+00     0.0000e+00  0.0000e+00 
5.3176e+02     0.0000e+00  0.0000e+00     0.0000e+00  0.0000e+00     0.0000e+00  0.0000e+00     0.0000e+00  0.0000e+00 
5.9665e+02     0.0000e+00  0.0000e+00     0.0000e+00  0.0000e+00     0.0000e+00  0.0000e+00     0.0000e+00  0.0000e+00 
6.6945e+02     0.0000e+00  0.0000e+00     0.0000e+00  0.0000e+00     0.0000e+00  0.0000e+00     0.0000e+00  0.0000e+00 
7.5114e+02     0.0000e+00  0.0000e+00     0.0000e+00  0.0000e+00     0.0000e+00  0.0000e+00     0.0000e+00  0.0000e+00 
8.4279e+02     0.0000e+00  0.0000e+00     0.0000e+00  0.0000e+00     0.0000e+00  0.0000e+00     0.0000e+00  0.0000e+00 
9.4563e+02     0.0000e+00  0.0000e+00     0.0000e+00  0.0000e+00     0.0000e+00  0.0000e+00     0.0000e+00  0.0000e+00 
1.0610e+03     0.0000e+00  0.0000e+00     0.0000e+00  0.0000e+00     0.0000e+00  0.0000e+00     0.0000e+00  0.0000e+00 
1.1905e+03     0.0000e+00  0.0000e+00     0.0000e+00  0.0000e+00     0.0000e+00  0.0000e+00     0.0000e+00  0.0000e+00 
1.3357e+03     0.0000e+00  0.0000e+00     0.0000e+00  0.0000e+00     0.0000e+00  0.0000e+00     0.0000e+00  0.0000e+00 
1.4987e+03     0.0000e+00  0.0000e+00     0.0000e+00  0.0000e+00     0.0000e+00  0.0000e+00     0.0000e+00  0.0000e+00 
1.6816e+03     0.0000e+00  0.0000e+00     0.0000e+00  0.0000e+00     0.0000e+00  0.0000e+00     0.0000e+00  0.0000e+00 
1.8868e+03     0.0000e+00  0.0000e+00     0.0000e+00  0.0000e+00     0.0000e+00  0.0000e+00     0.0000e+00  0.0000e+00 
2.1170e+03     0.0000e+00  0.0000e+00     0.0000e+00  0.0000e+00     0.0000e+00  0.0000e+00     0.0000e+00  0.0000e+00 
2.3753e+03     0.0000e+00  0.0000e+00     0.0000e+00  0.0000e+00     0.0000e+00  0.0000e+00     0.0000e+00  0.0000e+00 
2.6651e+03     0.0000e+00  0.0000e+00     0.0000e+00  0.0000e+00     0.0000e+00  0.0000e+00     0.0000e+00  0.0000e+00 
2.9903e+03     0.0000e+00  0.0000e+00     0.0000e+00  0.0000e+00     0.0000e+00  0.0000e+00     0.0000e+00  0.0000e+00 
3.3552e+03     0.0000e+00  0.0000e+00     0.0000e+00  0.0000e+00     0.0000e+00  0.0000e+00     0.0000e+00  0.0000e+00 
3.7646e+03     0.0000e+00  0.0000e+00     0.0000e+00  0.0000e+00     0.0000e+00  0.0000e+00     0.0000e+00  0.0000e+00 
4.2240e+03     0.0000e+00  0.0000e+00     0.0000e+00  0.0000e+00     0.0000e+00  0.0000e+00     0.0000e+00  0.0000e+00 
4.7394e+03     0.0000e+00  0.0000e+00     0.0000e+00  0.0000e+00     0.0000e+00  0.0000e+00     0.0000e+00  0.0000e+00 
5.3176e+03     0.0000e+00  0.0000e+00     0.0000e+00  0.0000e+00     0.0000e+00  0.0000e+00     0.0000e+00  0.0000e+00 
5.9665e+03     0.0000e+00  0.0000e+00     0.0000e+00  0.0000e+00     0.0000e+00  0.0000e+00     0.0000e+00  0.0000e+00 
6.6945e+03     0.0000e+00  0.0000e+00     0.0000e+00  0.0000e+00     0.0000e+00  0.0000e+00     0.0000e+00  0.0000e+00 
7.5114e+03     0.0000e+00  0.0000e+00     0.0000e+00  0.0000e+00     0.0000e+00  0.0000e+00     0.0000e+00  0.0000e+00 
8.4279e+03     0.0000e+00  0.0000e+00     0.0000e+00  0.0000e+00     0.0000e+00  0.0000e+00     0.0000e+00  0.0000e+00 
9.4563e+03     0.0000e+00  0.0000e+00     0.0000e+00  0.0000e+00     0.0000e+00  0.0000e+00     0.0000e+00  0.0000e+00 
