yF = 1.0825e+02 (std: 0.0000e+00) keV/um
yD = 1.2464e+02 (std: 0.0000e+00) keV/um
y (keV/um)     f(y)(std)                  yf(y)(std)                 d(y)(std)                  yd(y)(std)  
1.0610e-01     3.0324e-03  0.0000e+00     3.2174e-04  0.0000e+00     2.9721e-06  0.0000e+00     3.1534e-07  0.0000e+00 
1.1905e-01     3.6522e-04  0.0000e+00     4.3478e-05  0.0000e+00     4.0163e-07  0.0000e+00     4.7813e-08  0.0000e+00 
1.3357e-01     6.5100e-04  0.0000e+00     8.6956e-05  0.0000e+00     8.0326e-07  0.0000e+00     1.0729e-07  0.0000e+00 
1.4987e-01     2.3208e-04  0.0000e+00     3.4782e-05  0.0000e+00     3.2130e-07  0.0000e+00     4.8154e-08  0.0000e+00 
1.6816e-01     2.0684e-04  0.0000e+00     3.4782e-05  0.0000e+00     3.2130e-07  0.0000e+00     5.4030e-08  0.0000e+00 
1.8868e-01     4.1478e-04  0.0000e+00     7.8260e-05  0.0000e+00     7.2293e-07  0.0000e+00     1.3640e-07  0.0000e+00 
2.1170e-01     3.2860e-04  0.0000e+00     6.9565e-05  0.0000e+00     6.4261e-07  0.0000e+00     1.3604e-07  0.0000e+00 
2.3753e-01     4.3930e-04  0.0000e+00     1.0435e-04  0.0000e+00     9.6391e-07  0.0000e+00     2.2896e-07  0.0000e+00 
2.6651e-01     3.9153e-04  0.0000e+00     1.0435e-04  0.0000e+00     9.6391e-07  0.0000e+00     2.5689e-07  0.0000e+00 
2.9903e-01     1.4540e-04  0.0000e+00     4.3478e-05  0.0000e+00     4.0163e-07  0.0000e+00     1.2010e-07  0.0000e+00 
3.3552e-01     3.1100e-04  0.0000e+00     1.0435e-04  0.0000e+00     9.6391e-07  0.0000e+00     3.2341e-07  0.0000e+00 
3.7646e-01     3.4647e-04  0.0000e+00     1.3043e-04  0.0000e+00     1.2049e-06  0.0000e+00     4.5359e-07  0.0000e+00 
4.2240e-01     2.6762e-04  0.0000e+00     1.1304e-04  0.0000e+00     1.0442e-06  0.0000e+00     4.4108e-07  0.0000e+00 
4.7394e-01     1.4678e-04  0.0000e+00     6.9565e-05  0.0000e+00     6.4261e-07  0.0000e+00     3.0455e-07  0.0000e+00 
5.3176e-01     1.6352e-04  0.0000e+00     8.6956e-05  0.0000e+00     8.0326e-07  0.0000e+00     4.2714e-07  0.0000e+00 
5.9665e-01     1.6031e-04  0.0000e+00     9.5652e-05  0.0000e+00     8.8358e-07  0.0000e+00     5.2719e-07  0.0000e+00 
6.6945e-01     1.2989e-04  0.0000e+00     8.6956e-05  0.0000e+00     8.0326e-07  0.0000e+00     5.3774e-07  0.0000e+00 
7.5114e-01     1.2734e-04  0.0000e+00     9.5652e-05  0.0000e+00     8.8358e-07  0.0000e+00     6.6369e-07  0.0000e+00 
8.4279e-01     1.1349e-04  0.0000e+00     9.5652e-05  0.0000e+00     8.8358e-07  0.0000e+00     7.4467e-07  0.0000e+00 
9.4563e-01     7.3565e-05  0.0000e+00     6.9565e-05  0.0000e+00     6.4261e-07  0.0000e+00     6.0766e-07  0.0000e+00 
1.0610e+00     4.9174e-05  0.0000e+00     5.2174e-05  0.0000e+00     4.8195e-07  0.0000e+00     5.1136e-07  0.0000e+00 
1.1905e+00     5.1130e-05  0.0000e+00     6.0869e-05  0.0000e+00     5.6228e-07  0.0000e+00     6.6938e-07  0.0000e+00 
1.3357e+00     3.2550e-05  0.0000e+00     4.3478e-05  0.0000e+00     4.0163e-07  0.0000e+00     5.3647e-07  0.0000e+00 
1.4987e+00     1.1604e-05  0.0000e+00     1.7391e-05  0.0000e+00     1.6065e-07  0.0000e+00     2.4077e-07  0.0000e+00 
1.6816e+00     1.0342e-05  0.0000e+00     1.7391e-05  0.0000e+00     1.6065e-07  0.0000e+00     2.7015e-07  0.0000e+00 
1.8868e+00     4.6087e-06  0.0000e+00     8.6956e-06  0.0000e+00     8.0326e-08  0.0000e+00     1.5156e-07  0.0000e+00 
2.1170e+00     0.0000e+00  0.0000e+00     0.0000e+00  0.0000e+00     0.0000e+00  0.0000e+00     0.0000e+00  0.0000e+00 
2.3753e+00     3.6608e-06  0.0000e+00     8.6956e-06  0.0000e+00     8.0326e-08  0.0000e+00     1.9080e-07  0.0000e+00 
2.6651e+00     0.0000e+00  0.0000e+00     0.0000e+00  0.0000e+00     0.0000e+00  0.0000e+00     0.0000e+00  0.0000e+00 
2.9903e+00     0.0000e+00  0.0000e+00     0.0000e+00  0.0000e+00     0.0000e+00  0.0000e+00     0.0000e+00  0.0000e+00 
3.3552e+00     0.0000e+00  0.0000e+00     0.0000e+00  0.0000e+00     0.0000e+00  0.0000e+00     0.0000e+00  0.0000e+00 
3.7646e+00     0.0000e+00  0.0000e+00     0.0000e+00  0.0000e+00     0.0000e+00  0.0000e+00     0.0000e+00  0.0000e+00 
4.2240e+00     0.0000e+00  0.0000e+00     0.0000e+00  0.0000e+00     0.0000e+00  0.0000e+00     0.0000e+00  0.0000e+00 
4.7394e+00     0.0000e+00  0.0000e+00     0.0000e+00  0.0000e+00     0.0000e+00  0.0000e+00     0.0000e+00  0.0000e+00 
5.3176e+00     0.0000e+00  0.0000e+00     0.0000e+00  0.0000e+00     0.0000e+00  0.0000e+00     0.0000e+00  0.0000e+00 
5.9665e+00     2.3318e-05  0.0000e+00     1.3913e-04  0.0000e+00     1.2852e-06  0.0000e+00     7.6682e-06  0.0000e+00 
6.6945e+00     3.3772e-05  0.0000e+00     2.2609e-04  0.0000e+00     2.0885e-06  0.0000e+00     1.3981e-05  0.0000e+00 
7.5114e+00     1.8523e-05  0.0000e+00     1.3913e-04  0.0000e+00     1.2852e-06  0.0000e+00     9.6537e-06  0.0000e+00 
8.4279e+00     3.1881e-04  0.0000e+00     2.6869e-03  0.0000e+00     2.4821e-05  0.0000e+00     2.0919e-04  0.0000e+00 
9.4563e+00     2.4276e-04  0.0000e+00     2.2956e-03  0.0000e+00     2.1206e-05  0.0000e+00     2.0053e-04  0.0000e+00 
1.0610e+01     2.6062e-04  0.0000e+00     2.7652e-03  0.0000e+00     2.5544e-05  0.0000e+00     2.7102e-04  0.0000e+00 
1.1905e+01     1.7969e-04  0.0000e+00     2.1391e-03  0.0000e+00     1.9760e-05  0.0000e+00     2.3524e-04  0.0000e+00 
1.3357e+01     1.8163e-04  0.0000e+00     2.4261e-03  0.0000e+00     2.2411e-05  0.0000e+00     2.9935e-04  0.0000e+00 
1.4987e+01     1.5317e-04  0.0000e+00     2.2956e-03  0.0000e+00     2.1206e-05  0.0000e+00     3.1782e-04  0.0000e+00 
1.6816e+01     3.3974e-04  0.0000e+00     5.7130e-03  0.0000e+00     5.2774e-05  0.0000e+00     8.8744e-04  0.0000e+00 
1.8868e+01     6.2632e-04  0.0000e+00     1.1817e-02  0.0000e+00     1.0916e-04  0.0000e+00     2.0596e-03  0.0000e+00 
2.1170e+01     7.0567e-04  0.0000e+00     1.4939e-02  0.0000e+00     1.3800e-04  0.0000e+00     2.9214e-03  0.0000e+00 
2.3753e+01     6.6810e-04  0.0000e+00     1.5869e-02  0.0000e+00     1.4659e-04  0.0000e+00     3.4821e-03  0.0000e+00 
2.6651e+01     9.7555e-04  0.0000e+00     2.6000e-02  0.0000e+00     2.4017e-04  0.0000e+00     6.4010e-03  0.0000e+00 
2.9903e+01     1.4170e-03  0.0000e+00     4.2374e-02  0.0000e+00     3.9143e-04  0.0000e+00     1.1705e-02  0.0000e+00 
3.3552e+01     1.7043e-03  0.0000e+00     5.7182e-02  0.0000e+00     5.2822e-04  0.0000e+00     1.7723e-02  0.0000e+00 
3.7646e+01     2.2033e-03  0.0000e+00     8.2947e-02  0.0000e+00     7.6623e-04  0.0000e+00     2.8845e-02  0.0000e+00 
4.2240e+01     2.9354e-03  0.0000e+00     1.2399e-01  0.0000e+00     1.1454e-03  0.0000e+00     4.8380e-02  0.0000e+00 
4.7394e+01     3.7279e-03  0.0000e+00     1.7668e-01  0.0000e+00     1.6321e-03  0.0000e+00     7.7349e-02  0.0000e+00 
5.3176e+01     4.8006e-03  0.0000e+00     2.5528e-01  0.0000e+00     2.3581e-03  0.0000e+00     1.2540e-01  0.0000e+00 
5.9665e+01     5.8652e-03  0.0000e+00     3.4995e-01  0.0000e+00     3.2326e-03  0.0000e+00     1.9287e-01  0.0000e+00 
6.6945e+01     7.1453e-03  0.0000e+00     4.7834e-01  0.0000e+00     4.4187e-03  0.0000e+00     2.9581e-01  0.0000e+00 
7.5114e+01     8.2459e-03  0.0000e+00     6.1938e-01  0.0000e+00     5.7215e-03  0.0000e+00     4.2976e-01  0.0000e+00 
8.4279e+01     9.2578e-03  0.0000e+00     7.8024e-01  0.0000e+00     7.2075e-03  0.0000e+00     6.0744e-01  0.0000e+00 
9.4563e+01     9.7357e-03  0.0000e+00     9.2063e-01  0.0000e+00     8.5043e-03  0.0000e+00     8.0419e-01  0.0000e+00 
1.0610e+02     9.5356e-03  0.0000e+00     1.0117e+00  0.0000e+00     9.3459e-03  0.0000e+00     9.9161e-01  0.0000e+00 
1.1905e+02     8.5030e-03  0.0000e+00     1.0123e+00  0.0000e+00     9.3508e-03  0.0000e+00     1.1132e+00  0.0000e+00 
1.3357e+02     6.8974e-03  0.0000e+00     9.2131e-01  0.0000e+00     8.5106e-03  0.0000e+00     1.1368e+00  0.0000e+00 
1.4987e+02     4.9488e-03  0.0000e+00     7.4168e-01  0.0000e+00     6.8513e-03  0.0000e+00     1.0268e+00  0.0000e+00 
1.6816e+02     3.0429e-03  0.0000e+00     5.1169e-01  0.0000e+00     4.7268e-03  0.0000e+00     7.9485e-01  0.0000e+00 
1.8868e+02     1.5796e-03  0.0000e+00     2.9803e-01  0.0000e+00     2.7531e-03  0.0000e+00     5.1944e-01  0.0000e+00 
2.1170e+02     6.8230e-04  0.0000e+00     1.4444e-01  0.0000e+00     1.3343e-03  0.0000e+00     2.8247e-01  0.0000e+00 
2.3753e+02     2.3133e-04  0.0000e+00     5.4947e-02  0.0000e+00     5.0758e-04  0.0000e+00     1.2057e-01  0.0000e+00 
2.6651e+02     6.1502e-05  0.0000e+00     1.6391e-02  0.0000e+00     1.5141e-04  0.0000e+00     4.0354e-02  0.0000e+00 
2.9903e+02     1.2853e-05  0.0000e+00     3.8435e-03  0.0000e+00     3.5504e-05  0.0000e+00     1.0617e-02  0.0000e+00 
3.3552e+02     1.7364e-06  0.0000e+00     5.8260e-04  0.0000e+00     5.3818e-06  0.0000e+00     1.8057e-03  0.0000e+00 
3.7646e+02     1.3859e-07  0.0000e+00     5.2174e-05  0.0000e+00     4.8195e-07  0.0000e+00     1.8144e-04  0.0000e+00 
4.2240e+02     0.0000e+00  0.0000e+00     0.0000e+00  0.0000e+00     0.0000e+00  0.0000e+00     0.0000e+00  0.0000e+00 
4.7394e+02     0.0000e+00  0.0000e+00     0.0000e+00  0.0000e+00     0.0000e+00  0.0000e+00     0.0000e+00  0.0000e+00 
5.3176e+02     0.0000e+00  0.0000e+00     0.0000e+00  0.0000e+00     0.0000e+00  0.0000e+00     0.0000e+00  0.0000e+00 
5.9665e+02     0.0000e+00  0.0000e+00     0.0000e+00  0.0000e+00     0.0000e+00  0.0000e+00     0.0000e+00  0.0000e+00 
6.6945e+02     0.0000e+00  0.0000e+00     0.0000e+00  0.0000e+00     0.0000e+00  0.0000e+00     0.0000e+00  0.0000e+00 
7.5114e+02     0.0000e+00  0.0000e+00     0.0000e+00  0.0000e+00     0.0000e+00  0.0000e+00     0.0000e+00  0.0000e+00 
8.4279e+02     0.0000e+00  0.0000e+00     0.0000e+00  0.0000e+00     0.0000e+00  0.0000e+00     0.0000e+00  0.0000e+00 
9.4563e+02     0.0000e+00  0.0000e+00     0.0000e+00  0.0000e+00     0.0000e+00  0.0000e+00     0.0000e+00  0.0000e+00 
1.0610e+03     0.0000e+00  0.0000e+00     0.0000e+00  0.0000e+00     0.0000e+00  0.0000e+00     0.0000e+00  0.0000e+00 
1.1905e+03     0.0000e+00  0.0000e+00     0.0000e+00  0.0000e+00     0.0000e+00  0.0000e+00     0.0000e+00  0.0000e+00 
1.3357e+03     0.0000e+00  0.0000e+00     0.0000e+00  0.0000e+00     0.0000e+00  0.0000e+00     0.0000e+00  0.0000e+00 
1.4987e+03     0.0000e+00  0.0000e+00     0.0000e+00  0.0000e+00     0.0000e+00  0.0000e+00     0.0000e+00  0.0000e+00 
1.6816e+03     0.0000e+00  0.0000e+00     0.0000e+00  0.0000e+00     0.0000e+00  0.0000e+00     0.0000e+00  0.0000e+00 
1.8868e+03     0.0000e+00  0.0000e+00     0.0000e+00  0.0000e+00     0.0000e+00  0.0000e+00     0.0000e+00  0.0000e+00 
2.1170e+03     0.0000e+00  0.0000e+00     0.0000e+00  0.0000e+00     0.0000e+00  0.0000e+00     0.0000e+00  0.0000e+00 
2.3753e+03     0.0000e+00  0.0000e+00     0.0000e+00  0.0000e+00     0.0000e+00  0.0000e+00     0.0000e+00  0.0000e+00 
2.6651e+03     0.0000e+00  0.0000e+00     0.0000e+00  0.0000e+00     0.0000e+00  0.0000e+00     0.0000e+00  0.0000e+00 
2.9903e+03     0.0000e+00  0.0000e+00     0.0000e+00  0.0000e+00     0.0000e+00  0.0000e+00     0.0000e+00  0.0000e+00 
3.3552e+03     0.0000e+00  0.0000e+00     0.0000e+00  0.0000e+00     0.0000e+00  0.0000e+00     0.0000e+00  0.0000e+00 
3.7646e+03     0.0000e+00  0.0000e+00     0.0000e+00  0.0000e+00     0.0000e+00  0.0000e+00     0.0000e+00  0.0000e+00 
4.2240e+03     0.0000e+00  0.0000e+00     0.0000e+00  0.0000e+00     0.0000e+00  0.0000e+00     0.0000e+00  0.0000e+00 
4.7394e+03     0.0000e+00  0.0000e+00     0.0000e+00  0.0000e+00     0.0000e+00  0.0000e+00     0.0000e+00  0.0000e+00 
5.3176e+03     0.0000e+00  0.0000e+00     0.0000e+00  0.0000e+00     0.0000e+00  0.0000e+00     0.0000e+00  0.0000e+00 
5.9665e+03     0.0000e+00  0.0000e+00     0.0000e+00  0.0000e+00     0.0000e+00  0.0000e+00     0.0000e+00  0.0000e+00 
6.6945e+03     0.0000e+00  0.0000e+00     0.0000e+00  0.0000e+00     0.0000e+00  0.0000e+00     0.0000e+00  0.0000e+00 
7.5114e+03     0.0000e+00  0.0000e+00     0.0000e+00  0.0000e+00     0.0000e+00  0.0000e+00     0.0000e+00  0.0000e+00 
8.4279e+03     0.0000e+00  0.0000e+00     0.0000e+00  0.0000e+00     0.0000e+00  0.0000e+00     0.0000e+00  0.0000e+00 
9.4563e+03     0.0000e+00  0.0000e+00     0.0000e+00  0.0000e+00     0.0000e+00  0.0000e+00     0.0000e+00  0.0000e+00 
