yF = 7.0682e+00 (std: 0.0000e+00) keV/um
yD = 2.4550e+01 (std: 0.0000e+00) keV/um
y (keV/um)     f(y)(std)                  yf(y)(std)                 d(y)(std)                  yd(y)(std)  
1.0610e-01     2.2094e+01  0.0000e+00     2.3442e+00  0.0000e+00     3.3166e-01  0.0000e+00     3.5190e-02  0.0000e+00 
1.1905e-01     1.5824e+00  0.0000e+00     1.8838e-01  0.0000e+00     2.6652e-02  0.0000e+00     3.1729e-03  0.0000e+00 
1.3357e-01     4.9254e-01  0.0000e+00     6.5790e-02  0.0000e+00     9.3079e-03  0.0000e+00     1.2433e-03  0.0000e+00 
1.4987e-01     2.3825e+00  0.0000e+00     3.5706e-01  0.0000e+00     5.0517e-02  0.0000e+00     7.5711e-03  0.0000e+00 
1.6816e-01     6.9991e-01  0.0000e+00     1.1770e-01  0.0000e+00     1.6652e-02  0.0000e+00     2.8001e-03  0.0000e+00 
1.8868e-01     4.7968e-01  0.0000e+00     9.0504e-02  0.0000e+00     1.2804e-02  0.0000e+00     2.4159e-03  0.0000e+00 
2.1170e-01     5.3636e-01  0.0000e+00     1.1355e-01  0.0000e+00     1.6065e-02  0.0000e+00     3.4009e-03  0.0000e+00 
2.3753e-01     5.0156e-01  0.0000e+00     1.1914e-01  0.0000e+00     1.6855e-02  0.0000e+00     4.0036e-03  0.0000e+00 
2.6651e-01     2.2826e-01  0.0000e+00     6.0835e-02  0.0000e+00     8.6070e-03  0.0000e+00     2.2939e-03  0.0000e+00 
2.9903e-01     1.9535e-01  0.0000e+00     5.8416e-02  0.0000e+00     8.2646e-03  0.0000e+00     2.4714e-03  0.0000e+00 
3.3552e-01     1.0846e+00  0.0000e+00     3.6392e-01  0.0000e+00     5.1487e-02  0.0000e+00     1.7275e-02  0.0000e+00 
3.7646e-01     7.0470e-01  0.0000e+00     2.6529e-01  0.0000e+00     3.7533e-02  0.0000e+00     1.4130e-02  0.0000e+00 
4.2240e-01     3.1260e-01  0.0000e+00     1.3204e-01  0.0000e+00     1.8681e-02  0.0000e+00     7.8908e-03  0.0000e+00 
4.7394e-01     2.9817e-01  0.0000e+00     1.4132e-01  0.0000e+00     1.9993e-02  0.0000e+00     9.4755e-03  0.0000e+00 
5.3176e-01     1.9750e-01  0.0000e+00     1.0502e-01  0.0000e+00     1.4858e-02  0.0000e+00     7.9012e-03  0.0000e+00 
5.9665e-01     9.6458e-02  0.0000e+00     5.7552e-02  0.0000e+00     8.1424e-03  0.0000e+00     4.8582e-03  0.0000e+00 
6.6945e-01     1.6419e-01  0.0000e+00     1.0992e-01  0.0000e+00     1.5551e-02  0.0000e+00     1.0411e-02  0.0000e+00 
7.5114e-01     1.3637e-01  0.0000e+00     1.0243e-01  0.0000e+00     1.4492e-02  0.0000e+00     1.0885e-02  0.0000e+00 
8.4279e-01     6.4733e-02  0.0000e+00     5.4556e-02  0.0000e+00     7.7186e-03  0.0000e+00     6.5051e-03  0.0000e+00 
9.4563e-01     4.0879e-02  0.0000e+00     3.8656e-02  0.0000e+00     5.4690e-03  0.0000e+00     5.1716e-03  0.0000e+00 
1.0610e+00     3.2632e-02  0.0000e+00     3.4623e-02  0.0000e+00     4.8985e-03  0.0000e+00     5.1973e-03  0.0000e+00 
1.1905e+00     1.6163e-02  0.0000e+00     1.9241e-02  0.0000e+00     2.7223e-03  0.0000e+00     3.2408e-03  0.0000e+00 
1.3357e+00     9.4022e-03  0.0000e+00     1.2559e-02  0.0000e+00     1.7768e-03  0.0000e+00     2.3734e-03  0.0000e+00 
1.4987e+00     4.1130e-03  0.0000e+00     6.1642e-03  0.0000e+00     8.7211e-04  0.0000e+00     1.3070e-03  0.0000e+00 
1.6816e+00     2.0555e-03  0.0000e+00     3.4566e-03  0.0000e+00     4.8903e-04  0.0000e+00     8.2235e-04  0.0000e+00 
1.8868e+00     8.8546e-04  0.0000e+00     1.6707e-03  0.0000e+00     2.3637e-04  0.0000e+00     4.4597e-04  0.0000e+00 
2.1170e+00     4.3540e-04  0.0000e+00     9.2175e-04  0.0000e+00     1.3041e-04  0.0000e+00     2.7607e-04  0.0000e+00 
2.3753e+00     1.4552e-04  0.0000e+00     3.4566e-04  0.0000e+00     4.8903e-05  0.0000e+00     1.1616e-04  0.0000e+00 
2.6651e+00     2.1616e-05  0.0000e+00     5.7609e-05  0.0000e+00     8.1505e-06  0.0000e+00     2.1722e-05  0.0000e+00 
2.9903e+00     1.9265e-05  0.0000e+00     5.7609e-05  0.0000e+00     8.1505e-06  0.0000e+00     2.4373e-05  0.0000e+00 
3.3552e+00     0.0000e+00  0.0000e+00     0.0000e+00  0.0000e+00     0.0000e+00  0.0000e+00     0.0000e+00  0.0000e+00 
3.7646e+00     0.0000e+00  0.0000e+00     0.0000e+00  0.0000e+00     0.0000e+00  0.0000e+00     0.0000e+00  0.0000e+00 
4.2240e+00     0.0000e+00  0.0000e+00     0.0000e+00  0.0000e+00     0.0000e+00  0.0000e+00     0.0000e+00  0.0000e+00 
4.7394e+00     1.2156e-05  0.0000e+00     5.7609e-05  0.0000e+00     8.1505e-06  0.0000e+00     3.8628e-05  0.0000e+00 
5.3176e+00     0.0000e+00  0.0000e+00     0.0000e+00  0.0000e+00     0.0000e+00  0.0000e+00     0.0000e+00  0.0000e+00 
5.9665e+00     6.6594e-02  0.0000e+00     3.9733e-01  0.0000e+00     5.6214e-02  0.0000e+00     3.3540e-01  0.0000e+00 
6.6945e+00     1.8416e-02  0.0000e+00     1.2328e-01  0.0000e+00     1.7442e-02  0.0000e+00     1.1677e-01  0.0000e+00 
7.5114e+00     6.7646e-03  0.0000e+00     5.0811e-02  0.0000e+00     7.1888e-03  0.0000e+00     5.3998e-02  0.0000e+00 
8.4279e+00     4.5443e-02  0.0000e+00     3.8299e-01  0.0000e+00     5.4185e-02  0.0000e+00     4.5666e-01  0.0000e+00 
9.4563e+00     2.3723e-02  0.0000e+00     2.2433e-01  0.0000e+00     3.1738e-02  0.0000e+00     3.0012e-01  0.0000e+00 
1.0610e+01     4.0809e-02  0.0000e+00     4.3299e-01  0.0000e+00     6.1259e-02  0.0000e+00     6.4997e-01  0.0000e+00 
1.1905e+01     3.0100e-02  0.0000e+00     3.5833e-01  0.0000e+00     5.0696e-02  0.0000e+00     6.0353e-01  0.0000e+00 
1.3357e+01     2.6123e-02  0.0000e+00     3.4894e-01  0.0000e+00     4.9368e-02  0.0000e+00     6.5942e-01  0.0000e+00 
1.4987e+01     1.6579e-02  0.0000e+00     2.4847e-01  0.0000e+00     3.5153e-02  0.0000e+00     5.2685e-01  0.0000e+00 
1.6816e+01     1.0343e-02  0.0000e+00     1.7392e-01  0.0000e+00     2.4606e-02  0.0000e+00     4.1378e-01  0.0000e+00 
1.8868e+01     7.8196e-03  0.0000e+00     1.4754e-01  0.0000e+00     2.0874e-02  0.0000e+00     3.9384e-01  0.0000e+00 
2.1170e+01     5.8235e-03  0.0000e+00     1.2328e-01  0.0000e+00     1.7442e-02  0.0000e+00     3.6925e-01  0.0000e+00 
2.3753e+01     5.5662e-03  0.0000e+00     1.3221e-01  0.0000e+00     1.8705e-02  0.0000e+00     4.4431e-01  0.0000e+00 
2.6651e+01     5.8471e-03  0.0000e+00     1.5583e-01  0.0000e+00     2.2047e-02  0.0000e+00     5.8759e-01  0.0000e+00 
2.9903e+01     2.7838e-03  0.0000e+00     8.3245e-02  0.0000e+00     1.1778e-02  0.0000e+00     3.5219e-01  0.0000e+00 
3.3552e+01     2.4897e-03  0.0000e+00     8.3533e-02  0.0000e+00     1.1818e-02  0.0000e+00     3.9653e-01  0.0000e+00 
3.7646e+01     1.8318e-03  0.0000e+00     6.8958e-02  0.0000e+00     9.7562e-03  0.0000e+00     3.6728e-01  0.0000e+00 
4.2240e+01     1.2889e-03  0.0000e+00     5.4441e-02  0.0000e+00     7.7023e-03  0.0000e+00     3.2534e-01  0.0000e+00 
4.7394e+01     9.1288e-04  0.0000e+00     4.3265e-02  0.0000e+00     6.1211e-03  0.0000e+00     2.9010e-01  0.0000e+00 
5.3176e+01     6.1752e-04  0.0000e+00     3.2837e-02  0.0000e+00     4.6458e-03  0.0000e+00     2.4705e-01  0.0000e+00 
5.9665e+01     4.0070e-04  0.0000e+00     2.3908e-02  0.0000e+00     3.3825e-03  0.0000e+00     2.0182e-01  0.0000e+00 
6.6945e+01     2.4526e-04  0.0000e+00     1.6419e-02  0.0000e+00     2.3229e-03  0.0000e+00     1.5551e-01  0.0000e+00 
7.5114e+01     1.4649e-04  0.0000e+00     1.1003e-02  0.0000e+00     1.5568e-03  0.0000e+00     1.1693e-01  0.0000e+00 
8.4279e+01     7.7242e-05  0.0000e+00     6.5098e-03  0.0000e+00     9.2101e-04  0.0000e+00     7.7622e-02  0.0000e+00 
9.4563e+01     3.8381e-05  0.0000e+00     3.6294e-03  0.0000e+00     5.1348e-04  0.0000e+00     4.8556e-02  0.0000e+00 
1.0610e+02     1.3031e-05  0.0000e+00     1.3826e-03  0.0000e+00     1.9561e-04  0.0000e+00     2.0755e-02  0.0000e+00 
1.1905e+02     2.9035e-06  0.0000e+00     3.4566e-04  0.0000e+00     4.8903e-05  0.0000e+00     5.8218e-03  0.0000e+00 
1.3357e+02     1.7252e-06  0.0000e+00     2.3044e-04  0.0000e+00     3.2602e-05  0.0000e+00     4.3548e-03  0.0000e+00 
1.4987e+02     3.8439e-07  0.0000e+00     5.7609e-05  0.0000e+00     8.1505e-06  0.0000e+00     1.2215e-03  0.0000e+00 
1.6816e+02     0.0000e+00  0.0000e+00     0.0000e+00  0.0000e+00     0.0000e+00  0.0000e+00     0.0000e+00  0.0000e+00 
1.8868e+02     0.0000e+00  0.0000e+00     0.0000e+00  0.0000e+00     0.0000e+00  0.0000e+00     0.0000e+00  0.0000e+00 
2.1170e+02     0.0000e+00  0.0000e+00     0.0000e+00  0.0000e+00     0.0000e+00  0.0000e+00     0.0000e+00  0.0000e+00 
2.3753e+02     0.0000e+00  0.0000e+00     0.0000e+00  0.0000e+00     0.0000e+00  0.0000e+00     0.0000e+00  0.0000e+00 
2.6651e+02     0.0000e+00  0.0000e+00     0.0000e+00  0.0000e+00     0.0000e+00  0.0000e+00     0.0000e+00  0.0000e+00 
2.9903e+02     0.0000e+00  0.0000e+00     0.0000e+00  0.0000e+00     0.0000e+00  0.0000e+00     0.0000e+00  0.0000e+00 
3.3552e+02     0.0000e+00  0.0000e+00     0.0000e+00  0.0000e+00     0.0000e+00  0.0000e+00     0.0000e+00  0.0000e+00 
3.7646e+02     0.0000e+00  0.0000e+00     0.0000e+00  0.0000e+00     0.0000e+00  0.0000e+00     0.0000e+00  0.0000e+00 
4.2240e+02     0.0000e+00  0.0000e+00     0.0000e+00  0.0000e+00     0.0000e+00  0.0000e+00     0.0000e+00  0.0000e+00 
4.7394e+02     0.0000e+00  0.0000e+00     0.0000e+00  0.0000e+00     0.0000e+00  0.0000e+00     0.0000e+00  0.0000e+00 
5.3176e+02     0.0000e+00  0.0000e+00     0.0000e+00  0.0000e+00     0.0000e+00  0.0000e+00     0.0000e+00  0.0000e+00 
5.9665e+02     0.0000e+00  0.0000e+00     0.0000e+00  0.0000e+00     0.0000e+00  0.0000e+00     0.0000e+00  0.0000e+00 
6.6945e+02     0.0000e+00  0.0000e+00     0.0000e+00  0.0000e+00     0.0000e+00  0.0000e+00     0.0000e+00  0.0000e+00 
7.5114e+02     0.0000e+00  0.0000e+00     0.0000e+00  0.0000e+00     0.0000e+00  0.0000e+00     0.0000e+00  0.0000e+00 
8.4279e+02     0.0000e+00  0.0000e+00     0.0000e+00  0.0000e+00     0.0000e+00  0.0000e+00     0.0000e+00  0.0000e+00 
9.4563e+02     0.0000e+00  0.0000e+00     0.0000e+00  0.0000e+00     0.0000e+00  0.0000e+00     0.0000e+00  0.0000e+00 
1.0610e+03     0.0000e+00  0.0000e+00     0.0000e+00  0.0000e+00     0.0000e+00  0.0000e+00     0.0000e+00  0.0000e+00 
1.1905e+03     0.0000e+00  0.0000e+00     0.0000e+00  0.0000e+00     0.0000e+00  0.0000e+00     0.0000e+00  0.0000e+00 
1.3357e+03     0.0000e+00  0.0000e+00     0.0000e+00  0.0000e+00     0.0000e+00  0.0000e+00     0.0000e+00  0.0000e+00 
1.4987e+03     0.0000e+00  0.0000e+00     0.0000e+00  0.0000e+00     0.0000e+00  0.0000e+00     0.0000e+00  0.0000e+00 
1.6816e+03     0.0000e+00  0.0000e+00     0.0000e+00  0.0000e+00     0.0000e+00  0.0000e+00     0.0000e+00  0.0000e+00 
1.8868e+03     0.0000e+00  0.0000e+00     0.0000e+00  0.0000e+00     0.0000e+00  0.0000e+00     0.0000e+00  0.0000e+00 
2.1170e+03     0.0000e+00  0.0000e+00     0.0000e+00  0.0000e+00     0.0000e+00  0.0000e+00     0.0000e+00  0.0000e+00 
2.3753e+03     0.0000e+00  0.0000e+00     0.0000e+00  0.0000e+00     0.0000e+00  0.0000e+00     0.0000e+00  0.0000e+00 
2.6651e+03     0.0000e+00  0.0000e+00     0.0000e+00  0.0000e+00     0.0000e+00  0.0000e+00     0.0000e+00  0.0000e+00 
2.9903e+03     0.0000e+00  0.0000e+00     0.0000e+00  0.0000e+00     0.0000e+00  0.0000e+00     0.0000e+00  0.0000e+00 
3.3552e+03     0.0000e+00  0.0000e+00     0.0000e+00  0.0000e+00     0.0000e+00  0.0000e+00     0.0000e+00  0.0000e+00 
3.7646e+03     0.0000e+00  0.0000e+00     0.0000e+00  0.0000e+00     0.0000e+00  0.0000e+00     0.0000e+00  0.0000e+00 
4.2240e+03     0.0000e+00  0.0000e+00     0.0000e+00  0.0000e+00     0.0000e+00  0.0000e+00     0.0000e+00  0.0000e+00 
4.7394e+03     0.0000e+00  0.0000e+00     0.0000e+00  0.0000e+00     0.0000e+00  0.0000e+00     0.0000e+00  0.0000e+00 
5.3176e+03     0.0000e+00  0.0000e+00     0.0000e+00  0.0000e+00     0.0000e+00  0.0000e+00     0.0000e+00  0.0000e+00 
5.9665e+03     0.0000e+00  0.0000e+00     0.0000e+00  0.0000e+00     0.0000e+00  0.0000e+00     0.0000e+00  0.0000e+00 
6.6945e+03     0.0000e+00  0.0000e+00     0.0000e+00  0.0000e+00     0.0000e+00  0.0000e+00     0.0000e+00  0.0000e+00 
7.5114e+03     0.0000e+00  0.0000e+00     0.0000e+00  0.0000e+00     0.0000e+00  0.0000e+00     0.0000e+00  0.0000e+00 
8.4279e+03     0.0000e+00  0.0000e+00     0.0000e+00  0.0000e+00     0.0000e+00  0.0000e+00     0.0000e+00  0.0000e+00 
9.4563e+03     0.0000e+00  0.0000e+00     0.0000e+00  0.0000e+00     0.0000e+00  0.0000e+00     0.0000e+00  0.0000e+00 
