yF = 1.4703e+01 (std: 0.0000e+00) keV/um
yD = 3.5231e+01 (std: 0.0000e+00) keV/um
y (keV/um)     f(y)(std)                  yf(y)(std)                 d(y)(std)                  yd(y)(std)  
1.0610e-01     8.4337e+00  0.0000e+00     8.9482e-01  0.0000e+00     6.0860e-02  0.0000e+00     6.4573e-03  0.0000e+00 
1.1905e-01     8.7826e-01  0.0000e+00     1.0455e-01  0.0000e+00     7.1111e-03  0.0000e+00     8.4656e-04  0.0000e+00 
1.3357e-01     3.8492e-01  0.0000e+00     5.1415e-02  0.0000e+00     3.4969e-03  0.0000e+00     4.6709e-04  0.0000e+00 
1.4987e-01     1.1487e+00  0.0000e+00     1.7216e-01  0.0000e+00     1.1709e-02  0.0000e+00     1.7549e-03  0.0000e+00 
1.6816e-01     5.2678e-01  0.0000e+00     8.8582e-02  0.0000e+00     6.0248e-03  0.0000e+00     1.0131e-03  0.0000e+00 
1.8868e-01     4.1731e-01  0.0000e+00     7.8737e-02  0.0000e+00     5.3552e-03  0.0000e+00     1.0104e-03  0.0000e+00 
2.1170e-01     4.3880e-01  0.0000e+00     9.2894e-02  0.0000e+00     6.3180e-03  0.0000e+00     1.3375e-03  0.0000e+00 
2.3753e-01     4.0932e-01  0.0000e+00     9.7225e-02  0.0000e+00     6.6126e-03  0.0000e+00     1.5707e-03  0.0000e+00 
2.6651e-01     2.5597e-01  0.0000e+00     6.8219e-02  0.0000e+00     4.6398e-03  0.0000e+00     1.2366e-03  0.0000e+00 
2.9903e-01     2.1231e-01  0.0000e+00     6.3487e-02  0.0000e+00     4.3179e-03  0.0000e+00     1.2912e-03  0.0000e+00 
3.3552e-01     5.2522e-01  0.0000e+00     1.7622e-01  0.0000e+00     1.1986e-02  0.0000e+00     4.0214e-03  0.0000e+00 
3.7646e-01     4.4451e-01  0.0000e+00     1.6734e-01  0.0000e+00     1.1381e-02  0.0000e+00     4.2846e-03  0.0000e+00 
4.2240e-01     2.8487e-01  0.0000e+00     1.2033e-01  0.0000e+00     8.1838e-03  0.0000e+00     3.4568e-03  0.0000e+00 
4.7394e-01     2.7841e-01  0.0000e+00     1.3195e-01  0.0000e+00     8.9741e-03  0.0000e+00     4.2532e-03  0.0000e+00 
5.3176e-01     2.3535e-01  0.0000e+00     1.2515e-01  0.0000e+00     8.5118e-03  0.0000e+00     4.5263e-03  0.0000e+00 
5.9665e-01     1.5746e-01  0.0000e+00     9.3947e-02  0.0000e+00     6.3896e-03  0.0000e+00     3.8124e-03  0.0000e+00 
6.6945e-01     1.5107e-01  0.0000e+00     1.0114e-01  0.0000e+00     6.8786e-03  0.0000e+00     4.6049e-03  0.0000e+00 
7.5114e-01     1.4875e-01  0.0000e+00     1.1173e-01  0.0000e+00     7.5994e-03  0.0000e+00     5.7082e-03  0.0000e+00 
8.4279e-01     1.0163e-01  0.0000e+00     8.5655e-02  0.0000e+00     5.8257e-03  0.0000e+00     4.9098e-03  0.0000e+00 
9.4563e-01     7.2767e-02  0.0000e+00     6.8811e-02  0.0000e+00     4.6800e-03  0.0000e+00     4.4256e-03  0.0000e+00 
1.0610e+00     5.6982e-02  0.0000e+00     6.0459e-02  0.0000e+00     4.1120e-03  0.0000e+00     4.3629e-03  0.0000e+00 
1.1905e+00     3.7462e-02  0.0000e+00     4.4597e-02  0.0000e+00     3.0332e-03  0.0000e+00     3.6109e-03  0.0000e+00 
1.3357e+00     2.4335e-02  0.0000e+00     3.2505e-02  0.0000e+00     2.2108e-03  0.0000e+00     2.9530e-03  0.0000e+00 
1.4987e+00     1.6049e-02  0.0000e+00     2.4053e-02  0.0000e+00     1.6359e-03  0.0000e+00     2.4518e-03  0.0000e+00 
1.6816e+00     9.1702e-03  0.0000e+00     1.5420e-02  0.0000e+00     1.0488e-03  0.0000e+00     1.7636e-03  0.0000e+00 
1.8868e+00     4.8251e-03  0.0000e+00     9.1039e-03  0.0000e+00     6.1919e-04  0.0000e+00     1.1683e-03  0.0000e+00 
2.1170e+00     2.3396e-03  0.0000e+00     4.9530e-03  0.0000e+00     3.3687e-04  0.0000e+00     7.1315e-04  0.0000e+00 
2.3753e+00     8.9064e-04  0.0000e+00     2.1156e-03  0.0000e+00     1.4389e-04  0.0000e+00     3.4177e-04  0.0000e+00 
2.6651e+00     3.7244e-04  0.0000e+00     9.9261e-04  0.0000e+00     6.7511e-05  0.0000e+00     1.7992e-04  0.0000e+00 
2.9903e+00     1.3412e-04  0.0000e+00     4.0105e-04  0.0000e+00     2.7277e-05  0.0000e+00     8.1567e-05  0.0000e+00 
3.3552e+00     4.1836e-05  0.0000e+00     1.4037e-04  0.0000e+00     9.5469e-06  0.0000e+00     3.2032e-05  0.0000e+00 
3.7646e+00     5.3266e-06  0.0000e+00     2.0053e-05  0.0000e+00     1.3638e-06  0.0000e+00     5.1343e-06  0.0000e+00 
4.2240e+00     0.0000e+00  0.0000e+00     0.0000e+00  0.0000e+00     0.0000e+00  0.0000e+00     0.0000e+00  0.0000e+00 
4.7394e+00     0.0000e+00  0.0000e+00     0.0000e+00  0.0000e+00     0.0000e+00  0.0000e+00     0.0000e+00  0.0000e+00 
5.3176e+00     1.8855e-06  0.0000e+00     1.0026e-05  0.0000e+00     6.8192e-07  0.0000e+00     3.6262e-06  0.0000e+00 
5.9665e+00     5.2614e-02  0.0000e+00     3.1392e-01  0.0000e+00     2.1351e-02  0.0000e+00     1.2739e-01  0.0000e+00 
6.6945e+00     2.9612e-02  0.0000e+00     1.9824e-01  0.0000e+00     1.3483e-02  0.0000e+00     9.0262e-02  0.0000e+00 
7.5114e+00     8.7284e-03  0.0000e+00     6.5562e-02  0.0000e+00     4.4591e-03  0.0000e+00     3.3494e-02  0.0000e+00 
8.4279e+00     3.6625e-02  0.0000e+00     3.0867e-01  0.0000e+00     2.0994e-02  0.0000e+00     1.7693e-01  0.0000e+00 
9.4563e+00     3.0572e-02  0.0000e+00     2.8910e-01  0.0000e+00     1.9663e-02  0.0000e+00     1.8593e-01  0.0000e+00 
1.0610e+01     4.2368e-02  0.0000e+00     4.4953e-01  0.0000e+00     3.0574e-02  0.0000e+00     3.2439e-01  0.0000e+00 
1.1905e+01     3.0794e-02  0.0000e+00     3.6659e-01  0.0000e+00     2.4933e-02  0.0000e+00     2.9682e-01  0.0000e+00 
1.3357e+01     2.4670e-02  0.0000e+00     3.2952e-01  0.0000e+00     2.2412e-02  0.0000e+00     2.9937e-01  0.0000e+00 
1.4987e+01     1.8646e-02  0.0000e+00     2.7944e-01  0.0000e+00     1.9006e-02  0.0000e+00     2.8484e-01  0.0000e+00 
1.6816e+01     2.0015e-02  0.0000e+00     3.3657e-01  0.0000e+00     2.2892e-02  0.0000e+00     3.8494e-01  0.0000e+00 
1.8868e+01     1.5456e-02  0.0000e+00     2.9162e-01  0.0000e+00     1.9834e-02  0.0000e+00     3.7422e-01  0.0000e+00 
2.1170e+01     1.3997e-02  0.0000e+00     2.9632e-01  0.0000e+00     2.0154e-02  0.0000e+00     4.2665e-01  0.0000e+00 
2.3753e+01     1.3712e-02  0.0000e+00     3.2569e-01  0.0000e+00     2.2152e-02  0.0000e+00     5.2617e-01  0.0000e+00 
2.6651e+01     1.0819e-02  0.0000e+00     2.8835e-01  0.0000e+00     1.9611e-02  0.0000e+00     5.2267e-01  0.0000e+00 
2.9903e+01     8.3548e-03  0.0000e+00     2.4984e-01  0.0000e+00     1.6992e-02  0.0000e+00     5.0812e-01  0.0000e+00 
3.3552e+01     7.1268e-03  0.0000e+00     2.3912e-01  0.0000e+00     1.6263e-02  0.0000e+00     5.4566e-01  0.0000e+00 
3.7646e+01     5.8071e-03  0.0000e+00     2.1861e-01  0.0000e+00     1.4869e-02  0.0000e+00     5.5975e-01  0.0000e+00 
4.2240e+01     4.3035e-03  0.0000e+00     1.8178e-01  0.0000e+00     1.2363e-02  0.0000e+00     5.2222e-01  0.0000e+00 
4.7394e+01     3.3106e-03  0.0000e+00     1.5690e-01  0.0000e+00     1.0671e-02  0.0000e+00     5.0576e-01  0.0000e+00 
5.3176e+01     2.3770e-03  0.0000e+00     1.2640e-01  0.0000e+00     8.5970e-03  0.0000e+00     4.5716e-01  0.0000e+00 
5.9665e+01     1.6754e-03  0.0000e+00     9.9962e-02  0.0000e+00     6.7988e-03  0.0000e+00     4.0565e-01  0.0000e+00 
6.6945e+01     1.0771e-03  0.0000e+00     7.2109e-02  0.0000e+00     4.9044e-03  0.0000e+00     3.2833e-01  0.0000e+00 
7.5114e+01     6.6874e-04  0.0000e+00     5.0232e-02  0.0000e+00     3.4164e-03  0.0000e+00     2.5662e-01  0.0000e+00 
8.4279e+01     3.7843e-04  0.0000e+00     3.1894e-02  0.0000e+00     2.1692e-03  0.0000e+00     1.8282e-01  0.0000e+00 
9.4563e+01     2.0930e-04  0.0000e+00     1.9792e-02  0.0000e+00     1.3461e-03  0.0000e+00     1.2729e-01  0.0000e+00 
1.0610e+02     1.0451e-04  0.0000e+00     1.1089e-02  0.0000e+00     7.5421e-04  0.0000e+00     8.0022e-02  0.0000e+00 
1.1905e+02     4.5143e-05  0.0000e+00     5.3741e-03  0.0000e+00     3.6551e-04  0.0000e+00     4.3513e-02  0.0000e+00 
1.3357e+02     1.9441e-05  0.0000e+00     2.5968e-03  0.0000e+00     1.7662e-04  0.0000e+00     2.3591e-02  0.0000e+00 
1.4987e+02     7.4258e-06  0.0000e+00     1.1129e-03  0.0000e+00     7.5694e-05  0.0000e+00     1.1344e-02  0.0000e+00 
1.6816e+02     1.7887e-06  0.0000e+00     3.0079e-04  0.0000e+00     2.0458e-05  0.0000e+00     3.4401e-03  0.0000e+00 
1.8868e+02     4.7826e-07  0.0000e+00     9.0237e-05  0.0000e+00     6.1373e-06  0.0000e+00     1.1580e-03  0.0000e+00 
2.1170e+02     9.4722e-08  0.0000e+00     2.0053e-05  0.0000e+00     1.3638e-06  0.0000e+00     2.8873e-04  0.0000e+00 
2.3753e+02     0.0000e+00  0.0000e+00     0.0000e+00  0.0000e+00     0.0000e+00  0.0000e+00     0.0000e+00  0.0000e+00 
2.6651e+02     0.0000e+00  0.0000e+00     0.0000e+00  0.0000e+00     0.0000e+00  0.0000e+00     0.0000e+00  0.0000e+00 
2.9903e+02     0.0000e+00  0.0000e+00     0.0000e+00  0.0000e+00     0.0000e+00  0.0000e+00     0.0000e+00  0.0000e+00 
3.3552e+02     0.0000e+00  0.0000e+00     0.0000e+00  0.0000e+00     0.0000e+00  0.0000e+00     0.0000e+00  0.0000e+00 
3.7646e+02     0.0000e+00  0.0000e+00     0.0000e+00  0.0000e+00     0.0000e+00  0.0000e+00     0.0000e+00  0.0000e+00 
4.2240e+02     0.0000e+00  0.0000e+00     0.0000e+00  0.0000e+00     0.0000e+00  0.0000e+00     0.0000e+00  0.0000e+00 
4.7394e+02     0.0000e+00  0.0000e+00     0.0000e+00  0.0000e+00     0.0000e+00  0.0000e+00     0.0000e+00  0.0000e+00 
5.3176e+02     0.0000e+00  0.0000e+00     0.0000e+00  0.0000e+00     0.0000e+00  0.0000e+00     0.0000e+00  0.0000e+00 
5.9665e+02     0.0000e+00  0.0000e+00     0.0000e+00  0.0000e+00     0.0000e+00  0.0000e+00     0.0000e+00  0.0000e+00 
6.6945e+02     0.0000e+00  0.0000e+00     0.0000e+00  0.0000e+00     0.0000e+00  0.0000e+00     0.0000e+00  0.0000e+00 
7.5114e+02     0.0000e+00  0.0000e+00     0.0000e+00  0.0000e+00     0.0000e+00  0.0000e+00     0.0000e+00  0.0000e+00 
8.4279e+02     0.0000e+00  0.0000e+00     0.0000e+00  0.0000e+00     0.0000e+00  0.0000e+00     0.0000e+00  0.0000e+00 
9.4563e+02     0.0000e+00  0.0000e+00     0.0000e+00  0.0000e+00     0.0000e+00  0.0000e+00     0.0000e+00  0.0000e+00 
1.0610e+03     0.0000e+00  0.0000e+00     0.0000e+00  0.0000e+00     0.0000e+00  0.0000e+00     0.0000e+00  0.0000e+00 
1.1905e+03     0.0000e+00  0.0000e+00     0.0000e+00  0.0000e+00     0.0000e+00  0.0000e+00     0.0000e+00  0.0000e+00 
1.3357e+03     0.0000e+00  0.0000e+00     0.0000e+00  0.0000e+00     0.0000e+00  0.0000e+00     0.0000e+00  0.0000e+00 
1.4987e+03     0.0000e+00  0.0000e+00     0.0000e+00  0.0000e+00     0.0000e+00  0.0000e+00     0.0000e+00  0.0000e+00 
1.6816e+03     0.0000e+00  0.0000e+00     0.0000e+00  0.0000e+00     0.0000e+00  0.0000e+00     0.0000e+00  0.0000e+00 
1.8868e+03     0.0000e+00  0.0000e+00     0.0000e+00  0.0000e+00     0.0000e+00  0.0000e+00     0.0000e+00  0.0000e+00 
2.1170e+03     0.0000e+00  0.0000e+00     0.0000e+00  0.0000e+00     0.0000e+00  0.0000e+00     0.0000e+00  0.0000e+00 
2.3753e+03     0.0000e+00  0.0000e+00     0.0000e+00  0.0000e+00     0.0000e+00  0.0000e+00     0.0000e+00  0.0000e+00 
2.6651e+03     0.0000e+00  0.0000e+00     0.0000e+00  0.0000e+00     0.0000e+00  0.0000e+00     0.0000e+00  0.0000e+00 
2.9903e+03     0.0000e+00  0.0000e+00     0.0000e+00  0.0000e+00     0.0000e+00  0.0000e+00     0.0000e+00  0.0000e+00 
3.3552e+03     0.0000e+00  0.0000e+00     0.0000e+00  0.0000e+00     0.0000e+00  0.0000e+00     0.0000e+00  0.0000e+00 
3.7646e+03     0.0000e+00  0.0000e+00     0.0000e+00  0.0000e+00     0.0000e+00  0.0000e+00     0.0000e+00  0.0000e+00 
4.2240e+03     0.0000e+00  0.0000e+00     0.0000e+00  0.0000e+00     0.0000e+00  0.0000e+00     0.0000e+00  0.0000e+00 
4.7394e+03     0.0000e+00  0.0000e+00     0.0000e+00  0.0000e+00     0.0000e+00  0.0000e+00     0.0000e+00  0.0000e+00 
5.3176e+03     0.0000e+00  0.0000e+00     0.0000e+00  0.0000e+00     0.0000e+00  0.0000e+00     0.0000e+00  0.0000e+00 
5.9665e+03     0.0000e+00  0.0000e+00     0.0000e+00  0.0000e+00     0.0000e+00  0.0000e+00     0.0000e+00  0.0000e+00 
6.6945e+03     0.0000e+00  0.0000e+00     0.0000e+00  0.0000e+00     0.0000e+00  0.0000e+00     0.0000e+00  0.0000e+00 
7.5114e+03     0.0000e+00  0.0000e+00     0.0000e+00  0.0000e+00     0.0000e+00  0.0000e+00     0.0000e+00  0.0000e+00 
8.4279e+03     0.0000e+00  0.0000e+00     0.0000e+00  0.0000e+00     0.0000e+00  0.0000e+00     0.0000e+00  0.0000e+00 
9.4563e+03     0.0000e+00  0.0000e+00     0.0000e+00  0.0000e+00     0.0000e+00  0.0000e+00     0.0000e+00  0.0000e+00 
