yF = 5.6730e+00 (std: 0.0000e+00) keV/um
yD = 1.9077e+01 (std: 0.0000e+00) keV/um
y (keV/um)     f(y)(std)                  yf(y)(std)                 d(y)(std)                  yd(y)(std)  
1.0610e-01     2.3662e+01  0.0000e+00     2.5105e+00  0.0000e+00     4.4253e-01  0.0000e+00     4.6953e-02  0.0000e+00 
1.1905e-01     1.6701e+00  0.0000e+00     1.9882e-01  0.0000e+00     3.5047e-02  0.0000e+00     4.1722e-03  0.0000e+00 
1.3357e-01     4.6334e-01  0.0000e+00     6.1890e-02  0.0000e+00     1.0909e-02  0.0000e+00     1.4572e-03  0.0000e+00 
1.4987e-01     2.4657e+00  0.0000e+00     3.6954e-01  0.0000e+00     6.5139e-02  0.0000e+00     9.7625e-03  0.0000e+00 
1.6816e-01     7.0393e-01  0.0000e+00     1.1837e-01  0.0000e+00     2.0866e-02  0.0000e+00     3.5088e-03  0.0000e+00 
1.8868e-01     4.7734e-01  0.0000e+00     9.0064e-02  0.0000e+00     1.5876e-02  0.0000e+00     2.9954e-03  0.0000e+00 
2.1170e-01     4.9765e-01  0.0000e+00     1.0535e-01  0.0000e+00     1.8571e-02  0.0000e+00     3.9314e-03  0.0000e+00 
2.3753e-01     4.6546e-01  0.0000e+00     1.1056e-01  0.0000e+00     1.9489e-02  0.0000e+00     4.6292e-03  0.0000e+00 
2.6651e-01     2.2320e-01  0.0000e+00     5.9486e-02  0.0000e+00     1.0486e-02  0.0000e+00     2.7946e-03  0.0000e+00 
2.9903e-01     1.7705e-01  0.0000e+00     5.2943e-02  0.0000e+00     9.3325e-03  0.0000e+00     2.7907e-03  0.0000e+00 
3.3552e-01     1.1350e+00  0.0000e+00     3.8082e-01  0.0000e+00     6.7128e-02  0.0000e+00     2.2523e-02  0.0000e+00 
3.7646e-01     7.3226e-01  0.0000e+00     2.7567e-01  0.0000e+00     4.8593e-02  0.0000e+00     1.8293e-02  0.0000e+00 
4.2240e-01     3.1359e-01  0.0000e+00     1.3246e-01  0.0000e+00     2.3349e-02  0.0000e+00     9.8625e-03  0.0000e+00 
4.7394e-01     2.9653e-01  0.0000e+00     1.4054e-01  0.0000e+00     2.4773e-02  0.0000e+00     1.1741e-02  0.0000e+00 
5.3176e-01     1.8757e-01  0.0000e+00     9.9745e-02  0.0000e+00     1.7582e-02  0.0000e+00     9.3496e-03  0.0000e+00 
5.9665e-01     9.4441e-02  0.0000e+00     5.6348e-02  0.0000e+00     9.9327e-03  0.0000e+00     5.9263e-03  0.0000e+00 
6.6945e-01     1.6405e-01  0.0000e+00     1.0983e-01  0.0000e+00     1.9359e-02  0.0000e+00     1.2960e-02  0.0000e+00 
7.5114e-01     1.3564e-01  0.0000e+00     1.0188e-01  0.0000e+00     1.7959e-02  0.0000e+00     1.3490e-02  0.0000e+00 
8.4279e-01     6.0364e-02  0.0000e+00     5.0874e-02  0.0000e+00     8.9677e-03  0.0000e+00     7.5579e-03  0.0000e+00 
9.4563e-01     3.6996e-02  0.0000e+00     3.4984e-02  0.0000e+00     6.1667e-03  0.0000e+00     5.8314e-03  0.0000e+00 
1.0610e+00     2.8253e-02  0.0000e+00     2.9977e-02  0.0000e+00     5.2841e-03  0.0000e+00     5.6065e-03  0.0000e+00 
1.1905e+00     1.5535e-02  0.0000e+00     1.8493e-02  0.0000e+00     3.2599e-03  0.0000e+00     3.8808e-03  0.0000e+00 
1.3357e+00     8.6470e-03  0.0000e+00     1.1550e-02  0.0000e+00     2.0360e-03  0.0000e+00     2.7195e-03  0.0000e+00 
1.4987e+00     3.7865e-03  0.0000e+00     5.6749e-03  0.0000e+00     1.0003e-03  0.0000e+00     1.4992e-03  0.0000e+00 
1.6816e+00     1.9851e-03  0.0000e+00     3.3382e-03  0.0000e+00     5.8843e-04  0.0000e+00     9.8950e-04  0.0000e+00 
1.8868e+00     8.1386e-04  0.0000e+00     1.5356e-03  0.0000e+00     2.7068e-04  0.0000e+00     5.1071e-04  0.0000e+00 
2.1170e+00     1.5768e-04  0.0000e+00     3.3382e-04  0.0000e+00     5.8843e-05  0.0000e+00     1.2457e-04  0.0000e+00 
2.3753e+00     8.4322e-05  0.0000e+00     2.0029e-04  0.0000e+00     3.5306e-05  0.0000e+00     8.3862e-05  0.0000e+00 
2.6651e+00     0.0000e+00  0.0000e+00     0.0000e+00  0.0000e+00     0.0000e+00  0.0000e+00     0.0000e+00  0.0000e+00 
2.9903e+00     0.0000e+00  0.0000e+00     0.0000e+00  0.0000e+00     0.0000e+00  0.0000e+00     0.0000e+00  0.0000e+00 
3.3552e+00     0.0000e+00  0.0000e+00     0.0000e+00  0.0000e+00     0.0000e+00  0.0000e+00     0.0000e+00  0.0000e+00 
3.7646e+00     0.0000e+00  0.0000e+00     0.0000e+00  0.0000e+00     0.0000e+00  0.0000e+00     0.0000e+00  0.0000e+00 
4.2240e+00     0.0000e+00  0.0000e+00     0.0000e+00  0.0000e+00     0.0000e+00  0.0000e+00     0.0000e+00  0.0000e+00 
4.7394e+00     1.4087e-05  0.0000e+00     6.6764e-05  0.0000e+00     1.1769e-05  0.0000e+00     5.5776e-05  0.0000e+00 
5.3176e+00     0.0000e+00  0.0000e+00     0.0000e+00  0.0000e+00     0.0000e+00  0.0000e+00     0.0000e+00  0.0000e+00 
5.9665e+00     7.8821e-02  0.0000e+00     4.7028e-01  0.0000e+00     8.2898e-02  0.0000e+00     4.9461e-01  0.0000e+00 
6.6945e+00     1.9477e-02  0.0000e+00     1.3039e-01  0.0000e+00     2.2984e-02  0.0000e+00     1.5387e-01  0.0000e+00 
7.5114e+00     8.0528e-03  0.0000e+00     6.0488e-02  0.0000e+00     1.0662e-02  0.0000e+00     8.0089e-02  0.0000e+00 
8.4279e+00     3.3588e-02  0.0000e+00     2.8308e-01  0.0000e+00     4.9899e-02  0.0000e+00     4.2054e-01  0.0000e+00 
9.4563e+00     3.0183e-02  0.0000e+00     2.8541e-01  0.0000e+00     5.0311e-02  0.0000e+00     4.7575e-01  0.0000e+00 
1.0610e+01     7.5755e-02  0.0000e+00     8.0377e-01  0.0000e+00     1.4168e-01  0.0000e+00     1.5033e+00  0.0000e+00 
1.1905e+01     2.9033e-02  0.0000e+00     3.4563e-01  0.0000e+00     6.0926e-02  0.0000e+00     7.2531e-01  0.0000e+00 
1.3357e+01     1.2211e-02  0.0000e+00     1.6310e-01  0.0000e+00     2.8751e-02  0.0000e+00     3.8403e-01  0.0000e+00 
1.4987e+01     5.1096e-03  0.0000e+00     7.6578e-02  0.0000e+00     1.3499e-02  0.0000e+00     2.0231e-01  0.0000e+00 
1.6816e+01     2.3504e-02  0.0000e+00     3.9524e-01  0.0000e+00     6.9670e-02  0.0000e+00     1.1716e+00  0.0000e+00 
1.8868e+01     6.8293e-03  0.0000e+00     1.2885e-01  0.0000e+00     2.2713e-02  0.0000e+00     4.2855e-01  0.0000e+00 
2.1170e+01     3.4754e-03  0.0000e+00     7.3573e-02  0.0000e+00     1.2969e-02  0.0000e+00     2.7455e-01  0.0000e+00 
2.3753e+01     3.1677e-03  0.0000e+00     7.5242e-02  0.0000e+00     1.3263e-02  0.0000e+00     3.1504e-01  0.0000e+00 
2.6651e+01     2.0066e-03  0.0000e+00     5.3478e-02  0.0000e+00     9.4266e-03  0.0000e+00     2.5123e-01  0.0000e+00 
2.9903e+01     1.5696e-03  0.0000e+00     4.6935e-02  0.0000e+00     8.2733e-03  0.0000e+00     2.4740e-01  0.0000e+00 
3.3552e+01     1.3670e-03  0.0000e+00     4.5867e-02  0.0000e+00     8.0850e-03  0.0000e+00     2.7127e-01  0.0000e+00 
3.7646e+01     9.1510e-04  0.0000e+00     3.4450e-02  0.0000e+00     6.0726e-03  0.0000e+00     2.2861e-01  0.0000e+00 
4.2240e+01     6.3382e-04  0.0000e+00     2.6772e-02  0.0000e+00     4.7192e-03  0.0000e+00     1.9934e-01  0.0000e+00 
4.7394e+01     4.9586e-04  0.0000e+00     2.3501e-02  0.0000e+00     4.1425e-03  0.0000e+00     1.9633e-01  0.0000e+00 
5.3176e+01     2.9504e-04  0.0000e+00     1.5689e-02  0.0000e+00     2.7656e-03  0.0000e+00     1.4707e-01  0.0000e+00 
5.9665e+01     1.6897e-04  0.0000e+00     1.0081e-02  0.0000e+00     1.7771e-03  0.0000e+00     1.0603e-01  0.0000e+00 
6.6945e+01     1.0771e-04  0.0000e+00     7.2105e-03  0.0000e+00     1.2710e-03  0.0000e+00     8.5088e-02  0.0000e+00 
7.5114e+01     5.4219e-05  0.0000e+00     4.0726e-03  0.0000e+00     7.1788e-04  0.0000e+00     5.3923e-02  0.0000e+00 
8.4279e+01     2.3765e-05  0.0000e+00     2.0029e-03  0.0000e+00     3.5306e-04  0.0000e+00     2.9755e-02  0.0000e+00 
9.4563e+01     1.4121e-05  0.0000e+00     1.3353e-03  0.0000e+00     2.3537e-04  0.0000e+00     2.2257e-02  0.0000e+00 
1.0610e+02     4.4047e-06  0.0000e+00     4.6734e-04  0.0000e+00     8.2380e-05  0.0000e+00     8.7406e-03  0.0000e+00 
1.1905e+02     5.6082e-07  0.0000e+00     6.6764e-05  0.0000e+00     1.1769e-05  0.0000e+00     1.4010e-03  0.0000e+00 
1.3357e+02     4.9983e-07  0.0000e+00     6.6764e-05  0.0000e+00     1.1769e-05  0.0000e+00     1.5720e-03  0.0000e+00 
1.4987e+02     0.0000e+00  0.0000e+00     0.0000e+00  0.0000e+00     0.0000e+00  0.0000e+00     0.0000e+00  0.0000e+00 
1.6816e+02     0.0000e+00  0.0000e+00     0.0000e+00  0.0000e+00     0.0000e+00  0.0000e+00     0.0000e+00  0.0000e+00 
1.8868e+02     0.0000e+00  0.0000e+00     0.0000e+00  0.0000e+00     0.0000e+00  0.0000e+00     0.0000e+00  0.0000e+00 
2.1170e+02     0.0000e+00  0.0000e+00     0.0000e+00  0.0000e+00     0.0000e+00  0.0000e+00     0.0000e+00  0.0000e+00 
2.3753e+02     0.0000e+00  0.0000e+00     0.0000e+00  0.0000e+00     0.0000e+00  0.0000e+00     0.0000e+00  0.0000e+00 
2.6651e+02     0.0000e+00  0.0000e+00     0.0000e+00  0.0000e+00     0.0000e+00  0.0000e+00     0.0000e+00  0.0000e+00 
2.9903e+02     0.0000e+00  0.0000e+00     0.0000e+00  0.0000e+00     0.0000e+00  0.0000e+00     0.0000e+00  0.0000e+00 
3.3552e+02     0.0000e+00  0.0000e+00     0.0000e+00  0.0000e+00     0.0000e+00  0.0000e+00     0.0000e+00  0.0000e+00 
3.7646e+02     0.0000e+00  0.0000e+00     0.0000e+00  0.0000e+00     0.0000e+00  0.0000e+00     0.0000e+00  0.0000e+00 
4.2240e+02     0.0000e+00  0.0000e+00     0.0000e+00  0.0000e+00     0.0000e+00  0.0000e+00     0.0000e+00  0.0000e+00 
4.7394e+02     0.0000e+00  0.0000e+00     0.0000e+00  0.0000e+00     0.0000e+00  0.0000e+00     0.0000e+00  0.0000e+00 
5.3176e+02     0.0000e+00  0.0000e+00     0.0000e+00  0.0000e+00     0.0000e+00  0.0000e+00     0.0000e+00  0.0000e+00 
5.9665e+02     0.0000e+00  0.0000e+00     0.0000e+00  0.0000e+00     0.0000e+00  0.0000e+00     0.0000e+00  0.0000e+00 
6.6945e+02     0.0000e+00  0.0000e+00     0.0000e+00  0.0000e+00     0.0000e+00  0.0000e+00     0.0000e+00  0.0000e+00 
7.5114e+02     0.0000e+00  0.0000e+00     0.0000e+00  0.0000e+00     0.0000e+00  0.0000e+00     0.0000e+00  0.0000e+00 
8.4279e+02     0.0000e+00  0.0000e+00     0.0000e+00  0.0000e+00     0.0000e+00  0.0000e+00     0.0000e+00  0.0000e+00 
9.4563e+02     0.0000e+00  0.0000e+00     0.0000e+00  0.0000e+00     0.0000e+00  0.0000e+00     0.0000e+00  0.0000e+00 
1.0610e+03     0.0000e+00  0.0000e+00     0.0000e+00  0.0000e+00     0.0000e+00  0.0000e+00     0.0000e+00  0.0000e+00 
1.1905e+03     0.0000e+00  0.0000e+00     0.0000e+00  0.0000e+00     0.0000e+00  0.0000e+00     0.0000e+00  0.0000e+00 
1.3357e+03     0.0000e+00  0.0000e+00     0.0000e+00  0.0000e+00     0.0000e+00  0.0000e+00     0.0000e+00  0.0000e+00 
1.4987e+03     0.0000e+00  0.0000e+00     0.0000e+00  0.0000e+00     0.0000e+00  0.0000e+00     0.0000e+00  0.0000e+00 
1.6816e+03     0.0000e+00  0.0000e+00     0.0000e+00  0.0000e+00     0.0000e+00  0.0000e+00     0.0000e+00  0.0000e+00 
1.8868e+03     0.0000e+00  0.0000e+00     0.0000e+00  0.0000e+00     0.0000e+00  0.0000e+00     0.0000e+00  0.0000e+00 
2.1170e+03     0.0000e+00  0.0000e+00     0.0000e+00  0.0000e+00     0.0000e+00  0.0000e+00     0.0000e+00  0.0000e+00 
2.3753e+03     0.0000e+00  0.0000e+00     0.0000e+00  0.0000e+00     0.0000e+00  0.0000e+00     0.0000e+00  0.0000e+00 
2.6651e+03     0.0000e+00  0.0000e+00     0.0000e+00  0.0000e+00     0.0000e+00  0.0000e+00     0.0000e+00  0.0000e+00 
2.9903e+03     0.0000e+00  0.0000e+00     0.0000e+00  0.0000e+00     0.0000e+00  0.0000e+00     0.0000e+00  0.0000e+00 
3.3552e+03     0.0000e+00  0.0000e+00     0.0000e+00  0.0000e+00     0.0000e+00  0.0000e+00     0.0000e+00  0.0000e+00 
3.7646e+03     0.0000e+00  0.0000e+00     0.0000e+00  0.0000e+00     0.0000e+00  0.0000e+00     0.0000e+00  0.0000e+00 
4.2240e+03     0.0000e+00  0.0000e+00     0.0000e+00  0.0000e+00     0.0000e+00  0.0000e+00     0.0000e+00  0.0000e+00 
4.7394e+03     0.0000e+00  0.0000e+00     0.0000e+00  0.0000e+00     0.0000e+00  0.0000e+00     0.0000e+00  0.0000e+00 
5.3176e+03     0.0000e+00  0.0000e+00     0.0000e+00  0.0000e+00     0.0000e+00  0.0000e+00     0.0000e+00  0.0000e+00 
5.9665e+03     0.0000e+00  0.0000e+00     0.0000e+00  0.0000e+00     0.0000e+00  0.0000e+00     0.0000e+00  0.0000e+00 
6.6945e+03     0.0000e+00  0.0000e+00     0.0000e+00  0.0000e+00     0.0000e+00  0.0000e+00     0.0000e+00  0.0000e+00 
7.5114e+03     0.0000e+00  0.0000e+00     0.0000e+00  0.0000e+00     0.0000e+00  0.0000e+00     0.0000e+00  0.0000e+00 
8.4279e+03     0.0000e+00  0.0000e+00     0.0000e+00  0.0000e+00     0.0000e+00  0.0000e+00     0.0000e+00  0.0000e+00 
9.4563e+03     0.0000e+00  0.0000e+00     0.0000e+00  0.0000e+00     0.0000e+00  0.0000e+00     0.0000e+00  0.0000e+00 
