yF = 3.2797e+00 (std: 0.0000e+00) keV/um
yD = 2.1725e+01 (std: 0.0000e+00) keV/um
y (keV/um)     f(y)(std)                  yf(y)(std)                 d(y)(std)                  yd(y)(std)  
1.0610e-01     2.7491e+01  0.0000e+00     2.9168e+00  0.0000e+00     8.8936e-01  0.0000e+00     9.4362e-02  0.0000e+00 
1.1905e-01     2.2612e+00  0.0000e+00     2.6919e-01  0.0000e+00     8.2078e-02  0.0000e+00     9.7711e-03  0.0000e+00 
1.3357e-01     5.9536e-01  0.0000e+00     7.9525e-02  0.0000e+00     2.4248e-02  0.0000e+00     3.2389e-03  0.0000e+00 
1.4987e-01     3.2348e+00  0.0000e+00     4.8480e-01  0.0000e+00     1.4782e-01  0.0000e+00     2.2154e-02  0.0000e+00 
1.6816e-01     9.6166e-01  0.0000e+00     1.6171e-01  0.0000e+00     4.9308e-02  0.0000e+00     8.2915e-03  0.0000e+00 
1.8868e-01     6.4898e-01  0.0000e+00     1.2245e-01  0.0000e+00     3.7336e-02  0.0000e+00     7.0444e-03  0.0000e+00 
2.1170e-01     7.0100e-01  0.0000e+00     1.4840e-01  0.0000e+00     4.5249e-02  0.0000e+00     9.5792e-03  0.0000e+00 
2.3753e-01     6.1917e-01  0.0000e+00     1.4707e-01  0.0000e+00     4.4843e-02  0.0000e+00     1.0652e-02  0.0000e+00 
2.6651e-01     2.5844e-01  0.0000e+00     6.8877e-02  0.0000e+00     2.1001e-02  0.0000e+00     5.5971e-03  0.0000e+00 
2.9903e-01     2.4480e-01  0.0000e+00     7.3203e-02  0.0000e+00     2.2320e-02  0.0000e+00     6.6745e-03  0.0000e+00 
3.3552e-01     1.5738e+00  0.0000e+00     5.2806e-01  0.0000e+00     1.6101e-01  0.0000e+00     5.4022e-02  0.0000e+00 
3.7646e-01     1.0642e+00  0.0000e+00     4.0062e-01  0.0000e+00     1.2215e-01  0.0000e+00     4.5986e-02  0.0000e+00 
4.2240e-01     4.5847e-01  0.0000e+00     1.9365e-01  0.0000e+00     5.9047e-02  0.0000e+00     2.4941e-02  0.0000e+00 
4.7394e-01     4.6267e-01  0.0000e+00     2.1928e-01  0.0000e+00     6.6859e-02  0.0000e+00     3.1687e-02  0.0000e+00 
5.3176e-01     2.5968e-01  0.0000e+00     1.3809e-01  0.0000e+00     4.2104e-02  0.0000e+00     2.2389e-02  0.0000e+00 
5.9665e-01     1.4054e-01  0.0000e+00     8.3850e-02  0.0000e+00     2.5567e-02  0.0000e+00     1.5254e-02  0.0000e+00 
6.6945e-01     2.5150e-01  0.0000e+00     1.6837e-01  0.0000e+00     5.1337e-02  0.0000e+00     3.4367e-02  0.0000e+00 
7.5114e-01     2.1972e-01  0.0000e+00     1.6504e-01  0.0000e+00     5.0322e-02  0.0000e+00     3.7799e-02  0.0000e+00 
8.4279e-01     1.0068e-01  0.0000e+00     8.4849e-02  0.0000e+00     2.5871e-02  0.0000e+00     2.1804e-02  0.0000e+00 
9.4563e-01     6.5800e-02  0.0000e+00     6.2222e-02  0.0000e+00     1.8972e-02  0.0000e+00     1.7941e-02  0.0000e+00 
1.0610e+00     4.7041e-02  0.0000e+00     4.9911e-02  0.0000e+00     1.5218e-02  0.0000e+00     1.6147e-02  0.0000e+00 
1.1905e+00     2.4317e-02  0.0000e+00     2.8948e-02  0.0000e+00     8.8267e-03  0.0000e+00     1.0508e-02  0.0000e+00 
1.3357e+00     1.4697e-02  0.0000e+00     1.9632e-02  0.0000e+00     5.9859e-03  0.0000e+00     7.9955e-03  0.0000e+00 
1.4987e+00     8.2146e-03  0.0000e+00     1.2311e-02  0.0000e+00     3.7539e-03  0.0000e+00     5.6260e-03  0.0000e+00 
1.6816e+00     3.3638e-03  0.0000e+00     5.6566e-03  0.0000e+00     1.7247e-03  0.0000e+00     2.9003e-03  0.0000e+00 
1.8868e+00     1.5872e-03  0.0000e+00     2.9947e-03  0.0000e+00     9.1310e-04  0.0000e+00     1.7228e-03  0.0000e+00 
2.1170e+00     6.2870e-04  0.0000e+00     1.3310e-03  0.0000e+00     4.0582e-04  0.0000e+00     8.5912e-04  0.0000e+00 
2.3753e+00     2.8017e-04  0.0000e+00     6.6548e-04  0.0000e+00     2.0291e-04  0.0000e+00     4.8198e-04  0.0000e+00 
2.6651e+00     1.2485e-04  0.0000e+00     3.3274e-04  0.0000e+00     1.0146e-04  0.0000e+00     2.7039e-04  0.0000e+00 
2.9903e+00     0.0000e+00  0.0000e+00     0.0000e+00  0.0000e+00     0.0000e+00  0.0000e+00     0.0000e+00  0.0000e+00 
3.3552e+00     0.0000e+00  0.0000e+00     0.0000e+00  0.0000e+00     0.0000e+00  0.0000e+00     0.0000e+00  0.0000e+00 
3.7646e+00     0.0000e+00  0.0000e+00     0.0000e+00  0.0000e+00     0.0000e+00  0.0000e+00     0.0000e+00  0.0000e+00 
4.2240e+00     0.0000e+00  0.0000e+00     0.0000e+00  0.0000e+00     0.0000e+00  0.0000e+00     0.0000e+00  0.0000e+00 
4.7394e+00     0.0000e+00  0.0000e+00     0.0000e+00  0.0000e+00     0.0000e+00  0.0000e+00     0.0000e+00  0.0000e+00 
5.3176e+00     0.0000e+00  0.0000e+00     0.0000e+00  0.0000e+00     0.0000e+00  0.0000e+00     0.0000e+00  0.0000e+00 
5.9665e+00     1.0512e-01  0.0000e+00     6.2721e-01  0.0000e+00     1.9124e-01  0.0000e+00     1.1411e+00  0.0000e+00 
6.6945e+00     2.3261e-02  0.0000e+00     1.5572e-01  0.0000e+00     4.7481e-02  0.0000e+00     3.1786e-01  0.0000e+00 
7.5114e+00     7.2649e-03  0.0000e+00     5.4569e-02  0.0000e+00     1.6639e-02  0.0000e+00     1.2498e-01  0.0000e+00 
8.4279e+00     2.2622e-02  0.0000e+00     1.9066e-01  0.0000e+00     5.8134e-02  0.0000e+00     4.8995e-01  0.0000e+00 
9.4563e+00     1.0591e-02  0.0000e+00     1.0015e-01  0.0000e+00     3.0538e-02  0.0000e+00     2.8878e-01  0.0000e+00 
1.0610e+01     1.6684e-02  0.0000e+00     1.7702e-01  0.0000e+00     5.3974e-02  0.0000e+00     5.7267e-01  0.0000e+00 
1.1905e+01     1.1264e-02  0.0000e+00     1.3409e-01  0.0000e+00     4.0887e-02  0.0000e+00     4.8674e-01  0.0000e+00 
1.3357e+01     8.7436e-03  0.0000e+00     1.1679e-01  0.0000e+00     3.5611e-02  0.0000e+00     4.7567e-01  0.0000e+00 
1.4987e+01     4.8400e-03  0.0000e+00     7.2537e-02  0.0000e+00     2.2117e-02  0.0000e+00     3.3148e-01  0.0000e+00 
1.6816e+01     3.1462e-03  0.0000e+00     5.2906e-02  0.0000e+00     1.6131e-02  0.0000e+00     2.7126e-01  0.0000e+00 
1.8868e+01     2.8217e-03  0.0000e+00     5.3238e-02  0.0000e+00     1.6233e-02  0.0000e+00     3.0628e-01  0.0000e+00 
2.1170e+01     2.5305e-03  0.0000e+00     5.3571e-02  0.0000e+00     1.6334e-02  0.0000e+00     3.4580e-01  0.0000e+00 
2.3753e+01     2.5075e-03  0.0000e+00     5.9560e-02  0.0000e+00     1.8161e-02  0.0000e+00     4.3137e-01  0.0000e+00 
2.6651e+01     1.7479e-03  0.0000e+00     4.6584e-02  0.0000e+00     1.4204e-02  0.0000e+00     3.7855e-01  0.0000e+00 
2.9903e+01     9.5694e-04  0.0000e+00     2.8616e-02  0.0000e+00     8.7252e-03  0.0000e+00     2.6091e-01  0.0000e+00 
3.3552e+01     9.2229e-04  0.0000e+00     3.0945e-02  0.0000e+00     9.4354e-03  0.0000e+00     3.1658e-01  0.0000e+00 
3.7646e+01     6.8941e-04  0.0000e+00     2.5954e-02  0.0000e+00     7.9136e-03  0.0000e+00     2.9791e-01  0.0000e+00 
4.2240e+01     5.6718e-04  0.0000e+00     2.3957e-02  0.0000e+00     7.3048e-03  0.0000e+00     3.0855e-01  0.0000e+00 
4.7394e+01     2.8785e-04  0.0000e+00     1.3642e-02  0.0000e+00     4.1597e-03  0.0000e+00     1.9714e-01  0.0000e+00 
5.3176e+01     1.8146e-04  0.0000e+00     9.6494e-03  0.0000e+00     2.9422e-03  0.0000e+00     1.5646e-01  0.0000e+00 
5.9665e+01     1.8961e-04  0.0000e+00     1.1313e-02  0.0000e+00     3.4495e-03  0.0000e+00     2.0581e-01  0.0000e+00 
6.6945e+01     1.1432e-04  0.0000e+00     7.6530e-03  0.0000e+00     2.3335e-03  0.0000e+00     1.5622e-01  0.0000e+00 
7.5114e+01     6.6447e-05  0.0000e+00     4.9911e-03  0.0000e+00     1.5218e-03  0.0000e+00     1.1431e-01  0.0000e+00 
8.4279e+01     2.7637e-05  0.0000e+00     2.3292e-03  0.0000e+00     7.1019e-04  0.0000e+00     5.9854e-02  0.0000e+00 
9.4563e+01     2.1112e-05  0.0000e+00     1.9964e-03  0.0000e+00     6.0873e-04  0.0000e+00     5.7564e-02  0.0000e+00 
1.0610e+02     9.4082e-06  0.0000e+00     9.9822e-04  0.0000e+00     3.0437e-04  0.0000e+00     3.2294e-02  0.0000e+00 
1.1905e+02     5.5900e-06  0.0000e+00     6.6548e-04  0.0000e+00     2.0291e-04  0.0000e+00     2.4156e-02  0.0000e+00 
1.3357e+02     0.0000e+00  0.0000e+00     0.0000e+00  0.0000e+00     0.0000e+00  0.0000e+00     0.0000e+00  0.0000e+00 
1.4987e+02     2.2202e-06  0.0000e+00     3.3274e-04  0.0000e+00     1.0146e-04  0.0000e+00     1.5205e-02  0.0000e+00 
1.6816e+02     0.0000e+00  0.0000e+00     0.0000e+00  0.0000e+00     0.0000e+00  0.0000e+00     0.0000e+00  0.0000e+00 
1.8868e+02     0.0000e+00  0.0000e+00     0.0000e+00  0.0000e+00     0.0000e+00  0.0000e+00     0.0000e+00  0.0000e+00 
2.1170e+02     0.0000e+00  0.0000e+00     0.0000e+00  0.0000e+00     0.0000e+00  0.0000e+00     0.0000e+00  0.0000e+00 
2.3753e+02     0.0000e+00  0.0000e+00     0.0000e+00  0.0000e+00     0.0000e+00  0.0000e+00     0.0000e+00  0.0000e+00 
2.6651e+02     0.0000e+00  0.0000e+00     0.0000e+00  0.0000e+00     0.0000e+00  0.0000e+00     0.0000e+00  0.0000e+00 
2.9903e+02     0.0000e+00  0.0000e+00     0.0000e+00  0.0000e+00     0.0000e+00  0.0000e+00     0.0000e+00  0.0000e+00 
3.3552e+02     0.0000e+00  0.0000e+00     0.0000e+00  0.0000e+00     0.0000e+00  0.0000e+00     0.0000e+00  0.0000e+00 
3.7646e+02     0.0000e+00  0.0000e+00     0.0000e+00  0.0000e+00     0.0000e+00  0.0000e+00     0.0000e+00  0.0000e+00 
4.2240e+02     0.0000e+00  0.0000e+00     0.0000e+00  0.0000e+00     0.0000e+00  0.0000e+00     0.0000e+00  0.0000e+00 
4.7394e+02     0.0000e+00  0.0000e+00     0.0000e+00  0.0000e+00     0.0000e+00  0.0000e+00     0.0000e+00  0.0000e+00 
5.3176e+02     0.0000e+00  0.0000e+00     0.0000e+00  0.0000e+00     0.0000e+00  0.0000e+00     0.0000e+00  0.0000e+00 
5.9665e+02     0.0000e+00  0.0000e+00     0.0000e+00  0.0000e+00     0.0000e+00  0.0000e+00     0.0000e+00  0.0000e+00 
6.6945e+02     0.0000e+00  0.0000e+00     0.0000e+00  0.0000e+00     0.0000e+00  0.0000e+00     0.0000e+00  0.0000e+00 
7.5114e+02     0.0000e+00  0.0000e+00     0.0000e+00  0.0000e+00     0.0000e+00  0.0000e+00     0.0000e+00  0.0000e+00 
8.4279e+02     0.0000e+00  0.0000e+00     0.0000e+00  0.0000e+00     0.0000e+00  0.0000e+00     0.0000e+00  0.0000e+00 
9.4563e+02     0.0000e+00  0.0000e+00     0.0000e+00  0.0000e+00     0.0000e+00  0.0000e+00     0.0000e+00  0.0000e+00 
1.0610e+03     0.0000e+00  0.0000e+00     0.0000e+00  0.0000e+00     0.0000e+00  0.0000e+00     0.0000e+00  0.0000e+00 
1.1905e+03     0.0000e+00  0.0000e+00     0.0000e+00  0.0000e+00     0.0000e+00  0.0000e+00     0.0000e+00  0.0000e+00 
1.3357e+03     0.0000e+00  0.0000e+00     0.0000e+00  0.0000e+00     0.0000e+00  0.0000e+00     0.0000e+00  0.0000e+00 
1.4987e+03     0.0000e+00  0.0000e+00     0.0000e+00  0.0000e+00     0.0000e+00  0.0000e+00     0.0000e+00  0.0000e+00 
1.6816e+03     0.0000e+00  0.0000e+00     0.0000e+00  0.0000e+00     0.0000e+00  0.0000e+00     0.0000e+00  0.0000e+00 
1.8868e+03     0.0000e+00  0.0000e+00     0.0000e+00  0.0000e+00     0.0000e+00  0.0000e+00     0.0000e+00  0.0000e+00 
2.1170e+03     0.0000e+00  0.0000e+00     0.0000e+00  0.0000e+00     0.0000e+00  0.0000e+00     0.0000e+00  0.0000e+00 
2.3753e+03     0.0000e+00  0.0000e+00     0.0000e+00  0.0000e+00     0.0000e+00  0.0000e+00     0.0000e+00  0.0000e+00 
2.6651e+03     0.0000e+00  0.0000e+00     0.0000e+00  0.0000e+00     0.0000e+00  0.0000e+00     0.0000e+00  0.0000e+00 
2.9903e+03     0.0000e+00  0.0000e+00     0.0000e+00  0.0000e+00     0.0000e+00  0.0000e+00     0.0000e+00  0.0000e+00 
3.3552e+03     0.0000e+00  0.0000e+00     0.0000e+00  0.0000e+00     0.0000e+00  0.0000e+00     0.0000e+00  0.0000e+00 
3.7646e+03     0.0000e+00  0.0000e+00     0.0000e+00  0.0000e+00     0.0000e+00  0.0000e+00     0.0000e+00  0.0000e+00 
4.2240e+03     0.0000e+00  0.0000e+00     0.0000e+00  0.0000e+00     0.0000e+00  0.0000e+00     0.0000e+00  0.0000e+00 
4.7394e+03     0.0000e+00  0.0000e+00     0.0000e+00  0.0000e+00     0.0000e+00  0.0000e+00     0.0000e+00  0.0000e+00 
5.3176e+03     0.0000e+00  0.0000e+00     0.0000e+00  0.0000e+00     0.0000e+00  0.0000e+00     0.0000e+00  0.0000e+00 
5.9665e+03     0.0000e+00  0.0000e+00     0.0000e+00  0.0000e+00     0.0000e+00  0.0000e+00     0.0000e+00  0.0000e+00 
6.6945e+03     0.0000e+00  0.0000e+00     0.0000e+00  0.0000e+00     0.0000e+00  0.0000e+00     0.0000e+00  0.0000e+00 
7.5114e+03     0.0000e+00  0.0000e+00     0.0000e+00  0.0000e+00     0.0000e+00  0.0000e+00     0.0000e+00  0.0000e+00 
8.4279e+03     0.0000e+00  0.0000e+00     0.0000e+00  0.0000e+00     0.0000e+00  0.0000e+00     0.0000e+00  0.0000e+00 
9.4563e+03     0.0000e+00  0.0000e+00     0.0000e+00  0.0000e+00     0.0000e+00  0.0000e+00     0.0000e+00  0.0000e+00 
