yF = 4.6471e+00 (std: 0.0000e+00) keV/um
yD = 2.3143e+01 (std: 0.0000e+00) keV/um
y (keV/um)     f(y)(std)                  yf(y)(std)                 d(y)(std)                  yd(y)(std)  
1.0610e-01     2.5360e+01  0.0000e+00     2.6907e+00  0.0000e+00     5.7900e-01  0.0000e+00     6.1433e-02  0.0000e+00 
1.1905e-01     1.9186e+00  0.0000e+00     2.2840e-01  0.0000e+00     4.9150e-02  0.0000e+00     5.8511e-03  0.0000e+00 
1.3357e-01     5.3124e-01  0.0000e+00     7.0960e-02  0.0000e+00     1.5270e-02  0.0000e+00     2.0396e-03  0.0000e+00 
1.4987e-01     2.7942e+00  0.0000e+00     4.1877e-01  0.0000e+00     9.0114e-02  0.0000e+00     1.3505e-02  0.0000e+00 
1.6816e-01     9.0077e-01  0.0000e+00     1.5147e-01  0.0000e+00     3.2595e-02  0.0000e+00     5.4811e-03  0.0000e+00 
1.8868e-01     6.0211e-01  0.0000e+00     1.1360e-01  0.0000e+00     2.4446e-02  0.0000e+00     4.6125e-03  0.0000e+00 
2.1170e-01     6.3010e-01  0.0000e+00     1.3339e-01  0.0000e+00     2.8704e-02  0.0000e+00     6.0767e-03  0.0000e+00 
2.3753e-01     5.9461e-01  0.0000e+00     1.4124e-01  0.0000e+00     3.0393e-02  0.0000e+00     7.2192e-03  0.0000e+00 
2.6651e-01     2.7393e-01  0.0000e+00     7.3007e-02  0.0000e+00     1.5710e-02  0.0000e+00     4.1870e-03  0.0000e+00 
2.9903e-01     2.4300e-01  0.0000e+00     7.2666e-02  0.0000e+00     1.5637e-02  0.0000e+00     4.6759e-03  0.0000e+00 
3.3552e-01     1.3935e+00  0.0000e+00     4.6755e-01  0.0000e+00     1.0061e-01  0.0000e+00     3.3757e-02  0.0000e+00 
3.7646e-01     9.3748e-01  0.0000e+00     3.5292e-01  0.0000e+00     7.5945e-02  0.0000e+00     2.8590e-02  0.0000e+00 
4.2240e-01     3.8445e-01  0.0000e+00     1.6239e-01  0.0000e+00     3.4944e-02  0.0000e+00     1.4760e-02  0.0000e+00 
4.7394e-01     3.9015e-01  0.0000e+00     1.8490e-01  0.0000e+00     3.9790e-02  0.0000e+00     1.8858e-02  0.0000e+00 
5.3176e-01     2.6336e-01  0.0000e+00     1.4004e-01  0.0000e+00     3.0136e-02  0.0000e+00     1.6025e-02  0.0000e+00 
5.9665e-01     1.3237e-01  0.0000e+00     7.8977e-02  0.0000e+00     1.6995e-02  0.0000e+00     1.0140e-02  0.0000e+00 
6.6945e-01     2.2728e-01  0.0000e+00     1.5215e-01  0.0000e+00     3.2742e-02  0.0000e+00     2.1919e-02  0.0000e+00 
7.5114e-01     1.7690e-01  0.0000e+00     1.3288e-01  0.0000e+00     2.8594e-02  0.0000e+00     2.1478e-02  0.0000e+00 
8.4279e-01     8.5613e-02  0.0000e+00     7.2154e-02  0.0000e+00     1.5527e-02  0.0000e+00     1.3086e-02  0.0000e+00 
9.4563e-01     5.1770e-02  0.0000e+00     4.8955e-02  0.0000e+00     1.0535e-02  0.0000e+00     9.9619e-03  0.0000e+00 
1.0610e+00     3.9549e-02  0.0000e+00     4.1962e-02  0.0000e+00     9.0297e-03  0.0000e+00     9.5806e-03  0.0000e+00 
1.1905e+00     1.6478e-02  0.0000e+00     1.9616e-02  0.0000e+00     4.2212e-03  0.0000e+00     5.0252e-03  0.0000e+00 
1.3357e+00     1.3026e-02  0.0000e+00     1.7399e-02  0.0000e+00     3.7440e-03  0.0000e+00     5.0010e-03  0.0000e+00 
1.4987e+00     6.1460e-03  0.0000e+00     9.2111e-03  0.0000e+00     1.9821e-03  0.0000e+00     2.9707e-03  0.0000e+00 
1.6816e+00     3.0431e-03  0.0000e+00     5.1173e-03  0.0000e+00     1.1012e-03  0.0000e+00     1.8517e-03  0.0000e+00 
1.8868e+00     1.3561e-03  0.0000e+00     2.5586e-03  0.0000e+00     5.5059e-04  0.0000e+00     1.0388e-03  0.0000e+00 
2.1170e+00     4.8345e-04  0.0000e+00     1.0235e-03  0.0000e+00     2.2024e-04  0.0000e+00     4.6624e-04  0.0000e+00 
2.3753e+00     1.4363e-04  0.0000e+00     3.4115e-04  0.0000e+00     7.3412e-05  0.0000e+00     1.7438e-04  0.0000e+00 
2.6651e+00     0.0000e+00  0.0000e+00     0.0000e+00  0.0000e+00     0.0000e+00  0.0000e+00     0.0000e+00  0.0000e+00 
2.9903e+00     5.7043e-05  0.0000e+00     1.7058e-04  0.0000e+00     3.6706e-05  0.0000e+00     1.0976e-04  0.0000e+00 
3.3552e+00     5.0839e-05  0.0000e+00     1.7058e-04  0.0000e+00     3.6706e-05  0.0000e+00     1.2316e-04  0.0000e+00 
3.7646e+00     0.0000e+00  0.0000e+00     0.0000e+00  0.0000e+00     0.0000e+00  0.0000e+00     0.0000e+00  0.0000e+00 
4.2240e+00     0.0000e+00  0.0000e+00     0.0000e+00  0.0000e+00     0.0000e+00  0.0000e+00     0.0000e+00  0.0000e+00 
4.7394e+00     0.0000e+00  0.0000e+00     0.0000e+00  0.0000e+00     0.0000e+00  0.0000e+00     0.0000e+00  0.0000e+00 
5.3176e+00     0.0000e+00  0.0000e+00     0.0000e+00  0.0000e+00     0.0000e+00  0.0000e+00     0.0000e+00  0.0000e+00 
5.9665e+00     1.1341e-01  0.0000e+00     6.7668e-01  0.0000e+00     1.4561e-01  0.0000e+00     8.6880e-01  0.0000e+00 
6.6945e+00     2.3518e-02  0.0000e+00     1.5744e-01  0.0000e+00     3.3880e-02  0.0000e+00     2.2681e-01  0.0000e+00 
7.5114e+00     5.8817e-03  0.0000e+00     4.4179e-02  0.0000e+00     9.5069e-03  0.0000e+00     7.1410e-02  0.0000e+00 
8.4279e+00     2.6149e-02  0.0000e+00     2.2038e-01  0.0000e+00     4.7424e-02  0.0000e+00     3.9969e-01  0.0000e+00 
9.4563e+00     1.6144e-02  0.0000e+00     1.5267e-01  0.0000e+00     3.2852e-02  0.0000e+00     3.1066e-01  0.0000e+00 
1.0610e+01     2.5996e-02  0.0000e+00     2.7582e-01  0.0000e+00     5.9354e-02  0.0000e+00     6.2975e-01  0.0000e+00 
1.1905e+01     1.7423e-02  0.0000e+00     2.0742e-01  0.0000e+00     4.4635e-02  0.0000e+00     5.3136e-01  0.0000e+00 
1.3357e+01     1.2630e-02  0.0000e+00     1.6870e-01  0.0000e+00     3.6302e-02  0.0000e+00     4.8490e-01  0.0000e+00 
1.4987e+01     7.7281e-03  0.0000e+00     1.1582e-01  0.0000e+00     2.4924e-02  0.0000e+00     3.7353e-01  0.0000e+00 
1.6816e+01     4.6357e-03  0.0000e+00     7.7953e-02  0.0000e+00     1.6775e-02  0.0000e+00     2.8208e-01  0.0000e+00 
1.8868e+01     4.0412e-03  0.0000e+00     7.6248e-02  0.0000e+00     1.6408e-02  0.0000e+00     3.0958e-01  0.0000e+00 
2.1170e+01     4.4558e-03  0.0000e+00     9.4329e-02  0.0000e+00     2.0299e-02  0.0000e+00     4.2972e-01  0.0000e+00 
2.3753e+01     4.0359e-03  0.0000e+00     9.5864e-02  0.0000e+00     2.0629e-02  0.0000e+00     4.9000e-01  0.0000e+00 
2.6651e+01     2.5793e-03  0.0000e+00     6.8742e-02  0.0000e+00     1.4793e-02  0.0000e+00     3.9424e-01  0.0000e+00 
2.9903e+01     1.8254e-03  0.0000e+00     5.4585e-02  0.0000e+00     1.1746e-02  0.0000e+00     3.5124e-01  0.0000e+00 
3.3552e+01     1.5760e-03  0.0000e+00     5.2879e-02  0.0000e+00     1.1379e-02  0.0000e+00     3.8179e-01  0.0000e+00 
3.7646e+01     1.2234e-03  0.0000e+00     4.6056e-02  0.0000e+00     9.9107e-03  0.0000e+00     3.7310e-01  0.0000e+00 
4.2240e+01     8.0362e-04  0.0000e+00     3.3945e-02  0.0000e+00     7.3045e-03  0.0000e+00     3.0854e-01  0.0000e+00 
4.7394e+01     5.7586e-04  0.0000e+00     2.7292e-02  0.0000e+00     5.8730e-03  0.0000e+00     2.7834e-01  0.0000e+00 
5.3176e+01     4.1701e-04  0.0000e+00     2.2175e-02  0.0000e+00     4.7718e-03  0.0000e+00     2.5375e-01  0.0000e+00 
5.9665e+01     2.9161e-04  0.0000e+00     1.7399e-02  0.0000e+00     3.7440e-03  0.0000e+00     2.2339e-01  0.0000e+00 
6.6945e+01     1.5288e-04  0.0000e+00     1.0235e-02  0.0000e+00     2.2024e-03  0.0000e+00     1.4744e-01  0.0000e+00 
7.5114e+01     1.1127e-04  0.0000e+00     8.3583e-03  0.0000e+00     1.7986e-03  0.0000e+00     1.3510e-01  0.0000e+00 
8.4279e+01     4.2503e-05  0.0000e+00     3.5821e-03  0.0000e+00     7.7083e-04  0.0000e+00     6.4965e-02  0.0000e+00 
9.4563e+01     1.4431e-05  0.0000e+00     1.3646e-03  0.0000e+00     2.9365e-04  0.0000e+00     2.7768e-02  0.0000e+00 
1.0610e+02     1.6077e-06  0.0000e+00     1.7058e-04  0.0000e+00     3.6706e-05  0.0000e+00     3.8946e-03  0.0000e+00 
1.1905e+02     2.8657e-06  0.0000e+00     3.4115e-04  0.0000e+00     7.3412e-05  0.0000e+00     8.7395e-03  0.0000e+00 
1.3357e+02     1.2770e-06  0.0000e+00     1.7058e-04  0.0000e+00     3.6706e-05  0.0000e+00     4.9030e-03  0.0000e+00 
1.4987e+02     0.0000e+00  0.0000e+00     0.0000e+00  0.0000e+00     0.0000e+00  0.0000e+00     0.0000e+00  0.0000e+00 
1.6816e+02     0.0000e+00  0.0000e+00     0.0000e+00  0.0000e+00     0.0000e+00  0.0000e+00     0.0000e+00  0.0000e+00 
1.8868e+02     0.0000e+00  0.0000e+00     0.0000e+00  0.0000e+00     0.0000e+00  0.0000e+00     0.0000e+00  0.0000e+00 
2.1170e+02     0.0000e+00  0.0000e+00     0.0000e+00  0.0000e+00     0.0000e+00  0.0000e+00     0.0000e+00  0.0000e+00 
2.3753e+02     0.0000e+00  0.0000e+00     0.0000e+00  0.0000e+00     0.0000e+00  0.0000e+00     0.0000e+00  0.0000e+00 
2.6651e+02     0.0000e+00  0.0000e+00     0.0000e+00  0.0000e+00     0.0000e+00  0.0000e+00     0.0000e+00  0.0000e+00 
2.9903e+02     0.0000e+00  0.0000e+00     0.0000e+00  0.0000e+00     0.0000e+00  0.0000e+00     0.0000e+00  0.0000e+00 
3.3552e+02     0.0000e+00  0.0000e+00     0.0000e+00  0.0000e+00     0.0000e+00  0.0000e+00     0.0000e+00  0.0000e+00 
3.7646e+02     0.0000e+00  0.0000e+00     0.0000e+00  0.0000e+00     0.0000e+00  0.0000e+00     0.0000e+00  0.0000e+00 
4.2240e+02     0.0000e+00  0.0000e+00     0.0000e+00  0.0000e+00     0.0000e+00  0.0000e+00     0.0000e+00  0.0000e+00 
4.7394e+02     0.0000e+00  0.0000e+00     0.0000e+00  0.0000e+00     0.0000e+00  0.0000e+00     0.0000e+00  0.0000e+00 
5.3176e+02     0.0000e+00  0.0000e+00     0.0000e+00  0.0000e+00     0.0000e+00  0.0000e+00     0.0000e+00  0.0000e+00 
5.9665e+02     0.0000e+00  0.0000e+00     0.0000e+00  0.0000e+00     0.0000e+00  0.0000e+00     0.0000e+00  0.0000e+00 
6.6945e+02     0.0000e+00  0.0000e+00     0.0000e+00  0.0000e+00     0.0000e+00  0.0000e+00     0.0000e+00  0.0000e+00 
7.5114e+02     0.0000e+00  0.0000e+00     0.0000e+00  0.0000e+00     0.0000e+00  0.0000e+00     0.0000e+00  0.0000e+00 
8.4279e+02     0.0000e+00  0.0000e+00     0.0000e+00  0.0000e+00     0.0000e+00  0.0000e+00     0.0000e+00  0.0000e+00 
9.4563e+02     0.0000e+00  0.0000e+00     0.0000e+00  0.0000e+00     0.0000e+00  0.0000e+00     0.0000e+00  0.0000e+00 
1.0610e+03     0.0000e+00  0.0000e+00     0.0000e+00  0.0000e+00     0.0000e+00  0.0000e+00     0.0000e+00  0.0000e+00 
1.1905e+03     0.0000e+00  0.0000e+00     0.0000e+00  0.0000e+00     0.0000e+00  0.0000e+00     0.0000e+00  0.0000e+00 
1.3357e+03     0.0000e+00  0.0000e+00     0.0000e+00  0.0000e+00     0.0000e+00  0.0000e+00     0.0000e+00  0.0000e+00 
1.4987e+03     0.0000e+00  0.0000e+00     0.0000e+00  0.0000e+00     0.0000e+00  0.0000e+00     0.0000e+00  0.0000e+00 
1.6816e+03     0.0000e+00  0.0000e+00     0.0000e+00  0.0000e+00     0.0000e+00  0.0000e+00     0.0000e+00  0.0000e+00 
1.8868e+03     0.0000e+00  0.0000e+00     0.0000e+00  0.0000e+00     0.0000e+00  0.0000e+00     0.0000e+00  0.0000e+00 
2.1170e+03     0.0000e+00  0.0000e+00     0.0000e+00  0.0000e+00     0.0000e+00  0.0000e+00     0.0000e+00  0.0000e+00 
2.3753e+03     0.0000e+00  0.0000e+00     0.0000e+00  0.0000e+00     0.0000e+00  0.0000e+00     0.0000e+00  0.0000e+00 
2.6651e+03     0.0000e+00  0.0000e+00     0.0000e+00  0.0000e+00     0.0000e+00  0.0000e+00     0.0000e+00  0.0000e+00 
2.9903e+03     0.0000e+00  0.0000e+00     0.0000e+00  0.0000e+00     0.0000e+00  0.0000e+00     0.0000e+00  0.0000e+00 
3.3552e+03     0.0000e+00  0.0000e+00     0.0000e+00  0.0000e+00     0.0000e+00  0.0000e+00     0.0000e+00  0.0000e+00 
3.7646e+03     0.0000e+00  0.0000e+00     0.0000e+00  0.0000e+00     0.0000e+00  0.0000e+00     0.0000e+00  0.0000e+00 
4.2240e+03     0.0000e+00  0.0000e+00     0.0000e+00  0.0000e+00     0.0000e+00  0.0000e+00     0.0000e+00  0.0000e+00 
4.7394e+03     0.0000e+00  0.0000e+00     0.0000e+00  0.0000e+00     0.0000e+00  0.0000e+00     0.0000e+00  0.0000e+00 
5.3176e+03     0.0000e+00  0.0000e+00     0.0000e+00  0.0000e+00     0.0000e+00  0.0000e+00     0.0000e+00  0.0000e+00 
5.9665e+03     0.0000e+00  0.0000e+00     0.0000e+00  0.0000e+00     0.0000e+00  0.0000e+00     0.0000e+00  0.0000e+00 
6.6945e+03     0.0000e+00  0.0000e+00     0.0000e+00  0.0000e+00     0.0000e+00  0.0000e+00     0.0000e+00  0.0000e+00 
7.5114e+03     0.0000e+00  0.0000e+00     0.0000e+00  0.0000e+00     0.0000e+00  0.0000e+00     0.0000e+00  0.0000e+00 
8.4279e+03     0.0000e+00  0.0000e+00     0.0000e+00  0.0000e+00     0.0000e+00  0.0000e+00     0.0000e+00  0.0000e+00 
9.4563e+03     0.0000e+00  0.0000e+00     0.0000e+00  0.0000e+00     0.0000e+00  0.0000e+00     0.0000e+00  0.0000e+00 
