yF = 5.0192e+00 (std: 0.0000e+00) keV/um
yD = 2.3642e+01 (std: 0.0000e+00) keV/um
y (keV/um)     f(y)(std)                  yf(y)(std)                 d(y)(std)                  yd(y)(std)  
1.0610e-01     2.2390e+01  0.0000e+00     2.3756e+00  0.0000e+00     4.7331e-01  0.0000e+00     5.0219e-02  0.0000e+00 
1.1905e-01     1.8707e+00  0.0000e+00     2.2270e-01  0.0000e+00     4.4371e-02  0.0000e+00     5.2822e-03  0.0000e+00 
1.3357e-01     5.9090e-01  0.0000e+00     7.8928e-02  0.0000e+00     1.5725e-02  0.0000e+00     2.1005e-03  0.0000e+00 
1.4987e-01     2.6384e+00  0.0000e+00     3.9541e-01  0.0000e+00     7.8781e-02  0.0000e+00     1.1807e-02  0.0000e+00 
1.6816e-01     9.1531e-01  0.0000e+00     1.5392e-01  0.0000e+00     3.0666e-02  0.0000e+00     5.1567e-03  0.0000e+00 
1.8868e-01     6.2543e-01  0.0000e+00     1.1800e-01  0.0000e+00     2.3511e-02  0.0000e+00     4.4359e-03  0.0000e+00 
2.1170e-01     6.8340e-01  0.0000e+00     1.4468e-01  0.0000e+00     2.8825e-02  0.0000e+00     6.1021e-03  0.0000e+00 
2.3753e-01     6.2723e-01  0.0000e+00     1.4899e-01  0.0000e+00     2.9683e-02  0.0000e+00     7.0507e-03  0.0000e+00 
2.6651e-01     3.0813e-01  0.0000e+00     8.2122e-02  0.0000e+00     1.6362e-02  0.0000e+00     4.3606e-03  0.0000e+00 
2.9903e-01     2.6778e-01  0.0000e+00     8.0075e-02  0.0000e+00     1.5954e-02  0.0000e+00     4.7707e-03  0.0000e+00 
3.3552e-01     1.2614e+00  0.0000e+00     4.2323e-01  0.0000e+00     8.4323e-02  0.0000e+00     2.8292e-02  0.0000e+00 
3.7646e-01     8.9934e-01  0.0000e+00     3.3857e-01  0.0000e+00     6.7455e-02  0.0000e+00     2.5394e-02  0.0000e+00 
4.2240e-01     4.2768e-01  0.0000e+00     1.8065e-01  0.0000e+00     3.5992e-02  0.0000e+00     1.5203e-02  0.0000e+00 
4.7394e-01     4.2174e-01  0.0000e+00     1.9988e-01  0.0000e+00     3.9823e-02  0.0000e+00     1.8874e-02  0.0000e+00 
5.3176e-01     3.0058e-01  0.0000e+00     1.5984e-01  0.0000e+00     3.1846e-02  0.0000e+00     1.6935e-02  0.0000e+00 
5.9665e-01     1.6456e-01  0.0000e+00     9.8187e-02  0.0000e+00     1.9562e-02  0.0000e+00     1.1672e-02  0.0000e+00 
6.6945e-01     2.2778e-01  0.0000e+00     1.5249e-01  0.0000e+00     3.0382e-02  0.0000e+00     2.0339e-02  0.0000e+00 
7.5114e-01     2.0458e-01  0.0000e+00     1.5367e-01  0.0000e+00     3.0616e-02  0.0000e+00     2.2997e-02  0.0000e+00 
8.4279e-01     1.0664e-01  0.0000e+00     8.9875e-02  0.0000e+00     1.7906e-02  0.0000e+00     1.5091e-02  0.0000e+00 
9.4563e-01     6.7921e-02  0.0000e+00     6.4228e-02  0.0000e+00     1.2796e-02  0.0000e+00     1.2101e-02  0.0000e+00 
1.0610e+00     5.3987e-02  0.0000e+00     5.7281e-02  0.0000e+00     1.1412e-02  0.0000e+00     1.2109e-02  0.0000e+00 
1.1905e+00     3.1886e-02  0.0000e+00     3.7960e-02  0.0000e+00     7.5630e-03  0.0000e+00     9.0035e-03  0.0000e+00 
1.3357e+00     1.8296e-02  0.0000e+00     2.4438e-02  0.0000e+00     4.8690e-03  0.0000e+00     6.5036e-03  0.0000e+00 
1.4987e+00     9.5602e-03  0.0000e+00     1.4328e-02  0.0000e+00     2.8546e-03  0.0000e+00     4.2783e-03  0.0000e+00 
1.6816e+00     5.3299e-03  0.0000e+00     8.9627e-03  0.0000e+00     1.7857e-03  0.0000e+00     3.0028e-03  0.0000e+00 
1.8868e+00     2.4656e-03  0.0000e+00     4.6519e-03  0.0000e+00     9.2683e-04  0.0000e+00     1.7487e-03  0.0000e+00 
2.1170e+00     1.0108e-03  0.0000e+00     2.1399e-03  0.0000e+00     4.2634e-04  0.0000e+00     9.0257e-04  0.0000e+00 
2.3753e+00     3.5252e-04  0.0000e+00     8.3735e-04  0.0000e+00     1.6683e-04  0.0000e+00     3.9627e-04  0.0000e+00 
2.6651e+00     9.3092e-05  0.0000e+00     2.4810e-04  0.0000e+00     4.9431e-05  0.0000e+00     1.3174e-04  0.0000e+00 
2.9903e+00     0.0000e+00  0.0000e+00     0.0000e+00  0.0000e+00     0.0000e+00  0.0000e+00     0.0000e+00  0.0000e+00 
3.3552e+00     0.0000e+00  0.0000e+00     0.0000e+00  0.0000e+00     0.0000e+00  0.0000e+00     0.0000e+00  0.0000e+00 
3.7646e+00     8.2380e-06  0.0000e+00     3.1013e-05  0.0000e+00     6.1789e-06  0.0000e+00     2.3261e-05  0.0000e+00 
4.2240e+00     0.0000e+00  0.0000e+00     0.0000e+00  0.0000e+00     0.0000e+00  0.0000e+00     0.0000e+00  0.0000e+00 
4.7394e+00     0.0000e+00  0.0000e+00     0.0000e+00  0.0000e+00     0.0000e+00  0.0000e+00     0.0000e+00  0.0000e+00 
5.3176e+00     0.0000e+00  0.0000e+00     0.0000e+00  0.0000e+00     0.0000e+00  0.0000e+00     0.0000e+00  0.0000e+00 
5.9665e+00     1.1023e-01  0.0000e+00     6.5769e-01  0.0000e+00     1.3104e-01  0.0000e+00     7.8182e-01  0.0000e+00 
6.6945e+00     2.8745e-02  0.0000e+00     1.9243e-01  0.0000e+00     3.8340e-02  0.0000e+00     2.5667e-01  0.0000e+00 
7.5114e+00     7.4483e-03  0.0000e+00     5.5947e-02  0.0000e+00     1.1147e-02  0.0000e+00     8.3727e-02  0.0000e+00 
8.4279e+00     2.5744e-02  0.0000e+00     2.1697e-01  0.0000e+00     4.3228e-02  0.0000e+00     3.6432e-01  0.0000e+00 
9.4563e+00     1.9714e-02  0.0000e+00     1.8642e-01  0.0000e+00     3.7141e-02  0.0000e+00     3.5122e-01  0.0000e+00 
1.0610e+01     2.5938e-02  0.0000e+00     2.7521e-01  0.0000e+00     5.4832e-02  0.0000e+00     5.8177e-01  0.0000e+00 
1.1905e+01     1.8111e-02  0.0000e+00     2.1560e-01  0.0000e+00     4.2956e-02  0.0000e+00     5.1138e-01  0.0000e+00 
1.3357e+01     1.3589e-02  0.0000e+00     1.8152e-01  0.0000e+00     3.6165e-02  0.0000e+00     4.8307e-01  0.0000e+00 
1.4987e+01     8.6393e-03  0.0000e+00     1.2948e-01  0.0000e+00     2.5797e-02  0.0000e+00     3.8662e-01  0.0000e+00 
1.6816e+01     7.0838e-03  0.0000e+00     1.1912e-01  0.0000e+00     2.3733e-02  0.0000e+00     3.9909e-01  0.0000e+00 
1.8868e+01     4.8226e-03  0.0000e+00     9.0992e-02  0.0000e+00     1.8129e-02  0.0000e+00     3.4205e-01  0.0000e+00 
2.1170e+01     4.3289e-03  0.0000e+00     9.1643e-02  0.0000e+00     1.8259e-02  0.0000e+00     3.8653e-01  0.0000e+00 
2.3753e+01     3.7877e-03  0.0000e+00     8.9968e-02  0.0000e+00     1.7925e-02  0.0000e+00     4.2577e-01  0.0000e+00 
2.6651e+01     2.8091e-03  0.0000e+00     7.4865e-02  0.0000e+00     1.4916e-02  0.0000e+00     3.9753e-01  0.0000e+00 
2.9903e+01     2.0265e-03  0.0000e+00     6.0599e-02  0.0000e+00     1.2074e-02  0.0000e+00     3.6104e-01  0.0000e+00 
3.3552e+01     1.7451e-03  0.0000e+00     5.8552e-02  0.0000e+00     1.1666e-02  0.0000e+00     3.9141e-01  0.0000e+00 
3.7646e+01     1.3321e-03  0.0000e+00     5.0148e-02  0.0000e+00     9.9913e-03  0.0000e+00     3.7613e-01  0.0000e+00 
4.2240e+01     8.8032e-04  0.0000e+00     3.7184e-02  0.0000e+00     7.4085e-03  0.0000e+00     3.1293e-01  0.0000e+00 
4.7394e+01     6.4259e-04  0.0000e+00     3.0455e-02  0.0000e+00     6.0677e-03  0.0000e+00     2.8757e-01  0.0000e+00 
5.3176e+01     4.5024e-04  0.0000e+00     2.3942e-02  0.0000e+00     4.7701e-03  0.0000e+00     2.5366e-01  0.0000e+00 
5.9665e+01     2.7964e-04  0.0000e+00     1.6685e-02  0.0000e+00     3.3242e-03  0.0000e+00     1.9834e-01  0.0000e+00 
6.6945e+01     1.7326e-04  0.0000e+00     1.1599e-02  0.0000e+00     2.3109e-03  0.0000e+00     1.5470e-01  0.0000e+00 
7.5114e+01     1.0281e-04  0.0000e+00     7.7222e-03  0.0000e+00     1.5385e-03  0.0000e+00     1.1557e-01  0.0000e+00 
8.4279e+01     5.0045e-05  0.0000e+00     4.2178e-03  0.0000e+00     8.4033e-04  0.0000e+00     7.0822e-02  0.0000e+00 
9.4563e+01     2.4597e-05  0.0000e+00     2.3260e-03  0.0000e+00     4.6342e-04  0.0000e+00     4.3822e-02  0.0000e+00 
1.0610e+02     1.4323e-05  0.0000e+00     1.5196e-03  0.0000e+00     3.0277e-04  0.0000e+00     3.2124e-02  0.0000e+00 
1.1905e+02     3.9076e-06  0.0000e+00     4.6519e-04  0.0000e+00     9.2683e-05  0.0000e+00     1.1034e-02  0.0000e+00 
1.3357e+02     4.6436e-07  0.0000e+00     6.2026e-05  0.0000e+00     1.2358e-05  0.0000e+00     1.6507e-03  0.0000e+00 
1.4987e+02     1.0346e-06  0.0000e+00     1.5506e-04  0.0000e+00     3.0894e-05  0.0000e+00     4.6302e-03  0.0000e+00 
1.6816e+02     1.8443e-07  0.0000e+00     3.1013e-05  0.0000e+00     6.1789e-06  0.0000e+00     1.0390e-03  0.0000e+00 
1.8868e+02     1.6437e-07  0.0000e+00     3.1013e-05  0.0000e+00     6.1789e-06  0.0000e+00     1.1658e-03  0.0000e+00 
2.1170e+02     0.0000e+00  0.0000e+00     0.0000e+00  0.0000e+00     0.0000e+00  0.0000e+00     0.0000e+00  0.0000e+00 
2.3753e+02     0.0000e+00  0.0000e+00     0.0000e+00  0.0000e+00     0.0000e+00  0.0000e+00     0.0000e+00  0.0000e+00 
2.6651e+02     0.0000e+00  0.0000e+00     0.0000e+00  0.0000e+00     0.0000e+00  0.0000e+00     0.0000e+00  0.0000e+00 
2.9903e+02     0.0000e+00  0.0000e+00     0.0000e+00  0.0000e+00     0.0000e+00  0.0000e+00     0.0000e+00  0.0000e+00 
3.3552e+02     0.0000e+00  0.0000e+00     0.0000e+00  0.0000e+00     0.0000e+00  0.0000e+00     0.0000e+00  0.0000e+00 
3.7646e+02     0.0000e+00  0.0000e+00     0.0000e+00  0.0000e+00     0.0000e+00  0.0000e+00     0.0000e+00  0.0000e+00 
4.2240e+02     0.0000e+00  0.0000e+00     0.0000e+00  0.0000e+00     0.0000e+00  0.0000e+00     0.0000e+00  0.0000e+00 
4.7394e+02     0.0000e+00  0.0000e+00     0.0000e+00  0.0000e+00     0.0000e+00  0.0000e+00     0.0000e+00  0.0000e+00 
5.3176e+02     0.0000e+00  0.0000e+00     0.0000e+00  0.0000e+00     0.0000e+00  0.0000e+00     0.0000e+00  0.0000e+00 
5.9665e+02     0.0000e+00  0.0000e+00     0.0000e+00  0.0000e+00     0.0000e+00  0.0000e+00     0.0000e+00  0.0000e+00 
6.6945e+02     0.0000e+00  0.0000e+00     0.0000e+00  0.0000e+00     0.0000e+00  0.0000e+00     0.0000e+00  0.0000e+00 
7.5114e+02     0.0000e+00  0.0000e+00     0.0000e+00  0.0000e+00     0.0000e+00  0.0000e+00     0.0000e+00  0.0000e+00 
8.4279e+02     0.0000e+00  0.0000e+00     0.0000e+00  0.0000e+00     0.0000e+00  0.0000e+00     0.0000e+00  0.0000e+00 
9.4563e+02     0.0000e+00  0.0000e+00     0.0000e+00  0.0000e+00     0.0000e+00  0.0000e+00     0.0000e+00  0.0000e+00 
1.0610e+03     0.0000e+00  0.0000e+00     0.0000e+00  0.0000e+00     0.0000e+00  0.0000e+00     0.0000e+00  0.0000e+00 
1.1905e+03     0.0000e+00  0.0000e+00     0.0000e+00  0.0000e+00     0.0000e+00  0.0000e+00     0.0000e+00  0.0000e+00 
1.3357e+03     0.0000e+00  0.0000e+00     0.0000e+00  0.0000e+00     0.0000e+00  0.0000e+00     0.0000e+00  0.0000e+00 
1.4987e+03     0.0000e+00  0.0000e+00     0.0000e+00  0.0000e+00     0.0000e+00  0.0000e+00     0.0000e+00  0.0000e+00 
1.6816e+03     0.0000e+00  0.0000e+00     0.0000e+00  0.0000e+00     0.0000e+00  0.0000e+00     0.0000e+00  0.0000e+00 
1.8868e+03     0.0000e+00  0.0000e+00     0.0000e+00  0.0000e+00     0.0000e+00  0.0000e+00     0.0000e+00  0.0000e+00 
2.1170e+03     0.0000e+00  0.0000e+00     0.0000e+00  0.0000e+00     0.0000e+00  0.0000e+00     0.0000e+00  0.0000e+00 
2.3753e+03     0.0000e+00  0.0000e+00     0.0000e+00  0.0000e+00     0.0000e+00  0.0000e+00     0.0000e+00  0.0000e+00 
2.6651e+03     0.0000e+00  0.0000e+00     0.0000e+00  0.0000e+00     0.0000e+00  0.0000e+00     0.0000e+00  0.0000e+00 
2.9903e+03     0.0000e+00  0.0000e+00     0.0000e+00  0.0000e+00     0.0000e+00  0.0000e+00     0.0000e+00  0.0000e+00 
3.3552e+03     0.0000e+00  0.0000e+00     0.0000e+00  0.0000e+00     0.0000e+00  0.0000e+00     0.0000e+00  0.0000e+00 
3.7646e+03     0.0000e+00  0.0000e+00     0.0000e+00  0.0000e+00     0.0000e+00  0.0000e+00     0.0000e+00  0.0000e+00 
4.2240e+03     0.0000e+00  0.0000e+00     0.0000e+00  0.0000e+00     0.0000e+00  0.0000e+00     0.0000e+00  0.0000e+00 
4.7394e+03     0.0000e+00  0.0000e+00     0.0000e+00  0.0000e+00     0.0000e+00  0.0000e+00     0.0000e+00  0.0000e+00 
5.3176e+03     0.0000e+00  0.0000e+00     0.0000e+00  0.0000e+00     0.0000e+00  0.0000e+00     0.0000e+00  0.0000e+00 
5.9665e+03     0.0000e+00  0.0000e+00     0.0000e+00  0.0000e+00     0.0000e+00  0.0000e+00     0.0000e+00  0.0000e+00 
6.6945e+03     0.0000e+00  0.0000e+00     0.0000e+00  0.0000e+00     0.0000e+00  0.0000e+00     0.0000e+00  0.0000e+00 
7.5114e+03     0.0000e+00  0.0000e+00     0.0000e+00  0.0000e+00     0.0000e+00  0.0000e+00     0.0000e+00  0.0000e+00 
8.4279e+03     0.0000e+00  0.0000e+00     0.0000e+00  0.0000e+00     0.0000e+00  0.0000e+00     0.0000e+00  0.0000e+00 
9.4563e+03     0.0000e+00  0.0000e+00     0.0000e+00  0.0000e+00     0.0000e+00  0.0000e+00     0.0000e+00  0.0000e+00 
