yF = 5.0425e+00 (std: 0.0000e+00) keV/um
yD = 2.3937e+01 (std: 0.0000e+00) keV/um
y (keV/um)     f(y)(std)                  yf(y)(std)                 d(y)(std)                  yd(y)(std)  
1.0610e-01     2.2508e+01  0.0000e+00     2.3882e+00  0.0000e+00     4.7360e-01  0.0000e+00     5.0250e-02  0.0000e+00 
1.1905e-01     1.8460e+00  0.0000e+00     2.1977e-01  0.0000e+00     4.3582e-02  0.0000e+00     5.1884e-03  0.0000e+00 
1.3357e-01     5.9528e-01  0.0000e+00     7.9513e-02  0.0000e+00     1.5768e-02  0.0000e+00     2.1062e-03  0.0000e+00 
1.4987e-01     2.6306e+00  0.0000e+00     3.9426e-01  0.0000e+00     7.8186e-02  0.0000e+00     1.1718e-02  0.0000e+00 
1.6816e-01     9.0596e-01  0.0000e+00     1.5235e-01  0.0000e+00     3.0212e-02  0.0000e+00     5.0804e-03  0.0000e+00 
1.8868e-01     6.2992e-01  0.0000e+00     1.1885e-01  0.0000e+00     2.3570e-02  0.0000e+00     4.4471e-03  0.0000e+00 
2.1170e-01     6.6149e-01  0.0000e+00     1.4004e-01  0.0000e+00     2.7771e-02  0.0000e+00     5.8791e-03  0.0000e+00 
2.3753e-01     6.3135e-01  0.0000e+00     1.4996e-01  0.0000e+00     2.9740e-02  0.0000e+00     7.0641e-03  0.0000e+00 
2.6651e-01     3.1273e-01  0.0000e+00     8.3348e-02  0.0000e+00     1.6529e-02  0.0000e+00     4.4052e-03  0.0000e+00 
2.9903e-01     2.7366e-01  0.0000e+00     8.1832e-02  0.0000e+00     1.6228e-02  0.0000e+00     4.8528e-03  0.0000e+00 
3.3552e-01     1.2373e+00  0.0000e+00     4.1513e-01  0.0000e+00     8.2326e-02  0.0000e+00     2.7622e-02  0.0000e+00 
3.7646e-01     8.9463e-01  0.0000e+00     3.3679e-01  0.0000e+00     6.6790e-02  0.0000e+00     2.5144e-02  0.0000e+00 
4.2240e-01     4.3228e-01  0.0000e+00     1.8259e-01  0.0000e+00     3.6210e-02  0.0000e+00     1.5295e-02  0.0000e+00 
4.7394e-01     4.2801e-01  0.0000e+00     2.0285e-01  0.0000e+00     4.0228e-02  0.0000e+00     1.9065e-02  0.0000e+00 
5.3176e-01     2.8853e-01  0.0000e+00     1.5343e-01  0.0000e+00     3.0427e-02  0.0000e+00     1.6180e-02  0.0000e+00 
5.9665e-01     1.6260e-01  0.0000e+00     9.7017e-02  0.0000e+00     1.9240e-02  0.0000e+00     1.1479e-02  0.0000e+00 
6.6945e-01     2.2618e-01  0.0000e+00     1.5142e-01  0.0000e+00     3.0028e-02  0.0000e+00     2.0102e-02  0.0000e+00 
7.5114e-01     2.0455e-01  0.0000e+00     1.5364e-01  0.0000e+00     3.0470e-02  0.0000e+00     2.2887e-02  0.0000e+00 
8.4279e-01     1.0983e-01  0.0000e+00     9.2564e-02  0.0000e+00     1.8357e-02  0.0000e+00     1.5471e-02  0.0000e+00 
9.4563e-01     6.8942e-02  0.0000e+00     6.5194e-02  0.0000e+00     1.2929e-02  0.0000e+00     1.2226e-02  0.0000e+00 
1.0610e+00     5.4041e-02  0.0000e+00     5.7338e-02  0.0000e+00     1.1371e-02  0.0000e+00     1.2065e-02  0.0000e+00 
1.1905e+00     3.0889e-02  0.0000e+00     3.6772e-02  0.0000e+00     7.2924e-03  0.0000e+00     8.6814e-03  0.0000e+00 
1.3357e+00     1.8523e-02  0.0000e+00     2.4741e-02  0.0000e+00     4.9066e-03  0.0000e+00     6.5538e-03  0.0000e+00 
1.4987e+00     9.5130e-03  0.0000e+00     1.4257e-02  0.0000e+00     2.8274e-03  0.0000e+00     4.2375e-03  0.0000e+00 
1.6816e+00     5.3703e-03  0.0000e+00     9.0306e-03  0.0000e+00     1.7909e-03  0.0000e+00     3.0115e-03  0.0000e+00 
1.8868e+00     2.2948e-03  0.0000e+00     4.3298e-03  0.0000e+00     8.5865e-04  0.0000e+00     1.6201e-03  0.0000e+00 
2.1170e+00     1.0080e-03  0.0000e+00     2.1340e-03  0.0000e+00     4.2319e-04  0.0000e+00     8.9589e-04  0.0000e+00 
2.3753e+00     3.3852e-04  0.0000e+00     8.0410e-04  0.0000e+00     1.5946e-04  0.0000e+00     3.7877e-04  0.0000e+00 
2.6651e+00     9.2834e-05  0.0000e+00     2.4741e-04  0.0000e+00     4.9066e-05  0.0000e+00     1.3077e-04  0.0000e+00 
2.9903e+00     4.1369e-05  0.0000e+00     1.2371e-04  0.0000e+00     2.4533e-05  0.0000e+00     7.3361e-05  0.0000e+00 
3.3552e+00     9.2176e-06  0.0000e+00     3.0927e-05  0.0000e+00     6.1332e-06  0.0000e+00     2.0578e-05  0.0000e+00 
3.7646e+00     0.0000e+00  0.0000e+00     0.0000e+00  0.0000e+00     0.0000e+00  0.0000e+00     0.0000e+00  0.0000e+00 
4.2240e+00     0.0000e+00  0.0000e+00     0.0000e+00  0.0000e+00     0.0000e+00  0.0000e+00     0.0000e+00  0.0000e+00 
4.7394e+00     0.0000e+00  0.0000e+00     0.0000e+00  0.0000e+00     0.0000e+00  0.0000e+00     0.0000e+00  0.0000e+00 
5.3176e+00     0.0000e+00  0.0000e+00     0.0000e+00  0.0000e+00     0.0000e+00  0.0000e+00     0.0000e+00  0.0000e+00 
5.9665e+00     1.1241e-01  0.0000e+00     6.7068e-01  0.0000e+00     1.3300e-01  0.0000e+00     7.9357e-01  0.0000e+00 
6.6945e+00     2.8471e-02  0.0000e+00     1.9060e-01  0.0000e+00     3.7799e-02  0.0000e+00     2.5304e-01  0.0000e+00 
7.5114e+00     7.5718e-03  0.0000e+00     5.6874e-02  0.0000e+00     1.1279e-02  0.0000e+00     8.4720e-02  0.0000e+00 
8.4279e+00     2.5856e-02  0.0000e+00     2.1791e-01  0.0000e+00     4.3214e-02  0.0000e+00     3.6421e-01  0.0000e+00 
9.4563e+00     1.9100e-02  0.0000e+00     1.8061e-01  0.0000e+00     3.5818e-02  0.0000e+00     3.3870e-01  0.0000e+00 
1.0610e+01     2.5429e-02  0.0000e+00     2.6981e-01  0.0000e+00     5.3506e-02  0.0000e+00     5.6770e-01  0.0000e+00 
1.1905e+01     1.8227e-02  0.0000e+00     2.1698e-01  0.0000e+00     4.3030e-02  0.0000e+00     5.1227e-01  0.0000e+00 
1.3357e+01     1.3380e-02  0.0000e+00     1.7873e-01  0.0000e+00     3.5444e-02  0.0000e+00     4.7343e-01  0.0000e+00 
1.4987e+01     8.4750e-03  0.0000e+00     1.2702e-01  0.0000e+00     2.5189e-02  0.0000e+00     3.7751e-01  0.0000e+00 
1.6816e+01     7.1175e-03  0.0000e+00     1.1969e-01  0.0000e+00     2.3735e-02  0.0000e+00     3.9913e-01  0.0000e+00 
1.8868e+01     4.8289e-03  0.0000e+00     9.1110e-02  0.0000e+00     1.8068e-02  0.0000e+00     3.4091e-01  0.0000e+00 
2.1170e+01     4.1913e-03  0.0000e+00     8.8729e-02  0.0000e+00     1.7596e-02  0.0000e+00     3.7251e-01  0.0000e+00 
2.3753e+01     4.0545e-03  0.0000e+00     9.6306e-02  0.0000e+00     1.9099e-02  0.0000e+00     4.5365e-01  0.0000e+00 
2.6651e+01     2.7908e-03  0.0000e+00     7.4379e-02  0.0000e+00     1.4750e-02  0.0000e+00     3.9312e-01  0.0000e+00 
2.9903e+01     1.9940e-03  0.0000e+00     5.9627e-02  0.0000e+00     1.1825e-02  0.0000e+00     3.5360e-01  0.0000e+00 
3.3552e+01     1.6896e-03  0.0000e+00     5.6689e-02  0.0000e+00     1.1242e-02  0.0000e+00     3.7720e-01  0.0000e+00 
3.7646e+01     1.3169e-03  0.0000e+00     4.9576e-02  0.0000e+00     9.8315e-03  0.0000e+00     3.7012e-01  0.0000e+00 
4.2240e+01     9.0497e-04  0.0000e+00     3.8226e-02  0.0000e+00     7.5806e-03  0.0000e+00     3.2020e-01  0.0000e+00 
4.7394e+01     6.8975e-04  0.0000e+00     3.2690e-02  0.0000e+00     6.4828e-03  0.0000e+00     3.0724e-01  0.0000e+00 
5.3176e+01     4.1816e-04  0.0000e+00     2.2236e-02  0.0000e+00     4.4098e-03  0.0000e+00     2.3450e-01  0.0000e+00 
5.9665e+01     2.9390e-04  0.0000e+00     1.7536e-02  0.0000e+00     3.4775e-03  0.0000e+00     2.0749e-01  0.0000e+00 
6.6945e+01     1.9264e-04  0.0000e+00     1.2896e-02  0.0000e+00     2.5575e-03  0.0000e+00     1.7121e-01  0.0000e+00 
7.5114e+01     1.0582e-04  0.0000e+00     7.9482e-03  0.0000e+00     1.5762e-03  0.0000e+00     1.1840e-01  0.0000e+00 
8.4279e+01     6.3484e-05  0.0000e+00     5.3503e-03  0.0000e+00     1.0610e-03  0.0000e+00     8.9424e-02  0.0000e+00 
9.4563e+01     3.2051e-05  0.0000e+00     3.0308e-03  0.0000e+00     6.0105e-04  0.0000e+00     5.6837e-02  0.0000e+00 
1.0610e+02     6.9956e-06  0.0000e+00     7.4224e-04  0.0000e+00     1.4720e-04  0.0000e+00     1.5618e-02  0.0000e+00 
1.1905e+02     5.1957e-06  0.0000e+00     6.1854e-04  0.0000e+00     1.2266e-04  0.0000e+00     1.4603e-02  0.0000e+00 
1.3357e+02     1.6207e-06  0.0000e+00     2.1649e-04  0.0000e+00     4.2932e-05  0.0000e+00     5.7346e-03  0.0000e+00 
1.4987e+02     8.2542e-07  0.0000e+00     1.2371e-04  0.0000e+00     2.4533e-05  0.0000e+00     3.6768e-03  0.0000e+00 
1.6816e+02     1.8391e-07  0.0000e+00     3.0927e-05  0.0000e+00     6.1332e-06  0.0000e+00     1.0313e-03  0.0000e+00 
1.8868e+02     0.0000e+00  0.0000e+00     0.0000e+00  0.0000e+00     0.0000e+00  0.0000e+00     0.0000e+00  0.0000e+00 
2.1170e+02     0.0000e+00  0.0000e+00     0.0000e+00  0.0000e+00     0.0000e+00  0.0000e+00     0.0000e+00  0.0000e+00 
2.3753e+02     0.0000e+00  0.0000e+00     0.0000e+00  0.0000e+00     0.0000e+00  0.0000e+00     0.0000e+00  0.0000e+00 
2.6651e+02     0.0000e+00  0.0000e+00     0.0000e+00  0.0000e+00     0.0000e+00  0.0000e+00     0.0000e+00  0.0000e+00 
2.9903e+02     0.0000e+00  0.0000e+00     0.0000e+00  0.0000e+00     0.0000e+00  0.0000e+00     0.0000e+00  0.0000e+00 
3.3552e+02     0.0000e+00  0.0000e+00     0.0000e+00  0.0000e+00     0.0000e+00  0.0000e+00     0.0000e+00  0.0000e+00 
3.7646e+02     0.0000e+00  0.0000e+00     0.0000e+00  0.0000e+00     0.0000e+00  0.0000e+00     0.0000e+00  0.0000e+00 
4.2240e+02     0.0000e+00  0.0000e+00     0.0000e+00  0.0000e+00     0.0000e+00  0.0000e+00     0.0000e+00  0.0000e+00 
4.7394e+02     0.0000e+00  0.0000e+00     0.0000e+00  0.0000e+00     0.0000e+00  0.0000e+00     0.0000e+00  0.0000e+00 
5.3176e+02     0.0000e+00  0.0000e+00     0.0000e+00  0.0000e+00     0.0000e+00  0.0000e+00     0.0000e+00  0.0000e+00 
5.9665e+02     0.0000e+00  0.0000e+00     0.0000e+00  0.0000e+00     0.0000e+00  0.0000e+00     0.0000e+00  0.0000e+00 
6.6945e+02     0.0000e+00  0.0000e+00     0.0000e+00  0.0000e+00     0.0000e+00  0.0000e+00     0.0000e+00  0.0000e+00 
7.5114e+02     0.0000e+00  0.0000e+00     0.0000e+00  0.0000e+00     0.0000e+00  0.0000e+00     0.0000e+00  0.0000e+00 
8.4279e+02     0.0000e+00  0.0000e+00     0.0000e+00  0.0000e+00     0.0000e+00  0.0000e+00     0.0000e+00  0.0000e+00 
9.4563e+02     0.0000e+00  0.0000e+00     0.0000e+00  0.0000e+00     0.0000e+00  0.0000e+00     0.0000e+00  0.0000e+00 
1.0610e+03     0.0000e+00  0.0000e+00     0.0000e+00  0.0000e+00     0.0000e+00  0.0000e+00     0.0000e+00  0.0000e+00 
1.1905e+03     0.0000e+00  0.0000e+00     0.0000e+00  0.0000e+00     0.0000e+00  0.0000e+00     0.0000e+00  0.0000e+00 
1.3357e+03     0.0000e+00  0.0000e+00     0.0000e+00  0.0000e+00     0.0000e+00  0.0000e+00     0.0000e+00  0.0000e+00 
1.4987e+03     0.0000e+00  0.0000e+00     0.0000e+00  0.0000e+00     0.0000e+00  0.0000e+00     0.0000e+00  0.0000e+00 
1.6816e+03     0.0000e+00  0.0000e+00     0.0000e+00  0.0000e+00     0.0000e+00  0.0000e+00     0.0000e+00  0.0000e+00 
1.8868e+03     0.0000e+00  0.0000e+00     0.0000e+00  0.0000e+00     0.0000e+00  0.0000e+00     0.0000e+00  0.0000e+00 
2.1170e+03     0.0000e+00  0.0000e+00     0.0000e+00  0.0000e+00     0.0000e+00  0.0000e+00     0.0000e+00  0.0000e+00 
2.3753e+03     0.0000e+00  0.0000e+00     0.0000e+00  0.0000e+00     0.0000e+00  0.0000e+00     0.0000e+00  0.0000e+00 
2.6651e+03     0.0000e+00  0.0000e+00     0.0000e+00  0.0000e+00     0.0000e+00  0.0000e+00     0.0000e+00  0.0000e+00 
2.9903e+03     0.0000e+00  0.0000e+00     0.0000e+00  0.0000e+00     0.0000e+00  0.0000e+00     0.0000e+00  0.0000e+00 
3.3552e+03     0.0000e+00  0.0000e+00     0.0000e+00  0.0000e+00     0.0000e+00  0.0000e+00     0.0000e+00  0.0000e+00 
3.7646e+03     0.0000e+00  0.0000e+00     0.0000e+00  0.0000e+00     0.0000e+00  0.0000e+00     0.0000e+00  0.0000e+00 
4.2240e+03     0.0000e+00  0.0000e+00     0.0000e+00  0.0000e+00     0.0000e+00  0.0000e+00     0.0000e+00  0.0000e+00 
4.7394e+03     0.0000e+00  0.0000e+00     0.0000e+00  0.0000e+00     0.0000e+00  0.0000e+00     0.0000e+00  0.0000e+00 
5.3176e+03     0.0000e+00  0.0000e+00     0.0000e+00  0.0000e+00     0.0000e+00  0.0000e+00     0.0000e+00  0.0000e+00 
5.9665e+03     0.0000e+00  0.0000e+00     0.0000e+00  0.0000e+00     0.0000e+00  0.0000e+00     0.0000e+00  0.0000e+00 
6.6945e+03     0.0000e+00  0.0000e+00     0.0000e+00  0.0000e+00     0.0000e+00  0.0000e+00     0.0000e+00  0.0000e+00 
7.5114e+03     0.0000e+00  0.0000e+00     0.0000e+00  0.0000e+00     0.0000e+00  0.0000e+00     0.0000e+00  0.0000e+00 
8.4279e+03     0.0000e+00  0.0000e+00     0.0000e+00  0.0000e+00     0.0000e+00  0.0000e+00     0.0000e+00  0.0000e+00 
9.4563e+03     0.0000e+00  0.0000e+00     0.0000e+00  0.0000e+00     0.0000e+00  0.0000e+00     0.0000e+00  0.0000e+00 
