yF = 6.7557e+00 (std: 0.0000e+00) keV/um
yD = 2.2100e+01 (std: 0.0000e+00) keV/um
y (keV/um)     f(y)(std)                  yf(y)(std)                 d(y)(std)                  yd(y)(std)  
1.0610e-01     2.2258e+01  0.0000e+00     2.3616e+00  0.0000e+00     3.4957e-01  0.0000e+00     3.7089e-02  0.0000e+00 
1.1905e-01     1.6497e+00  0.0000e+00     1.9639e-01  0.0000e+00     2.9071e-02  0.0000e+00     3.4608e-03  0.0000e+00 
1.3357e-01     5.1103e-01  0.0000e+00     6.8260e-02  0.0000e+00     1.0104e-02  0.0000e+00     1.3496e-03  0.0000e+00 
1.4987e-01     2.3799e+00  0.0000e+00     3.5668e-01  0.0000e+00     5.2797e-02  0.0000e+00     7.9127e-03  0.0000e+00 
1.6816e-01     7.1868e-01  0.0000e+00     1.2085e-01  0.0000e+00     1.7889e-02  0.0000e+00     3.0082e-03  0.0000e+00 
1.8868e-01     4.9821e-01  0.0000e+00     9.4002e-02  0.0000e+00     1.3914e-02  0.0000e+00     2.6253e-03  0.0000e+00 
2.1170e-01     5.0506e-01  0.0000e+00     1.0692e-01  0.0000e+00     1.5827e-02  0.0000e+00     3.3505e-03  0.0000e+00 
2.3753e-01     4.9702e-01  0.0000e+00     1.1806e-01  0.0000e+00     1.7475e-02  0.0000e+00     4.1509e-03  0.0000e+00 
2.6651e-01     2.2591e-01  0.0000e+00     6.0209e-02  0.0000e+00     8.9124e-03  0.0000e+00     2.3753e-03  0.0000e+00 
2.9903e-01     1.9345e-01  0.0000e+00     5.7847e-02  0.0000e+00     8.5628e-03  0.0000e+00     2.5606e-03  0.0000e+00 
3.3552e-01     1.0789e+00  0.0000e+00     3.6198e-01  0.0000e+00     5.3582e-02  0.0000e+00     1.7978e-02  0.0000e+00 
3.7646e-01     6.8084e-01  0.0000e+00     2.5631e-01  0.0000e+00     3.7940e-02  0.0000e+00     1.4283e-02  0.0000e+00 
4.2240e-01     3.1750e-01  0.0000e+00     1.3411e-01  0.0000e+00     1.9851e-02  0.0000e+00     8.3851e-03  0.0000e+00 
4.7394e-01     2.9792e-01  0.0000e+00     1.4120e-01  0.0000e+00     2.0900e-02  0.0000e+00     9.9054e-03  0.0000e+00 
5.3176e-01     1.8774e-01  0.0000e+00     9.9834e-02  0.0000e+00     1.4778e-02  0.0000e+00     7.8584e-03  0.0000e+00 
5.9665e-01     9.8650e-02  0.0000e+00     5.8859e-02  0.0000e+00     8.7126e-03  0.0000e+00     5.1984e-03  0.0000e+00 
6.6945e-01     1.6166e-01  0.0000e+00     1.0822e-01  0.0000e+00     1.6020e-02  0.0000e+00     1.0724e-02  0.0000e+00 
7.5114e-01     1.2547e-01  0.0000e+00     9.4243e-02  0.0000e+00     1.3950e-02  0.0000e+00     1.0478e-02  0.0000e+00 
8.4279e-01     6.5606e-02  0.0000e+00     5.5292e-02  0.0000e+00     8.1846e-03  0.0000e+00     6.8979e-03  0.0000e+00 
9.4563e-01     3.8386e-02  0.0000e+00     3.6299e-02  0.0000e+00     5.3731e-03  0.0000e+00     5.0810e-03  0.0000e+00 
1.0610e+00     2.9214e-02  0.0000e+00     3.0996e-02  0.0000e+00     4.5882e-03  0.0000e+00     4.8681e-03  0.0000e+00 
1.1905e+00     1.5711e-02  0.0000e+00     1.8704e-02  0.0000e+00     2.7686e-03  0.0000e+00     3.2960e-03  0.0000e+00 
1.3357e+00     9.0585e-03  0.0000e+00     1.2100e-02  0.0000e+00     1.7910e-03  0.0000e+00     2.3924e-03  0.0000e+00 
1.4987e+00     4.3744e-03  0.0000e+00     6.5560e-03  0.0000e+00     9.7045e-04  0.0000e+00     1.4544e-03  0.0000e+00 
1.6816e+00     2.0067e-03  0.0000e+00     3.3744e-03  0.0000e+00     4.9949e-04  0.0000e+00     8.3994e-04  0.0000e+00 
1.8868e+00     7.4093e-04  0.0000e+00     1.3980e-03  0.0000e+00     2.0693e-04  0.0000e+00     3.9044e-04  0.0000e+00 
2.1170e+00     3.8711e-04  0.0000e+00     8.1950e-04  0.0000e+00     1.2131e-04  0.0000e+00     2.5680e-04  0.0000e+00 
2.3753e+00     1.2177e-04  0.0000e+00     2.8924e-04  0.0000e+00     4.2814e-05  0.0000e+00     1.0170e-04  0.0000e+00 
2.6651e+00     1.8088e-05  0.0000e+00     4.8206e-05  0.0000e+00     7.1356e-06  0.0000e+00     1.9017e-05  0.0000e+00 
2.9903e+00     1.6121e-05  0.0000e+00     4.8206e-05  0.0000e+00     7.1356e-06  0.0000e+00     2.1338e-05  0.0000e+00 
3.3552e+00     0.0000e+00  0.0000e+00     0.0000e+00  0.0000e+00     0.0000e+00  0.0000e+00     0.0000e+00  0.0000e+00 
3.7646e+00     0.0000e+00  0.0000e+00     0.0000e+00  0.0000e+00     0.0000e+00  0.0000e+00     0.0000e+00  0.0000e+00 
4.2240e+00     0.0000e+00  0.0000e+00     0.0000e+00  0.0000e+00     0.0000e+00  0.0000e+00     0.0000e+00  0.0000e+00 
4.7394e+00     0.0000e+00  0.0000e+00     0.0000e+00  0.0000e+00     0.0000e+00  0.0000e+00     0.0000e+00  0.0000e+00 
5.3176e+00     0.0000e+00  0.0000e+00     0.0000e+00  0.0000e+00     0.0000e+00  0.0000e+00     0.0000e+00  0.0000e+00 
5.9665e+00     6.7520e-02  0.0000e+00     4.0286e-01  0.0000e+00     5.9633e-02  0.0000e+00     3.5580e-01  0.0000e+00 
6.6945e+00     1.7325e-02  0.0000e+00     1.1598e-01  0.0000e+00     1.7168e-02  0.0000e+00     1.1493e-01  0.0000e+00 
7.5114e+00     6.5076e-03  0.0000e+00     4.8881e-02  0.0000e+00     7.2355e-03  0.0000e+00     5.4349e-02  0.0000e+00 
8.4279e+00     4.7023e-02  0.0000e+00     3.9630e-01  0.0000e+00     5.8662e-02  0.0000e+00     4.9440e-01  0.0000e+00 
9.4563e+00     2.5474e-02  0.0000e+00     2.4089e-01  0.0000e+00     3.5657e-02  0.0000e+00     3.3718e-01  0.0000e+00 
1.0610e+01     4.2181e-02  0.0000e+00     4.4754e-01  0.0000e+00     6.6247e-02  0.0000e+00     7.0289e-01  0.0000e+00 
1.1905e+01     3.0831e-02  0.0000e+00     3.6704e-01  0.0000e+00     5.4331e-02  0.0000e+00     6.4679e-01  0.0000e+00 
1.3357e+01     2.5533e-02  0.0000e+00     3.4106e-01  0.0000e+00     5.0485e-02  0.0000e+00     6.7434e-01  0.0000e+00 
1.4987e+01     1.5790e-02  0.0000e+00     2.3664e-01  0.0000e+00     3.5029e-02  0.0000e+00     5.2498e-01  0.0000e+00 
1.6816e+01     1.0016e-02  0.0000e+00     1.6843e-01  0.0000e+00     2.4932e-02  0.0000e+00     4.1925e-01  0.0000e+00 
1.8868e+01     8.2448e-03  0.0000e+00     1.5556e-01  0.0000e+00     2.3027e-02  0.0000e+00     4.3446e-01  0.0000e+00 
2.1170e+01     7.6237e-03  0.0000e+00     1.6139e-01  0.0000e+00     2.3890e-02  0.0000e+00     5.0575e-01  0.0000e+00 
2.3753e+01     7.3020e-03  0.0000e+00     1.7344e-01  0.0000e+00     2.5674e-02  0.0000e+00     6.0984e-01  0.0000e+00 
2.6651e+01     3.9521e-03  0.0000e+00     1.0533e-01  0.0000e+00     1.5591e-02  0.0000e+00     4.1553e-01  0.0000e+00 
2.9903e+01     3.1838e-03  0.0000e+00     9.5207e-02  0.0000e+00     1.4093e-02  0.0000e+00     4.2142e-01  0.0000e+00 
3.3552e+01     2.2614e-03  0.0000e+00     7.5876e-02  0.0000e+00     1.1231e-02  0.0000e+00     3.7684e-01  0.0000e+00 
3.7646e+01     1.6275e-03  0.0000e+00     6.1270e-02  0.0000e+00     9.0694e-03  0.0000e+00     3.4143e-01  0.0000e+00 
4.2240e+01     1.0979e-03  0.0000e+00     4.6374e-02  0.0000e+00     6.8645e-03  0.0000e+00     2.8995e-01  0.0000e+00 
4.7394e+01     6.9674e-04  0.0000e+00     3.3021e-02  0.0000e+00     4.8879e-03  0.0000e+00     2.3166e-01  0.0000e+00 
5.3176e+01     4.0794e-04  0.0000e+00     2.1693e-02  0.0000e+00     3.2110e-03  0.0000e+00     1.7075e-01  0.0000e+00 
5.9665e+01     2.9490e-04  0.0000e+00     1.7595e-02  0.0000e+00     2.6045e-03  0.0000e+00     1.5540e-01  0.0000e+00 
6.6945e+01     1.5914e-04  0.0000e+00     1.0654e-02  0.0000e+00     1.5770e-03  0.0000e+00     1.0557e-01  0.0000e+00 
7.5114e+01     7.9580e-05  0.0000e+00     5.9775e-03  0.0000e+00     8.8482e-04  0.0000e+00     6.6462e-02  0.0000e+00 
8.4279e+01     3.7751e-05  0.0000e+00     3.1816e-03  0.0000e+00     4.7095e-04  0.0000e+00     3.9691e-02  0.0000e+00 
9.4563e+01     1.0705e-05  0.0000e+00     1.0123e-03  0.0000e+00     1.4985e-04  0.0000e+00     1.4170e-02  0.0000e+00 
1.0610e+02     5.4521e-06  0.0000e+00     5.7847e-04  0.0000e+00     8.5628e-05  0.0000e+00     9.0852e-03  0.0000e+00 
1.1905e+02     2.0247e-06  0.0000e+00     2.4103e-04  0.0000e+00     3.5678e-05  0.0000e+00     4.2474e-03  0.0000e+00 
1.3357e+02     0.0000e+00  0.0000e+00     0.0000e+00  0.0000e+00     0.0000e+00  0.0000e+00     0.0000e+00  0.0000e+00 
1.4987e+02     0.0000e+00  0.0000e+00     0.0000e+00  0.0000e+00     0.0000e+00  0.0000e+00     0.0000e+00  0.0000e+00 
1.6816e+02     0.0000e+00  0.0000e+00     0.0000e+00  0.0000e+00     0.0000e+00  0.0000e+00     0.0000e+00  0.0000e+00 
1.8868e+02     0.0000e+00  0.0000e+00     0.0000e+00  0.0000e+00     0.0000e+00  0.0000e+00     0.0000e+00  0.0000e+00 
2.1170e+02     0.0000e+00  0.0000e+00     0.0000e+00  0.0000e+00     0.0000e+00  0.0000e+00     0.0000e+00  0.0000e+00 
2.3753e+02     0.0000e+00  0.0000e+00     0.0000e+00  0.0000e+00     0.0000e+00  0.0000e+00     0.0000e+00  0.0000e+00 
2.6651e+02     0.0000e+00  0.0000e+00     0.0000e+00  0.0000e+00     0.0000e+00  0.0000e+00     0.0000e+00  0.0000e+00 
2.9903e+02     0.0000e+00  0.0000e+00     0.0000e+00  0.0000e+00     0.0000e+00  0.0000e+00     0.0000e+00  0.0000e+00 
3.3552e+02     0.0000e+00  0.0000e+00     0.0000e+00  0.0000e+00     0.0000e+00  0.0000e+00     0.0000e+00  0.0000e+00 
3.7646e+02     0.0000e+00  0.0000e+00     0.0000e+00  0.0000e+00     0.0000e+00  0.0000e+00     0.0000e+00  0.0000e+00 
4.2240e+02     0.0000e+00  0.0000e+00     0.0000e+00  0.0000e+00     0.0000e+00  0.0000e+00     0.0000e+00  0.0000e+00 
4.7394e+02     0.0000e+00  0.0000e+00     0.0000e+00  0.0000e+00     0.0000e+00  0.0000e+00     0.0000e+00  0.0000e+00 
5.3176e+02     0.0000e+00  0.0000e+00     0.0000e+00  0.0000e+00     0.0000e+00  0.0000e+00     0.0000e+00  0.0000e+00 
5.9665e+02     0.0000e+00  0.0000e+00     0.0000e+00  0.0000e+00     0.0000e+00  0.0000e+00     0.0000e+00  0.0000e+00 
6.6945e+02     0.0000e+00  0.0000e+00     0.0000e+00  0.0000e+00     0.0000e+00  0.0000e+00     0.0000e+00  0.0000e+00 
7.5114e+02     0.0000e+00  0.0000e+00     0.0000e+00  0.0000e+00     0.0000e+00  0.0000e+00     0.0000e+00  0.0000e+00 
8.4279e+02     0.0000e+00  0.0000e+00     0.0000e+00  0.0000e+00     0.0000e+00  0.0000e+00     0.0000e+00  0.0000e+00 
9.4563e+02     0.0000e+00  0.0000e+00     0.0000e+00  0.0000e+00     0.0000e+00  0.0000e+00     0.0000e+00  0.0000e+00 
1.0610e+03     0.0000e+00  0.0000e+00     0.0000e+00  0.0000e+00     0.0000e+00  0.0000e+00     0.0000e+00  0.0000e+00 
1.1905e+03     0.0000e+00  0.0000e+00     0.0000e+00  0.0000e+00     0.0000e+00  0.0000e+00     0.0000e+00  0.0000e+00 
1.3357e+03     0.0000e+00  0.0000e+00     0.0000e+00  0.0000e+00     0.0000e+00  0.0000e+00     0.0000e+00  0.0000e+00 
1.4987e+03     0.0000e+00  0.0000e+00     0.0000e+00  0.0000e+00     0.0000e+00  0.0000e+00     0.0000e+00  0.0000e+00 
1.6816e+03     0.0000e+00  0.0000e+00     0.0000e+00  0.0000e+00     0.0000e+00  0.0000e+00     0.0000e+00  0.0000e+00 
1.8868e+03     0.0000e+00  0.0000e+00     0.0000e+00  0.0000e+00     0.0000e+00  0.0000e+00     0.0000e+00  0.0000e+00 
2.1170e+03     0.0000e+00  0.0000e+00     0.0000e+00  0.0000e+00     0.0000e+00  0.0000e+00     0.0000e+00  0.0000e+00 
2.3753e+03     0.0000e+00  0.0000e+00     0.0000e+00  0.0000e+00     0.0000e+00  0.0000e+00     0.0000e+00  0.0000e+00 
2.6651e+03     0.0000e+00  0.0000e+00     0.0000e+00  0.0000e+00     0.0000e+00  0.0000e+00     0.0000e+00  0.0000e+00 
2.9903e+03     0.0000e+00  0.0000e+00     0.0000e+00  0.0000e+00     0.0000e+00  0.0000e+00     0.0000e+00  0.0000e+00 
3.3552e+03     0.0000e+00  0.0000e+00     0.0000e+00  0.0000e+00     0.0000e+00  0.0000e+00     0.0000e+00  0.0000e+00 
3.7646e+03     0.0000e+00  0.0000e+00     0.0000e+00  0.0000e+00     0.0000e+00  0.0000e+00     0.0000e+00  0.0000e+00 
4.2240e+03     0.0000e+00  0.0000e+00     0.0000e+00  0.0000e+00     0.0000e+00  0.0000e+00     0.0000e+00  0.0000e+00 
4.7394e+03     0.0000e+00  0.0000e+00     0.0000e+00  0.0000e+00     0.0000e+00  0.0000e+00     0.0000e+00  0.0000e+00 
5.3176e+03     0.0000e+00  0.0000e+00     0.0000e+00  0.0000e+00     0.0000e+00  0.0000e+00     0.0000e+00  0.0000e+00 
5.9665e+03     0.0000e+00  0.0000e+00     0.0000e+00  0.0000e+00     0.0000e+00  0.0000e+00     0.0000e+00  0.0000e+00 
6.6945e+03     0.0000e+00  0.0000e+00     0.0000e+00  0.0000e+00     0.0000e+00  0.0000e+00     0.0000e+00  0.0000e+00 
7.5114e+03     0.0000e+00  0.0000e+00     0.0000e+00  0.0000e+00     0.0000e+00  0.0000e+00     0.0000e+00  0.0000e+00 
8.4279e+03     0.0000e+00  0.0000e+00     0.0000e+00  0.0000e+00     0.0000e+00  0.0000e+00     0.0000e+00  0.0000e+00 
9.4563e+03     0.0000e+00  0.0000e+00     0.0000e+00  0.0000e+00     0.0000e+00  0.0000e+00     0.0000e+00  0.0000e+00 
