yF = 5.1301e+00 (std: 0.0000e+00) keV/um
yD = 2.3043e+01 (std: 0.0000e+00) keV/um
y (keV/um)     f(y)(std)                  yf(y)(std)                 d(y)(std)                  yd(y)(std)  
1.0610e-01     2.2655e+01  0.0000e+00     2.4038e+00  0.0000e+00     4.6855e-01  0.0000e+00     4.9714e-02  0.0000e+00 
1.1905e-01     1.8261e+00  0.0000e+00     2.1739e-01  0.0000e+00     4.2374e-02  0.0000e+00     5.0445e-03  0.0000e+00 
1.3357e-01     6.0153e-01  0.0000e+00     8.0348e-02  0.0000e+00     1.5662e-02  0.0000e+00     2.0920e-03  0.0000e+00 
1.4987e-01     2.6229e+00  0.0000e+00     3.9310e-01  0.0000e+00     7.6626e-02  0.0000e+00     1.1484e-02  0.0000e+00 
1.6816e-01     8.8895e-01  0.0000e+00     1.4948e-01  0.0000e+00     2.9138e-02  0.0000e+00     4.8999e-03  0.0000e+00 
1.8868e-01     6.2098e-01  0.0000e+00     1.1716e-01  0.0000e+00     2.2838e-02  0.0000e+00     4.3091e-03  0.0000e+00 
2.1170e-01     6.6028e-01  0.0000e+00     1.3978e-01  0.0000e+00     2.7247e-02  0.0000e+00     5.7681e-03  0.0000e+00 
2.3753e-01     6.2563e-01  0.0000e+00     1.4861e-01  0.0000e+00     2.8967e-02  0.0000e+00     6.8806e-03  0.0000e+00 
2.6651e-01     3.0919e-01  0.0000e+00     8.2404e-02  0.0000e+00     1.6063e-02  0.0000e+00     4.2809e-03  0.0000e+00 
2.9903e-01     2.6448e-01  0.0000e+00     7.9087e-02  0.0000e+00     1.5416e-02  0.0000e+00     4.6099e-03  0.0000e+00 
3.3552e-01     1.2360e+00  0.0000e+00     4.1471e-01  0.0000e+00     8.0837e-02  0.0000e+00     2.7123e-02  0.0000e+00 
3.7646e-01     8.6712e-01  0.0000e+00     3.2644e-01  0.0000e+00     6.3631e-02  0.0000e+00     2.3955e-02  0.0000e+00 
4.2240e-01     4.2412e-01  0.0000e+00     1.7914e-01  0.0000e+00     3.4920e-02  0.0000e+00     1.4750e-02  0.0000e+00 
4.7394e-01     4.1362e-01  0.0000e+00     1.9603e-01  0.0000e+00     3.8212e-02  0.0000e+00     1.8110e-02  0.0000e+00 
5.3176e-01     2.8070e-01  0.0000e+00     1.4926e-01  0.0000e+00     2.9096e-02  0.0000e+00     1.5472e-02  0.0000e+00 
5.9665e-01     1.6108e-01  0.0000e+00     9.6111e-02  0.0000e+00     1.8734e-02  0.0000e+00     1.1178e-02  0.0000e+00 
6.6945e-01     2.1973e-01  0.0000e+00     1.4710e-01  0.0000e+00     2.8673e-02  0.0000e+00     1.9195e-02  0.0000e+00 
7.5114e-01     1.9635e-01  0.0000e+00     1.4748e-01  0.0000e+00     2.8748e-02  0.0000e+00     2.1594e-02  0.0000e+00 
8.4279e-01     1.0031e-01  0.0000e+00     8.4542e-02  0.0000e+00     1.6479e-02  0.0000e+00     1.3889e-02  0.0000e+00 
9.4563e-01     6.3603e-02  0.0000e+00     6.0144e-02  0.0000e+00     1.1724e-02  0.0000e+00     1.1086e-02  0.0000e+00 
1.0610e+00     4.9633e-02  0.0000e+00     5.2661e-02  0.0000e+00     1.0265e-02  0.0000e+00     1.0891e-02  0.0000e+00 
1.1905e+00     2.8462e-02  0.0000e+00     3.3883e-02  0.0000e+00     6.6046e-03  0.0000e+00     7.8626e-03  0.0000e+00 
1.3357e+00     1.6521e-02  0.0000e+00     2.2068e-02  0.0000e+00     4.3016e-03  0.0000e+00     5.7457e-03  0.0000e+00 
1.4987e+00     9.6028e-03  0.0000e+00     1.4392e-02  0.0000e+00     2.8054e-03  0.0000e+00     4.2044e-03  0.0000e+00 
1.6816e+00     4.5156e-03  0.0000e+00     7.5934e-03  0.0000e+00     1.4802e-03  0.0000e+00     2.4890e-03  0.0000e+00 
1.8868e+00     2.0196e-03  0.0000e+00     3.8104e-03  0.0000e+00     7.4275e-04  0.0000e+00     1.4014e-03  0.0000e+00 
2.1170e+00     5.9566e-04  0.0000e+00     1.2610e-03  0.0000e+00     2.4580e-04  0.0000e+00     5.2036e-04  0.0000e+00 
2.3753e+00     2.8852e-04  0.0000e+00     6.8533e-04  0.0000e+00     1.3359e-04  0.0000e+00     3.1731e-04  0.0000e+00 
2.6651e+00     1.0286e-04  0.0000e+00     2.7413e-04  0.0000e+00     5.3435e-05  0.0000e+00     1.4241e-04  0.0000e+00 
2.9903e+00     1.8335e-05  0.0000e+00     5.4826e-05  0.0000e+00     1.0687e-05  0.0000e+00     3.1958e-05  0.0000e+00 
3.3552e+00     8.1703e-06  0.0000e+00     2.7413e-05  0.0000e+00     5.3435e-06  0.0000e+00     1.7929e-05  0.0000e+00 
3.7646e+00     0.0000e+00  0.0000e+00     0.0000e+00  0.0000e+00     0.0000e+00  0.0000e+00     0.0000e+00  0.0000e+00 
4.2240e+00     0.0000e+00  0.0000e+00     0.0000e+00  0.0000e+00     0.0000e+00  0.0000e+00     0.0000e+00  0.0000e+00 
4.7394e+00     0.0000e+00  0.0000e+00     0.0000e+00  0.0000e+00     0.0000e+00  0.0000e+00     0.0000e+00  0.0000e+00 
5.3176e+00     0.0000e+00  0.0000e+00     0.0000e+00  0.0000e+00     0.0000e+00  0.0000e+00     0.0000e+00  0.0000e+00 
5.9665e+00     1.0614e-01  0.0000e+00     6.3330e-01  0.0000e+00     1.2345e-01  0.0000e+00     7.3654e-01  0.0000e+00 
6.6945e+00     2.6854e-02  0.0000e+00     1.7978e-01  0.0000e+00     3.5043e-02  0.0000e+00     2.3460e-01  0.0000e+00 
7.5114e+00     6.9962e-03  0.0000e+00     5.2551e-02  0.0000e+00     1.0244e-02  0.0000e+00     7.6943e-02  0.0000e+00 
8.4279e+00     2.6643e-02  0.0000e+00     2.2454e-01  0.0000e+00     4.3769e-02  0.0000e+00     3.6888e-01  0.0000e+00 
9.4563e+00     1.9493e-02  0.0000e+00     1.8433e-01  0.0000e+00     3.5930e-02  0.0000e+00     3.3976e-01  0.0000e+00 
1.0610e+01     2.7219e-02  0.0000e+00     2.8880e-01  0.0000e+00     5.6294e-02  0.0000e+00     5.9729e-01  0.0000e+00 
1.1905e+01     2.0660e-02  0.0000e+00     2.4595e-01  0.0000e+00     4.7942e-02  0.0000e+00     5.7074e-01  0.0000e+00 
1.3357e+01     1.5405e-02  0.0000e+00     2.0576e-01  0.0000e+00     4.0109e-02  0.0000e+00     5.3574e-01  0.0000e+00 
1.4987e+01     9.6467e-03  0.0000e+00     1.4458e-01  0.0000e+00     2.8182e-02  0.0000e+00     4.2237e-01  0.0000e+00 
1.6816e+01     6.4099e-03  0.0000e+00     1.0779e-01  0.0000e+00     2.1011e-02  0.0000e+00     3.5332e-01  0.0000e+00 
1.8868e+01     5.3220e-03  0.0000e+00     1.0041e-01  0.0000e+00     1.9573e-02  0.0000e+00     3.6931e-01  0.0000e+00 
2.1170e+01     4.7627e-03  0.0000e+00     1.0083e-01  0.0000e+00     1.9654e-02  0.0000e+00     4.1606e-01  0.0000e+00 
2.3753e+01     4.2459e-03  0.0000e+00     1.0085e-01  0.0000e+00     1.9659e-02  0.0000e+00     4.6696e-01  0.0000e+00 
2.6651e+01     2.8471e-03  0.0000e+00     7.5880e-02  0.0000e+00     1.4791e-02  0.0000e+00     3.9420e-01  0.0000e+00 
2.9903e+01     2.0168e-03  0.0000e+00     6.0309e-02  0.0000e+00     1.1756e-02  0.0000e+00     3.5154e-01  0.0000e+00 
3.3552e+01     1.6569e-03  0.0000e+00     5.5594e-02  0.0000e+00     1.0837e-02  0.0000e+00     3.6359e-01  0.0000e+00 
3.7646e+01     1.2918e-03  0.0000e+00     4.8631e-02  0.0000e+00     9.4794e-03  0.0000e+00     3.5686e-01  0.0000e+00 
4.2240e+01     9.2481e-04  0.0000e+00     3.9064e-02  0.0000e+00     7.6146e-03  0.0000e+00     3.2164e-01  0.0000e+00 
4.7394e+01     6.7038e-04  0.0000e+00     3.1772e-02  0.0000e+00     6.1932e-03  0.0000e+00     2.9352e-01  0.0000e+00 
5.3176e+01     4.4179e-04  0.0000e+00     2.3493e-02  0.0000e+00     4.5794e-03  0.0000e+00     2.4352e-01  0.0000e+00 
5.9665e+01     2.9681e-04  0.0000e+00     1.7709e-02  0.0000e+00     3.4519e-03  0.0000e+00     2.0596e-01  0.0000e+00 
6.6945e+01     1.6748e-04  0.0000e+00     1.1212e-02  0.0000e+00     2.1855e-03  0.0000e+00     1.4631e-01  0.0000e+00 
7.5114e+01     9.0144e-05  0.0000e+00     6.7711e-03  0.0000e+00     1.3199e-03  0.0000e+00     9.9139e-02  0.0000e+00 
8.4279e+01     4.0984e-05  0.0000e+00     3.4541e-03  0.0000e+00     6.7329e-04  0.0000e+00     5.6744e-02  0.0000e+00 
9.4563e+01     2.4351e-05  0.0000e+00     2.3027e-03  0.0000e+00     4.4886e-04  0.0000e+00     4.2445e-02  0.0000e+00 
1.0610e+02     6.9760e-06  0.0000e+00     7.4016e-04  0.0000e+00     1.4428e-04  0.0000e+00     1.5308e-02  0.0000e+00 
1.1905e+02     2.0724e-06  0.0000e+00     2.4672e-04  0.0000e+00     4.8092e-05  0.0000e+00     5.7252e-03  0.0000e+00 
1.3357e+02     4.1046e-07  0.0000e+00     5.4826e-05  0.0000e+00     1.0687e-05  0.0000e+00     1.4275e-03  0.0000e+00 
1.4987e+02     0.0000e+00  0.0000e+00     0.0000e+00  0.0000e+00     0.0000e+00  0.0000e+00     0.0000e+00  0.0000e+00 
1.6816e+02     0.0000e+00  0.0000e+00     0.0000e+00  0.0000e+00     0.0000e+00  0.0000e+00     0.0000e+00  0.0000e+00 
1.8868e+02     0.0000e+00  0.0000e+00     0.0000e+00  0.0000e+00     0.0000e+00  0.0000e+00     0.0000e+00  0.0000e+00 
2.1170e+02     0.0000e+00  0.0000e+00     0.0000e+00  0.0000e+00     0.0000e+00  0.0000e+00     0.0000e+00  0.0000e+00 
2.3753e+02     0.0000e+00  0.0000e+00     0.0000e+00  0.0000e+00     0.0000e+00  0.0000e+00     0.0000e+00  0.0000e+00 
2.6651e+02     0.0000e+00  0.0000e+00     0.0000e+00  0.0000e+00     0.0000e+00  0.0000e+00     0.0000e+00  0.0000e+00 
2.9903e+02     0.0000e+00  0.0000e+00     0.0000e+00  0.0000e+00     0.0000e+00  0.0000e+00     0.0000e+00  0.0000e+00 
3.3552e+02     0.0000e+00  0.0000e+00     0.0000e+00  0.0000e+00     0.0000e+00  0.0000e+00     0.0000e+00  0.0000e+00 
3.7646e+02     0.0000e+00  0.0000e+00     0.0000e+00  0.0000e+00     0.0000e+00  0.0000e+00     0.0000e+00  0.0000e+00 
4.2240e+02     0.0000e+00  0.0000e+00     0.0000e+00  0.0000e+00     0.0000e+00  0.0000e+00     0.0000e+00  0.0000e+00 
4.7394e+02     0.0000e+00  0.0000e+00     0.0000e+00  0.0000e+00     0.0000e+00  0.0000e+00     0.0000e+00  0.0000e+00 
5.3176e+02     0.0000e+00  0.0000e+00     0.0000e+00  0.0000e+00     0.0000e+00  0.0000e+00     0.0000e+00  0.0000e+00 
5.9665e+02     0.0000e+00  0.0000e+00     0.0000e+00  0.0000e+00     0.0000e+00  0.0000e+00     0.0000e+00  0.0000e+00 
6.6945e+02     0.0000e+00  0.0000e+00     0.0000e+00  0.0000e+00     0.0000e+00  0.0000e+00     0.0000e+00  0.0000e+00 
7.5114e+02     0.0000e+00  0.0000e+00     0.0000e+00  0.0000e+00     0.0000e+00  0.0000e+00     0.0000e+00  0.0000e+00 
8.4279e+02     0.0000e+00  0.0000e+00     0.0000e+00  0.0000e+00     0.0000e+00  0.0000e+00     0.0000e+00  0.0000e+00 
9.4563e+02     0.0000e+00  0.0000e+00     0.0000e+00  0.0000e+00     0.0000e+00  0.0000e+00     0.0000e+00  0.0000e+00 
1.0610e+03     0.0000e+00  0.0000e+00     0.0000e+00  0.0000e+00     0.0000e+00  0.0000e+00     0.0000e+00  0.0000e+00 
1.1905e+03     0.0000e+00  0.0000e+00     0.0000e+00  0.0000e+00     0.0000e+00  0.0000e+00     0.0000e+00  0.0000e+00 
1.3357e+03     0.0000e+00  0.0000e+00     0.0000e+00  0.0000e+00     0.0000e+00  0.0000e+00     0.0000e+00  0.0000e+00 
1.4987e+03     0.0000e+00  0.0000e+00     0.0000e+00  0.0000e+00     0.0000e+00  0.0000e+00     0.0000e+00  0.0000e+00 
1.6816e+03     0.0000e+00  0.0000e+00     0.0000e+00  0.0000e+00     0.0000e+00  0.0000e+00     0.0000e+00  0.0000e+00 
1.8868e+03     0.0000e+00  0.0000e+00     0.0000e+00  0.0000e+00     0.0000e+00  0.0000e+00     0.0000e+00  0.0000e+00 
2.1170e+03     0.0000e+00  0.0000e+00     0.0000e+00  0.0000e+00     0.0000e+00  0.0000e+00     0.0000e+00  0.0000e+00 
2.3753e+03     0.0000e+00  0.0000e+00     0.0000e+00  0.0000e+00     0.0000e+00  0.0000e+00     0.0000e+00  0.0000e+00 
2.6651e+03     0.0000e+00  0.0000e+00     0.0000e+00  0.0000e+00     0.0000e+00  0.0000e+00     0.0000e+00  0.0000e+00 
2.9903e+03     0.0000e+00  0.0000e+00     0.0000e+00  0.0000e+00     0.0000e+00  0.0000e+00     0.0000e+00  0.0000e+00 
3.3552e+03     0.0000e+00  0.0000e+00     0.0000e+00  0.0000e+00     0.0000e+00  0.0000e+00     0.0000e+00  0.0000e+00 
3.7646e+03     0.0000e+00  0.0000e+00     0.0000e+00  0.0000e+00     0.0000e+00  0.0000e+00     0.0000e+00  0.0000e+00 
4.2240e+03     0.0000e+00  0.0000e+00     0.0000e+00  0.0000e+00     0.0000e+00  0.0000e+00     0.0000e+00  0.0000e+00 
4.7394e+03     0.0000e+00  0.0000e+00     0.0000e+00  0.0000e+00     0.0000e+00  0.0000e+00     0.0000e+00  0.0000e+00 
5.3176e+03     0.0000e+00  0.0000e+00     0.0000e+00  0.0000e+00     0.0000e+00  0.0000e+00     0.0000e+00  0.0000e+00 
5.9665e+03     0.0000e+00  0.0000e+00     0.0000e+00  0.0000e+00     0.0000e+00  0.0000e+00     0.0000e+00  0.0000e+00 
6.6945e+03     0.0000e+00  0.0000e+00     0.0000e+00  0.0000e+00     0.0000e+00  0.0000e+00     0.0000e+00  0.0000e+00 
7.5114e+03     0.0000e+00  0.0000e+00     0.0000e+00  0.0000e+00     0.0000e+00  0.0000e+00     0.0000e+00  0.0000e+00 
8.4279e+03     0.0000e+00  0.0000e+00     0.0000e+00  0.0000e+00     0.0000e+00  0.0000e+00     0.0000e+00  0.0000e+00 
9.4563e+03     0.0000e+00  0.0000e+00     0.0000e+00  0.0000e+00     0.0000e+00  0.0000e+00     0.0000e+00  0.0000e+00 
