yF = 4.8610e+00 (std: 0.0000e+00) keV/um
yD = 2.3772e+01 (std: 0.0000e+00) keV/um
y (keV/um)     f(y)(std)                  yf(y)(std)                 d(y)(std)                  yd(y)(std)  
1.0610e-01     2.4877e+01  0.0000e+00     2.6394e+00  0.0000e+00     5.4298e-01  0.0000e+00     5.7610e-02  0.0000e+00 
1.1905e-01     1.9333e+00  0.0000e+00     2.3015e-01  0.0000e+00     4.7347e-02  0.0000e+00     5.6365e-03  0.0000e+00 
1.3357e-01     5.8893e-01  0.0000e+00     7.8666e-02  0.0000e+00     1.6183e-02  0.0000e+00     2.1616e-03  0.0000e+00 
1.4987e-01     2.8084e+00  0.0000e+00     4.2090e-01  0.0000e+00     8.6587e-02  0.0000e+00     1.2977e-02  0.0000e+00 
1.6816e-01     8.6522e-01  0.0000e+00     1.4549e-01  0.0000e+00     2.9931e-02  0.0000e+00     5.0331e-03  0.0000e+00 
1.8868e-01     5.8291e-01  0.0000e+00     1.0998e-01  0.0000e+00     2.2625e-02  0.0000e+00     4.2689e-03  0.0000e+00 
2.1170e-01     6.2781e-01  0.0000e+00     1.3291e-01  0.0000e+00     2.7341e-02  0.0000e+00     5.7882e-03  0.0000e+00 
2.3753e-01     6.4155e-01  0.0000e+00     1.5239e-01  0.0000e+00     3.1349e-02  0.0000e+00     7.4463e-03  0.0000e+00 
2.6651e-01     2.9292e-01  0.0000e+00     7.8066e-02  0.0000e+00     1.6060e-02  0.0000e+00     4.2801e-03  0.0000e+00 
2.9903e-01     2.2849e-01  0.0000e+00     6.8327e-02  0.0000e+00     1.4056e-02  0.0000e+00     4.2032e-03  0.0000e+00 
3.3552e-01     1.3791e+00  0.0000e+00     4.6270e-01  0.0000e+00     9.5187e-02  0.0000e+00     3.1937e-02  0.0000e+00 
3.7646e-01     8.7326e-01  0.0000e+00     3.2875e-01  0.0000e+00     6.7629e-02  0.0000e+00     2.5460e-02  0.0000e+00 
4.2240e-01     3.7992e-01  0.0000e+00     1.6048e-01  0.0000e+00     3.3013e-02  0.0000e+00     1.3945e-02  0.0000e+00 
4.7394e-01     3.7591e-01  0.0000e+00     1.7816e-01  0.0000e+00     3.6651e-02  0.0000e+00     1.7370e-02  0.0000e+00 
5.3176e-01     2.5191e-01  0.0000e+00     1.3396e-01  0.0000e+00     2.7557e-02  0.0000e+00     1.4654e-02  0.0000e+00 
5.9665e-01     1.3134e-01  0.0000e+00     7.8366e-02  0.0000e+00     1.6121e-02  0.0000e+00     9.6188e-03  0.0000e+00 
6.6945e-01     2.1644e-01  0.0000e+00     1.4489e-01  0.0000e+00     2.9807e-02  0.0000e+00     1.9955e-02  0.0000e+00 
7.5114e-01     1.8452e-01  0.0000e+00     1.3860e-01  0.0000e+00     2.8513e-02  0.0000e+00     2.1417e-02  0.0000e+00 
8.4279e-01     8.5872e-02  0.0000e+00     7.2372e-02  0.0000e+00     1.4888e-02  0.0000e+00     1.2548e-02  0.0000e+00 
9.4563e-01     5.4509e-02  0.0000e+00     5.1545e-02  0.0000e+00     1.0604e-02  0.0000e+00     1.0027e-02  0.0000e+00 
1.0610e+00     3.7989e-02  0.0000e+00     4.0307e-02  0.0000e+00     8.2918e-03  0.0000e+00     8.7977e-03  0.0000e+00 
1.1905e+00     2.0894e-02  0.0000e+00     2.4873e-02  0.0000e+00     5.1169e-03  0.0000e+00     6.0915e-03  0.0000e+00 
1.3357e+00     1.1218e-02  0.0000e+00     1.4984e-02  0.0000e+00     3.0825e-03  0.0000e+00     4.1173e-03  0.0000e+00 
1.4987e+00     6.7985e-03  0.0000e+00     1.0189e-02  0.0000e+00     2.0961e-03  0.0000e+00     3.1414e-03  0.0000e+00 
1.6816e+00     3.2969e-03  0.0000e+00     5.5441e-03  0.0000e+00     1.1405e-03  0.0000e+00     1.9179e-03  0.0000e+00 
1.8868e+00     1.3501e-03  0.0000e+00     2.5473e-03  0.0000e+00     5.2402e-04  0.0000e+00     9.8870e-04  0.0000e+00 
2.1170e+00     7.7857e-04  0.0000e+00     1.6482e-03  0.0000e+00     3.3907e-04  0.0000e+00     7.1781e-04  0.0000e+00 
2.3753e+00     1.2616e-04  0.0000e+00     2.9968e-04  0.0000e+00     6.1649e-05  0.0000e+00     1.4644e-04  0.0000e+00 
2.6651e+00     5.6222e-05  0.0000e+00     1.4984e-04  0.0000e+00     3.0825e-05  0.0000e+00     8.2152e-05  0.0000e+00 
2.9903e+00     0.0000e+00  0.0000e+00     0.0000e+00  0.0000e+00     0.0000e+00  0.0000e+00     0.0000e+00  0.0000e+00 
3.3552e+00     0.0000e+00  0.0000e+00     0.0000e+00  0.0000e+00     0.0000e+00  0.0000e+00     0.0000e+00  0.0000e+00 
3.7646e+00     0.0000e+00  0.0000e+00     0.0000e+00  0.0000e+00     0.0000e+00  0.0000e+00     0.0000e+00  0.0000e+00 
4.2240e+00     0.0000e+00  0.0000e+00     0.0000e+00  0.0000e+00     0.0000e+00  0.0000e+00     0.0000e+00  0.0000e+00 
4.7394e+00     0.0000e+00  0.0000e+00     0.0000e+00  0.0000e+00     0.0000e+00  0.0000e+00     0.0000e+00  0.0000e+00 
5.3176e+00     0.0000e+00  0.0000e+00     0.0000e+00  0.0000e+00     0.0000e+00  0.0000e+00     0.0000e+00  0.0000e+00 
5.9665e+00     1.1175e-01  0.0000e+00     6.6679e-01  0.0000e+00     1.3717e-01  0.0000e+00     8.1842e-01  0.0000e+00 
6.6945e+00     2.1487e-02  0.0000e+00     1.4385e-01  0.0000e+00     2.9592e-02  0.0000e+00     1.9810e-01  0.0000e+00 
7.5114e+00     6.2837e-03  0.0000e+00     4.7199e-02  0.0000e+00     9.7098e-03  0.0000e+00     7.2934e-02  0.0000e+00 
8.4279e+00     2.9300e-02  0.0000e+00     2.4694e-01  0.0000e+00     5.0799e-02  0.0000e+00     4.2813e-01  0.0000e+00 
9.4563e+00     1.6971e-02  0.0000e+00     1.6048e-01  0.0000e+00     3.3013e-02  0.0000e+00     3.1218e-01  0.0000e+00 
1.0610e+01     2.6649e-02  0.0000e+00     2.8275e-01  0.0000e+00     5.8166e-02  0.0000e+00     6.1715e-01  0.0000e+00 
1.1905e+01     1.7785e-02  0.0000e+00     2.1172e-01  0.0000e+00     4.3555e-02  0.0000e+00     5.1851e-01  0.0000e+00 
1.3357e+01     1.3383e-02  0.0000e+00     1.7876e-01  0.0000e+00     3.6774e-02  0.0000e+00     4.9120e-01  0.0000e+00 
1.4987e+01     7.9483e-03  0.0000e+00     1.1912e-01  0.0000e+00     2.4506e-02  0.0000e+00     3.6727e-01  0.0000e+00 
1.6816e+01     5.3107e-03  0.0000e+00     8.9304e-02  0.0000e+00     1.8372e-02  0.0000e+00     3.0893e-01  0.0000e+00 
1.8868e+01     4.4870e-03  0.0000e+00     8.4659e-02  0.0000e+00     1.7416e-02  0.0000e+00     3.2860e-01  0.0000e+00 
2.1170e+01     3.8858e-03  0.0000e+00     8.2262e-02  0.0000e+00     1.6923e-02  0.0000e+00     3.5825e-01  0.0000e+00 
2.3753e+01     4.3148e-03  0.0000e+00     1.0249e-01  0.0000e+00     2.1084e-02  0.0000e+00     5.0081e-01  0.0000e+00 
2.6651e+01     2.5075e-03  0.0000e+00     6.6828e-02  0.0000e+00     1.3748e-02  0.0000e+00     3.6640e-01  0.0000e+00 
2.9903e+01     2.0845e-03  0.0000e+00     6.2333e-02  0.0000e+00     1.2823e-02  0.0000e+00     3.8345e-01  0.0000e+00 
3.3552e+01     1.6836e-03  0.0000e+00     5.6489e-02  0.0000e+00     1.1621e-02  0.0000e+00     3.8991e-01  0.0000e+00 
3.7646e+01     1.2896e-03  0.0000e+00     4.8548e-02  0.0000e+00     9.9872e-03  0.0000e+00     3.7598e-01  0.0000e+00 
4.2240e+01     8.5492e-04  0.0000e+00     3.6111e-02  0.0000e+00     7.4287e-03  0.0000e+00     3.1379e-01  0.0000e+00 
4.7394e+01     6.6710e-04  0.0000e+00     3.1616e-02  0.0000e+00     6.5040e-03  0.0000e+00     3.0825e-01  0.0000e+00 
5.3176e+01     4.7339e-04  0.0000e+00     2.5173e-02  0.0000e+00     5.1785e-03  0.0000e+00     2.7538e-01  0.0000e+00 
5.9665e+01     2.9885e-04  0.0000e+00     1.7831e-02  0.0000e+00     3.6681e-03  0.0000e+00     2.1886e-01  0.0000e+00 
6.6945e+01     2.0144e-04  0.0000e+00     1.3486e-02  0.0000e+00     2.7742e-03  0.0000e+00     1.8572e-01  0.0000e+00 
7.5114e+01     8.9768e-05  0.0000e+00     6.7428e-03  0.0000e+00     1.3871e-03  0.0000e+00     1.0419e-01  0.0000e+00 
8.4279e+01     4.2670e-05  0.0000e+00     3.5961e-03  0.0000e+00     7.3979e-04  0.0000e+00     6.2349e-02  0.0000e+00 
9.4563e+01     2.0599e-05  0.0000e+00     1.9479e-03  0.0000e+00     4.0072e-04  0.0000e+00     3.7893e-02  0.0000e+00 
1.0610e+02     1.4122e-05  0.0000e+00     1.4984e-03  0.0000e+00     3.0825e-04  0.0000e+00     3.2705e-02  0.0000e+00 
1.1905e+02     1.2587e-06  0.0000e+00     1.4984e-04  0.0000e+00     3.0825e-05  0.0000e+00     3.6696e-03  0.0000e+00 
1.3357e+02     1.1218e-06  0.0000e+00     1.4984e-04  0.0000e+00     3.0825e-05  0.0000e+00     4.1173e-03  0.0000e+00 
1.4987e+02     0.0000e+00  0.0000e+00     0.0000e+00  0.0000e+00     0.0000e+00  0.0000e+00     0.0000e+00  0.0000e+00 
1.6816e+02     0.0000e+00  0.0000e+00     0.0000e+00  0.0000e+00     0.0000e+00  0.0000e+00     0.0000e+00  0.0000e+00 
1.8868e+02     0.0000e+00  0.0000e+00     0.0000e+00  0.0000e+00     0.0000e+00  0.0000e+00     0.0000e+00  0.0000e+00 
2.1170e+02     0.0000e+00  0.0000e+00     0.0000e+00  0.0000e+00     0.0000e+00  0.0000e+00     0.0000e+00  0.0000e+00 
2.3753e+02     0.0000e+00  0.0000e+00     0.0000e+00  0.0000e+00     0.0000e+00  0.0000e+00     0.0000e+00  0.0000e+00 
2.6651e+02     0.0000e+00  0.0000e+00     0.0000e+00  0.0000e+00     0.0000e+00  0.0000e+00     0.0000e+00  0.0000e+00 
2.9903e+02     0.0000e+00  0.0000e+00     0.0000e+00  0.0000e+00     0.0000e+00  0.0000e+00     0.0000e+00  0.0000e+00 
3.3552e+02     0.0000e+00  0.0000e+00     0.0000e+00  0.0000e+00     0.0000e+00  0.0000e+00     0.0000e+00  0.0000e+00 
3.7646e+02     0.0000e+00  0.0000e+00     0.0000e+00  0.0000e+00     0.0000e+00  0.0000e+00     0.0000e+00  0.0000e+00 
4.2240e+02     0.0000e+00  0.0000e+00     0.0000e+00  0.0000e+00     0.0000e+00  0.0000e+00     0.0000e+00  0.0000e+00 
4.7394e+02     0.0000e+00  0.0000e+00     0.0000e+00  0.0000e+00     0.0000e+00  0.0000e+00     0.0000e+00  0.0000e+00 
5.3176e+02     0.0000e+00  0.0000e+00     0.0000e+00  0.0000e+00     0.0000e+00  0.0000e+00     0.0000e+00  0.0000e+00 
5.9665e+02     0.0000e+00  0.0000e+00     0.0000e+00  0.0000e+00     0.0000e+00  0.0000e+00     0.0000e+00  0.0000e+00 
6.6945e+02     0.0000e+00  0.0000e+00     0.0000e+00  0.0000e+00     0.0000e+00  0.0000e+00     0.0000e+00  0.0000e+00 
7.5114e+02     0.0000e+00  0.0000e+00     0.0000e+00  0.0000e+00     0.0000e+00  0.0000e+00     0.0000e+00  0.0000e+00 
8.4279e+02     0.0000e+00  0.0000e+00     0.0000e+00  0.0000e+00     0.0000e+00  0.0000e+00     0.0000e+00  0.0000e+00 
9.4563e+02     0.0000e+00  0.0000e+00     0.0000e+00  0.0000e+00     0.0000e+00  0.0000e+00     0.0000e+00  0.0000e+00 
1.0610e+03     0.0000e+00  0.0000e+00     0.0000e+00  0.0000e+00     0.0000e+00  0.0000e+00     0.0000e+00  0.0000e+00 
1.1905e+03     0.0000e+00  0.0000e+00     0.0000e+00  0.0000e+00     0.0000e+00  0.0000e+00     0.0000e+00  0.0000e+00 
1.3357e+03     0.0000e+00  0.0000e+00     0.0000e+00  0.0000e+00     0.0000e+00  0.0000e+00     0.0000e+00  0.0000e+00 
1.4987e+03     0.0000e+00  0.0000e+00     0.0000e+00  0.0000e+00     0.0000e+00  0.0000e+00     0.0000e+00  0.0000e+00 
1.6816e+03     0.0000e+00  0.0000e+00     0.0000e+00  0.0000e+00     0.0000e+00  0.0000e+00     0.0000e+00  0.0000e+00 
1.8868e+03     0.0000e+00  0.0000e+00     0.0000e+00  0.0000e+00     0.0000e+00  0.0000e+00     0.0000e+00  0.0000e+00 
2.1170e+03     0.0000e+00  0.0000e+00     0.0000e+00  0.0000e+00     0.0000e+00  0.0000e+00     0.0000e+00  0.0000e+00 
2.3753e+03     0.0000e+00  0.0000e+00     0.0000e+00  0.0000e+00     0.0000e+00  0.0000e+00     0.0000e+00  0.0000e+00 
2.6651e+03     0.0000e+00  0.0000e+00     0.0000e+00  0.0000e+00     0.0000e+00  0.0000e+00     0.0000e+00  0.0000e+00 
2.9903e+03     0.0000e+00  0.0000e+00     0.0000e+00  0.0000e+00     0.0000e+00  0.0000e+00     0.0000e+00  0.0000e+00 
3.3552e+03     0.0000e+00  0.0000e+00     0.0000e+00  0.0000e+00     0.0000e+00  0.0000e+00     0.0000e+00  0.0000e+00 
3.7646e+03     0.0000e+00  0.0000e+00     0.0000e+00  0.0000e+00     0.0000e+00  0.0000e+00     0.0000e+00  0.0000e+00 
4.2240e+03     0.0000e+00  0.0000e+00     0.0000e+00  0.0000e+00     0.0000e+00  0.0000e+00     0.0000e+00  0.0000e+00 
4.7394e+03     0.0000e+00  0.0000e+00     0.0000e+00  0.0000e+00     0.0000e+00  0.0000e+00     0.0000e+00  0.0000e+00 
5.3176e+03     0.0000e+00  0.0000e+00     0.0000e+00  0.0000e+00     0.0000e+00  0.0000e+00     0.0000e+00  0.0000e+00 
5.9665e+03     0.0000e+00  0.0000e+00     0.0000e+00  0.0000e+00     0.0000e+00  0.0000e+00     0.0000e+00  0.0000e+00 
6.6945e+03     0.0000e+00  0.0000e+00     0.0000e+00  0.0000e+00     0.0000e+00  0.0000e+00     0.0000e+00  0.0000e+00 
7.5114e+03     0.0000e+00  0.0000e+00     0.0000e+00  0.0000e+00     0.0000e+00  0.0000e+00     0.0000e+00  0.0000e+00 
8.4279e+03     0.0000e+00  0.0000e+00     0.0000e+00  0.0000e+00     0.0000e+00  0.0000e+00     0.0000e+00  0.0000e+00 
9.4563e+03     0.0000e+00  0.0000e+00     0.0000e+00  0.0000e+00     0.0000e+00  0.0000e+00     0.0000e+00  0.0000e+00 
