yF = 1.4714e+01 (std: 0.0000e+00) keV/um
yD = 3.5188e+01 (std: 0.0000e+00) keV/um
y (keV/um)     f(y)(std)                  yf(y)(std)                 d(y)(std)                  yd(y)(std)  
1.0610e-01     8.4229e+00  0.0000e+00     8.9368e-01  0.0000e+00     6.0738e-02  0.0000e+00     6.4444e-03  0.0000e+00 
1.1905e-01     8.7451e-01  0.0000e+00     1.0411e-01  0.0000e+00     7.0756e-03  0.0000e+00     8.4233e-04  0.0000e+00 
1.3357e-01     3.8666e-01  0.0000e+00     5.1648e-02  0.0000e+00     3.5102e-03  0.0000e+00     4.6887e-04  0.0000e+00 
1.4987e-01     1.1373e+00  0.0000e+00     1.7046e-01  0.0000e+00     1.1585e-02  0.0000e+00     1.7362e-03  0.0000e+00 
1.6816e-01     5.2674e-01  0.0000e+00     8.8577e-02  0.0000e+00     6.0201e-03  0.0000e+00     1.0123e-03  0.0000e+00 
1.8868e-01     4.2695e-01  0.0000e+00     8.0555e-02  0.0000e+00     5.4749e-03  0.0000e+00     1.0330e-03  0.0000e+00 
2.1170e-01     4.2622e-01  0.0000e+00     9.0231e-02  0.0000e+00     6.1325e-03  0.0000e+00     1.2982e-03  0.0000e+00 
2.3753e-01     4.0955e-01  0.0000e+00     9.7280e-02  0.0000e+00     6.6116e-03  0.0000e+00     1.5704e-03  0.0000e+00 
2.6651e-01     2.4748e-01  0.0000e+00     6.5956e-02  0.0000e+00     4.4827e-03  0.0000e+00     1.1947e-03  0.0000e+00 
2.9903e-01     2.1476e-01  0.0000e+00     6.4222e-02  0.0000e+00     4.3648e-03  0.0000e+00     1.3052e-03  0.0000e+00 
3.3552e-01     5.2940e-01  0.0000e+00     1.7762e-01  0.0000e+00     1.2072e-02  0.0000e+00     4.0504e-03  0.0000e+00 
3.7646e-01     4.4463e-01  0.0000e+00     1.6739e-01  0.0000e+00     1.1376e-02  0.0000e+00     4.2827e-03  0.0000e+00 
4.2240e-01     2.8445e-01  0.0000e+00     1.2015e-01  0.0000e+00     8.1660e-03  0.0000e+00     3.4493e-03  0.0000e+00 
4.7394e-01     2.8111e-01  0.0000e+00     1.3323e-01  0.0000e+00     9.0546e-03  0.0000e+00     4.2913e-03  0.0000e+00 
5.3176e-01     2.3132e-01  0.0000e+00     1.2301e-01  0.0000e+00     8.3602e-03  0.0000e+00     4.4457e-03  0.0000e+00 
5.9665e-01     1.5486e-01  0.0000e+00     9.2397e-02  0.0000e+00     6.2797e-03  0.0000e+00     3.7468e-03  0.0000e+00 
6.6945e-01     1.5355e-01  0.0000e+00     1.0279e-01  0.0000e+00     6.9864e-03  0.0000e+00     4.6770e-03  0.0000e+00 
7.5114e-01     1.5077e-01  0.0000e+00     1.1325e-01  0.0000e+00     7.6971e-03  0.0000e+00     5.7816e-03  0.0000e+00 
8.4279e-01     1.0292e-01  0.0000e+00     8.6742e-02  0.0000e+00     5.8953e-03  0.0000e+00     4.9685e-03  0.0000e+00 
9.4563e-01     7.2569e-02  0.0000e+00     6.8623e-02  0.0000e+00     4.6639e-03  0.0000e+00     4.4103e-03  0.0000e+00 
1.0610e+00     5.5388e-02  0.0000e+00     5.8767e-02  0.0000e+00     3.9941e-03  0.0000e+00     4.2377e-03  0.0000e+00 
1.1905e+00     3.7994e-02  0.0000e+00     4.5231e-02  0.0000e+00     3.0741e-03  0.0000e+00     3.6596e-03  0.0000e+00 
1.3357e+00     2.5177e-02  0.0000e+00     3.3630e-02  0.0000e+00     2.2856e-03  0.0000e+00     3.0530e-03  0.0000e+00 
1.4987e+00     1.6050e-02  0.0000e+00     2.4054e-02  0.0000e+00     1.6348e-03  0.0000e+00     2.4501e-03  0.0000e+00 
1.6816e+00     9.0752e-03  0.0000e+00     1.5261e-02  0.0000e+00     1.0372e-03  0.0000e+00     1.7441e-03  0.0000e+00 
1.8868e+00     4.8572e-03  0.0000e+00     9.1645e-03  0.0000e+00     6.2286e-04  0.0000e+00     1.1752e-03  0.0000e+00 
2.1170e+00     2.5055e-03  0.0000e+00     5.3042e-03  0.0000e+00     3.6049e-04  0.0000e+00     7.6316e-04  0.0000e+00 
2.3753e+00     1.0764e-03  0.0000e+00     2.5568e-03  0.0000e+00     1.7377e-04  0.0000e+00     4.1276e-04  0.0000e+00 
2.6651e+00     3.6870e-04  0.0000e+00     9.8262e-04  0.0000e+00     6.6783e-05  0.0000e+00     1.7799e-04  0.0000e+00 
2.9903e+00     1.7436e-04  0.0000e+00     5.2139e-04  0.0000e+00     3.5436e-05  0.0000e+00     1.0597e-04  0.0000e+00 
3.3552e+00     5.0803e-05  0.0000e+00     1.7046e-04  0.0000e+00     1.1585e-05  0.0000e+00     3.8870e-05  0.0000e+00 
3.7646e+00     7.9903e-06  0.0000e+00     3.0080e-05  0.0000e+00     2.0444e-06  0.0000e+00     7.6963e-06  0.0000e+00 
4.2240e+00     4.7476e-06  0.0000e+00     2.0054e-05  0.0000e+00     1.3629e-06  0.0000e+00     5.7569e-06  0.0000e+00 
4.7394e+00     4.2313e-06  0.0000e+00     2.0054e-05  0.0000e+00     1.3629e-06  0.0000e+00     6.4594e-06  0.0000e+00 
5.3176e+00     1.8856e-06  0.0000e+00     1.0027e-05  0.0000e+00     6.8146e-07  0.0000e+00     3.6238e-06  0.0000e+00 
5.9665e+00     5.2277e-02  0.0000e+00     3.1191e-01  0.0000e+00     2.1199e-02  0.0000e+00     1.2648e-01  0.0000e+00 
6.6945e+00     2.9338e-02  0.0000e+00     1.9640e-01  0.0000e+00     1.3349e-02  0.0000e+00     8.9362e-02  0.0000e+00 
7.5114e+00     8.7088e-03  0.0000e+00     6.5415e-02  0.0000e+00     4.4459e-03  0.0000e+00     3.3395e-02  0.0000e+00 
8.4279e+00     3.6897e-02  0.0000e+00     3.1096e-01  0.0000e+00     2.1134e-02  0.0000e+00     1.7812e-01  0.0000e+00 
9.4563e+00     3.0725e-02  0.0000e+00     2.9055e-01  0.0000e+00     1.9747e-02  0.0000e+00     1.8673e-01  0.0000e+00 
1.0610e+01     4.2308e-02  0.0000e+00     4.4889e-01  0.0000e+00     3.0508e-02  0.0000e+00     3.2370e-01  0.0000e+00 
1.1905e+01     3.0651e-02  0.0000e+00     3.6489e-01  0.0000e+00     2.4800e-02  0.0000e+00     2.9523e-01  0.0000e+00 
1.3357e+01     2.4867e-02  0.0000e+00     3.3216e-01  0.0000e+00     2.2575e-02  0.0000e+00     3.0154e-01  0.0000e+00 
1.4987e+01     1.8690e-02  0.0000e+00     2.8011e-01  0.0000e+00     1.9037e-02  0.0000e+00     2.8532e-01  0.0000e+00 
1.6816e+01     2.0193e-02  0.0000e+00     3.3957e-01  0.0000e+00     2.3078e-02  0.0000e+00     3.8808e-01  0.0000e+00 
1.8868e+01     1.5255e-02  0.0000e+00     2.8782e-01  0.0000e+00     1.9561e-02  0.0000e+00     3.6908e-01  0.0000e+00 
2.1170e+01     1.4105e-02  0.0000e+00     2.9860e-01  0.0000e+00     2.0294e-02  0.0000e+00     4.2962e-01  0.0000e+00 
2.3753e+01     1.3658e-02  0.0000e+00     3.2442e-01  0.0000e+00     2.2049e-02  0.0000e+00     5.2373e-01  0.0000e+00 
2.6651e+01     1.0802e-02  0.0000e+00     2.8788e-01  0.0000e+00     1.9566e-02  0.0000e+00     5.2145e-01  0.0000e+00 
2.9903e+01     8.2992e-03  0.0000e+00     2.4817e-01  0.0000e+00     1.6867e-02  0.0000e+00     5.0438e-01  0.0000e+00 
3.3552e+01     7.1301e-03  0.0000e+00     2.3923e-01  0.0000e+00     1.6259e-02  0.0000e+00     5.4552e-01  0.0000e+00 
3.7646e+01     5.7344e-03  0.0000e+00     2.1588e-01  0.0000e+00     1.4672e-02  0.0000e+00     5.5234e-01  0.0000e+00 
4.2240e+01     4.3137e-03  0.0000e+00     1.8221e-01  0.0000e+00     1.2384e-02  0.0000e+00     5.2308e-01  0.0000e+00 
4.7394e+01     3.3601e-03  0.0000e+00     1.5925e-01  0.0000e+00     1.0823e-02  0.0000e+00     5.1294e-01  0.0000e+00 
5.3176e+01     2.3773e-03  0.0000e+00     1.2642e-01  0.0000e+00     8.5919e-03  0.0000e+00     4.5689e-01  0.0000e+00 
5.9665e+01     1.6889e-03  0.0000e+00     1.0077e-01  0.0000e+00     6.8487e-03  0.0000e+00     4.0863e-01  0.0000e+00 
6.6945e+01     1.1056e-03  0.0000e+00     7.4018e-02  0.0000e+00     5.0306e-03  0.0000e+00     3.3677e-01  0.0000e+00 
7.5114e+01     6.8880e-04  0.0000e+00     5.1738e-02  0.0000e+00     3.5164e-03  0.0000e+00     2.6413e-01  0.0000e+00 
8.4279e+01     3.7524e-04  0.0000e+00     3.1624e-02  0.0000e+00     2.1493e-03  0.0000e+00     1.8114e-01  0.0000e+00 
9.4563e+01     2.0570e-04  0.0000e+00     1.9452e-02  0.0000e+00     1.3220e-03  0.0000e+00     1.2502e-01  0.0000e+00 
1.0610e+02     1.0197e-04  0.0000e+00     1.0819e-02  0.0000e+00     7.3530e-04  0.0000e+00     7.8016e-02  0.0000e+00 
1.1905e+02     4.3966e-05  0.0000e+00     5.2340e-03  0.0000e+00     3.5572e-04  0.0000e+00     4.2348e-02  0.0000e+00 
1.3357e+02     1.7040e-05  0.0000e+00     2.2761e-03  0.0000e+00     1.5469e-04  0.0000e+00     2.0663e-02  0.0000e+00 
1.4987e+02     5.4191e-06  0.0000e+00     8.1217e-04  0.0000e+00     5.5199e-05  0.0000e+00     8.2727e-03  0.0000e+00 
1.6816e+02     1.6696e-06  0.0000e+00     2.8075e-04  0.0000e+00     1.9081e-05  0.0000e+00     3.2086e-03  0.0000e+00 
1.8868e+02     4.2514e-07  0.0000e+00     8.0214e-05  0.0000e+00     5.4517e-06  0.0000e+00     1.0286e-03  0.0000e+00 
2.1170e+02     1.4209e-07  0.0000e+00     3.0080e-05  0.0000e+00     2.0444e-06  0.0000e+00     4.3280e-04  0.0000e+00 
2.3753e+02     0.0000e+00  0.0000e+00     0.0000e+00  0.0000e+00     0.0000e+00  0.0000e+00     0.0000e+00  0.0000e+00 
2.6651e+02     0.0000e+00  0.0000e+00     0.0000e+00  0.0000e+00     0.0000e+00  0.0000e+00     0.0000e+00  0.0000e+00 
2.9903e+02     0.0000e+00  0.0000e+00     0.0000e+00  0.0000e+00     0.0000e+00  0.0000e+00     0.0000e+00  0.0000e+00 
3.3552e+02     0.0000e+00  0.0000e+00     0.0000e+00  0.0000e+00     0.0000e+00  0.0000e+00     0.0000e+00  0.0000e+00 
3.7646e+02     0.0000e+00  0.0000e+00     0.0000e+00  0.0000e+00     0.0000e+00  0.0000e+00     0.0000e+00  0.0000e+00 
4.2240e+02     0.0000e+00  0.0000e+00     0.0000e+00  0.0000e+00     0.0000e+00  0.0000e+00     0.0000e+00  0.0000e+00 
4.7394e+02     0.0000e+00  0.0000e+00     0.0000e+00  0.0000e+00     0.0000e+00  0.0000e+00     0.0000e+00  0.0000e+00 
5.3176e+02     0.0000e+00  0.0000e+00     0.0000e+00  0.0000e+00     0.0000e+00  0.0000e+00     0.0000e+00  0.0000e+00 
5.9665e+02     0.0000e+00  0.0000e+00     0.0000e+00  0.0000e+00     0.0000e+00  0.0000e+00     0.0000e+00  0.0000e+00 
6.6945e+02     0.0000e+00  0.0000e+00     0.0000e+00  0.0000e+00     0.0000e+00  0.0000e+00     0.0000e+00  0.0000e+00 
7.5114e+02     0.0000e+00  0.0000e+00     0.0000e+00  0.0000e+00     0.0000e+00  0.0000e+00     0.0000e+00  0.0000e+00 
8.4279e+02     0.0000e+00  0.0000e+00     0.0000e+00  0.0000e+00     0.0000e+00  0.0000e+00     0.0000e+00  0.0000e+00 
9.4563e+02     0.0000e+00  0.0000e+00     0.0000e+00  0.0000e+00     0.0000e+00  0.0000e+00     0.0000e+00  0.0000e+00 
1.0610e+03     0.0000e+00  0.0000e+00     0.0000e+00  0.0000e+00     0.0000e+00  0.0000e+00     0.0000e+00  0.0000e+00 
1.1905e+03     0.0000e+00  0.0000e+00     0.0000e+00  0.0000e+00     0.0000e+00  0.0000e+00     0.0000e+00  0.0000e+00 
1.3357e+03     0.0000e+00  0.0000e+00     0.0000e+00  0.0000e+00     0.0000e+00  0.0000e+00     0.0000e+00  0.0000e+00 
1.4987e+03     0.0000e+00  0.0000e+00     0.0000e+00  0.0000e+00     0.0000e+00  0.0000e+00     0.0000e+00  0.0000e+00 
1.6816e+03     0.0000e+00  0.0000e+00     0.0000e+00  0.0000e+00     0.0000e+00  0.0000e+00     0.0000e+00  0.0000e+00 
1.8868e+03     0.0000e+00  0.0000e+00     0.0000e+00  0.0000e+00     0.0000e+00  0.0000e+00     0.0000e+00  0.0000e+00 
2.1170e+03     0.0000e+00  0.0000e+00     0.0000e+00  0.0000e+00     0.0000e+00  0.0000e+00     0.0000e+00  0.0000e+00 
2.3753e+03     0.0000e+00  0.0000e+00     0.0000e+00  0.0000e+00     0.0000e+00  0.0000e+00     0.0000e+00  0.0000e+00 
2.6651e+03     0.0000e+00  0.0000e+00     0.0000e+00  0.0000e+00     0.0000e+00  0.0000e+00     0.0000e+00  0.0000e+00 
2.9903e+03     0.0000e+00  0.0000e+00     0.0000e+00  0.0000e+00     0.0000e+00  0.0000e+00     0.0000e+00  0.0000e+00 
3.3552e+03     0.0000e+00  0.0000e+00     0.0000e+00  0.0000e+00     0.0000e+00  0.0000e+00     0.0000e+00  0.0000e+00 
3.7646e+03     0.0000e+00  0.0000e+00     0.0000e+00  0.0000e+00     0.0000e+00  0.0000e+00     0.0000e+00  0.0000e+00 
4.2240e+03     0.0000e+00  0.0000e+00     0.0000e+00  0.0000e+00     0.0000e+00  0.0000e+00     0.0000e+00  0.0000e+00 
4.7394e+03     0.0000e+00  0.0000e+00     0.0000e+00  0.0000e+00     0.0000e+00  0.0000e+00     0.0000e+00  0.0000e+00 
5.3176e+03     0.0000e+00  0.0000e+00     0.0000e+00  0.0000e+00     0.0000e+00  0.0000e+00     0.0000e+00  0.0000e+00 
5.9665e+03     0.0000e+00  0.0000e+00     0.0000e+00  0.0000e+00     0.0000e+00  0.0000e+00     0.0000e+00  0.0000e+00 
6.6945e+03     0.0000e+00  0.0000e+00     0.0000e+00  0.0000e+00     0.0000e+00  0.0000e+00     0.0000e+00  0.0000e+00 
7.5114e+03     0.0000e+00  0.0000e+00     0.0000e+00  0.0000e+00     0.0000e+00  0.0000e+00     0.0000e+00  0.0000e+00 
8.4279e+03     0.0000e+00  0.0000e+00     0.0000e+00  0.0000e+00     0.0000e+00  0.0000e+00     0.0000e+00  0.0000e+00 
9.4563e+03     0.0000e+00  0.0000e+00     0.0000e+00  0.0000e+00     0.0000e+00  0.0000e+00     0.0000e+00  0.0000e+00 
