yF = 9.7014e+01 (std: 0.0000e+00) keV/um
yD = 1.1370e+02 (std: 0.0000e+00) keV/um
y (keV/um)     f(y)(std)                  yf(y)(std)                 d(y)(std)                  yd(y)(std)  
1.0610e-01     5.7369e-04  0.0000e+00     6.0869e-05  0.0000e+00     6.2742e-07  0.0000e+00     6.6570e-08  0.0000e+00 
1.1905e-01     0.0000e+00  0.0000e+00     0.0000e+00  0.0000e+00     0.0000e+00  0.0000e+00     0.0000e+00  0.0000e+00 
1.3357e-01     1.3020e-04  0.0000e+00     1.7391e-05  0.0000e+00     1.7926e-07  0.0000e+00     2.3945e-08  0.0000e+00 
1.4987e-01     1.1604e-04  0.0000e+00     1.7391e-05  0.0000e+00     1.7926e-07  0.0000e+00     2.6866e-08  0.0000e+00 
1.6816e-01     1.0342e-04  0.0000e+00     1.7391e-05  0.0000e+00     1.7926e-07  0.0000e+00     3.0145e-08  0.0000e+00 
1.8868e-01     2.3043e-04  0.0000e+00     4.3478e-05  0.0000e+00     4.4816e-07  0.0000e+00     8.4557e-08  0.0000e+00 
2.1170e-01     1.2322e-04  0.0000e+00     2.6087e-05  0.0000e+00     2.6889e-07  0.0000e+00     5.6925e-08  0.0000e+00 
2.3753e-01     1.0982e-04  0.0000e+00     2.6087e-05  0.0000e+00     2.6889e-07  0.0000e+00     6.3871e-08  0.0000e+00 
2.6651e-01     9.7881e-05  0.0000e+00     2.6087e-05  0.0000e+00     2.6889e-07  0.0000e+00     7.1664e-08  0.0000e+00 
2.9903e-01     2.3263e-04  0.0000e+00     6.9564e-05  0.0000e+00     7.1705e-07  0.0000e+00     2.1442e-07  0.0000e+00 
3.3552e-01     2.0733e-04  0.0000e+00     6.9564e-05  0.0000e+00     7.1705e-07  0.0000e+00     2.4059e-07  0.0000e+00 
3.7646e-01     1.1549e-04  0.0000e+00     4.3478e-05  0.0000e+00     4.4816e-07  0.0000e+00     1.6871e-07  0.0000e+00 
4.2240e-01     8.2345e-05  0.0000e+00     3.4782e-05  0.0000e+00     3.5853e-07  0.0000e+00     1.5144e-07  0.0000e+00 
4.7394e-01     1.2843e-04  0.0000e+00     6.0869e-05  0.0000e+00     6.2742e-07  0.0000e+00     2.9736e-07  0.0000e+00 
5.3176e-01     1.3082e-04  0.0000e+00     6.9564e-05  0.0000e+00     7.1705e-07  0.0000e+00     3.8130e-07  0.0000e+00 
5.9665e-01     5.8296e-05  0.0000e+00     3.4782e-05  0.0000e+00     3.5853e-07  0.0000e+00     2.1391e-07  0.0000e+00 
6.6945e-01     9.0923e-05  0.0000e+00     6.0869e-05  0.0000e+00     6.2742e-07  0.0000e+00     4.2003e-07  0.0000e+00 
7.5114e-01     9.2612e-05  0.0000e+00     6.9564e-05  0.0000e+00     7.1705e-07  0.0000e+00     5.3860e-07  0.0000e+00 
8.4279e-01     3.0953e-05  0.0000e+00     2.6087e-05  0.0000e+00     2.6889e-07  0.0000e+00     2.2662e-07  0.0000e+00 
9.4563e-01     5.5173e-05  0.0000e+00     5.2173e-05  0.0000e+00     5.3779e-07  0.0000e+00     5.0855e-07  0.0000e+00 
1.0610e+00     8.1955e-06  0.0000e+00     8.6955e-06  0.0000e+00     8.9631e-08  0.0000e+00     9.5100e-08  0.0000e+00 
1.1905e+00     1.4609e-05  0.0000e+00     1.7391e-05  0.0000e+00     1.7926e-07  0.0000e+00     2.1341e-07  0.0000e+00 
1.3357e+00     1.9530e-05  0.0000e+00     2.6087e-05  0.0000e+00     2.6889e-07  0.0000e+00     3.5917e-07  0.0000e+00 
1.4987e+00     0.0000e+00  0.0000e+00     0.0000e+00  0.0000e+00     0.0000e+00  0.0000e+00     0.0000e+00  0.0000e+00 
1.6816e+00     0.0000e+00  0.0000e+00     0.0000e+00  0.0000e+00     0.0000e+00  0.0000e+00     0.0000e+00  0.0000e+00 
1.8868e+00     0.0000e+00  0.0000e+00     0.0000e+00  0.0000e+00     0.0000e+00  0.0000e+00     0.0000e+00  0.0000e+00 
2.1170e+00     1.5198e-04  0.0000e+00     3.2173e-04  0.0000e+00     3.3164e-06  0.0000e+00     7.0207e-06  0.0000e+00 
2.3753e+00     3.2947e-04  0.0000e+00     7.8260e-04  0.0000e+00     8.0668e-06  0.0000e+00     1.9161e-05  0.0000e+00 
2.6651e+00     2.0555e-04  0.0000e+00     5.4782e-04  0.0000e+00     5.6468e-06  0.0000e+00     1.5049e-05  0.0000e+00 
2.9903e+00     7.8513e-05  0.0000e+00     2.3478e-04  0.0000e+00     2.4200e-06  0.0000e+00     7.2367e-06  0.0000e+00 
3.3552e+00     2.9804e-04  0.0000e+00     9.9998e-04  0.0000e+00     1.0308e-05  0.0000e+00     3.4584e-05  0.0000e+00 
3.7646e+00     2.8411e-04  0.0000e+00     1.0695e-03  0.0000e+00     1.1025e-05  0.0000e+00     4.1503e-05  0.0000e+00 
4.2240e+00     1.1322e-04  0.0000e+00     4.7825e-04  0.0000e+00     4.9297e-06  0.0000e+00     2.0823e-05  0.0000e+00 
4.7394e+00     1.1008e-04  0.0000e+00     5.2173e-04  0.0000e+00     5.3779e-06  0.0000e+00     2.5488e-05  0.0000e+00 
5.3176e+00     4.5786e-05  0.0000e+00     2.4347e-04  0.0000e+00     2.5097e-06  0.0000e+00     1.3346e-05  0.0000e+00 
5.9665e+00     1.6760e-04  0.0000e+00     9.9998e-04  0.0000e+00     1.0308e-05  0.0000e+00     6.1500e-05  0.0000e+00 
6.6945e+00     4.4163e-05  0.0000e+00     2.9565e-04  0.0000e+00     3.0475e-06  0.0000e+00     2.0401e-05  0.0000e+00 
7.5114e+00     1.8522e-05  0.0000e+00     1.3913e-04  0.0000e+00     1.4341e-06  0.0000e+00     1.0772e-05  0.0000e+00 
8.4279e+00     1.4445e-04  0.0000e+00     1.2174e-03  0.0000e+00     1.2548e-05  0.0000e+00     1.0576e-04  0.0000e+00 
9.4563e+00     1.4897e-04  0.0000e+00     1.4087e-03  0.0000e+00     1.4520e-05  0.0000e+00     1.3731e-04  0.0000e+00 
1.0610e+01     3.7699e-04  0.0000e+00     3.9999e-03  0.0000e+00     4.1230e-05  0.0000e+00     4.3746e-04  0.0000e+00 
1.1905e+01     5.7923e-04  0.0000e+00     6.8955e-03  0.0000e+00     7.1078e-05  0.0000e+00     8.4616e-04  0.0000e+00 
1.3357e+01     6.6076e-04  0.0000e+00     8.8259e-03  0.0000e+00     9.0976e-05  0.0000e+00     1.2152e-03  0.0000e+00 
1.4987e+01     5.8078e-04  0.0000e+00     8.7042e-03  0.0000e+00     8.9721e-05  0.0000e+00     1.3447e-03  0.0000e+00 
1.6816e+01     5.4399e-04  0.0000e+00     9.1477e-03  0.0000e+00     9.4292e-05  0.0000e+00     1.5856e-03  0.0000e+00 
1.8868e+01     7.2494e-04  0.0000e+00     1.3678e-02  0.0000e+00     1.4099e-04  0.0000e+00     2.6602e-03  0.0000e+00 
2.1170e+01     1.2433e-03  0.0000e+00     2.6321e-02  0.0000e+00     2.7131e-04  0.0000e+00     5.7437e-03  0.0000e+00 
2.3753e+01     1.5741e-03  0.0000e+00     3.7391e-02  0.0000e+00     3.8542e-04  0.0000e+00     9.1548e-03  0.0000e+00 
2.6651e+01     1.6897e-03  0.0000e+00     4.5034e-02  0.0000e+00     4.6420e-04  0.0000e+00     1.2372e-02  0.0000e+00 
2.9903e+01     2.2870e-03  0.0000e+00     6.8390e-02  0.0000e+00     7.0495e-04  0.0000e+00     2.1080e-02  0.0000e+00 
3.3552e+01     2.9794e-03  0.0000e+00     9.9964e-02  0.0000e+00     1.0304e-03  0.0000e+00     3.4572e-02  0.0000e+00 
3.7646e+01     3.7283e-03  0.0000e+00     1.4035e-01  0.0000e+00     1.4467e-03  0.0000e+00     5.4464e-02  0.0000e+00 
4.2240e+01     4.6138e-03  0.0000e+00     1.9488e-01  0.0000e+00     2.0088e-03  0.0000e+00     8.4852e-02  0.0000e+00 
4.7394e+01     5.6811e-03  0.0000e+00     2.6925e-01  0.0000e+00     2.7753e-03  0.0000e+00     1.3153e-01  0.0000e+00 
5.3176e+01     6.8769e-03  0.0000e+00     3.6569e-01  0.0000e+00     3.7695e-03  0.0000e+00     2.0045e-01  0.0000e+00 
5.9665e+01     8.0946e-03  0.0000e+00     4.8297e-01  0.0000e+00     4.9783e-03  0.0000e+00     2.9703e-01  0.0000e+00 
6.6945e+01     9.2123e-03  0.0000e+00     6.1672e-01  0.0000e+00     6.3570e-03  0.0000e+00     4.2557e-01  0.0000e+00 
7.5114e+01     9.9988e-03  0.0000e+00     7.5105e-01  0.0000e+00     7.7416e-03  0.0000e+00     5.8150e-01  0.0000e+00 
8.4279e+01     1.0279e-02  0.0000e+00     8.6631e-01  0.0000e+00     8.9297e-03  0.0000e+00     7.5259e-01  0.0000e+00 
9.4563e+01     9.9430e-03  0.0000e+00     9.4024e-01  0.0000e+00     9.6918e-03  0.0000e+00     9.1648e-01  0.0000e+00 
1.0610e+02     8.9563e-03  0.0000e+00     9.5027e-01  0.0000e+00     9.7952e-03  0.0000e+00     1.0393e+00  0.0000e+00 
1.1905e+02     7.3752e-03  0.0000e+00     8.7799e-01  0.0000e+00     9.0502e-03  0.0000e+00     1.0774e+00  0.0000e+00 
1.3357e+02     5.4437e-03  0.0000e+00     7.2714e-01  0.0000e+00     7.4952e-03  0.0000e+00     1.0012e+00  0.0000e+00 
1.4987e+02     3.5628e-03  0.0000e+00     5.3396e-01  0.0000e+00     5.5039e-03  0.0000e+00     8.2488e-01  0.0000e+00 
1.6816e+02     2.0027e-03  0.0000e+00     3.3677e-01  0.0000e+00     3.4713e-03  0.0000e+00     5.8374e-01  0.0000e+00 
1.8868e+02     9.6764e-04  0.0000e+00     1.8257e-01  0.0000e+00     1.8819e-03  0.0000e+00     3.5507e-01  0.0000e+00 
2.1170e+02     3.8610e-04  0.0000e+00     8.1738e-02  0.0000e+00     8.4254e-04  0.0000e+00     1.7836e-01  0.0000e+00 
2.3753e+02     1.2190e-04  0.0000e+00     2.8956e-02  0.0000e+00     2.9847e-04  0.0000e+00     7.0896e-02  0.0000e+00 
2.6651e+02     3.0441e-05  0.0000e+00     8.1129e-03  0.0000e+00     8.3626e-05  0.0000e+00     2.2287e-02  0.0000e+00 
2.9903e+02     5.6122e-06  0.0000e+00     1.6782e-03  0.0000e+00     1.7299e-05  0.0000e+00     5.1729e-03  0.0000e+00 
3.3552e+02     9.8483e-07  0.0000e+00     3.3043e-04  0.0000e+00     3.4060e-06  0.0000e+00     1.1428e-03  0.0000e+00 
3.7646e+02     6.9294e-08  0.0000e+00     2.6087e-05  0.0000e+00     2.6889e-07  0.0000e+00     1.0123e-04  0.0000e+00 
4.2240e+02     0.0000e+00  0.0000e+00     0.0000e+00  0.0000e+00     0.0000e+00  0.0000e+00     0.0000e+00  0.0000e+00 
4.7394e+02     0.0000e+00  0.0000e+00     0.0000e+00  0.0000e+00     0.0000e+00  0.0000e+00     0.0000e+00  0.0000e+00 
5.3176e+02     0.0000e+00  0.0000e+00     0.0000e+00  0.0000e+00     0.0000e+00  0.0000e+00     0.0000e+00  0.0000e+00 
5.9665e+02     0.0000e+00  0.0000e+00     0.0000e+00  0.0000e+00     0.0000e+00  0.0000e+00     0.0000e+00  0.0000e+00 
6.6945e+02     0.0000e+00  0.0000e+00     0.0000e+00  0.0000e+00     0.0000e+00  0.0000e+00     0.0000e+00  0.0000e+00 
7.5114e+02     0.0000e+00  0.0000e+00     0.0000e+00  0.0000e+00     0.0000e+00  0.0000e+00     0.0000e+00  0.0000e+00 
8.4279e+02     0.0000e+00  0.0000e+00     0.0000e+00  0.0000e+00     0.0000e+00  0.0000e+00     0.0000e+00  0.0000e+00 
9.4563e+02     0.0000e+00  0.0000e+00     0.0000e+00  0.0000e+00     0.0000e+00  0.0000e+00     0.0000e+00  0.0000e+00 
1.0610e+03     0.0000e+00  0.0000e+00     0.0000e+00  0.0000e+00     0.0000e+00  0.0000e+00     0.0000e+00  0.0000e+00 
1.1905e+03     0.0000e+00  0.0000e+00     0.0000e+00  0.0000e+00     0.0000e+00  0.0000e+00     0.0000e+00  0.0000e+00 
1.3357e+03     0.0000e+00  0.0000e+00     0.0000e+00  0.0000e+00     0.0000e+00  0.0000e+00     0.0000e+00  0.0000e+00 
1.4987e+03     0.0000e+00  0.0000e+00     0.0000e+00  0.0000e+00     0.0000e+00  0.0000e+00     0.0000e+00  0.0000e+00 
1.6816e+03     0.0000e+00  0.0000e+00     0.0000e+00  0.0000e+00     0.0000e+00  0.0000e+00     0.0000e+00  0.0000e+00 
1.8868e+03     0.0000e+00  0.0000e+00     0.0000e+00  0.0000e+00     0.0000e+00  0.0000e+00     0.0000e+00  0.0000e+00 
2.1170e+03     0.0000e+00  0.0000e+00     0.0000e+00  0.0000e+00     0.0000e+00  0.0000e+00     0.0000e+00  0.0000e+00 
2.3753e+03     0.0000e+00  0.0000e+00     0.0000e+00  0.0000e+00     0.0000e+00  0.0000e+00     0.0000e+00  0.0000e+00 
2.6651e+03     0.0000e+00  0.0000e+00     0.0000e+00  0.0000e+00     0.0000e+00  0.0000e+00     0.0000e+00  0.0000e+00 
2.9903e+03     0.0000e+00  0.0000e+00     0.0000e+00  0.0000e+00     0.0000e+00  0.0000e+00     0.0000e+00  0.0000e+00 
3.3552e+03     0.0000e+00  0.0000e+00     0.0000e+00  0.0000e+00     0.0000e+00  0.0000e+00     0.0000e+00  0.0000e+00 
3.7646e+03     0.0000e+00  0.0000e+00     0.0000e+00  0.0000e+00     0.0000e+00  0.0000e+00     0.0000e+00  0.0000e+00 
4.2240e+03     0.0000e+00  0.0000e+00     0.0000e+00  0.0000e+00     0.0000e+00  0.0000e+00     0.0000e+00  0.0000e+00 
4.7394e+03     0.0000e+00  0.0000e+00     0.0000e+00  0.0000e+00     0.0000e+00  0.0000e+00     0.0000e+00  0.0000e+00 
5.3176e+03     0.0000e+00  0.0000e+00     0.0000e+00  0.0000e+00     0.0000e+00  0.0000e+00     0.0000e+00  0.0000e+00 
5.9665e+03     0.0000e+00  0.0000e+00     0.0000e+00  0.0000e+00     0.0000e+00  0.0000e+00     0.0000e+00  0.0000e+00 
6.6945e+03     0.0000e+00  0.0000e+00     0.0000e+00  0.0000e+00     0.0000e+00  0.0000e+00     0.0000e+00  0.0000e+00 
7.5114e+03     0.0000e+00  0.0000e+00     0.0000e+00  0.0000e+00     0.0000e+00  0.0000e+00     0.0000e+00  0.0000e+00 
8.4279e+03     0.0000e+00  0.0000e+00     0.0000e+00  0.0000e+00     0.0000e+00  0.0000e+00     0.0000e+00  0.0000e+00 
9.4563e+03     0.0000e+00  0.0000e+00     0.0000e+00  0.0000e+00     0.0000e+00  0.0000e+00     0.0000e+00  0.0000e+00 
