yF = 4.7714e+00 (std: 0.0000e+00) keV/um
yD = 2.4621e+01 (std: 0.0000e+00) keV/um
y (keV/um)     f(y)(std)                  yf(y)(std)                 d(y)(std)                  yd(y)(std)  
1.0610e-01     2.5196e+01  0.0000e+00     2.6733e+00  0.0000e+00     5.6027e-01  0.0000e+00     5.9445e-02  0.0000e+00 
1.1905e-01     1.9640e+00  0.0000e+00     2.3380e-01  0.0000e+00     4.9001e-02  0.0000e+00     5.8335e-03  0.0000e+00 
1.3357e-01     5.5527e-01  0.0000e+00     7.4169e-02  0.0000e+00     1.5545e-02  0.0000e+00     2.0763e-03  0.0000e+00 
1.4987e-01     2.7907e+00  0.0000e+00     4.1825e-01  0.0000e+00     8.7657e-02  0.0000e+00     1.3137e-02  0.0000e+00 
1.6816e-01     8.7921e-01  0.0000e+00     1.4785e-01  0.0000e+00     3.0986e-02  0.0000e+00     5.2106e-03  0.0000e+00 
1.8868e-01     6.2089e-01  0.0000e+00     1.1715e-01  0.0000e+00     2.4552e-02  0.0000e+00     4.6324e-03  0.0000e+00 
2.1170e-01     6.5720e-01  0.0000e+00     1.3913e-01  0.0000e+00     2.9159e-02  0.0000e+00     6.1729e-03  0.0000e+00 
2.3753e-01     6.0382e-01  0.0000e+00     1.4343e-01  0.0000e+00     3.0060e-02  0.0000e+00     7.1401e-03  0.0000e+00 
2.6651e-01     2.8659e-01  0.0000e+00     7.6380e-02  0.0000e+00     1.6008e-02  0.0000e+00     4.2663e-03  0.0000e+00 
2.9903e-01     2.4762e-01  0.0000e+00     7.4046e-02  0.0000e+00     1.5519e-02  0.0000e+00     4.6406e-03  0.0000e+00 
3.3552e-01     1.3366e+00  0.0000e+00     4.4845e-01  0.0000e+00     9.3988e-02  0.0000e+00     3.1535e-02  0.0000e+00 
3.7646e-01     9.2703e-01  0.0000e+00     3.4899e-01  0.0000e+00     7.3142e-02  0.0000e+00     2.7535e-02  0.0000e+00 
4.2240e-01     3.9886e-01  0.0000e+00     1.6848e-01  0.0000e+00     3.5310e-02  0.0000e+00     1.4915e-02  0.0000e+00 
4.7394e-01     3.6663e-01  0.0000e+00     1.7376e-01  0.0000e+00     3.6416e-02  0.0000e+00     1.7259e-02  0.0000e+00 
5.3176e-01     2.5979e-01  0.0000e+00     1.3815e-01  0.0000e+00     2.8953e-02  0.0000e+00     1.5396e-02  0.0000e+00 
5.9665e-01     1.3295e-01  0.0000e+00     7.9327e-02  0.0000e+00     1.6625e-02  0.0000e+00     9.9195e-03  0.0000e+00 
6.6945e-01     2.1168e-01  0.0000e+00     1.4171e-01  0.0000e+00     2.9699e-02  0.0000e+00     1.9882e-02  0.0000e+00 
7.5114e-01     1.9144e-01  0.0000e+00     1.4379e-01  0.0000e+00     3.0137e-02  0.0000e+00     2.2637e-02  0.0000e+00 
8.4279e-01     9.3541e-02  0.0000e+00     7.8835e-02  0.0000e+00     1.6522e-02  0.0000e+00     1.3925e-02  0.0000e+00 
9.4563e-01     5.7787e-02  0.0000e+00     5.4645e-02  0.0000e+00     1.1452e-02  0.0000e+00     1.0830e-02  0.0000e+00 
1.0610e+00     3.9003e-02  0.0000e+00     4.1382e-02  0.0000e+00     8.6730e-03  0.0000e+00     9.2021e-03  0.0000e+00 
1.1905e+00     2.3415e-02  0.0000e+00     2.7875e-02  0.0000e+00     5.8421e-03  0.0000e+00     6.9548e-03  0.0000e+00 
1.3357e+00     1.3882e-02  0.0000e+00     1.8542e-02  0.0000e+00     3.8861e-03  0.0000e+00     5.1908e-03  0.0000e+00 
1.4987e+00     7.2922e-03  0.0000e+00     1.0929e-02  0.0000e+00     2.2905e-03  0.0000e+00     3.4328e-03  0.0000e+00 
1.6816e+00     2.6289e-03  0.0000e+00     4.4207e-03  0.0000e+00     9.2649e-04  0.0000e+00     1.5580e-03  0.0000e+00 
1.8868e+00     6.5083e-04  0.0000e+00     1.2280e-03  0.0000e+00     2.5736e-04  0.0000e+00     4.8558e-04  0.0000e+00 
2.1170e+00     3.4803e-04  0.0000e+00     7.3678e-04  0.0000e+00     1.5442e-04  0.0000e+00     3.2690e-04  0.0000e+00 
2.3753e+00     1.0339e-04  0.0000e+00     2.4559e-04  0.0000e+00     5.1472e-05  0.0000e+00     1.2226e-04  0.0000e+00 
2.6651e+00     9.2150e-05  0.0000e+00     2.4559e-04  0.0000e+00     5.1472e-05  0.0000e+00     1.3718e-04  0.0000e+00 
2.9903e+00     0.0000e+00  0.0000e+00     0.0000e+00  0.0000e+00     0.0000e+00  0.0000e+00     0.0000e+00  0.0000e+00 
3.3552e+00     0.0000e+00  0.0000e+00     0.0000e+00  0.0000e+00     0.0000e+00  0.0000e+00     0.0000e+00  0.0000e+00 
3.7646e+00     0.0000e+00  0.0000e+00     0.0000e+00  0.0000e+00     0.0000e+00  0.0000e+00     0.0000e+00  0.0000e+00 
4.2240e+00     0.0000e+00  0.0000e+00     0.0000e+00  0.0000e+00     0.0000e+00  0.0000e+00     0.0000e+00  0.0000e+00 
4.7394e+00     0.0000e+00  0.0000e+00     0.0000e+00  0.0000e+00     0.0000e+00  0.0000e+00     0.0000e+00  0.0000e+00 
5.3176e+00     0.0000e+00  0.0000e+00     0.0000e+00  0.0000e+00     0.0000e+00  0.0000e+00     0.0000e+00  0.0000e+00 
5.9665e+00     1.1206e-01  0.0000e+00     6.6863e-01  0.0000e+00     1.4013e-01  0.0000e+00     8.3610e-01  0.0000e+00 
6.6945e+00     2.3791e-02  0.0000e+00     1.5927e-01  0.0000e+00     3.3380e-02  0.0000e+00     2.2346e-01  0.0000e+00 
7.5114e+00     6.2777e-03  0.0000e+00     4.7154e-02  0.0000e+00     9.8826e-03  0.0000e+00     7.4232e-02  0.0000e+00 
8.4279e+00     2.7378e-02  0.0000e+00     2.3074e-01  0.0000e+00     4.8358e-02  0.0000e+00     4.0755e-01  0.0000e+00 
9.4563e+00     1.6739e-02  0.0000e+00     1.5828e-01  0.0000e+00     3.3174e-02  0.0000e+00     3.1370e-01  0.0000e+00 
1.0610e+01     2.4200e-02  0.0000e+00     2.5677e-01  0.0000e+00     5.3814e-02  0.0000e+00     5.7097e-01  0.0000e+00 
1.1905e+01     1.6865e-02  0.0000e+00     2.0077e-01  0.0000e+00     4.2078e-02  0.0000e+00     5.0093e-01  0.0000e+00 
1.3357e+01     1.2769e-02  0.0000e+00     1.7056e-01  0.0000e+00     3.5747e-02  0.0000e+00     4.7749e-01  0.0000e+00 
1.4987e+01     7.3905e-03  0.0000e+00     1.1076e-01  0.0000e+00     2.3214e-02  0.0000e+00     3.4791e-01  0.0000e+00 
1.6816e+01     5.2797e-03  0.0000e+00     8.8782e-02  0.0000e+00     1.8607e-02  0.0000e+00     3.1289e-01  0.0000e+00 
1.8868e+01     4.2434e-03  0.0000e+00     8.0063e-02  0.0000e+00     1.6780e-02  0.0000e+00     3.1660e-01  0.0000e+00 
2.1170e+01     4.1358e-03  0.0000e+00     8.7554e-02  0.0000e+00     1.8350e-02  0.0000e+00     3.8846e-01  0.0000e+00 
2.3753e+01     3.7170e-03  0.0000e+00     8.8291e-02  0.0000e+00     1.8504e-02  0.0000e+00     4.3953e-01  0.0000e+00 
2.6651e+01     2.4835e-03  0.0000e+00     6.6187e-02  0.0000e+00     1.3872e-02  0.0000e+00     3.6970e-01  0.0000e+00 
2.9903e+01     1.8849e-03  0.0000e+00     5.6364e-02  0.0000e+00     1.1813e-02  0.0000e+00     3.5324e-01  0.0000e+00 
3.3552e+01     1.5811e-03  0.0000e+00     5.3048e-02  0.0000e+00     1.1118e-02  0.0000e+00     3.7303e-01  0.0000e+00 
3.7646e+01     1.2199e-03  0.0000e+00     4.5926e-02  0.0000e+00     9.6252e-03  0.0000e+00     3.6235e-01  0.0000e+00 
4.2240e+01     8.7796e-04  0.0000e+00     3.7085e-02  0.0000e+00     7.7723e-03  0.0000e+00     3.2830e-01  0.0000e+00 
4.7394e+01     7.3066e-04  0.0000e+00     3.4629e-02  0.0000e+00     7.2575e-03  0.0000e+00     3.4396e-01  0.0000e+00 
5.3176e+01     4.5492e-04  0.0000e+00     2.4191e-02  0.0000e+00     5.0700e-03  0.0000e+00     2.6960e-01  0.0000e+00 
5.9665e+01     3.1077e-04  0.0000e+00     1.8542e-02  0.0000e+00     3.8861e-03  0.0000e+00     2.3187e-01  0.0000e+00 
6.6945e+01     2.0911e-04  0.0000e+00     1.3999e-02  0.0000e+00     2.9339e-03  0.0000e+00     1.9641e-01  0.0000e+00 
7.5114e+01     9.6454e-05  0.0000e+00     7.2450e-03  0.0000e+00     1.5184e-03  0.0000e+00     1.1405e-01  0.0000e+00 
8.4279e+01     7.7222e-05  0.0000e+00     6.5082e-03  0.0000e+00     1.3640e-03  0.0000e+00     1.1496e-01  0.0000e+00 
9.4563e+01     2.9867e-05  0.0000e+00     2.8243e-03  0.0000e+00     5.9193e-04  0.0000e+00     5.5974e-02  0.0000e+00 
1.0610e+02     1.2731e-05  0.0000e+00     1.3508e-03  0.0000e+00     2.8310e-04  0.0000e+00     3.0037e-02  0.0000e+00 
1.1905e+02     6.1890e-06  0.0000e+00     7.3678e-04  0.0000e+00     1.5442e-04  0.0000e+00     1.8383e-02  0.0000e+00 
1.3357e+02     0.0000e+00  0.0000e+00     0.0000e+00  0.0000e+00     0.0000e+00  0.0000e+00     0.0000e+00  0.0000e+00 
1.4987e+02     0.0000e+00  0.0000e+00     0.0000e+00  0.0000e+00     0.0000e+00  0.0000e+00     0.0000e+00  0.0000e+00 
1.6816e+02     0.0000e+00  0.0000e+00     0.0000e+00  0.0000e+00     0.0000e+00  0.0000e+00     0.0000e+00  0.0000e+00 
1.8868e+02     0.0000e+00  0.0000e+00     0.0000e+00  0.0000e+00     0.0000e+00  0.0000e+00     0.0000e+00  0.0000e+00 
2.1170e+02     0.0000e+00  0.0000e+00     0.0000e+00  0.0000e+00     0.0000e+00  0.0000e+00     0.0000e+00  0.0000e+00 
2.3753e+02     0.0000e+00  0.0000e+00     0.0000e+00  0.0000e+00     0.0000e+00  0.0000e+00     0.0000e+00  0.0000e+00 
2.6651e+02     0.0000e+00  0.0000e+00     0.0000e+00  0.0000e+00     0.0000e+00  0.0000e+00     0.0000e+00  0.0000e+00 
2.9903e+02     0.0000e+00  0.0000e+00     0.0000e+00  0.0000e+00     0.0000e+00  0.0000e+00     0.0000e+00  0.0000e+00 
3.3552e+02     0.0000e+00  0.0000e+00     0.0000e+00  0.0000e+00     0.0000e+00  0.0000e+00     0.0000e+00  0.0000e+00 
3.7646e+02     0.0000e+00  0.0000e+00     0.0000e+00  0.0000e+00     0.0000e+00  0.0000e+00     0.0000e+00  0.0000e+00 
4.2240e+02     0.0000e+00  0.0000e+00     0.0000e+00  0.0000e+00     0.0000e+00  0.0000e+00     0.0000e+00  0.0000e+00 
4.7394e+02     0.0000e+00  0.0000e+00     0.0000e+00  0.0000e+00     0.0000e+00  0.0000e+00     0.0000e+00  0.0000e+00 
5.3176e+02     0.0000e+00  0.0000e+00     0.0000e+00  0.0000e+00     0.0000e+00  0.0000e+00     0.0000e+00  0.0000e+00 
5.9665e+02     0.0000e+00  0.0000e+00     0.0000e+00  0.0000e+00     0.0000e+00  0.0000e+00     0.0000e+00  0.0000e+00 
6.6945e+02     0.0000e+00  0.0000e+00     0.0000e+00  0.0000e+00     0.0000e+00  0.0000e+00     0.0000e+00  0.0000e+00 
7.5114e+02     0.0000e+00  0.0000e+00     0.0000e+00  0.0000e+00     0.0000e+00  0.0000e+00     0.0000e+00  0.0000e+00 
8.4279e+02     0.0000e+00  0.0000e+00     0.0000e+00  0.0000e+00     0.0000e+00  0.0000e+00     0.0000e+00  0.0000e+00 
9.4563e+02     0.0000e+00  0.0000e+00     0.0000e+00  0.0000e+00     0.0000e+00  0.0000e+00     0.0000e+00  0.0000e+00 
1.0610e+03     0.0000e+00  0.0000e+00     0.0000e+00  0.0000e+00     0.0000e+00  0.0000e+00     0.0000e+00  0.0000e+00 
1.1905e+03     0.0000e+00  0.0000e+00     0.0000e+00  0.0000e+00     0.0000e+00  0.0000e+00     0.0000e+00  0.0000e+00 
1.3357e+03     0.0000e+00  0.0000e+00     0.0000e+00  0.0000e+00     0.0000e+00  0.0000e+00     0.0000e+00  0.0000e+00 
1.4987e+03     0.0000e+00  0.0000e+00     0.0000e+00  0.0000e+00     0.0000e+00  0.0000e+00     0.0000e+00  0.0000e+00 
1.6816e+03     0.0000e+00  0.0000e+00     0.0000e+00  0.0000e+00     0.0000e+00  0.0000e+00     0.0000e+00  0.0000e+00 
1.8868e+03     0.0000e+00  0.0000e+00     0.0000e+00  0.0000e+00     0.0000e+00  0.0000e+00     0.0000e+00  0.0000e+00 
2.1170e+03     0.0000e+00  0.0000e+00     0.0000e+00  0.0000e+00     0.0000e+00  0.0000e+00     0.0000e+00  0.0000e+00 
2.3753e+03     0.0000e+00  0.0000e+00     0.0000e+00  0.0000e+00     0.0000e+00  0.0000e+00     0.0000e+00  0.0000e+00 
2.6651e+03     0.0000e+00  0.0000e+00     0.0000e+00  0.0000e+00     0.0000e+00  0.0000e+00     0.0000e+00  0.0000e+00 
2.9903e+03     0.0000e+00  0.0000e+00     0.0000e+00  0.0000e+00     0.0000e+00  0.0000e+00     0.0000e+00  0.0000e+00 
3.3552e+03     0.0000e+00  0.0000e+00     0.0000e+00  0.0000e+00     0.0000e+00  0.0000e+00     0.0000e+00  0.0000e+00 
3.7646e+03     0.0000e+00  0.0000e+00     0.0000e+00  0.0000e+00     0.0000e+00  0.0000e+00     0.0000e+00  0.0000e+00 
4.2240e+03     0.0000e+00  0.0000e+00     0.0000e+00  0.0000e+00     0.0000e+00  0.0000e+00     0.0000e+00  0.0000e+00 
4.7394e+03     0.0000e+00  0.0000e+00     0.0000e+00  0.0000e+00     0.0000e+00  0.0000e+00     0.0000e+00  0.0000e+00 
5.3176e+03     0.0000e+00  0.0000e+00     0.0000e+00  0.0000e+00     0.0000e+00  0.0000e+00     0.0000e+00  0.0000e+00 
5.9665e+03     0.0000e+00  0.0000e+00     0.0000e+00  0.0000e+00     0.0000e+00  0.0000e+00     0.0000e+00  0.0000e+00 
6.6945e+03     0.0000e+00  0.0000e+00     0.0000e+00  0.0000e+00     0.0000e+00  0.0000e+00     0.0000e+00  0.0000e+00 
7.5114e+03     0.0000e+00  0.0000e+00     0.0000e+00  0.0000e+00     0.0000e+00  0.0000e+00     0.0000e+00  0.0000e+00 
8.4279e+03     0.0000e+00  0.0000e+00     0.0000e+00  0.0000e+00     0.0000e+00  0.0000e+00     0.0000e+00  0.0000e+00 
9.4563e+03     0.0000e+00  0.0000e+00     0.0000e+00  0.0000e+00     0.0000e+00  0.0000e+00     0.0000e+00  0.0000e+00 
