yF = 1.4619e+01 (std: 0.0000e+00) keV/um
yD = 2.6257e+01 (std: 0.0000e+00) keV/um
y (keV/um)     f(y)(std)                  yf(y)(std)                 d(y)(std)                  yd(y)(std)  
1.0610e-01     9.6667e+00  0.0000e+00     1.0256e+00  0.0000e+00     7.0158e-02  0.0000e+00     7.4439e-03  0.0000e+00 
1.1905e-01     5.8476e-01  0.0000e+00     6.9615e-02  0.0000e+00     4.7619e-03  0.0000e+00     5.6689e-04  0.0000e+00 
1.3357e-01     1.5499e-01  0.0000e+00     2.0703e-02  0.0000e+00     1.4162e-03  0.0000e+00     1.8916e-04  0.0000e+00 
1.4987e-01     7.4774e-01  0.0000e+00     1.1207e-01  0.0000e+00     7.6657e-03  0.0000e+00     1.1489e-03  0.0000e+00 
1.6816e-01     2.1991e-01  0.0000e+00     3.6979e-02  0.0000e+00     2.5295e-03  0.0000e+00     4.2536e-04  0.0000e+00 
1.8868e-01     1.3355e-01  0.0000e+00     2.5198e-02  0.0000e+00     1.7237e-03  0.0000e+00     3.2521e-04  0.0000e+00 
2.1170e-01     1.5072e-01  0.0000e+00     3.1907e-02  0.0000e+00     2.1825e-03  0.0000e+00     4.6204e-04  0.0000e+00 
2.3753e-01     1.3415e-01  0.0000e+00     3.1865e-02  0.0000e+00     2.1797e-03  0.0000e+00     5.1775e-04  0.0000e+00 
2.6651e-01     5.8286e-02  0.0000e+00     1.5534e-02  0.0000e+00     1.0626e-03  0.0000e+00     2.8320e-04  0.0000e+00 
2.9903e-01     4.4868e-02  0.0000e+00     1.3417e-02  0.0000e+00     9.1778e-04  0.0000e+00     2.7445e-04  0.0000e+00 
3.3552e-01     2.2633e-01  0.0000e+00     7.5938e-02  0.0000e+00     5.1945e-03  0.0000e+00     1.7429e-03  0.0000e+00 
3.7646e-01     1.3274e-01  0.0000e+00     4.9970e-02  0.0000e+00     3.4182e-03  0.0000e+00     1.2868e-03  0.0000e+00 
4.2240e-01     6.1706e-02  0.0000e+00     2.6064e-02  0.0000e+00     1.7829e-03  0.0000e+00     7.5309e-04  0.0000e+00 
4.7394e-01     5.7925e-02  0.0000e+00     2.7453e-02  0.0000e+00     1.8779e-03  0.0000e+00     8.8999e-04  0.0000e+00 
5.3176e-01     3.5443e-02  0.0000e+00     1.8847e-02  0.0000e+00     1.2892e-03  0.0000e+00     6.8556e-04  0.0000e+00 
5.9665e-01     1.9930e-02  0.0000e+00     1.1891e-02  0.0000e+00     8.1340e-04  0.0000e+00     4.8532e-04  0.0000e+00 
6.6945e-01     2.4867e-02  0.0000e+00     1.6648e-02  0.0000e+00     1.1388e-03  0.0000e+00     7.6235e-04  0.0000e+00 
7.5114e-01     2.1468e-02  0.0000e+00     1.6125e-02  0.0000e+00     1.1030e-03  0.0000e+00     8.2853e-04  0.0000e+00 
8.4279e-01     1.1956e-02  0.0000e+00     1.0077e-02  0.0000e+00     6.8927e-04  0.0000e+00     5.8091e-04  0.0000e+00 
9.4563e-01     6.8762e-03  0.0000e+00     6.5023e-03  0.0000e+00     4.4478e-04  0.0000e+00     4.2060e-04  0.0000e+00 
1.0610e+00     5.0401e-03  0.0000e+00     5.3476e-03  0.0000e+00     3.6580e-04  0.0000e+00     3.8811e-04  0.0000e+00 
1.1905e+00     2.7829e-03  0.0000e+00     3.3130e-03  0.0000e+00     2.2662e-04  0.0000e+00     2.6979e-04  0.0000e+00 
1.3357e+00     1.5540e-03  0.0000e+00     2.0758e-03  0.0000e+00     1.4199e-04  0.0000e+00     1.8966e-04  0.0000e+00 
1.4987e+00     8.8973e-04  0.0000e+00     1.3335e-03  0.0000e+00     9.1214e-05  0.0000e+00     1.3670e-04  0.0000e+00 
1.6816e+00     3.5970e-04  0.0000e+00     6.0487e-04  0.0000e+00     4.1375e-05  0.0000e+00     6.9576e-05  0.0000e+00 
1.8868e+00     2.4044e-04  0.0000e+00     4.5365e-04  0.0000e+00     3.1031e-05  0.0000e+00     5.8549e-05  0.0000e+00 
2.1170e+00     7.1430e-05  0.0000e+00     1.5122e-04  0.0000e+00     1.0344e-05  0.0000e+00     2.1898e-05  0.0000e+00 
2.3753e+00     1.1575e-05  0.0000e+00     2.7494e-05  0.0000e+00     1.8807e-06  0.0000e+00     4.4672e-06  0.0000e+00 
2.6651e+00     5.1581e-06  0.0000e+00     1.3747e-05  0.0000e+00     9.4035e-07  0.0000e+00     2.5062e-06  0.0000e+00 
2.9903e+00     0.0000e+00  0.0000e+00     0.0000e+00  0.0000e+00     0.0000e+00  0.0000e+00     0.0000e+00  0.0000e+00 
3.3552e+00     4.0972e-06  0.0000e+00     1.3747e-05  0.0000e+00     9.4035e-07  0.0000e+00     3.1551e-06  0.0000e+00 
3.7646e+00     0.0000e+00  0.0000e+00     0.0000e+00  0.0000e+00     0.0000e+00  0.0000e+00     0.0000e+00  0.0000e+00 
4.2240e+00     0.0000e+00  0.0000e+00     0.0000e+00  0.0000e+00     0.0000e+00  0.0000e+00     0.0000e+00  0.0000e+00 
4.7394e+00     0.0000e+00  0.0000e+00     0.0000e+00  0.0000e+00     0.0000e+00  0.0000e+00     0.0000e+00  0.0000e+00 
5.3176e+00     0.0000e+00  0.0000e+00     0.0000e+00  0.0000e+00     0.0000e+00  0.0000e+00     0.0000e+00  0.0000e+00 
5.9665e+00     9.8382e-03  0.0000e+00     5.8699e-02  0.0000e+00     4.0153e-03  0.0000e+00     2.3957e-02  0.0000e+00 
6.6945e+00     8.5239e-03  0.0000e+00     5.7064e-02  0.0000e+00     3.9034e-03  0.0000e+00     2.6131e-02  0.0000e+00 
7.5114e+00     7.1431e-03  0.0000e+00     5.3654e-02  0.0000e+00     3.6702e-03  0.0000e+00     2.7568e-02  0.0000e+00 
8.4279e+00     1.2862e-01  0.0000e+00     1.0840e+00  0.0000e+00     7.4152e-02  0.0000e+00     6.2495e-01  0.0000e+00 
9.4563e+00     3.9290e-02  0.0000e+00     3.7154e-01  0.0000e+00     2.5415e-02  0.0000e+00     2.4033e-01  0.0000e+00 
1.0610e+01     8.6360e-02  0.0000e+00     9.1629e-01  0.0000e+00     6.2678e-02  0.0000e+00     6.6502e-01  0.0000e+00 
1.1905e+01     5.5341e-02  0.0000e+00     6.5882e-01  0.0000e+00     4.5066e-02  0.0000e+00     5.3650e-01  0.0000e+00 
1.3357e+01     5.1071e-02  0.0000e+00     6.8216e-01  0.0000e+00     4.6663e-02  0.0000e+00     6.2329e-01  0.0000e+00 
1.4987e+01     2.8703e-02  0.0000e+00     4.3017e-01  0.0000e+00     2.9425e-02  0.0000e+00     4.4100e-01  0.0000e+00 
1.6816e+01     1.8673e-02  0.0000e+00     3.1401e-01  0.0000e+00     2.1479e-02  0.0000e+00     3.6120e-01  0.0000e+00 
1.8868e+01     1.9368e-02  0.0000e+00     3.6542e-01  0.0000e+00     2.4996e-02  0.0000e+00     4.7162e-01  0.0000e+00 
2.1170e+01     1.1784e-02  0.0000e+00     2.4947e-01  0.0000e+00     1.7064e-02  0.0000e+00     3.6125e-01  0.0000e+00 
2.3753e+01     1.0779e-02  0.0000e+00     2.5602e-01  0.0000e+00     1.7513e-02  0.0000e+00     4.1599e-01  0.0000e+00 
2.6651e+01     2.2970e-02  0.0000e+00     6.1218e-01  0.0000e+00     4.1876e-02  0.0000e+00     1.1160e+00  0.0000e+00 
2.9903e+01     5.4766e-03  0.0000e+00     1.6377e-01  0.0000e+00     1.1202e-02  0.0000e+00     3.3499e-01  0.0000e+00 
3.3552e+01     5.1428e-03  0.0000e+00     1.7255e-01  0.0000e+00     1.1803e-02  0.0000e+00     3.9602e-01  0.0000e+00 
3.7646e+01     4.0840e-03  0.0000e+00     1.5375e-01  0.0000e+00     1.0517e-02  0.0000e+00     3.9592e-01  0.0000e+00 
4.2240e+01     2.8978e-03  0.0000e+00     1.2240e-01  0.0000e+00     8.3729e-03  0.0000e+00     3.5367e-01  0.0000e+00 
4.7394e+01     2.2416e-03  0.0000e+00     1.0624e-01  0.0000e+00     7.2670e-03  0.0000e+00     3.4441e-01  0.0000e+00 
5.3176e+01     1.4940e-03  0.0000e+00     7.9444e-02  0.0000e+00     5.4343e-03  0.0000e+00     2.8898e-01  0.0000e+00 
5.9665e+01     9.4926e-04  0.0000e+00     5.6637e-02  0.0000e+00     3.8742e-03  0.0000e+00     2.3116e-01  0.0000e+00 
6.6945e+01     5.1542e-04  0.0000e+00     3.4505e-02  0.0000e+00     2.3603e-03  0.0000e+00     1.5801e-01  0.0000e+00 
7.5114e+01     2.6556e-04  0.0000e+00     1.9947e-02  0.0000e+00     1.3644e-03  0.0000e+00     1.0249e-01  0.0000e+00 
8.4279e+01     1.2592e-04  0.0000e+00     1.0613e-02  0.0000e+00     7.2595e-04  0.0000e+00     6.1182e-02  0.0000e+00 
9.4563e+01     5.9603e-05  0.0000e+00     5.6362e-03  0.0000e+00     3.8554e-04  0.0000e+00     3.6458e-02  0.0000e+00 
1.0610e+02     2.8245e-05  0.0000e+00     2.9968e-03  0.0000e+00     2.0500e-04  0.0000e+00     2.1750e-02  0.0000e+00 
1.1905e+02     9.9308e-06  0.0000e+00     1.1822e-03  0.0000e+00     8.0870e-05  0.0000e+00     9.6273e-03  0.0000e+00 
1.3357e+02     3.0875e-06  0.0000e+00     4.1241e-04  0.0000e+00     2.8210e-05  0.0000e+00     3.7682e-03  0.0000e+00 
1.4987e+02     5.5035e-07  0.0000e+00     8.2482e-05  0.0000e+00     5.6421e-06  0.0000e+00     8.4559e-04  0.0000e+00 
1.6816e+02     8.1750e-08  0.0000e+00     1.3747e-05  0.0000e+00     9.4035e-07  0.0000e+00     1.5813e-04  0.0000e+00 
1.8868e+02     0.0000e+00  0.0000e+00     0.0000e+00  0.0000e+00     0.0000e+00  0.0000e+00     0.0000e+00  0.0000e+00 
2.1170e+02     0.0000e+00  0.0000e+00     0.0000e+00  0.0000e+00     0.0000e+00  0.0000e+00     0.0000e+00  0.0000e+00 
2.3753e+02     0.0000e+00  0.0000e+00     0.0000e+00  0.0000e+00     0.0000e+00  0.0000e+00     0.0000e+00  0.0000e+00 
2.6651e+02     0.0000e+00  0.0000e+00     0.0000e+00  0.0000e+00     0.0000e+00  0.0000e+00     0.0000e+00  0.0000e+00 
2.9903e+02     0.0000e+00  0.0000e+00     0.0000e+00  0.0000e+00     0.0000e+00  0.0000e+00     0.0000e+00  0.0000e+00 
3.3552e+02     0.0000e+00  0.0000e+00     0.0000e+00  0.0000e+00     0.0000e+00  0.0000e+00     0.0000e+00  0.0000e+00 
3.7646e+02     0.0000e+00  0.0000e+00     0.0000e+00  0.0000e+00     0.0000e+00  0.0000e+00     0.0000e+00  0.0000e+00 
4.2240e+02     0.0000e+00  0.0000e+00     0.0000e+00  0.0000e+00     0.0000e+00  0.0000e+00     0.0000e+00  0.0000e+00 
4.7394e+02     0.0000e+00  0.0000e+00     0.0000e+00  0.0000e+00     0.0000e+00  0.0000e+00     0.0000e+00  0.0000e+00 
5.3176e+02     0.0000e+00  0.0000e+00     0.0000e+00  0.0000e+00     0.0000e+00  0.0000e+00     0.0000e+00  0.0000e+00 
5.9665e+02     0.0000e+00  0.0000e+00     0.0000e+00  0.0000e+00     0.0000e+00  0.0000e+00     0.0000e+00  0.0000e+00 
6.6945e+02     0.0000e+00  0.0000e+00     0.0000e+00  0.0000e+00     0.0000e+00  0.0000e+00     0.0000e+00  0.0000e+00 
7.5114e+02     0.0000e+00  0.0000e+00     0.0000e+00  0.0000e+00     0.0000e+00  0.0000e+00     0.0000e+00  0.0000e+00 
8.4279e+02     0.0000e+00  0.0000e+00     0.0000e+00  0.0000e+00     0.0000e+00  0.0000e+00     0.0000e+00  0.0000e+00 
9.4563e+02     0.0000e+00  0.0000e+00     0.0000e+00  0.0000e+00     0.0000e+00  0.0000e+00     0.0000e+00  0.0000e+00 
1.0610e+03     0.0000e+00  0.0000e+00     0.0000e+00  0.0000e+00     0.0000e+00  0.0000e+00     0.0000e+00  0.0000e+00 
1.1905e+03     0.0000e+00  0.0000e+00     0.0000e+00  0.0000e+00     0.0000e+00  0.0000e+00     0.0000e+00  0.0000e+00 
1.3357e+03     0.0000e+00  0.0000e+00     0.0000e+00  0.0000e+00     0.0000e+00  0.0000e+00     0.0000e+00  0.0000e+00 
1.4987e+03     0.0000e+00  0.0000e+00     0.0000e+00  0.0000e+00     0.0000e+00  0.0000e+00     0.0000e+00  0.0000e+00 
1.6816e+03     0.0000e+00  0.0000e+00     0.0000e+00  0.0000e+00     0.0000e+00  0.0000e+00     0.0000e+00  0.0000e+00 
1.8868e+03     0.0000e+00  0.0000e+00     0.0000e+00  0.0000e+00     0.0000e+00  0.0000e+00     0.0000e+00  0.0000e+00 
2.1170e+03     0.0000e+00  0.0000e+00     0.0000e+00  0.0000e+00     0.0000e+00  0.0000e+00     0.0000e+00  0.0000e+00 
2.3753e+03     0.0000e+00  0.0000e+00     0.0000e+00  0.0000e+00     0.0000e+00  0.0000e+00     0.0000e+00  0.0000e+00 
2.6651e+03     0.0000e+00  0.0000e+00     0.0000e+00  0.0000e+00     0.0000e+00  0.0000e+00     0.0000e+00  0.0000e+00 
2.9903e+03     0.0000e+00  0.0000e+00     0.0000e+00  0.0000e+00     0.0000e+00  0.0000e+00     0.0000e+00  0.0000e+00 
3.3552e+03     0.0000e+00  0.0000e+00     0.0000e+00  0.0000e+00     0.0000e+00  0.0000e+00     0.0000e+00  0.0000e+00 
3.7646e+03     0.0000e+00  0.0000e+00     0.0000e+00  0.0000e+00     0.0000e+00  0.0000e+00     0.0000e+00  0.0000e+00 
4.2240e+03     0.0000e+00  0.0000e+00     0.0000e+00  0.0000e+00     0.0000e+00  0.0000e+00     0.0000e+00  0.0000e+00 
4.7394e+03     0.0000e+00  0.0000e+00     0.0000e+00  0.0000e+00     0.0000e+00  0.0000e+00     0.0000e+00  0.0000e+00 
5.3176e+03     0.0000e+00  0.0000e+00     0.0000e+00  0.0000e+00     0.0000e+00  0.0000e+00     0.0000e+00  0.0000e+00 
5.9665e+03     0.0000e+00  0.0000e+00     0.0000e+00  0.0000e+00     0.0000e+00  0.0000e+00     0.0000e+00  0.0000e+00 
6.6945e+03     0.0000e+00  0.0000e+00     0.0000e+00  0.0000e+00     0.0000e+00  0.0000e+00     0.0000e+00  0.0000e+00 
7.5114e+03     0.0000e+00  0.0000e+00     0.0000e+00  0.0000e+00     0.0000e+00  0.0000e+00     0.0000e+00  0.0000e+00 
8.4279e+03     0.0000e+00  0.0000e+00     0.0000e+00  0.0000e+00     0.0000e+00  0.0000e+00     0.0000e+00  0.0000e+00 
9.4563e+03     0.0000e+00  0.0000e+00     0.0000e+00  0.0000e+00     0.0000e+00  0.0000e+00     0.0000e+00  0.0000e+00 
