yF = 7.0436e+00 (std: 0.0000e+00) keV/um
yD = 2.4417e+01 (std: 0.0000e+00) keV/um
y (keV/um)     f(y)(std)                  yf(y)(std)                 d(y)(std)                  yd(y)(std)  
1.0610e-01     2.2196e+01  0.0000e+00     2.3550e+00  0.0000e+00     3.3434e-01  0.0000e+00     3.5474e-02  0.0000e+00 
1.1905e-01     1.6088e+00  0.0000e+00     1.9153e-01  0.0000e+00     2.7191e-02  0.0000e+00     3.2371e-03  0.0000e+00 
1.3357e-01     4.7509e-01  0.0000e+00     6.3459e-02  0.0000e+00     9.0095e-03  0.0000e+00     1.2034e-03  0.0000e+00 
1.4987e-01     2.3631e+00  0.0000e+00     3.5417e-01  0.0000e+00     5.0282e-02  0.0000e+00     7.5358e-03  0.0000e+00 
1.6816e-01     7.2982e-01  0.0000e+00     1.2273e-01  0.0000e+00     1.7424e-02  0.0000e+00     2.9299e-03  0.0000e+00 
1.8868e-01     4.8518e-01  0.0000e+00     9.1542e-02  0.0000e+00     1.2996e-02  0.0000e+00     2.4521e-03  0.0000e+00 
2.1170e-01     5.3632e-01  0.0000e+00     1.1354e-01  0.0000e+00     1.6119e-02  0.0000e+00     3.4124e-03  0.0000e+00 
2.3753e-01     4.9129e-01  0.0000e+00     1.1670e-01  0.0000e+00     1.6568e-02  0.0000e+00     3.9353e-03  0.0000e+00 
2.6651e-01     2.2346e-01  0.0000e+00     5.9554e-02  0.0000e+00     8.4550e-03  0.0000e+00     2.2534e-03  0.0000e+00 
2.9903e-01     1.9474e-01  0.0000e+00     5.8233e-02  0.0000e+00     8.2675e-03  0.0000e+00     2.4723e-03  0.0000e+00 
3.3552e-01     1.0886e+00  0.0000e+00     3.6525e-01  0.0000e+00     5.1855e-02  0.0000e+00     1.7399e-02  0.0000e+00 
3.7646e-01     6.8648e-01  0.0000e+00     2.5843e-01  0.0000e+00     3.6690e-02  0.0000e+00     1.3812e-02  0.0000e+00 
4.2240e-01     3.1625e-01  0.0000e+00     1.3358e-01  0.0000e+00     1.8965e-02  0.0000e+00     8.0106e-03  0.0000e+00 
4.7394e-01     2.9361e-01  0.0000e+00     1.3915e-01  0.0000e+00     1.9756e-02  0.0000e+00     9.3629e-03  0.0000e+00 
5.3176e-01     1.9375e-01  0.0000e+00     1.0303e-01  0.0000e+00     1.4627e-02  0.0000e+00     7.7782e-03  0.0000e+00 
5.9665e-01     9.6734e-02  0.0000e+00     5.7716e-02  0.0000e+00     8.1941e-03  0.0000e+00     4.8890e-03  0.0000e+00 
6.6945e-01     1.5338e-01  0.0000e+00     1.0268e-01  0.0000e+00     1.4578e-02  0.0000e+00     9.7594e-03  0.0000e+00 
7.5114e-01     1.3854e-01  0.0000e+00     1.0406e-01  0.0000e+00     1.4774e-02  0.0000e+00     1.1097e-02  0.0000e+00 
8.4279e-01     6.4462e-02  0.0000e+00     5.4328e-02  0.0000e+00     7.7131e-03  0.0000e+00     6.5005e-03  0.0000e+00 
9.4563e-01     4.1055e-02  0.0000e+00     3.8822e-02  0.0000e+00     5.5117e-03  0.0000e+00     5.2120e-03  0.0000e+00 
1.0610e+00     3.2260e-02  0.0000e+00     3.4228e-02  0.0000e+00     4.8594e-03  0.0000e+00     5.1559e-03  0.0000e+00 
1.1905e+00     1.5003e-02  0.0000e+00     1.7861e-02  0.0000e+00     2.5357e-03  0.0000e+00     3.0187e-03  0.0000e+00 
1.3357e+00     9.4588e-03  0.0000e+00     1.2634e-02  0.0000e+00     1.7937e-03  0.0000e+00     2.3960e-03  0.0000e+00 
1.4987e+00     4.8282e-03  0.0000e+00     7.2361e-03  0.0000e+00     1.0273e-03  0.0000e+00     1.5397e-03  0.0000e+00 
1.6816e+00     1.7417e-03  0.0000e+00     2.9289e-03  0.0000e+00     4.1582e-04  0.0000e+00     6.9924e-04  0.0000e+00 
1.8868e+00     7.6095e-04  0.0000e+00     1.4357e-03  0.0000e+00     2.0383e-04  0.0000e+00     3.8459e-04  0.0000e+00 
2.1170e+00     3.7979e-04  0.0000e+00     8.0401e-04  0.0000e+00     1.1415e-04  0.0000e+00     2.4165e-04  0.0000e+00 
2.3753e+00     1.2089e-04  0.0000e+00     2.8715e-04  0.0000e+00     4.0767e-05  0.0000e+00     9.6834e-05  0.0000e+00 
2.6651e+00     0.0000e+00  0.0000e+00     0.0000e+00  0.0000e+00     0.0000e+00  0.0000e+00     0.0000e+00  0.0000e+00 
2.9903e+00     0.0000e+00  0.0000e+00     0.0000e+00  0.0000e+00     0.0000e+00  0.0000e+00     0.0000e+00  0.0000e+00 
3.3552e+00     0.0000e+00  0.0000e+00     0.0000e+00  0.0000e+00     0.0000e+00  0.0000e+00     0.0000e+00  0.0000e+00 
3.7646e+00     0.0000e+00  0.0000e+00     0.0000e+00  0.0000e+00     0.0000e+00  0.0000e+00     0.0000e+00  0.0000e+00 
4.2240e+00     0.0000e+00  0.0000e+00     0.0000e+00  0.0000e+00     0.0000e+00  0.0000e+00     0.0000e+00  0.0000e+00 
4.7394e+00     0.0000e+00  0.0000e+00     0.0000e+00  0.0000e+00     0.0000e+00  0.0000e+00     0.0000e+00  0.0000e+00 
5.3176e+00     0.0000e+00  0.0000e+00     0.0000e+00  0.0000e+00     0.0000e+00  0.0000e+00     0.0000e+00  0.0000e+00 
5.9665e+00     6.6107e-02  0.0000e+00     3.9442e-01  0.0000e+00     5.5997e-02  0.0000e+00     3.3411e-01  0.0000e+00 
6.6945e+00     1.8247e-02  0.0000e+00     1.2215e-01  0.0000e+00     1.7342e-02  0.0000e+00     1.1610e-01  0.0000e+00 
7.5114e+00     6.6135e-03  0.0000e+00     4.9676e-02  0.0000e+00     7.0527e-03  0.0000e+00     5.2975e-02  0.0000e+00 
8.4279e+00     4.5444e-02  0.0000e+00     3.8300e-01  0.0000e+00     5.4375e-02  0.0000e+00     4.5826e-01  0.0000e+00 
9.4563e+00     2.4608e-02  0.0000e+00     2.3270e-01  0.0000e+00     3.3037e-02  0.0000e+00     3.1241e-01  0.0000e+00 
1.0610e+01     4.1575e-02  0.0000e+00     4.4111e-01  0.0000e+00     6.2626e-02  0.0000e+00     6.6447e-01  0.0000e+00 
1.1905e+01     3.0532e-02  0.0000e+00     3.6347e-01  0.0000e+00     5.1603e-02  0.0000e+00     6.1431e-01  0.0000e+00 
1.3357e+01     2.6541e-02  0.0000e+00     3.5451e-01  0.0000e+00     5.0331e-02  0.0000e+00     6.7228e-01  0.0000e+00 
1.4987e+01     1.6592e-02  0.0000e+00     2.4867e-01  0.0000e+00     3.5304e-02  0.0000e+00     5.2911e-01  0.0000e+00 
1.6816e+01     1.0167e-02  0.0000e+00     1.7097e-01  0.0000e+00     2.4273e-02  0.0000e+00     4.0816e-01  0.0000e+00 
1.8868e+01     7.4786e-03  0.0000e+00     1.4110e-01  0.0000e+00     2.0033e-02  0.0000e+00     3.7797e-01  0.0000e+00 
2.1170e+01     5.9654e-03  0.0000e+00     1.2629e-01  0.0000e+00     1.7929e-02  0.0000e+00     3.7956e-01  0.0000e+00 
2.3753e+01     5.2877e-03  0.0000e+00     1.2560e-01  0.0000e+00     1.7831e-02  0.0000e+00     4.2355e-01  0.0000e+00 
2.6651e+01     5.8181e-03  0.0000e+00     1.5506e-01  0.0000e+00     2.2014e-02  0.0000e+00     5.8670e-01  0.0000e+00 
2.9903e+01     2.7943e-03  0.0000e+00     8.3560e-02  0.0000e+00     1.1863e-02  0.0000e+00     3.5475e-01  0.0000e+00 
3.3552e+01     2.4032e-03  0.0000e+00     8.0631e-02  0.0000e+00     1.1447e-02  0.0000e+00     3.8408e-01  0.0000e+00 
3.7646e+01     1.8138e-03  0.0000e+00     6.8283e-02  0.0000e+00     9.6943e-03  0.0000e+00     3.6495e-01  0.0000e+00 
4.2240e+01     1.2617e-03  0.0000e+00     5.3294e-02  0.0000e+00     7.5663e-03  0.0000e+00     3.1960e-01  0.0000e+00 
4.7394e+01     9.4759e-04  0.0000e+00     4.4910e-02  0.0000e+00     6.3759e-03  0.0000e+00     3.0218e-01  0.0000e+00 
5.3176e+01     6.2747e-04  0.0000e+00     3.3366e-02  0.0000e+00     4.7371e-03  0.0000e+00     2.5190e-01  0.0000e+00 
5.9665e+01     4.1004e-04  0.0000e+00     2.4465e-02  0.0000e+00     3.4733e-03  0.0000e+00     2.0724e-01  0.0000e+00 
6.6945e+01     2.4363e-04  0.0000e+00     1.6310e-02  0.0000e+00     2.3156e-03  0.0000e+00     1.5502e-01  0.0000e+00 
7.5114e+01     1.3227e-04  0.0000e+00     9.9353e-03  0.0000e+00     1.4105e-03  0.0000e+00     1.0595e-01  0.0000e+00 
8.4279e+01     6.6779e-05  0.0000e+00     5.6281e-03  0.0000e+00     7.9903e-04  0.0000e+00     6.7341e-02  0.0000e+00 
9.4563e+01     3.2188e-05  0.0000e+00     3.0438e-03  0.0000e+00     4.3213e-04  0.0000e+00     4.0863e-02  0.0000e+00 
1.0610e+02     1.0825e-05  0.0000e+00     1.1486e-03  0.0000e+00     1.6307e-04  0.0000e+00     1.7302e-02  0.0000e+00 
1.1905e+02     8.2009e-06  0.0000e+00     9.7630e-04  0.0000e+00     1.3861e-04  0.0000e+00     1.6501e-02  0.0000e+00 
1.3357e+02     1.7198e-06  0.0000e+00     2.2972e-04  0.0000e+00     3.2613e-05  0.0000e+00     4.3563e-03  0.0000e+00 
1.4987e+02     3.8319e-07  0.0000e+00     5.7429e-05  0.0000e+00     8.1534e-06  0.0000e+00     1.2220e-03  0.0000e+00 
1.6816e+02     0.0000e+00  0.0000e+00     0.0000e+00  0.0000e+00     0.0000e+00  0.0000e+00     0.0000e+00  0.0000e+00 
1.8868e+02     0.0000e+00  0.0000e+00     0.0000e+00  0.0000e+00     0.0000e+00  0.0000e+00     0.0000e+00  0.0000e+00 
2.1170e+02     0.0000e+00  0.0000e+00     0.0000e+00  0.0000e+00     0.0000e+00  0.0000e+00     0.0000e+00  0.0000e+00 
2.3753e+02     0.0000e+00  0.0000e+00     0.0000e+00  0.0000e+00     0.0000e+00  0.0000e+00     0.0000e+00  0.0000e+00 
2.6651e+02     0.0000e+00  0.0000e+00     0.0000e+00  0.0000e+00     0.0000e+00  0.0000e+00     0.0000e+00  0.0000e+00 
2.9903e+02     0.0000e+00  0.0000e+00     0.0000e+00  0.0000e+00     0.0000e+00  0.0000e+00     0.0000e+00  0.0000e+00 
3.3552e+02     0.0000e+00  0.0000e+00     0.0000e+00  0.0000e+00     0.0000e+00  0.0000e+00     0.0000e+00  0.0000e+00 
3.7646e+02     0.0000e+00  0.0000e+00     0.0000e+00  0.0000e+00     0.0000e+00  0.0000e+00     0.0000e+00  0.0000e+00 
4.2240e+02     0.0000e+00  0.0000e+00     0.0000e+00  0.0000e+00     0.0000e+00  0.0000e+00     0.0000e+00  0.0000e+00 
4.7394e+02     0.0000e+00  0.0000e+00     0.0000e+00  0.0000e+00     0.0000e+00  0.0000e+00     0.0000e+00  0.0000e+00 
5.3176e+02     0.0000e+00  0.0000e+00     0.0000e+00  0.0000e+00     0.0000e+00  0.0000e+00     0.0000e+00  0.0000e+00 
5.9665e+02     0.0000e+00  0.0000e+00     0.0000e+00  0.0000e+00     0.0000e+00  0.0000e+00     0.0000e+00  0.0000e+00 
6.6945e+02     0.0000e+00  0.0000e+00     0.0000e+00  0.0000e+00     0.0000e+00  0.0000e+00     0.0000e+00  0.0000e+00 
7.5114e+02     0.0000e+00  0.0000e+00     0.0000e+00  0.0000e+00     0.0000e+00  0.0000e+00     0.0000e+00  0.0000e+00 
8.4279e+02     0.0000e+00  0.0000e+00     0.0000e+00  0.0000e+00     0.0000e+00  0.0000e+00     0.0000e+00  0.0000e+00 
9.4563e+02     0.0000e+00  0.0000e+00     0.0000e+00  0.0000e+00     0.0000e+00  0.0000e+00     0.0000e+00  0.0000e+00 
1.0610e+03     0.0000e+00  0.0000e+00     0.0000e+00  0.0000e+00     0.0000e+00  0.0000e+00     0.0000e+00  0.0000e+00 
1.1905e+03     0.0000e+00  0.0000e+00     0.0000e+00  0.0000e+00     0.0000e+00  0.0000e+00     0.0000e+00  0.0000e+00 
1.3357e+03     0.0000e+00  0.0000e+00     0.0000e+00  0.0000e+00     0.0000e+00  0.0000e+00     0.0000e+00  0.0000e+00 
1.4987e+03     0.0000e+00  0.0000e+00     0.0000e+00  0.0000e+00     0.0000e+00  0.0000e+00     0.0000e+00  0.0000e+00 
1.6816e+03     0.0000e+00  0.0000e+00     0.0000e+00  0.0000e+00     0.0000e+00  0.0000e+00     0.0000e+00  0.0000e+00 
1.8868e+03     0.0000e+00  0.0000e+00     0.0000e+00  0.0000e+00     0.0000e+00  0.0000e+00     0.0000e+00  0.0000e+00 
2.1170e+03     0.0000e+00  0.0000e+00     0.0000e+00  0.0000e+00     0.0000e+00  0.0000e+00     0.0000e+00  0.0000e+00 
2.3753e+03     0.0000e+00  0.0000e+00     0.0000e+00  0.0000e+00     0.0000e+00  0.0000e+00     0.0000e+00  0.0000e+00 
2.6651e+03     0.0000e+00  0.0000e+00     0.0000e+00  0.0000e+00     0.0000e+00  0.0000e+00     0.0000e+00  0.0000e+00 
2.9903e+03     0.0000e+00  0.0000e+00     0.0000e+00  0.0000e+00     0.0000e+00  0.0000e+00     0.0000e+00  0.0000e+00 
3.3552e+03     0.0000e+00  0.0000e+00     0.0000e+00  0.0000e+00     0.0000e+00  0.0000e+00     0.0000e+00  0.0000e+00 
3.7646e+03     0.0000e+00  0.0000e+00     0.0000e+00  0.0000e+00     0.0000e+00  0.0000e+00     0.0000e+00  0.0000e+00 
4.2240e+03     0.0000e+00  0.0000e+00     0.0000e+00  0.0000e+00     0.0000e+00  0.0000e+00     0.0000e+00  0.0000e+00 
4.7394e+03     0.0000e+00  0.0000e+00     0.0000e+00  0.0000e+00     0.0000e+00  0.0000e+00     0.0000e+00  0.0000e+00 
5.3176e+03     0.0000e+00  0.0000e+00     0.0000e+00  0.0000e+00     0.0000e+00  0.0000e+00     0.0000e+00  0.0000e+00 
5.9665e+03     0.0000e+00  0.0000e+00     0.0000e+00  0.0000e+00     0.0000e+00  0.0000e+00     0.0000e+00  0.0000e+00 
6.6945e+03     0.0000e+00  0.0000e+00     0.0000e+00  0.0000e+00     0.0000e+00  0.0000e+00     0.0000e+00  0.0000e+00 
7.5114e+03     0.0000e+00  0.0000e+00     0.0000e+00  0.0000e+00     0.0000e+00  0.0000e+00     0.0000e+00  0.0000e+00 
8.4279e+03     0.0000e+00  0.0000e+00     0.0000e+00  0.0000e+00     0.0000e+00  0.0000e+00     0.0000e+00  0.0000e+00 
9.4563e+03     0.0000e+00  0.0000e+00     0.0000e+00  0.0000e+00     0.0000e+00  0.0000e+00     0.0000e+00  0.0000e+00 
