yF = 4.1581e+00 (std: 0.0000e+00) keV/um
yD = 2.1292e+01 (std: 0.0000e+00) keV/um
y (keV/um)     f(y)(std)                  yf(y)(std)                 d(y)(std)                  yd(y)(std)  
1.0610e-01     2.6182e+01  0.0000e+00     2.7779e+00  0.0000e+00     6.6807e-01  0.0000e+00     7.0883e-02  0.0000e+00 
1.1905e-01     1.9743e+00  0.0000e+00     2.3504e-01  0.0000e+00     5.6525e-02  0.0000e+00     6.7291e-03  0.0000e+00 
1.3357e-01     5.7482e-01  0.0000e+00     7.6780e-02  0.0000e+00     1.8465e-02  0.0000e+00     2.4665e-03  0.0000e+00 
1.4987e-01     2.9983e+00  0.0000e+00     4.4936e-01  0.0000e+00     1.0807e-01  0.0000e+00     1.6196e-02  0.0000e+00 
1.6816e-01     9.0169e-01  0.0000e+00     1.5163e-01  0.0000e+00     3.6466e-02  0.0000e+00     6.1320e-03  0.0000e+00 
1.8868e-01     6.0016e-01  0.0000e+00     1.1324e-01  0.0000e+00     2.7233e-02  0.0000e+00     5.1382e-03  0.0000e+00 
2.1170e-01     6.5231e-01  0.0000e+00     1.3809e-01  0.0000e+00     3.3211e-02  0.0000e+00     7.0307e-03  0.0000e+00 
2.3753e-01     6.0463e-01  0.0000e+00     1.4362e-01  0.0000e+00     3.4539e-02  0.0000e+00     8.2041e-03  0.0000e+00 
2.6651e-01     2.7876e-01  0.0000e+00     7.4294e-02  0.0000e+00     1.7867e-02  0.0000e+00     4.7619e-03  0.0000e+00 
2.9903e-01     2.2444e-01  0.0000e+00     6.7114e-02  0.0000e+00     1.6141e-02  0.0000e+00     4.8265e-03  0.0000e+00 
3.3552e-01     1.4109e+00  0.0000e+00     4.7339e-01  0.0000e+00     1.1385e-01  0.0000e+00     3.8198e-02  0.0000e+00 
3.7646e-01     9.3099e-01  0.0000e+00     3.5048e-01  0.0000e+00     8.4289e-02  0.0000e+00     3.1732e-02  0.0000e+00 
4.2240e-01     4.3416e-01  0.0000e+00     1.8339e-01  0.0000e+00     4.4104e-02  0.0000e+00     1.8629e-02  0.0000e+00 
4.7394e-01     3.8054e-01  0.0000e+00     1.8035e-01  0.0000e+00     4.3373e-02  0.0000e+00     2.0556e-02  0.0000e+00 
5.3176e-01     2.5190e-01  0.0000e+00     1.3395e-01  0.0000e+00     3.2215e-02  0.0000e+00     1.7131e-02  0.0000e+00 
5.9665e-01     1.3100e-01  0.0000e+00     7.8161e-02  0.0000e+00     1.8797e-02  0.0000e+00     1.1215e-02  0.0000e+00 
6.6945e-01     2.2154e-01  0.0000e+00     1.4831e-01  0.0000e+00     3.5669e-02  0.0000e+00     2.3878e-02  0.0000e+00 
7.5114e-01     1.7392e-01  0.0000e+00     1.3064e-01  0.0000e+00     3.1418e-02  0.0000e+00     2.3599e-02  0.0000e+00 
8.4279e-01     7.9633e-02  0.0000e+00     6.7114e-02  0.0000e+00     1.6141e-02  0.0000e+00     1.3603e-02  0.0000e+00 
9.4563e-01     4.4686e-02  0.0000e+00     4.2257e-02  0.0000e+00     1.0163e-02  0.0000e+00     9.6100e-03  0.0000e+00 
1.0610e+00     4.0087e-02  0.0000e+00     4.2533e-02  0.0000e+00     1.0229e-02  0.0000e+00     1.0853e-02  0.0000e+00 
1.1905e+00     2.1808e-02  0.0000e+00     2.5962e-02  0.0000e+00     6.2437e-03  0.0000e+00     7.4329e-03  0.0000e+00 
1.3357e+00     1.3233e-02  0.0000e+00     1.7676e-02  0.0000e+00     4.2510e-03  0.0000e+00     5.6782e-03  0.0000e+00 
1.4987e+00     7.1870e-03  0.0000e+00     1.0771e-02  0.0000e+00     2.5905e-03  0.0000e+00     3.8824e-03  0.0000e+00 
1.6816e+00     2.9564e-03  0.0000e+00     4.9714e-03  0.0000e+00     1.1956e-03  0.0000e+00     2.0105e-03  0.0000e+00 
1.8868e+00     8.7829e-04  0.0000e+00     1.6571e-03  0.0000e+00     3.9853e-04  0.0000e+00     7.5194e-04  0.0000e+00 
2.1170e+00     2.6092e-04  0.0000e+00     5.5237e-04  0.0000e+00     1.3284e-04  0.0000e+00     2.8123e-04  0.0000e+00 
2.3753e+00     0.0000e+00  0.0000e+00     0.0000e+00  0.0000e+00     0.0000e+00  0.0000e+00     0.0000e+00  0.0000e+00 
2.6651e+00     1.0363e-04  0.0000e+00     2.7619e-04  0.0000e+00     6.6422e-05  0.0000e+00     1.7702e-04  0.0000e+00 
2.9903e+00     0.0000e+00  0.0000e+00     0.0000e+00  0.0000e+00     0.0000e+00  0.0000e+00     0.0000e+00  0.0000e+00 
3.3552e+00     0.0000e+00  0.0000e+00     0.0000e+00  0.0000e+00     0.0000e+00  0.0000e+00     0.0000e+00  0.0000e+00 
3.7646e+00     0.0000e+00  0.0000e+00     0.0000e+00  0.0000e+00     0.0000e+00  0.0000e+00     0.0000e+00  0.0000e+00 
4.2240e+00     0.0000e+00  0.0000e+00     0.0000e+00  0.0000e+00     0.0000e+00  0.0000e+00     0.0000e+00  0.0000e+00 
4.7394e+00     0.0000e+00  0.0000e+00     0.0000e+00  0.0000e+00     0.0000e+00  0.0000e+00     0.0000e+00  0.0000e+00 
5.3176e+00     0.0000e+00  0.0000e+00     0.0000e+00  0.0000e+00     0.0000e+00  0.0000e+00     0.0000e+00  0.0000e+00 
5.9665e+00     1.1873e-01  0.0000e+00     7.0842e-01  0.0000e+00     1.7037e-01  0.0000e+00     1.0165e+00  0.0000e+00 
6.6945e+00     2.1412e-02  0.0000e+00     1.4334e-01  0.0000e+00     3.4473e-02  0.0000e+00     2.3078e-01  0.0000e+00 
7.5114e+00     5.8831e-03  0.0000e+00     4.4190e-02  0.0000e+00     1.0627e-02  0.0000e+00     7.9827e-02  0.0000e+00 
8.4279e+00     2.7658e-02  0.0000e+00     2.3310e-01  0.0000e+00     5.6060e-02  0.0000e+00     4.7247e-01  0.0000e+00 
9.4563e+00     1.5509e-02  0.0000e+00     1.4666e-01  0.0000e+00     3.5270e-02  0.0000e+00     3.3352e-01  0.0000e+00 
1.0610e+01     2.3818e-02  0.0000e+00     2.5271e-01  0.0000e+00     6.0776e-02  0.0000e+00     6.4484e-01  0.0000e+00 
1.1905e+01     1.7075e-02  0.0000e+00     2.0327e-01  0.0000e+00     4.8886e-02  0.0000e+00     5.8198e-01  0.0000e+00 
1.3357e+01     1.1600e-02  0.0000e+00     1.5494e-01  0.0000e+00     3.7263e-02  0.0000e+00     4.9773e-01  0.0000e+00 
1.4987e+01     7.2976e-03  0.0000e+00     1.0937e-01  0.0000e+00     2.6303e-02  0.0000e+00     3.9421e-01  0.0000e+00 
1.6816e+01     4.4017e-03  0.0000e+00     7.4018e-02  0.0000e+00     1.7801e-02  0.0000e+00     2.9934e-01  0.0000e+00 
1.8868e+01     3.4400e-03  0.0000e+00     6.4904e-02  0.0000e+00     1.5609e-02  0.0000e+00     2.9451e-01  0.0000e+00 
2.1170e+01     3.4572e-03  0.0000e+00     7.3190e-02  0.0000e+00     1.7602e-02  0.0000e+00     3.7263e-01  0.0000e+00 
2.3753e+01     3.8254e-03  0.0000e+00     9.0866e-02  0.0000e+00     2.1853e-02  0.0000e+00     5.1907e-01  0.0000e+00 
2.6651e+01     2.1348e-03  0.0000e+00     5.6895e-02  0.0000e+00     1.3683e-02  0.0000e+00     3.6467e-01  0.0000e+00 
2.9903e+01     1.3946e-03  0.0000e+00     4.1704e-02  0.0000e+00     1.0030e-02  0.0000e+00     2.9992e-01  0.0000e+00 
3.3552e+01     1.5311e-03  0.0000e+00     5.1371e-02  0.0000e+00     1.2354e-02  0.0000e+00     4.1452e-01  0.0000e+00 
3.7646e+01     8.9504e-04  0.0000e+00     3.3695e-02  0.0000e+00     8.1035e-03  0.0000e+00     3.0506e-01  0.0000e+00 
4.2240e+01     6.3424e-04  0.0000e+00     2.6790e-02  0.0000e+00     6.4429e-03  0.0000e+00     2.7215e-01  0.0000e+00 
4.7394e+01     4.0793e-04  0.0000e+00     1.9333e-02  0.0000e+00     4.6495e-03  0.0000e+00     2.2036e-01  0.0000e+00 
5.3176e+01     3.7395e-04  0.0000e+00     1.9885e-02  0.0000e+00     4.7824e-03  0.0000e+00     2.5431e-01  0.0000e+00 
5.9665e+01     2.2219e-04  0.0000e+00     1.3257e-02  0.0000e+00     3.1882e-03  0.0000e+00     1.9023e-01  0.0000e+00 
6.6945e+01     6.6009e-05  0.0000e+00     4.4190e-03  0.0000e+00     1.0627e-03  0.0000e+00     7.1146e-02  0.0000e+00 
7.5114e+01     6.9862e-05  0.0000e+00     5.2476e-03  0.0000e+00     1.2620e-03  0.0000e+00     9.4795e-02  0.0000e+00 
8.4279e+01     3.2771e-05  0.0000e+00     2.7619e-03  0.0000e+00     6.6422e-04  0.0000e+00     5.5980e-02  0.0000e+00 
9.4563e+01     1.1683e-05  0.0000e+00     1.1047e-03  0.0000e+00     2.6569e-04  0.0000e+00     2.5124e-02  0.0000e+00 
1.0610e+02     2.6031e-06  0.0000e+00     2.7619e-04  0.0000e+00     6.6422e-05  0.0000e+00     7.0474e-03  0.0000e+00 
1.1905e+02     0.0000e+00  0.0000e+00     0.0000e+00  0.0000e+00     0.0000e+00  0.0000e+00     0.0000e+00  0.0000e+00 
1.3357e+02     0.0000e+00  0.0000e+00     0.0000e+00  0.0000e+00     0.0000e+00  0.0000e+00     0.0000e+00  0.0000e+00 
1.4987e+02     0.0000e+00  0.0000e+00     0.0000e+00  0.0000e+00     0.0000e+00  0.0000e+00     0.0000e+00  0.0000e+00 
1.6816e+02     1.6424e-06  0.0000e+00     2.7619e-04  0.0000e+00     6.6422e-05  0.0000e+00     1.1169e-02  0.0000e+00 
1.8868e+02     0.0000e+00  0.0000e+00     0.0000e+00  0.0000e+00     0.0000e+00  0.0000e+00     0.0000e+00  0.0000e+00 
2.1170e+02     0.0000e+00  0.0000e+00     0.0000e+00  0.0000e+00     0.0000e+00  0.0000e+00     0.0000e+00  0.0000e+00 
2.3753e+02     0.0000e+00  0.0000e+00     0.0000e+00  0.0000e+00     0.0000e+00  0.0000e+00     0.0000e+00  0.0000e+00 
2.6651e+02     0.0000e+00  0.0000e+00     0.0000e+00  0.0000e+00     0.0000e+00  0.0000e+00     0.0000e+00  0.0000e+00 
2.9903e+02     0.0000e+00  0.0000e+00     0.0000e+00  0.0000e+00     0.0000e+00  0.0000e+00     0.0000e+00  0.0000e+00 
3.3552e+02     0.0000e+00  0.0000e+00     0.0000e+00  0.0000e+00     0.0000e+00  0.0000e+00     0.0000e+00  0.0000e+00 
3.7646e+02     0.0000e+00  0.0000e+00     0.0000e+00  0.0000e+00     0.0000e+00  0.0000e+00     0.0000e+00  0.0000e+00 
4.2240e+02     0.0000e+00  0.0000e+00     0.0000e+00  0.0000e+00     0.0000e+00  0.0000e+00     0.0000e+00  0.0000e+00 
4.7394e+02     0.0000e+00  0.0000e+00     0.0000e+00  0.0000e+00     0.0000e+00  0.0000e+00     0.0000e+00  0.0000e+00 
5.3176e+02     0.0000e+00  0.0000e+00     0.0000e+00  0.0000e+00     0.0000e+00  0.0000e+00     0.0000e+00  0.0000e+00 
5.9665e+02     0.0000e+00  0.0000e+00     0.0000e+00  0.0000e+00     0.0000e+00  0.0000e+00     0.0000e+00  0.0000e+00 
6.6945e+02     0.0000e+00  0.0000e+00     0.0000e+00  0.0000e+00     0.0000e+00  0.0000e+00     0.0000e+00  0.0000e+00 
7.5114e+02     0.0000e+00  0.0000e+00     0.0000e+00  0.0000e+00     0.0000e+00  0.0000e+00     0.0000e+00  0.0000e+00 
8.4279e+02     0.0000e+00  0.0000e+00     0.0000e+00  0.0000e+00     0.0000e+00  0.0000e+00     0.0000e+00  0.0000e+00 
9.4563e+02     0.0000e+00  0.0000e+00     0.0000e+00  0.0000e+00     0.0000e+00  0.0000e+00     0.0000e+00  0.0000e+00 
1.0610e+03     0.0000e+00  0.0000e+00     0.0000e+00  0.0000e+00     0.0000e+00  0.0000e+00     0.0000e+00  0.0000e+00 
1.1905e+03     0.0000e+00  0.0000e+00     0.0000e+00  0.0000e+00     0.0000e+00  0.0000e+00     0.0000e+00  0.0000e+00 
1.3357e+03     0.0000e+00  0.0000e+00     0.0000e+00  0.0000e+00     0.0000e+00  0.0000e+00     0.0000e+00  0.0000e+00 
1.4987e+03     0.0000e+00  0.0000e+00     0.0000e+00  0.0000e+00     0.0000e+00  0.0000e+00     0.0000e+00  0.0000e+00 
1.6816e+03     0.0000e+00  0.0000e+00     0.0000e+00  0.0000e+00     0.0000e+00  0.0000e+00     0.0000e+00  0.0000e+00 
1.8868e+03     0.0000e+00  0.0000e+00     0.0000e+00  0.0000e+00     0.0000e+00  0.0000e+00     0.0000e+00  0.0000e+00 
2.1170e+03     0.0000e+00  0.0000e+00     0.0000e+00  0.0000e+00     0.0000e+00  0.0000e+00     0.0000e+00  0.0000e+00 
2.3753e+03     0.0000e+00  0.0000e+00     0.0000e+00  0.0000e+00     0.0000e+00  0.0000e+00     0.0000e+00  0.0000e+00 
2.6651e+03     0.0000e+00  0.0000e+00     0.0000e+00  0.0000e+00     0.0000e+00  0.0000e+00     0.0000e+00  0.0000e+00 
2.9903e+03     0.0000e+00  0.0000e+00     0.0000e+00  0.0000e+00     0.0000e+00  0.0000e+00     0.0000e+00  0.0000e+00 
3.3552e+03     0.0000e+00  0.0000e+00     0.0000e+00  0.0000e+00     0.0000e+00  0.0000e+00     0.0000e+00  0.0000e+00 
3.7646e+03     0.0000e+00  0.0000e+00     0.0000e+00  0.0000e+00     0.0000e+00  0.0000e+00     0.0000e+00  0.0000e+00 
4.2240e+03     0.0000e+00  0.0000e+00     0.0000e+00  0.0000e+00     0.0000e+00  0.0000e+00     0.0000e+00  0.0000e+00 
4.7394e+03     0.0000e+00  0.0000e+00     0.0000e+00  0.0000e+00     0.0000e+00  0.0000e+00     0.0000e+00  0.0000e+00 
5.3176e+03     0.0000e+00  0.0000e+00     0.0000e+00  0.0000e+00     0.0000e+00  0.0000e+00     0.0000e+00  0.0000e+00 
5.9665e+03     0.0000e+00  0.0000e+00     0.0000e+00  0.0000e+00     0.0000e+00  0.0000e+00     0.0000e+00  0.0000e+00 
6.6945e+03     0.0000e+00  0.0000e+00     0.0000e+00  0.0000e+00     0.0000e+00  0.0000e+00     0.0000e+00  0.0000e+00 
7.5114e+03     0.0000e+00  0.0000e+00     0.0000e+00  0.0000e+00     0.0000e+00  0.0000e+00     0.0000e+00  0.0000e+00 
8.4279e+03     0.0000e+00  0.0000e+00     0.0000e+00  0.0000e+00     0.0000e+00  0.0000e+00     0.0000e+00  0.0000e+00 
9.4563e+03     0.0000e+00  0.0000e+00     0.0000e+00  0.0000e+00     0.0000e+00  0.0000e+00     0.0000e+00  0.0000e+00 
