yF = 4.2669e+00 (std: 0.0000e+00) keV/um
yD = 1.9730e+01 (std: 0.0000e+00) keV/um
y (keV/um)     f(y)(std)                  yf(y)(std)                 d(y)(std)                  yd(y)(std)  
1.0610e-01     2.6555e+01  0.0000e+00     2.8175e+00  0.0000e+00     6.6032e-01  0.0000e+00     7.0061e-02  0.0000e+00 
1.1905e-01     1.7378e+00  0.0000e+00     2.0687e-01  0.0000e+00     4.8483e-02  0.0000e+00     5.7718e-03  0.0000e+00 
1.3357e-01     6.0604e-01  0.0000e+00     8.0951e-02  0.0000e+00     1.8972e-02  0.0000e+00     2.5341e-03  0.0000e+00 
1.4987e-01     3.0008e+00  0.0000e+00     4.4973e-01  0.0000e+00     1.0540e-01  0.0000e+00     1.5796e-02  0.0000e+00 
1.6816e-01     7.6221e-01  0.0000e+00     1.2817e-01  0.0000e+00     3.0039e-02  0.0000e+00     5.0512e-03  0.0000e+00 
1.8868e-01     6.3165e-01  0.0000e+00     1.1918e-01  0.0000e+00     2.7931e-02  0.0000e+00     5.2699e-03  0.0000e+00 
2.1170e-01     5.5234e-01  0.0000e+00     1.1693e-01  0.0000e+00     2.7404e-02  0.0000e+00     5.8013e-03  0.0000e+00 
2.3753e-01     5.1120e-01  0.0000e+00     1.2143e-01  0.0000e+00     2.8458e-02  0.0000e+00     6.7595e-03  0.0000e+00 
2.6651e-01     3.1218e-01  0.0000e+00     8.3200e-02  0.0000e+00     1.9499e-02  0.0000e+00     5.1967e-03  0.0000e+00 
2.9903e-01     2.4063e-01  0.0000e+00     7.1956e-02  0.0000e+00     1.6864e-02  0.0000e+00     5.0428e-03  0.0000e+00 
3.3552e-01     1.4744e+00  0.0000e+00     4.9470e-01  0.0000e+00     1.1594e-01  0.0000e+00     3.8900e-02  0.0000e+00 
3.7646e-01     8.7805e-01  0.0000e+00     3.3055e-01  0.0000e+00     7.7468e-02  0.0000e+00     2.9164e-02  0.0000e+00 
4.2240e-01     2.3424e-01  0.0000e+00     9.8940e-02  0.0000e+00     2.3188e-02  0.0000e+00     9.7943e-03  0.0000e+00 
4.7394e-01     3.4636e-01  0.0000e+00     1.6415e-01  0.0000e+00     3.8470e-02  0.0000e+00     1.8232e-02  0.0000e+00 
5.3176e-01     2.2835e-01  0.0000e+00     1.2143e-01  0.0000e+00     2.8458e-02  0.0000e+00     1.5133e-02  0.0000e+00 
5.9665e-01     1.3568e-01  0.0000e+00     8.0951e-02  0.0000e+00     1.8972e-02  0.0000e+00     1.1319e-02  0.0000e+00 
6.6945e-01     1.8474e-01  0.0000e+00     1.2368e-01  0.0000e+00     2.8985e-02  0.0000e+00     1.9404e-02  0.0000e+00 
7.5114e-01     1.5866e-01  0.0000e+00     1.1918e-01  0.0000e+00     2.7931e-02  0.0000e+00     2.0980e-02  0.0000e+00 
8.4279e-01     6.4034e-02  0.0000e+00     5.3967e-02  0.0000e+00     1.2648e-02  0.0000e+00     1.0659e-02  0.0000e+00 
9.4563e-01     3.5669e-02  0.0000e+00     3.3730e-02  0.0000e+00     7.9049e-03  0.0000e+00     7.4750e-03  0.0000e+00 
1.0610e+00     4.8745e-02  0.0000e+00     5.1719e-02  0.0000e+00     1.2121e-02  0.0000e+00     1.2860e-02  0.0000e+00 
1.1905e+00     2.2666e-02  0.0000e+00     2.6984e-02  0.0000e+00     6.3239e-03  0.0000e+00     7.5284e-03  0.0000e+00 
1.3357e+00     1.5151e-02  0.0000e+00     2.0238e-02  0.0000e+00     4.7429e-03  0.0000e+00     6.3353e-03  0.0000e+00 
1.4987e+00     6.0015e-03  0.0000e+00     8.9946e-03  0.0000e+00     2.1080e-03  0.0000e+00     3.1592e-03  0.0000e+00 
1.6816e+00     4.0116e-03  0.0000e+00     6.7459e-03  0.0000e+00     1.5810e-03  0.0000e+00     2.6585e-03  0.0000e+00 
1.8868e+00     1.1918e-03  0.0000e+00     2.2486e-03  0.0000e+00     5.2699e-04  0.0000e+00     9.9431e-04  0.0000e+00 
2.1170e+00     0.0000e+00  0.0000e+00     0.0000e+00  0.0000e+00     0.0000e+00  0.0000e+00     0.0000e+00  0.0000e+00 
2.3753e+00     0.0000e+00  0.0000e+00     0.0000e+00  0.0000e+00     0.0000e+00  0.0000e+00     0.0000e+00  0.0000e+00 
2.6651e+00     0.0000e+00  0.0000e+00     0.0000e+00  0.0000e+00     0.0000e+00  0.0000e+00     0.0000e+00  0.0000e+00 
2.9903e+00     0.0000e+00  0.0000e+00     0.0000e+00  0.0000e+00     0.0000e+00  0.0000e+00     0.0000e+00  0.0000e+00 
3.3552e+00     0.0000e+00  0.0000e+00     0.0000e+00  0.0000e+00     0.0000e+00  0.0000e+00     0.0000e+00  0.0000e+00 
3.7646e+00     0.0000e+00  0.0000e+00     0.0000e+00  0.0000e+00     0.0000e+00  0.0000e+00     0.0000e+00  0.0000e+00 
4.2240e+00     0.0000e+00  0.0000e+00     0.0000e+00  0.0000e+00     0.0000e+00  0.0000e+00     0.0000e+00  0.0000e+00 
4.7394e+00     0.0000e+00  0.0000e+00     0.0000e+00  0.0000e+00     0.0000e+00  0.0000e+00     0.0000e+00  0.0000e+00 
5.3176e+00     0.0000e+00  0.0000e+00     0.0000e+00  0.0000e+00     0.0000e+00  0.0000e+00     0.0000e+00  0.0000e+00 
5.9665e+00     1.2889e-01  0.0000e+00     7.6903e-01  0.0000e+00     1.8023e-01  0.0000e+00     1.0753e+00  0.0000e+00 
6.6945e+00     2.0489e-02  0.0000e+00     1.3717e-01  0.0000e+00     3.2146e-02  0.0000e+00     2.1521e-01  0.0000e+00 
7.5114e+00     6.2867e-03  0.0000e+00     4.7221e-02  0.0000e+00     1.1067e-02  0.0000e+00     8.3127e-02  0.0000e+00 
8.4279e+00     2.2679e-02  0.0000e+00     1.9113e-01  0.0000e+00     4.4794e-02  0.0000e+00     3.7752e-01  0.0000e+00 
9.4563e+00     1.1890e-02  0.0000e+00     1.1243e-01  0.0000e+00     2.6350e-02  0.0000e+00     2.4917e-01  0.0000e+00 
1.0610e+01     5.1712e-02  0.0000e+00     5.4867e-01  0.0000e+00     1.2859e-01  0.0000e+00     1.3643e+00  0.0000e+00 
1.1905e+01     1.4355e-02  0.0000e+00     1.7090e-01  0.0000e+00     4.0051e-02  0.0000e+00     4.7680e-01  0.0000e+00 
1.3357e+01     9.7640e-03  0.0000e+00     1.3042e-01  0.0000e+00     3.0566e-02  0.0000e+00     4.0827e-01  0.0000e+00 
1.4987e+01     5.2513e-03  0.0000e+00     7.8702e-02  0.0000e+00     1.8445e-02  0.0000e+00     2.7643e-01  0.0000e+00 
1.6816e+01     4.2791e-03  0.0000e+00     7.1956e-02  0.0000e+00     1.6864e-02  0.0000e+00     2.8358e-01  0.0000e+00 
1.8868e+01     3.5754e-03  0.0000e+00     6.7459e-02  0.0000e+00     1.5810e-02  0.0000e+00     2.9829e-01  0.0000e+00 
2.1170e+01     2.5492e-03  0.0000e+00     5.3967e-02  0.0000e+00     1.2648e-02  0.0000e+00     2.6775e-01  0.0000e+00 
2.3753e+01     5.1120e-03  0.0000e+00     1.2143e-01  0.0000e+00     2.8458e-02  0.0000e+00     6.7595e-01  0.0000e+00 
2.6651e+01     2.4468e-03  0.0000e+00     6.5210e-02  0.0000e+00     1.5283e-02  0.0000e+00     4.0731e-01  0.0000e+00 
2.9903e+01     8.2717e-04  0.0000e+00     2.4735e-02  0.0000e+00     5.7969e-03  0.0000e+00     1.7335e-01  0.0000e+00 
3.3552e+01     1.6085e-03  0.0000e+00     5.3967e-02  0.0000e+00     1.2648e-02  0.0000e+00     4.2436e-01  0.0000e+00 
3.7646e+01     1.1349e-03  0.0000e+00     4.2724e-02  0.0000e+00     1.0013e-02  0.0000e+00     3.7694e-01  0.0000e+00 
4.2240e+01     4.2588e-04  0.0000e+00     1.7989e-02  0.0000e+00     4.2159e-03  0.0000e+00     1.7808e-01  0.0000e+00 
4.7394e+01     2.8468e-04  0.0000e+00     1.3492e-02  0.0000e+00     3.1619e-03  0.0000e+00     1.4986e-01  0.0000e+00 
5.3176e+01     4.6515e-04  0.0000e+00     2.4735e-02  0.0000e+00     5.7969e-03  0.0000e+00     3.0826e-01  0.0000e+00 
5.9665e+01     1.8844e-04  0.0000e+00     1.1243e-02  0.0000e+00     2.6350e-03  0.0000e+00     1.5721e-01  0.0000e+00 
6.6945e+01     6.7179e-05  0.0000e+00     4.4973e-03  0.0000e+00     1.0540e-03  0.0000e+00     7.0559e-02  0.0000e+00 
7.5114e+01     0.0000e+00  0.0000e+00     0.0000e+00  0.0000e+00     0.0000e+00  0.0000e+00     0.0000e+00  0.0000e+00 
8.4279e+01     0.0000e+00  0.0000e+00     0.0000e+00  0.0000e+00     0.0000e+00  0.0000e+00     0.0000e+00  0.0000e+00 
9.4563e+01     0.0000e+00  0.0000e+00     0.0000e+00  0.0000e+00     0.0000e+00  0.0000e+00     0.0000e+00  0.0000e+00 
1.0610e+02     2.1193e-05  0.0000e+00     2.2486e-03  0.0000e+00     5.2699e-04  0.0000e+00     5.5914e-02  0.0000e+00 
1.1905e+02     0.0000e+00  0.0000e+00     0.0000e+00  0.0000e+00     0.0000e+00  0.0000e+00     0.0000e+00  0.0000e+00 
1.3357e+02     0.0000e+00  0.0000e+00     0.0000e+00  0.0000e+00     0.0000e+00  0.0000e+00     0.0000e+00  0.0000e+00 
1.4987e+02     0.0000e+00  0.0000e+00     0.0000e+00  0.0000e+00     0.0000e+00  0.0000e+00     0.0000e+00  0.0000e+00 
1.6816e+02     0.0000e+00  0.0000e+00     0.0000e+00  0.0000e+00     0.0000e+00  0.0000e+00     0.0000e+00  0.0000e+00 
1.8868e+02     0.0000e+00  0.0000e+00     0.0000e+00  0.0000e+00     0.0000e+00  0.0000e+00     0.0000e+00  0.0000e+00 
2.1170e+02     0.0000e+00  0.0000e+00     0.0000e+00  0.0000e+00     0.0000e+00  0.0000e+00     0.0000e+00  0.0000e+00 
2.3753e+02     0.0000e+00  0.0000e+00     0.0000e+00  0.0000e+00     0.0000e+00  0.0000e+00     0.0000e+00  0.0000e+00 
2.6651e+02     0.0000e+00  0.0000e+00     0.0000e+00  0.0000e+00     0.0000e+00  0.0000e+00     0.0000e+00  0.0000e+00 
2.9903e+02     0.0000e+00  0.0000e+00     0.0000e+00  0.0000e+00     0.0000e+00  0.0000e+00     0.0000e+00  0.0000e+00 
3.3552e+02     0.0000e+00  0.0000e+00     0.0000e+00  0.0000e+00     0.0000e+00  0.0000e+00     0.0000e+00  0.0000e+00 
3.7646e+02     0.0000e+00  0.0000e+00     0.0000e+00  0.0000e+00     0.0000e+00  0.0000e+00     0.0000e+00  0.0000e+00 
4.2240e+02     0.0000e+00  0.0000e+00     0.0000e+00  0.0000e+00     0.0000e+00  0.0000e+00     0.0000e+00  0.0000e+00 
4.7394e+02     0.0000e+00  0.0000e+00     0.0000e+00  0.0000e+00     0.0000e+00  0.0000e+00     0.0000e+00  0.0000e+00 
5.3176e+02     0.0000e+00  0.0000e+00     0.0000e+00  0.0000e+00     0.0000e+00  0.0000e+00     0.0000e+00  0.0000e+00 
5.9665e+02     0.0000e+00  0.0000e+00     0.0000e+00  0.0000e+00     0.0000e+00  0.0000e+00     0.0000e+00  0.0000e+00 
6.6945e+02     0.0000e+00  0.0000e+00     0.0000e+00  0.0000e+00     0.0000e+00  0.0000e+00     0.0000e+00  0.0000e+00 
7.5114e+02     0.0000e+00  0.0000e+00     0.0000e+00  0.0000e+00     0.0000e+00  0.0000e+00     0.0000e+00  0.0000e+00 
8.4279e+02     0.0000e+00  0.0000e+00     0.0000e+00  0.0000e+00     0.0000e+00  0.0000e+00     0.0000e+00  0.0000e+00 
9.4563e+02     0.0000e+00  0.0000e+00     0.0000e+00  0.0000e+00     0.0000e+00  0.0000e+00     0.0000e+00  0.0000e+00 
1.0610e+03     0.0000e+00  0.0000e+00     0.0000e+00  0.0000e+00     0.0000e+00  0.0000e+00     0.0000e+00  0.0000e+00 
1.1905e+03     0.0000e+00  0.0000e+00     0.0000e+00  0.0000e+00     0.0000e+00  0.0000e+00     0.0000e+00  0.0000e+00 
1.3357e+03     0.0000e+00  0.0000e+00     0.0000e+00  0.0000e+00     0.0000e+00  0.0000e+00     0.0000e+00  0.0000e+00 
1.4987e+03     0.0000e+00  0.0000e+00     0.0000e+00  0.0000e+00     0.0000e+00  0.0000e+00     0.0000e+00  0.0000e+00 
1.6816e+03     0.0000e+00  0.0000e+00     0.0000e+00  0.0000e+00     0.0000e+00  0.0000e+00     0.0000e+00  0.0000e+00 
1.8868e+03     0.0000e+00  0.0000e+00     0.0000e+00  0.0000e+00     0.0000e+00  0.0000e+00     0.0000e+00  0.0000e+00 
2.1170e+03     0.0000e+00  0.0000e+00     0.0000e+00  0.0000e+00     0.0000e+00  0.0000e+00     0.0000e+00  0.0000e+00 
2.3753e+03     0.0000e+00  0.0000e+00     0.0000e+00  0.0000e+00     0.0000e+00  0.0000e+00     0.0000e+00  0.0000e+00 
2.6651e+03     0.0000e+00  0.0000e+00     0.0000e+00  0.0000e+00     0.0000e+00  0.0000e+00     0.0000e+00  0.0000e+00 
2.9903e+03     0.0000e+00  0.0000e+00     0.0000e+00  0.0000e+00     0.0000e+00  0.0000e+00     0.0000e+00  0.0000e+00 
3.3552e+03     0.0000e+00  0.0000e+00     0.0000e+00  0.0000e+00     0.0000e+00  0.0000e+00     0.0000e+00  0.0000e+00 
3.7646e+03     0.0000e+00  0.0000e+00     0.0000e+00  0.0000e+00     0.0000e+00  0.0000e+00     0.0000e+00  0.0000e+00 
4.2240e+03     0.0000e+00  0.0000e+00     0.0000e+00  0.0000e+00     0.0000e+00  0.0000e+00     0.0000e+00  0.0000e+00 
4.7394e+03     0.0000e+00  0.0000e+00     0.0000e+00  0.0000e+00     0.0000e+00  0.0000e+00     0.0000e+00  0.0000e+00 
5.3176e+03     0.0000e+00  0.0000e+00     0.0000e+00  0.0000e+00     0.0000e+00  0.0000e+00     0.0000e+00  0.0000e+00 
5.9665e+03     0.0000e+00  0.0000e+00     0.0000e+00  0.0000e+00     0.0000e+00  0.0000e+00     0.0000e+00  0.0000e+00 
6.6945e+03     0.0000e+00  0.0000e+00     0.0000e+00  0.0000e+00     0.0000e+00  0.0000e+00     0.0000e+00  0.0000e+00 
7.5114e+03     0.0000e+00  0.0000e+00     0.0000e+00  0.0000e+00     0.0000e+00  0.0000e+00     0.0000e+00  0.0000e+00 
8.4279e+03     0.0000e+00  0.0000e+00     0.0000e+00  0.0000e+00     0.0000e+00  0.0000e+00     0.0000e+00  0.0000e+00 
9.4563e+03     0.0000e+00  0.0000e+00     0.0000e+00  0.0000e+00     0.0000e+00  0.0000e+00     0.0000e+00  0.0000e+00 
