yF = 3.6610e+00 (std: 0.0000e+00) keV/um
yD = 2.0758e+01 (std: 0.0000e+00) keV/um
y (keV/um)     f(y)(std)                  yf(y)(std)                 d(y)(std)                  yd(y)(std)  
1.0610e-01     2.7265e+01  0.0000e+00     2.8928e+00  0.0000e+00     7.9017e-01  0.0000e+00     8.3837e-02  0.0000e+00 
1.1905e-01     2.1679e+00  0.0000e+00     2.5809e-01  0.0000e+00     7.0495e-02  0.0000e+00     8.3923e-03  0.0000e+00 
1.3357e-01     5.3081e-01  0.0000e+00     7.0902e-02  0.0000e+00     1.9367e-02  0.0000e+00     2.5869e-03  0.0000e+00 
1.4987e-01     3.2548e+00  0.0000e+00     4.8781e-01  0.0000e+00     1.3324e-01  0.0000e+00     1.9969e-02  0.0000e+00 
1.6816e-01     8.2642e-01  0.0000e+00     1.3897e-01  0.0000e+00     3.7959e-02  0.0000e+00     6.3831e-03  0.0000e+00 
1.8868e-01     5.7120e-01  0.0000e+00     1.0777e-01  0.0000e+00     2.9438e-02  0.0000e+00     5.5542e-03  0.0000e+00 
2.1170e-01     7.1003e-01  0.0000e+00     1.5031e-01  0.0000e+00     4.1058e-02  0.0000e+00     8.6919e-03  0.0000e+00 
2.3753e-01     7.5222e-01  0.0000e+00     1.7867e-01  0.0000e+00     4.8804e-02  0.0000e+00     1.1593e-02  0.0000e+00 
2.6651e-01     2.7668e-01  0.0000e+00     7.3739e-02  0.0000e+00     2.0141e-02  0.0000e+00     5.3680e-03  0.0000e+00 
2.9903e-01     2.3711e-01  0.0000e+00     7.0902e-02  0.0000e+00     1.9367e-02  0.0000e+00     5.7913e-03  0.0000e+00 
3.3552e-01     1.3947e+00  0.0000e+00     4.6796e-01  0.0000e+00     1.2782e-01  0.0000e+00     4.2887e-02  0.0000e+00 
3.7646e-01     1.0020e+00  0.0000e+00     3.7720e-01  0.0000e+00     1.0303e-01  0.0000e+00     3.8787e-02  0.0000e+00 
4.2240e-01     3.9615e-01  0.0000e+00     1.6733e-01  0.0000e+00     4.5706e-02  0.0000e+00     1.9306e-02  0.0000e+00 
4.7394e-01     4.5480e-01  0.0000e+00     2.1554e-01  0.0000e+00     5.8875e-02  0.0000e+00     2.7903e-02  0.0000e+00 
5.3176e-01     2.7200e-01  0.0000e+00     1.4464e-01  0.0000e+00     3.9508e-02  0.0000e+00     2.1009e-02  0.0000e+00 
5.9665e-01     1.3309e-01  0.0000e+00     7.9411e-02  0.0000e+00     2.1691e-02  0.0000e+00     1.2942e-02  0.0000e+00 
6.6945e-01     1.8640e-01  0.0000e+00     1.2479e-01  0.0000e+00     3.4086e-02  0.0000e+00     2.2819e-02  0.0000e+00 
7.5114e-01     1.8501e-01  0.0000e+00     1.3897e-01  0.0000e+00     3.7959e-02  0.0000e+00     2.8512e-02  0.0000e+00 
8.4279e-01     9.4224e-02  0.0000e+00     7.9411e-02  0.0000e+00     2.1691e-02  0.0000e+00     1.8281e-02  0.0000e+00 
9.4563e-01     5.0986e-02  0.0000e+00     4.8214e-02  0.0000e+00     1.3169e-02  0.0000e+00     1.2453e-02  0.0000e+00 
1.0610e+00     2.9403e-02  0.0000e+00     3.1197e-02  0.0000e+00     8.5214e-03  0.0000e+00     9.0413e-03  0.0000e+00 
1.1905e+00     2.6206e-02  0.0000e+00     3.1197e-02  0.0000e+00     8.5214e-03  0.0000e+00     1.0144e-02  0.0000e+00 
1.3357e+00     1.9109e-02  0.0000e+00     2.5525e-02  0.0000e+00     6.9721e-03  0.0000e+00     9.3128e-03  0.0000e+00 
1.4987e+00     3.7847e-03  0.0000e+00     5.6722e-03  0.0000e+00     1.5493e-03  0.0000e+00     2.3220e-03  0.0000e+00 
1.6816e+00     0.0000e+00  0.0000e+00     0.0000e+00  0.0000e+00     0.0000e+00  0.0000e+00     0.0000e+00  0.0000e+00 
1.8868e+00     1.5032e-03  0.0000e+00     2.8361e-03  0.0000e+00     7.7467e-04  0.0000e+00     1.4616e-03  0.0000e+00 
2.1170e+00     0.0000e+00  0.0000e+00     0.0000e+00  0.0000e+00     0.0000e+00  0.0000e+00     0.0000e+00  0.0000e+00 
2.3753e+00     0.0000e+00  0.0000e+00     0.0000e+00  0.0000e+00     0.0000e+00  0.0000e+00     0.0000e+00  0.0000e+00 
2.6651e+00     0.0000e+00  0.0000e+00     0.0000e+00  0.0000e+00     0.0000e+00  0.0000e+00     0.0000e+00  0.0000e+00 
2.9903e+00     0.0000e+00  0.0000e+00     0.0000e+00  0.0000e+00     0.0000e+00  0.0000e+00     0.0000e+00  0.0000e+00 
3.3552e+00     0.0000e+00  0.0000e+00     0.0000e+00  0.0000e+00     0.0000e+00  0.0000e+00     0.0000e+00  0.0000e+00 
3.7646e+00     0.0000e+00  0.0000e+00     0.0000e+00  0.0000e+00     0.0000e+00  0.0000e+00     0.0000e+00  0.0000e+00 
4.2240e+00     0.0000e+00  0.0000e+00     0.0000e+00  0.0000e+00     0.0000e+00  0.0000e+00     0.0000e+00  0.0000e+00 
4.7394e+00     0.0000e+00  0.0000e+00     0.0000e+00  0.0000e+00     0.0000e+00  0.0000e+00     0.0000e+00  0.0000e+00 
5.3176e+00     0.0000e+00  0.0000e+00     0.0000e+00  0.0000e+00     0.0000e+00  0.0000e+00     0.0000e+00  0.0000e+00 
5.9665e+00     1.2644e-01  0.0000e+00     7.5440e-01  0.0000e+00     2.0606e-01  0.0000e+00     1.2295e+00  0.0000e+00 
6.6945e+00     1.7369e-02  0.0000e+00     1.1628e-01  0.0000e+00     3.1762e-02  0.0000e+00     2.1263e-01  0.0000e+00 
7.5114e+00     4.1533e-03  0.0000e+00     3.1197e-02  0.0000e+00     8.5214e-03  0.0000e+00     6.4007e-02  0.0000e+00 
8.4279e+00     2.0191e-02  0.0000e+00     1.7017e-01  0.0000e+00     4.6480e-02  0.0000e+00     3.9173e-01  0.0000e+00 
9.4563e+00     1.7695e-02  0.0000e+00     1.6733e-01  0.0000e+00     4.5706e-02  0.0000e+00     4.3220e-01  0.0000e+00 
1.0610e+01     1.7107e-02  0.0000e+00     1.8151e-01  0.0000e+00     4.9579e-02  0.0000e+00     5.2604e-01  0.0000e+00 
1.1905e+01     1.4056e-02  0.0000e+00     1.6733e-01  0.0000e+00     4.5706e-02  0.0000e+00     5.4411e-01  0.0000e+00 
1.3357e+01     1.0404e-02  0.0000e+00     1.3897e-01  0.0000e+00     3.7959e-02  0.0000e+00     5.0703e-01  0.0000e+00 
1.4987e+01     8.3264e-03  0.0000e+00     1.2479e-01  0.0000e+00     3.4086e-02  0.0000e+00     5.1085e-01  0.0000e+00 
1.6816e+01     3.7104e-03  0.0000e+00     6.2394e-02  0.0000e+00     1.7043e-02  0.0000e+00     2.8659e-01  0.0000e+00 
1.8868e+01     2.4050e-03  0.0000e+00     4.5378e-02  0.0000e+00     1.2395e-02  0.0000e+00     2.3386e-01  0.0000e+00 
2.1170e+01     2.9473e-03  0.0000e+00     6.2394e-02  0.0000e+00     1.7043e-02  0.0000e+00     3.6079e-01  0.0000e+00 
2.3753e+01     1.9104e-03  0.0000e+00     4.5378e-02  0.0000e+00     1.2395e-02  0.0000e+00     2.9441e-01  0.0000e+00 
2.6651e+01     2.5540e-03  0.0000e+00     6.8066e-02  0.0000e+00     1.8592e-02  0.0000e+00     4.9551e-01  0.0000e+00 
2.9903e+01     1.1381e-03  0.0000e+00     3.4033e-02  0.0000e+00     9.2961e-03  0.0000e+00     2.7798e-01  0.0000e+00 
3.3552e+01     1.5215e-03  0.0000e+00     5.1050e-02  0.0000e+00     1.3944e-02  0.0000e+00     4.6785e-01  0.0000e+00 
3.7646e+01     6.0269e-04  0.0000e+00     2.2689e-02  0.0000e+00     6.1974e-03  0.0000e+00     2.3331e-01  0.0000e+00 
4.2240e+01     5.3715e-04  0.0000e+00     2.2689e-02  0.0000e+00     6.1974e-03  0.0000e+00     2.6177e-01  0.0000e+00 
4.7394e+01     4.7873e-04  0.0000e+00     2.2689e-02  0.0000e+00     6.1974e-03  0.0000e+00     2.9372e-01  0.0000e+00 
5.3176e+01     3.2000e-04  0.0000e+00     1.7017e-02  0.0000e+00     4.6480e-03  0.0000e+00     2.4717e-01  0.0000e+00 
5.9665e+01     1.4260e-04  0.0000e+00     8.5083e-03  0.0000e+00     2.3240e-03  0.0000e+00     1.3866e-01  0.0000e+00 
6.6945e+01     4.2365e-05  0.0000e+00     2.8361e-03  0.0000e+00     7.7467e-04  0.0000e+00     5.1861e-02  0.0000e+00 
7.5114e+01     7.5515e-05  0.0000e+00     5.6722e-03  0.0000e+00     1.5493e-03  0.0000e+00     1.1638e-01  0.0000e+00 
8.4279e+01     0.0000e+00  0.0000e+00     0.0000e+00  0.0000e+00     0.0000e+00  0.0000e+00     0.0000e+00  0.0000e+00 
9.4563e+01     0.0000e+00  0.0000e+00     0.0000e+00  0.0000e+00     0.0000e+00  0.0000e+00     0.0000e+00  0.0000e+00 
1.0610e+02     2.6730e-05  0.0000e+00     2.8361e-03  0.0000e+00     7.7467e-04  0.0000e+00     8.2194e-02  0.0000e+00 
1.1905e+02     0.0000e+00  0.0000e+00     0.0000e+00  0.0000e+00     0.0000e+00  0.0000e+00     0.0000e+00  0.0000e+00 
1.3357e+02     0.0000e+00  0.0000e+00     0.0000e+00  0.0000e+00     0.0000e+00  0.0000e+00     0.0000e+00  0.0000e+00 
1.4987e+02     0.0000e+00  0.0000e+00     0.0000e+00  0.0000e+00     0.0000e+00  0.0000e+00     0.0000e+00  0.0000e+00 
1.6816e+02     0.0000e+00  0.0000e+00     0.0000e+00  0.0000e+00     0.0000e+00  0.0000e+00     0.0000e+00  0.0000e+00 
1.8868e+02     0.0000e+00  0.0000e+00     0.0000e+00  0.0000e+00     0.0000e+00  0.0000e+00     0.0000e+00  0.0000e+00 
2.1170e+02     0.0000e+00  0.0000e+00     0.0000e+00  0.0000e+00     0.0000e+00  0.0000e+00     0.0000e+00  0.0000e+00 
2.3753e+02     0.0000e+00  0.0000e+00     0.0000e+00  0.0000e+00     0.0000e+00  0.0000e+00     0.0000e+00  0.0000e+00 
2.6651e+02     0.0000e+00  0.0000e+00     0.0000e+00  0.0000e+00     0.0000e+00  0.0000e+00     0.0000e+00  0.0000e+00 
2.9903e+02     0.0000e+00  0.0000e+00     0.0000e+00  0.0000e+00     0.0000e+00  0.0000e+00     0.0000e+00  0.0000e+00 
3.3552e+02     0.0000e+00  0.0000e+00     0.0000e+00  0.0000e+00     0.0000e+00  0.0000e+00     0.0000e+00  0.0000e+00 
3.7646e+02     0.0000e+00  0.0000e+00     0.0000e+00  0.0000e+00     0.0000e+00  0.0000e+00     0.0000e+00  0.0000e+00 
4.2240e+02     0.0000e+00  0.0000e+00     0.0000e+00  0.0000e+00     0.0000e+00  0.0000e+00     0.0000e+00  0.0000e+00 
4.7394e+02     0.0000e+00  0.0000e+00     0.0000e+00  0.0000e+00     0.0000e+00  0.0000e+00     0.0000e+00  0.0000e+00 
5.3176e+02     0.0000e+00  0.0000e+00     0.0000e+00  0.0000e+00     0.0000e+00  0.0000e+00     0.0000e+00  0.0000e+00 
5.9665e+02     0.0000e+00  0.0000e+00     0.0000e+00  0.0000e+00     0.0000e+00  0.0000e+00     0.0000e+00  0.0000e+00 
6.6945e+02     0.0000e+00  0.0000e+00     0.0000e+00  0.0000e+00     0.0000e+00  0.0000e+00     0.0000e+00  0.0000e+00 
7.5114e+02     0.0000e+00  0.0000e+00     0.0000e+00  0.0000e+00     0.0000e+00  0.0000e+00     0.0000e+00  0.0000e+00 
8.4279e+02     0.0000e+00  0.0000e+00     0.0000e+00  0.0000e+00     0.0000e+00  0.0000e+00     0.0000e+00  0.0000e+00 
9.4563e+02     0.0000e+00  0.0000e+00     0.0000e+00  0.0000e+00     0.0000e+00  0.0000e+00     0.0000e+00  0.0000e+00 
1.0610e+03     0.0000e+00  0.0000e+00     0.0000e+00  0.0000e+00     0.0000e+00  0.0000e+00     0.0000e+00  0.0000e+00 
1.1905e+03     0.0000e+00  0.0000e+00     0.0000e+00  0.0000e+00     0.0000e+00  0.0000e+00     0.0000e+00  0.0000e+00 
1.3357e+03     0.0000e+00  0.0000e+00     0.0000e+00  0.0000e+00     0.0000e+00  0.0000e+00     0.0000e+00  0.0000e+00 
1.4987e+03     0.0000e+00  0.0000e+00     0.0000e+00  0.0000e+00     0.0000e+00  0.0000e+00     0.0000e+00  0.0000e+00 
1.6816e+03     0.0000e+00  0.0000e+00     0.0000e+00  0.0000e+00     0.0000e+00  0.0000e+00     0.0000e+00  0.0000e+00 
1.8868e+03     0.0000e+00  0.0000e+00     0.0000e+00  0.0000e+00     0.0000e+00  0.0000e+00     0.0000e+00  0.0000e+00 
2.1170e+03     0.0000e+00  0.0000e+00     0.0000e+00  0.0000e+00     0.0000e+00  0.0000e+00     0.0000e+00  0.0000e+00 
2.3753e+03     0.0000e+00  0.0000e+00     0.0000e+00  0.0000e+00     0.0000e+00  0.0000e+00     0.0000e+00  0.0000e+00 
2.6651e+03     0.0000e+00  0.0000e+00     0.0000e+00  0.0000e+00     0.0000e+00  0.0000e+00     0.0000e+00  0.0000e+00 
2.9903e+03     0.0000e+00  0.0000e+00     0.0000e+00  0.0000e+00     0.0000e+00  0.0000e+00     0.0000e+00  0.0000e+00 
3.3552e+03     0.0000e+00  0.0000e+00     0.0000e+00  0.0000e+00     0.0000e+00  0.0000e+00     0.0000e+00  0.0000e+00 
3.7646e+03     0.0000e+00  0.0000e+00     0.0000e+00  0.0000e+00     0.0000e+00  0.0000e+00     0.0000e+00  0.0000e+00 
4.2240e+03     0.0000e+00  0.0000e+00     0.0000e+00  0.0000e+00     0.0000e+00  0.0000e+00     0.0000e+00  0.0000e+00 
4.7394e+03     0.0000e+00  0.0000e+00     0.0000e+00  0.0000e+00     0.0000e+00  0.0000e+00     0.0000e+00  0.0000e+00 
5.3176e+03     0.0000e+00  0.0000e+00     0.0000e+00  0.0000e+00     0.0000e+00  0.0000e+00     0.0000e+00  0.0000e+00 
5.9665e+03     0.0000e+00  0.0000e+00     0.0000e+00  0.0000e+00     0.0000e+00  0.0000e+00     0.0000e+00  0.0000e+00 
6.6945e+03     0.0000e+00  0.0000e+00     0.0000e+00  0.0000e+00     0.0000e+00  0.0000e+00     0.0000e+00  0.0000e+00 
7.5114e+03     0.0000e+00  0.0000e+00     0.0000e+00  0.0000e+00     0.0000e+00  0.0000e+00     0.0000e+00  0.0000e+00 
8.4279e+03     0.0000e+00  0.0000e+00     0.0000e+00  0.0000e+00     0.0000e+00  0.0000e+00     0.0000e+00  0.0000e+00 
9.4563e+03     0.0000e+00  0.0000e+00     0.0000e+00  0.0000e+00     0.0000e+00  0.0000e+00     0.0000e+00  0.0000e+00 
