yF = 4.4901e+00 (std: 0.0000e+00) keV/um
yD = 2.1480e+01 (std: 0.0000e+00) keV/um
y (keV/um)     f(y)(std)                  yf(y)(std)                 d(y)(std)                  yd(y)(std)  
1.0610e-01     2.5628e+01  0.0000e+00     2.7191e+00  0.0000e+00     6.0559e-01  0.0000e+00     6.4253e-02  0.0000e+00 
1.1905e-01     1.3704e+00  0.0000e+00     1.6315e-01  0.0000e+00     3.6335e-02  0.0000e+00     4.3256e-03  0.0000e+00 
1.3357e-01     6.4285e-01  0.0000e+00     8.5867e-02  0.0000e+00     1.9124e-02  0.0000e+00     2.5544e-03  0.0000e+00 
1.4987e-01     2.6355e+00  0.0000e+00     3.9499e-01  0.0000e+00     8.7970e-02  0.0000e+00     1.3184e-02  0.0000e+00 
1.6816e-01     8.1701e-01  0.0000e+00     1.3739e-01  0.0000e+00     3.0598e-02  0.0000e+00     5.1453e-03  0.0000e+00 
1.8868e-01     6.9782e-01  0.0000e+00     1.3166e-01  0.0000e+00     2.9323e-02  0.0000e+00     5.5326e-03  0.0000e+00 
2.1170e-01     5.8137e-01  0.0000e+00     1.2308e-01  0.0000e+00     2.7411e-02  0.0000e+00     5.8029e-03  0.0000e+00 
2.3753e-01     6.2660e-01  0.0000e+00     1.4884e-01  0.0000e+00     3.3148e-02  0.0000e+00     7.8737e-03  0.0000e+00 
2.6651e-01     2.5775e-01  0.0000e+00     6.8694e-02  0.0000e+00     1.5299e-02  0.0000e+00     4.0774e-03  0.0000e+00 
2.9903e-01     1.9143e-01  0.0000e+00     5.7245e-02  0.0000e+00     1.2749e-02  0.0000e+00     3.8124e-03  0.0000e+00 
3.3552e-01     1.2967e+00  0.0000e+00     4.3506e-01  0.0000e+00     9.6894e-02  0.0000e+00     3.2510e-02  0.0000e+00 
3.7646e-01     9.9600e-01  0.0000e+00     3.7495e-01  0.0000e+00     8.3507e-02  0.0000e+00     3.1437e-02  0.0000e+00 
4.2240e-01     3.7269e-01  0.0000e+00     1.5742e-01  0.0000e+00     3.5060e-02  0.0000e+00     1.4809e-02  0.0000e+00 
4.7394e-01     3.7444e-01  0.0000e+00     1.7746e-01  0.0000e+00     3.9523e-02  0.0000e+00     1.8731e-02  0.0000e+00 
5.3176e-01     2.7451e-01  0.0000e+00     1.4597e-01  0.0000e+00     3.2511e-02  0.0000e+00     1.7288e-02  0.0000e+00 
5.9665e-01     1.4392e-01  0.0000e+00     8.5867e-02  0.0000e+00     1.9124e-02  0.0000e+00     1.1410e-02  0.0000e+00 
6.6945e-01     2.1805e-01  0.0000e+00     1.4597e-01  0.0000e+00     3.2511e-02  0.0000e+00     2.1764e-02  0.0000e+00 
7.5114e-01     2.8960e-01  0.0000e+00     2.1753e-01  0.0000e+00     4.8447e-02  0.0000e+00     3.6390e-02  0.0000e+00 
8.4279e-01     7.8111e-02  0.0000e+00     6.5831e-02  0.0000e+00     1.4662e-02  0.0000e+00     1.2357e-02  0.0000e+00 
9.4563e-01     6.0536e-02  0.0000e+00     5.7245e-02  0.0000e+00     1.2749e-02  0.0000e+00     1.2056e-02  0.0000e+00 
1.0610e+00     3.7767e-02  0.0000e+00     4.0071e-02  0.0000e+00     8.9245e-03  0.0000e+00     9.4689e-03  0.0000e+00 
1.1905e+00     2.1639e-02  0.0000e+00     2.5760e-02  0.0000e+00     5.7372e-03  0.0000e+00     6.8299e-03  0.0000e+00 
1.3357e+00     6.4285e-03  0.0000e+00     8.5867e-03  0.0000e+00     1.9124e-03  0.0000e+00     2.5544e-03  0.0000e+00 
1.4987e+00     5.7294e-03  0.0000e+00     8.5867e-03  0.0000e+00     1.9124e-03  0.0000e+00     2.8661e-03  0.0000e+00 
1.6816e+00     0.0000e+00  0.0000e+00     0.0000e+00  0.0000e+00     0.0000e+00  0.0000e+00     0.0000e+00  0.0000e+00 
1.8868e+00     3.0340e-03  0.0000e+00     5.7245e-03  0.0000e+00     1.2749e-03  0.0000e+00     2.4055e-03  0.0000e+00 
2.1170e+00     0.0000e+00  0.0000e+00     0.0000e+00  0.0000e+00     0.0000e+00  0.0000e+00     0.0000e+00  0.0000e+00 
2.3753e+00     0.0000e+00  0.0000e+00     0.0000e+00  0.0000e+00     0.0000e+00  0.0000e+00     0.0000e+00  0.0000e+00 
2.6651e+00     0.0000e+00  0.0000e+00     0.0000e+00  0.0000e+00     0.0000e+00  0.0000e+00     0.0000e+00  0.0000e+00 
2.9903e+00     0.0000e+00  0.0000e+00     0.0000e+00  0.0000e+00     0.0000e+00  0.0000e+00     0.0000e+00  0.0000e+00 
3.3552e+00     0.0000e+00  0.0000e+00     0.0000e+00  0.0000e+00     0.0000e+00  0.0000e+00     0.0000e+00  0.0000e+00 
3.7646e+00     0.0000e+00  0.0000e+00     0.0000e+00  0.0000e+00     0.0000e+00  0.0000e+00     0.0000e+00  0.0000e+00 
4.2240e+00     0.0000e+00  0.0000e+00     0.0000e+00  0.0000e+00     0.0000e+00  0.0000e+00     0.0000e+00  0.0000e+00 
4.7394e+00     0.0000e+00  0.0000e+00     0.0000e+00  0.0000e+00     0.0000e+00  0.0000e+00     0.0000e+00  0.0000e+00 
5.3176e+00     0.0000e+00  0.0000e+00     0.0000e+00  0.0000e+00     0.0000e+00  0.0000e+00     0.0000e+00  0.0000e+00 
5.9665e+00     1.2713e-01  0.0000e+00     7.5849e-01  0.0000e+00     1.6893e-01  0.0000e+00     1.0079e+00  0.0000e+00 
6.6945e+00     2.3515e-02  0.0000e+00     1.5742e-01  0.0000e+00     3.5060e-02  0.0000e+00     2.3471e-01  0.0000e+00 
7.5114e+00     8.0021e-03  0.0000e+00     6.0107e-02  0.0000e+00     1.3387e-02  0.0000e+00     1.0055e-01  0.0000e+00 
8.4279e+00     2.3433e-02  0.0000e+00     1.9749e-01  0.0000e+00     4.3985e-02  0.0000e+00     3.7070e-01  0.0000e+00 
9.4563e+00     1.6648e-02  0.0000e+00     1.5742e-01  0.0000e+00     3.5060e-02  0.0000e+00     3.3154e-01  0.0000e+00 
1.0610e+01     2.0772e-02  0.0000e+00     2.2039e-01  0.0000e+00     4.9085e-02  0.0000e+00     5.2079e-01  0.0000e+00 
1.1905e+01     1.8273e-02  0.0000e+00     2.1753e-01  0.0000e+00     4.8447e-02  0.0000e+00     5.7675e-01  0.0000e+00 
1.3357e+01     1.1357e-02  0.0000e+00     1.5170e-01  0.0000e+00     3.3785e-02  0.0000e+00     4.5128e-01  0.0000e+00 
1.4987e+01     6.8753e-03  0.0000e+00     1.0304e-01  0.0000e+00     2.2949e-02  0.0000e+00     3.4393e-01  0.0000e+00 
1.6816e+01     5.9574e-03  0.0000e+00     1.0018e-01  0.0000e+00     2.2311e-02  0.0000e+00     3.7518e-01  0.0000e+00 
1.8868e+01     3.7925e-03  0.0000e+00     7.1556e-02  0.0000e+00     1.5937e-02  0.0000e+00     3.0069e-01  0.0000e+00 
2.1170e+01     3.9209e-03  0.0000e+00     8.3005e-02  0.0000e+00     1.8486e-02  0.0000e+00     3.9136e-01  0.0000e+00 
2.3753e+01     4.3380e-03  0.0000e+00     1.0304e-01  0.0000e+00     2.2949e-02  0.0000e+00     5.4510e-01  0.0000e+00 
2.6651e+01     2.2553e-03  0.0000e+00     6.0107e-02  0.0000e+00     1.3387e-02  0.0000e+00     3.5677e-01  0.0000e+00 
2.9903e+01     1.8186e-03  0.0000e+00     5.4383e-02  0.0000e+00     1.2112e-02  0.0000e+00     3.6218e-01  0.0000e+00 
3.3552e+01     1.6208e-03  0.0000e+00     5.4383e-02  0.0000e+00     1.2112e-02  0.0000e+00     4.0637e-01  0.0000e+00 
3.7646e+01     1.7487e-03  0.0000e+00     6.5831e-02  0.0000e+00     1.4662e-02  0.0000e+00     5.5195e-01  0.0000e+00 
4.2240e+01     8.1314e-04  0.0000e+00     3.4347e-02  0.0000e+00     7.6495e-03  0.0000e+00     3.2311e-01  0.0000e+00 
4.7394e+01     4.8314e-04  0.0000e+00     2.2898e-02  0.0000e+00     5.0997e-03  0.0000e+00     2.4169e-01  0.0000e+00 
5.3176e+01     3.7678e-04  0.0000e+00     2.0036e-02  0.0000e+00     4.4622e-03  0.0000e+00     2.3729e-01  0.0000e+00 
5.9665e+01     4.7972e-05  0.0000e+00     2.8622e-03  0.0000e+00     6.3746e-04  0.0000e+00     3.8034e-02  0.0000e+00 
6.6945e+01     1.7102e-04  0.0000e+00     1.1449e-02  0.0000e+00     2.5498e-03  0.0000e+00     1.7070e-01  0.0000e+00 
7.5114e+01     0.0000e+00  0.0000e+00     0.0000e+00  0.0000e+00     0.0000e+00  0.0000e+00     0.0000e+00  0.0000e+00 
8.4279e+01     6.7923e-05  0.0000e+00     5.7245e-03  0.0000e+00     1.2749e-03  0.0000e+00     1.0745e-01  0.0000e+00 
9.4563e+01     0.0000e+00  0.0000e+00     0.0000e+00  0.0000e+00     0.0000e+00  0.0000e+00     0.0000e+00  0.0000e+00 
1.0610e+02     0.0000e+00  0.0000e+00     0.0000e+00  0.0000e+00     0.0000e+00  0.0000e+00     0.0000e+00  0.0000e+00 
1.1905e+02     0.0000e+00  0.0000e+00     0.0000e+00  0.0000e+00     0.0000e+00  0.0000e+00     0.0000e+00  0.0000e+00 
1.3357e+02     0.0000e+00  0.0000e+00     0.0000e+00  0.0000e+00     0.0000e+00  0.0000e+00     0.0000e+00  0.0000e+00 
1.4987e+02     0.0000e+00  0.0000e+00     0.0000e+00  0.0000e+00     0.0000e+00  0.0000e+00     0.0000e+00  0.0000e+00 
1.6816e+02     0.0000e+00  0.0000e+00     0.0000e+00  0.0000e+00     0.0000e+00  0.0000e+00     0.0000e+00  0.0000e+00 
1.8868e+02     0.0000e+00  0.0000e+00     0.0000e+00  0.0000e+00     0.0000e+00  0.0000e+00     0.0000e+00  0.0000e+00 
2.1170e+02     0.0000e+00  0.0000e+00     0.0000e+00  0.0000e+00     0.0000e+00  0.0000e+00     0.0000e+00  0.0000e+00 
2.3753e+02     0.0000e+00  0.0000e+00     0.0000e+00  0.0000e+00     0.0000e+00  0.0000e+00     0.0000e+00  0.0000e+00 
2.6651e+02     0.0000e+00  0.0000e+00     0.0000e+00  0.0000e+00     0.0000e+00  0.0000e+00     0.0000e+00  0.0000e+00 
2.9903e+02     0.0000e+00  0.0000e+00     0.0000e+00  0.0000e+00     0.0000e+00  0.0000e+00     0.0000e+00  0.0000e+00 
3.3552e+02     0.0000e+00  0.0000e+00     0.0000e+00  0.0000e+00     0.0000e+00  0.0000e+00     0.0000e+00  0.0000e+00 
3.7646e+02     0.0000e+00  0.0000e+00     0.0000e+00  0.0000e+00     0.0000e+00  0.0000e+00     0.0000e+00  0.0000e+00 
4.2240e+02     0.0000e+00  0.0000e+00     0.0000e+00  0.0000e+00     0.0000e+00  0.0000e+00     0.0000e+00  0.0000e+00 
4.7394e+02     0.0000e+00  0.0000e+00     0.0000e+00  0.0000e+00     0.0000e+00  0.0000e+00     0.0000e+00  0.0000e+00 
5.3176e+02     0.0000e+00  0.0000e+00     0.0000e+00  0.0000e+00     0.0000e+00  0.0000e+00     0.0000e+00  0.0000e+00 
5.9665e+02     0.0000e+00  0.0000e+00     0.0000e+00  0.0000e+00     0.0000e+00  0.0000e+00     0.0000e+00  0.0000e+00 
6.6945e+02     0.0000e+00  0.0000e+00     0.0000e+00  0.0000e+00     0.0000e+00  0.0000e+00     0.0000e+00  0.0000e+00 
7.5114e+02     0.0000e+00  0.0000e+00     0.0000e+00  0.0000e+00     0.0000e+00  0.0000e+00     0.0000e+00  0.0000e+00 
8.4279e+02     0.0000e+00  0.0000e+00     0.0000e+00  0.0000e+00     0.0000e+00  0.0000e+00     0.0000e+00  0.0000e+00 
9.4563e+02     0.0000e+00  0.0000e+00     0.0000e+00  0.0000e+00     0.0000e+00  0.0000e+00     0.0000e+00  0.0000e+00 
1.0610e+03     0.0000e+00  0.0000e+00     0.0000e+00  0.0000e+00     0.0000e+00  0.0000e+00     0.0000e+00  0.0000e+00 
1.1905e+03     0.0000e+00  0.0000e+00     0.0000e+00  0.0000e+00     0.0000e+00  0.0000e+00     0.0000e+00  0.0000e+00 
1.3357e+03     0.0000e+00  0.0000e+00     0.0000e+00  0.0000e+00     0.0000e+00  0.0000e+00     0.0000e+00  0.0000e+00 
1.4987e+03     0.0000e+00  0.0000e+00     0.0000e+00  0.0000e+00     0.0000e+00  0.0000e+00     0.0000e+00  0.0000e+00 
1.6816e+03     0.0000e+00  0.0000e+00     0.0000e+00  0.0000e+00     0.0000e+00  0.0000e+00     0.0000e+00  0.0000e+00 
1.8868e+03     0.0000e+00  0.0000e+00     0.0000e+00  0.0000e+00     0.0000e+00  0.0000e+00     0.0000e+00  0.0000e+00 
2.1170e+03     0.0000e+00  0.0000e+00     0.0000e+00  0.0000e+00     0.0000e+00  0.0000e+00     0.0000e+00  0.0000e+00 
2.3753e+03     0.0000e+00  0.0000e+00     0.0000e+00  0.0000e+00     0.0000e+00  0.0000e+00     0.0000e+00  0.0000e+00 
2.6651e+03     0.0000e+00  0.0000e+00     0.0000e+00  0.0000e+00     0.0000e+00  0.0000e+00     0.0000e+00  0.0000e+00 
2.9903e+03     0.0000e+00  0.0000e+00     0.0000e+00  0.0000e+00     0.0000e+00  0.0000e+00     0.0000e+00  0.0000e+00 
3.3552e+03     0.0000e+00  0.0000e+00     0.0000e+00  0.0000e+00     0.0000e+00  0.0000e+00     0.0000e+00  0.0000e+00 
3.7646e+03     0.0000e+00  0.0000e+00     0.0000e+00  0.0000e+00     0.0000e+00  0.0000e+00     0.0000e+00  0.0000e+00 
4.2240e+03     0.0000e+00  0.0000e+00     0.0000e+00  0.0000e+00     0.0000e+00  0.0000e+00     0.0000e+00  0.0000e+00 
4.7394e+03     0.0000e+00  0.0000e+00     0.0000e+00  0.0000e+00     0.0000e+00  0.0000e+00     0.0000e+00  0.0000e+00 
5.3176e+03     0.0000e+00  0.0000e+00     0.0000e+00  0.0000e+00     0.0000e+00  0.0000e+00     0.0000e+00  0.0000e+00 
5.9665e+03     0.0000e+00  0.0000e+00     0.0000e+00  0.0000e+00     0.0000e+00  0.0000e+00     0.0000e+00  0.0000e+00 
6.6945e+03     0.0000e+00  0.0000e+00     0.0000e+00  0.0000e+00     0.0000e+00  0.0000e+00     0.0000e+00  0.0000e+00 
7.5114e+03     0.0000e+00  0.0000e+00     0.0000e+00  0.0000e+00     0.0000e+00  0.0000e+00     0.0000e+00  0.0000e+00 
8.4279e+03     0.0000e+00  0.0000e+00     0.0000e+00  0.0000e+00     0.0000e+00  0.0000e+00     0.0000e+00  0.0000e+00 
9.4563e+03     0.0000e+00  0.0000e+00     0.0000e+00  0.0000e+00     0.0000e+00  0.0000e+00     0.0000e+00  0.0000e+00 
