yF = 4.2315e+00 (std: 0.0000e+00) keV/um
yD = 1.9298e+01 (std: 0.0000e+00) keV/um
y (keV/um)     f(y)(std)                  yf(y)(std)                 d(y)(std)                  yd(y)(std)  
1.0610e-01     2.6134e+01  0.0000e+00     2.7728e+00  0.0000e+00     6.5529e-01  0.0000e+00     6.9526e-02  0.0000e+00 
1.1905e-01     1.9751e+00  0.0000e+00     2.3512e-01  0.0000e+00     5.5566e-02  0.0000e+00     6.6149e-03  0.0000e+00 
1.3357e-01     5.2385e-01  0.0000e+00     6.9972e-02  0.0000e+00     1.6536e-02  0.0000e+00     2.2088e-03  0.0000e+00 
1.4987e-01     2.9376e+00  0.0000e+00     4.4026e-01  0.0000e+00     1.0404e-01  0.0000e+00     1.5593e-02  0.0000e+00 
1.6816e-01     8.7357e-01  0.0000e+00     1.4690e-01  0.0000e+00     3.4716e-02  0.0000e+00     5.8378e-03  0.0000e+00 
1.8868e-01     5.5514e-01  0.0000e+00     1.0474e-01  0.0000e+00     2.4753e-02  0.0000e+00     4.6703e-03  0.0000e+00 
2.1170e-01     6.2000e-01  0.0000e+00     1.3125e-01  0.0000e+00     3.1018e-02  0.0000e+00     6.5665e-03  0.0000e+00 
2.3753e-01     5.6904e-01  0.0000e+00     1.3516e-01  0.0000e+00     3.1943e-02  0.0000e+00     7.5873e-03  0.0000e+00 
2.6651e-01     2.6744e-01  0.0000e+00     7.1276e-02  0.0000e+00     1.6844e-02  0.0000e+00     4.4892e-03  0.0000e+00 
2.9903e-01     2.4344e-01  0.0000e+00     7.2797e-02  0.0000e+00     1.7204e-02  0.0000e+00     5.1445e-03  0.0000e+00 
3.3552e-01     1.3828e+00  0.0000e+00     4.6395e-01  0.0000e+00     1.0964e-01  0.0000e+00     3.6787e-02  0.0000e+00 
3.7646e-01     9.3974e-01  0.0000e+00     3.5377e-01  0.0000e+00     8.3605e-02  0.0000e+00     3.1474e-02  0.0000e+00 
4.2240e-01     3.9305e-01  0.0000e+00     1.6602e-01  0.0000e+00     3.9235e-02  0.0000e+00     1.6573e-02  0.0000e+00 
4.7394e-01     3.8102e-01  0.0000e+00     1.8058e-01  0.0000e+00     4.2676e-02  0.0000e+00     2.0226e-02  0.0000e+00 
5.3176e-01     2.3702e-01  0.0000e+00     1.2604e-01  0.0000e+00     2.9786e-02  0.0000e+00     1.5839e-02  0.0000e+00 
5.9665e-01     1.1473e-01  0.0000e+00     6.8451e-02  0.0000e+00     1.6177e-02  0.0000e+00     9.6518e-03  0.0000e+00 
6.6945e-01     2.1359e-01  0.0000e+00     1.4299e-01  0.0000e+00     3.3791e-02  0.0000e+00     2.2622e-02  0.0000e+00 
7.5114e-01     1.7213e-01  0.0000e+00     1.2930e-01  0.0000e+00     3.0556e-02  0.0000e+00     2.2952e-02  0.0000e+00 
8.4279e-01     7.6579e-02  0.0000e+00     6.4540e-02  0.0000e+00     1.5252e-02  0.0000e+00     1.2855e-02  0.0000e+00 
9.4563e-01     4.4122e-02  0.0000e+00     4.1723e-02  0.0000e+00     9.8601e-03  0.0000e+00     9.3240e-03  0.0000e+00 
1.0610e+00     3.4613e-02  0.0000e+00     3.6725e-02  0.0000e+00     8.6789e-03  0.0000e+00     9.2084e-03  0.0000e+00 
1.1905e+00     1.8984e-02  0.0000e+00     2.2600e-02  0.0000e+00     5.3409e-03  0.0000e+00     6.3582e-03  0.0000e+00 
1.3357e+00     1.0087e-02  0.0000e+00     1.3473e-02  0.0000e+00     3.1840e-03  0.0000e+00     4.2530e-03  0.0000e+00 
1.4987e+00     4.9298e-03  0.0000e+00     7.3884e-03  0.0000e+00     1.7461e-03  0.0000e+00     2.6168e-03  0.0000e+00 
1.6816e+00     1.5507e-03  0.0000e+00     2.6077e-03  0.0000e+00     6.1626e-04  0.0000e+00     1.0363e-03  0.0000e+00 
1.8868e+00     8.0621e-04  0.0000e+00     1.5211e-03  0.0000e+00     3.5948e-04  0.0000e+00     6.7826e-04  0.0000e+00 
2.1170e+00     1.0265e-04  0.0000e+00     2.1731e-04  0.0000e+00     5.1355e-05  0.0000e+00     1.0872e-04  0.0000e+00 
2.3753e+00     2.7446e-04  0.0000e+00     6.5192e-04  0.0000e+00     1.5406e-04  0.0000e+00     3.6595e-04  0.0000e+00 
2.6651e+00     0.0000e+00  0.0000e+00     0.0000e+00  0.0000e+00     0.0000e+00  0.0000e+00     0.0000e+00  0.0000e+00 
2.9903e+00     0.0000e+00  0.0000e+00     0.0000e+00  0.0000e+00     0.0000e+00  0.0000e+00     0.0000e+00  0.0000e+00 
3.3552e+00     0.0000e+00  0.0000e+00     0.0000e+00  0.0000e+00     0.0000e+00  0.0000e+00     0.0000e+00  0.0000e+00 
3.7646e+00     0.0000e+00  0.0000e+00     0.0000e+00  0.0000e+00     0.0000e+00  0.0000e+00     0.0000e+00  0.0000e+00 
4.2240e+00     0.0000e+00  0.0000e+00     0.0000e+00  0.0000e+00     0.0000e+00  0.0000e+00     0.0000e+00  0.0000e+00 
4.7394e+00     0.0000e+00  0.0000e+00     0.0000e+00  0.0000e+00     0.0000e+00  0.0000e+00     0.0000e+00  0.0000e+00 
5.3176e+00     0.0000e+00  0.0000e+00     0.0000e+00  0.0000e+00     0.0000e+00  0.0000e+00     0.0000e+00  0.0000e+00 
5.9665e+00     1.0285e-01  0.0000e+00     6.1367e-01  0.0000e+00     1.4503e-01  0.0000e+00     8.6529e-01  0.0000e+00 
6.6945e+00     2.0158e-02  0.0000e+00     1.3495e-01  0.0000e+00     3.1891e-02  0.0000e+00     2.1350e-01  0.0000e+00 
7.5114e+00     6.4225e-03  0.0000e+00     4.8242e-02  0.0000e+00     1.1401e-02  0.0000e+00     8.5635e-02  0.0000e+00 
8.4279e+00     2.6764e-02  0.0000e+00     2.2556e-01  0.0000e+00     5.3306e-02  0.0000e+00     4.4926e-01  0.0000e+00 
9.4563e+00     1.7419e-02  0.0000e+00     1.6472e-01  0.0000e+00     3.8927e-02  0.0000e+00     3.6810e-01  0.0000e+00 
1.0610e+01     3.8218e-02  0.0000e+00     4.0549e-01  0.0000e+00     9.5828e-02  0.0000e+00     1.0167e+00  0.0000e+00 
1.1905e+01     1.9221e-02  0.0000e+00     2.2882e-01  0.0000e+00     5.4076e-02  0.0000e+00     6.4377e-01  0.0000e+00 
1.3357e+01     1.4072e-02  0.0000e+00     1.8797e-01  0.0000e+00     4.4422e-02  0.0000e+00     5.9336e-01  0.0000e+00 
1.4987e+01     8.2357e-03  0.0000e+00     1.2343e-01  0.0000e+00     2.9169e-02  0.0000e+00     4.3717e-01  0.0000e+00 
1.6816e+01     4.5746e-03  0.0000e+00     7.6926e-02  0.0000e+00     1.8180e-02  0.0000e+00     3.0570e-01  0.0000e+00 
1.8868e+01     4.0195e-03  0.0000e+00     7.5840e-02  0.0000e+00     1.7923e-02  0.0000e+00     3.3816e-01  0.0000e+00 
2.1170e+01     3.5927e-03  0.0000e+00     7.6057e-02  0.0000e+00     1.7974e-02  0.0000e+00     3.8051e-01  0.0000e+00 
2.3753e+01     3.4673e-03  0.0000e+00     8.2359e-02  0.0000e+00     1.9463e-02  0.0000e+00     4.6232e-01  0.0000e+00 
2.6651e+01     1.9813e-03  0.0000e+00     5.2805e-02  0.0000e+00     1.2479e-02  0.0000e+00     3.3259e-01  0.0000e+00 
2.9903e+01     1.5551e-03  0.0000e+00     4.6503e-02  0.0000e+00     1.0990e-02  0.0000e+00     3.2863e-01  0.0000e+00 
3.3552e+01     1.3407e-03  0.0000e+00     4.4982e-02  0.0000e+00     1.0630e-02  0.0000e+00     3.5667e-01  0.0000e+00 
3.7646e+01     9.0048e-04  0.0000e+00     3.3900e-02  0.0000e+00     8.0113e-03  0.0000e+00     3.0159e-01  0.0000e+00 
4.2240e+01     5.5562e-04  0.0000e+00     2.3469e-02  0.0000e+00     5.5463e-03  0.0000e+00     2.3427e-01  0.0000e+00 
4.7394e+01     3.5306e-04  0.0000e+00     1.6733e-02  0.0000e+00     3.9543e-03  0.0000e+00     1.8741e-01  0.0000e+00 
5.3176e+01     2.2067e-04  0.0000e+00     1.1734e-02  0.0000e+00     2.7732e-03  0.0000e+00     1.4747e-01  0.0000e+00 
5.9665e+01     1.5297e-04  0.0000e+00     9.1268e-03  0.0000e+00     2.1569e-03  0.0000e+00     1.2869e-01  0.0000e+00 
6.6945e+01     7.1413e-05  0.0000e+00     4.7807e-03  0.0000e+00     1.1298e-03  0.0000e+00     7.5635e-02  0.0000e+00 
7.5114e+01     4.0502e-05  0.0000e+00     3.0423e-03  0.0000e+00     7.1897e-04  0.0000e+00     5.4004e-02  0.0000e+00 
8.4279e+01     2.5784e-06  0.0000e+00     2.1731e-04  0.0000e+00     5.1355e-05  0.0000e+00     4.3281e-03  0.0000e+00 
9.4563e+01     9.1920e-06  0.0000e+00     8.6922e-04  0.0000e+00     2.0542e-04  0.0000e+00     1.9425e-02  0.0000e+00 
1.0610e+02     2.0481e-06  0.0000e+00     2.1731e-04  0.0000e+00     5.1355e-05  0.0000e+00     5.4488e-03  0.0000e+00 
1.1905e+02     0.0000e+00  0.0000e+00     0.0000e+00  0.0000e+00     0.0000e+00  0.0000e+00     0.0000e+00  0.0000e+00 
1.3357e+02     0.0000e+00  0.0000e+00     0.0000e+00  0.0000e+00     0.0000e+00  0.0000e+00     0.0000e+00  0.0000e+00 
1.4987e+02     0.0000e+00  0.0000e+00     0.0000e+00  0.0000e+00     0.0000e+00  0.0000e+00     0.0000e+00  0.0000e+00 
1.6816e+02     1.2923e-06  0.0000e+00     2.1731e-04  0.0000e+00     5.1355e-05  0.0000e+00     8.6357e-03  0.0000e+00 
1.8868e+02     0.0000e+00  0.0000e+00     0.0000e+00  0.0000e+00     0.0000e+00  0.0000e+00     0.0000e+00  0.0000e+00 
2.1170e+02     0.0000e+00  0.0000e+00     0.0000e+00  0.0000e+00     0.0000e+00  0.0000e+00     0.0000e+00  0.0000e+00 
2.3753e+02     0.0000e+00  0.0000e+00     0.0000e+00  0.0000e+00     0.0000e+00  0.0000e+00     0.0000e+00  0.0000e+00 
2.6651e+02     0.0000e+00  0.0000e+00     0.0000e+00  0.0000e+00     0.0000e+00  0.0000e+00     0.0000e+00  0.0000e+00 
2.9903e+02     0.0000e+00  0.0000e+00     0.0000e+00  0.0000e+00     0.0000e+00  0.0000e+00     0.0000e+00  0.0000e+00 
3.3552e+02     0.0000e+00  0.0000e+00     0.0000e+00  0.0000e+00     0.0000e+00  0.0000e+00     0.0000e+00  0.0000e+00 
3.7646e+02     0.0000e+00  0.0000e+00     0.0000e+00  0.0000e+00     0.0000e+00  0.0000e+00     0.0000e+00  0.0000e+00 
4.2240e+02     0.0000e+00  0.0000e+00     0.0000e+00  0.0000e+00     0.0000e+00  0.0000e+00     0.0000e+00  0.0000e+00 
4.7394e+02     0.0000e+00  0.0000e+00     0.0000e+00  0.0000e+00     0.0000e+00  0.0000e+00     0.0000e+00  0.0000e+00 
5.3176e+02     0.0000e+00  0.0000e+00     0.0000e+00  0.0000e+00     0.0000e+00  0.0000e+00     0.0000e+00  0.0000e+00 
5.9665e+02     0.0000e+00  0.0000e+00     0.0000e+00  0.0000e+00     0.0000e+00  0.0000e+00     0.0000e+00  0.0000e+00 
6.6945e+02     0.0000e+00  0.0000e+00     0.0000e+00  0.0000e+00     0.0000e+00  0.0000e+00     0.0000e+00  0.0000e+00 
7.5114e+02     0.0000e+00  0.0000e+00     0.0000e+00  0.0000e+00     0.0000e+00  0.0000e+00     0.0000e+00  0.0000e+00 
8.4279e+02     0.0000e+00  0.0000e+00     0.0000e+00  0.0000e+00     0.0000e+00  0.0000e+00     0.0000e+00  0.0000e+00 
9.4563e+02     0.0000e+00  0.0000e+00     0.0000e+00  0.0000e+00     0.0000e+00  0.0000e+00     0.0000e+00  0.0000e+00 
1.0610e+03     0.0000e+00  0.0000e+00     0.0000e+00  0.0000e+00     0.0000e+00  0.0000e+00     0.0000e+00  0.0000e+00 
1.1905e+03     0.0000e+00  0.0000e+00     0.0000e+00  0.0000e+00     0.0000e+00  0.0000e+00     0.0000e+00  0.0000e+00 
1.3357e+03     0.0000e+00  0.0000e+00     0.0000e+00  0.0000e+00     0.0000e+00  0.0000e+00     0.0000e+00  0.0000e+00 
1.4987e+03     0.0000e+00  0.0000e+00     0.0000e+00  0.0000e+00     0.0000e+00  0.0000e+00     0.0000e+00  0.0000e+00 
1.6816e+03     0.0000e+00  0.0000e+00     0.0000e+00  0.0000e+00     0.0000e+00  0.0000e+00     0.0000e+00  0.0000e+00 
1.8868e+03     0.0000e+00  0.0000e+00     0.0000e+00  0.0000e+00     0.0000e+00  0.0000e+00     0.0000e+00  0.0000e+00 
2.1170e+03     0.0000e+00  0.0000e+00     0.0000e+00  0.0000e+00     0.0000e+00  0.0000e+00     0.0000e+00  0.0000e+00 
2.3753e+03     0.0000e+00  0.0000e+00     0.0000e+00  0.0000e+00     0.0000e+00  0.0000e+00     0.0000e+00  0.0000e+00 
2.6651e+03     0.0000e+00  0.0000e+00     0.0000e+00  0.0000e+00     0.0000e+00  0.0000e+00     0.0000e+00  0.0000e+00 
2.9903e+03     0.0000e+00  0.0000e+00     0.0000e+00  0.0000e+00     0.0000e+00  0.0000e+00     0.0000e+00  0.0000e+00 
3.3552e+03     0.0000e+00  0.0000e+00     0.0000e+00  0.0000e+00     0.0000e+00  0.0000e+00     0.0000e+00  0.0000e+00 
3.7646e+03     0.0000e+00  0.0000e+00     0.0000e+00  0.0000e+00     0.0000e+00  0.0000e+00     0.0000e+00  0.0000e+00 
4.2240e+03     0.0000e+00  0.0000e+00     0.0000e+00  0.0000e+00     0.0000e+00  0.0000e+00     0.0000e+00  0.0000e+00 
4.7394e+03     0.0000e+00  0.0000e+00     0.0000e+00  0.0000e+00     0.0000e+00  0.0000e+00     0.0000e+00  0.0000e+00 
5.3176e+03     0.0000e+00  0.0000e+00     0.0000e+00  0.0000e+00     0.0000e+00  0.0000e+00     0.0000e+00  0.0000e+00 
5.9665e+03     0.0000e+00  0.0000e+00     0.0000e+00  0.0000e+00     0.0000e+00  0.0000e+00     0.0000e+00  0.0000e+00 
6.6945e+03     0.0000e+00  0.0000e+00     0.0000e+00  0.0000e+00     0.0000e+00  0.0000e+00     0.0000e+00  0.0000e+00 
7.5114e+03     0.0000e+00  0.0000e+00     0.0000e+00  0.0000e+00     0.0000e+00  0.0000e+00     0.0000e+00  0.0000e+00 
8.4279e+03     0.0000e+00  0.0000e+00     0.0000e+00  0.0000e+00     0.0000e+00  0.0000e+00     0.0000e+00  0.0000e+00 
9.4563e+03     0.0000e+00  0.0000e+00     0.0000e+00  0.0000e+00     0.0000e+00  0.0000e+00     0.0000e+00  0.0000e+00 
