yF = 4.0543e+00 (std: 0.0000e+00) keV/um
yD = 2.0980e+01 (std: 0.0000e+00) keV/um
y (keV/um)     f(y)(std)                  yf(y)(std)                 d(y)(std)                  yd(y)(std)  
1.0610e-01     2.6932e+01  0.0000e+00     2.8575e+00  0.0000e+00     7.0481e-01  0.0000e+00     7.4781e-02  0.0000e+00 
1.1905e-01     2.0052e+00  0.0000e+00     2.3871e-01  0.0000e+00     5.8879e-02  0.0000e+00     7.0093e-03  0.0000e+00 
1.3357e-01     6.3075e-01  0.0000e+00     8.4252e-02  0.0000e+00     2.0781e-02  0.0000e+00     2.7757e-03  0.0000e+00 
1.4987e-01     3.1856e+00  0.0000e+00     4.7743e-01  0.0000e+00     1.1776e-01  0.0000e+00     1.7648e-02  0.0000e+00 
1.6816e-01     7.3066e-01  0.0000e+00     1.2287e-01  0.0000e+00     3.0305e-02  0.0000e+00     5.0961e-03  0.0000e+00 
1.8868e-01     4.2793e-01  0.0000e+00     8.0741e-02  0.0000e+00     1.9915e-02  0.0000e+00     3.7575e-03  0.0000e+00 
2.1170e-01     6.3013e-01  0.0000e+00     1.3340e-01  0.0000e+00     3.2903e-02  0.0000e+00     6.9655e-03  0.0000e+00 
2.3753e-01     5.3205e-01  0.0000e+00     1.2638e-01  0.0000e+00     3.1171e-02  0.0000e+00     7.4041e-03  0.0000e+00 
2.6651e-01     2.6344e-01  0.0000e+00     7.0210e-02  0.0000e+00     1.7317e-02  0.0000e+00     4.6153e-03  0.0000e+00 
2.9903e-01     1.5261e-01  0.0000e+00     4.5636e-02  0.0000e+00     1.1256e-02  0.0000e+00     3.3660e-03  0.0000e+00 
3.3552e-01     1.3497e+00  0.0000e+00     4.5285e-01  0.0000e+00     1.1170e-01  0.0000e+00     3.7476e-02  0.0000e+00 
3.7646e-01     9.8845e-01  0.0000e+00     3.7211e-01  0.0000e+00     9.1781e-02  0.0000e+00     3.4552e-02  0.0000e+00 
4.2240e-01     3.3244e-01  0.0000e+00     1.4042e-01  0.0000e+00     3.4634e-02  0.0000e+00     1.4629e-02  0.0000e+00 
4.7394e-01     4.9628e-01  0.0000e+00     2.3520e-01  0.0000e+00     5.8013e-02  0.0000e+00     2.7494e-02  0.0000e+00 
5.3176e-01     1.9145e-01  0.0000e+00     1.0180e-01  0.0000e+00     2.5110e-02  0.0000e+00     1.3353e-02  0.0000e+00 
5.9665e-01     1.4121e-01  0.0000e+00     8.4252e-02  0.0000e+00     2.0781e-02  0.0000e+00     1.2399e-02  0.0000e+00 
6.6945e-01     1.8878e-01  0.0000e+00     1.2638e-01  0.0000e+00     3.1171e-02  0.0000e+00     2.0867e-02  0.0000e+00 
7.5114e-01     2.0096e-01  0.0000e+00     1.5095e-01  0.0000e+00     3.7232e-02  0.0000e+00     2.7966e-02  0.0000e+00 
8.4279e-01     9.1637e-02  0.0000e+00     7.7231e-02  0.0000e+00     1.9049e-02  0.0000e+00     1.6054e-02  0.0000e+00 
9.4563e-01     4.4548e-02  0.0000e+00     4.2126e-02  0.0000e+00     1.0390e-02  0.0000e+00     9.8254e-03  0.0000e+00 
1.0610e+00     3.3086e-02  0.0000e+00     3.5105e-02  0.0000e+00     8.6586e-03  0.0000e+00     9.1869e-03  0.0000e+00 
1.1905e+00     2.3591e-02  0.0000e+00     2.8084e-02  0.0000e+00     6.9269e-03  0.0000e+00     8.2463e-03  0.0000e+00 
1.3357e+00     1.3141e-02  0.0000e+00     1.7552e-02  0.0000e+00     4.3293e-03  0.0000e+00     5.7828e-03  0.0000e+00 
1.4987e+00     2.3423e-03  0.0000e+00     3.5105e-03  0.0000e+00     8.6586e-04  0.0000e+00     1.2977e-03  0.0000e+00 
1.6816e+00     2.0876e-03  0.0000e+00     3.5105e-03  0.0000e+00     8.6586e-04  0.0000e+00     1.4560e-03  0.0000e+00 
1.8868e+00     1.8606e-03  0.0000e+00     3.5105e-03  0.0000e+00     8.6586e-04  0.0000e+00     1.6337e-03  0.0000e+00 
2.1170e+00     1.6582e-03  0.0000e+00     3.5105e-03  0.0000e+00     8.6586e-04  0.0000e+00     1.8330e-03  0.0000e+00 
2.3753e+00     0.0000e+00  0.0000e+00     0.0000e+00  0.0000e+00     0.0000e+00  0.0000e+00     0.0000e+00  0.0000e+00 
2.6651e+00     0.0000e+00  0.0000e+00     0.0000e+00  0.0000e+00     0.0000e+00  0.0000e+00     0.0000e+00  0.0000e+00 
2.9903e+00     0.0000e+00  0.0000e+00     0.0000e+00  0.0000e+00     0.0000e+00  0.0000e+00     0.0000e+00  0.0000e+00 
3.3552e+00     0.0000e+00  0.0000e+00     0.0000e+00  0.0000e+00     0.0000e+00  0.0000e+00     0.0000e+00  0.0000e+00 
3.7646e+00     0.0000e+00  0.0000e+00     0.0000e+00  0.0000e+00     0.0000e+00  0.0000e+00     0.0000e+00  0.0000e+00 
4.2240e+00     0.0000e+00  0.0000e+00     0.0000e+00  0.0000e+00     0.0000e+00  0.0000e+00     0.0000e+00  0.0000e+00 
4.7394e+00     0.0000e+00  0.0000e+00     0.0000e+00  0.0000e+00     0.0000e+00  0.0000e+00     0.0000e+00  0.0000e+00 
5.3176e+00     0.0000e+00  0.0000e+00     0.0000e+00  0.0000e+00     0.0000e+00  0.0000e+00     0.0000e+00  0.0000e+00 
5.9665e+00     1.3238e-01  0.0000e+00     7.8986e-01  0.0000e+00     1.9482e-01  0.0000e+00     1.1624e+00  0.0000e+00 
6.6945e+00     2.8841e-02  0.0000e+00     1.9308e-01  0.0000e+00     4.7622e-02  0.0000e+00     3.1881e-01  0.0000e+00 
7.5114e+00     5.1409e-03  0.0000e+00     3.8615e-02  0.0000e+00     9.5245e-03  0.0000e+00     7.1542e-02  0.0000e+00 
8.4279e+00     2.5825e-02  0.0000e+00     2.1765e-01  0.0000e+00     5.3683e-02  0.0000e+00     4.5244e-01  0.0000e+00 
9.4563e+00     1.5221e-02  0.0000e+00     1.4393e-01  0.0000e+00     3.5500e-02  0.0000e+00     3.3570e-01  0.0000e+00 
1.0610e+01     2.0514e-02  0.0000e+00     2.1765e-01  0.0000e+00     5.3683e-02  0.0000e+00     5.6959e-01  0.0000e+00 
1.1905e+01     1.7988e-02  0.0000e+00     2.1414e-01  0.0000e+00     5.2817e-02  0.0000e+00     6.2878e-01  0.0000e+00 
1.3357e+01     9.9869e-03  0.0000e+00     1.3340e-01  0.0000e+00     3.2903e-02  0.0000e+00     4.3949e-01  0.0000e+00 
1.4987e+01     6.5585e-03  0.0000e+00     9.8294e-02  0.0000e+00     2.4244e-02  0.0000e+00     3.6335e-01  0.0000e+00 
1.6816e+01     2.7139e-03  0.0000e+00     4.5636e-02  0.0000e+00     1.1256e-02  0.0000e+00     1.8928e-01  0.0000e+00 
1.8868e+01     3.3490e-03  0.0000e+00     6.3189e-02  0.0000e+00     1.5585e-02  0.0000e+00     2.9406e-01  0.0000e+00 
2.1170e+01     3.1507e-03  0.0000e+00     6.6699e-02  0.0000e+00     1.6451e-02  0.0000e+00     3.4827e-01  0.0000e+00 
2.3753e+01     2.6602e-03  0.0000e+00     6.3189e-02  0.0000e+00     1.5585e-02  0.0000e+00     3.7020e-01  0.0000e+00 
2.6651e+01     2.3709e-03  0.0000e+00     6.3189e-02  0.0000e+00     1.5585e-02  0.0000e+00     4.1537e-01  0.0000e+00 
2.9903e+01     1.0566e-03  0.0000e+00     3.1594e-02  0.0000e+00     7.7927e-03  0.0000e+00     2.3303e-01  0.0000e+00 
3.3552e+01     1.9879e-03  0.0000e+00     6.6699e-02  0.0000e+00     1.6451e-02  0.0000e+00     5.5198e-01  0.0000e+00 
3.7646e+01     1.2122e-03  0.0000e+00     4.5636e-02  0.0000e+00     1.1256e-02  0.0000e+00     4.2375e-01  0.0000e+00 
4.2240e+01     4.9865e-04  0.0000e+00     2.1063e-02  0.0000e+00     5.1952e-03  0.0000e+00     2.1944e-01  0.0000e+00 
4.7394e+01     4.4443e-04  0.0000e+00     2.1063e-02  0.0000e+00     5.1952e-03  0.0000e+00     2.4622e-01  0.0000e+00 
5.3176e+01     3.9610e-04  0.0000e+00     2.1063e-02  0.0000e+00     5.1952e-03  0.0000e+00     2.7626e-01  0.0000e+00 
5.9665e+01     1.7651e-04  0.0000e+00     1.0531e-02  0.0000e+00     2.5976e-03  0.0000e+00     1.5498e-01  0.0000e+00 
6.6945e+01     5.2438e-05  0.0000e+00     3.5105e-03  0.0000e+00     8.6586e-04  0.0000e+00     5.7965e-02  0.0000e+00 
7.5114e+01     1.4021e-04  0.0000e+00     1.0531e-02  0.0000e+00     2.5976e-03  0.0000e+00     1.9511e-01  0.0000e+00 
8.4279e+01     0.0000e+00  0.0000e+00     0.0000e+00  0.0000e+00     0.0000e+00  0.0000e+00     0.0000e+00  0.0000e+00 
9.4563e+01     0.0000e+00  0.0000e+00     0.0000e+00  0.0000e+00     0.0000e+00  0.0000e+00     0.0000e+00  0.0000e+00 
1.0610e+02     0.0000e+00  0.0000e+00     0.0000e+00  0.0000e+00     0.0000e+00  0.0000e+00     0.0000e+00  0.0000e+00 
1.1905e+02     0.0000e+00  0.0000e+00     0.0000e+00  0.0000e+00     0.0000e+00  0.0000e+00     0.0000e+00  0.0000e+00 
1.3357e+02     0.0000e+00  0.0000e+00     0.0000e+00  0.0000e+00     0.0000e+00  0.0000e+00     0.0000e+00  0.0000e+00 
1.4987e+02     0.0000e+00  0.0000e+00     0.0000e+00  0.0000e+00     0.0000e+00  0.0000e+00     0.0000e+00  0.0000e+00 
1.6816e+02     0.0000e+00  0.0000e+00     0.0000e+00  0.0000e+00     0.0000e+00  0.0000e+00     0.0000e+00  0.0000e+00 
1.8868e+02     0.0000e+00  0.0000e+00     0.0000e+00  0.0000e+00     0.0000e+00  0.0000e+00     0.0000e+00  0.0000e+00 
2.1170e+02     0.0000e+00  0.0000e+00     0.0000e+00  0.0000e+00     0.0000e+00  0.0000e+00     0.0000e+00  0.0000e+00 
2.3753e+02     0.0000e+00  0.0000e+00     0.0000e+00  0.0000e+00     0.0000e+00  0.0000e+00     0.0000e+00  0.0000e+00 
2.6651e+02     0.0000e+00  0.0000e+00     0.0000e+00  0.0000e+00     0.0000e+00  0.0000e+00     0.0000e+00  0.0000e+00 
2.9903e+02     0.0000e+00  0.0000e+00     0.0000e+00  0.0000e+00     0.0000e+00  0.0000e+00     0.0000e+00  0.0000e+00 
3.3552e+02     0.0000e+00  0.0000e+00     0.0000e+00  0.0000e+00     0.0000e+00  0.0000e+00     0.0000e+00  0.0000e+00 
3.7646e+02     0.0000e+00  0.0000e+00     0.0000e+00  0.0000e+00     0.0000e+00  0.0000e+00     0.0000e+00  0.0000e+00 
4.2240e+02     0.0000e+00  0.0000e+00     0.0000e+00  0.0000e+00     0.0000e+00  0.0000e+00     0.0000e+00  0.0000e+00 
4.7394e+02     0.0000e+00  0.0000e+00     0.0000e+00  0.0000e+00     0.0000e+00  0.0000e+00     0.0000e+00  0.0000e+00 
5.3176e+02     0.0000e+00  0.0000e+00     0.0000e+00  0.0000e+00     0.0000e+00  0.0000e+00     0.0000e+00  0.0000e+00 
5.9665e+02     0.0000e+00  0.0000e+00     0.0000e+00  0.0000e+00     0.0000e+00  0.0000e+00     0.0000e+00  0.0000e+00 
6.6945e+02     0.0000e+00  0.0000e+00     0.0000e+00  0.0000e+00     0.0000e+00  0.0000e+00     0.0000e+00  0.0000e+00 
7.5114e+02     0.0000e+00  0.0000e+00     0.0000e+00  0.0000e+00     0.0000e+00  0.0000e+00     0.0000e+00  0.0000e+00 
8.4279e+02     0.0000e+00  0.0000e+00     0.0000e+00  0.0000e+00     0.0000e+00  0.0000e+00     0.0000e+00  0.0000e+00 
9.4563e+02     0.0000e+00  0.0000e+00     0.0000e+00  0.0000e+00     0.0000e+00  0.0000e+00     0.0000e+00  0.0000e+00 
1.0610e+03     0.0000e+00  0.0000e+00     0.0000e+00  0.0000e+00     0.0000e+00  0.0000e+00     0.0000e+00  0.0000e+00 
1.1905e+03     0.0000e+00  0.0000e+00     0.0000e+00  0.0000e+00     0.0000e+00  0.0000e+00     0.0000e+00  0.0000e+00 
1.3357e+03     0.0000e+00  0.0000e+00     0.0000e+00  0.0000e+00     0.0000e+00  0.0000e+00     0.0000e+00  0.0000e+00 
1.4987e+03     0.0000e+00  0.0000e+00     0.0000e+00  0.0000e+00     0.0000e+00  0.0000e+00     0.0000e+00  0.0000e+00 
1.6816e+03     0.0000e+00  0.0000e+00     0.0000e+00  0.0000e+00     0.0000e+00  0.0000e+00     0.0000e+00  0.0000e+00 
1.8868e+03     0.0000e+00  0.0000e+00     0.0000e+00  0.0000e+00     0.0000e+00  0.0000e+00     0.0000e+00  0.0000e+00 
2.1170e+03     0.0000e+00  0.0000e+00     0.0000e+00  0.0000e+00     0.0000e+00  0.0000e+00     0.0000e+00  0.0000e+00 
2.3753e+03     0.0000e+00  0.0000e+00     0.0000e+00  0.0000e+00     0.0000e+00  0.0000e+00     0.0000e+00  0.0000e+00 
2.6651e+03     0.0000e+00  0.0000e+00     0.0000e+00  0.0000e+00     0.0000e+00  0.0000e+00     0.0000e+00  0.0000e+00 
2.9903e+03     0.0000e+00  0.0000e+00     0.0000e+00  0.0000e+00     0.0000e+00  0.0000e+00     0.0000e+00  0.0000e+00 
3.3552e+03     0.0000e+00  0.0000e+00     0.0000e+00  0.0000e+00     0.0000e+00  0.0000e+00     0.0000e+00  0.0000e+00 
3.7646e+03     0.0000e+00  0.0000e+00     0.0000e+00  0.0000e+00     0.0000e+00  0.0000e+00     0.0000e+00  0.0000e+00 
4.2240e+03     0.0000e+00  0.0000e+00     0.0000e+00  0.0000e+00     0.0000e+00  0.0000e+00     0.0000e+00  0.0000e+00 
4.7394e+03     0.0000e+00  0.0000e+00     0.0000e+00  0.0000e+00     0.0000e+00  0.0000e+00     0.0000e+00  0.0000e+00 
5.3176e+03     0.0000e+00  0.0000e+00     0.0000e+00  0.0000e+00     0.0000e+00  0.0000e+00     0.0000e+00  0.0000e+00 
5.9665e+03     0.0000e+00  0.0000e+00     0.0000e+00  0.0000e+00     0.0000e+00  0.0000e+00     0.0000e+00  0.0000e+00 
6.6945e+03     0.0000e+00  0.0000e+00     0.0000e+00  0.0000e+00     0.0000e+00  0.0000e+00     0.0000e+00  0.0000e+00 
7.5114e+03     0.0000e+00  0.0000e+00     0.0000e+00  0.0000e+00     0.0000e+00  0.0000e+00     0.0000e+00  0.0000e+00 
8.4279e+03     0.0000e+00  0.0000e+00     0.0000e+00  0.0000e+00     0.0000e+00  0.0000e+00     0.0000e+00  0.0000e+00 
9.4563e+03     0.0000e+00  0.0000e+00     0.0000e+00  0.0000e+00     0.0000e+00  0.0000e+00     0.0000e+00  0.0000e+00 
