yF = 1.4793e+01 (std: 0.0000e+00) keV/um
yD = 3.5807e+01 (std: 0.0000e+00) keV/um
y (keV/um)     f(y)(std)                  yf(y)(std)                 d(y)(std)                  yd(y)(std)  
1.0610e-01     8.1696e+00  0.0000e+00     8.6680e-01  0.0000e+00     5.8596e-02  0.0000e+00     6.2171e-03  0.0000e+00 
1.1905e-01     8.8071e-01  0.0000e+00     1.0485e-01  0.0000e+00     7.0877e-03  0.0000e+00     8.4378e-04  0.0000e+00 
1.3357e-01     3.8642e-01  0.0000e+00     5.1615e-02  0.0000e+00     3.4892e-03  0.0000e+00     4.6607e-04  0.0000e+00 
1.4987e-01     1.1241e+00  0.0000e+00     1.6846e-01  0.0000e+00     1.1388e-02  0.0000e+00     1.7068e-03  0.0000e+00 
1.6816e-01     5.3876e-01  0.0000e+00     9.0598e-02  0.0000e+00     6.1245e-03  0.0000e+00     1.0299e-03  0.0000e+00 
1.8868e-01     4.4220e-01  0.0000e+00     8.3434e-02  0.0000e+00     5.6402e-03  0.0000e+00     1.0642e-03  0.0000e+00 
2.1170e-01     4.3829e-01  0.0000e+00     9.2785e-02  0.0000e+00     6.2724e-03  0.0000e+00     1.3279e-03  0.0000e+00 
2.3753e-01     4.3004e-01  0.0000e+00     1.0215e-01  0.0000e+00     6.9052e-03  0.0000e+00     1.6402e-03  0.0000e+00 
2.6651e-01     2.6876e-01  0.0000e+00     7.1629e-02  0.0000e+00     4.8422e-03  0.0000e+00     1.2905e-03  0.0000e+00 
2.9903e-01     2.2892e-01  0.0000e+00     6.8456e-02  0.0000e+00     4.6277e-03  0.0000e+00     1.3838e-03  0.0000e+00 
3.3552e-01     5.1702e-01  0.0000e+00     1.7347e-01  0.0000e+00     1.1727e-02  0.0000e+00     3.9346e-03  0.0000e+00 
3.7646e-01     4.5435e-01  0.0000e+00     1.7105e-01  0.0000e+00     1.1563e-02  0.0000e+00     4.3530e-03  0.0000e+00 
4.2240e-01     2.9684e-01  0.0000e+00     1.2538e-01  0.0000e+00     8.4760e-03  0.0000e+00     3.5802e-03  0.0000e+00 
4.7394e-01     2.9385e-01  0.0000e+00     1.3927e-01  0.0000e+00     9.4146e-03  0.0000e+00     4.4619e-03  0.0000e+00 
5.3176e-01     2.4598e-01  0.0000e+00     1.3080e-01  0.0000e+00     8.8424e-03  0.0000e+00     4.7020e-03  0.0000e+00 
5.9665e-01     1.6463e-01  0.0000e+00     9.8225e-02  0.0000e+00     6.6401e-03  0.0000e+00     3.9618e-03  0.0000e+00 
6.6945e-01     1.5806e-01  0.0000e+00     1.0581e-01  0.0000e+00     7.1530e-03  0.0000e+00     4.7886e-03  0.0000e+00 
7.5114e-01     1.5602e-01  0.0000e+00     1.1719e-01  0.0000e+00     7.9224e-03  0.0000e+00     5.9508e-03  0.0000e+00 
8.4279e-01     1.0922e-01  0.0000e+00     9.2046e-02  0.0000e+00     6.2224e-03  0.0000e+00     5.2442e-03  0.0000e+00 
9.4563e-01     7.6810e-02  0.0000e+00     7.2634e-02  0.0000e+00     4.9101e-03  0.0000e+00     4.6431e-03  0.0000e+00 
1.0610e+00     5.9012e-02  0.0000e+00     6.2612e-02  0.0000e+00     4.2327e-03  0.0000e+00     4.4909e-03  0.0000e+00 
1.1905e+00     4.1875e-02  0.0000e+00     4.9851e-02  0.0000e+00     3.3700e-03  0.0000e+00     4.0119e-03  0.0000e+00 
1.3357e+00     2.6529e-02  0.0000e+00     3.5435e-02  0.0000e+00     2.3954e-03  0.0000e+00     3.1997e-03  0.0000e+00 
1.4987e+00     1.6990e-02  0.0000e+00     2.5463e-02  0.0000e+00     1.7213e-03  0.0000e+00     2.5797e-03  0.0000e+00 
1.6816e+00     9.8623e-03  0.0000e+00     1.6584e-02  0.0000e+00     1.1211e-03  0.0000e+00     1.8853e-03  0.0000e+00 
1.8868e+00     5.2854e-03  0.0000e+00     9.9723e-03  0.0000e+00     6.7413e-04  0.0000e+00     1.2719e-03  0.0000e+00 
2.1170e+00     2.5880e-03  0.0000e+00     5.4788e-03  0.0000e+00     3.7037e-04  0.0000e+00     7.8408e-04  0.0000e+00 
2.3753e+00     1.2280e-03  0.0000e+00     2.9168e-03  0.0000e+00     1.9718e-04  0.0000e+00     4.6836e-04  0.0000e+00 
2.6651e+00     5.1024e-04  0.0000e+00     1.3599e-03  0.0000e+00     9.1927e-05  0.0000e+00     2.4500e-04  0.0000e+00 
2.9903e+00     1.7136e-04  0.0000e+00     5.1241e-04  0.0000e+00     3.4639e-05  0.0000e+00     1.0358e-04  0.0000e+00 
3.3552e+00     5.5802e-05  0.0000e+00     1.8723e-04  0.0000e+00     1.2657e-05  0.0000e+00     4.2466e-05  0.0000e+00 
3.7646e+00     2.3558e-05  0.0000e+00     8.8686e-05  0.0000e+00     5.9953e-06  0.0000e+00     2.2570e-05  0.0000e+00 
4.2240e+00     2.3329e-06  0.0000e+00     9.8540e-06  0.0000e+00     6.6614e-07  0.0000e+00     2.8137e-06  0.0000e+00 
4.7394e+00     0.0000e+00  0.0000e+00     0.0000e+00  0.0000e+00     0.0000e+00  0.0000e+00     0.0000e+00  0.0000e+00 
5.3176e+00     0.0000e+00  0.0000e+00     0.0000e+00  0.0000e+00     0.0000e+00  0.0000e+00     0.0000e+00  0.0000e+00 
5.9665e+00     4.5692e-02  0.0000e+00     2.7262e-01  0.0000e+00     1.8429e-02  0.0000e+00     1.0996e-01  0.0000e+00 
6.6945e+00     2.7291e-02  0.0000e+00     1.8270e-01  0.0000e+00     1.2351e-02  0.0000e+00     8.2683e-02  0.0000e+00 
7.5114e+00     8.0366e-03  0.0000e+00     6.0366e-02  0.0000e+00     4.0808e-03  0.0000e+00     3.0652e-02  0.0000e+00 
8.4279e+00     3.4493e-02  0.0000e+00     2.9070e-01  0.0000e+00     1.9652e-02  0.0000e+00     1.6562e-01  0.0000e+00 
9.4563e+00     2.9935e-02  0.0000e+00     2.8308e-01  0.0000e+00     1.9136e-02  0.0000e+00     1.8096e-01  0.0000e+00 
1.0610e+01     4.7877e-02  0.0000e+00     5.0798e-01  0.0000e+00     3.4340e-02  0.0000e+00     3.6435e-01  0.0000e+00 
1.1905e+01     3.2342e-02  0.0000e+00     3.8503e-01  0.0000e+00     2.6028e-02  0.0000e+00     3.0986e-01  0.0000e+00 
1.3357e+01     2.5370e-02  0.0000e+00     3.3888e-01  0.0000e+00     2.2909e-02  0.0000e+00     3.0600e-01  0.0000e+00 
1.4987e+01     1.8935e-02  0.0000e+00     2.8379e-01  0.0000e+00     1.9184e-02  0.0000e+00     2.8752e-01  0.0000e+00 
1.6816e+01     1.5739e-02  0.0000e+00     2.6467e-01  0.0000e+00     1.7892e-02  0.0000e+00     3.0087e-01  0.0000e+00 
1.8868e+01     1.4297e-02  0.0000e+00     2.6974e-01  0.0000e+00     1.8235e-02  0.0000e+00     3.4405e-01  0.0000e+00 
2.1170e+01     1.5045e-02  0.0000e+00     3.1849e-01  0.0000e+00     2.1530e-02  0.0000e+00     4.5580e-01  0.0000e+00 
2.3753e+01     1.3871e-02  0.0000e+00     3.2948e-01  0.0000e+00     2.2273e-02  0.0000e+00     5.2905e-01  0.0000e+00 
2.6651e+01     1.0376e-02  0.0000e+00     2.7652e-01  0.0000e+00     1.8693e-02  0.0000e+00     4.9820e-01  0.0000e+00 
2.9903e+01     8.3496e-03  0.0000e+00     2.4968e-01  0.0000e+00     1.6879e-02  0.0000e+00     5.0473e-01  0.0000e+00 
3.3552e+01     7.2577e-03  0.0000e+00     2.4351e-01  0.0000e+00     1.6462e-02  0.0000e+00     5.5232e-01  0.0000e+00 
3.7646e+01     5.7856e-03  0.0000e+00     2.1780e-01  0.0000e+00     1.4724e-02  0.0000e+00     5.5429e-01  0.0000e+00 
4.2240e+01     4.3333e-03  0.0000e+00     1.8304e-01  0.0000e+00     1.2374e-02  0.0000e+00     5.2265e-01  0.0000e+00 
4.7394e+01     3.4504e-03  0.0000e+00     1.6353e-01  0.0000e+00     1.1055e-02  0.0000e+00     5.2392e-01  0.0000e+00 
5.3176e+01     2.4138e-03  0.0000e+00     1.2836e-01  0.0000e+00     8.6771e-03  0.0000e+00     4.6142e-01  0.0000e+00 
5.9665e+01     1.7272e-03  0.0000e+00     1.0305e-01  0.0000e+00     6.9665e-03  0.0000e+00     4.1566e-01  0.0000e+00 
6.6945e+01     1.1152e-03  0.0000e+00     7.4654e-02  0.0000e+00     5.0467e-03  0.0000e+00     3.3785e-01  0.0000e+00 
7.5114e+01     7.1497e-04  0.0000e+00     5.3704e-02  0.0000e+00     3.6305e-03  0.0000e+00     2.7270e-01  0.0000e+00 
8.4279e+01     4.0291e-04  0.0000e+00     3.3957e-02  0.0000e+00     2.2955e-03  0.0000e+00     1.9346e-01  0.0000e+00 
9.4563e+01     2.1717e-04  0.0000e+00     2.0536e-02  0.0000e+00     1.3882e-03  0.0000e+00     1.3128e-01  0.0000e+00 
1.0610e+02     1.1071e-04  0.0000e+00     1.1746e-02  0.0000e+00     7.9404e-04  0.0000e+00     8.4248e-02  0.0000e+00 
1.1905e+02     5.3472e-05  0.0000e+00     6.3657e-03  0.0000e+00     4.3033e-04  0.0000e+00     5.1229e-02  0.0000e+00 
1.3357e+02     1.9328e-05  0.0000e+00     2.5817e-03  0.0000e+00     1.7453e-04  0.0000e+00     2.3312e-02  0.0000e+00 
1.4987e+02     8.2187e-06  0.0000e+00     1.2318e-03  0.0000e+00     8.3268e-05  0.0000e+00     1.2479e-02  0.0000e+00 
1.6816e+02     2.5198e-06  0.0000e+00     4.2372e-04  0.0000e+00     2.8644e-05  0.0000e+00     4.8167e-03  0.0000e+00 
1.8868e+02     5.2227e-07  0.0000e+00     9.8540e-05  0.0000e+00     6.6614e-06  0.0000e+00     1.2569e-03  0.0000e+00 
2.1170e+02     1.3964e-07  0.0000e+00     2.9562e-05  0.0000e+00     1.9984e-06  0.0000e+00     4.2306e-04  0.0000e+00 
2.3753e+02     0.0000e+00  0.0000e+00     0.0000e+00  0.0000e+00     0.0000e+00  0.0000e+00     0.0000e+00  0.0000e+00 
2.6651e+02     3.6974e-08  0.0000e+00     9.8540e-06  0.0000e+00     6.6614e-07  0.0000e+00     1.7754e-04  0.0000e+00 
2.9903e+02     0.0000e+00  0.0000e+00     0.0000e+00  0.0000e+00     0.0000e+00  0.0000e+00     0.0000e+00  0.0000e+00 
3.3552e+02     0.0000e+00  0.0000e+00     0.0000e+00  0.0000e+00     0.0000e+00  0.0000e+00     0.0000e+00  0.0000e+00 
3.7646e+02     0.0000e+00  0.0000e+00     0.0000e+00  0.0000e+00     0.0000e+00  0.0000e+00     0.0000e+00  0.0000e+00 
4.2240e+02     0.0000e+00  0.0000e+00     0.0000e+00  0.0000e+00     0.0000e+00  0.0000e+00     0.0000e+00  0.0000e+00 
4.7394e+02     0.0000e+00  0.0000e+00     0.0000e+00  0.0000e+00     0.0000e+00  0.0000e+00     0.0000e+00  0.0000e+00 
5.3176e+02     0.0000e+00  0.0000e+00     0.0000e+00  0.0000e+00     0.0000e+00  0.0000e+00     0.0000e+00  0.0000e+00 
5.9665e+02     0.0000e+00  0.0000e+00     0.0000e+00  0.0000e+00     0.0000e+00  0.0000e+00     0.0000e+00  0.0000e+00 
6.6945e+02     0.0000e+00  0.0000e+00     0.0000e+00  0.0000e+00     0.0000e+00  0.0000e+00     0.0000e+00  0.0000e+00 
7.5114e+02     0.0000e+00  0.0000e+00     0.0000e+00  0.0000e+00     0.0000e+00  0.0000e+00     0.0000e+00  0.0000e+00 
8.4279e+02     0.0000e+00  0.0000e+00     0.0000e+00  0.0000e+00     0.0000e+00  0.0000e+00     0.0000e+00  0.0000e+00 
9.4563e+02     0.0000e+00  0.0000e+00     0.0000e+00  0.0000e+00     0.0000e+00  0.0000e+00     0.0000e+00  0.0000e+00 
1.0610e+03     0.0000e+00  0.0000e+00     0.0000e+00  0.0000e+00     0.0000e+00  0.0000e+00     0.0000e+00  0.0000e+00 
1.1905e+03     0.0000e+00  0.0000e+00     0.0000e+00  0.0000e+00     0.0000e+00  0.0000e+00     0.0000e+00  0.0000e+00 
1.3357e+03     0.0000e+00  0.0000e+00     0.0000e+00  0.0000e+00     0.0000e+00  0.0000e+00     0.0000e+00  0.0000e+00 
1.4987e+03     0.0000e+00  0.0000e+00     0.0000e+00  0.0000e+00     0.0000e+00  0.0000e+00     0.0000e+00  0.0000e+00 
1.6816e+03     0.0000e+00  0.0000e+00     0.0000e+00  0.0000e+00     0.0000e+00  0.0000e+00     0.0000e+00  0.0000e+00 
1.8868e+03     0.0000e+00  0.0000e+00     0.0000e+00  0.0000e+00     0.0000e+00  0.0000e+00     0.0000e+00  0.0000e+00 
2.1170e+03     0.0000e+00  0.0000e+00     0.0000e+00  0.0000e+00     0.0000e+00  0.0000e+00     0.0000e+00  0.0000e+00 
2.3753e+03     0.0000e+00  0.0000e+00     0.0000e+00  0.0000e+00     0.0000e+00  0.0000e+00     0.0000e+00  0.0000e+00 
2.6651e+03     0.0000e+00  0.0000e+00     0.0000e+00  0.0000e+00     0.0000e+00  0.0000e+00     0.0000e+00  0.0000e+00 
2.9903e+03     0.0000e+00  0.0000e+00     0.0000e+00  0.0000e+00     0.0000e+00  0.0000e+00     0.0000e+00  0.0000e+00 
3.3552e+03     0.0000e+00  0.0000e+00     0.0000e+00  0.0000e+00     0.0000e+00  0.0000e+00     0.0000e+00  0.0000e+00 
3.7646e+03     0.0000e+00  0.0000e+00     0.0000e+00  0.0000e+00     0.0000e+00  0.0000e+00     0.0000e+00  0.0000e+00 
4.2240e+03     0.0000e+00  0.0000e+00     0.0000e+00  0.0000e+00     0.0000e+00  0.0000e+00     0.0000e+00  0.0000e+00 
4.7394e+03     0.0000e+00  0.0000e+00     0.0000e+00  0.0000e+00     0.0000e+00  0.0000e+00     0.0000e+00  0.0000e+00 
5.3176e+03     0.0000e+00  0.0000e+00     0.0000e+00  0.0000e+00     0.0000e+00  0.0000e+00     0.0000e+00  0.0000e+00 
5.9665e+03     0.0000e+00  0.0000e+00     0.0000e+00  0.0000e+00     0.0000e+00  0.0000e+00     0.0000e+00  0.0000e+00 
6.6945e+03     0.0000e+00  0.0000e+00     0.0000e+00  0.0000e+00     0.0000e+00  0.0000e+00     0.0000e+00  0.0000e+00 
7.5114e+03     0.0000e+00  0.0000e+00     0.0000e+00  0.0000e+00     0.0000e+00  0.0000e+00     0.0000e+00  0.0000e+00 
8.4279e+03     0.0000e+00  0.0000e+00     0.0000e+00  0.0000e+00     0.0000e+00  0.0000e+00     0.0000e+00  0.0000e+00 
9.4563e+03     0.0000e+00  0.0000e+00     0.0000e+00  0.0000e+00     0.0000e+00  0.0000e+00     0.0000e+00  0.0000e+00 
