yF = 4.5446e+00 (std: 0.0000e+00) keV/um
yD = 2.2870e+01 (std: 0.0000e+00) keV/um
y (keV/um)     f(y)(std)                  yf(y)(std)                 d(y)(std)                  yd(y)(std)  
1.0610e-01     2.6100e+01  0.0000e+00     2.7692e+00  0.0000e+00     6.0934e-01  0.0000e+00     6.4652e-02  0.0000e+00 
1.1905e-01     1.9119e+00  0.0000e+00     2.2761e-01  0.0000e+00     5.0084e-02  0.0000e+00     5.9623e-03  0.0000e+00 
1.3357e-01     5.7523e-01  0.0000e+00     7.6835e-02  0.0000e+00     1.6907e-02  0.0000e+00     2.2583e-03  0.0000e+00 
1.4987e-01     2.8724e+00  0.0000e+00     4.3049e-01  0.0000e+00     9.4725e-02  0.0000e+00     1.4197e-02  0.0000e+00 
1.6816e-01     8.4968e-01  0.0000e+00     1.4288e-01  0.0000e+00     3.1440e-02  0.0000e+00     5.2869e-03  0.0000e+00 
1.8868e-01     6.0387e-01  0.0000e+00     1.1394e-01  0.0000e+00     2.5071e-02  0.0000e+00     4.7303e-03  0.0000e+00 
2.1170e-01     6.8984e-01  0.0000e+00     1.4604e-01  0.0000e+00     3.2135e-02  0.0000e+00     6.8029e-03  0.0000e+00 
2.3753e-01     5.9156e-01  0.0000e+00     1.4051e-01  0.0000e+00     3.0919e-02  0.0000e+00     7.3442e-03  0.0000e+00 
2.6651e-01     2.8237e-01  0.0000e+00     7.5256e-02  0.0000e+00     1.6560e-02  0.0000e+00     4.4133e-03  0.0000e+00 
2.9903e-01     2.3143e-01  0.0000e+00     6.9204e-02  0.0000e+00     1.5228e-02  0.0000e+00     4.5536e-03  0.0000e+00 
3.3552e-01     1.3960e+00  0.0000e+00     4.6838e-01  0.0000e+00     1.0306e-01  0.0000e+00     3.4580e-02  0.0000e+00 
3.7646e-01     8.6113e-01  0.0000e+00     3.2418e-01  0.0000e+00     7.1333e-02  0.0000e+00     2.6854e-02  0.0000e+00 
4.2240e-01     3.8623e-01  0.0000e+00     1.6314e-01  0.0000e+00     3.5898e-02  0.0000e+00     1.5163e-02  0.0000e+00 
4.7394e-01     3.9420e-01  0.0000e+00     1.8682e-01  0.0000e+00     4.1109e-02  0.0000e+00     1.9483e-02  0.0000e+00 
5.3176e-01     2.3801e-01  0.0000e+00     1.2657e-01  0.0000e+00     2.7850e-02  0.0000e+00     1.4810e-02  0.0000e+00 
5.9665e-01     1.3275e-01  0.0000e+00     7.9203e-02  0.0000e+00     1.7428e-02  0.0000e+00     1.0398e-02  0.0000e+00 
6.6945e-01     2.1422e-01  0.0000e+00     1.4341e-01  0.0000e+00     3.1556e-02  0.0000e+00     2.1125e-02  0.0000e+00 
7.5114e-01     1.6920e-01  0.0000e+00     1.2709e-01  0.0000e+00     2.7966e-02  0.0000e+00     2.1006e-02  0.0000e+00 
8.4279e-01     8.7108e-02  0.0000e+00     7.3414e-02  0.0000e+00     1.6154e-02  0.0000e+00     1.3615e-02  0.0000e+00 
9.4563e-01     5.3148e-02  0.0000e+00     5.0258e-02  0.0000e+00     1.1059e-02  0.0000e+00     1.0458e-02  0.0000e+00 
1.0610e+00     3.8936e-02  0.0000e+00     4.1312e-02  0.0000e+00     9.0904e-03  0.0000e+00     9.6450e-03  0.0000e+00 
1.1905e+00     1.9009e-02  0.0000e+00     2.2629e-02  0.0000e+00     4.9794e-03  0.0000e+00     5.9279e-03  0.0000e+00 
1.3357e+00     1.2805e-02  0.0000e+00     1.7104e-02  0.0000e+00     3.7635e-03  0.0000e+00     5.0271e-03  0.0000e+00 
1.4987e+00     7.0229e-03  0.0000e+00     1.0525e-02  0.0000e+00     2.3160e-03  0.0000e+00     3.4710e-03  0.0000e+00 
1.6816e+00     2.0342e-03  0.0000e+00     3.4207e-03  0.0000e+00     7.5271e-04  0.0000e+00     1.2657e-03  0.0000e+00 
1.8868e+00     4.1839e-04  0.0000e+00     7.8940e-04  0.0000e+00     1.7370e-04  0.0000e+00     3.2773e-04  0.0000e+00 
2.1170e+00     3.7289e-04  0.0000e+00     7.8940e-04  0.0000e+00     1.7370e-04  0.0000e+00     3.6772e-04  0.0000e+00 
2.3753e+00     0.0000e+00  0.0000e+00     0.0000e+00  0.0000e+00     0.0000e+00  0.0000e+00     0.0000e+00  0.0000e+00 
2.6651e+00     9.8731e-05  0.0000e+00     2.6313e-04  0.0000e+00     5.7900e-05  0.0000e+00     1.5431e-04  0.0000e+00 
2.9903e+00     0.0000e+00  0.0000e+00     0.0000e+00  0.0000e+00     0.0000e+00  0.0000e+00     0.0000e+00  0.0000e+00 
3.3552e+00     7.8425e-05  0.0000e+00     2.6313e-04  0.0000e+00     5.7900e-05  0.0000e+00     1.9427e-04  0.0000e+00 
3.7646e+00     0.0000e+00  0.0000e+00     0.0000e+00  0.0000e+00     0.0000e+00  0.0000e+00     0.0000e+00  0.0000e+00 
4.2240e+00     6.2295e-05  0.0000e+00     2.6313e-04  0.0000e+00     5.7900e-05  0.0000e+00     2.4457e-04  0.0000e+00 
4.7394e+00     0.0000e+00  0.0000e+00     0.0000e+00  0.0000e+00     0.0000e+00  0.0000e+00     0.0000e+00  0.0000e+00 
5.3176e+00     0.0000e+00  0.0000e+00     0.0000e+00  0.0000e+00     0.0000e+00  0.0000e+00     0.0000e+00  0.0000e+00 
5.9665e+00     1.0492e-01  0.0000e+00     6.2599e-01  0.0000e+00     1.3775e-01  0.0000e+00     8.2186e-01  0.0000e+00 
6.6945e+00     2.0164e-02  0.0000e+00     1.3499e-01  0.0000e+00     2.9703e-02  0.0000e+00     1.9885e-01  0.0000e+00 
7.5114e+00     6.2005e-03  0.0000e+00     4.6574e-02  0.0000e+00     1.0248e-02  0.0000e+00     7.6979e-02  0.0000e+00 
8.4279e+00     2.5758e-02  0.0000e+00     2.1708e-01  0.0000e+00     4.7768e-02  0.0000e+00     4.0258e-01  0.0000e+00 
9.4563e+00     1.8532e-02  0.0000e+00     1.7525e-01  0.0000e+00     3.8562e-02  0.0000e+00     3.6465e-01  0.0000e+00 
1.0610e+01     2.5544e-02  0.0000e+00     2.7103e-01  0.0000e+00     5.9637e-02  0.0000e+00     6.3276e-01  0.0000e+00 
1.1905e+01     1.8611e-02  0.0000e+00     2.2156e-01  0.0000e+00     4.8752e-02  0.0000e+00     5.8038e-01  0.0000e+00 
1.3357e+01     1.4479e-02  0.0000e+00     1.9340e-01  0.0000e+00     4.2557e-02  0.0000e+00     5.6844e-01  0.0000e+00 
1.4987e+01     8.9191e-03  0.0000e+00     1.3367e-01  0.0000e+00     2.9413e-02  0.0000e+00     4.4082e-01  0.0000e+00 
1.6816e+01     5.0073e-03  0.0000e+00     8.4202e-02  0.0000e+00     1.8528e-02  0.0000e+00     3.1157e-01  0.0000e+00 
1.8868e+01     4.1978e-03  0.0000e+00     7.9203e-02  0.0000e+00     1.7428e-02  0.0000e+00     3.2883e-01  0.0000e+00 
2.1170e+01     3.6294e-03  0.0000e+00     7.6835e-02  0.0000e+00     1.6907e-02  0.0000e+00     3.5792e-01  0.0000e+00 
2.3753e+01     3.1572e-03  0.0000e+00     7.4993e-02  0.0000e+00     1.6502e-02  0.0000e+00     3.9196e-01  0.0000e+00 
2.6651e+01     2.3202e-03  0.0000e+00     6.1836e-02  0.0000e+00     1.3607e-02  0.0000e+00     3.6263e-01  0.0000e+00 
2.9903e+01     1.5487e-03  0.0000e+00     4.6311e-02  0.0000e+00     1.0190e-02  0.0000e+00     3.0473e-01  0.0000e+00 
3.3552e+01     1.6391e-03  0.0000e+00     5.4995e-02  0.0000e+00     1.2101e-02  0.0000e+00     4.0602e-01  0.0000e+00 
3.7646e+01     1.1533e-03  0.0000e+00     4.3417e-02  0.0000e+00     9.5536e-03  0.0000e+00     3.5965e-01  0.0000e+00 
4.2240e+01     7.6623e-04  0.0000e+00     3.2365e-02  0.0000e+00     7.1218e-03  0.0000e+00     3.0082e-01  0.0000e+00 
4.7394e+01     7.2177e-04  0.0000e+00     3.4207e-02  0.0000e+00     7.5271e-03  0.0000e+00     3.5673e-01  0.0000e+00 
5.3176e+01     3.2659e-04  0.0000e+00     1.7367e-02  0.0000e+00     3.8214e-03  0.0000e+00     2.0321e-01  0.0000e+00 
5.9665e+01     2.6020e-04  0.0000e+00     1.5525e-02  0.0000e+00     3.4161e-03  0.0000e+00     2.0382e-01  0.0000e+00 
6.6945e+01     1.5329e-04  0.0000e+00     1.0262e-02  0.0000e+00     2.2581e-03  0.0000e+00     1.5117e-01  0.0000e+00 
7.5114e+01     8.0572e-05  0.0000e+00     6.0521e-03  0.0000e+00     1.3317e-03  0.0000e+00     1.0003e-01  0.0000e+00 
8.4279e+01     3.7466e-05  0.0000e+00     3.1576e-03  0.0000e+00     6.9480e-04  0.0000e+00     5.8557e-02  0.0000e+00 
9.4563e+01     2.5044e-05  0.0000e+00     2.3682e-03  0.0000e+00     5.2110e-04  0.0000e+00     4.9277e-02  0.0000e+00 
1.0610e+02     4.9600e-06  0.0000e+00     5.2627e-04  0.0000e+00     1.1580e-04  0.0000e+00     1.2287e-02  0.0000e+00 
1.1905e+02     2.2103e-06  0.0000e+00     2.6313e-04  0.0000e+00     5.7900e-05  0.0000e+00     6.8929e-03  0.0000e+00 
1.3357e+02     1.9700e-06  0.0000e+00     2.6313e-04  0.0000e+00     5.7900e-05  0.0000e+00     7.7339e-03  0.0000e+00 
1.4987e+02     0.0000e+00  0.0000e+00     0.0000e+00  0.0000e+00     0.0000e+00  0.0000e+00     0.0000e+00  0.0000e+00 
1.6816e+02     0.0000e+00  0.0000e+00     0.0000e+00  0.0000e+00     0.0000e+00  0.0000e+00     0.0000e+00  0.0000e+00 
1.8868e+02     0.0000e+00  0.0000e+00     0.0000e+00  0.0000e+00     0.0000e+00  0.0000e+00     0.0000e+00  0.0000e+00 
2.1170e+02     0.0000e+00  0.0000e+00     0.0000e+00  0.0000e+00     0.0000e+00  0.0000e+00     0.0000e+00  0.0000e+00 
2.3753e+02     0.0000e+00  0.0000e+00     0.0000e+00  0.0000e+00     0.0000e+00  0.0000e+00     0.0000e+00  0.0000e+00 
2.6651e+02     0.0000e+00  0.0000e+00     0.0000e+00  0.0000e+00     0.0000e+00  0.0000e+00     0.0000e+00  0.0000e+00 
2.9903e+02     0.0000e+00  0.0000e+00     0.0000e+00  0.0000e+00     0.0000e+00  0.0000e+00     0.0000e+00  0.0000e+00 
3.3552e+02     0.0000e+00  0.0000e+00     0.0000e+00  0.0000e+00     0.0000e+00  0.0000e+00     0.0000e+00  0.0000e+00 
3.7646e+02     0.0000e+00  0.0000e+00     0.0000e+00  0.0000e+00     0.0000e+00  0.0000e+00     0.0000e+00  0.0000e+00 
4.2240e+02     0.0000e+00  0.0000e+00     0.0000e+00  0.0000e+00     0.0000e+00  0.0000e+00     0.0000e+00  0.0000e+00 
4.7394e+02     0.0000e+00  0.0000e+00     0.0000e+00  0.0000e+00     0.0000e+00  0.0000e+00     0.0000e+00  0.0000e+00 
5.3176e+02     0.0000e+00  0.0000e+00     0.0000e+00  0.0000e+00     0.0000e+00  0.0000e+00     0.0000e+00  0.0000e+00 
5.9665e+02     0.0000e+00  0.0000e+00     0.0000e+00  0.0000e+00     0.0000e+00  0.0000e+00     0.0000e+00  0.0000e+00 
6.6945e+02     0.0000e+00  0.0000e+00     0.0000e+00  0.0000e+00     0.0000e+00  0.0000e+00     0.0000e+00  0.0000e+00 
7.5114e+02     0.0000e+00  0.0000e+00     0.0000e+00  0.0000e+00     0.0000e+00  0.0000e+00     0.0000e+00  0.0000e+00 
8.4279e+02     0.0000e+00  0.0000e+00     0.0000e+00  0.0000e+00     0.0000e+00  0.0000e+00     0.0000e+00  0.0000e+00 
9.4563e+02     0.0000e+00  0.0000e+00     0.0000e+00  0.0000e+00     0.0000e+00  0.0000e+00     0.0000e+00  0.0000e+00 
1.0610e+03     0.0000e+00  0.0000e+00     0.0000e+00  0.0000e+00     0.0000e+00  0.0000e+00     0.0000e+00  0.0000e+00 
1.1905e+03     0.0000e+00  0.0000e+00     0.0000e+00  0.0000e+00     0.0000e+00  0.0000e+00     0.0000e+00  0.0000e+00 
1.3357e+03     0.0000e+00  0.0000e+00     0.0000e+00  0.0000e+00     0.0000e+00  0.0000e+00     0.0000e+00  0.0000e+00 
1.4987e+03     0.0000e+00  0.0000e+00     0.0000e+00  0.0000e+00     0.0000e+00  0.0000e+00     0.0000e+00  0.0000e+00 
1.6816e+03     0.0000e+00  0.0000e+00     0.0000e+00  0.0000e+00     0.0000e+00  0.0000e+00     0.0000e+00  0.0000e+00 
1.8868e+03     0.0000e+00  0.0000e+00     0.0000e+00  0.0000e+00     0.0000e+00  0.0000e+00     0.0000e+00  0.0000e+00 
2.1170e+03     0.0000e+00  0.0000e+00     0.0000e+00  0.0000e+00     0.0000e+00  0.0000e+00     0.0000e+00  0.0000e+00 
2.3753e+03     0.0000e+00  0.0000e+00     0.0000e+00  0.0000e+00     0.0000e+00  0.0000e+00     0.0000e+00  0.0000e+00 
2.6651e+03     0.0000e+00  0.0000e+00     0.0000e+00  0.0000e+00     0.0000e+00  0.0000e+00     0.0000e+00  0.0000e+00 
2.9903e+03     0.0000e+00  0.0000e+00     0.0000e+00  0.0000e+00     0.0000e+00  0.0000e+00     0.0000e+00  0.0000e+00 
3.3552e+03     0.0000e+00  0.0000e+00     0.0000e+00  0.0000e+00     0.0000e+00  0.0000e+00     0.0000e+00  0.0000e+00 
3.7646e+03     0.0000e+00  0.0000e+00     0.0000e+00  0.0000e+00     0.0000e+00  0.0000e+00     0.0000e+00  0.0000e+00 
4.2240e+03     0.0000e+00  0.0000e+00     0.0000e+00  0.0000e+00     0.0000e+00  0.0000e+00     0.0000e+00  0.0000e+00 
4.7394e+03     0.0000e+00  0.0000e+00     0.0000e+00  0.0000e+00     0.0000e+00  0.0000e+00     0.0000e+00  0.0000e+00 
5.3176e+03     0.0000e+00  0.0000e+00     0.0000e+00  0.0000e+00     0.0000e+00  0.0000e+00     0.0000e+00  0.0000e+00 
5.9665e+03     0.0000e+00  0.0000e+00     0.0000e+00  0.0000e+00     0.0000e+00  0.0000e+00     0.0000e+00  0.0000e+00 
6.6945e+03     0.0000e+00  0.0000e+00     0.0000e+00  0.0000e+00     0.0000e+00  0.0000e+00     0.0000e+00  0.0000e+00 
7.5114e+03     0.0000e+00  0.0000e+00     0.0000e+00  0.0000e+00     0.0000e+00  0.0000e+00     0.0000e+00  0.0000e+00 
8.4279e+03     0.0000e+00  0.0000e+00     0.0000e+00  0.0000e+00     0.0000e+00  0.0000e+00     0.0000e+00  0.0000e+00 
9.4563e+03     0.0000e+00  0.0000e+00     0.0000e+00  0.0000e+00     0.0000e+00  0.0000e+00     0.0000e+00  0.0000e+00 
