yF = 1.6035e+01 (std: 0.0000e+00) keV/um
yD = 2.5858e+01 (std: 0.0000e+00) keV/um
y (keV/um)     f(y)(std)                  yf(y)(std)                 d(y)(std)                  yd(y)(std)  
1.0610e-01     8.0110e+00  0.0000e+00     8.4997e-01  0.0000e+00     5.3008e-02  0.0000e+00     5.6242e-03  0.0000e+00 
1.1905e-01     4.4556e-01  0.0000e+00     5.3042e-02  0.0000e+00     3.3079e-03  0.0000e+00     3.9380e-04  0.0000e+00 
1.3357e-01     1.2354e-01  0.0000e+00     1.6501e-02  0.0000e+00     1.0291e-03  0.0000e+00     1.3746e-04  0.0000e+00 
1.4987e-01     6.1270e-01  0.0000e+00     9.1826e-02  0.0000e+00     5.7267e-03  0.0000e+00     8.5826e-04  0.0000e+00 
1.6816e-01     1.7236e-01  0.0000e+00     2.8984e-02  0.0000e+00     1.8076e-03  0.0000e+00     3.0396e-04  0.0000e+00 
1.8868e-01     1.0303e-01  0.0000e+00     1.9439e-02  0.0000e+00     1.2123e-03  0.0000e+00     2.2873e-04  0.0000e+00 
2.1170e-01     1.1490e-01  0.0000e+00     2.4325e-02  0.0000e+00     1.5170e-03  0.0000e+00     3.2115e-04  0.0000e+00 
2.3753e-01     1.0471e-01  0.0000e+00     2.4872e-02  0.0000e+00     1.5511e-03  0.0000e+00     3.6844e-04  0.0000e+00 
2.6651e-01     4.5685e-02  0.0000e+00     1.2176e-02  0.0000e+00     7.5934e-04  0.0000e+00     2.0237e-04  0.0000e+00 
2.9903e-01     3.6520e-02  0.0000e+00     1.0921e-02  0.0000e+00     6.8107e-04  0.0000e+00     2.0366e-04  0.0000e+00 
3.3552e-01     2.0258e-01  0.0000e+00     6.7968e-02  0.0000e+00     4.2388e-03  0.0000e+00     1.4222e-03  0.0000e+00 
3.7646e-01     1.1277e-01  0.0000e+00     4.2455e-02  0.0000e+00     2.6477e-03  0.0000e+00     9.9675e-04  0.0000e+00 
4.2240e-01     5.2626e-02  0.0000e+00     2.2229e-02  0.0000e+00     1.3863e-03  0.0000e+00     5.8556e-04  0.0000e+00 
4.7394e-01     4.6649e-02  0.0000e+00     2.2109e-02  0.0000e+00     1.3788e-03  0.0000e+00     6.5346e-04  0.0000e+00 
5.3176e-01     2.9123e-02  0.0000e+00     1.5487e-02  0.0000e+00     9.6582e-04  0.0000e+00     5.1359e-04  0.0000e+00 
5.9665e-01     1.5238e-02  0.0000e+00     9.0918e-03  0.0000e+00     5.6700e-04  0.0000e+00     3.3830e-04  0.0000e+00 
6.6945e-01     2.1618e-02  0.0000e+00     1.4472e-02  0.0000e+00     9.0255e-04  0.0000e+00     6.0421e-04  0.0000e+00 
7.5114e-01     1.8556e-02  0.0000e+00     1.3938e-02  0.0000e+00     8.6924e-04  0.0000e+00     6.5292e-04  0.0000e+00 
8.4279e-01     9.8848e-03  0.0000e+00     8.3308e-03  0.0000e+00     5.1955e-04  0.0000e+00     4.3787e-04  0.0000e+00 
9.4563e-01     5.6473e-03  0.0000e+00     5.3403e-03  0.0000e+00     3.3304e-04  0.0000e+00     3.1493e-04  0.0000e+00 
1.0610e+00     3.9511e-03  0.0000e+00     4.1921e-03  0.0000e+00     2.6144e-04  0.0000e+00     2.7739e-04  0.0000e+00 
1.1905e+00     2.5794e-03  0.0000e+00     3.0707e-03  0.0000e+00     1.9150e-04  0.0000e+00     2.2797e-04  0.0000e+00 
1.3357e+00     1.2594e-03  0.0000e+00     1.6822e-03  0.0000e+00     1.0491e-04  0.0000e+00     1.4013e-04  0.0000e+00 
1.4987e+00     5.6121e-04  0.0000e+00     8.4109e-04  0.0000e+00     5.2454e-05  0.0000e+00     7.8614e-05  0.0000e+00 
1.6816e+00     3.0963e-04  0.0000e+00     5.2068e-04  0.0000e+00     3.2472e-05  0.0000e+00     5.4604e-05  0.0000e+00 
1.8868e+00     1.1321e-04  0.0000e+00     2.1361e-04  0.0000e+00     1.3322e-05  0.0000e+00     2.5135e-05  0.0000e+00 
2.1170e+00     4.4145e-05  0.0000e+00     9.3455e-05  0.0000e+00     5.8282e-06  0.0000e+00     1.2338e-05  0.0000e+00 
2.3753e+00     1.6862e-05  0.0000e+00     4.0052e-05  0.0000e+00     2.4978e-06  0.0000e+00     5.9331e-06  0.0000e+00 
2.6651e+00     0.0000e+00  0.0000e+00     0.0000e+00  0.0000e+00     0.0000e+00  0.0000e+00     0.0000e+00  0.0000e+00 
2.9903e+00     0.0000e+00  0.0000e+00     0.0000e+00  0.0000e+00     0.0000e+00  0.0000e+00     0.0000e+00  0.0000e+00 
3.3552e+00     0.0000e+00  0.0000e+00     0.0000e+00  0.0000e+00     0.0000e+00  0.0000e+00     0.0000e+00  0.0000e+00 
3.7646e+00     0.0000e+00  0.0000e+00     0.0000e+00  0.0000e+00     0.0000e+00  0.0000e+00     0.0000e+00  0.0000e+00 
4.2240e+00     0.0000e+00  0.0000e+00     0.0000e+00  0.0000e+00     0.0000e+00  0.0000e+00     0.0000e+00  0.0000e+00 
4.7394e+00     0.0000e+00  0.0000e+00     0.0000e+00  0.0000e+00     0.0000e+00  0.0000e+00     0.0000e+00  0.0000e+00 
5.3176e+00     2.5106e-06  0.0000e+00     1.3351e-05  0.0000e+00     8.3261e-07  0.0000e+00     4.4275e-06  0.0000e+00 
5.9665e+00     8.8050e-03  0.0000e+00     5.2535e-02  0.0000e+00     3.2763e-03  0.0000e+00     1.9548e-02  0.0000e+00 
6.6945e+00     6.0526e-03  0.0000e+00     4.0519e-02  0.0000e+00     2.5270e-03  0.0000e+00     1.6917e-02  0.0000e+00 
7.5114e+00     4.8310e-03  0.0000e+00     3.6287e-02  0.0000e+00     2.2630e-03  0.0000e+00     1.6998e-02  0.0000e+00 
8.4279e+00     1.2978e-01  0.0000e+00     1.0938e+00  0.0000e+00     6.8212e-02  0.0000e+00     5.7488e-01  0.0000e+00 
9.4563e+00     2.7841e-02  0.0000e+00     2.6327e-01  0.0000e+00     1.6419e-02  0.0000e+00     1.5526e-01  0.0000e+00 
1.0610e+01     8.6966e-02  0.0000e+00     9.2272e-01  0.0000e+00     5.7545e-02  0.0000e+00     6.1056e-01  0.0000e+00 
1.1905e+01     4.3575e-02  0.0000e+00     5.1875e-01  0.0000e+00     3.2352e-02  0.0000e+00     3.8514e-01  0.0000e+00 
1.3357e+01     3.7282e-02  0.0000e+00     4.9799e-01  0.0000e+00     3.1057e-02  0.0000e+00     4.1484e-01  0.0000e+00 
1.4987e+01     2.0643e-02  0.0000e+00     3.0937e-01  0.0000e+00     1.9294e-02  0.0000e+00     2.8916e-01  0.0000e+00 
1.6816e+01     1.9989e-02  0.0000e+00     3.3613e-01  0.0000e+00     2.0963e-02  0.0000e+00     3.5250e-01  0.0000e+00 
1.8868e+01     2.2564e-02  0.0000e+00     4.2574e-01  0.0000e+00     2.6551e-02  0.0000e+00     5.0096e-01  0.0000e+00 
2.1170e+01     2.6959e-02  0.0000e+00     5.7073e-01  0.0000e+00     3.5593e-02  0.0000e+00     7.5350e-01  0.0000e+00 
2.3753e+01     2.8029e-02  0.0000e+00     6.6578e-01  0.0000e+00     4.1521e-02  0.0000e+00     9.8626e-01  0.0000e+00 
2.6651e+01     1.2323e-02  0.0000e+00     3.2841e-01  0.0000e+00     2.0481e-02  0.0000e+00     5.4585e-01  0.0000e+00 
2.9903e+01     1.2850e-02  0.0000e+00     3.8426e-01  0.0000e+00     2.3964e-02  0.0000e+00     7.1661e-01  0.0000e+00 
3.3552e+01     8.4281e-03  0.0000e+00     2.8278e-01  0.0000e+00     1.7635e-02  0.0000e+00     5.9171e-01  0.0000e+00 
3.7646e+01     5.6724e-03  0.0000e+00     2.1354e-01  0.0000e+00     1.3318e-02  0.0000e+00     5.0135e-01  0.0000e+00 
4.2240e+01     3.7182e-03  0.0000e+00     1.5706e-01  0.0000e+00     9.7948e-03  0.0000e+00     4.1373e-01  0.0000e+00 
4.7394e+01     1.8719e-03  0.0000e+00     8.8715e-02  0.0000e+00     5.5327e-03  0.0000e+00     2.6221e-01  0.0000e+00 
5.3176e+01     8.6516e-04  0.0000e+00     4.6006e-02  0.0000e+00     2.8692e-03  0.0000e+00     1.5257e-01  0.0000e+00 
5.9665e+01     6.2675e-04  0.0000e+00     3.7395e-02  0.0000e+00     2.3321e-03  0.0000e+00     1.3915e-01  0.0000e+00 
6.6945e+01     3.9407e-04  0.0000e+00     2.6381e-02  0.0000e+00     1.6452e-03  0.0000e+00     1.1014e-01  0.0000e+00 
7.5114e+01     2.3337e-04  0.0000e+00     1.7529e-02  0.0000e+00     1.0932e-03  0.0000e+00     8.2115e-02  0.0000e+00 
8.4279e+01     1.1342e-04  0.0000e+00     9.5591e-03  0.0000e+00     5.9615e-04  0.0000e+00     5.0243e-02  0.0000e+00 
9.4563e+01     4.8426e-05  0.0000e+00     4.5793e-03  0.0000e+00     2.8558e-04  0.0000e+00     2.7006e-02  0.0000e+00 
1.0610e+02     1.2331e-05  0.0000e+00     1.3084e-03  0.0000e+00     8.1595e-05  0.0000e+00     8.6573e-03  0.0000e+00 
1.1905e+02     1.4579e-06  0.0000e+00     1.7356e-04  0.0000e+00     1.0824e-05  0.0000e+00     1.2886e-03  0.0000e+00 
1.3357e+02     1.9990e-07  0.0000e+00     2.6701e-05  0.0000e+00     1.6652e-06  0.0000e+00     2.2243e-04  0.0000e+00 
1.4987e+02     8.9081e-08  0.0000e+00     1.3351e-05  0.0000e+00     8.3261e-07  0.0000e+00     1.2478e-04  0.0000e+00 
1.6816e+02     0.0000e+00  0.0000e+00     0.0000e+00  0.0000e+00     0.0000e+00  0.0000e+00     0.0000e+00  0.0000e+00 
1.8868e+02     0.0000e+00  0.0000e+00     0.0000e+00  0.0000e+00     0.0000e+00  0.0000e+00     0.0000e+00  0.0000e+00 
2.1170e+02     0.0000e+00  0.0000e+00     0.0000e+00  0.0000e+00     0.0000e+00  0.0000e+00     0.0000e+00  0.0000e+00 
2.3753e+02     0.0000e+00  0.0000e+00     0.0000e+00  0.0000e+00     0.0000e+00  0.0000e+00     0.0000e+00  0.0000e+00 
2.6651e+02     0.0000e+00  0.0000e+00     0.0000e+00  0.0000e+00     0.0000e+00  0.0000e+00     0.0000e+00  0.0000e+00 
2.9903e+02     0.0000e+00  0.0000e+00     0.0000e+00  0.0000e+00     0.0000e+00  0.0000e+00     0.0000e+00  0.0000e+00 
3.3552e+02     0.0000e+00  0.0000e+00     0.0000e+00  0.0000e+00     0.0000e+00  0.0000e+00     0.0000e+00  0.0000e+00 
3.7646e+02     0.0000e+00  0.0000e+00     0.0000e+00  0.0000e+00     0.0000e+00  0.0000e+00     0.0000e+00  0.0000e+00 
4.2240e+02     0.0000e+00  0.0000e+00     0.0000e+00  0.0000e+00     0.0000e+00  0.0000e+00     0.0000e+00  0.0000e+00 
4.7394e+02     0.0000e+00  0.0000e+00     0.0000e+00  0.0000e+00     0.0000e+00  0.0000e+00     0.0000e+00  0.0000e+00 
5.3176e+02     0.0000e+00  0.0000e+00     0.0000e+00  0.0000e+00     0.0000e+00  0.0000e+00     0.0000e+00  0.0000e+00 
5.9665e+02     0.0000e+00  0.0000e+00     0.0000e+00  0.0000e+00     0.0000e+00  0.0000e+00     0.0000e+00  0.0000e+00 
6.6945e+02     0.0000e+00  0.0000e+00     0.0000e+00  0.0000e+00     0.0000e+00  0.0000e+00     0.0000e+00  0.0000e+00 
7.5114e+02     0.0000e+00  0.0000e+00     0.0000e+00  0.0000e+00     0.0000e+00  0.0000e+00     0.0000e+00  0.0000e+00 
8.4279e+02     0.0000e+00  0.0000e+00     0.0000e+00  0.0000e+00     0.0000e+00  0.0000e+00     0.0000e+00  0.0000e+00 
9.4563e+02     0.0000e+00  0.0000e+00     0.0000e+00  0.0000e+00     0.0000e+00  0.0000e+00     0.0000e+00  0.0000e+00 
1.0610e+03     0.0000e+00  0.0000e+00     0.0000e+00  0.0000e+00     0.0000e+00  0.0000e+00     0.0000e+00  0.0000e+00 
1.1905e+03     0.0000e+00  0.0000e+00     0.0000e+00  0.0000e+00     0.0000e+00  0.0000e+00     0.0000e+00  0.0000e+00 
1.3357e+03     0.0000e+00  0.0000e+00     0.0000e+00  0.0000e+00     0.0000e+00  0.0000e+00     0.0000e+00  0.0000e+00 
1.4987e+03     0.0000e+00  0.0000e+00     0.0000e+00  0.0000e+00     0.0000e+00  0.0000e+00     0.0000e+00  0.0000e+00 
1.6816e+03     0.0000e+00  0.0000e+00     0.0000e+00  0.0000e+00     0.0000e+00  0.0000e+00     0.0000e+00  0.0000e+00 
1.8868e+03     0.0000e+00  0.0000e+00     0.0000e+00  0.0000e+00     0.0000e+00  0.0000e+00     0.0000e+00  0.0000e+00 
2.1170e+03     0.0000e+00  0.0000e+00     0.0000e+00  0.0000e+00     0.0000e+00  0.0000e+00     0.0000e+00  0.0000e+00 
2.3753e+03     0.0000e+00  0.0000e+00     0.0000e+00  0.0000e+00     0.0000e+00  0.0000e+00     0.0000e+00  0.0000e+00 
2.6651e+03     0.0000e+00  0.0000e+00     0.0000e+00  0.0000e+00     0.0000e+00  0.0000e+00     0.0000e+00  0.0000e+00 
2.9903e+03     0.0000e+00  0.0000e+00     0.0000e+00  0.0000e+00     0.0000e+00  0.0000e+00     0.0000e+00  0.0000e+00 
3.3552e+03     0.0000e+00  0.0000e+00     0.0000e+00  0.0000e+00     0.0000e+00  0.0000e+00     0.0000e+00  0.0000e+00 
3.7646e+03     0.0000e+00  0.0000e+00     0.0000e+00  0.0000e+00     0.0000e+00  0.0000e+00     0.0000e+00  0.0000e+00 
4.2240e+03     0.0000e+00  0.0000e+00     0.0000e+00  0.0000e+00     0.0000e+00  0.0000e+00     0.0000e+00  0.0000e+00 
4.7394e+03     0.0000e+00  0.0000e+00     0.0000e+00  0.0000e+00     0.0000e+00  0.0000e+00     0.0000e+00  0.0000e+00 
5.3176e+03     0.0000e+00  0.0000e+00     0.0000e+00  0.0000e+00     0.0000e+00  0.0000e+00     0.0000e+00  0.0000e+00 
5.9665e+03     0.0000e+00  0.0000e+00     0.0000e+00  0.0000e+00     0.0000e+00  0.0000e+00     0.0000e+00  0.0000e+00 
6.6945e+03     0.0000e+00  0.0000e+00     0.0000e+00  0.0000e+00     0.0000e+00  0.0000e+00     0.0000e+00  0.0000e+00 
7.5114e+03     0.0000e+00  0.0000e+00     0.0000e+00  0.0000e+00     0.0000e+00  0.0000e+00     0.0000e+00  0.0000e+00 
8.4279e+03     0.0000e+00  0.0000e+00     0.0000e+00  0.0000e+00     0.0000e+00  0.0000e+00     0.0000e+00  0.0000e+00 
9.4563e+03     0.0000e+00  0.0000e+00     0.0000e+00  0.0000e+00     0.0000e+00  0.0000e+00     0.0000e+00  0.0000e+00 
