yF = 4.8926e+00 (std: 0.0000e+00) keV/um
yD = 2.1379e+01 (std: 0.0000e+00) keV/um
y (keV/um)     f(y)(std)                  yf(y)(std)                 d(y)(std)                  yd(y)(std)  
1.0610e-01     2.4910e+01  0.0000e+00     2.6430e+00  0.0000e+00     5.4020e-01  0.0000e+00     5.7316e-02  0.0000e+00 
1.1905e-01     2.0731e+00  0.0000e+00     2.4679e-01  0.0000e+00     5.0442e-02  0.0000e+00     6.0050e-03  0.0000e+00 
1.3357e-01     4.3242e-01  0.0000e+00     5.7760e-02  0.0000e+00     1.1806e-02  0.0000e+00     1.5769e-03  0.0000e+00 
1.4987e-01     2.7795e+00  0.0000e+00     4.1657e-01  0.0000e+00     8.5144e-02  0.0000e+00     1.2761e-02  0.0000e+00 
1.6816e-01     9.0555e-01  0.0000e+00     1.5228e-01  0.0000e+00     3.1124e-02  0.0000e+00     5.2338e-03  0.0000e+00 
1.8868e-01     5.1949e-01  0.0000e+00     9.8017e-02  0.0000e+00     2.0034e-02  0.0000e+00     3.7799e-03  0.0000e+00 
2.1170e-01     5.6221e-01  0.0000e+00     1.1902e-01  0.0000e+00     2.4327e-02  0.0000e+00     5.1500e-03  0.0000e+00 
2.3753e-01     5.1581e-01  0.0000e+00     1.2252e-01  0.0000e+00     2.5042e-02  0.0000e+00     5.9483e-03  0.0000e+00 
2.6651e-01     2.4956e-01  0.0000e+00     6.6511e-02  0.0000e+00     1.3594e-02  0.0000e+00     3.6231e-03  0.0000e+00 
2.9903e-01     2.6339e-01  0.0000e+00     7.8763e-02  0.0000e+00     1.6099e-02  0.0000e+00     4.8140e-03  0.0000e+00 
3.3552e-01     1.4294e+00  0.0000e+00     4.7958e-01  0.0000e+00     9.8023e-02  0.0000e+00     3.2889e-02  0.0000e+00 
3.7646e-01     8.0899e-01  0.0000e+00     3.0455e-01  0.0000e+00     6.2248e-02  0.0000e+00     2.3434e-02  0.0000e+00 
4.2240e-01     3.3150e-01  0.0000e+00     1.4002e-01  0.0000e+00     2.8620e-02  0.0000e+00     1.2089e-02  0.0000e+00 
4.7394e-01     3.9147e-01  0.0000e+00     1.8553e-01  0.0000e+00     3.7921e-02  0.0000e+00     1.7972e-02  0.0000e+00 
5.3176e-01     2.3699e-01  0.0000e+00     1.2602e-01  0.0000e+00     2.5758e-02  0.0000e+00     1.3697e-02  0.0000e+00 
5.9665e-01     1.3201e-01  0.0000e+00     7.8763e-02  0.0000e+00     1.6099e-02  0.0000e+00     9.6052e-03  0.0000e+00 
6.6945e-01     1.9870e-01  0.0000e+00     1.3302e-01  0.0000e+00     2.7189e-02  0.0000e+00     1.8202e-02  0.0000e+00 
7.5114e-01     1.7010e-01  0.0000e+00     1.2777e-01  0.0000e+00     2.6116e-02  0.0000e+00     1.9616e-02  0.0000e+00 
8.4279e-01     8.5148e-02  0.0000e+00     7.1762e-02  0.0000e+00     1.4668e-02  0.0000e+00     1.2362e-02  0.0000e+00 
9.4563e-01     5.1826e-02  0.0000e+00     4.9008e-02  0.0000e+00     1.0017e-02  0.0000e+00     9.4723e-03  0.0000e+00 
1.0610e+00     3.4643e-02  0.0000e+00     3.6756e-02  0.0000e+00     7.5127e-03  0.0000e+00     7.9710e-03  0.0000e+00 
1.1905e+00     1.3232e-02  0.0000e+00     1.5753e-02  0.0000e+00     3.2197e-03  0.0000e+00     3.8330e-03  0.0000e+00 
1.3357e+00     1.0483e-02  0.0000e+00     1.4002e-02  0.0000e+00     2.8620e-03  0.0000e+00     3.8228e-03  0.0000e+00 
1.4987e+00     8.1751e-03  0.0000e+00     1.2252e-02  0.0000e+00     2.5042e-03  0.0000e+00     3.7531e-03  0.0000e+00 
1.6816e+00     2.0817e-03  0.0000e+00     3.5006e-03  0.0000e+00     7.1549e-04  0.0000e+00     1.2032e-03  0.0000e+00 
1.8868e+00     0.0000e+00  0.0000e+00     0.0000e+00  0.0000e+00     0.0000e+00  0.0000e+00     0.0000e+00  0.0000e+00 
2.1170e+00     0.0000e+00  0.0000e+00     0.0000e+00  0.0000e+00     0.0000e+00  0.0000e+00     0.0000e+00  0.0000e+00 
2.3753e+00     0.0000e+00  0.0000e+00     0.0000e+00  0.0000e+00     0.0000e+00  0.0000e+00     0.0000e+00  0.0000e+00 
2.6651e+00     0.0000e+00  0.0000e+00     0.0000e+00  0.0000e+00     0.0000e+00  0.0000e+00     0.0000e+00  0.0000e+00 
2.9903e+00     0.0000e+00  0.0000e+00     0.0000e+00  0.0000e+00     0.0000e+00  0.0000e+00     0.0000e+00  0.0000e+00 
3.3552e+00     0.0000e+00  0.0000e+00     0.0000e+00  0.0000e+00     0.0000e+00  0.0000e+00     0.0000e+00  0.0000e+00 
3.7646e+00     0.0000e+00  0.0000e+00     0.0000e+00  0.0000e+00     0.0000e+00  0.0000e+00     0.0000e+00  0.0000e+00 
4.2240e+00     0.0000e+00  0.0000e+00     0.0000e+00  0.0000e+00     0.0000e+00  0.0000e+00     0.0000e+00  0.0000e+00 
4.7394e+00     0.0000e+00  0.0000e+00     0.0000e+00  0.0000e+00     0.0000e+00  0.0000e+00     0.0000e+00  0.0000e+00 
5.3176e+00     0.0000e+00  0.0000e+00     0.0000e+00  0.0000e+00     0.0000e+00  0.0000e+00     0.0000e+00  0.0000e+00 
5.9665e+00     1.1529e-01  0.0000e+00     6.8787e-01  0.0000e+00     1.4059e-01  0.0000e+00     8.3886e-01  0.0000e+00 
6.6945e+00     2.4054e-02  0.0000e+00     1.6103e-01  0.0000e+00     3.2913e-02  0.0000e+00     2.2034e-01  0.0000e+00 
7.5114e+00     7.4566e-03  0.0000e+00     5.6010e-02  0.0000e+00     1.1448e-02  0.0000e+00     8.5990e-02  0.0000e+00 
8.4279e+00     2.4091e-02  0.0000e+00     2.0303e-01  0.0000e+00     4.1499e-02  0.0000e+00     3.4975e-01  0.0000e+00 
9.4563e+00     1.6658e-02  0.0000e+00     1.5753e-01  0.0000e+00     3.2197e-02  0.0000e+00     3.0447e-01  0.0000e+00 
1.0610e+01     2.5405e-02  0.0000e+00     2.6955e-01  0.0000e+00     5.5093e-02  0.0000e+00     5.8454e-01  0.0000e+00 
1.1905e+01     1.6467e-02  0.0000e+00     1.9603e-01  0.0000e+00     4.0068e-02  0.0000e+00     4.7699e-01  0.0000e+00 
1.3357e+01     2.7518e-02  0.0000e+00     3.6756e-01  0.0000e+00     7.5127e-02  0.0000e+00     1.0035e+00  0.0000e+00 
1.4987e+01     7.4743e-03  0.0000e+00     1.1202e-01  0.0000e+00     2.2896e-02  0.0000e+00     3.4314e-01  0.0000e+00 
1.6816e+01     4.8920e-03  0.0000e+00     8.2264e-02  0.0000e+00     1.6814e-02  0.0000e+00     2.8274e-01  0.0000e+00 
1.8868e+01     4.1745e-03  0.0000e+00     7.8763e-02  0.0000e+00     1.6099e-02  0.0000e+00     3.0374e-01  0.0000e+00 
2.1170e+01     4.7954e-03  0.0000e+00     1.0152e-01  0.0000e+00     2.0749e-02  0.0000e+00     4.3926e-01  0.0000e+00 
2.3753e+01     3.6844e-03  0.0000e+00     8.7515e-02  0.0000e+00     1.7887e-02  0.0000e+00     4.2488e-01  0.0000e+00 
2.6651e+01     2.9553e-03  0.0000e+00     7.8763e-02  0.0000e+00     1.6099e-02  0.0000e+00     4.2905e-01  0.0000e+00 
2.9903e+01     1.7560e-03  0.0000e+00     5.2509e-02  0.0000e+00     1.0732e-02  0.0000e+00     3.2093e-01  0.0000e+00 
3.3552e+01     1.6693e-03  0.0000e+00     5.6010e-02  0.0000e+00     1.1448e-02  0.0000e+00     3.8410e-01  0.0000e+00 
3.7646e+01     1.3483e-03  0.0000e+00     5.0759e-02  0.0000e+00     1.0375e-02  0.0000e+00     3.9057e-01  0.0000e+00 
4.2240e+01     8.7019e-04  0.0000e+00     3.6756e-02  0.0000e+00     7.5127e-03  0.0000e+00     3.1733e-01  0.0000e+00 
4.7394e+01     7.3862e-04  0.0000e+00     3.5006e-02  0.0000e+00     7.1549e-03  0.0000e+00     3.3910e-01  0.0000e+00 
5.3176e+01     3.6206e-04  0.0000e+00     1.9253e-02  0.0000e+00     3.9352e-03  0.0000e+00     2.0926e-01  0.0000e+00 
5.9665e+01     2.3468e-04  0.0000e+00     1.4002e-02  0.0000e+00     2.8620e-03  0.0000e+00     1.7076e-01  0.0000e+00 
6.6945e+01     1.3073e-04  0.0000e+00     8.7515e-03  0.0000e+00     1.7887e-03  0.0000e+00     1.1975e-01  0.0000e+00 
7.5114e+01     0.0000e+00  0.0000e+00     0.0000e+00  0.0000e+00     0.0000e+00  0.0000e+00     0.0000e+00  0.0000e+00 
8.4279e+01     4.1536e-05  0.0000e+00     3.5006e-03  0.0000e+00     7.1549e-04  0.0000e+00     6.0301e-02  0.0000e+00 
9.4563e+01     0.0000e+00  0.0000e+00     0.0000e+00  0.0000e+00     0.0000e+00  0.0000e+00     0.0000e+00  0.0000e+00 
1.0610e+02     0.0000e+00  0.0000e+00     0.0000e+00  0.0000e+00     0.0000e+00  0.0000e+00     0.0000e+00  0.0000e+00 
1.1905e+02     0.0000e+00  0.0000e+00     0.0000e+00  0.0000e+00     0.0000e+00  0.0000e+00     0.0000e+00  0.0000e+00 
1.3357e+02     0.0000e+00  0.0000e+00     0.0000e+00  0.0000e+00     0.0000e+00  0.0000e+00     0.0000e+00  0.0000e+00 
1.4987e+02     0.0000e+00  0.0000e+00     0.0000e+00  0.0000e+00     0.0000e+00  0.0000e+00     0.0000e+00  0.0000e+00 
1.6816e+02     0.0000e+00  0.0000e+00     0.0000e+00  0.0000e+00     0.0000e+00  0.0000e+00     0.0000e+00  0.0000e+00 
1.8868e+02     0.0000e+00  0.0000e+00     0.0000e+00  0.0000e+00     0.0000e+00  0.0000e+00     0.0000e+00  0.0000e+00 
2.1170e+02     0.0000e+00  0.0000e+00     0.0000e+00  0.0000e+00     0.0000e+00  0.0000e+00     0.0000e+00  0.0000e+00 
2.3753e+02     0.0000e+00  0.0000e+00     0.0000e+00  0.0000e+00     0.0000e+00  0.0000e+00     0.0000e+00  0.0000e+00 
2.6651e+02     0.0000e+00  0.0000e+00     0.0000e+00  0.0000e+00     0.0000e+00  0.0000e+00     0.0000e+00  0.0000e+00 
2.9903e+02     0.0000e+00  0.0000e+00     0.0000e+00  0.0000e+00     0.0000e+00  0.0000e+00     0.0000e+00  0.0000e+00 
3.3552e+02     0.0000e+00  0.0000e+00     0.0000e+00  0.0000e+00     0.0000e+00  0.0000e+00     0.0000e+00  0.0000e+00 
3.7646e+02     0.0000e+00  0.0000e+00     0.0000e+00  0.0000e+00     0.0000e+00  0.0000e+00     0.0000e+00  0.0000e+00 
4.2240e+02     0.0000e+00  0.0000e+00     0.0000e+00  0.0000e+00     0.0000e+00  0.0000e+00     0.0000e+00  0.0000e+00 
4.7394e+02     0.0000e+00  0.0000e+00     0.0000e+00  0.0000e+00     0.0000e+00  0.0000e+00     0.0000e+00  0.0000e+00 
5.3176e+02     0.0000e+00  0.0000e+00     0.0000e+00  0.0000e+00     0.0000e+00  0.0000e+00     0.0000e+00  0.0000e+00 
5.9665e+02     0.0000e+00  0.0000e+00     0.0000e+00  0.0000e+00     0.0000e+00  0.0000e+00     0.0000e+00  0.0000e+00 
6.6945e+02     0.0000e+00  0.0000e+00     0.0000e+00  0.0000e+00     0.0000e+00  0.0000e+00     0.0000e+00  0.0000e+00 
7.5114e+02     0.0000e+00  0.0000e+00     0.0000e+00  0.0000e+00     0.0000e+00  0.0000e+00     0.0000e+00  0.0000e+00 
8.4279e+02     0.0000e+00  0.0000e+00     0.0000e+00  0.0000e+00     0.0000e+00  0.0000e+00     0.0000e+00  0.0000e+00 
9.4563e+02     0.0000e+00  0.0000e+00     0.0000e+00  0.0000e+00     0.0000e+00  0.0000e+00     0.0000e+00  0.0000e+00 
1.0610e+03     0.0000e+00  0.0000e+00     0.0000e+00  0.0000e+00     0.0000e+00  0.0000e+00     0.0000e+00  0.0000e+00 
1.1905e+03     0.0000e+00  0.0000e+00     0.0000e+00  0.0000e+00     0.0000e+00  0.0000e+00     0.0000e+00  0.0000e+00 
1.3357e+03     0.0000e+00  0.0000e+00     0.0000e+00  0.0000e+00     0.0000e+00  0.0000e+00     0.0000e+00  0.0000e+00 
1.4987e+03     0.0000e+00  0.0000e+00     0.0000e+00  0.0000e+00     0.0000e+00  0.0000e+00     0.0000e+00  0.0000e+00 
1.6816e+03     0.0000e+00  0.0000e+00     0.0000e+00  0.0000e+00     0.0000e+00  0.0000e+00     0.0000e+00  0.0000e+00 
1.8868e+03     0.0000e+00  0.0000e+00     0.0000e+00  0.0000e+00     0.0000e+00  0.0000e+00     0.0000e+00  0.0000e+00 
2.1170e+03     0.0000e+00  0.0000e+00     0.0000e+00  0.0000e+00     0.0000e+00  0.0000e+00     0.0000e+00  0.0000e+00 
2.3753e+03     0.0000e+00  0.0000e+00     0.0000e+00  0.0000e+00     0.0000e+00  0.0000e+00     0.0000e+00  0.0000e+00 
2.6651e+03     0.0000e+00  0.0000e+00     0.0000e+00  0.0000e+00     0.0000e+00  0.0000e+00     0.0000e+00  0.0000e+00 
2.9903e+03     0.0000e+00  0.0000e+00     0.0000e+00  0.0000e+00     0.0000e+00  0.0000e+00     0.0000e+00  0.0000e+00 
3.3552e+03     0.0000e+00  0.0000e+00     0.0000e+00  0.0000e+00     0.0000e+00  0.0000e+00     0.0000e+00  0.0000e+00 
3.7646e+03     0.0000e+00  0.0000e+00     0.0000e+00  0.0000e+00     0.0000e+00  0.0000e+00     0.0000e+00  0.0000e+00 
4.2240e+03     0.0000e+00  0.0000e+00     0.0000e+00  0.0000e+00     0.0000e+00  0.0000e+00     0.0000e+00  0.0000e+00 
4.7394e+03     0.0000e+00  0.0000e+00     0.0000e+00  0.0000e+00     0.0000e+00  0.0000e+00     0.0000e+00  0.0000e+00 
5.3176e+03     0.0000e+00  0.0000e+00     0.0000e+00  0.0000e+00     0.0000e+00  0.0000e+00     0.0000e+00  0.0000e+00 
5.9665e+03     0.0000e+00  0.0000e+00     0.0000e+00  0.0000e+00     0.0000e+00  0.0000e+00     0.0000e+00  0.0000e+00 
6.6945e+03     0.0000e+00  0.0000e+00     0.0000e+00  0.0000e+00     0.0000e+00  0.0000e+00     0.0000e+00  0.0000e+00 
7.5114e+03     0.0000e+00  0.0000e+00     0.0000e+00  0.0000e+00     0.0000e+00  0.0000e+00     0.0000e+00  0.0000e+00 
8.4279e+03     0.0000e+00  0.0000e+00     0.0000e+00  0.0000e+00     0.0000e+00  0.0000e+00     0.0000e+00  0.0000e+00 
9.4563e+03     0.0000e+00  0.0000e+00     0.0000e+00  0.0000e+00     0.0000e+00  0.0000e+00     0.0000e+00  0.0000e+00 
