yF = 4.9837e+00 (std: 0.0000e+00) keV/um
yD = 2.3123e+01 (std: 0.0000e+00) keV/um
y (keV/um)     f(y)(std)                  yf(y)(std)                 d(y)(std)                  yd(y)(std)  
1.0610e-01     2.4886e+01  0.0000e+00     2.6404e+00  0.0000e+00     5.2981e-01  0.0000e+00     5.6213e-02  0.0000e+00 
1.1905e-01     1.8883e+00  0.0000e+00     2.2480e-01  0.0000e+00     4.5107e-02  0.0000e+00     5.3699e-03  0.0000e+00 
1.3357e-01     5.2546e-01  0.0000e+00     7.0187e-02  0.0000e+00     1.4083e-02  0.0000e+00     1.8812e-03  0.0000e+00 
1.4987e-01     2.8516e+00  0.0000e+00     4.2737e-01  0.0000e+00     8.5754e-02  0.0000e+00     1.2852e-02  0.0000e+00 
1.6816e-01     9.0162e-01  0.0000e+00     1.5161e-01  0.0000e+00     3.0422e-02  0.0000e+00     5.1158e-03  0.0000e+00 
1.8868e-01     5.4277e-01  0.0000e+00     1.0241e-01  0.0000e+00     2.0549e-02  0.0000e+00     3.8771e-03  0.0000e+00 
2.1170e-01     6.3595e-01  0.0000e+00     1.3463e-01  0.0000e+00     2.7014e-02  0.0000e+00     5.7189e-03  0.0000e+00 
2.3753e-01     5.7520e-01  0.0000e+00     1.3663e-01  0.0000e+00     2.7415e-02  0.0000e+00     6.5119e-03  0.0000e+00 
2.6651e-01     2.5867e-01  0.0000e+00     6.8938e-02  0.0000e+00     1.3833e-02  0.0000e+00     3.6867e-03  0.0000e+00 
2.9903e-01     2.2302e-01  0.0000e+00     6.6690e-02  0.0000e+00     1.3382e-02  0.0000e+00     4.0016e-03  0.0000e+00 
3.3552e-01     1.3288e+00  0.0000e+00     4.4585e-01  0.0000e+00     8.9463e-02  0.0000e+00     3.0017e-02  0.0000e+00 
3.7646e-01     8.9505e-01  0.0000e+00     3.3695e-01  0.0000e+00     6.7611e-02  0.0000e+00     2.5453e-02  0.0000e+00 
4.2240e-01     3.9738e-01  0.0000e+00     1.6785e-01  0.0000e+00     3.3680e-02  0.0000e+00     1.4226e-02  0.0000e+00 
4.7394e-01     3.9158e-01  0.0000e+00     1.8558e-01  0.0000e+00     3.7239e-02  0.0000e+00     1.7649e-02  0.0000e+00 
5.3176e-01     2.3204e-01  0.0000e+00     1.2339e-01  0.0000e+00     2.4759e-02  0.0000e+00     1.3166e-02  0.0000e+00 
5.9665e-01     1.2894e-01  0.0000e+00     7.6931e-02  0.0000e+00     1.5437e-02  0.0000e+00     9.2103e-03  0.0000e+00 
6.6945e-01     2.1081e-01  0.0000e+00     1.4112e-01  0.0000e+00     2.8317e-02  0.0000e+00     1.8957e-02  0.0000e+00 
7.5114e-01     1.6327e-01  0.0000e+00     1.2264e-01  0.0000e+00     2.4609e-02  0.0000e+00     1.8484e-02  0.0000e+00 
8.4279e-01     8.3280e-02  0.0000e+00     7.0187e-02  0.0000e+00     1.4083e-02  0.0000e+00     1.1869e-02  0.0000e+00 
9.4563e-01     5.0715e-02  0.0000e+00     4.7957e-02  0.0000e+00     9.6229e-03  0.0000e+00     9.0996e-03  0.0000e+00 
1.0610e+00     4.0491e-02  0.0000e+00     4.2962e-02  0.0000e+00     8.6205e-03  0.0000e+00     9.1464e-03  0.0000e+00 
1.1905e+00     2.0352e-02  0.0000e+00     2.4228e-02  0.0000e+00     4.8616e-03  0.0000e+00     5.7876e-03  0.0000e+00 
1.3357e+00     9.3498e-03  0.0000e+00     1.2489e-02  0.0000e+00     2.5060e-03  0.0000e+00     3.3473e-03  0.0000e+00 
1.4987e+00     4.4998e-03  0.0000e+00     6.7440e-03  0.0000e+00     1.3532e-03  0.0000e+00     2.0281e-03  0.0000e+00 
1.6816e+00     2.6737e-03  0.0000e+00     4.4960e-03  0.0000e+00     9.0215e-04  0.0000e+00     1.5170e-03  0.0000e+00 
1.8868e+00     1.1914e-03  0.0000e+00     2.2480e-03  0.0000e+00     4.5107e-04  0.0000e+00     8.5107e-04  0.0000e+00 
2.1170e+00     0.0000e+00  0.0000e+00     0.0000e+00  0.0000e+00     0.0000e+00  0.0000e+00     0.0000e+00  0.0000e+00 
2.3753e+00     2.1031e-04  0.0000e+00     4.9955e-04  0.0000e+00     1.0024e-04  0.0000e+00     2.3810e-04  0.0000e+00 
2.6651e+00     9.3720e-05  0.0000e+00     2.4978e-04  0.0000e+00     5.0119e-05  0.0000e+00     1.3357e-04  0.0000e+00 
2.9903e+00     0.0000e+00  0.0000e+00     0.0000e+00  0.0000e+00     0.0000e+00  0.0000e+00     0.0000e+00  0.0000e+00 
3.3552e+00     0.0000e+00  0.0000e+00     0.0000e+00  0.0000e+00     0.0000e+00  0.0000e+00     0.0000e+00  0.0000e+00 
3.7646e+00     0.0000e+00  0.0000e+00     0.0000e+00  0.0000e+00     0.0000e+00  0.0000e+00     0.0000e+00  0.0000e+00 
4.2240e+00     0.0000e+00  0.0000e+00     0.0000e+00  0.0000e+00     0.0000e+00  0.0000e+00     0.0000e+00  0.0000e+00 
4.7394e+00     0.0000e+00  0.0000e+00     0.0000e+00  0.0000e+00     0.0000e+00  0.0000e+00     0.0000e+00  0.0000e+00 
5.3176e+00     0.0000e+00  0.0000e+00     0.0000e+00  0.0000e+00     0.0000e+00  0.0000e+00     0.0000e+00  0.0000e+00 
5.9665e+00     1.0437e-01  0.0000e+00     6.2269e-01  0.0000e+00     1.2495e-01  0.0000e+00     7.4550e-01  0.0000e+00 
6.6945e+00     2.0110e-02  0.0000e+00     1.3463e-01  0.0000e+00     2.7014e-02  0.0000e+00     1.8085e-01  0.0000e+00 
7.5114e+00     5.5865e-03  0.0000e+00     4.1963e-02  0.0000e+00     8.4200e-03  0.0000e+00     6.3246e-02  0.0000e+00 
8.4279e+00     2.7533e-02  0.0000e+00     2.3204e-01  0.0000e+00     4.6561e-02  0.0000e+00     3.9241e-01  0.0000e+00 
9.4563e+00     1.7011e-02  0.0000e+00     1.6086e-01  0.0000e+00     3.2277e-02  0.0000e+00     3.0522e-01  0.0000e+00 
1.0610e+01     2.6696e-02  0.0000e+00     2.8325e-01  0.0000e+00     5.6835e-02  0.0000e+00     6.0303e-01  0.0000e+00 
1.1905e+01     1.7855e-02  0.0000e+00     2.1256e-01  0.0000e+00     4.2651e-02  0.0000e+00     5.0775e-01  0.0000e+00 
1.3357e+01     2.4384e-02  0.0000e+00     3.2571e-01  0.0000e+00     6.5355e-02  0.0000e+00     8.7297e-01  0.0000e+00 
1.4987e+01     8.2830e-03  0.0000e+00     1.2414e-01  0.0000e+00     2.4909e-02  0.0000e+00     3.7332e-01  0.0000e+00 
1.6816e+01     5.6147e-03  0.0000e+00     9.4416e-02  0.0000e+00     1.8945e-02  0.0000e+00     3.1858e-01  0.0000e+00 
1.8868e+01     4.4084e-03  0.0000e+00     8.3176e-02  0.0000e+00     1.6690e-02  0.0000e+00     3.1490e-01  0.0000e+00 
2.1170e+01     3.8228e-03  0.0000e+00     8.0928e-02  0.0000e+00     1.6239e-02  0.0000e+00     3.4377e-01  0.0000e+00 
2.3753e+01     4.1011e-03  0.0000e+00     9.7413e-02  0.0000e+00     1.9546e-02  0.0000e+00     4.6429e-01  0.0000e+00 
2.6651e+01     2.6054e-03  0.0000e+00     6.9438e-02  0.0000e+00     1.3933e-02  0.0000e+00     3.7134e-01  0.0000e+00 
2.9903e+01     1.9546e-03  0.0000e+00     5.8448e-02  0.0000e+00     1.1728e-02  0.0000e+00     3.5070e-01  0.0000e+00 
3.3552e+01     1.6899e-03  0.0000e+00     5.6699e-02  0.0000e+00     1.1377e-02  0.0000e+00     3.8172e-01  0.0000e+00 
3.7646e+01     1.1611e-03  0.0000e+00     4.3711e-02  0.0000e+00     8.7709e-03  0.0000e+00     3.3019e-01  0.0000e+00 
4.2240e+01     8.8109e-04  0.0000e+00     3.7217e-02  0.0000e+00     7.4678e-03  0.0000e+00     3.1543e-01  0.0000e+00 
4.7394e+01     7.5365e-04  0.0000e+00     3.5718e-02  0.0000e+00     7.1670e-03  0.0000e+00     3.3967e-01  0.0000e+00 
5.3176e+01     4.1805e-04  0.0000e+00     2.2230e-02  0.0000e+00     4.4606e-03  0.0000e+00     2.3720e-01  0.0000e+00 
5.9665e+01     2.5537e-04  0.0000e+00     1.5236e-02  0.0000e+00     3.0573e-03  0.0000e+00     1.8241e-01  0.0000e+00 
6.6945e+01     1.9402e-04  0.0000e+00     1.2988e-02  0.0000e+00     2.6062e-03  0.0000e+00     1.7447e-01  0.0000e+00 
7.5114e+01     9.6434e-05  0.0000e+00     7.2435e-03  0.0000e+00     1.4535e-03  0.0000e+00     1.0917e-01  0.0000e+00 
8.4279e+01     5.0383e-05  0.0000e+00     4.2462e-03  0.0000e+00     8.5203e-04  0.0000e+00     7.1808e-02  0.0000e+00 
9.4563e+01     1.8490e-05  0.0000e+00     1.7484e-03  0.0000e+00     3.5083e-04  0.0000e+00     3.3176e-02  0.0000e+00 
1.0610e+02     7.0624e-06  0.0000e+00     7.4933e-04  0.0000e+00     1.5036e-04  0.0000e+00     1.5953e-02  0.0000e+00 
1.1905e+02     0.0000e+00  0.0000e+00     0.0000e+00  0.0000e+00     0.0000e+00  0.0000e+00     0.0000e+00  0.0000e+00 
1.3357e+02     0.0000e+00  0.0000e+00     0.0000e+00  0.0000e+00     0.0000e+00  0.0000e+00     0.0000e+00  0.0000e+00 
1.4987e+02     0.0000e+00  0.0000e+00     0.0000e+00  0.0000e+00     0.0000e+00  0.0000e+00     0.0000e+00  0.0000e+00 
1.6816e+02     0.0000e+00  0.0000e+00     0.0000e+00  0.0000e+00     0.0000e+00  0.0000e+00     0.0000e+00  0.0000e+00 
1.8868e+02     0.0000e+00  0.0000e+00     0.0000e+00  0.0000e+00     0.0000e+00  0.0000e+00     0.0000e+00  0.0000e+00 
2.1170e+02     0.0000e+00  0.0000e+00     0.0000e+00  0.0000e+00     0.0000e+00  0.0000e+00     0.0000e+00  0.0000e+00 
2.3753e+02     0.0000e+00  0.0000e+00     0.0000e+00  0.0000e+00     0.0000e+00  0.0000e+00     0.0000e+00  0.0000e+00 
2.6651e+02     0.0000e+00  0.0000e+00     0.0000e+00  0.0000e+00     0.0000e+00  0.0000e+00     0.0000e+00  0.0000e+00 
2.9903e+02     0.0000e+00  0.0000e+00     0.0000e+00  0.0000e+00     0.0000e+00  0.0000e+00     0.0000e+00  0.0000e+00 
3.3552e+02     0.0000e+00  0.0000e+00     0.0000e+00  0.0000e+00     0.0000e+00  0.0000e+00     0.0000e+00  0.0000e+00 
3.7646e+02     0.0000e+00  0.0000e+00     0.0000e+00  0.0000e+00     0.0000e+00  0.0000e+00     0.0000e+00  0.0000e+00 
4.2240e+02     0.0000e+00  0.0000e+00     0.0000e+00  0.0000e+00     0.0000e+00  0.0000e+00     0.0000e+00  0.0000e+00 
4.7394e+02     0.0000e+00  0.0000e+00     0.0000e+00  0.0000e+00     0.0000e+00  0.0000e+00     0.0000e+00  0.0000e+00 
5.3176e+02     0.0000e+00  0.0000e+00     0.0000e+00  0.0000e+00     0.0000e+00  0.0000e+00     0.0000e+00  0.0000e+00 
5.9665e+02     0.0000e+00  0.0000e+00     0.0000e+00  0.0000e+00     0.0000e+00  0.0000e+00     0.0000e+00  0.0000e+00 
6.6945e+02     0.0000e+00  0.0000e+00     0.0000e+00  0.0000e+00     0.0000e+00  0.0000e+00     0.0000e+00  0.0000e+00 
7.5114e+02     0.0000e+00  0.0000e+00     0.0000e+00  0.0000e+00     0.0000e+00  0.0000e+00     0.0000e+00  0.0000e+00 
8.4279e+02     0.0000e+00  0.0000e+00     0.0000e+00  0.0000e+00     0.0000e+00  0.0000e+00     0.0000e+00  0.0000e+00 
9.4563e+02     0.0000e+00  0.0000e+00     0.0000e+00  0.0000e+00     0.0000e+00  0.0000e+00     0.0000e+00  0.0000e+00 
1.0610e+03     0.0000e+00  0.0000e+00     0.0000e+00  0.0000e+00     0.0000e+00  0.0000e+00     0.0000e+00  0.0000e+00 
1.1905e+03     0.0000e+00  0.0000e+00     0.0000e+00  0.0000e+00     0.0000e+00  0.0000e+00     0.0000e+00  0.0000e+00 
1.3357e+03     0.0000e+00  0.0000e+00     0.0000e+00  0.0000e+00     0.0000e+00  0.0000e+00     0.0000e+00  0.0000e+00 
1.4987e+03     0.0000e+00  0.0000e+00     0.0000e+00  0.0000e+00     0.0000e+00  0.0000e+00     0.0000e+00  0.0000e+00 
1.6816e+03     0.0000e+00  0.0000e+00     0.0000e+00  0.0000e+00     0.0000e+00  0.0000e+00     0.0000e+00  0.0000e+00 
1.8868e+03     0.0000e+00  0.0000e+00     0.0000e+00  0.0000e+00     0.0000e+00  0.0000e+00     0.0000e+00  0.0000e+00 
2.1170e+03     0.0000e+00  0.0000e+00     0.0000e+00  0.0000e+00     0.0000e+00  0.0000e+00     0.0000e+00  0.0000e+00 
2.3753e+03     0.0000e+00  0.0000e+00     0.0000e+00  0.0000e+00     0.0000e+00  0.0000e+00     0.0000e+00  0.0000e+00 
2.6651e+03     0.0000e+00  0.0000e+00     0.0000e+00  0.0000e+00     0.0000e+00  0.0000e+00     0.0000e+00  0.0000e+00 
2.9903e+03     0.0000e+00  0.0000e+00     0.0000e+00  0.0000e+00     0.0000e+00  0.0000e+00     0.0000e+00  0.0000e+00 
3.3552e+03     0.0000e+00  0.0000e+00     0.0000e+00  0.0000e+00     0.0000e+00  0.0000e+00     0.0000e+00  0.0000e+00 
3.7646e+03     0.0000e+00  0.0000e+00     0.0000e+00  0.0000e+00     0.0000e+00  0.0000e+00     0.0000e+00  0.0000e+00 
4.2240e+03     0.0000e+00  0.0000e+00     0.0000e+00  0.0000e+00     0.0000e+00  0.0000e+00     0.0000e+00  0.0000e+00 
4.7394e+03     0.0000e+00  0.0000e+00     0.0000e+00  0.0000e+00     0.0000e+00  0.0000e+00     0.0000e+00  0.0000e+00 
5.3176e+03     0.0000e+00  0.0000e+00     0.0000e+00  0.0000e+00     0.0000e+00  0.0000e+00     0.0000e+00  0.0000e+00 
5.9665e+03     0.0000e+00  0.0000e+00     0.0000e+00  0.0000e+00     0.0000e+00  0.0000e+00     0.0000e+00  0.0000e+00 
6.6945e+03     0.0000e+00  0.0000e+00     0.0000e+00  0.0000e+00     0.0000e+00  0.0000e+00     0.0000e+00  0.0000e+00 
7.5114e+03     0.0000e+00  0.0000e+00     0.0000e+00  0.0000e+00     0.0000e+00  0.0000e+00     0.0000e+00  0.0000e+00 
8.4279e+03     0.0000e+00  0.0000e+00     0.0000e+00  0.0000e+00     0.0000e+00  0.0000e+00     0.0000e+00  0.0000e+00 
9.4563e+03     0.0000e+00  0.0000e+00     0.0000e+00  0.0000e+00     0.0000e+00  0.0000e+00     0.0000e+00  0.0000e+00 
