yF = 5.4583e+00 (std: 0.0000e+00) keV/um
yD = 2.4125e+01 (std: 0.0000e+00) keV/um
y (keV/um)     f(y)(std)                  yf(y)(std)                 d(y)(std)                  yd(y)(std)  
1.0610e-01     2.2058e+01  0.0000e+00     2.3403e+00  0.0000e+00     4.2877e-01  0.0000e+00     4.5493e-02  0.0000e+00 
1.1905e-01     1.7947e+00  0.0000e+00     2.1365e-01  0.0000e+00     3.9143e-02  0.0000e+00     4.6599e-03  0.0000e+00 
1.3357e-01     5.9261e-01  0.0000e+00     7.9157e-02  0.0000e+00     1.4502e-02  0.0000e+00     1.9371e-03  0.0000e+00 
1.4987e-01     2.6357e+00  0.0000e+00     3.9501e-01  0.0000e+00     7.2369e-02  0.0000e+00     1.0846e-02  0.0000e+00 
1.6816e-01     8.7014e-01  0.0000e+00     1.4632e-01  0.0000e+00     2.6808e-02  0.0000e+00     4.5079e-03  0.0000e+00 
1.8868e-01     6.0097e-01  0.0000e+00     1.1339e-01  0.0000e+00     2.0774e-02  0.0000e+00     3.9195e-03  0.0000e+00 
2.1170e-01     6.5281e-01  0.0000e+00     1.3820e-01  0.0000e+00     2.5319e-02  0.0000e+00     5.3601e-03  0.0000e+00 
2.3753e-01     6.0334e-01  0.0000e+00     1.4331e-01  0.0000e+00     2.6256e-02  0.0000e+00     6.2365e-03  0.0000e+00 
2.6651e-01     2.8187e-01  0.0000e+00     7.5123e-02  0.0000e+00     1.3763e-02  0.0000e+00     3.6681e-03  0.0000e+00 
2.9903e-01     2.5584e-01  0.0000e+00     7.6504e-02  0.0000e+00     1.4016e-02  0.0000e+00     4.1913e-03  0.0000e+00 
3.3552e-01     1.2299e+00  0.0000e+00     4.1266e-01  0.0000e+00     7.5604e-02  0.0000e+00     2.5367e-02  0.0000e+00 
3.7646e-01     8.7585e-01  0.0000e+00     3.2972e-01  0.0000e+00     6.0408e-02  0.0000e+00     2.2741e-02  0.0000e+00 
4.2240e-01     4.1228e-01  0.0000e+00     1.7414e-01  0.0000e+00     3.1905e-02  0.0000e+00     1.3476e-02  0.0000e+00 
4.7394e-01     4.0219e-01  0.0000e+00     1.9061e-01  0.0000e+00     3.4922e-02  0.0000e+00     1.6551e-02  0.0000e+00 
5.3176e-01     2.7615e-01  0.0000e+00     1.4685e-01  0.0000e+00     2.6904e-02  0.0000e+00     1.4306e-02  0.0000e+00 
5.9665e-01     1.5513e-01  0.0000e+00     9.2557e-02  0.0000e+00     1.6957e-02  0.0000e+00     1.0117e-02  0.0000e+00 
6.6945e-01     2.1688e-01  0.0000e+00     1.4519e-01  0.0000e+00     2.6600e-02  0.0000e+00     1.7807e-02  0.0000e+00 
7.5114e-01     1.9613e-01  0.0000e+00     1.4732e-01  0.0000e+00     2.6990e-02  0.0000e+00     2.0273e-02  0.0000e+00 
8.4279e-01     1.0120e-01  0.0000e+00     8.5290e-02  0.0000e+00     1.5626e-02  0.0000e+00     1.3169e-02  0.0000e+00 
9.4563e-01     6.5126e-02  0.0000e+00     6.1585e-02  0.0000e+00     1.1283e-02  0.0000e+00     1.0669e-02  0.0000e+00 
1.0610e+00     4.8955e-02  0.0000e+00     5.1942e-02  0.0000e+00     9.5163e-03  0.0000e+00     1.0097e-02  0.0000e+00 
1.1905e+00     2.9034e-02  0.0000e+00     3.4564e-02  0.0000e+00     6.3324e-03  0.0000e+00     7.5385e-03  0.0000e+00 
1.3357e+00     1.6217e-02  0.0000e+00     2.1661e-02  0.0000e+00     3.9685e-03  0.0000e+00     5.3008e-03  0.0000e+00 
1.4987e+00     8.2036e-03  0.0000e+00     1.2295e-02  0.0000e+00     2.2525e-03  0.0000e+00     3.3759e-03  0.0000e+00 
1.6816e+00     4.6662e-03  0.0000e+00     7.8466e-03  0.0000e+00     1.4376e-03  0.0000e+00     2.4174e-03  0.0000e+00 
1.8868e+00     2.1233e-03  0.0000e+00     4.0062e-03  0.0000e+00     7.3397e-04  0.0000e+00     1.3848e-03  0.0000e+00 
2.1170e+00     7.8306e-04  0.0000e+00     1.6577e-03  0.0000e+00     3.0371e-04  0.0000e+00     6.4295e-04  0.0000e+00 
2.3753e+00     3.1406e-04  0.0000e+00     7.4598e-04  0.0000e+00     1.3667e-04  0.0000e+00     3.2463e-04  0.0000e+00 
2.6651e+00     1.3477e-04  0.0000e+00     3.5917e-04  0.0000e+00     6.5804e-05  0.0000e+00     1.7538e-04  0.0000e+00 
2.9903e+00     9.2394e-06  0.0000e+00     2.7629e-05  0.0000e+00     5.0618e-06  0.0000e+00     1.5137e-05  0.0000e+00 
3.3552e+00     8.2346e-06  0.0000e+00     2.7629e-05  0.0000e+00     5.0618e-06  0.0000e+00     1.6984e-05  0.0000e+00 
3.7646e+00     0.0000e+00  0.0000e+00     0.0000e+00  0.0000e+00     0.0000e+00  0.0000e+00     0.0000e+00  0.0000e+00 
4.2240e+00     0.0000e+00  0.0000e+00     0.0000e+00  0.0000e+00     0.0000e+00  0.0000e+00     0.0000e+00  0.0000e+00 
4.7394e+00     0.0000e+00  0.0000e+00     0.0000e+00  0.0000e+00     0.0000e+00  0.0000e+00     0.0000e+00  0.0000e+00 
5.3176e+00     0.0000e+00  0.0000e+00     0.0000e+00  0.0000e+00     0.0000e+00  0.0000e+00     0.0000e+00  0.0000e+00 
5.9665e+00     1.0484e-01  0.0000e+00     6.2554e-01  0.0000e+00     1.1461e-01  0.0000e+00     6.8379e-01  0.0000e+00 
6.6945e+00     2.7119e-02  0.0000e+00     1.8155e-01  0.0000e+00     3.3261e-02  0.0000e+00     2.2267e-01  0.0000e+00 
7.5114e+00     6.6246e-03  0.0000e+00     4.9760e-02  0.0000e+00     9.1164e-03  0.0000e+00     6.8477e-02  0.0000e+00 
8.4279e+00     2.9255e-02  0.0000e+00     2.4656e-01  0.0000e+00     4.5172e-02  0.0000e+00     3.8070e-01  0.0000e+00 
9.4563e+00     1.9295e-02  0.0000e+00     1.8246e-01  0.0000e+00     3.3428e-02  0.0000e+00     3.1611e-01  0.0000e+00 
1.0610e+01     2.9100e-02  0.0000e+00     3.0875e-01  0.0000e+00     5.6566e-02  0.0000e+00     6.0017e-01  0.0000e+00 
1.1905e+01     2.0785e-02  0.0000e+00     2.4744e-01  0.0000e+00     4.5334e-02  0.0000e+00     5.3969e-01  0.0000e+00 
1.3357e+01     1.5371e-02  0.0000e+00     2.0531e-01  0.0000e+00     3.7615e-02  0.0000e+00     5.0243e-01  0.0000e+00 
1.4987e+01     9.6784e-03  0.0000e+00     1.4505e-01  0.0000e+00     2.6575e-02  0.0000e+00     3.9828e-01  0.0000e+00 
1.6816e+01     7.0502e-03  0.0000e+00     1.1856e-01  0.0000e+00     2.1720e-02  0.0000e+00     3.6525e-01  0.0000e+00 
1.8868e+01     5.4635e-03  0.0000e+00     1.0308e-01  0.0000e+00     1.8886e-02  0.0000e+00     3.5633e-01  0.0000e+00 
2.1170e+01     5.1747e-03  0.0000e+00     1.0955e-01  0.0000e+00     2.0070e-02  0.0000e+00     4.2488e-01  0.0000e+00 
2.3753e+01     4.5643e-03  0.0000e+00     1.0842e-01  0.0000e+00     1.9863e-02  0.0000e+00     4.7180e-01  0.0000e+00 
2.6651e+01     3.0509e-03  0.0000e+00     8.1312e-02  0.0000e+00     1.4897e-02  0.0000e+00     3.9703e-01  0.0000e+00 
2.9903e+01     2.2489e-03  0.0000e+00     6.7249e-02  0.0000e+00     1.2321e-02  0.0000e+00     3.6842e-01  0.0000e+00 
3.3552e+01     1.8791e-03  0.0000e+00     6.3049e-02  0.0000e+00     1.1551e-02  0.0000e+00     3.8756e-01  0.0000e+00 
3.7646e+01     1.4818e-03  0.0000e+00     5.5783e-02  0.0000e+00     1.0220e-02  0.0000e+00     3.8474e-01  0.0000e+00 
4.2240e+01     9.8246e-04  0.0000e+00     4.1498e-02  0.0000e+00     7.6029e-03  0.0000e+00     3.2114e-01  0.0000e+00 
4.7394e+01     7.5494e-04  0.0000e+00     3.5779e-02  0.0000e+00     6.5551e-03  0.0000e+00     3.1067e-01  0.0000e+00 
5.3176e+01     4.9671e-04  0.0000e+00     2.6413e-02  0.0000e+00     4.8391e-03  0.0000e+00     2.5733e-01  0.0000e+00 
5.9665e+01     3.1627e-04  0.0000e+00     1.8870e-02  0.0000e+00     3.4572e-03  0.0000e+00     2.0628e-01  0.0000e+00 
6.6945e+01     1.9686e-04  0.0000e+00     1.3179e-02  0.0000e+00     2.4145e-03  0.0000e+00     1.6164e-01  0.0000e+00 
7.5114e+01     1.1807e-04  0.0000e+00     8.8689e-03  0.0000e+00     1.6249e-03  0.0000e+00     1.2205e-01  0.0000e+00 
8.4279e+01     5.5730e-05  0.0000e+00     4.6969e-03  0.0000e+00     8.6051e-04  0.0000e+00     7.2523e-02  0.0000e+00 
9.4563e+01     2.7464e-05  0.0000e+00     2.5971e-03  0.0000e+00     4.7581e-04  0.0000e+00     4.4994e-02  0.0000e+00 
1.0610e+02     1.2239e-05  0.0000e+00     1.2986e-03  0.0000e+00     2.3791e-04  0.0000e+00     2.5242e-02  0.0000e+00 
1.1905e+02     4.1775e-06  0.0000e+00     4.9732e-04  0.0000e+00     9.1113e-05  0.0000e+00     1.0847e-02  0.0000e+00 
1.3357e+02     1.4479e-06  0.0000e+00     1.9340e-04  0.0000e+00     3.5433e-05  0.0000e+00     4.7329e-03  0.0000e+00 
1.4987e+02     5.5305e-07  0.0000e+00     8.2886e-05  0.0000e+00     1.5186e-05  0.0000e+00     2.2759e-03  0.0000e+00 
1.6816e+02     1.6430e-07  0.0000e+00     2.7629e-05  0.0000e+00     5.0618e-06  0.0000e+00     8.5119e-04  0.0000e+00 
1.8868e+02     0.0000e+00  0.0000e+00     0.0000e+00  0.0000e+00     0.0000e+00  0.0000e+00     0.0000e+00  0.0000e+00 
2.1170e+02     0.0000e+00  0.0000e+00     0.0000e+00  0.0000e+00     0.0000e+00  0.0000e+00     0.0000e+00  0.0000e+00 
2.3753e+02     0.0000e+00  0.0000e+00     0.0000e+00  0.0000e+00     0.0000e+00  0.0000e+00     0.0000e+00  0.0000e+00 
2.6651e+02     0.0000e+00  0.0000e+00     0.0000e+00  0.0000e+00     0.0000e+00  0.0000e+00     0.0000e+00  0.0000e+00 
2.9903e+02     0.0000e+00  0.0000e+00     0.0000e+00  0.0000e+00     0.0000e+00  0.0000e+00     0.0000e+00  0.0000e+00 
3.3552e+02     0.0000e+00  0.0000e+00     0.0000e+00  0.0000e+00     0.0000e+00  0.0000e+00     0.0000e+00  0.0000e+00 
3.7646e+02     0.0000e+00  0.0000e+00     0.0000e+00  0.0000e+00     0.0000e+00  0.0000e+00     0.0000e+00  0.0000e+00 
4.2240e+02     0.0000e+00  0.0000e+00     0.0000e+00  0.0000e+00     0.0000e+00  0.0000e+00     0.0000e+00  0.0000e+00 
4.7394e+02     0.0000e+00  0.0000e+00     0.0000e+00  0.0000e+00     0.0000e+00  0.0000e+00     0.0000e+00  0.0000e+00 
5.3176e+02     0.0000e+00  0.0000e+00     0.0000e+00  0.0000e+00     0.0000e+00  0.0000e+00     0.0000e+00  0.0000e+00 
5.9665e+02     0.0000e+00  0.0000e+00     0.0000e+00  0.0000e+00     0.0000e+00  0.0000e+00     0.0000e+00  0.0000e+00 
6.6945e+02     0.0000e+00  0.0000e+00     0.0000e+00  0.0000e+00     0.0000e+00  0.0000e+00     0.0000e+00  0.0000e+00 
7.5114e+02     0.0000e+00  0.0000e+00     0.0000e+00  0.0000e+00     0.0000e+00  0.0000e+00     0.0000e+00  0.0000e+00 
8.4279e+02     0.0000e+00  0.0000e+00     0.0000e+00  0.0000e+00     0.0000e+00  0.0000e+00     0.0000e+00  0.0000e+00 
9.4563e+02     0.0000e+00  0.0000e+00     0.0000e+00  0.0000e+00     0.0000e+00  0.0000e+00     0.0000e+00  0.0000e+00 
1.0610e+03     0.0000e+00  0.0000e+00     0.0000e+00  0.0000e+00     0.0000e+00  0.0000e+00     0.0000e+00  0.0000e+00 
1.1905e+03     0.0000e+00  0.0000e+00     0.0000e+00  0.0000e+00     0.0000e+00  0.0000e+00     0.0000e+00  0.0000e+00 
1.3357e+03     0.0000e+00  0.0000e+00     0.0000e+00  0.0000e+00     0.0000e+00  0.0000e+00     0.0000e+00  0.0000e+00 
1.4987e+03     0.0000e+00  0.0000e+00     0.0000e+00  0.0000e+00     0.0000e+00  0.0000e+00     0.0000e+00  0.0000e+00 
1.6816e+03     0.0000e+00  0.0000e+00     0.0000e+00  0.0000e+00     0.0000e+00  0.0000e+00     0.0000e+00  0.0000e+00 
1.8868e+03     0.0000e+00  0.0000e+00     0.0000e+00  0.0000e+00     0.0000e+00  0.0000e+00     0.0000e+00  0.0000e+00 
2.1170e+03     0.0000e+00  0.0000e+00     0.0000e+00  0.0000e+00     0.0000e+00  0.0000e+00     0.0000e+00  0.0000e+00 
2.3753e+03     0.0000e+00  0.0000e+00     0.0000e+00  0.0000e+00     0.0000e+00  0.0000e+00     0.0000e+00  0.0000e+00 
2.6651e+03     0.0000e+00  0.0000e+00     0.0000e+00  0.0000e+00     0.0000e+00  0.0000e+00     0.0000e+00  0.0000e+00 
2.9903e+03     0.0000e+00  0.0000e+00     0.0000e+00  0.0000e+00     0.0000e+00  0.0000e+00     0.0000e+00  0.0000e+00 
3.3552e+03     0.0000e+00  0.0000e+00     0.0000e+00  0.0000e+00     0.0000e+00  0.0000e+00     0.0000e+00  0.0000e+00 
3.7646e+03     0.0000e+00  0.0000e+00     0.0000e+00  0.0000e+00     0.0000e+00  0.0000e+00     0.0000e+00  0.0000e+00 
4.2240e+03     0.0000e+00  0.0000e+00     0.0000e+00  0.0000e+00     0.0000e+00  0.0000e+00     0.0000e+00  0.0000e+00 
4.7394e+03     0.0000e+00  0.0000e+00     0.0000e+00  0.0000e+00     0.0000e+00  0.0000e+00     0.0000e+00  0.0000e+00 
5.3176e+03     0.0000e+00  0.0000e+00     0.0000e+00  0.0000e+00     0.0000e+00  0.0000e+00     0.0000e+00  0.0000e+00 
5.9665e+03     0.0000e+00  0.0000e+00     0.0000e+00  0.0000e+00     0.0000e+00  0.0000e+00     0.0000e+00  0.0000e+00 
6.6945e+03     0.0000e+00  0.0000e+00     0.0000e+00  0.0000e+00     0.0000e+00  0.0000e+00     0.0000e+00  0.0000e+00 
7.5114e+03     0.0000e+00  0.0000e+00     0.0000e+00  0.0000e+00     0.0000e+00  0.0000e+00     0.0000e+00  0.0000e+00 
8.4279e+03     0.0000e+00  0.0000e+00     0.0000e+00  0.0000e+00     0.0000e+00  0.0000e+00     0.0000e+00  0.0000e+00 
9.4563e+03     0.0000e+00  0.0000e+00     0.0000e+00  0.0000e+00     0.0000e+00  0.0000e+00     0.0000e+00  0.0000e+00 
