yF = 1.0567e+01 (std: 0.0000e+00) keV/um
yD = 2.0054e+01 (std: 0.0000e+00) keV/um
y (keV/um)     f(y)(std)                  yf(y)(std)                 d(y)(std)                  yd(y)(std)  
1.0610e-01     1.5572e+01  0.0000e+00     1.6523e+00  0.0000e+00     1.5636e-01  0.0000e+00     1.6590e-02  0.0000e+00 
1.1905e-01     9.3431e-01  0.0000e+00     1.1123e-01  0.0000e+00     1.0526e-02  0.0000e+00     1.2531e-03  0.0000e+00 
1.3357e-01     2.5133e-01  0.0000e+00     3.3571e-02  0.0000e+00     3.1770e-03  0.0000e+00     4.2436e-04  0.0000e+00 
1.4987e-01     1.2613e+00  0.0000e+00     1.8903e-01  0.0000e+00     1.7889e-02  0.0000e+00     2.6810e-03  0.0000e+00 
1.6816e-01     3.5783e-01  0.0000e+00     6.0171e-02  0.0000e+00     5.6943e-03  0.0000e+00     9.5755e-04  0.0000e+00 
1.8868e-01     1.9184e-01  0.0000e+00     3.6196e-02  0.0000e+00     3.4254e-03  0.0000e+00     6.4630e-04  0.0000e+00 
2.1170e-01     2.1738e-01  0.0000e+00     4.6018e-02  0.0000e+00     4.3549e-03  0.0000e+00     9.2194e-04  0.0000e+00 
2.3753e-01     2.0193e-01  0.0000e+00     4.7964e-02  0.0000e+00     4.5391e-03  0.0000e+00     1.0782e-03  0.0000e+00 
2.6651e-01     8.0408e-02  0.0000e+00     2.1430e-02  0.0000e+00     2.0280e-03  0.0000e+00     5.4049e-04  0.0000e+00 
2.9903e-01     6.3018e-02  0.0000e+00     1.8844e-02  0.0000e+00     1.7833e-03  0.0000e+00     5.3328e-04  0.0000e+00 
3.3552e-01     3.9001e-01  0.0000e+00     1.3086e-01  0.0000e+00     1.2384e-02  0.0000e+00     4.1550e-03  0.0000e+00 
3.7646e-01     1.9832e-01  0.0000e+00     7.4658e-02  0.0000e+00     7.0653e-03  0.0000e+00     2.6598e-03  0.0000e+00 
4.2240e-01     7.9950e-02  0.0000e+00     3.3771e-02  0.0000e+00     3.1959e-03  0.0000e+00     1.3499e-03  0.0000e+00 
4.7394e-01     7.1762e-02  0.0000e+00     3.4011e-02  0.0000e+00     3.2186e-03  0.0000e+00     1.5254e-03  0.0000e+00 
5.3176e-01     4.1853e-02  0.0000e+00     2.2256e-02  0.0000e+00     2.1062e-03  0.0000e+00     1.1200e-03  0.0000e+00 
5.9665e-01     2.1242e-02  0.0000e+00     1.2674e-02  0.0000e+00     1.1994e-03  0.0000e+00     7.1563e-04  0.0000e+00 
6.6945e-01     3.1016e-02  0.0000e+00     2.0763e-02  0.0000e+00     1.9650e-03  0.0000e+00     1.3154e-03  0.0000e+00 
7.5114e-01     2.2870e-02  0.0000e+00     1.7179e-02  0.0000e+00     1.6257e-03  0.0000e+00     1.2211e-03  0.0000e+00 
8.4279e-01     1.1812e-02  0.0000e+00     9.9553e-03  0.0000e+00     9.4212e-04  0.0000e+00     7.9401e-04  0.0000e+00 
9.4563e-01     6.4406e-03  0.0000e+00     6.0904e-03  0.0000e+00     5.7637e-04  0.0000e+00     5.4503e-04  0.0000e+00 
1.0610e+00     4.8107e-03  0.0000e+00     5.1042e-03  0.0000e+00     4.8304e-04  0.0000e+00     5.1251e-04  0.0000e+00 
1.1905e+00     2.6196e-03  0.0000e+00     3.1185e-03  0.0000e+00     2.9512e-04  0.0000e+00     3.5133e-04  0.0000e+00 
1.3357e+00     1.2272e-03  0.0000e+00     1.6392e-03  0.0000e+00     1.5513e-04  0.0000e+00     2.0721e-04  0.0000e+00 
1.4987e+00     5.3354e-04  0.0000e+00     7.9962e-04  0.0000e+00     7.5672e-05  0.0000e+00     1.1341e-04  0.0000e+00 
1.6816e+00     3.4871e-04  0.0000e+00     5.8639e-04  0.0000e+00     5.5493e-05  0.0000e+00     9.3316e-05  0.0000e+00 
1.8868e+00     9.1824e-05  0.0000e+00     1.7325e-04  0.0000e+00     1.6396e-05  0.0000e+00     3.0935e-05  0.0000e+00 
2.1170e+00     4.4067e-05  0.0000e+00     9.3289e-05  0.0000e+00     8.8284e-06  0.0000e+00     1.8690e-05  0.0000e+00 
2.3753e+00     1.1221e-05  0.0000e+00     2.6654e-05  0.0000e+00     2.5224e-06  0.0000e+00     5.9915e-06  0.0000e+00 
2.6651e+00     0.0000e+00  0.0000e+00     0.0000e+00  0.0000e+00     0.0000e+00  0.0000e+00     0.0000e+00  0.0000e+00 
2.9903e+00     4.4567e-06  0.0000e+00     1.3327e-05  0.0000e+00     1.2612e-06  0.0000e+00     3.7714e-06  0.0000e+00 
3.3552e+00     0.0000e+00  0.0000e+00     0.0000e+00  0.0000e+00     0.0000e+00  0.0000e+00     0.0000e+00  0.0000e+00 
3.7646e+00     0.0000e+00  0.0000e+00     0.0000e+00  0.0000e+00     0.0000e+00  0.0000e+00     0.0000e+00  0.0000e+00 
4.2240e+00     0.0000e+00  0.0000e+00     0.0000e+00  0.0000e+00     0.0000e+00  0.0000e+00     0.0000e+00  0.0000e+00 
4.7394e+00     0.0000e+00  0.0000e+00     0.0000e+00  0.0000e+00     0.0000e+00  0.0000e+00     0.0000e+00  0.0000e+00 
5.3176e+00     0.0000e+00  0.0000e+00     0.0000e+00  0.0000e+00     0.0000e+00  0.0000e+00     0.0000e+00  0.0000e+00 
5.9665e+00     1.0306e-02  0.0000e+00     6.1491e-02  0.0000e+00     5.8192e-03  0.0000e+00     3.4720e-02  0.0000e+00 
6.6945e+00     1.4630e-02  0.0000e+00     9.7940e-02  0.0000e+00     9.2686e-03  0.0000e+00     6.2049e-02  0.0000e+00 
7.5114e+00     1.3419e-02  0.0000e+00     1.0079e-01  0.0000e+00     9.5385e-03  0.0000e+00     7.1647e-02  0.0000e+00 
8.4279e+00     5.8590e-02  0.0000e+00     4.9379e-01  0.0000e+00     4.6730e-02  0.0000e+00     3.9384e-01  0.0000e+00 
9.4563e+00     6.2732e-02  0.0000e+00     5.9321e-01  0.0000e+00     5.6139e-02  0.0000e+00     5.3086e-01  0.0000e+00 
1.0610e+01     1.3285e-01  0.0000e+00     1.4096e+00  0.0000e+00     1.3340e-01  0.0000e+00     1.4153e+00  0.0000e+00 
1.1905e+01     6.5707e-02  0.0000e+00     7.8223e-01  0.0000e+00     7.4026e-02  0.0000e+00     8.8126e-01  0.0000e+00 
1.3357e+01     1.8760e-02  0.0000e+00     2.5059e-01  0.0000e+00     2.3714e-02  0.0000e+00     3.1676e-01  0.0000e+00 
1.4987e+01     3.8441e-03  0.0000e+00     5.7613e-02  0.0000e+00     5.4522e-03  0.0000e+00     8.1713e-02  0.0000e+00 
1.6816e+01     6.4668e-02  0.0000e+00     1.0874e+00  0.0000e+00     1.0291e-01  0.0000e+00     1.7305e+00  0.0000e+00 
1.8868e+01     1.7270e-02  0.0000e+00     3.2585e-01  0.0000e+00     3.0836e-02  0.0000e+00     5.8181e-01  0.0000e+00 
2.1170e+01     9.1061e-03  0.0000e+00     1.9278e-01  0.0000e+00     1.8243e-02  0.0000e+00     3.8621e-01  0.0000e+00 
2.3753e+01     5.7436e-03  0.0000e+00     1.3643e-01  0.0000e+00     1.2911e-02  0.0000e+00     3.0667e-01  0.0000e+00 
2.6651e+01     2.9663e-03  0.0000e+00     7.9056e-02  0.0000e+00     7.4815e-03  0.0000e+00     1.9939e-01  0.0000e+00 
2.9903e+01     4.5806e-03  0.0000e+00     1.3697e-01  0.0000e+00     1.2963e-02  0.0000e+00     3.8763e-01  0.0000e+00 
3.3552e+01     2.1187e-03  0.0000e+00     7.1086e-02  0.0000e+00     6.7273e-03  0.0000e+00     2.2571e-01  0.0000e+00 
3.7646e+01     1.6610e-03  0.0000e+00     6.2530e-02  0.0000e+00     5.9176e-03  0.0000e+00     2.2277e-01  0.0000e+00 
4.2240e+01     1.1384e-03  0.0000e+00     4.8084e-02  0.0000e+00     4.5504e-03  0.0000e+00     1.9221e-01  0.0000e+00 
4.7394e+01     8.8634e-04  0.0000e+00     4.2007e-02  0.0000e+00     3.9753e-03  0.0000e+00     1.8840e-01  0.0000e+00 
5.3176e+01     5.6239e-04  0.0000e+00     2.9906e-02  0.0000e+00     2.8301e-03  0.0000e+00     1.5050e-01  0.0000e+00 
5.9665e+01     3.4599e-04  0.0000e+00     2.0644e-02  0.0000e+00     1.9536e-03  0.0000e+00     1.1656e-01  0.0000e+00 
6.6945e+01     1.9430e-04  0.0000e+00     1.3007e-02  0.0000e+00     1.2309e-03  0.0000e+00     8.2405e-02  0.0000e+00 
7.5114e+01     8.9599e-05  0.0000e+00     6.7301e-03  0.0000e+00     6.3691e-04  0.0000e+00     4.7841e-02  0.0000e+00 
8.4279e+01     3.4314e-05  0.0000e+00     2.8920e-03  0.0000e+00     2.7368e-04  0.0000e+00     2.3066e-02  0.0000e+00 
9.4563e+01     1.3811e-05  0.0000e+00     1.3060e-03  0.0000e+00     1.2360e-04  0.0000e+00     1.1688e-02  0.0000e+00 
1.0610e+02     6.1547e-06  0.0000e+00     6.5302e-04  0.0000e+00     6.1799e-05  0.0000e+00     6.5569e-03  0.0000e+00 
1.1905e+02     2.3509e-06  0.0000e+00     2.7987e-04  0.0000e+00     2.6485e-05  0.0000e+00     3.1530e-03  0.0000e+00 
1.3357e+02     5.9864e-07  0.0000e+00     7.9962e-05  0.0000e+00     7.5672e-06  0.0000e+00     1.0108e-03  0.0000e+00 
1.4987e+02     1.7785e-07  0.0000e+00     2.6654e-05  0.0000e+00     2.5224e-06  0.0000e+00     3.7804e-04  0.0000e+00 
1.6816e+02     1.5851e-07  0.0000e+00     2.6654e-05  0.0000e+00     2.5224e-06  0.0000e+00     4.2417e-04  0.0000e+00 
1.8868e+02     0.0000e+00  0.0000e+00     0.0000e+00  0.0000e+00     0.0000e+00  0.0000e+00     0.0000e+00  0.0000e+00 
2.1170e+02     0.0000e+00  0.0000e+00     0.0000e+00  0.0000e+00     0.0000e+00  0.0000e+00     0.0000e+00  0.0000e+00 
2.3753e+02     0.0000e+00  0.0000e+00     0.0000e+00  0.0000e+00     0.0000e+00  0.0000e+00     0.0000e+00  0.0000e+00 
2.6651e+02     0.0000e+00  0.0000e+00     0.0000e+00  0.0000e+00     0.0000e+00  0.0000e+00     0.0000e+00  0.0000e+00 
2.9903e+02     0.0000e+00  0.0000e+00     0.0000e+00  0.0000e+00     0.0000e+00  0.0000e+00     0.0000e+00  0.0000e+00 
3.3552e+02     0.0000e+00  0.0000e+00     0.0000e+00  0.0000e+00     0.0000e+00  0.0000e+00     0.0000e+00  0.0000e+00 
3.7646e+02     0.0000e+00  0.0000e+00     0.0000e+00  0.0000e+00     0.0000e+00  0.0000e+00     0.0000e+00  0.0000e+00 
4.2240e+02     0.0000e+00  0.0000e+00     0.0000e+00  0.0000e+00     0.0000e+00  0.0000e+00     0.0000e+00  0.0000e+00 
4.7394e+02     0.0000e+00  0.0000e+00     0.0000e+00  0.0000e+00     0.0000e+00  0.0000e+00     0.0000e+00  0.0000e+00 
5.3176e+02     0.0000e+00  0.0000e+00     0.0000e+00  0.0000e+00     0.0000e+00  0.0000e+00     0.0000e+00  0.0000e+00 
5.9665e+02     0.0000e+00  0.0000e+00     0.0000e+00  0.0000e+00     0.0000e+00  0.0000e+00     0.0000e+00  0.0000e+00 
6.6945e+02     0.0000e+00  0.0000e+00     0.0000e+00  0.0000e+00     0.0000e+00  0.0000e+00     0.0000e+00  0.0000e+00 
7.5114e+02     0.0000e+00  0.0000e+00     0.0000e+00  0.0000e+00     0.0000e+00  0.0000e+00     0.0000e+00  0.0000e+00 
8.4279e+02     0.0000e+00  0.0000e+00     0.0000e+00  0.0000e+00     0.0000e+00  0.0000e+00     0.0000e+00  0.0000e+00 
9.4563e+02     0.0000e+00  0.0000e+00     0.0000e+00  0.0000e+00     0.0000e+00  0.0000e+00     0.0000e+00  0.0000e+00 
1.0610e+03     0.0000e+00  0.0000e+00     0.0000e+00  0.0000e+00     0.0000e+00  0.0000e+00     0.0000e+00  0.0000e+00 
1.1905e+03     0.0000e+00  0.0000e+00     0.0000e+00  0.0000e+00     0.0000e+00  0.0000e+00     0.0000e+00  0.0000e+00 
1.3357e+03     0.0000e+00  0.0000e+00     0.0000e+00  0.0000e+00     0.0000e+00  0.0000e+00     0.0000e+00  0.0000e+00 
1.4987e+03     0.0000e+00  0.0000e+00     0.0000e+00  0.0000e+00     0.0000e+00  0.0000e+00     0.0000e+00  0.0000e+00 
1.6816e+03     0.0000e+00  0.0000e+00     0.0000e+00  0.0000e+00     0.0000e+00  0.0000e+00     0.0000e+00  0.0000e+00 
1.8868e+03     0.0000e+00  0.0000e+00     0.0000e+00  0.0000e+00     0.0000e+00  0.0000e+00     0.0000e+00  0.0000e+00 
2.1170e+03     0.0000e+00  0.0000e+00     0.0000e+00  0.0000e+00     0.0000e+00  0.0000e+00     0.0000e+00  0.0000e+00 
2.3753e+03     0.0000e+00  0.0000e+00     0.0000e+00  0.0000e+00     0.0000e+00  0.0000e+00     0.0000e+00  0.0000e+00 
2.6651e+03     0.0000e+00  0.0000e+00     0.0000e+00  0.0000e+00     0.0000e+00  0.0000e+00     0.0000e+00  0.0000e+00 
2.9903e+03     0.0000e+00  0.0000e+00     0.0000e+00  0.0000e+00     0.0000e+00  0.0000e+00     0.0000e+00  0.0000e+00 
3.3552e+03     0.0000e+00  0.0000e+00     0.0000e+00  0.0000e+00     0.0000e+00  0.0000e+00     0.0000e+00  0.0000e+00 
3.7646e+03     0.0000e+00  0.0000e+00     0.0000e+00  0.0000e+00     0.0000e+00  0.0000e+00     0.0000e+00  0.0000e+00 
4.2240e+03     0.0000e+00  0.0000e+00     0.0000e+00  0.0000e+00     0.0000e+00  0.0000e+00     0.0000e+00  0.0000e+00 
4.7394e+03     0.0000e+00  0.0000e+00     0.0000e+00  0.0000e+00     0.0000e+00  0.0000e+00     0.0000e+00  0.0000e+00 
5.3176e+03     0.0000e+00  0.0000e+00     0.0000e+00  0.0000e+00     0.0000e+00  0.0000e+00     0.0000e+00  0.0000e+00 
5.9665e+03     0.0000e+00  0.0000e+00     0.0000e+00  0.0000e+00     0.0000e+00  0.0000e+00     0.0000e+00  0.0000e+00 
6.6945e+03     0.0000e+00  0.0000e+00     0.0000e+00  0.0000e+00     0.0000e+00  0.0000e+00     0.0000e+00  0.0000e+00 
7.5114e+03     0.0000e+00  0.0000e+00     0.0000e+00  0.0000e+00     0.0000e+00  0.0000e+00     0.0000e+00  0.0000e+00 
8.4279e+03     0.0000e+00  0.0000e+00     0.0000e+00  0.0000e+00     0.0000e+00  0.0000e+00     0.0000e+00  0.0000e+00 
9.4563e+03     0.0000e+00  0.0000e+00     0.0000e+00  0.0000e+00     0.0000e+00  0.0000e+00     0.0000e+00  0.0000e+00 
