yF = 4.4830e+00 (std: 0.0000e+00) keV/um
yD = 2.2973e+01 (std: 0.0000e+00) keV/um
y (keV/um)     f(y)(std)                  yf(y)(std)                 d(y)(std)                  yd(y)(std)  
1.0610e-01     2.4438e+01  0.0000e+00     2.5929e+00  0.0000e+00     5.7840e-01  0.0000e+00     6.1368e-02  0.0000e+00 
1.1905e-01     2.1589e+00  0.0000e+00     2.5701e-01  0.0000e+00     5.7330e-02  0.0000e+00     6.8250e-03  0.0000e+00 
1.3357e-01     7.0551e-01  0.0000e+00     9.4237e-02  0.0000e+00     2.1021e-02  0.0000e+00     2.8078e-03  0.0000e+00 
1.4987e-01     3.0868e+00  0.0000e+00     4.6262e-01  0.0000e+00     1.0319e-01  0.0000e+00     1.5466e-02  0.0000e+00 
1.6816e-01     1.1718e+00  0.0000e+00     1.9704e-01  0.0000e+00     4.3953e-02  0.0000e+00     7.3911e-03  0.0000e+00 
1.8868e-01     5.4487e-01  0.0000e+00     1.0280e-01  0.0000e+00     2.2932e-02  0.0000e+00     4.3267e-03  0.0000e+00 
2.1170e-01     7.1493e-01  0.0000e+00     1.5135e-01  0.0000e+00     3.3761e-02  0.0000e+00     7.1472e-03  0.0000e+00 
2.3753e-01     5.7707e-01  0.0000e+00     1.3707e-01  0.0000e+00     3.0576e-02  0.0000e+00     7.2627e-03  0.0000e+00 
2.6651e-01     3.4288e-01  0.0000e+00     9.1381e-02  0.0000e+00     2.0384e-02  0.0000e+00     5.4326e-03  0.0000e+00 
2.9903e-01     2.0054e-01  0.0000e+00     5.9969e-02  0.0000e+00     1.3377e-02  0.0000e+00     4.0002e-03  0.0000e+00 
3.3552e-01     1.4128e+00  0.0000e+00     4.7404e-01  0.0000e+00     1.0574e-01  0.0000e+00     3.5479e-02  0.0000e+00 
3.7646e-01     9.5578e-01  0.0000e+00     3.5981e-01  0.0000e+00     8.0262e-02  0.0000e+00     3.0215e-02  0.0000e+00 
4.2240e-01     2.9747e-01  0.0000e+00     1.2565e-01  0.0000e+00     2.8028e-02  0.0000e+00     1.1839e-02  0.0000e+00 
4.7394e-01     4.4588e-01  0.0000e+00     2.1132e-01  0.0000e+00     4.7138e-02  0.0000e+00     2.2340e-02  0.0000e+00 
5.3176e-01     2.6314e-01  0.0000e+00     1.3993e-01  0.0000e+00     3.1213e-02  0.0000e+00     1.6598e-02  0.0000e+00 
5.9665e-01     1.5794e-01  0.0000e+00     9.4237e-02  0.0000e+00     2.1021e-02  0.0000e+00     1.2542e-02  0.0000e+00 
6.6945e-01     2.3035e-01  0.0000e+00     1.5421e-01  0.0000e+00     3.4398e-02  0.0000e+00     2.3028e-02  0.0000e+00 
7.5114e-01     1.9769e-01  0.0000e+00     1.4849e-01  0.0000e+00     3.3124e-02  0.0000e+00     2.4881e-02  0.0000e+00 
8.4279e-01     7.1155e-02  0.0000e+00     5.9969e-02  0.0000e+00     1.3377e-02  0.0000e+00     1.1274e-02  0.0000e+00 
9.4563e-01     4.2278e-02  0.0000e+00     3.9979e-02  0.0000e+00     8.9180e-03  0.0000e+00     8.4331e-03  0.0000e+00 
1.0610e+00     3.2297e-02  0.0000e+00     3.4268e-02  0.0000e+00     7.6440e-03  0.0000e+00     8.1104e-03  0.0000e+00 
1.1905e+00     1.6791e-02  0.0000e+00     1.9990e-02  0.0000e+00     4.4590e-03  0.0000e+00     5.3083e-03  0.0000e+00 
1.3357e+00     6.4137e-03  0.0000e+00     8.5670e-03  0.0000e+00     1.9110e-03  0.0000e+00     2.5526e-03  0.0000e+00 
1.4987e+00     3.8108e-03  0.0000e+00     5.7113e-03  0.0000e+00     1.2740e-03  0.0000e+00     1.9094e-03  0.0000e+00 
1.6816e+00     1.6982e-03  0.0000e+00     2.8557e-03  0.0000e+00     6.3700e-04  0.0000e+00     1.0712e-03  0.0000e+00 
1.8868e+00     1.5135e-03  0.0000e+00     2.8557e-03  0.0000e+00     6.3700e-04  0.0000e+00     1.2019e-03  0.0000e+00 
2.1170e+00     0.0000e+00  0.0000e+00     0.0000e+00  0.0000e+00     0.0000e+00  0.0000e+00     0.0000e+00  0.0000e+00 
2.3753e+00     0.0000e+00  0.0000e+00     0.0000e+00  0.0000e+00     0.0000e+00  0.0000e+00     0.0000e+00  0.0000e+00 
2.6651e+00     0.0000e+00  0.0000e+00     0.0000e+00  0.0000e+00     0.0000e+00  0.0000e+00     0.0000e+00  0.0000e+00 
2.9903e+00     0.0000e+00  0.0000e+00     0.0000e+00  0.0000e+00     0.0000e+00  0.0000e+00     0.0000e+00  0.0000e+00 
3.3552e+00     0.0000e+00  0.0000e+00     0.0000e+00  0.0000e+00     0.0000e+00  0.0000e+00     0.0000e+00  0.0000e+00 
3.7646e+00     0.0000e+00  0.0000e+00     0.0000e+00  0.0000e+00     0.0000e+00  0.0000e+00     0.0000e+00  0.0000e+00 
4.2240e+00     0.0000e+00  0.0000e+00     0.0000e+00  0.0000e+00     0.0000e+00  0.0000e+00     0.0000e+00  0.0000e+00 
4.7394e+00     0.0000e+00  0.0000e+00     0.0000e+00  0.0000e+00     0.0000e+00  0.0000e+00     0.0000e+00  0.0000e+00 
5.3176e+00     0.0000e+00  0.0000e+00     0.0000e+00  0.0000e+00     0.0000e+00  0.0000e+00     0.0000e+00  0.0000e+00 
5.9665e+00     1.3641e-01  0.0000e+00     8.1386e-01  0.0000e+00     1.8155e-01  0.0000e+00     1.0832e+00  0.0000e+00 
6.6945e+00     2.2181e-02  0.0000e+00     1.4849e-01  0.0000e+00     3.3124e-02  0.0000e+00     2.2175e-01  0.0000e+00 
7.5114e+00     7.2234e-03  0.0000e+00     5.4258e-02  0.0000e+00     1.2103e-02  0.0000e+00     9.0910e-02  0.0000e+00 
8.4279e+00     2.4396e-02  0.0000e+00     2.0561e-01  0.0000e+00     4.5864e-02  0.0000e+00     3.8654e-01  0.0000e+00 
9.4563e+00     1.2985e-02  0.0000e+00     1.2279e-01  0.0000e+00     2.7391e-02  0.0000e+00     2.5902e-01  0.0000e+00 
1.0610e+01     2.2070e-02  0.0000e+00     2.3416e-01  0.0000e+00     5.2234e-02  0.0000e+00     5.5421e-01  0.0000e+00 
1.1905e+01     1.0794e-02  0.0000e+00     1.2850e-01  0.0000e+00     2.8665e-02  0.0000e+00     3.4125e-01  0.0000e+00 
1.3357e+01     1.0903e-02  0.0000e+00     1.4564e-01  0.0000e+00     3.2487e-02  0.0000e+00     4.3394e-01  0.0000e+00 
1.4987e+01     7.6216e-03  0.0000e+00     1.1423e-01  0.0000e+00     2.5480e-02  0.0000e+00     3.8187e-01  0.0000e+00 
1.6816e+01     6.9626e-03  0.0000e+00     1.1708e-01  0.0000e+00     2.6117e-02  0.0000e+00     4.3918e-01  0.0000e+00 
1.8868e+01     3.7838e-03  0.0000e+00     7.1391e-02  0.0000e+00     1.5925e-02  0.0000e+00     3.0047e-01  0.0000e+00 
2.1170e+01     2.9676e-03  0.0000e+00     6.2824e-02  0.0000e+00     1.4014e-02  0.0000e+00     2.9668e-01  0.0000e+00 
2.3753e+01     5.2898e-03  0.0000e+00     1.2565e-01  0.0000e+00     2.8028e-02  0.0000e+00     6.6575e-01  0.0000e+00 
2.6651e+01     2.0358e-03  0.0000e+00     5.4258e-02  0.0000e+00     1.2103e-02  0.0000e+00     3.2256e-01  0.0000e+00 
2.9903e+01     1.7189e-03  0.0000e+00     5.1402e-02  0.0000e+00     1.1466e-02  0.0000e+00     3.4287e-01  0.0000e+00 
3.3552e+01     1.4469e-03  0.0000e+00     4.8546e-02  0.0000e+00     1.0829e-02  0.0000e+00     3.6334e-01  0.0000e+00 
3.7646e+01     7.5856e-04  0.0000e+00     2.8557e-02  0.0000e+00     6.3700e-03  0.0000e+00     2.3981e-01  0.0000e+00 
4.2240e+01     1.0141e-03  0.0000e+00     4.2835e-02  0.0000e+00     9.5550e-03  0.0000e+00     4.0360e-01  0.0000e+00 
4.7394e+01     5.4229e-04  0.0000e+00     2.5701e-02  0.0000e+00     5.7330e-03  0.0000e+00     2.7171e-01  0.0000e+00 
5.3176e+01     5.9072e-04  0.0000e+00     3.1412e-02  0.0000e+00     7.0070e-03  0.0000e+00     3.7261e-01  0.0000e+00 
5.9665e+01     2.8717e-04  0.0000e+00     1.7134e-02  0.0000e+00     3.8220e-03  0.0000e+00     2.2804e-01  0.0000e+00 
6.6945e+01     2.5594e-04  0.0000e+00     1.7134e-02  0.0000e+00     3.8220e-03  0.0000e+00     2.5586e-01  0.0000e+00 
7.5114e+01     3.8018e-05  0.0000e+00     2.8557e-03  0.0000e+00     6.3700e-04  0.0000e+00     4.7847e-02  0.0000e+00 
8.4279e+01     3.3883e-05  0.0000e+00     2.8557e-03  0.0000e+00     6.3700e-04  0.0000e+00     5.3686e-02  0.0000e+00 
9.4563e+01     0.0000e+00  0.0000e+00     0.0000e+00  0.0000e+00     0.0000e+00  0.0000e+00     0.0000e+00  0.0000e+00 
1.0610e+02     0.0000e+00  0.0000e+00     0.0000e+00  0.0000e+00     0.0000e+00  0.0000e+00     0.0000e+00  0.0000e+00 
1.1905e+02     0.0000e+00  0.0000e+00     0.0000e+00  0.0000e+00     0.0000e+00  0.0000e+00     0.0000e+00  0.0000e+00 
1.3357e+02     0.0000e+00  0.0000e+00     0.0000e+00  0.0000e+00     0.0000e+00  0.0000e+00     0.0000e+00  0.0000e+00 
1.4987e+02     0.0000e+00  0.0000e+00     0.0000e+00  0.0000e+00     0.0000e+00  0.0000e+00     0.0000e+00  0.0000e+00 
1.6816e+02     0.0000e+00  0.0000e+00     0.0000e+00  0.0000e+00     0.0000e+00  0.0000e+00     0.0000e+00  0.0000e+00 
1.8868e+02     0.0000e+00  0.0000e+00     0.0000e+00  0.0000e+00     0.0000e+00  0.0000e+00     0.0000e+00  0.0000e+00 
2.1170e+02     0.0000e+00  0.0000e+00     0.0000e+00  0.0000e+00     0.0000e+00  0.0000e+00     0.0000e+00  0.0000e+00 
2.3753e+02     0.0000e+00  0.0000e+00     0.0000e+00  0.0000e+00     0.0000e+00  0.0000e+00     0.0000e+00  0.0000e+00 
2.6651e+02     0.0000e+00  0.0000e+00     0.0000e+00  0.0000e+00     0.0000e+00  0.0000e+00     0.0000e+00  0.0000e+00 
2.9903e+02     0.0000e+00  0.0000e+00     0.0000e+00  0.0000e+00     0.0000e+00  0.0000e+00     0.0000e+00  0.0000e+00 
3.3552e+02     0.0000e+00  0.0000e+00     0.0000e+00  0.0000e+00     0.0000e+00  0.0000e+00     0.0000e+00  0.0000e+00 
3.7646e+02     0.0000e+00  0.0000e+00     0.0000e+00  0.0000e+00     0.0000e+00  0.0000e+00     0.0000e+00  0.0000e+00 
4.2240e+02     0.0000e+00  0.0000e+00     0.0000e+00  0.0000e+00     0.0000e+00  0.0000e+00     0.0000e+00  0.0000e+00 
4.7394e+02     0.0000e+00  0.0000e+00     0.0000e+00  0.0000e+00     0.0000e+00  0.0000e+00     0.0000e+00  0.0000e+00 
5.3176e+02     0.0000e+00  0.0000e+00     0.0000e+00  0.0000e+00     0.0000e+00  0.0000e+00     0.0000e+00  0.0000e+00 
5.9665e+02     0.0000e+00  0.0000e+00     0.0000e+00  0.0000e+00     0.0000e+00  0.0000e+00     0.0000e+00  0.0000e+00 
6.6945e+02     0.0000e+00  0.0000e+00     0.0000e+00  0.0000e+00     0.0000e+00  0.0000e+00     0.0000e+00  0.0000e+00 
7.5114e+02     0.0000e+00  0.0000e+00     0.0000e+00  0.0000e+00     0.0000e+00  0.0000e+00     0.0000e+00  0.0000e+00 
8.4279e+02     0.0000e+00  0.0000e+00     0.0000e+00  0.0000e+00     0.0000e+00  0.0000e+00     0.0000e+00  0.0000e+00 
9.4563e+02     0.0000e+00  0.0000e+00     0.0000e+00  0.0000e+00     0.0000e+00  0.0000e+00     0.0000e+00  0.0000e+00 
1.0610e+03     0.0000e+00  0.0000e+00     0.0000e+00  0.0000e+00     0.0000e+00  0.0000e+00     0.0000e+00  0.0000e+00 
1.1905e+03     0.0000e+00  0.0000e+00     0.0000e+00  0.0000e+00     0.0000e+00  0.0000e+00     0.0000e+00  0.0000e+00 
1.3357e+03     0.0000e+00  0.0000e+00     0.0000e+00  0.0000e+00     0.0000e+00  0.0000e+00     0.0000e+00  0.0000e+00 
1.4987e+03     0.0000e+00  0.0000e+00     0.0000e+00  0.0000e+00     0.0000e+00  0.0000e+00     0.0000e+00  0.0000e+00 
1.6816e+03     0.0000e+00  0.0000e+00     0.0000e+00  0.0000e+00     0.0000e+00  0.0000e+00     0.0000e+00  0.0000e+00 
1.8868e+03     0.0000e+00  0.0000e+00     0.0000e+00  0.0000e+00     0.0000e+00  0.0000e+00     0.0000e+00  0.0000e+00 
2.1170e+03     0.0000e+00  0.0000e+00     0.0000e+00  0.0000e+00     0.0000e+00  0.0000e+00     0.0000e+00  0.0000e+00 
2.3753e+03     0.0000e+00  0.0000e+00     0.0000e+00  0.0000e+00     0.0000e+00  0.0000e+00     0.0000e+00  0.0000e+00 
2.6651e+03     0.0000e+00  0.0000e+00     0.0000e+00  0.0000e+00     0.0000e+00  0.0000e+00     0.0000e+00  0.0000e+00 
2.9903e+03     0.0000e+00  0.0000e+00     0.0000e+00  0.0000e+00     0.0000e+00  0.0000e+00     0.0000e+00  0.0000e+00 
3.3552e+03     0.0000e+00  0.0000e+00     0.0000e+00  0.0000e+00     0.0000e+00  0.0000e+00     0.0000e+00  0.0000e+00 
3.7646e+03     0.0000e+00  0.0000e+00     0.0000e+00  0.0000e+00     0.0000e+00  0.0000e+00     0.0000e+00  0.0000e+00 
4.2240e+03     0.0000e+00  0.0000e+00     0.0000e+00  0.0000e+00     0.0000e+00  0.0000e+00     0.0000e+00  0.0000e+00 
4.7394e+03     0.0000e+00  0.0000e+00     0.0000e+00  0.0000e+00     0.0000e+00  0.0000e+00     0.0000e+00  0.0000e+00 
5.3176e+03     0.0000e+00  0.0000e+00     0.0000e+00  0.0000e+00     0.0000e+00  0.0000e+00     0.0000e+00  0.0000e+00 
5.9665e+03     0.0000e+00  0.0000e+00     0.0000e+00  0.0000e+00     0.0000e+00  0.0000e+00     0.0000e+00  0.0000e+00 
6.6945e+03     0.0000e+00  0.0000e+00     0.0000e+00  0.0000e+00     0.0000e+00  0.0000e+00     0.0000e+00  0.0000e+00 
7.5114e+03     0.0000e+00  0.0000e+00     0.0000e+00  0.0000e+00     0.0000e+00  0.0000e+00     0.0000e+00  0.0000e+00 
8.4279e+03     0.0000e+00  0.0000e+00     0.0000e+00  0.0000e+00     0.0000e+00  0.0000e+00     0.0000e+00  0.0000e+00 
9.4563e+03     0.0000e+00  0.0000e+00     0.0000e+00  0.0000e+00     0.0000e+00  0.0000e+00     0.0000e+00  0.0000e+00 
