yF = 1.6259e+01 (std: 0.0000e+00) keV/um
yD = 3.7227e+01 (std: 0.0000e+00) keV/um
y (keV/um)     f(y)(std)                  yf(y)(std)                 d(y)(std)                  yd(y)(std)  
1.0610e-01     7.3791e+00  0.0000e+00     7.8293e-01  0.0000e+00     4.8152e-02  0.0000e+00     5.1090e-03  0.0000e+00 
1.1905e-01     7.7586e-01  0.0000e+00     9.2363e-02  0.0000e+00     5.6806e-03  0.0000e+00     6.7626e-04  0.0000e+00 
1.3357e-01     3.5584e-01  0.0000e+00     4.7531e-02  0.0000e+00     2.9233e-03  0.0000e+00     3.9047e-04  0.0000e+00 
1.4987e-01     1.0144e+00  0.0000e+00     1.5203e-01  0.0000e+00     9.3502e-03  0.0000e+00     1.4013e-03  0.0000e+00 
1.6816e-01     4.8213e-01  0.0000e+00     8.1075e-02  0.0000e+00     4.9863e-03  0.0000e+00     8.3849e-04  0.0000e+00 
1.8868e-01     3.9522e-01  0.0000e+00     7.4569e-02  0.0000e+00     4.5862e-03  0.0000e+00     8.6530e-04  0.0000e+00 
2.1170e-01     3.9673e-01  0.0000e+00     8.3987e-02  0.0000e+00     5.1654e-03  0.0000e+00     1.0935e-03  0.0000e+00 
2.3753e-01     3.7376e-01  0.0000e+00     8.8779e-02  0.0000e+00     5.4601e-03  0.0000e+00     1.2969e-03  0.0000e+00 
2.6651e-01     2.3389e-01  0.0000e+00     6.2335e-02  0.0000e+00     3.8338e-03  0.0000e+00     1.0218e-03  0.0000e+00 
2.9903e-01     2.0416e-01  0.0000e+00     6.1050e-02  0.0000e+00     3.7547e-03  0.0000e+00     1.1228e-03  0.0000e+00 
3.3552e-01     4.6876e-01  0.0000e+00     1.5728e-01  0.0000e+00     9.6731e-03  0.0000e+00     3.2455e-03  0.0000e+00 
3.7646e-01     4.1002e-01  0.0000e+00     1.5436e-01  0.0000e+00     9.4934e-03  0.0000e+00     3.5739e-03  0.0000e+00 
4.2240e-01     2.6215e-01  0.0000e+00     1.1073e-01  0.0000e+00     6.8103e-03  0.0000e+00     2.8767e-03  0.0000e+00 
4.7394e-01     2.6429e-01  0.0000e+00     1.2525e-01  0.0000e+00     7.7035e-03  0.0000e+00     3.6510e-03  0.0000e+00 
5.3176e-01     2.2263e-01  0.0000e+00     1.1839e-01  0.0000e+00     7.2812e-03  0.0000e+00     3.8719e-03  0.0000e+00 
5.9665e-01     1.5213e-01  0.0000e+00     9.0766e-02  0.0000e+00     5.5823e-03  0.0000e+00     3.3307e-03  0.0000e+00 
6.6945e-01     1.4306e-01  0.0000e+00     9.5772e-02  0.0000e+00     5.8902e-03  0.0000e+00     3.9432e-03  0.0000e+00 
7.5114e-01     1.4419e-01  0.0000e+00     1.0831e-01  0.0000e+00     6.6612e-03  0.0000e+00     5.0035e-03  0.0000e+00 
8.4279e-01     9.9700e-02  0.0000e+00     8.4026e-02  0.0000e+00     5.1678e-03  0.0000e+00     4.3554e-03  0.0000e+00 
9.4563e-01     7.3439e-02  0.0000e+00     6.9445e-02  0.0000e+00     4.2711e-03  0.0000e+00     4.0388e-03  0.0000e+00 
1.0610e+00     5.4179e-02  0.0000e+00     5.7485e-02  0.0000e+00     3.5355e-03  0.0000e+00     3.7512e-03  0.0000e+00 
1.1905e+00     3.9116e-02  0.0000e+00     4.6566e-02  0.0000e+00     2.8640e-03  0.0000e+00     3.4095e-03  0.0000e+00 
1.3357e+00     2.5419e-02  0.0000e+00     3.3953e-02  0.0000e+00     2.0882e-03  0.0000e+00     2.7893e-03  0.0000e+00 
1.4987e+00     1.5987e-02  0.0000e+00     2.3960e-02  0.0000e+00     1.4736e-03  0.0000e+00     2.2085e-03  0.0000e+00 
1.6816e+00     9.1862e-03  0.0000e+00     1.5447e-02  0.0000e+00     9.5006e-04  0.0000e+00     1.5976e-03  0.0000e+00 
1.8868e+00     4.9506e-03  0.0000e+00     9.3406e-03  0.0000e+00     5.7447e-04  0.0000e+00     1.0839e-03  0.0000e+00 
2.1170e+00     2.4890e-03  0.0000e+00     5.2693e-03  0.0000e+00     3.2407e-04  0.0000e+00     6.8606e-04  0.0000e+00 
2.3753e+00     1.0210e-03  0.0000e+00     2.4252e-03  0.0000e+00     1.4916e-04  0.0000e+00     3.5430e-04  0.0000e+00 
2.6651e+00     3.9104e-04  0.0000e+00     1.0422e-03  0.0000e+00     6.4096e-05  0.0000e+00     1.7082e-04  0.0000e+00 
2.9903e+00     1.4331e-04  0.0000e+00     4.2856e-04  0.0000e+00     2.6357e-05  0.0000e+00     7.8817e-05  0.0000e+00 
3.3552e+00     3.7738e-05  0.0000e+00     1.2662e-04  0.0000e+00     7.7874e-06  0.0000e+00     2.6128e-05  0.0000e+00 
3.7646e+00     7.7617e-06  0.0000e+00     2.9220e-05  0.0000e+00     1.7971e-06  0.0000e+00     6.7653e-06  0.0000e+00 
4.2240e+00     2.3059e-06  0.0000e+00     9.7399e-06  0.0000e+00     5.9903e-07  0.0000e+00     2.5303e-06  0.0000e+00 
4.7394e+00     6.1653e-06  0.0000e+00     2.9220e-05  0.0000e+00     1.7971e-06  0.0000e+00     8.5170e-06  0.0000e+00 
5.3176e+00     0.0000e+00  0.0000e+00     0.0000e+00  0.0000e+00     0.0000e+00  0.0000e+00     0.0000e+00  0.0000e+00 
5.9665e+00     4.8855e-02  0.0000e+00     2.9150e-01  0.0000e+00     1.7928e-02  0.0000e+00     1.0697e-01  0.0000e+00 
6.6945e+00     2.9127e-02  0.0000e+00     1.9499e-01  0.0000e+00     1.1993e-02  0.0000e+00     8.0284e-02  0.0000e+00 
7.5114e+00     8.5828e-03  0.0000e+00     6.4468e-02  0.0000e+00     3.9650e-03  0.0000e+00     2.9782e-02  0.0000e+00 
8.4279e+00     3.5409e-02  0.0000e+00     2.9842e-01  0.0000e+00     1.8354e-02  0.0000e+00     1.5468e-01  0.0000e+00 
9.4563e+00     2.8514e-02  0.0000e+00     2.6964e-01  0.0000e+00     1.6583e-02  0.0000e+00     1.5682e-01  0.0000e+00 
1.0610e+01     3.9448e-02  0.0000e+00     4.1854e-01  0.0000e+00     2.5741e-02  0.0000e+00     2.7312e-01  0.0000e+00 
1.1905e+01     3.1840e-02  0.0000e+00     3.7905e-01  0.0000e+00     2.3312e-02  0.0000e+00     2.7753e-01  0.0000e+00 
1.3357e+01     2.6447e-02  0.0000e+00     3.5327e-01  0.0000e+00     2.1727e-02  0.0000e+00     2.9021e-01  0.0000e+00 
1.4987e+01     2.0823e-02  0.0000e+00     3.1208e-01  0.0000e+00     1.9193e-02  0.0000e+00     2.8766e-01  0.0000e+00 
1.6816e+01     1.6081e-02  0.0000e+00     2.7041e-01  0.0000e+00     1.6631e-02  0.0000e+00     2.7966e-01  0.0000e+00 
1.8868e+01     1.6370e-02  0.0000e+00     3.0887e-01  0.0000e+00     1.8996e-02  0.0000e+00     3.5842e-01  0.0000e+00 
2.1170e+01     1.5618e-02  0.0000e+00     3.3064e-01  0.0000e+00     2.0335e-02  0.0000e+00     4.3049e-01  0.0000e+00 
2.3753e+01     1.4184e-02  0.0000e+00     3.3692e-01  0.0000e+00     2.0722e-02  0.0000e+00     4.9220e-01  0.0000e+00 
2.6651e+01     1.1821e-02  0.0000e+00     3.1506e-01  0.0000e+00     1.9377e-02  0.0000e+00     5.1642e-01  0.0000e+00 
2.9903e+01     9.3841e-03  0.0000e+00     2.8062e-01  0.0000e+00     1.7259e-02  0.0000e+00     5.1609e-01  0.0000e+00 
3.3552e+01     8.1314e-03  0.0000e+00     2.7282e-01  0.0000e+00     1.6779e-02  0.0000e+00     5.6298e-01  0.0000e+00 
3.7646e+01     6.5568e-03  0.0000e+00     2.4684e-01  0.0000e+00     1.5181e-02  0.0000e+00     5.7151e-01  0.0000e+00 
4.2240e+01     4.9878e-03  0.0000e+00     2.1068e-01  0.0000e+00     1.2958e-02  0.0000e+00     5.4732e-01  0.0000e+00 
4.7394e+01     3.9193e-03  0.0000e+00     1.8575e-01  0.0000e+00     1.1424e-02  0.0000e+00     5.4143e-01  0.0000e+00 
5.3176e+01     2.8093e-03  0.0000e+00     1.4939e-01  0.0000e+00     9.1879e-03  0.0000e+00     4.8858e-01  0.0000e+00 
5.9665e+01     2.0043e-03  0.0000e+00     1.1959e-01  0.0000e+00     7.3549e-03  0.0000e+00     4.3883e-01  0.0000e+00 
6.6945e+01     1.3439e-03  0.0000e+00     8.9967e-02  0.0000e+00     5.5332e-03  0.0000e+00     3.7042e-01  0.0000e+00 
7.5114e+01     8.6269e-04  0.0000e+00     6.4799e-02  0.0000e+00     3.9853e-03  0.0000e+00     2.9935e-01  0.0000e+00 
8.4279e+01     4.8758e-04  0.0000e+00     4.1093e-02  0.0000e+00     2.5273e-03  0.0000e+00     2.1300e-01  0.0000e+00 
9.4563e+01     2.7954e-04  0.0000e+00     2.6434e-02  0.0000e+00     1.6258e-03  0.0000e+00     1.5374e-01  0.0000e+00 
1.0610e+02     1.3696e-04  0.0000e+00     1.4532e-02  0.0000e+00     8.9375e-04  0.0000e+00     9.4828e-02  0.0000e+00 
1.1905e+02     5.9234e-05  0.0000e+00     7.0517e-03  0.0000e+00     4.3370e-04  0.0000e+00     5.1630e-02  0.0000e+00 
1.3357e+02     2.2969e-05  0.0000e+00     3.0681e-03  0.0000e+00     1.8869e-04  0.0000e+00     2.5204e-02  0.0000e+00 
1.4987e+02     8.9034e-06  0.0000e+00     1.3344e-03  0.0000e+00     8.2067e-05  0.0000e+00     1.2299e-02  0.0000e+00 
1.6816e+02     2.7223e-06  0.0000e+00     4.5777e-04  0.0000e+00     2.8154e-05  0.0000e+00     4.7344e-03  0.0000e+00 
1.8868e+02     3.6135e-07  0.0000e+00     6.8179e-05  0.0000e+00     4.1932e-06  0.0000e+00     7.9116e-04  0.0000e+00 
2.1170e+02     2.3004e-07  0.0000e+00     4.8699e-05  0.0000e+00     2.9951e-06  0.0000e+00     6.3407e-04  0.0000e+00 
2.3753e+02     0.0000e+00  0.0000e+00     0.0000e+00  0.0000e+00     0.0000e+00  0.0000e+00     0.0000e+00  0.0000e+00 
2.6651e+02     0.0000e+00  0.0000e+00     0.0000e+00  0.0000e+00     0.0000e+00  0.0000e+00     0.0000e+00  0.0000e+00 
2.9903e+02     0.0000e+00  0.0000e+00     0.0000e+00  0.0000e+00     0.0000e+00  0.0000e+00     0.0000e+00  0.0000e+00 
3.3552e+02     0.0000e+00  0.0000e+00     0.0000e+00  0.0000e+00     0.0000e+00  0.0000e+00     0.0000e+00  0.0000e+00 
3.7646e+02     0.0000e+00  0.0000e+00     0.0000e+00  0.0000e+00     0.0000e+00  0.0000e+00     0.0000e+00  0.0000e+00 
4.2240e+02     0.0000e+00  0.0000e+00     0.0000e+00  0.0000e+00     0.0000e+00  0.0000e+00     0.0000e+00  0.0000e+00 
4.7394e+02     0.0000e+00  0.0000e+00     0.0000e+00  0.0000e+00     0.0000e+00  0.0000e+00     0.0000e+00  0.0000e+00 
5.3176e+02     0.0000e+00  0.0000e+00     0.0000e+00  0.0000e+00     0.0000e+00  0.0000e+00     0.0000e+00  0.0000e+00 
5.9665e+02     0.0000e+00  0.0000e+00     0.0000e+00  0.0000e+00     0.0000e+00  0.0000e+00     0.0000e+00  0.0000e+00 
6.6945e+02     0.0000e+00  0.0000e+00     0.0000e+00  0.0000e+00     0.0000e+00  0.0000e+00     0.0000e+00  0.0000e+00 
7.5114e+02     0.0000e+00  0.0000e+00     0.0000e+00  0.0000e+00     0.0000e+00  0.0000e+00     0.0000e+00  0.0000e+00 
8.4279e+02     0.0000e+00  0.0000e+00     0.0000e+00  0.0000e+00     0.0000e+00  0.0000e+00     0.0000e+00  0.0000e+00 
9.4563e+02     0.0000e+00  0.0000e+00     0.0000e+00  0.0000e+00     0.0000e+00  0.0000e+00     0.0000e+00  0.0000e+00 
1.0610e+03     0.0000e+00  0.0000e+00     0.0000e+00  0.0000e+00     0.0000e+00  0.0000e+00     0.0000e+00  0.0000e+00 
1.1905e+03     0.0000e+00  0.0000e+00     0.0000e+00  0.0000e+00     0.0000e+00  0.0000e+00     0.0000e+00  0.0000e+00 
1.3357e+03     0.0000e+00  0.0000e+00     0.0000e+00  0.0000e+00     0.0000e+00  0.0000e+00     0.0000e+00  0.0000e+00 
1.4987e+03     0.0000e+00  0.0000e+00     0.0000e+00  0.0000e+00     0.0000e+00  0.0000e+00     0.0000e+00  0.0000e+00 
1.6816e+03     0.0000e+00  0.0000e+00     0.0000e+00  0.0000e+00     0.0000e+00  0.0000e+00     0.0000e+00  0.0000e+00 
1.8868e+03     0.0000e+00  0.0000e+00     0.0000e+00  0.0000e+00     0.0000e+00  0.0000e+00     0.0000e+00  0.0000e+00 
2.1170e+03     0.0000e+00  0.0000e+00     0.0000e+00  0.0000e+00     0.0000e+00  0.0000e+00     0.0000e+00  0.0000e+00 
2.3753e+03     0.0000e+00  0.0000e+00     0.0000e+00  0.0000e+00     0.0000e+00  0.0000e+00     0.0000e+00  0.0000e+00 
2.6651e+03     0.0000e+00  0.0000e+00     0.0000e+00  0.0000e+00     0.0000e+00  0.0000e+00     0.0000e+00  0.0000e+00 
2.9903e+03     0.0000e+00  0.0000e+00     0.0000e+00  0.0000e+00     0.0000e+00  0.0000e+00     0.0000e+00  0.0000e+00 
3.3552e+03     0.0000e+00  0.0000e+00     0.0000e+00  0.0000e+00     0.0000e+00  0.0000e+00     0.0000e+00  0.0000e+00 
3.7646e+03     0.0000e+00  0.0000e+00     0.0000e+00  0.0000e+00     0.0000e+00  0.0000e+00     0.0000e+00  0.0000e+00 
4.2240e+03     0.0000e+00  0.0000e+00     0.0000e+00  0.0000e+00     0.0000e+00  0.0000e+00     0.0000e+00  0.0000e+00 
4.7394e+03     0.0000e+00  0.0000e+00     0.0000e+00  0.0000e+00     0.0000e+00  0.0000e+00     0.0000e+00  0.0000e+00 
5.3176e+03     0.0000e+00  0.0000e+00     0.0000e+00  0.0000e+00     0.0000e+00  0.0000e+00     0.0000e+00  0.0000e+00 
5.9665e+03     0.0000e+00  0.0000e+00     0.0000e+00  0.0000e+00     0.0000e+00  0.0000e+00     0.0000e+00  0.0000e+00 
6.6945e+03     0.0000e+00  0.0000e+00     0.0000e+00  0.0000e+00     0.0000e+00  0.0000e+00     0.0000e+00  0.0000e+00 
7.5114e+03     0.0000e+00  0.0000e+00     0.0000e+00  0.0000e+00     0.0000e+00  0.0000e+00     0.0000e+00  0.0000e+00 
8.4279e+03     0.0000e+00  0.0000e+00     0.0000e+00  0.0000e+00     0.0000e+00  0.0000e+00     0.0000e+00  0.0000e+00 
9.4563e+03     0.0000e+00  0.0000e+00     0.0000e+00  0.0000e+00     0.0000e+00  0.0000e+00     0.0000e+00  0.0000e+00 
