yF = 1.4823e+01 (std: 0.0000e+00) keV/um
yD = 3.5846e+01 (std: 0.0000e+00) keV/um
y (keV/um)     f(y)(std)                  yf(y)(std)                 d(y)(std)                  yd(y)(std)  
1.0610e-01     8.1721e+00  0.0000e+00     8.6707e-01  0.0000e+00     5.8493e-02  0.0000e+00     6.2062e-03  0.0000e+00 
1.1905e-01     8.7993e-01  0.0000e+00     1.0475e-01  0.0000e+00     7.0667e-03  0.0000e+00     8.4128e-04  0.0000e+00 
1.3357e-01     3.9846e-01  0.0000e+00     5.3224e-02  0.0000e+00     3.5905e-03  0.0000e+00     4.7960e-04  0.0000e+00 
1.4987e-01     1.1409e+00  0.0000e+00     1.7099e-01  0.0000e+00     1.1535e-02  0.0000e+00     1.7288e-03  0.0000e+00 
1.6816e-01     5.3353e-01  0.0000e+00     8.9718e-02  0.0000e+00     6.0525e-03  0.0000e+00     1.0178e-03  0.0000e+00 
1.8868e-01     4.3400e-01  0.0000e+00     8.1885e-02  0.0000e+00     5.5241e-03  0.0000e+00     1.0423e-03  0.0000e+00 
2.1170e-01     4.3567e-01  0.0000e+00     9.2231e-02  0.0000e+00     6.2220e-03  0.0000e+00     1.3172e-03  0.0000e+00 
2.3753e-01     4.1745e-01  0.0000e+00     9.9157e-02  0.0000e+00     6.6892e-03  0.0000e+00     1.5889e-03  0.0000e+00 
2.6651e-01     2.6207e-01  0.0000e+00     6.9845e-02  0.0000e+00     4.7118e-03  0.0000e+00     1.2558e-03  0.0000e+00 
2.9903e-01     2.2448e-01  0.0000e+00     6.7126e-02  0.0000e+00     4.5284e-03  0.0000e+00     1.3541e-03  0.0000e+00 
3.3552e-01     5.2722e-01  0.0000e+00     1.7689e-01  0.0000e+00     1.1933e-02  0.0000e+00     4.0039e-03  0.0000e+00 
3.7646e-01     4.4715e-01  0.0000e+00     1.6833e-01  0.0000e+00     1.1356e-02  0.0000e+00     4.2750e-03  0.0000e+00 
4.2240e-01     2.9337e-01  0.0000e+00     1.2392e-01  0.0000e+00     8.3595e-03  0.0000e+00     3.5310e-03  0.0000e+00 
4.7394e-01     2.8963e-01  0.0000e+00     1.3727e-01  0.0000e+00     9.2602e-03  0.0000e+00     4.3887e-03  0.0000e+00 
5.3176e-01     2.4287e-01  0.0000e+00     1.2915e-01  0.0000e+00     8.7125e-03  0.0000e+00     4.6330e-03  0.0000e+00 
5.9665e-01     1.6477e-01  0.0000e+00     9.8310e-02  0.0000e+00     6.6321e-03  0.0000e+00     3.9570e-03  0.0000e+00 
6.6945e-01     1.6108e-01  0.0000e+00     1.0784e-01  0.0000e+00     7.2748e-03  0.0000e+00     4.8701e-03  0.0000e+00 
7.5114e-01     1.5806e-01  0.0000e+00     1.1872e-01  0.0000e+00     8.0092e-03  0.0000e+00     6.0160e-03  0.0000e+00 
8.4279e-01     1.0799e-01  0.0000e+00     9.1009e-02  0.0000e+00     6.1395e-03  0.0000e+00     5.1743e-03  0.0000e+00 
9.4563e-01     7.7727e-02  0.0000e+00     7.3501e-02  0.0000e+00     4.9584e-03  0.0000e+00     4.6888e-03  0.0000e+00 
1.0610e+00     6.1038e-02  0.0000e+00     6.4761e-02  0.0000e+00     4.3689e-03  0.0000e+00     4.6354e-03  0.0000e+00 
1.1905e+00     4.1588e-02  0.0000e+00     4.9510e-02  0.0000e+00     3.3400e-03  0.0000e+00     3.9761e-03  0.0000e+00 
1.3357e+00     2.7513e-02  0.0000e+00     3.6750e-02  0.0000e+00     2.4792e-03  0.0000e+00     3.3116e-03  0.0000e+00 
1.4987e+00     1.7434e-02  0.0000e+00     2.6129e-02  0.0000e+00     1.7627e-03  0.0000e+00     2.6418e-03  0.0000e+00 
1.6816e+00     1.0031e-02  0.0000e+00     1.6868e-02  0.0000e+00     1.1379e-03  0.0000e+00     1.9135e-03  0.0000e+00 
1.8868e+00     4.8251e-03  0.0000e+00     9.1038e-03  0.0000e+00     6.1415e-04  0.0000e+00     1.1588e-03  0.0000e+00 
2.1170e+00     2.3922e-03  0.0000e+00     5.0643e-03  0.0000e+00     3.4164e-04  0.0000e+00     7.2325e-04  0.0000e+00 
2.3753e+00     1.3564e-03  0.0000e+00     3.2218e-03  0.0000e+00     2.1735e-04  0.0000e+00     5.1626e-04  0.0000e+00 
2.6651e+00     3.7338e-04  0.0000e+00     9.9512e-04  0.0000e+00     6.7131e-05  0.0000e+00     1.7891e-04  0.0000e+00 
2.9903e+00     1.7133e-04  0.0000e+00     5.1234e-04  0.0000e+00     3.4563e-05  0.0000e+00     1.0335e-04  0.0000e+00 
3.3552e+00     4.1111e-05  0.0000e+00     1.3794e-04  0.0000e+00     9.3053e-06  0.0000e+00     3.1221e-05  0.0000e+00 
3.7646e+00     5.2344e-06  0.0000e+00     1.9705e-05  0.0000e+00     1.3293e-06  0.0000e+00     5.0044e-06  0.0000e+00 
4.2240e+00     6.9977e-06  0.0000e+00     2.9558e-05  0.0000e+00     1.9940e-06  0.0000e+00     8.4226e-06  0.0000e+00 
4.7394e+00     2.0789e-06  0.0000e+00     9.8526e-06  0.0000e+00     6.6467e-07  0.0000e+00     3.1501e-06  0.0000e+00 
5.3176e+00     0.0000e+00  0.0000e+00     0.0000e+00  0.0000e+00     0.0000e+00  0.0000e+00     0.0000e+00  0.0000e+00 
5.9665e+00     4.5301e-02  0.0000e+00     2.7029e-01  0.0000e+00     1.8234e-02  0.0000e+00     1.0879e-01  0.0000e+00 
6.6945e+00     2.7283e-02  0.0000e+00     1.8265e-01  0.0000e+00     1.2322e-02  0.0000e+00     8.2487e-02  0.0000e+00 
7.5114e+00     7.9148e-03  0.0000e+00     5.9451e-02  0.0000e+00     4.0106e-03  0.0000e+00     3.0125e-02  0.0000e+00 
8.4279e+00     3.4216e-02  0.0000e+00     2.8837e-01  0.0000e+00     1.9453e-02  0.0000e+00     1.6395e-01  0.0000e+00 
9.4563e+00     2.9712e-02  0.0000e+00     2.8097e-01  0.0000e+00     1.8954e-02  0.0000e+00     1.7924e-01  0.0000e+00 
1.0610e+01     4.8053e-02  0.0000e+00     5.0984e-01  0.0000e+00     3.4395e-02  0.0000e+00     3.6493e-01  0.0000e+00 
1.1905e+01     3.2447e-02  0.0000e+00     3.8627e-01  0.0000e+00     2.6058e-02  0.0000e+00     3.1022e-01  0.0000e+00 
1.3357e+01     2.5464e-02  0.0000e+00     3.4013e-01  0.0000e+00     2.2946e-02  0.0000e+00     3.0649e-01  0.0000e+00 
1.4987e+01     1.9116e-02  0.0000e+00     2.8650e-01  0.0000e+00     1.9327e-02  0.0000e+00     2.8966e-01  0.0000e+00 
1.6816e+01     1.5751e-02  0.0000e+00     2.6487e-01  0.0000e+00     1.7868e-02  0.0000e+00     3.0047e-01  0.0000e+00 
1.8868e+01     1.4341e-02  0.0000e+00     2.7057e-01  0.0000e+00     1.8253e-02  0.0000e+00     3.4439e-01  0.0000e+00 
2.1170e+01     1.4952e-02  0.0000e+00     3.1654e-01  0.0000e+00     2.1354e-02  0.0000e+00     4.5206e-01  0.0000e+00 
2.3753e+01     1.3871e-02  0.0000e+00     3.2948e-01  0.0000e+00     2.2227e-02  0.0000e+00     5.2796e-01  0.0000e+00 
2.6651e+01     1.0311e-02  0.0000e+00     2.7480e-01  0.0000e+00     1.8538e-02  0.0000e+00     4.9407e-01  0.0000e+00 
2.9903e+01     8.3310e-03  0.0000e+00     2.4912e-01  0.0000e+00     1.6806e-02  0.0000e+00     5.0256e-01  0.0000e+00 
3.3552e+01     7.2823e-03  0.0000e+00     2.4434e-01  0.0000e+00     1.6483e-02  0.0000e+00     5.5304e-01  0.0000e+00 
3.7646e+01     5.8481e-03  0.0000e+00     2.2016e-01  0.0000e+00     1.4852e-02  0.0000e+00     5.5912e-01  0.0000e+00 
4.2240e+01     4.4256e-03  0.0000e+00     1.8693e-01  0.0000e+00     1.2611e-02  0.0000e+00     5.3267e-01  0.0000e+00 
4.7394e+01     3.4225e-03  0.0000e+00     1.6220e-01  0.0000e+00     1.0942e-02  0.0000e+00     5.1860e-01  0.0000e+00 
5.3176e+01     2.4205e-03  0.0000e+00     1.2871e-01  0.0000e+00     8.6832e-03  0.0000e+00     4.6174e-01  0.0000e+00 
5.9665e+01     1.7086e-03  0.0000e+00     1.0195e-01  0.0000e+00     6.8773e-03  0.0000e+00     4.1033e-01  0.0000e+00 
6.6945e+01     1.1291e-03  0.0000e+00     7.5589e-02  0.0000e+00     5.0993e-03  0.0000e+00     3.4138e-01  0.0000e+00 
7.5114e+01     7.1592e-04  0.0000e+00     5.3776e-02  0.0000e+00     3.6278e-03  0.0000e+00     2.7249e-01  0.0000e+00 
8.4279e+01     4.0239e-04  0.0000e+00     3.3913e-02  0.0000e+00     2.2878e-03  0.0000e+00     1.9281e-01  0.0000e+00 
9.4563e+01     2.2568e-04  0.0000e+00     2.1341e-02  0.0000e+00     1.4397e-03  0.0000e+00     1.3614e-01  0.0000e+00 
1.0610e+02     1.1320e-04  0.0000e+00     1.2010e-02  0.0000e+00     8.1023e-04  0.0000e+00     8.5966e-02  0.0000e+00 
1.1905e+02     5.5120e-05  0.0000e+00     6.5619e-03  0.0000e+00     4.4267e-04  0.0000e+00     5.2698e-02  0.0000e+00 
1.3357e+02     1.8809e-05  0.0000e+00     2.5124e-03  0.0000e+00     1.6949e-04  0.0000e+00     2.2639e-02  0.0000e+00 
1.4987e+02     6.7055e-06  0.0000e+00     1.0050e-03  0.0000e+00     6.7796e-05  0.0000e+00     1.0161e-02  0.0000e+00 
1.6816e+02     2.5780e-06  0.0000e+00     4.3352e-04  0.0000e+00     2.9245e-05  0.0000e+00     4.9179e-03  0.0000e+00 
1.8868e+02     6.2664e-07  0.0000e+00     1.1823e-04  0.0000e+00     7.9760e-06  0.0000e+00     1.5049e-03  0.0000e+00 
2.1170e+02     9.3082e-08  0.0000e+00     1.9705e-05  0.0000e+00     1.3293e-06  0.0000e+00     2.8142e-04  0.0000e+00 
2.3753e+02     0.0000e+00  0.0000e+00     0.0000e+00  0.0000e+00     0.0000e+00  0.0000e+00     0.0000e+00  0.0000e+00 
2.6651e+02     0.0000e+00  0.0000e+00     0.0000e+00  0.0000e+00     0.0000e+00  0.0000e+00     0.0000e+00  0.0000e+00 
2.9903e+02     0.0000e+00  0.0000e+00     0.0000e+00  0.0000e+00     0.0000e+00  0.0000e+00     0.0000e+00  0.0000e+00 
3.3552e+02     0.0000e+00  0.0000e+00     0.0000e+00  0.0000e+00     0.0000e+00  0.0000e+00     0.0000e+00  0.0000e+00 
3.7646e+02     0.0000e+00  0.0000e+00     0.0000e+00  0.0000e+00     0.0000e+00  0.0000e+00     0.0000e+00  0.0000e+00 
4.2240e+02     0.0000e+00  0.0000e+00     0.0000e+00  0.0000e+00     0.0000e+00  0.0000e+00     0.0000e+00  0.0000e+00 
4.7394e+02     0.0000e+00  0.0000e+00     0.0000e+00  0.0000e+00     0.0000e+00  0.0000e+00     0.0000e+00  0.0000e+00 
5.3176e+02     0.0000e+00  0.0000e+00     0.0000e+00  0.0000e+00     0.0000e+00  0.0000e+00     0.0000e+00  0.0000e+00 
5.9665e+02     0.0000e+00  0.0000e+00     0.0000e+00  0.0000e+00     0.0000e+00  0.0000e+00     0.0000e+00  0.0000e+00 
6.6945e+02     0.0000e+00  0.0000e+00     0.0000e+00  0.0000e+00     0.0000e+00  0.0000e+00     0.0000e+00  0.0000e+00 
7.5114e+02     0.0000e+00  0.0000e+00     0.0000e+00  0.0000e+00     0.0000e+00  0.0000e+00     0.0000e+00  0.0000e+00 
8.4279e+02     0.0000e+00  0.0000e+00     0.0000e+00  0.0000e+00     0.0000e+00  0.0000e+00     0.0000e+00  0.0000e+00 
9.4563e+02     0.0000e+00  0.0000e+00     0.0000e+00  0.0000e+00     0.0000e+00  0.0000e+00     0.0000e+00  0.0000e+00 
1.0610e+03     0.0000e+00  0.0000e+00     0.0000e+00  0.0000e+00     0.0000e+00  0.0000e+00     0.0000e+00  0.0000e+00 
1.1905e+03     0.0000e+00  0.0000e+00     0.0000e+00  0.0000e+00     0.0000e+00  0.0000e+00     0.0000e+00  0.0000e+00 
1.3357e+03     0.0000e+00  0.0000e+00     0.0000e+00  0.0000e+00     0.0000e+00  0.0000e+00     0.0000e+00  0.0000e+00 
1.4987e+03     0.0000e+00  0.0000e+00     0.0000e+00  0.0000e+00     0.0000e+00  0.0000e+00     0.0000e+00  0.0000e+00 
1.6816e+03     0.0000e+00  0.0000e+00     0.0000e+00  0.0000e+00     0.0000e+00  0.0000e+00     0.0000e+00  0.0000e+00 
1.8868e+03     0.0000e+00  0.0000e+00     0.0000e+00  0.0000e+00     0.0000e+00  0.0000e+00     0.0000e+00  0.0000e+00 
2.1170e+03     0.0000e+00  0.0000e+00     0.0000e+00  0.0000e+00     0.0000e+00  0.0000e+00     0.0000e+00  0.0000e+00 
2.3753e+03     0.0000e+00  0.0000e+00     0.0000e+00  0.0000e+00     0.0000e+00  0.0000e+00     0.0000e+00  0.0000e+00 
2.6651e+03     0.0000e+00  0.0000e+00     0.0000e+00  0.0000e+00     0.0000e+00  0.0000e+00     0.0000e+00  0.0000e+00 
2.9903e+03     0.0000e+00  0.0000e+00     0.0000e+00  0.0000e+00     0.0000e+00  0.0000e+00     0.0000e+00  0.0000e+00 
3.3552e+03     0.0000e+00  0.0000e+00     0.0000e+00  0.0000e+00     0.0000e+00  0.0000e+00     0.0000e+00  0.0000e+00 
3.7646e+03     0.0000e+00  0.0000e+00     0.0000e+00  0.0000e+00     0.0000e+00  0.0000e+00     0.0000e+00  0.0000e+00 
4.2240e+03     0.0000e+00  0.0000e+00     0.0000e+00  0.0000e+00     0.0000e+00  0.0000e+00     0.0000e+00  0.0000e+00 
4.7394e+03     0.0000e+00  0.0000e+00     0.0000e+00  0.0000e+00     0.0000e+00  0.0000e+00     0.0000e+00  0.0000e+00 
5.3176e+03     0.0000e+00  0.0000e+00     0.0000e+00  0.0000e+00     0.0000e+00  0.0000e+00     0.0000e+00  0.0000e+00 
5.9665e+03     0.0000e+00  0.0000e+00     0.0000e+00  0.0000e+00     0.0000e+00  0.0000e+00     0.0000e+00  0.0000e+00 
6.6945e+03     0.0000e+00  0.0000e+00     0.0000e+00  0.0000e+00     0.0000e+00  0.0000e+00     0.0000e+00  0.0000e+00 
7.5114e+03     0.0000e+00  0.0000e+00     0.0000e+00  0.0000e+00     0.0000e+00  0.0000e+00     0.0000e+00  0.0000e+00 
8.4279e+03     0.0000e+00  0.0000e+00     0.0000e+00  0.0000e+00     0.0000e+00  0.0000e+00     0.0000e+00  0.0000e+00 
9.4563e+03     0.0000e+00  0.0000e+00     0.0000e+00  0.0000e+00     0.0000e+00  0.0000e+00     0.0000e+00  0.0000e+00 
