yF = 4.1608e+00 (std: 0.0000e+00) keV/um
yD = 2.1399e+01 (std: 0.0000e+00) keV/um
y (keV/um)     f(y)(std)                  yf(y)(std)                 d(y)(std)                  yd(y)(std)  
1.0610e-01     2.5893e+01  0.0000e+00     2.7473e+00  0.0000e+00     6.6028e-01  0.0000e+00     7.0056e-02  0.0000e+00 
1.1905e-01     1.9196e+00  0.0000e+00     2.2853e-01  0.0000e+00     5.4925e-02  0.0000e+00     6.5386e-03  0.0000e+00 
1.3357e-01     5.7309e-01  0.0000e+00     7.6549e-02  0.0000e+00     1.8398e-02  0.0000e+00     2.4575e-03  0.0000e+00 
1.4987e-01     2.9063e+00  0.0000e+00     4.3557e-01  0.0000e+00     1.0468e-01  0.0000e+00     1.5689e-02  0.0000e+00 
1.6816e-01     8.8781e-01  0.0000e+00     1.4929e-01  0.0000e+00     3.5881e-02  0.0000e+00     6.0337e-03  0.0000e+00 
1.8868e-01     6.1094e-01  0.0000e+00     1.1527e-01  0.0000e+00     2.7704e-02  0.0000e+00     5.2272e-03  0.0000e+00 
2.1170e-01     6.4918e-01  0.0000e+00     1.3743e-01  0.0000e+00     3.3030e-02  0.0000e+00     6.9924e-03  0.0000e+00 
2.3753e-01     5.8612e-01  0.0000e+00     1.3922e-01  0.0000e+00     3.3460e-02  0.0000e+00     7.9479e-03  0.0000e+00 
2.6651e-01     2.7967e-01  0.0000e+00     7.4535e-02  0.0000e+00     1.7914e-02  0.0000e+00     4.7742e-03  0.0000e+00 
2.9903e-01     2.3877e-01  0.0000e+00     7.1401e-02  0.0000e+00     1.7161e-02  0.0000e+00     5.1316e-03  0.0000e+00 
3.3552e-01     1.4149e+00  0.0000e+00     4.7474e-01  0.0000e+00     1.1410e-01  0.0000e+00     3.8283e-02  0.0000e+00 
3.7646e-01     9.5129e-01  0.0000e+00     3.5812e-01  0.0000e+00     8.6072e-02  0.0000e+00     3.2403e-02  0.0000e+00 
4.2240e-01     4.2180e-01  0.0000e+00     1.7817e-01  0.0000e+00     4.2821e-02  0.0000e+00     1.8087e-02  0.0000e+00 
4.7394e-01     3.7782e-01  0.0000e+00     1.7906e-01  0.0000e+00     4.3036e-02  0.0000e+00     2.0396e-02  0.0000e+00 
5.3176e-01     2.6013e-01  0.0000e+00     1.3833e-01  0.0000e+00     3.3245e-02  0.0000e+00     1.7679e-02  0.0000e+00 
5.9665e-01     1.2905e-01  0.0000e+00     7.6997e-02  0.0000e+00     1.8505e-02  0.0000e+00     1.1041e-02  0.0000e+00 
6.6945e-01     2.0830e-01  0.0000e+00     1.3944e-01  0.0000e+00     3.3514e-02  0.0000e+00     2.2436e-02  0.0000e+00 
7.5114e-01     1.8028e-01  0.0000e+00     1.3542e-01  0.0000e+00     3.2546e-02  0.0000e+00     2.4446e-02  0.0000e+00 
8.4279e-01     9.2687e-02  0.0000e+00     7.8116e-02  0.0000e+00     1.8774e-02  0.0000e+00     1.5823e-02  0.0000e+00 
9.4563e-01     5.6097e-02  0.0000e+00     5.3047e-02  0.0000e+00     1.2749e-02  0.0000e+00     1.2056e-02  0.0000e+00 
1.0610e+00     4.5356e-02  0.0000e+00     4.8123e-02  0.0000e+00     1.1566e-02  0.0000e+00     1.2272e-02  0.0000e+00 
1.1905e+00     2.5194e-02  0.0000e+00     2.9993e-02  0.0000e+00     7.2085e-03  0.0000e+00     8.5815e-03  0.0000e+00 
1.3357e+00     1.2400e-02  0.0000e+00     1.6563e-02  0.0000e+00     3.9808e-03  0.0000e+00     5.3173e-03  0.0000e+00 
1.4987e+00     5.8245e-03  0.0000e+00     8.7293e-03  0.0000e+00     2.0980e-03  0.0000e+00     3.1443e-03  0.0000e+00 
1.6816e+00     2.7952e-03  0.0000e+00     4.7004e-03  0.0000e+00     1.1297e-03  0.0000e+00     1.8997e-03  0.0000e+00 
1.8868e+00     2.0167e-03  0.0000e+00     3.8051e-03  0.0000e+00     9.1451e-04  0.0000e+00     1.7255e-03  0.0000e+00 
2.1170e+00     9.5156e-04  0.0000e+00     2.0144e-03  0.0000e+00     4.8415e-04  0.0000e+00     1.0249e-03  0.0000e+00 
2.3753e+00     9.4231e-05  0.0000e+00     2.2383e-04  0.0000e+00     5.3795e-05  0.0000e+00     1.2778e-04  0.0000e+00 
2.6651e+00     1.6797e-04  0.0000e+00     4.4766e-04  0.0000e+00     1.0759e-04  0.0000e+00     2.8674e-04  0.0000e+00 
2.9903e+00     0.0000e+00  0.0000e+00     0.0000e+00  0.0000e+00     0.0000e+00  0.0000e+00     0.0000e+00  0.0000e+00 
3.3552e+00     0.0000e+00  0.0000e+00     0.0000e+00  0.0000e+00     0.0000e+00  0.0000e+00     0.0000e+00  0.0000e+00 
3.7646e+00     0.0000e+00  0.0000e+00     0.0000e+00  0.0000e+00     0.0000e+00  0.0000e+00     0.0000e+00  0.0000e+00 
4.2240e+00     0.0000e+00  0.0000e+00     0.0000e+00  0.0000e+00     0.0000e+00  0.0000e+00     0.0000e+00  0.0000e+00 
4.7394e+00     0.0000e+00  0.0000e+00     0.0000e+00  0.0000e+00     0.0000e+00  0.0000e+00     0.0000e+00  0.0000e+00 
5.3176e+00     0.0000e+00  0.0000e+00     0.0000e+00  0.0000e+00     0.0000e+00  0.0000e+00     0.0000e+00  0.0000e+00 
5.9665e+00     1.2421e-01  0.0000e+00     7.4109e-01  0.0000e+00     1.7811e-01  0.0000e+00     1.0627e+00  0.0000e+00 
6.6945e+00     2.2903e-02  0.0000e+00     1.5332e-01  0.0000e+00     3.6849e-02  0.0000e+00     2.4669e-01  0.0000e+00 
7.5114e+00     6.1385e-03  0.0000e+00     4.6109e-02  0.0000e+00     1.1082e-02  0.0000e+00     8.3239e-02  0.0000e+00 
8.4279e+00     2.5841e-02  0.0000e+00     2.1778e-01  0.0000e+00     5.2342e-02  0.0000e+00     4.4114e-01  0.0000e+00 
9.4563e+00     1.5291e-02  0.0000e+00     1.4459e-01  0.0000e+00     3.4751e-02  0.0000e+00     3.2862e-01  0.0000e+00 
1.0610e+01     2.4070e-02  0.0000e+00     2.5539e-01  0.0000e+00     6.1380e-02  0.0000e+00     6.5125e-01  0.0000e+00 
1.1905e+01     1.6621e-02  0.0000e+00     1.9786e-01  0.0000e+00     4.7555e-02  0.0000e+00     5.6612e-01  0.0000e+00 
1.3357e+01     1.1881e-02  0.0000e+00     1.5869e-01  0.0000e+00     3.8141e-02  0.0000e+00     5.0946e-01  0.0000e+00 
1.4987e+01     7.4972e-03  0.0000e+00     1.1236e-01  0.0000e+00     2.7005e-02  0.0000e+00     4.0473e-01  0.0000e+00 
1.6816e+01     4.1662e-03  0.0000e+00     7.0058e-02  0.0000e+00     1.6838e-02  0.0000e+00     2.8314e-01  0.0000e+00 
1.8868e+01     3.6419e-03  0.0000e+00     6.8715e-02  0.0000e+00     1.6515e-02  0.0000e+00     3.1160e-01  0.0000e+00 
2.1170e+01     3.5948e-03  0.0000e+00     7.6101e-02  0.0000e+00     1.8290e-02  0.0000e+00     3.8720e-01  0.0000e+00 
2.3753e+01     3.0531e-03  0.0000e+00     7.2520e-02  0.0000e+00     1.7430e-02  0.0000e+00     4.1400e-01  0.0000e+00 
2.6651e+01     2.1584e-03  0.0000e+00     5.7524e-02  0.0000e+00     1.3825e-02  0.0000e+00     3.6846e-01  0.0000e+00 
2.9903e+01     1.6317e-03  0.0000e+00     4.8794e-02  0.0000e+00     1.1727e-02  0.0000e+00     3.5068e-01  0.0000e+00 
3.3552e+01     1.1541e-03  0.0000e+00     3.8722e-02  0.0000e+00     9.3065e-03  0.0000e+00     3.1225e-01  0.0000e+00 
3.7646e+01     1.0167e-03  0.0000e+00     3.8275e-02  0.0000e+00     9.1989e-03  0.0000e+00     3.4630e-01  0.0000e+00 
4.2240e+01     6.5708e-04  0.0000e+00     2.7755e-02  0.0000e+00     6.6706e-03  0.0000e+00     2.8176e-01  0.0000e+00 
4.7394e+01     5.0061e-04  0.0000e+00     2.3726e-02  0.0000e+00     5.7023e-03  0.0000e+00     2.7025e-01  0.0000e+00 
5.3176e+01     2.6518e-04  0.0000e+00     1.4101e-02  0.0000e+00     3.3891e-03  0.0000e+00     1.8022e-01  0.0000e+00 
5.9665e+01     2.0633e-04  0.0000e+00     1.2311e-02  0.0000e+00     2.9587e-03  0.0000e+00     1.7653e-01  0.0000e+00 
6.6945e+01     9.6960e-05  0.0000e+00     6.4910e-03  0.0000e+00     1.5601e-03  0.0000e+00     1.0444e-01  0.0000e+00 
7.5114e+01     9.5355e-05  0.0000e+00     7.1625e-03  0.0000e+00     1.7214e-03  0.0000e+00     1.2930e-01  0.0000e+00 
8.4279e+01     3.9837e-05  0.0000e+00     3.3574e-03  0.0000e+00     8.0692e-04  0.0000e+00     6.8007e-02  0.0000e+00 
9.4563e+01     7.1009e-06  0.0000e+00     6.7148e-04  0.0000e+00     1.6138e-04  0.0000e+00     1.5261e-02  0.0000e+00 
1.0610e+02     4.2191e-06  0.0000e+00     4.4766e-04  0.0000e+00     1.0759e-04  0.0000e+00     1.1415e-02  0.0000e+00 
1.1905e+02     3.7603e-06  0.0000e+00     4.4766e-04  0.0000e+00     1.0759e-04  0.0000e+00     1.2808e-02  0.0000e+00 
1.3357e+02     0.0000e+00  0.0000e+00     0.0000e+00  0.0000e+00     0.0000e+00  0.0000e+00     0.0000e+00  0.0000e+00 
1.4987e+02     0.0000e+00  0.0000e+00     0.0000e+00  0.0000e+00     0.0000e+00  0.0000e+00     0.0000e+00  0.0000e+00 
1.6816e+02     0.0000e+00  0.0000e+00     0.0000e+00  0.0000e+00     0.0000e+00  0.0000e+00     0.0000e+00  0.0000e+00 
1.8868e+02     0.0000e+00  0.0000e+00     0.0000e+00  0.0000e+00     0.0000e+00  0.0000e+00     0.0000e+00  0.0000e+00 
2.1170e+02     0.0000e+00  0.0000e+00     0.0000e+00  0.0000e+00     0.0000e+00  0.0000e+00     0.0000e+00  0.0000e+00 
2.3753e+02     0.0000e+00  0.0000e+00     0.0000e+00  0.0000e+00     0.0000e+00  0.0000e+00     0.0000e+00  0.0000e+00 
2.6651e+02     0.0000e+00  0.0000e+00     0.0000e+00  0.0000e+00     0.0000e+00  0.0000e+00     0.0000e+00  0.0000e+00 
2.9903e+02     0.0000e+00  0.0000e+00     0.0000e+00  0.0000e+00     0.0000e+00  0.0000e+00     0.0000e+00  0.0000e+00 
3.3552e+02     0.0000e+00  0.0000e+00     0.0000e+00  0.0000e+00     0.0000e+00  0.0000e+00     0.0000e+00  0.0000e+00 
3.7646e+02     0.0000e+00  0.0000e+00     0.0000e+00  0.0000e+00     0.0000e+00  0.0000e+00     0.0000e+00  0.0000e+00 
4.2240e+02     0.0000e+00  0.0000e+00     0.0000e+00  0.0000e+00     0.0000e+00  0.0000e+00     0.0000e+00  0.0000e+00 
4.7394e+02     0.0000e+00  0.0000e+00     0.0000e+00  0.0000e+00     0.0000e+00  0.0000e+00     0.0000e+00  0.0000e+00 
5.3176e+02     0.0000e+00  0.0000e+00     0.0000e+00  0.0000e+00     0.0000e+00  0.0000e+00     0.0000e+00  0.0000e+00 
5.9665e+02     0.0000e+00  0.0000e+00     0.0000e+00  0.0000e+00     0.0000e+00  0.0000e+00     0.0000e+00  0.0000e+00 
6.6945e+02     0.0000e+00  0.0000e+00     0.0000e+00  0.0000e+00     0.0000e+00  0.0000e+00     0.0000e+00  0.0000e+00 
7.5114e+02     0.0000e+00  0.0000e+00     0.0000e+00  0.0000e+00     0.0000e+00  0.0000e+00     0.0000e+00  0.0000e+00 
8.4279e+02     0.0000e+00  0.0000e+00     0.0000e+00  0.0000e+00     0.0000e+00  0.0000e+00     0.0000e+00  0.0000e+00 
9.4563e+02     0.0000e+00  0.0000e+00     0.0000e+00  0.0000e+00     0.0000e+00  0.0000e+00     0.0000e+00  0.0000e+00 
1.0610e+03     0.0000e+00  0.0000e+00     0.0000e+00  0.0000e+00     0.0000e+00  0.0000e+00     0.0000e+00  0.0000e+00 
1.1905e+03     0.0000e+00  0.0000e+00     0.0000e+00  0.0000e+00     0.0000e+00  0.0000e+00     0.0000e+00  0.0000e+00 
1.3357e+03     0.0000e+00  0.0000e+00     0.0000e+00  0.0000e+00     0.0000e+00  0.0000e+00     0.0000e+00  0.0000e+00 
1.4987e+03     0.0000e+00  0.0000e+00     0.0000e+00  0.0000e+00     0.0000e+00  0.0000e+00     0.0000e+00  0.0000e+00 
1.6816e+03     0.0000e+00  0.0000e+00     0.0000e+00  0.0000e+00     0.0000e+00  0.0000e+00     0.0000e+00  0.0000e+00 
1.8868e+03     0.0000e+00  0.0000e+00     0.0000e+00  0.0000e+00     0.0000e+00  0.0000e+00     0.0000e+00  0.0000e+00 
2.1170e+03     0.0000e+00  0.0000e+00     0.0000e+00  0.0000e+00     0.0000e+00  0.0000e+00     0.0000e+00  0.0000e+00 
2.3753e+03     0.0000e+00  0.0000e+00     0.0000e+00  0.0000e+00     0.0000e+00  0.0000e+00     0.0000e+00  0.0000e+00 
2.6651e+03     0.0000e+00  0.0000e+00     0.0000e+00  0.0000e+00     0.0000e+00  0.0000e+00     0.0000e+00  0.0000e+00 
2.9903e+03     0.0000e+00  0.0000e+00     0.0000e+00  0.0000e+00     0.0000e+00  0.0000e+00     0.0000e+00  0.0000e+00 
3.3552e+03     0.0000e+00  0.0000e+00     0.0000e+00  0.0000e+00     0.0000e+00  0.0000e+00     0.0000e+00  0.0000e+00 
3.7646e+03     0.0000e+00  0.0000e+00     0.0000e+00  0.0000e+00     0.0000e+00  0.0000e+00     0.0000e+00  0.0000e+00 
4.2240e+03     0.0000e+00  0.0000e+00     0.0000e+00  0.0000e+00     0.0000e+00  0.0000e+00     0.0000e+00  0.0000e+00 
4.7394e+03     0.0000e+00  0.0000e+00     0.0000e+00  0.0000e+00     0.0000e+00  0.0000e+00     0.0000e+00  0.0000e+00 
5.3176e+03     0.0000e+00  0.0000e+00     0.0000e+00  0.0000e+00     0.0000e+00  0.0000e+00     0.0000e+00  0.0000e+00 
5.9665e+03     0.0000e+00  0.0000e+00     0.0000e+00  0.0000e+00     0.0000e+00  0.0000e+00     0.0000e+00  0.0000e+00 
6.6945e+03     0.0000e+00  0.0000e+00     0.0000e+00  0.0000e+00     0.0000e+00  0.0000e+00     0.0000e+00  0.0000e+00 
7.5114e+03     0.0000e+00  0.0000e+00     0.0000e+00  0.0000e+00     0.0000e+00  0.0000e+00     0.0000e+00  0.0000e+00 
8.4279e+03     0.0000e+00  0.0000e+00     0.0000e+00  0.0000e+00     0.0000e+00  0.0000e+00     0.0000e+00  0.0000e+00 
9.4563e+03     0.0000e+00  0.0000e+00     0.0000e+00  0.0000e+00     0.0000e+00  0.0000e+00     0.0000e+00  0.0000e+00 
