yF = 4.5189e+00 (std: 0.0000e+00) keV/um
yD = 2.2591e+01 (std: 0.0000e+00) keV/um
y (keV/um)     f(y)(std)                  yf(y)(std)                 d(y)(std)                  yd(y)(std)  
1.0610e-01     2.6194e+01  0.0000e+00     2.7792e+00  0.0000e+00     6.1501e-01  0.0000e+00     6.5253e-02  0.0000e+00 
1.1905e-01     1.9795e+00  0.0000e+00     2.3566e-01  0.0000e+00     5.2149e-02  0.0000e+00     6.2082e-03  0.0000e+00 
1.3357e-01     5.6167e-01  0.0000e+00     7.5024e-02  0.0000e+00     1.6602e-02  0.0000e+00     2.2176e-03  0.0000e+00 
1.4987e-01     2.9228e+00  0.0000e+00     4.3804e-01  0.0000e+00     9.6934e-02  0.0000e+00     1.4528e-02  0.0000e+00 
1.6816e-01     8.4732e-01  0.0000e+00     1.4248e-01  0.0000e+00     3.1530e-02  0.0000e+00     5.3021e-03  0.0000e+00 
1.8868e-01     5.9484e-01  0.0000e+00     1.1223e-01  0.0000e+00     2.4836e-02  0.0000e+00     4.6860e-03  0.0000e+00 
2.1170e-01     6.3018e-01  0.0000e+00     1.3341e-01  0.0000e+00     2.9522e-02  0.0000e+00     6.2498e-03  0.0000e+00 
2.3753e-01     5.6420e-01  0.0000e+00     1.3401e-01  0.0000e+00     2.9656e-02  0.0000e+00     7.0442e-03  0.0000e+00 
2.6651e-01     2.6561e-01  0.0000e+00     7.0788e-02  0.0000e+00     1.5665e-02  0.0000e+00     4.1749e-03  0.0000e+00 
2.9903e-01     2.4785e-01  0.0000e+00     7.4116e-02  0.0000e+00     1.6401e-02  0.0000e+00     4.9045e-03  0.0000e+00 
3.3552e-01     1.3434e+00  0.0000e+00     4.5075e-01  0.0000e+00     9.9746e-02  0.0000e+00     3.3467e-02  0.0000e+00 
3.7646e-01     8.7268e-01  0.0000e+00     3.2853e-01  0.0000e+00     7.2701e-02  0.0000e+00     2.7369e-02  0.0000e+00 
4.2240e-01     3.9820e-01  0.0000e+00     1.6820e-01  0.0000e+00     3.7221e-02  0.0000e+00     1.5722e-02  0.0000e+00 
4.7394e-01     3.8234e-01  0.0000e+00     1.8121e-01  0.0000e+00     4.0099e-02  0.0000e+00     1.9004e-02  0.0000e+00 
5.3176e-01     2.3552e-01  0.0000e+00     1.2524e-01  0.0000e+00     2.7715e-02  0.0000e+00     1.4738e-02  0.0000e+00 
5.9665e-01     1.2422e-01  0.0000e+00     7.4116e-02  0.0000e+00     1.6401e-02  0.0000e+00     9.7858e-03  0.0000e+00 
6.6945e-01     2.3227e-01  0.0000e+00     1.5549e-01  0.0000e+00     3.4409e-02  0.0000e+00     2.3035e-02  0.0000e+00 
7.5114e-01     1.6996e-01  0.0000e+00     1.2766e-01  0.0000e+00     2.8250e-02  0.0000e+00     2.1220e-02  0.0000e+00 
8.4279e-01     8.2198e-02  0.0000e+00     6.9276e-02  0.0000e+00     1.5330e-02  0.0000e+00     1.2920e-02  0.0000e+00 
9.4563e-01     5.5024e-02  0.0000e+00     5.2033e-02  0.0000e+00     1.1514e-02  0.0000e+00     1.0888e-02  0.0000e+00 
1.0610e+00     4.1627e-02  0.0000e+00     4.4167e-02  0.0000e+00     9.7738e-03  0.0000e+00     1.0370e-02  0.0000e+00 
1.1905e+00     1.8804e-02  0.0000e+00     2.2386e-02  0.0000e+00     4.9538e-03  0.0000e+00     5.8974e-03  0.0000e+00 
1.3357e+00     1.4268e-02  0.0000e+00     1.9058e-02  0.0000e+00     4.2174e-03  0.0000e+00     5.6334e-03  0.0000e+00 
1.4987e+00     6.0555e-03  0.0000e+00     9.0754e-03  0.0000e+00     2.0083e-03  0.0000e+00     3.0099e-03  0.0000e+00 
1.6816e+00     2.1588e-03  0.0000e+00     3.6302e-03  0.0000e+00     8.0332e-04  0.0000e+00     1.3509e-03  0.0000e+00 
1.8868e+00     1.2827e-03  0.0000e+00     2.4201e-03  0.0000e+00     5.3555e-04  0.0000e+00     1.0105e-03  0.0000e+00 
2.1170e+00     5.7159e-04  0.0000e+00     1.2101e-03  0.0000e+00     2.6777e-04  0.0000e+00     5.6688e-04  0.0000e+00 
2.3753e+00     1.2736e-04  0.0000e+00     3.0251e-04  0.0000e+00     6.6944e-05  0.0000e+00     1.5901e-04  0.0000e+00 
2.6651e+00     0.0000e+00  0.0000e+00     0.0000e+00  0.0000e+00     0.0000e+00  0.0000e+00     0.0000e+00  0.0000e+00 
2.9903e+00     0.0000e+00  0.0000e+00     0.0000e+00  0.0000e+00     0.0000e+00  0.0000e+00     0.0000e+00  0.0000e+00 
3.3552e+00     0.0000e+00  0.0000e+00     0.0000e+00  0.0000e+00     0.0000e+00  0.0000e+00     0.0000e+00  0.0000e+00 
3.7646e+00     0.0000e+00  0.0000e+00     0.0000e+00  0.0000e+00     0.0000e+00  0.0000e+00     0.0000e+00  0.0000e+00 
4.2240e+00     0.0000e+00  0.0000e+00     0.0000e+00  0.0000e+00     0.0000e+00  0.0000e+00     0.0000e+00  0.0000e+00 
4.7394e+00     0.0000e+00  0.0000e+00     0.0000e+00  0.0000e+00     0.0000e+00  0.0000e+00     0.0000e+00  0.0000e+00 
5.3176e+00     0.0000e+00  0.0000e+00     0.0000e+00  0.0000e+00     0.0000e+00  0.0000e+00     0.0000e+00  0.0000e+00 
5.9665e+00     1.0333e-01  0.0000e+00     6.1652e-01  0.0000e+00     1.3643e-01  0.0000e+00     8.1401e-01  0.0000e+00 
6.6945e+00     2.1826e-02  0.0000e+00     1.4611e-01  0.0000e+00     3.2334e-02  0.0000e+00     2.1646e-01  0.0000e+00 
7.5114e+00     6.6050e-03  0.0000e+00     4.9612e-02  0.0000e+00     1.0979e-02  0.0000e+00     8.2465e-02  0.0000e+00 
8.4279e+00     2.4803e-02  0.0000e+00     2.0904e-01  0.0000e+00     4.6258e-02  0.0000e+00     3.8986e-01  0.0000e+00 
9.4563e+00     1.7979e-02  0.0000e+00     1.7001e-01  0.0000e+00     3.7622e-02  0.0000e+00     3.5577e-01  0.0000e+00 
1.0610e+01     2.7742e-02  0.0000e+00     2.9435e-01  0.0000e+00     6.5136e-02  0.0000e+00     6.9110e-01  0.0000e+00 
1.1905e+01     1.8093e-02  0.0000e+00     2.1539e-01  0.0000e+00     4.7664e-02  0.0000e+00     5.6742e-01  0.0000e+00 
1.3357e+01     1.3906e-02  0.0000e+00     1.8574e-01  0.0000e+00     4.1103e-02  0.0000e+00     5.4903e-01  0.0000e+00 
1.4987e+01     8.6593e-03  0.0000e+00     1.2978e-01  0.0000e+00     2.8719e-02  0.0000e+00     4.3041e-01  0.0000e+00 
1.6816e+01     5.1811e-03  0.0000e+00     8.7124e-02  0.0000e+00     1.9280e-02  0.0000e+00     3.2421e-01  0.0000e+00 
1.8868e+01     4.1366e-03  0.0000e+00     7.8049e-02  0.0000e+00     1.7271e-02  0.0000e+00     3.2587e-01  0.0000e+00 
2.1170e+01     3.8868e-03  0.0000e+00     8.2284e-02  0.0000e+00     1.8209e-02  0.0000e+00     3.8548e-01  0.0000e+00 
2.3753e+01     3.4896e-03  0.0000e+00     8.2889e-02  0.0000e+00     1.8343e-02  0.0000e+00     4.3569e-01  0.0000e+00 
2.6651e+01     2.4631e-03  0.0000e+00     6.5646e-02  0.0000e+00     1.4527e-02  0.0000e+00     3.8716e-01  0.0000e+00 
2.9903e+01     1.6287e-03  0.0000e+00     4.8705e-02  0.0000e+00     1.0778e-02  0.0000e+00     3.2230e-01  0.0000e+00 
3.3552e+01     1.4246e-03  0.0000e+00     4.7797e-02  0.0000e+00     1.0577e-02  0.0000e+00     3.5488e-01  0.0000e+00 
3.7646e+01     1.0607e-03  0.0000e+00     3.9932e-02  0.0000e+00     8.8366e-03  0.0000e+00     3.3266e-01  0.0000e+00 
4.2240e+01     8.0929e-04  0.0000e+00     3.4184e-02  0.0000e+00     7.5646e-03  0.0000e+00     3.1953e-01  0.0000e+00 
4.7394e+01     6.0639e-04  0.0000e+00     2.8739e-02  0.0000e+00     6.3596e-03  0.0000e+00     3.0141e-01  0.0000e+00 
5.3176e+01     3.0720e-04  0.0000e+00     1.6336e-02  0.0000e+00     3.6150e-03  0.0000e+00     1.9223e-01  0.0000e+00 
5.9665e+01     2.7886e-04  0.0000e+00     1.6638e-02  0.0000e+00     3.6819e-03  0.0000e+00     2.1968e-01  0.0000e+00 
6.6945e+01     1.2653e-04  0.0000e+00     8.4704e-03  0.0000e+00     1.8744e-03  0.0000e+00     1.2548e-01  0.0000e+00 
7.5114e+01     8.8603e-05  0.0000e+00     6.6553e-03  0.0000e+00     1.4728e-03  0.0000e+00     1.1062e-01  0.0000e+00 
8.4279e+01     1.7947e-05  0.0000e+00     1.5126e-03  0.0000e+00     3.3472e-04  0.0000e+00     2.8210e-02  0.0000e+00 
9.4563e+01     2.5593e-05  0.0000e+00     2.4201e-03  0.0000e+00     5.3555e-04  0.0000e+00     5.0643e-02  0.0000e+00 
1.0610e+02     8.5536e-06  0.0000e+00     9.0754e-04  0.0000e+00     2.0083e-04  0.0000e+00     2.1308e-02  0.0000e+00 
1.1905e+02     5.0823e-06  0.0000e+00     6.0503e-04  0.0000e+00     1.3389e-04  0.0000e+00     1.5939e-02  0.0000e+00 
1.3357e+02     2.2648e-06  0.0000e+00     3.0251e-04  0.0000e+00     6.6944e-05  0.0000e+00     8.9419e-03  0.0000e+00 
1.4987e+02     0.0000e+00  0.0000e+00     0.0000e+00  0.0000e+00     0.0000e+00  0.0000e+00     0.0000e+00  0.0000e+00 
1.6816e+02     0.0000e+00  0.0000e+00     0.0000e+00  0.0000e+00     0.0000e+00  0.0000e+00     0.0000e+00  0.0000e+00 
1.8868e+02     0.0000e+00  0.0000e+00     0.0000e+00  0.0000e+00     0.0000e+00  0.0000e+00     0.0000e+00  0.0000e+00 
2.1170e+02     0.0000e+00  0.0000e+00     0.0000e+00  0.0000e+00     0.0000e+00  0.0000e+00     0.0000e+00  0.0000e+00 
2.3753e+02     0.0000e+00  0.0000e+00     0.0000e+00  0.0000e+00     0.0000e+00  0.0000e+00     0.0000e+00  0.0000e+00 
2.6651e+02     0.0000e+00  0.0000e+00     0.0000e+00  0.0000e+00     0.0000e+00  0.0000e+00     0.0000e+00  0.0000e+00 
2.9903e+02     0.0000e+00  0.0000e+00     0.0000e+00  0.0000e+00     0.0000e+00  0.0000e+00     0.0000e+00  0.0000e+00 
3.3552e+02     0.0000e+00  0.0000e+00     0.0000e+00  0.0000e+00     0.0000e+00  0.0000e+00     0.0000e+00  0.0000e+00 
3.7646e+02     0.0000e+00  0.0000e+00     0.0000e+00  0.0000e+00     0.0000e+00  0.0000e+00     0.0000e+00  0.0000e+00 
4.2240e+02     0.0000e+00  0.0000e+00     0.0000e+00  0.0000e+00     0.0000e+00  0.0000e+00     0.0000e+00  0.0000e+00 
4.7394e+02     0.0000e+00  0.0000e+00     0.0000e+00  0.0000e+00     0.0000e+00  0.0000e+00     0.0000e+00  0.0000e+00 
5.3176e+02     0.0000e+00  0.0000e+00     0.0000e+00  0.0000e+00     0.0000e+00  0.0000e+00     0.0000e+00  0.0000e+00 
5.9665e+02     0.0000e+00  0.0000e+00     0.0000e+00  0.0000e+00     0.0000e+00  0.0000e+00     0.0000e+00  0.0000e+00 
6.6945e+02     0.0000e+00  0.0000e+00     0.0000e+00  0.0000e+00     0.0000e+00  0.0000e+00     0.0000e+00  0.0000e+00 
7.5114e+02     0.0000e+00  0.0000e+00     0.0000e+00  0.0000e+00     0.0000e+00  0.0000e+00     0.0000e+00  0.0000e+00 
8.4279e+02     0.0000e+00  0.0000e+00     0.0000e+00  0.0000e+00     0.0000e+00  0.0000e+00     0.0000e+00  0.0000e+00 
9.4563e+02     0.0000e+00  0.0000e+00     0.0000e+00  0.0000e+00     0.0000e+00  0.0000e+00     0.0000e+00  0.0000e+00 
1.0610e+03     0.0000e+00  0.0000e+00     0.0000e+00  0.0000e+00     0.0000e+00  0.0000e+00     0.0000e+00  0.0000e+00 
1.1905e+03     0.0000e+00  0.0000e+00     0.0000e+00  0.0000e+00     0.0000e+00  0.0000e+00     0.0000e+00  0.0000e+00 
1.3357e+03     0.0000e+00  0.0000e+00     0.0000e+00  0.0000e+00     0.0000e+00  0.0000e+00     0.0000e+00  0.0000e+00 
1.4987e+03     0.0000e+00  0.0000e+00     0.0000e+00  0.0000e+00     0.0000e+00  0.0000e+00     0.0000e+00  0.0000e+00 
1.6816e+03     0.0000e+00  0.0000e+00     0.0000e+00  0.0000e+00     0.0000e+00  0.0000e+00     0.0000e+00  0.0000e+00 
1.8868e+03     0.0000e+00  0.0000e+00     0.0000e+00  0.0000e+00     0.0000e+00  0.0000e+00     0.0000e+00  0.0000e+00 
2.1170e+03     0.0000e+00  0.0000e+00     0.0000e+00  0.0000e+00     0.0000e+00  0.0000e+00     0.0000e+00  0.0000e+00 
2.3753e+03     0.0000e+00  0.0000e+00     0.0000e+00  0.0000e+00     0.0000e+00  0.0000e+00     0.0000e+00  0.0000e+00 
2.6651e+03     0.0000e+00  0.0000e+00     0.0000e+00  0.0000e+00     0.0000e+00  0.0000e+00     0.0000e+00  0.0000e+00 
2.9903e+03     0.0000e+00  0.0000e+00     0.0000e+00  0.0000e+00     0.0000e+00  0.0000e+00     0.0000e+00  0.0000e+00 
3.3552e+03     0.0000e+00  0.0000e+00     0.0000e+00  0.0000e+00     0.0000e+00  0.0000e+00     0.0000e+00  0.0000e+00 
3.7646e+03     0.0000e+00  0.0000e+00     0.0000e+00  0.0000e+00     0.0000e+00  0.0000e+00     0.0000e+00  0.0000e+00 
4.2240e+03     0.0000e+00  0.0000e+00     0.0000e+00  0.0000e+00     0.0000e+00  0.0000e+00     0.0000e+00  0.0000e+00 
4.7394e+03     0.0000e+00  0.0000e+00     0.0000e+00  0.0000e+00     0.0000e+00  0.0000e+00     0.0000e+00  0.0000e+00 
5.3176e+03     0.0000e+00  0.0000e+00     0.0000e+00  0.0000e+00     0.0000e+00  0.0000e+00     0.0000e+00  0.0000e+00 
5.9665e+03     0.0000e+00  0.0000e+00     0.0000e+00  0.0000e+00     0.0000e+00  0.0000e+00     0.0000e+00  0.0000e+00 
6.6945e+03     0.0000e+00  0.0000e+00     0.0000e+00  0.0000e+00     0.0000e+00  0.0000e+00     0.0000e+00  0.0000e+00 
7.5114e+03     0.0000e+00  0.0000e+00     0.0000e+00  0.0000e+00     0.0000e+00  0.0000e+00     0.0000e+00  0.0000e+00 
8.4279e+03     0.0000e+00  0.0000e+00     0.0000e+00  0.0000e+00     0.0000e+00  0.0000e+00     0.0000e+00  0.0000e+00 
9.4563e+03     0.0000e+00  0.0000e+00     0.0000e+00  0.0000e+00     0.0000e+00  0.0000e+00     0.0000e+00  0.0000e+00 
