yF = 1.5756e+01 (std: 0.0000e+00) keV/um
yD = 3.6786e+01 (std: 0.0000e+00) keV/um
y (keV/um)     f(y)(std)                  yf(y)(std)                 d(y)(std)                  yd(y)(std)  
1.0610e-01     7.7336e+00  0.0000e+00     8.2054e-01  0.0000e+00     5.2077e-02  0.0000e+00     5.5254e-03  0.0000e+00 
1.1905e-01     8.3828e-01  0.0000e+00     9.9795e-02  0.0000e+00     6.3337e-03  0.0000e+00     7.5401e-04  0.0000e+00 
1.3357e-01     3.7009e-01  0.0000e+00     4.9433e-02  0.0000e+00     3.1374e-03  0.0000e+00     4.1907e-04  0.0000e+00 
1.4987e-01     1.0806e+00  0.0000e+00     1.6195e-01  0.0000e+00     1.0278e-02  0.0000e+00     1.5404e-03  0.0000e+00 
1.6816e-01     4.9351e-01  0.0000e+00     8.2988e-02  0.0000e+00     5.2670e-03  0.0000e+00     8.8569e-04  0.0000e+00 
1.8868e-01     4.0017e-01  0.0000e+00     7.5503e-02  0.0000e+00     4.7920e-03  0.0000e+00     9.0413e-04  0.0000e+00 
2.1170e-01     4.0745e-01  0.0000e+00     8.6257e-02  0.0000e+00     5.4745e-03  0.0000e+00     1.1589e-03  0.0000e+00 
2.3753e-01     3.8792e-01  0.0000e+00     9.2142e-02  0.0000e+00     5.8480e-03  0.0000e+00     1.3891e-03  0.0000e+00 
2.6651e-01     2.4117e-01  0.0000e+00     6.4275e-02  0.0000e+00     4.0794e-03  0.0000e+00     1.0872e-03  0.0000e+00 
2.9903e-01     2.1144e-01  0.0000e+00     6.3229e-02  0.0000e+00     4.0129e-03  0.0000e+00     1.2000e-03  0.0000e+00 
3.3552e-01     4.8615e-01  0.0000e+00     1.6311e-01  0.0000e+00     1.0352e-02  0.0000e+00     3.4734e-03  0.0000e+00 
3.7646e-01     4.1995e-01  0.0000e+00     1.5810e-01  0.0000e+00     1.0034e-02  0.0000e+00     3.7774e-03  0.0000e+00 
4.2240e-01     2.7018e-01  0.0000e+00     1.1412e-01  0.0000e+00     7.2431e-03  0.0000e+00     3.0594e-03  0.0000e+00 
4.7394e-01     2.7191e-01  0.0000e+00     1.2887e-01  0.0000e+00     8.1788e-03  0.0000e+00     3.8762e-03  0.0000e+00 
5.3176e-01     2.2611e-01  0.0000e+00     1.2024e-01  0.0000e+00     7.6310e-03  0.0000e+00     4.0579e-03  0.0000e+00 
5.9665e-01     1.5190e-01  0.0000e+00     9.0631e-02  0.0000e+00     5.7521e-03  0.0000e+00     3.4320e-03  0.0000e+00 
6.6945e-01     1.4833e-01  0.0000e+00     9.9301e-02  0.0000e+00     6.3024e-03  0.0000e+00     4.2191e-03  0.0000e+00 
7.5114e-01     1.4565e-01  0.0000e+00     1.0940e-01  0.0000e+00     6.9435e-03  0.0000e+00     5.2155e-03  0.0000e+00 
8.4279e-01     9.9921e-02  0.0000e+00     8.4213e-02  0.0000e+00     5.3447e-03  0.0000e+00     4.5045e-03  0.0000e+00 
9.4563e-01     7.2879e-02  0.0000e+00     6.8917e-02  0.0000e+00     4.3739e-03  0.0000e+00     4.1361e-03  0.0000e+00 
1.0610e+00     5.5293e-02  0.0000e+00     5.8666e-02  0.0000e+00     3.7234e-03  0.0000e+00     3.9505e-03  0.0000e+00 
1.1905e+00     3.7642e-02  0.0000e+00     4.4812e-02  0.0000e+00     2.8441e-03  0.0000e+00     3.3858e-03  0.0000e+00 
1.3357e+00     2.4426e-02  0.0000e+00     3.2626e-02  0.0000e+00     2.0707e-03  0.0000e+00     2.7659e-03  0.0000e+00 
1.4987e+00     1.5398e-02  0.0000e+00     2.3078e-02  0.0000e+00     1.4647e-03  0.0000e+00     2.1951e-03  0.0000e+00 
1.6816e+00     9.2313e-03  0.0000e+00     1.5523e-02  0.0000e+00     9.8521e-04  0.0000e+00     1.6567e-03  0.0000e+00 
1.8868e+00     4.9249e-03  0.0000e+00     9.2922e-03  0.0000e+00     5.8975e-04  0.0000e+00     1.1127e-03  0.0000e+00 
2.1170e+00     2.4815e-03  0.0000e+00     5.2534e-03  0.0000e+00     3.3342e-04  0.0000e+00     7.0584e-04  0.0000e+00 
2.3753e+00     9.3123e-04  0.0000e+00     2.2120e-03  0.0000e+00     1.4039e-04  0.0000e+00     3.3346e-04  0.0000e+00 
2.6651e+00     4.1498e-04  0.0000e+00     1.1060e-03  0.0000e+00     7.0193e-05  0.0000e+00     1.8707e-04  0.0000e+00 
2.9903e+00     1.2549e-04  0.0000e+00     3.7524e-04  0.0000e+00     2.3816e-05  0.0000e+00     7.1217e-05  0.0000e+00 
3.3552e+00     6.7692e-05  0.0000e+00     2.2712e-04  0.0000e+00     1.4415e-05  0.0000e+00     4.8364e-05  0.0000e+00 
3.7646e+00     1.5738e-05  0.0000e+00     5.9249e-05  0.0000e+00     3.7604e-06  0.0000e+00     1.4156e-05  0.0000e+00 
4.2240e+00     0.0000e+00  0.0000e+00     0.0000e+00  0.0000e+00     0.0000e+00  0.0000e+00     0.0000e+00  0.0000e+00 
4.7394e+00     0.0000e+00  0.0000e+00     0.0000e+00  0.0000e+00     0.0000e+00  0.0000e+00     0.0000e+00  0.0000e+00 
5.3176e+00     1.8570e-06  0.0000e+00     9.8748e-06  0.0000e+00     6.2673e-07  0.0000e+00     3.3327e-06  0.0000e+00 
5.9665e+00     4.9723e-02  0.0000e+00     2.9667e-01  0.0000e+00     1.8829e-02  0.0000e+00     1.1234e-01  0.0000e+00 
6.6945e+00     2.8621e-02  0.0000e+00     1.9160e-01  0.0000e+00     1.2160e-02  0.0000e+00     8.1408e-02  0.0000e+00 
7.5114e+00     8.6254e-03  0.0000e+00     6.4789e-02  0.0000e+00     4.1120e-03  0.0000e+00     3.0886e-02  0.0000e+00 
8.4279e+00     3.6801e-02  0.0000e+00     3.1016e-01  0.0000e+00     1.9685e-02  0.0000e+00     1.6590e-01  0.0000e+00 
9.4563e+00     2.8716e-02  0.0000e+00     2.7155e-01  0.0000e+00     1.7234e-02  0.0000e+00     1.6297e-01  0.0000e+00 
1.0610e+01     4.0501e-02  0.0000e+00     4.2972e-01  0.0000e+00     2.7273e-02  0.0000e+00     2.8937e-01  0.0000e+00 
1.1905e+01     3.2164e-02  0.0000e+00     3.8291e-01  0.0000e+00     2.4302e-02  0.0000e+00     2.8931e-01  0.0000e+00 
1.3357e+01     2.7042e-02  0.0000e+00     3.6120e-01  0.0000e+00     2.2924e-02  0.0000e+00     3.0621e-01  0.0000e+00 
1.4987e+01     1.9247e-02  0.0000e+00     2.8846e-01  0.0000e+00     1.8308e-02  0.0000e+00     2.7438e-01  0.0000e+00 
1.6816e+01     1.5656e-02  0.0000e+00     2.6327e-01  0.0000e+00     1.6709e-02  0.0000e+00     2.8098e-01  0.0000e+00 
1.8868e+01     1.6568e-02  0.0000e+00     3.1261e-01  0.0000e+00     1.9840e-02  0.0000e+00     3.7434e-01  0.0000e+00 
2.1170e+01     1.5421e-02  0.0000e+00     3.2645e-01  0.0000e+00     2.0719e-02  0.0000e+00     4.3862e-01  0.0000e+00 
2.3753e+01     1.4195e-02  0.0000e+00     3.3717e-01  0.0000e+00     2.1399e-02  0.0000e+00     5.0829e-01  0.0000e+00 
2.6651e+01     1.1192e-02  0.0000e+00     2.9827e-01  0.0000e+00     1.8930e-02  0.0000e+00     5.0452e-01  0.0000e+00 
2.9903e+01     9.0053e-03  0.0000e+00     2.6929e-01  0.0000e+00     1.7091e-02  0.0000e+00     5.1107e-01  0.0000e+00 
3.3552e+01     7.8517e-03  0.0000e+00     2.6344e-01  0.0000e+00     1.6720e-02  0.0000e+00     5.6098e-01  0.0000e+00 
3.7646e+01     6.2503e-03  0.0000e+00     2.3530e-01  0.0000e+00     1.4934e-02  0.0000e+00     5.6219e-01  0.0000e+00 
4.2240e+01     4.7385e-03  0.0000e+00     2.0015e-01  0.0000e+00     1.2703e-02  0.0000e+00     5.3657e-01  0.0000e+00 
4.7394e+01     3.7336e-03  0.0000e+00     1.7695e-01  0.0000e+00     1.1230e-02  0.0000e+00     5.3224e-01  0.0000e+00 
5.3176e+01     2.6516e-03  0.0000e+00     1.4100e-01  0.0000e+00     8.9490e-03  0.0000e+00     4.7588e-01  0.0000e+00 
5.9665e+01     1.9109e-03  0.0000e+00     1.1401e-01  0.0000e+00     7.2362e-03  0.0000e+00     4.3175e-01  0.0000e+00 
6.6945e+01     1.2556e-03  0.0000e+00     8.4055e-02  0.0000e+00     5.3347e-03  0.0000e+00     3.5713e-01  0.0000e+00 
7.5114e+01     8.0588e-04  0.0000e+00     6.0533e-02  0.0000e+00     3.8418e-03  0.0000e+00     2.8857e-01  0.0000e+00 
8.4279e+01     4.7137e-04  0.0000e+00     3.9726e-02  0.0000e+00     2.5213e-03  0.0000e+00     2.1249e-01  0.0000e+00 
9.4563e+01     2.5637e-04  0.0000e+00     2.4243e-02  0.0000e+00     1.5386e-03  0.0000e+00     1.4550e-01  0.0000e+00 
1.0610e+02     1.2825e-04  0.0000e+00     1.3608e-02  0.0000e+00     8.6363e-04  0.0000e+00     9.1632e-02  0.0000e+00 
1.1905e+02     6.0138e-05  0.0000e+00     7.1593e-03  0.0000e+00     4.5438e-04  0.0000e+00     5.4092e-02  0.0000e+00 
1.3357e+02     2.2105e-05  0.0000e+00     2.9526e-03  0.0000e+00     1.8739e-04  0.0000e+00     2.5030e-02  0.0000e+00 
1.4987e+02     9.1585e-06  0.0000e+00     1.3726e-03  0.0000e+00     8.7115e-05  0.0000e+00     1.3056e-02  0.0000e+00 
1.6816e+02     2.6426e-06  0.0000e+00     4.4437e-04  0.0000e+00     2.8203e-05  0.0000e+00     4.7425e-03  0.0000e+00 
1.8868e+02     6.2805e-07  0.0000e+00     1.1850e-04  0.0000e+00     7.5207e-06  0.0000e+00     1.4190e-03  0.0000e+00 
2.1170e+02     1.3994e-07  0.0000e+00     2.9625e-05  0.0000e+00     1.8802e-06  0.0000e+00     3.9803e-04  0.0000e+00 
2.3753e+02     4.1573e-08  0.0000e+00     9.8748e-06  0.0000e+00     6.2673e-07  0.0000e+00     1.4887e-04  0.0000e+00 
2.6651e+02     0.0000e+00  0.0000e+00     0.0000e+00  0.0000e+00     0.0000e+00  0.0000e+00     0.0000e+00  0.0000e+00 
2.9903e+02     0.0000e+00  0.0000e+00     0.0000e+00  0.0000e+00     0.0000e+00  0.0000e+00     0.0000e+00  0.0000e+00 
3.3552e+02     0.0000e+00  0.0000e+00     0.0000e+00  0.0000e+00     0.0000e+00  0.0000e+00     0.0000e+00  0.0000e+00 
3.7646e+02     0.0000e+00  0.0000e+00     0.0000e+00  0.0000e+00     0.0000e+00  0.0000e+00     0.0000e+00  0.0000e+00 
4.2240e+02     0.0000e+00  0.0000e+00     0.0000e+00  0.0000e+00     0.0000e+00  0.0000e+00     0.0000e+00  0.0000e+00 
4.7394e+02     0.0000e+00  0.0000e+00     0.0000e+00  0.0000e+00     0.0000e+00  0.0000e+00     0.0000e+00  0.0000e+00 
5.3176e+02     0.0000e+00  0.0000e+00     0.0000e+00  0.0000e+00     0.0000e+00  0.0000e+00     0.0000e+00  0.0000e+00 
5.9665e+02     0.0000e+00  0.0000e+00     0.0000e+00  0.0000e+00     0.0000e+00  0.0000e+00     0.0000e+00  0.0000e+00 
6.6945e+02     0.0000e+00  0.0000e+00     0.0000e+00  0.0000e+00     0.0000e+00  0.0000e+00     0.0000e+00  0.0000e+00 
7.5114e+02     0.0000e+00  0.0000e+00     0.0000e+00  0.0000e+00     0.0000e+00  0.0000e+00     0.0000e+00  0.0000e+00 
8.4279e+02     0.0000e+00  0.0000e+00     0.0000e+00  0.0000e+00     0.0000e+00  0.0000e+00     0.0000e+00  0.0000e+00 
9.4563e+02     0.0000e+00  0.0000e+00     0.0000e+00  0.0000e+00     0.0000e+00  0.0000e+00     0.0000e+00  0.0000e+00 
1.0610e+03     0.0000e+00  0.0000e+00     0.0000e+00  0.0000e+00     0.0000e+00  0.0000e+00     0.0000e+00  0.0000e+00 
1.1905e+03     0.0000e+00  0.0000e+00     0.0000e+00  0.0000e+00     0.0000e+00  0.0000e+00     0.0000e+00  0.0000e+00 
1.3357e+03     0.0000e+00  0.0000e+00     0.0000e+00  0.0000e+00     0.0000e+00  0.0000e+00     0.0000e+00  0.0000e+00 
1.4987e+03     0.0000e+00  0.0000e+00     0.0000e+00  0.0000e+00     0.0000e+00  0.0000e+00     0.0000e+00  0.0000e+00 
1.6816e+03     0.0000e+00  0.0000e+00     0.0000e+00  0.0000e+00     0.0000e+00  0.0000e+00     0.0000e+00  0.0000e+00 
1.8868e+03     0.0000e+00  0.0000e+00     0.0000e+00  0.0000e+00     0.0000e+00  0.0000e+00     0.0000e+00  0.0000e+00 
2.1170e+03     0.0000e+00  0.0000e+00     0.0000e+00  0.0000e+00     0.0000e+00  0.0000e+00     0.0000e+00  0.0000e+00 
2.3753e+03     0.0000e+00  0.0000e+00     0.0000e+00  0.0000e+00     0.0000e+00  0.0000e+00     0.0000e+00  0.0000e+00 
2.6651e+03     0.0000e+00  0.0000e+00     0.0000e+00  0.0000e+00     0.0000e+00  0.0000e+00     0.0000e+00  0.0000e+00 
2.9903e+03     0.0000e+00  0.0000e+00     0.0000e+00  0.0000e+00     0.0000e+00  0.0000e+00     0.0000e+00  0.0000e+00 
3.3552e+03     0.0000e+00  0.0000e+00     0.0000e+00  0.0000e+00     0.0000e+00  0.0000e+00     0.0000e+00  0.0000e+00 
3.7646e+03     0.0000e+00  0.0000e+00     0.0000e+00  0.0000e+00     0.0000e+00  0.0000e+00     0.0000e+00  0.0000e+00 
4.2240e+03     0.0000e+00  0.0000e+00     0.0000e+00  0.0000e+00     0.0000e+00  0.0000e+00     0.0000e+00  0.0000e+00 
4.7394e+03     0.0000e+00  0.0000e+00     0.0000e+00  0.0000e+00     0.0000e+00  0.0000e+00     0.0000e+00  0.0000e+00 
5.3176e+03     0.0000e+00  0.0000e+00     0.0000e+00  0.0000e+00     0.0000e+00  0.0000e+00     0.0000e+00  0.0000e+00 
5.9665e+03     0.0000e+00  0.0000e+00     0.0000e+00  0.0000e+00     0.0000e+00  0.0000e+00     0.0000e+00  0.0000e+00 
6.6945e+03     0.0000e+00  0.0000e+00     0.0000e+00  0.0000e+00     0.0000e+00  0.0000e+00     0.0000e+00  0.0000e+00 
7.5114e+03     0.0000e+00  0.0000e+00     0.0000e+00  0.0000e+00     0.0000e+00  0.0000e+00     0.0000e+00  0.0000e+00 
8.4279e+03     0.0000e+00  0.0000e+00     0.0000e+00  0.0000e+00     0.0000e+00  0.0000e+00     0.0000e+00  0.0000e+00 
9.4563e+03     0.0000e+00  0.0000e+00     0.0000e+00  0.0000e+00     0.0000e+00  0.0000e+00     0.0000e+00  0.0000e+00 
