yF = 1.9419e+01 (std: 0.0000e+00) keV/um
yD = 4.1556e+01 (std: 0.0000e+00) keV/um
y (keV/um)     f(y)(std)                  yf(y)(std)                 d(y)(std)                  yd(y)(std)  
1.0610e-01     5.6837e+00  0.0000e+00     6.0304e-01  0.0000e+00     3.1054e-02  0.0000e+00     3.2948e-03  0.0000e+00 
1.1905e-01     6.3380e-01  0.0000e+00     7.5452e-02  0.0000e+00     3.8854e-03  0.0000e+00     4.6255e-04  0.0000e+00 
1.3357e-01     3.0048e-01  0.0000e+00     4.0136e-02  0.0000e+00     2.0668e-03  0.0000e+00     2.7607e-04  0.0000e+00 
1.4987e-01     8.2446e-01  0.0000e+00     1.2356e-01  0.0000e+00     6.3629e-03  0.0000e+00     9.5362e-04  0.0000e+00 
1.6816e-01     3.9976e-01  0.0000e+00     6.7224e-02  0.0000e+00     3.4617e-03  0.0000e+00     5.8211e-04  0.0000e+00 
1.8868e-01     3.3982e-01  0.0000e+00     6.4117e-02  0.0000e+00     3.3017e-03  0.0000e+00     6.2295e-04  0.0000e+00 
2.1170e-01     3.4151e-01  0.0000e+00     7.2298e-02  0.0000e+00     3.7230e-03  0.0000e+00     7.8816e-04  0.0000e+00 
2.3753e-01     3.2875e-01  0.0000e+00     7.8089e-02  0.0000e+00     4.0212e-03  0.0000e+00     9.5515e-04  0.0000e+00 
2.6651e-01     2.1401e-01  0.0000e+00     5.7036e-02  0.0000e+00     2.9371e-03  0.0000e+00     7.8277e-04  0.0000e+00 
2.9903e-01     1.8255e-01  0.0000e+00     5.4589e-02  0.0000e+00     2.8110e-03  0.0000e+00     8.4059e-04  0.0000e+00 
3.3552e-01     3.8578e-01  0.0000e+00     1.2944e-01  0.0000e+00     6.6654e-03  0.0000e+00     2.2364e-03  0.0000e+00 
3.7646e-01     3.4806e-01  0.0000e+00     1.3103e-01  0.0000e+00     6.7474e-03  0.0000e+00     2.5401e-03  0.0000e+00 
4.2240e-01     2.3050e-01  0.0000e+00     9.7361e-02  0.0000e+00     5.0136e-03  0.0000e+00     2.1177e-03  0.0000e+00 
4.7394e-01     2.3231e-01  0.0000e+00     1.1010e-01  0.0000e+00     5.6696e-03  0.0000e+00     2.6870e-03  0.0000e+00 
5.3176e-01     2.0143e-01  0.0000e+00     1.0712e-01  0.0000e+00     5.5159e-03  0.0000e+00     2.9332e-03  0.0000e+00 
5.9665e-01     1.4046e-01  0.0000e+00     8.3803e-02  0.0000e+00     4.3155e-03  0.0000e+00     2.5748e-03  0.0000e+00 
6.6945e-01     1.3106e-01  0.0000e+00     8.7739e-02  0.0000e+00     4.5181e-03  0.0000e+00     3.0247e-03  0.0000e+00 
7.5114e-01     1.3309e-01  0.0000e+00     9.9969e-02  0.0000e+00     5.1479e-03  0.0000e+00     3.8668e-03  0.0000e+00 
8.4279e-01     9.3113e-02  0.0000e+00     7.8475e-02  0.0000e+00     4.0410e-03  0.0000e+00     3.4058e-03  0.0000e+00 
9.4563e-01     7.1348e-02  0.0000e+00     6.7468e-02  0.0000e+00     3.4743e-03  0.0000e+00     3.2854e-03  0.0000e+00 
1.0610e+00     5.3899e-02  0.0000e+00     5.7187e-02  0.0000e+00     2.9449e-03  0.0000e+00     3.1245e-03  0.0000e+00 
1.1905e+00     3.8579e-02  0.0000e+00     4.5927e-02  0.0000e+00     2.3650e-03  0.0000e+00     2.8155e-03  0.0000e+00 
1.3357e+00     2.5586e-02  0.0000e+00     3.4177e-02  0.0000e+00     1.7599e-03  0.0000e+00     2.3508e-03  0.0000e+00 
1.4987e+00     1.5856e-02  0.0000e+00     2.3764e-02  0.0000e+00     1.2237e-03  0.0000e+00     1.8340e-03  0.0000e+00 
1.6816e+00     9.3838e-03  0.0000e+00     1.5780e-02  0.0000e+00     8.1257e-04  0.0000e+00     1.3664e-03  0.0000e+00 
1.8868e+00     5.4242e-03  0.0000e+00     1.0234e-02  0.0000e+00     5.2701e-04  0.0000e+00     9.9435e-04  0.0000e+00 
2.1170e+00     2.9086e-03  0.0000e+00     6.1575e-03  0.0000e+00     3.1708e-04  0.0000e+00     6.7125e-04  0.0000e+00 
2.3753e+00     1.2605e-03  0.0000e+00     2.9940e-03  0.0000e+00     1.5418e-04  0.0000e+00     3.6621e-04  0.0000e+00 
2.6651e+00     5.3697e-04  0.0000e+00     1.4311e-03  0.0000e+00     7.3694e-05  0.0000e+00     1.9640e-04  0.0000e+00 
2.9903e+00     1.5113e-04  0.0000e+00     4.5192e-04  0.0000e+00     2.3272e-05  0.0000e+00     6.9590e-05  0.0000e+00 
3.3552e+00     4.2092e-05  0.0000e+00     1.4123e-04  0.0000e+00     7.2724e-06  0.0000e+00     2.4401e-05  0.0000e+00 
3.7646e+00     1.5006e-05  0.0000e+00     5.6490e-05  0.0000e+00     2.9090e-06  0.0000e+00     1.0951e-05  0.0000e+00 
4.2240e+00     4.4579e-06  0.0000e+00     1.8830e-05  0.0000e+00     9.6966e-07  0.0000e+00     4.0958e-06  0.0000e+00 
4.7394e+00     1.9866e-06  0.0000e+00     9.4151e-06  0.0000e+00     4.8483e-07  0.0000e+00     2.2978e-06  0.0000e+00 
5.3176e+00     0.0000e+00  0.0000e+00     0.0000e+00  0.0000e+00     0.0000e+00  0.0000e+00     0.0000e+00  0.0000e+00 
5.9665e+00     4.2408e-02  0.0000e+00     2.5303e-01  0.0000e+00     1.3030e-02  0.0000e+00     7.7742e-02  0.0000e+00 
6.6945e+00     2.7716e-02  0.0000e+00     1.8554e-01  0.0000e+00     9.5545e-03  0.0000e+00     6.3963e-02  0.0000e+00 
7.5114e+00     8.2777e-03  0.0000e+00     6.2177e-02  0.0000e+00     3.2018e-03  0.0000e+00     2.4050e-02  0.0000e+00 
8.4279e+00     3.3280e-02  0.0000e+00     2.8048e-01  0.0000e+00     1.4444e-02  0.0000e+00     1.2173e-01  0.0000e+00 
9.4563e+00     2.6356e-02  0.0000e+00     2.4923e-01  0.0000e+00     1.2834e-02  0.0000e+00     1.2136e-01  0.0000e+00 
1.0610e+01     3.6815e-02  0.0000e+00     3.9061e-01  0.0000e+00     2.0115e-02  0.0000e+00     2.1342e-01  0.0000e+00 
1.1905e+01     3.0380e-02  0.0000e+00     3.6167e-01  0.0000e+00     1.8624e-02  0.0000e+00     2.2172e-01  0.0000e+00 
1.3357e+01     2.5467e-02  0.0000e+00     3.4017e-01  0.0000e+00     1.7517e-02  0.0000e+00     2.3398e-01  0.0000e+00 
1.4987e+01     1.8883e-02  0.0000e+00     2.8300e-01  0.0000e+00     1.4573e-02  0.0000e+00     2.1841e-01  0.0000e+00 
1.6816e+01     1.7447e-02  0.0000e+00     2.9339e-01  0.0000e+00     1.5108e-02  0.0000e+00     2.5406e-01  0.0000e+00 
1.8868e+01     1.5993e-02  0.0000e+00     3.0174e-01  0.0000e+00     1.5538e-02  0.0000e+00     2.9317e-01  0.0000e+00 
2.1170e+01     1.6437e-02  0.0000e+00     3.4796e-01  0.0000e+00     1.7918e-02  0.0000e+00     3.7933e-01  0.0000e+00 
2.3753e+01     1.5572e-02  0.0000e+00     3.6988e-01  0.0000e+00     1.9047e-02  0.0000e+00     4.5242e-01  0.0000e+00 
2.6651e+01     1.2670e-02  0.0000e+00     3.3767e-01  0.0000e+00     1.7388e-02  0.0000e+00     4.6342e-01  0.0000e+00 
2.9903e+01     1.0419e-02  0.0000e+00     3.1155e-01  0.0000e+00     1.6043e-02  0.0000e+00     4.7975e-01  0.0000e+00 
3.3552e+01     9.6749e-03  0.0000e+00     3.2461e-01  0.0000e+00     1.6716e-02  0.0000e+00     5.6085e-01  0.0000e+00 
3.7646e+01     8.0225e-03  0.0000e+00     3.0202e-01  0.0000e+00     1.5552e-02  0.0000e+00     5.8548e-01  0.0000e+00 
4.2240e+01     6.3626e-03  0.0000e+00     2.6875e-01  0.0000e+00     1.3839e-02  0.0000e+00     5.8457e-01  0.0000e+00 
4.7394e+01     5.1474e-03  0.0000e+00     2.4395e-01  0.0000e+00     1.2562e-02  0.0000e+00     5.9538e-01  0.0000e+00 
5.3176e+01     3.8729e-03  0.0000e+00     2.0595e-01  0.0000e+00     1.0605e-02  0.0000e+00     5.6394e-01  0.0000e+00 
5.9665e+01     2.8487e-03  0.0000e+00     1.6997e-01  0.0000e+00     8.7526e-03  0.0000e+00     5.2222e-01  0.0000e+00 
6.6945e+01     1.9660e-03  0.0000e+00     1.3161e-01  0.0000e+00     6.7774e-03  0.0000e+00     4.5372e-01  0.0000e+00 
7.5114e+01     1.3004e-03  0.0000e+00     9.7681e-02  0.0000e+00     5.0301e-03  0.0000e+00     3.7783e-01  0.0000e+00 
8.4279e+01     7.9685e-04  0.0000e+00     6.7158e-02  0.0000e+00     3.4583e-03  0.0000e+00     2.9146e-01  0.0000e+00 
9.4563e+01     4.4694e-04  0.0000e+00     4.2264e-02  0.0000e+00     2.1764e-03  0.0000e+00     2.0581e-01  0.0000e+00 
1.0610e+02     2.2841e-04  0.0000e+00     2.4234e-02  0.0000e+00     1.2479e-03  0.0000e+00     1.3241e-01  0.0000e+00 
1.1905e+02     1.1183e-04  0.0000e+00     1.3313e-02  0.0000e+00     6.8555e-04  0.0000e+00     8.1613e-02  0.0000e+00 
1.3357e+02     4.4265e-05  0.0000e+00     5.9127e-03  0.0000e+00     3.0447e-04  0.0000e+00     4.0669e-02  0.0000e+00 
1.4987e+02     1.6396e-05  0.0000e+00     2.4573e-03  0.0000e+00     1.2654e-04  0.0000e+00     1.8965e-02  0.0000e+00 
1.6816e+02     5.0390e-06  0.0000e+00     8.4736e-04  0.0000e+00     4.3635e-05  0.0000e+00     7.3375e-03  0.0000e+00 
1.8868e+02     1.0479e-06  0.0000e+00     1.9772e-04  0.0000e+00     1.0181e-05  0.0000e+00     1.9210e-03  0.0000e+00 
2.1170e+02     3.1132e-07  0.0000e+00     6.5905e-05  0.0000e+00     3.3938e-06  0.0000e+00     7.1847e-04  0.0000e+00 
2.3753e+02     0.0000e+00  0.0000e+00     0.0000e+00  0.0000e+00     0.0000e+00  0.0000e+00     0.0000e+00  0.0000e+00 
2.6651e+02     0.0000e+00  0.0000e+00     0.0000e+00  0.0000e+00     0.0000e+00  0.0000e+00     0.0000e+00  0.0000e+00 
2.9903e+02     0.0000e+00  0.0000e+00     0.0000e+00  0.0000e+00     0.0000e+00  0.0000e+00     0.0000e+00  0.0000e+00 
3.3552e+02     0.0000e+00  0.0000e+00     0.0000e+00  0.0000e+00     0.0000e+00  0.0000e+00     0.0000e+00  0.0000e+00 
3.7646e+02     0.0000e+00  0.0000e+00     0.0000e+00  0.0000e+00     0.0000e+00  0.0000e+00     0.0000e+00  0.0000e+00 
4.2240e+02     0.0000e+00  0.0000e+00     0.0000e+00  0.0000e+00     0.0000e+00  0.0000e+00     0.0000e+00  0.0000e+00 
4.7394e+02     0.0000e+00  0.0000e+00     0.0000e+00  0.0000e+00     0.0000e+00  0.0000e+00     0.0000e+00  0.0000e+00 
5.3176e+02     0.0000e+00  0.0000e+00     0.0000e+00  0.0000e+00     0.0000e+00  0.0000e+00     0.0000e+00  0.0000e+00 
5.9665e+02     0.0000e+00  0.0000e+00     0.0000e+00  0.0000e+00     0.0000e+00  0.0000e+00     0.0000e+00  0.0000e+00 
6.6945e+02     0.0000e+00  0.0000e+00     0.0000e+00  0.0000e+00     0.0000e+00  0.0000e+00     0.0000e+00  0.0000e+00 
7.5114e+02     0.0000e+00  0.0000e+00     0.0000e+00  0.0000e+00     0.0000e+00  0.0000e+00     0.0000e+00  0.0000e+00 
8.4279e+02     0.0000e+00  0.0000e+00     0.0000e+00  0.0000e+00     0.0000e+00  0.0000e+00     0.0000e+00  0.0000e+00 
9.4563e+02     0.0000e+00  0.0000e+00     0.0000e+00  0.0000e+00     0.0000e+00  0.0000e+00     0.0000e+00  0.0000e+00 
1.0610e+03     0.0000e+00  0.0000e+00     0.0000e+00  0.0000e+00     0.0000e+00  0.0000e+00     0.0000e+00  0.0000e+00 
1.1905e+03     0.0000e+00  0.0000e+00     0.0000e+00  0.0000e+00     0.0000e+00  0.0000e+00     0.0000e+00  0.0000e+00 
1.3357e+03     0.0000e+00  0.0000e+00     0.0000e+00  0.0000e+00     0.0000e+00  0.0000e+00     0.0000e+00  0.0000e+00 
1.4987e+03     0.0000e+00  0.0000e+00     0.0000e+00  0.0000e+00     0.0000e+00  0.0000e+00     0.0000e+00  0.0000e+00 
1.6816e+03     0.0000e+00  0.0000e+00     0.0000e+00  0.0000e+00     0.0000e+00  0.0000e+00     0.0000e+00  0.0000e+00 
1.8868e+03     0.0000e+00  0.0000e+00     0.0000e+00  0.0000e+00     0.0000e+00  0.0000e+00     0.0000e+00  0.0000e+00 
2.1170e+03     0.0000e+00  0.0000e+00     0.0000e+00  0.0000e+00     0.0000e+00  0.0000e+00     0.0000e+00  0.0000e+00 
2.3753e+03     0.0000e+00  0.0000e+00     0.0000e+00  0.0000e+00     0.0000e+00  0.0000e+00     0.0000e+00  0.0000e+00 
2.6651e+03     0.0000e+00  0.0000e+00     0.0000e+00  0.0000e+00     0.0000e+00  0.0000e+00     0.0000e+00  0.0000e+00 
2.9903e+03     0.0000e+00  0.0000e+00     0.0000e+00  0.0000e+00     0.0000e+00  0.0000e+00     0.0000e+00  0.0000e+00 
3.3552e+03     0.0000e+00  0.0000e+00     0.0000e+00  0.0000e+00     0.0000e+00  0.0000e+00     0.0000e+00  0.0000e+00 
3.7646e+03     0.0000e+00  0.0000e+00     0.0000e+00  0.0000e+00     0.0000e+00  0.0000e+00     0.0000e+00  0.0000e+00 
4.2240e+03     0.0000e+00  0.0000e+00     0.0000e+00  0.0000e+00     0.0000e+00  0.0000e+00     0.0000e+00  0.0000e+00 
4.7394e+03     0.0000e+00  0.0000e+00     0.0000e+00  0.0000e+00     0.0000e+00  0.0000e+00     0.0000e+00  0.0000e+00 
5.3176e+03     0.0000e+00  0.0000e+00     0.0000e+00  0.0000e+00     0.0000e+00  0.0000e+00     0.0000e+00  0.0000e+00 
5.9665e+03     0.0000e+00  0.0000e+00     0.0000e+00  0.0000e+00     0.0000e+00  0.0000e+00     0.0000e+00  0.0000e+00 
6.6945e+03     0.0000e+00  0.0000e+00     0.0000e+00  0.0000e+00     0.0000e+00  0.0000e+00     0.0000e+00  0.0000e+00 
7.5114e+03     0.0000e+00  0.0000e+00     0.0000e+00  0.0000e+00     0.0000e+00  0.0000e+00     0.0000e+00  0.0000e+00 
8.4279e+03     0.0000e+00  0.0000e+00     0.0000e+00  0.0000e+00     0.0000e+00  0.0000e+00     0.0000e+00  0.0000e+00 
9.4563e+03     0.0000e+00  0.0000e+00     0.0000e+00  0.0000e+00     0.0000e+00  0.0000e+00     0.0000e+00  0.0000e+00 
