yF = 4.0284e+00 (std: 0.0000e+00) keV/um
yD = 2.0553e+01 (std: 0.0000e+00) keV/um
y (keV/um)     f(y)(std)                  yf(y)(std)                 d(y)(std)                  yd(y)(std)  
1.0610e-01     2.6717e+01  0.0000e+00     2.8347e+00  0.0000e+00     7.0367e-01  0.0000e+00     7.4660e-02  0.0000e+00 
1.1905e-01     1.9013e+00  0.0000e+00     2.2634e-01  0.0000e+00     5.6186e-02  0.0000e+00     6.6888e-03  0.0000e+00 
1.3357e-01     5.4054e-01  0.0000e+00     7.2202e-02  0.0000e+00     1.7923e-02  0.0000e+00     2.3941e-03  0.0000e+00 
1.4987e-01     2.8407e+00  0.0000e+00     4.2574e-01  0.0000e+00     1.0569e-01  0.0000e+00     1.5839e-02  0.0000e+00 
1.6816e-01     8.3316e-01  0.0000e+00     1.4010e-01  0.0000e+00     3.4779e-02  0.0000e+00     5.8484e-03  0.0000e+00 
1.8868e-01     5.5062e-01  0.0000e+00     1.0389e-01  0.0000e+00     2.5789e-02  0.0000e+00     4.8659e-03  0.0000e+00 
2.1170e-01     6.6608e-01  0.0000e+00     1.4101e-01  0.0000e+00     3.5004e-02  0.0000e+00     7.4103e-03  0.0000e+00 
2.3753e-01     6.3271e-01  0.0000e+00     1.5029e-01  0.0000e+00     3.7308e-02  0.0000e+00     8.8617e-03  0.0000e+00 
2.6651e-01     2.7176e-01  0.0000e+00     7.2428e-02  0.0000e+00     1.7980e-02  0.0000e+00     4.7918e-03  0.0000e+00 
2.9903e-01     2.4448e-01  0.0000e+00     7.3107e-02  0.0000e+00     1.8148e-02  0.0000e+00     5.4269e-03  0.0000e+00 
3.3552e-01     1.3951e+00  0.0000e+00     4.6807e-01  0.0000e+00     1.1619e-01  0.0000e+00     3.8985e-02  0.0000e+00 
3.7646e-01     9.6076e-01  0.0000e+00     3.6169e-01  0.0000e+00     8.9785e-02  0.0000e+00     3.3801e-02  0.0000e+00 
4.2240e-01     4.2975e-01  0.0000e+00     1.8152e-01  0.0000e+00     4.5061e-02  0.0000e+00     1.9034e-02  0.0000e+00 
4.7394e-01     4.2265e-01  0.0000e+00     2.0031e-01  0.0000e+00     4.9725e-02  0.0000e+00     2.3566e-02  0.0000e+00 
5.3176e-01     2.5155e-01  0.0000e+00     1.3377e-01  0.0000e+00     3.3206e-02  0.0000e+00     1.7658e-02  0.0000e+00 
5.9665e-01     1.1305e-01  0.0000e+00     6.7449e-02  0.0000e+00     1.6743e-02  0.0000e+00     9.9900e-03  0.0000e+00 
6.6945e-01     2.1537e-01  0.0000e+00     1.4418e-01  0.0000e+00     3.5790e-02  0.0000e+00     2.3960e-02  0.0000e+00 
7.5114e-01     1.8019e-01  0.0000e+00     1.3535e-01  0.0000e+00     3.3599e-02  0.0000e+00     2.5238e-02  0.0000e+00 
8.4279e-01     9.1579e-02  0.0000e+00     7.7182e-02  0.0000e+00     1.9159e-02  0.0000e+00     1.6147e-02  0.0000e+00 
9.4563e-01     5.0264e-02  0.0000e+00     4.7531e-02  0.0000e+00     1.1799e-02  0.0000e+00     1.1157e-02  0.0000e+00 
1.0610e+00     3.9252e-02  0.0000e+00     4.1646e-02  0.0000e+00     1.0338e-02  0.0000e+00     1.0969e-02  0.0000e+00 
1.1905e+00     1.6161e-02  0.0000e+00     1.9239e-02  0.0000e+00     4.7758e-03  0.0000e+00     5.6855e-03  0.0000e+00 
1.3357e+00     1.1014e-02  0.0000e+00     1.4712e-02  0.0000e+00     3.6521e-03  0.0000e+00     4.8782e-03  0.0000e+00 
1.4987e+00     4.3796e-03  0.0000e+00     6.5638e-03  0.0000e+00     1.6294e-03  0.0000e+00     2.4420e-03  0.0000e+00 
1.6816e+00     2.2882e-03  0.0000e+00     3.8478e-03  0.0000e+00     9.5516e-04  0.0000e+00     1.6062e-03  0.0000e+00 
1.8868e+00     7.1977e-04  0.0000e+00     1.3580e-03  0.0000e+00     3.3712e-04  0.0000e+00     6.3606e-04  0.0000e+00 
2.1170e+00     2.1383e-04  0.0000e+00     4.5268e-04  0.0000e+00     1.1237e-04  0.0000e+00     2.3789e-04  0.0000e+00 
2.3753e+00     4.7644e-04  0.0000e+00     1.1317e-03  0.0000e+00     2.8093e-04  0.0000e+00     6.6729e-04  0.0000e+00 
2.6651e+00     0.0000e+00  0.0000e+00     0.0000e+00  0.0000e+00     0.0000e+00  0.0000e+00     0.0000e+00  0.0000e+00 
2.9903e+00     0.0000e+00  0.0000e+00     0.0000e+00  0.0000e+00     0.0000e+00  0.0000e+00     0.0000e+00  0.0000e+00 
3.3552e+00     0.0000e+00  0.0000e+00     0.0000e+00  0.0000e+00     0.0000e+00  0.0000e+00     0.0000e+00  0.0000e+00 
3.7646e+00     0.0000e+00  0.0000e+00     0.0000e+00  0.0000e+00     0.0000e+00  0.0000e+00     0.0000e+00  0.0000e+00 
4.2240e+00     0.0000e+00  0.0000e+00     0.0000e+00  0.0000e+00     0.0000e+00  0.0000e+00     0.0000e+00  0.0000e+00 
4.7394e+00     0.0000e+00  0.0000e+00     0.0000e+00  0.0000e+00     0.0000e+00  0.0000e+00     0.0000e+00  0.0000e+00 
5.3176e+00     0.0000e+00  0.0000e+00     0.0000e+00  0.0000e+00     0.0000e+00  0.0000e+00     0.0000e+00  0.0000e+00 
5.9665e+00     1.2310e-01  0.0000e+00     7.3447e-01  0.0000e+00     1.8232e-01  0.0000e+00     1.0878e+00  0.0000e+00 
6.6945e+00     2.3768e-02  0.0000e+00     1.5912e-01  0.0000e+00     3.9499e-02  0.0000e+00     2.6443e-01  0.0000e+00 
7.5114e+00     5.6650e-03  0.0000e+00     4.2552e-02  0.0000e+00     1.0563e-02  0.0000e+00     7.9342e-02  0.0000e+00 
8.4279e+00     2.4922e-02  0.0000e+00     2.1004e-01  0.0000e+00     5.2141e-02  0.0000e+00     4.3944e-01  0.0000e+00 
9.4563e+00     1.4433e-02  0.0000e+00     1.3648e-01  0.0000e+00     3.3880e-02  0.0000e+00     3.2038e-01  0.0000e+00 
1.0610e+01     2.4191e-02  0.0000e+00     2.5667e-01  0.0000e+00     6.3715e-02  0.0000e+00     6.7602e-01  0.0000e+00 
1.1905e+01     1.5381e-02  0.0000e+00     1.8311e-01  0.0000e+00     4.5454e-02  0.0000e+00     5.4112e-01  0.0000e+00 
1.3357e+01     1.2234e-02  0.0000e+00     1.6342e-01  0.0000e+00     4.0566e-02  0.0000e+00     5.4186e-01  0.0000e+00 
1.4987e+01     7.3850e-03  0.0000e+00     1.1068e-01  0.0000e+00     2.7475e-02  0.0000e+00     4.1177e-01  0.0000e+00 
1.6816e+01     4.4014e-03  0.0000e+00     7.4013e-02  0.0000e+00     1.8373e-02  0.0000e+00     3.0895e-01  0.0000e+00 
1.8868e+01     3.5029e-03  0.0000e+00     6.6091e-02  0.0000e+00     1.6406e-02  0.0000e+00     3.0955e-01  0.0000e+00 
2.1170e+01     3.4213e-03  0.0000e+00     7.2428e-02  0.0000e+00     1.7980e-02  0.0000e+00     3.8062e-01  0.0000e+00 
2.3753e+01     3.2207e-03  0.0000e+00     7.6502e-02  0.0000e+00     1.8991e-02  0.0000e+00     4.5109e-01  0.0000e+00 
2.6651e+01     2.0127e-03  0.0000e+00     5.3642e-02  0.0000e+00     1.3316e-02  0.0000e+00     3.5489e-01  0.0000e+00 
2.9903e+01     1.6273e-03  0.0000e+00     4.8663e-02  0.0000e+00     1.2080e-02  0.0000e+00     3.6123e-01  0.0000e+00 
3.3552e+01     1.4301e-03  0.0000e+00     4.7984e-02  0.0000e+00     1.1911e-02  0.0000e+00     3.9965e-01  0.0000e+00 
3.7646e+01     8.5976e-04  0.0000e+00     3.2366e-02  0.0000e+00     8.0346e-03  0.0000e+00     3.0247e-01  0.0000e+00 
4.2240e+01     5.4120e-04  0.0000e+00     2.2860e-02  0.0000e+00     5.6748e-03  0.0000e+00     2.3970e-01  0.0000e+00 
4.7394e+01     4.4892e-04  0.0000e+00     2.1276e-02  0.0000e+00     5.2815e-03  0.0000e+00     2.5031e-01  0.0000e+00 
5.3176e+01     2.4261e-04  0.0000e+00     1.2901e-02  0.0000e+00     3.2026e-03  0.0000e+00     1.7030e-01  0.0000e+00 
5.9665e+01     1.7450e-04  0.0000e+00     1.0412e-02  0.0000e+00     2.5846e-03  0.0000e+00     1.5421e-01  0.0000e+00 
6.6945e+01     8.1143e-05  0.0000e+00     5.4321e-03  0.0000e+00     1.3485e-03  0.0000e+00     9.0273e-02  0.0000e+00 
7.5114e+01     5.4239e-05  0.0000e+00     4.0741e-03  0.0000e+00     1.0113e-03  0.0000e+00     7.5966e-02  0.0000e+00 
8.4279e+01     3.2227e-05  0.0000e+00     2.7161e-03  0.0000e+00     6.7423e-04  0.0000e+00     5.6824e-02  0.0000e+00 
9.4563e+01     1.4361e-05  0.0000e+00     1.3580e-03  0.0000e+00     3.3712e-04  0.0000e+00     3.1879e-02  0.0000e+00 
1.0610e+02     4.2665e-06  0.0000e+00     4.5268e-04  0.0000e+00     1.1237e-04  0.0000e+00     1.1923e-02  0.0000e+00 
1.1905e+02     0.0000e+00  0.0000e+00     0.0000e+00  0.0000e+00     0.0000e+00  0.0000e+00     0.0000e+00  0.0000e+00 
1.3357e+02     0.0000e+00  0.0000e+00     0.0000e+00  0.0000e+00     0.0000e+00  0.0000e+00     0.0000e+00  0.0000e+00 
1.4987e+02     0.0000e+00  0.0000e+00     0.0000e+00  0.0000e+00     0.0000e+00  0.0000e+00     0.0000e+00  0.0000e+00 
1.6816e+02     0.0000e+00  0.0000e+00     0.0000e+00  0.0000e+00     0.0000e+00  0.0000e+00     0.0000e+00  0.0000e+00 
1.8868e+02     0.0000e+00  0.0000e+00     0.0000e+00  0.0000e+00     0.0000e+00  0.0000e+00     0.0000e+00  0.0000e+00 
2.1170e+02     0.0000e+00  0.0000e+00     0.0000e+00  0.0000e+00     0.0000e+00  0.0000e+00     0.0000e+00  0.0000e+00 
2.3753e+02     0.0000e+00  0.0000e+00     0.0000e+00  0.0000e+00     0.0000e+00  0.0000e+00     0.0000e+00  0.0000e+00 
2.6651e+02     0.0000e+00  0.0000e+00     0.0000e+00  0.0000e+00     0.0000e+00  0.0000e+00     0.0000e+00  0.0000e+00 
2.9903e+02     0.0000e+00  0.0000e+00     0.0000e+00  0.0000e+00     0.0000e+00  0.0000e+00     0.0000e+00  0.0000e+00 
3.3552e+02     0.0000e+00  0.0000e+00     0.0000e+00  0.0000e+00     0.0000e+00  0.0000e+00     0.0000e+00  0.0000e+00 
3.7646e+02     0.0000e+00  0.0000e+00     0.0000e+00  0.0000e+00     0.0000e+00  0.0000e+00     0.0000e+00  0.0000e+00 
4.2240e+02     0.0000e+00  0.0000e+00     0.0000e+00  0.0000e+00     0.0000e+00  0.0000e+00     0.0000e+00  0.0000e+00 
4.7394e+02     0.0000e+00  0.0000e+00     0.0000e+00  0.0000e+00     0.0000e+00  0.0000e+00     0.0000e+00  0.0000e+00 
5.3176e+02     0.0000e+00  0.0000e+00     0.0000e+00  0.0000e+00     0.0000e+00  0.0000e+00     0.0000e+00  0.0000e+00 
5.9665e+02     0.0000e+00  0.0000e+00     0.0000e+00  0.0000e+00     0.0000e+00  0.0000e+00     0.0000e+00  0.0000e+00 
6.6945e+02     0.0000e+00  0.0000e+00     0.0000e+00  0.0000e+00     0.0000e+00  0.0000e+00     0.0000e+00  0.0000e+00 
7.5114e+02     0.0000e+00  0.0000e+00     0.0000e+00  0.0000e+00     0.0000e+00  0.0000e+00     0.0000e+00  0.0000e+00 
8.4279e+02     0.0000e+00  0.0000e+00     0.0000e+00  0.0000e+00     0.0000e+00  0.0000e+00     0.0000e+00  0.0000e+00 
9.4563e+02     0.0000e+00  0.0000e+00     0.0000e+00  0.0000e+00     0.0000e+00  0.0000e+00     0.0000e+00  0.0000e+00 
1.0610e+03     0.0000e+00  0.0000e+00     0.0000e+00  0.0000e+00     0.0000e+00  0.0000e+00     0.0000e+00  0.0000e+00 
1.1905e+03     0.0000e+00  0.0000e+00     0.0000e+00  0.0000e+00     0.0000e+00  0.0000e+00     0.0000e+00  0.0000e+00 
1.3357e+03     0.0000e+00  0.0000e+00     0.0000e+00  0.0000e+00     0.0000e+00  0.0000e+00     0.0000e+00  0.0000e+00 
1.4987e+03     0.0000e+00  0.0000e+00     0.0000e+00  0.0000e+00     0.0000e+00  0.0000e+00     0.0000e+00  0.0000e+00 
1.6816e+03     0.0000e+00  0.0000e+00     0.0000e+00  0.0000e+00     0.0000e+00  0.0000e+00     0.0000e+00  0.0000e+00 
1.8868e+03     0.0000e+00  0.0000e+00     0.0000e+00  0.0000e+00     0.0000e+00  0.0000e+00     0.0000e+00  0.0000e+00 
2.1170e+03     0.0000e+00  0.0000e+00     0.0000e+00  0.0000e+00     0.0000e+00  0.0000e+00     0.0000e+00  0.0000e+00 
2.3753e+03     0.0000e+00  0.0000e+00     0.0000e+00  0.0000e+00     0.0000e+00  0.0000e+00     0.0000e+00  0.0000e+00 
2.6651e+03     0.0000e+00  0.0000e+00     0.0000e+00  0.0000e+00     0.0000e+00  0.0000e+00     0.0000e+00  0.0000e+00 
2.9903e+03     0.0000e+00  0.0000e+00     0.0000e+00  0.0000e+00     0.0000e+00  0.0000e+00     0.0000e+00  0.0000e+00 
3.3552e+03     0.0000e+00  0.0000e+00     0.0000e+00  0.0000e+00     0.0000e+00  0.0000e+00     0.0000e+00  0.0000e+00 
3.7646e+03     0.0000e+00  0.0000e+00     0.0000e+00  0.0000e+00     0.0000e+00  0.0000e+00     0.0000e+00  0.0000e+00 
4.2240e+03     0.0000e+00  0.0000e+00     0.0000e+00  0.0000e+00     0.0000e+00  0.0000e+00     0.0000e+00  0.0000e+00 
4.7394e+03     0.0000e+00  0.0000e+00     0.0000e+00  0.0000e+00     0.0000e+00  0.0000e+00     0.0000e+00  0.0000e+00 
5.3176e+03     0.0000e+00  0.0000e+00     0.0000e+00  0.0000e+00     0.0000e+00  0.0000e+00     0.0000e+00  0.0000e+00 
5.9665e+03     0.0000e+00  0.0000e+00     0.0000e+00  0.0000e+00     0.0000e+00  0.0000e+00     0.0000e+00  0.0000e+00 
6.6945e+03     0.0000e+00  0.0000e+00     0.0000e+00  0.0000e+00     0.0000e+00  0.0000e+00     0.0000e+00  0.0000e+00 
7.5114e+03     0.0000e+00  0.0000e+00     0.0000e+00  0.0000e+00     0.0000e+00  0.0000e+00     0.0000e+00  0.0000e+00 
8.4279e+03     0.0000e+00  0.0000e+00     0.0000e+00  0.0000e+00     0.0000e+00  0.0000e+00     0.0000e+00  0.0000e+00 
9.4563e+03     0.0000e+00  0.0000e+00     0.0000e+00  0.0000e+00     0.0000e+00  0.0000e+00     0.0000e+00  0.0000e+00 
