yF = 5.3267e+00 (std: 0.0000e+00) keV/um
yD = 2.3871e+01 (std: 0.0000e+00) keV/um
y (keV/um)     f(y)(std)                  yf(y)(std)                 d(y)(std)                  yd(y)(std)  
1.0610e-01     2.3405e+01  0.0000e+00     2.4832e+00  0.0000e+00     4.6619e-01  0.0000e+00     4.9463e-02  0.0000e+00 
1.1905e-01     1.5639e+00  0.0000e+00     1.8618e-01  0.0000e+00     3.4951e-02  0.0000e+00     4.1609e-03  0.0000e+00 
1.3357e-01     6.3541e-01  0.0000e+00     8.4874e-02  0.0000e+00     1.5934e-02  0.0000e+00     2.1283e-03  0.0000e+00 
1.4987e-01     3.0325e+00  0.0000e+00     4.5449e-01  0.0000e+00     8.5323e-02  0.0000e+00     1.2787e-02  0.0000e+00 
1.6816e-01     8.3036e-01  0.0000e+00     1.3963e-01  0.0000e+00     2.6214e-02  0.0000e+00     4.4080e-03  0.0000e+00 
1.8868e-01     7.2554e-01  0.0000e+00     1.3689e-01  0.0000e+00     2.5700e-02  0.0000e+00     4.8489e-03  0.0000e+00 
2.1170e-01     5.5611e-01  0.0000e+00     1.1773e-01  0.0000e+00     2.2102e-02  0.0000e+00     4.6789e-03  0.0000e+00 
2.3753e-01     4.9564e-01  0.0000e+00     1.1773e-01  0.0000e+00     2.2102e-02  0.0000e+00     5.2498e-03  0.0000e+00 
2.6651e-01     2.2600e-01  0.0000e+00     6.0233e-02  0.0000e+00     1.1308e-02  0.0000e+00     3.0137e-03  0.0000e+00 
2.9903e-01     2.9298e-01  0.0000e+00     8.7612e-02  0.0000e+00     1.6448e-02  0.0000e+00     4.9184e-03  0.0000e+00 
3.3552e-01     1.1832e+00  0.0000e+00     3.9699e-01  0.0000e+00     7.4529e-02  0.0000e+00     2.5006e-02  0.0000e+00 
3.7646e-01     8.8727e-01  0.0000e+00     3.3402e-01  0.0000e+00     6.2707e-02  0.0000e+00     2.3607e-02  0.0000e+00 
4.2240e-01     4.3428e-01  0.0000e+00     1.8344e-01  0.0000e+00     3.4437e-02  0.0000e+00     1.4546e-02  0.0000e+00 
4.7394e-01     3.2928e-01  0.0000e+00     1.5606e-01  0.0000e+00     2.9298e-02  0.0000e+00     1.3885e-02  0.0000e+00 
5.3176e-01     2.3169e-01  0.0000e+00     1.2320e-01  0.0000e+00     2.3130e-02  0.0000e+00     1.2300e-02  0.0000e+00 
5.9665e-01     1.3766e-01  0.0000e+00     8.2136e-02  0.0000e+00     1.5420e-02  0.0000e+00     9.2002e-03  0.0000e+00 
6.6945e-01     2.6583e-01  0.0000e+00     1.7796e-01  0.0000e+00     3.3410e-02  0.0000e+00     2.2366e-02  0.0000e+00 
7.5114e-01     1.5309e-01  0.0000e+00     1.1499e-01  0.0000e+00     2.1588e-02  0.0000e+00     1.6215e-02  0.0000e+00 
8.4279e-01     5.5226e-02  0.0000e+00     4.6544e-02  0.0000e+00     8.7379e-03  0.0000e+00     7.3642e-03  0.0000e+00 
9.4563e-01     4.0534e-02  0.0000e+00     3.8330e-02  0.0000e+00     7.1959e-03  0.0000e+00     6.8046e-03  0.0000e+00 
1.0610e+00     2.8385e-02  0.0000e+00     3.0117e-02  0.0000e+00     5.6539e-03  0.0000e+00     5.9989e-03  0.0000e+00 
1.1905e+00     1.8399e-02  0.0000e+00     2.1903e-02  0.0000e+00     4.1119e-03  0.0000e+00     4.8951e-03  0.0000e+00 
1.3357e+00     1.0249e-02  0.0000e+00     1.3689e-02  0.0000e+00     2.5700e-03  0.0000e+00     3.4328e-03  0.0000e+00 
1.4987e+00     9.1341e-03  0.0000e+00     1.3689e-02  0.0000e+00     2.5700e-03  0.0000e+00     3.8516e-03  0.0000e+00 
1.6816e+00     0.0000e+00  0.0000e+00     0.0000e+00  0.0000e+00     0.0000e+00  0.0000e+00     0.0000e+00  0.0000e+00 
1.8868e+00     2.9022e-03  0.0000e+00     5.4757e-03  0.0000e+00     1.0280e-03  0.0000e+00     1.9396e-03  0.0000e+00 
2.1170e+00     0.0000e+00  0.0000e+00     0.0000e+00  0.0000e+00     0.0000e+00  0.0000e+00     0.0000e+00  0.0000e+00 
2.3753e+00     0.0000e+00  0.0000e+00     0.0000e+00  0.0000e+00     0.0000e+00  0.0000e+00     0.0000e+00  0.0000e+00 
2.6651e+00     1.0273e-03  0.0000e+00     2.7379e-03  0.0000e+00     5.1399e-04  0.0000e+00     1.3699e-03  0.0000e+00 
2.9903e+00     0.0000e+00  0.0000e+00     0.0000e+00  0.0000e+00     0.0000e+00  0.0000e+00     0.0000e+00  0.0000e+00 
3.3552e+00     0.0000e+00  0.0000e+00     0.0000e+00  0.0000e+00     0.0000e+00  0.0000e+00     0.0000e+00  0.0000e+00 
3.7646e+00     0.0000e+00  0.0000e+00     0.0000e+00  0.0000e+00     0.0000e+00  0.0000e+00     0.0000e+00  0.0000e+00 
4.2240e+00     0.0000e+00  0.0000e+00     0.0000e+00  0.0000e+00     0.0000e+00  0.0000e+00     0.0000e+00  0.0000e+00 
4.7394e+00     0.0000e+00  0.0000e+00     0.0000e+00  0.0000e+00     0.0000e+00  0.0000e+00     0.0000e+00  0.0000e+00 
5.3176e+00     0.0000e+00  0.0000e+00     0.0000e+00  0.0000e+00     0.0000e+00  0.0000e+00     0.0000e+00  0.0000e+00 
5.9665e+00     1.0921e-01  0.0000e+00     6.5161e-01  0.0000e+00     1.2233e-01  0.0000e+00     7.2988e-01  0.0000e+00 
6.6945e+00     2.1676e-02  0.0000e+00     1.4511e-01  0.0000e+00     2.7242e-02  0.0000e+00     1.8237e-01  0.0000e+00 
7.5114e+00     3.6450e-03  0.0000e+00     2.7379e-02  0.0000e+00     5.1399e-03  0.0000e+00     3.8608e-02  0.0000e+00 
8.4279e+00     2.3715e-02  0.0000e+00     1.9986e-01  0.0000e+00     3.7521e-02  0.0000e+00     3.1623e-01  0.0000e+00 
9.4563e+00     1.5924e-02  0.0000e+00     1.5058e-01  0.0000e+00     2.8270e-02  0.0000e+00     2.6732e-01  0.0000e+00 
1.0610e+01     6.1415e-02  0.0000e+00     6.5161e-01  0.0000e+00     1.2233e-01  0.0000e+00     1.2979e+00  0.0000e+00 
1.1905e+01     1.7249e-02  0.0000e+00     2.0534e-01  0.0000e+00     3.8549e-02  0.0000e+00     4.5892e-01  0.0000e+00 
1.3357e+01     1.4143e-02  0.0000e+00     1.8891e-01  0.0000e+00     3.5465e-02  0.0000e+00     4.7372e-01  0.0000e+00 
1.4987e+01     1.0778e-02  0.0000e+00     1.6153e-01  0.0000e+00     3.0326e-02  0.0000e+00     4.5449e-01  0.0000e+00 
1.6816e+01     4.8844e-03  0.0000e+00     8.2136e-02  0.0000e+00     1.5420e-02  0.0000e+00     2.5930e-01  0.0000e+00 
1.8868e+01     3.6277e-03  0.0000e+00     6.8447e-02  0.0000e+00     1.2850e-02  0.0000e+00     2.4245e-01  0.0000e+00 
2.1170e+01     3.7505e-03  0.0000e+00     7.9398e-02  0.0000e+00     1.4906e-02  0.0000e+00     3.1555e-01  0.0000e+00 
2.3753e+01     3.5732e-03  0.0000e+00     8.4874e-02  0.0000e+00     1.5934e-02  0.0000e+00     3.7848e-01  0.0000e+00 
2.6651e+01     2.0546e-03  0.0000e+00     5.4757e-02  0.0000e+00     1.0280e-02  0.0000e+00     2.7397e-01  0.0000e+00 
2.9903e+01     1.9227e-03  0.0000e+00     5.7495e-02  0.0000e+00     1.0794e-02  0.0000e+00     3.2277e-01  0.0000e+00 
3.3552e+01     1.7952e-03  0.0000e+00     6.0233e-02  0.0000e+00     1.1308e-02  0.0000e+00     3.7940e-01  0.0000e+00 
3.7646e+01     1.3091e-03  0.0000e+00     4.9282e-02  0.0000e+00     9.2519e-03  0.0000e+00     3.4830e-01  0.0000e+00 
4.2240e+01     9.0745e-04  0.0000e+00     3.8330e-02  0.0000e+00     7.1959e-03  0.0000e+00     3.0395e-01  0.0000e+00 
4.7394e+01     9.8207e-04  0.0000e+00     4.6544e-02  0.0000e+00     8.7379e-03  0.0000e+00     4.1412e-01  0.0000e+00 
5.3176e+01     7.2081e-04  0.0000e+00     3.8330e-02  0.0000e+00     7.1959e-03  0.0000e+00     3.8265e-01  0.0000e+00 
5.9665e+01     3.2121e-04  0.0000e+00     1.9165e-02  0.0000e+00     3.5979e-03  0.0000e+00     2.1467e-01  0.0000e+00 
6.6945e+01     1.6359e-04  0.0000e+00     1.0951e-02  0.0000e+00     2.0560e-03  0.0000e+00     1.3764e-01  0.0000e+00 
7.5114e+01     3.6450e-05  0.0000e+00     2.7379e-03  0.0000e+00     5.1399e-04  0.0000e+00     3.8608e-02  0.0000e+00 
8.4279e+01     6.4972e-05  0.0000e+00     5.4757e-03  0.0000e+00     1.0280e-03  0.0000e+00     8.6637e-02  0.0000e+00 
9.4563e+01     0.0000e+00  0.0000e+00     0.0000e+00  0.0000e+00     0.0000e+00  0.0000e+00     0.0000e+00  0.0000e+00 
1.0610e+02     5.1609e-05  0.0000e+00     5.4757e-03  0.0000e+00     1.0280e-03  0.0000e+00     1.0907e-01  0.0000e+00 
1.1905e+02     0.0000e+00  0.0000e+00     0.0000e+00  0.0000e+00     0.0000e+00  0.0000e+00     0.0000e+00  0.0000e+00 
1.3357e+02     0.0000e+00  0.0000e+00     0.0000e+00  0.0000e+00     0.0000e+00  0.0000e+00     0.0000e+00  0.0000e+00 
1.4987e+02     0.0000e+00  0.0000e+00     0.0000e+00  0.0000e+00     0.0000e+00  0.0000e+00     0.0000e+00  0.0000e+00 
1.6816e+02     0.0000e+00  0.0000e+00     0.0000e+00  0.0000e+00     0.0000e+00  0.0000e+00     0.0000e+00  0.0000e+00 
1.8868e+02     0.0000e+00  0.0000e+00     0.0000e+00  0.0000e+00     0.0000e+00  0.0000e+00     0.0000e+00  0.0000e+00 
2.1170e+02     0.0000e+00  0.0000e+00     0.0000e+00  0.0000e+00     0.0000e+00  0.0000e+00     0.0000e+00  0.0000e+00 
2.3753e+02     0.0000e+00  0.0000e+00     0.0000e+00  0.0000e+00     0.0000e+00  0.0000e+00     0.0000e+00  0.0000e+00 
2.6651e+02     0.0000e+00  0.0000e+00     0.0000e+00  0.0000e+00     0.0000e+00  0.0000e+00     0.0000e+00  0.0000e+00 
2.9903e+02     0.0000e+00  0.0000e+00     0.0000e+00  0.0000e+00     0.0000e+00  0.0000e+00     0.0000e+00  0.0000e+00 
3.3552e+02     0.0000e+00  0.0000e+00     0.0000e+00  0.0000e+00     0.0000e+00  0.0000e+00     0.0000e+00  0.0000e+00 
3.7646e+02     0.0000e+00  0.0000e+00     0.0000e+00  0.0000e+00     0.0000e+00  0.0000e+00     0.0000e+00  0.0000e+00 
4.2240e+02     0.0000e+00  0.0000e+00     0.0000e+00  0.0000e+00     0.0000e+00  0.0000e+00     0.0000e+00  0.0000e+00 
4.7394e+02     0.0000e+00  0.0000e+00     0.0000e+00  0.0000e+00     0.0000e+00  0.0000e+00     0.0000e+00  0.0000e+00 
5.3176e+02     0.0000e+00  0.0000e+00     0.0000e+00  0.0000e+00     0.0000e+00  0.0000e+00     0.0000e+00  0.0000e+00 
5.9665e+02     0.0000e+00  0.0000e+00     0.0000e+00  0.0000e+00     0.0000e+00  0.0000e+00     0.0000e+00  0.0000e+00 
6.6945e+02     0.0000e+00  0.0000e+00     0.0000e+00  0.0000e+00     0.0000e+00  0.0000e+00     0.0000e+00  0.0000e+00 
7.5114e+02     0.0000e+00  0.0000e+00     0.0000e+00  0.0000e+00     0.0000e+00  0.0000e+00     0.0000e+00  0.0000e+00 
8.4279e+02     0.0000e+00  0.0000e+00     0.0000e+00  0.0000e+00     0.0000e+00  0.0000e+00     0.0000e+00  0.0000e+00 
9.4563e+02     0.0000e+00  0.0000e+00     0.0000e+00  0.0000e+00     0.0000e+00  0.0000e+00     0.0000e+00  0.0000e+00 
1.0610e+03     0.0000e+00  0.0000e+00     0.0000e+00  0.0000e+00     0.0000e+00  0.0000e+00     0.0000e+00  0.0000e+00 
1.1905e+03     0.0000e+00  0.0000e+00     0.0000e+00  0.0000e+00     0.0000e+00  0.0000e+00     0.0000e+00  0.0000e+00 
1.3357e+03     0.0000e+00  0.0000e+00     0.0000e+00  0.0000e+00     0.0000e+00  0.0000e+00     0.0000e+00  0.0000e+00 
1.4987e+03     0.0000e+00  0.0000e+00     0.0000e+00  0.0000e+00     0.0000e+00  0.0000e+00     0.0000e+00  0.0000e+00 
1.6816e+03     0.0000e+00  0.0000e+00     0.0000e+00  0.0000e+00     0.0000e+00  0.0000e+00     0.0000e+00  0.0000e+00 
1.8868e+03     0.0000e+00  0.0000e+00     0.0000e+00  0.0000e+00     0.0000e+00  0.0000e+00     0.0000e+00  0.0000e+00 
2.1170e+03     0.0000e+00  0.0000e+00     0.0000e+00  0.0000e+00     0.0000e+00  0.0000e+00     0.0000e+00  0.0000e+00 
2.3753e+03     0.0000e+00  0.0000e+00     0.0000e+00  0.0000e+00     0.0000e+00  0.0000e+00     0.0000e+00  0.0000e+00 
2.6651e+03     0.0000e+00  0.0000e+00     0.0000e+00  0.0000e+00     0.0000e+00  0.0000e+00     0.0000e+00  0.0000e+00 
2.9903e+03     0.0000e+00  0.0000e+00     0.0000e+00  0.0000e+00     0.0000e+00  0.0000e+00     0.0000e+00  0.0000e+00 
3.3552e+03     0.0000e+00  0.0000e+00     0.0000e+00  0.0000e+00     0.0000e+00  0.0000e+00     0.0000e+00  0.0000e+00 
3.7646e+03     0.0000e+00  0.0000e+00     0.0000e+00  0.0000e+00     0.0000e+00  0.0000e+00     0.0000e+00  0.0000e+00 
4.2240e+03     0.0000e+00  0.0000e+00     0.0000e+00  0.0000e+00     0.0000e+00  0.0000e+00     0.0000e+00  0.0000e+00 
4.7394e+03     0.0000e+00  0.0000e+00     0.0000e+00  0.0000e+00     0.0000e+00  0.0000e+00     0.0000e+00  0.0000e+00 
5.3176e+03     0.0000e+00  0.0000e+00     0.0000e+00  0.0000e+00     0.0000e+00  0.0000e+00     0.0000e+00  0.0000e+00 
5.9665e+03     0.0000e+00  0.0000e+00     0.0000e+00  0.0000e+00     0.0000e+00  0.0000e+00     0.0000e+00  0.0000e+00 
6.6945e+03     0.0000e+00  0.0000e+00     0.0000e+00  0.0000e+00     0.0000e+00  0.0000e+00     0.0000e+00  0.0000e+00 
7.5114e+03     0.0000e+00  0.0000e+00     0.0000e+00  0.0000e+00     0.0000e+00  0.0000e+00     0.0000e+00  0.0000e+00 
8.4279e+03     0.0000e+00  0.0000e+00     0.0000e+00  0.0000e+00     0.0000e+00  0.0000e+00     0.0000e+00  0.0000e+00 
9.4563e+03     0.0000e+00  0.0000e+00     0.0000e+00  0.0000e+00     0.0000e+00  0.0000e+00     0.0000e+00  0.0000e+00 
