yF = 5.4863e+00 (std: 0.0000e+00) keV/um
yD = 2.4370e+01 (std: 0.0000e+00) keV/um
y (keV/um)     f(y)(std)                  yf(y)(std)                 d(y)(std)                  yd(y)(std)  
1.0610e-01     2.2099e+01  0.0000e+00     2.3447e+00  0.0000e+00     4.2738e-01  0.0000e+00     4.5345e-02  0.0000e+00 
1.1905e-01     1.7774e+00  0.0000e+00     2.1159e-01  0.0000e+00     3.8567e-02  0.0000e+00     4.5913e-03  0.0000e+00 
1.3357e-01     5.7997e-01  0.0000e+00     7.7468e-02  0.0000e+00     1.4120e-02  0.0000e+00     1.8861e-03  0.0000e+00 
1.4987e-01     2.5807e+00  0.0000e+00     3.8678e-01  0.0000e+00     7.0500e-02  0.0000e+00     1.0566e-02  0.0000e+00 
1.6816e-01     8.6416e-01  0.0000e+00     1.4532e-01  0.0000e+00     2.6487e-02  0.0000e+00     4.4541e-03  0.0000e+00 
1.8868e-01     6.2499e-01  0.0000e+00     1.1792e-01  0.0000e+00     2.1494e-02  0.0000e+00     4.0554e-03  0.0000e+00 
2.1170e-01     6.4161e-01  0.0000e+00     1.3583e-01  0.0000e+00     2.4758e-02  0.0000e+00     5.2412e-03  0.0000e+00 
2.3753e-01     6.2188e-01  0.0000e+00     1.4771e-01  0.0000e+00     2.6924e-02  0.0000e+00     6.3954e-03  0.0000e+00 
2.6651e-01     3.0067e-01  0.0000e+00     8.0133e-02  0.0000e+00     1.4606e-02  0.0000e+00     3.8927e-03  0.0000e+00 
2.9903e-01     2.6227e-01  0.0000e+00     7.8427e-02  0.0000e+00     1.4295e-02  0.0000e+00     4.2747e-03  0.0000e+00 
3.3552e-01     1.2077e+00  0.0000e+00     4.0522e-01  0.0000e+00     7.3861e-02  0.0000e+00     2.4782e-02  0.0000e+00 
3.7646e-01     8.6524e-01  0.0000e+00     3.2573e-01  0.0000e+00     5.9372e-02  0.0000e+00     2.2351e-02  0.0000e+00 
4.2240e-01     4.1355e-01  0.0000e+00     1.7468e-01  0.0000e+00     3.1840e-02  0.0000e+00     1.3449e-02  0.0000e+00 
4.7394e-01     4.0940e-01  0.0000e+00     1.9403e-01  0.0000e+00     3.5366e-02  0.0000e+00     1.6761e-02  0.0000e+00 
5.3176e-01     2.8390e-01  0.0000e+00     1.5097e-01  0.0000e+00     2.7517e-02  0.0000e+00     1.4633e-02  0.0000e+00 
5.9665e-01     1.5749e-01  0.0000e+00     9.3964e-02  0.0000e+00     1.7127e-02  0.0000e+00     1.0219e-02  0.0000e+00 
6.6945e-01     2.1317e-01  0.0000e+00     1.4270e-01  0.0000e+00     2.6011e-02  0.0000e+00     1.7413e-02  0.0000e+00 
7.5114e-01     1.9346e-01  0.0000e+00     1.4532e-01  0.0000e+00     2.6487e-02  0.0000e+00     1.9896e-02  0.0000e+00 
8.4279e-01     1.0052e-01  0.0000e+00     8.4717e-02  0.0000e+00     1.5442e-02  0.0000e+00     1.3014e-02  0.0000e+00 
9.4563e-01     6.4338e-02  0.0000e+00     6.0839e-02  0.0000e+00     1.1089e-02  0.0000e+00     1.0486e-02  0.0000e+00 
1.0610e+00     4.9831e-02  0.0000e+00     5.2871e-02  0.0000e+00     9.6370e-03  0.0000e+00     1.0225e-02  0.0000e+00 
1.1905e+00     2.7758e-02  0.0000e+00     3.3045e-02  0.0000e+00     6.0231e-03  0.0000e+00     7.1704e-03  0.0000e+00 
1.3357e+00     1.7696e-02  0.0000e+00     2.3637e-02  0.0000e+00     4.3085e-03  0.0000e+00     5.7550e-03  0.0000e+00 
1.4987e+00     9.6374e-03  0.0000e+00     1.4444e-02  0.0000e+00     2.6327e-03  0.0000e+00     3.9457e-03  0.0000e+00 
1.6816e+00     4.4373e-03  0.0000e+00     7.4617e-03  0.0000e+00     1.3601e-03  0.0000e+00     2.2871e-03  0.0000e+00 
1.8868e+00     2.1045e-03  0.0000e+00     3.9707e-03  0.0000e+00     7.2375e-04  0.0000e+00     1.3655e-03  0.0000e+00 
2.1170e+00     7.3011e-04  0.0000e+00     1.5456e-03  0.0000e+00     2.8173e-04  0.0000e+00     5.9641e-04  0.0000e+00 
2.3753e+00     2.1316e-04  0.0000e+00     5.0633e-04  0.0000e+00     9.2290e-05  0.0000e+00     2.1922e-04  0.0000e+00 
2.6651e+00     1.0999e-04  0.0000e+00     2.9314e-04  0.0000e+00     5.3431e-05  0.0000e+00     1.4240e-04  0.0000e+00 
2.9903e+00     3.5647e-05  0.0000e+00     1.0660e-04  0.0000e+00     1.9429e-05  0.0000e+00     5.8100e-05  0.0000e+00 
3.3552e+00     0.0000e+00  0.0000e+00     0.0000e+00  0.0000e+00     0.0000e+00  0.0000e+00     0.0000e+00  0.0000e+00 
3.7646e+00     0.0000e+00  0.0000e+00     0.0000e+00  0.0000e+00     0.0000e+00  0.0000e+00     0.0000e+00  0.0000e+00 
4.2240e+00     0.0000e+00  0.0000e+00     0.0000e+00  0.0000e+00     0.0000e+00  0.0000e+00     0.0000e+00  0.0000e+00 
4.7394e+00     0.0000e+00  0.0000e+00     0.0000e+00  0.0000e+00     0.0000e+00  0.0000e+00     0.0000e+00  0.0000e+00 
5.3176e+00     0.0000e+00  0.0000e+00     0.0000e+00  0.0000e+00     0.0000e+00  0.0000e+00     0.0000e+00  0.0000e+00 
5.9665e+00     1.0547e-01  0.0000e+00     6.2926e-01  0.0000e+00     1.1470e-01  0.0000e+00     6.8434e-01  0.0000e+00 
6.6945e+00     2.7801e-02  0.0000e+00     1.8612e-01  0.0000e+00     3.3924e-02  0.0000e+00     2.2710e-01  0.0000e+00 
7.5114e+00     7.2269e-03  0.0000e+00     5.4284e-02  0.0000e+00     9.8944e-03  0.0000e+00     7.4321e-02  0.0000e+00 
8.4279e+00     2.7784e-02  0.0000e+00     2.3416e-01  0.0000e+00     4.2682e-02  0.0000e+00     3.5972e-01  0.0000e+00 
9.4563e+00     1.9251e-02  0.0000e+00     1.8204e-01  0.0000e+00     3.3181e-02  0.0000e+00     3.1376e-01  0.0000e+00 
1.0610e+01     2.7565e-02  0.0000e+00     2.9247e-01  0.0000e+00     5.3310e-02  0.0000e+00     5.6562e-01  0.0000e+00 
1.1905e+01     2.1044e-02  0.0000e+00     2.5053e-01  0.0000e+00     4.5664e-02  0.0000e+00     5.4362e-01  0.0000e+00 
1.3357e+01     1.5863e-02  0.0000e+00     2.1188e-01  0.0000e+00     3.8621e-02  0.0000e+00     5.1587e-01  0.0000e+00 
1.4987e+01     1.0061e-02  0.0000e+00     1.5078e-01  0.0000e+00     2.7483e-02  0.0000e+00     4.1189e-01  0.0000e+00 
1.6816e+01     6.7288e-03  0.0000e+00     1.1315e-01  0.0000e+00     2.0624e-02  0.0000e+00     3.4682e-01  0.0000e+00 
1.8868e+01     5.5846e-03  0.0000e+00     1.0537e-01  0.0000e+00     1.9206e-02  0.0000e+00     3.6237e-01  0.0000e+00 
2.1170e+01     5.1057e-03  0.0000e+00     1.0809e-01  0.0000e+00     1.9701e-02  0.0000e+00     4.1708e-01  0.0000e+00 
2.3753e+01     4.5774e-03  0.0000e+00     1.0873e-01  0.0000e+00     1.9818e-02  0.0000e+00     4.7074e-01  0.0000e+00 
2.6651e+01     3.0197e-03  0.0000e+00     8.0479e-02  0.0000e+00     1.4669e-02  0.0000e+00     3.9095e-01  0.0000e+00 
2.9903e+01     2.2154e-03  0.0000e+00     6.6249e-02  0.0000e+00     1.2075e-02  0.0000e+00     3.6109e-01  0.0000e+00 
3.3552e+01     1.9205e-03  0.0000e+00     6.4437e-02  0.0000e+00     1.1745e-02  0.0000e+00     3.9407e-01  0.0000e+00 
3.7646e+01     1.4802e-03  0.0000e+00     5.5723e-02  0.0000e+00     1.0157e-02  0.0000e+00     3.8236e-01  0.0000e+00 
4.2240e+01     1.0448e-03  0.0000e+00     4.4130e-02  0.0000e+00     8.0438e-03  0.0000e+00     3.3977e-01  0.0000e+00 
4.7394e+01     7.9732e-04  0.0000e+00     3.7788e-02  0.0000e+00     6.8877e-03  0.0000e+00     3.2643e-01  0.0000e+00 
5.3176e+01     4.8460e-04  0.0000e+00     2.5769e-02  0.0000e+00     4.6971e-03  0.0000e+00     2.4977e-01  0.0000e+00 
5.9665e+01     3.3632e-04  0.0000e+00     2.0067e-02  0.0000e+00     3.6576e-03  0.0000e+00     2.1823e-01  0.0000e+00 
6.6945e+01     2.0023e-04  0.0000e+00     1.3404e-02  0.0000e+00     2.4433e-03  0.0000e+00     1.6356e-01  0.0000e+00 
7.5114e+01     1.0785e-04  0.0000e+00     8.1012e-03  0.0000e+00     1.4766e-03  0.0000e+00     1.1092e-01  0.0000e+00 
8.4279e+01     6.5769e-05  0.0000e+00     5.5430e-03  0.0000e+00     1.0103e-03  0.0000e+00     8.5150e-02  0.0000e+00 
9.4563e+01     2.8745e-05  0.0000e+00     2.7182e-03  0.0000e+00     4.9545e-04  0.0000e+00     4.6851e-02  0.0000e+00 
1.0610e+02     1.0800e-05  0.0000e+00     1.1459e-03  0.0000e+00     2.0887e-04  0.0000e+00     2.2161e-02  0.0000e+00 
1.1905e+02     6.2678e-06  0.0000e+00     7.4617e-04  0.0000e+00     1.3601e-04  0.0000e+00     1.6191e-02  0.0000e+00 
1.3357e+02     2.3941e-06  0.0000e+00     3.1979e-04  0.0000e+00     5.8288e-05  0.0000e+00     7.7858e-03  0.0000e+00 
1.4987e+02     3.5562e-07  0.0000e+00     5.3298e-05  0.0000e+00     9.7147e-06  0.0000e+00     1.4560e-03  0.0000e+00 
1.6816e+02     0.0000e+00  0.0000e+00     0.0000e+00  0.0000e+00     0.0000e+00  0.0000e+00     0.0000e+00  0.0000e+00 
1.8868e+02     0.0000e+00  0.0000e+00     0.0000e+00  0.0000e+00     0.0000e+00  0.0000e+00     0.0000e+00  0.0000e+00 
2.1170e+02     0.0000e+00  0.0000e+00     0.0000e+00  0.0000e+00     0.0000e+00  0.0000e+00     0.0000e+00  0.0000e+00 
2.3753e+02     0.0000e+00  0.0000e+00     0.0000e+00  0.0000e+00     0.0000e+00  0.0000e+00     0.0000e+00  0.0000e+00 
2.6651e+02     0.0000e+00  0.0000e+00     0.0000e+00  0.0000e+00     0.0000e+00  0.0000e+00     0.0000e+00  0.0000e+00 
2.9903e+02     0.0000e+00  0.0000e+00     0.0000e+00  0.0000e+00     0.0000e+00  0.0000e+00     0.0000e+00  0.0000e+00 
3.3552e+02     0.0000e+00  0.0000e+00     0.0000e+00  0.0000e+00     0.0000e+00  0.0000e+00     0.0000e+00  0.0000e+00 
3.7646e+02     0.0000e+00  0.0000e+00     0.0000e+00  0.0000e+00     0.0000e+00  0.0000e+00     0.0000e+00  0.0000e+00 
4.2240e+02     0.0000e+00  0.0000e+00     0.0000e+00  0.0000e+00     0.0000e+00  0.0000e+00     0.0000e+00  0.0000e+00 
4.7394e+02     0.0000e+00  0.0000e+00     0.0000e+00  0.0000e+00     0.0000e+00  0.0000e+00     0.0000e+00  0.0000e+00 
5.3176e+02     0.0000e+00  0.0000e+00     0.0000e+00  0.0000e+00     0.0000e+00  0.0000e+00     0.0000e+00  0.0000e+00 
5.9665e+02     0.0000e+00  0.0000e+00     0.0000e+00  0.0000e+00     0.0000e+00  0.0000e+00     0.0000e+00  0.0000e+00 
6.6945e+02     0.0000e+00  0.0000e+00     0.0000e+00  0.0000e+00     0.0000e+00  0.0000e+00     0.0000e+00  0.0000e+00 
7.5114e+02     0.0000e+00  0.0000e+00     0.0000e+00  0.0000e+00     0.0000e+00  0.0000e+00     0.0000e+00  0.0000e+00 
8.4279e+02     0.0000e+00  0.0000e+00     0.0000e+00  0.0000e+00     0.0000e+00  0.0000e+00     0.0000e+00  0.0000e+00 
9.4563e+02     0.0000e+00  0.0000e+00     0.0000e+00  0.0000e+00     0.0000e+00  0.0000e+00     0.0000e+00  0.0000e+00 
1.0610e+03     0.0000e+00  0.0000e+00     0.0000e+00  0.0000e+00     0.0000e+00  0.0000e+00     0.0000e+00  0.0000e+00 
1.1905e+03     0.0000e+00  0.0000e+00     0.0000e+00  0.0000e+00     0.0000e+00  0.0000e+00     0.0000e+00  0.0000e+00 
1.3357e+03     0.0000e+00  0.0000e+00     0.0000e+00  0.0000e+00     0.0000e+00  0.0000e+00     0.0000e+00  0.0000e+00 
1.4987e+03     0.0000e+00  0.0000e+00     0.0000e+00  0.0000e+00     0.0000e+00  0.0000e+00     0.0000e+00  0.0000e+00 
1.6816e+03     0.0000e+00  0.0000e+00     0.0000e+00  0.0000e+00     0.0000e+00  0.0000e+00     0.0000e+00  0.0000e+00 
1.8868e+03     0.0000e+00  0.0000e+00     0.0000e+00  0.0000e+00     0.0000e+00  0.0000e+00     0.0000e+00  0.0000e+00 
2.1170e+03     0.0000e+00  0.0000e+00     0.0000e+00  0.0000e+00     0.0000e+00  0.0000e+00     0.0000e+00  0.0000e+00 
2.3753e+03     0.0000e+00  0.0000e+00     0.0000e+00  0.0000e+00     0.0000e+00  0.0000e+00     0.0000e+00  0.0000e+00 
2.6651e+03     0.0000e+00  0.0000e+00     0.0000e+00  0.0000e+00     0.0000e+00  0.0000e+00     0.0000e+00  0.0000e+00 
2.9903e+03     0.0000e+00  0.0000e+00     0.0000e+00  0.0000e+00     0.0000e+00  0.0000e+00     0.0000e+00  0.0000e+00 
3.3552e+03     0.0000e+00  0.0000e+00     0.0000e+00  0.0000e+00     0.0000e+00  0.0000e+00     0.0000e+00  0.0000e+00 
3.7646e+03     0.0000e+00  0.0000e+00     0.0000e+00  0.0000e+00     0.0000e+00  0.0000e+00     0.0000e+00  0.0000e+00 
4.2240e+03     0.0000e+00  0.0000e+00     0.0000e+00  0.0000e+00     0.0000e+00  0.0000e+00     0.0000e+00  0.0000e+00 
4.7394e+03     0.0000e+00  0.0000e+00     0.0000e+00  0.0000e+00     0.0000e+00  0.0000e+00     0.0000e+00  0.0000e+00 
5.3176e+03     0.0000e+00  0.0000e+00     0.0000e+00  0.0000e+00     0.0000e+00  0.0000e+00     0.0000e+00  0.0000e+00 
5.9665e+03     0.0000e+00  0.0000e+00     0.0000e+00  0.0000e+00     0.0000e+00  0.0000e+00     0.0000e+00  0.0000e+00 
6.6945e+03     0.0000e+00  0.0000e+00     0.0000e+00  0.0000e+00     0.0000e+00  0.0000e+00     0.0000e+00  0.0000e+00 
7.5114e+03     0.0000e+00  0.0000e+00     0.0000e+00  0.0000e+00     0.0000e+00  0.0000e+00     0.0000e+00  0.0000e+00 
8.4279e+03     0.0000e+00  0.0000e+00     0.0000e+00  0.0000e+00     0.0000e+00  0.0000e+00     0.0000e+00  0.0000e+00 
9.4563e+03     0.0000e+00  0.0000e+00     0.0000e+00  0.0000e+00     0.0000e+00  0.0000e+00     0.0000e+00  0.0000e+00 
