yF = 4.2847e+00 (std: 0.0000e+00) keV/um
yD = 1.9314e+01 (std: 0.0000e+00) keV/um
y (keV/um)     f(y)(std)                  yf(y)(std)                 d(y)(std)                  yd(y)(std)  
1.0610e-01     2.5973e+01  0.0000e+00     2.7557e+00  0.0000e+00     6.4315e-01  0.0000e+00     6.8239e-02  0.0000e+00 
1.1905e-01     1.9240e+00  0.0000e+00     2.2904e-01  0.0000e+00     5.3455e-02  0.0000e+00     6.3637e-03  0.0000e+00 
1.3357e-01     5.3165e-01  0.0000e+00     7.1014e-02  0.0000e+00     1.6574e-02  0.0000e+00     2.2138e-03  0.0000e+00 
1.4987e-01     2.9746e+00  0.0000e+00     4.4581e-01  0.0000e+00     1.0405e-01  0.0000e+00     1.5593e-02  0.0000e+00 
1.6816e-01     8.4070e-01  0.0000e+00     1.4137e-01  0.0000e+00     3.2994e-02  0.0000e+00     5.5482e-03  0.0000e+00 
1.8868e-01     5.6224e-01  0.0000e+00     1.0608e-01  0.0000e+00     2.4758e-02  0.0000e+00     4.6713e-03  0.0000e+00 
2.1170e-01     6.2120e-01  0.0000e+00     1.3151e-01  0.0000e+00     3.0692e-02  0.0000e+00     6.4975e-03  0.0000e+00 
2.3753e-01     5.7487e-01  0.0000e+00     1.3655e-01  0.0000e+00     3.1868e-02  0.0000e+00     7.5697e-03  0.0000e+00 
2.6651e-01     2.5001e-01  0.0000e+00     6.6630e-02  0.0000e+00     1.5551e-02  0.0000e+00     4.1444e-03  0.0000e+00 
2.9903e-01     2.5214e-01  0.0000e+00     7.5398e-02  0.0000e+00     1.7597e-02  0.0000e+00     5.2620e-03  0.0000e+00 
3.3552e-01     1.4156e+00  0.0000e+00     4.7496e-01  0.0000e+00     1.1085e-01  0.0000e+00     3.7192e-02  0.0000e+00 
3.7646e-01     8.4479e-01  0.0000e+00     3.1803e-01  0.0000e+00     7.4223e-02  0.0000e+00     2.7942e-02  0.0000e+00 
4.2240e-01     3.8969e-01  0.0000e+00     1.6460e-01  0.0000e+00     3.8416e-02  0.0000e+00     1.6227e-02  0.0000e+00 
4.7394e-01     3.7090e-01  0.0000e+00     1.7578e-01  0.0000e+00     4.1025e-02  0.0000e+00     1.9443e-02  0.0000e+00 
5.3176e-01     2.5184e-01  0.0000e+00     1.3392e-01  0.0000e+00     3.1255e-02  0.0000e+00     1.6620e-02  0.0000e+00 
5.9665e-01     1.1976e-01  0.0000e+00     7.1452e-02  0.0000e+00     1.6676e-02  0.0000e+00     9.9497e-03  0.0000e+00 
6.6945e-01     2.1117e-01  0.0000e+00     1.4137e-01  0.0000e+00     3.2994e-02  0.0000e+00     2.2088e-02  0.0000e+00 
7.5114e-01     1.7479e-01  0.0000e+00     1.3129e-01  0.0000e+00     3.0641e-02  0.0000e+00     2.3015e-02  0.0000e+00 
8.4279e-01     7.9840e-02  0.0000e+00     6.7288e-02  0.0000e+00     1.5704e-02  0.0000e+00     1.3235e-02  0.0000e+00 
9.4563e-01     4.4502e-02  0.0000e+00     4.2082e-02  0.0000e+00     9.8214e-03  0.0000e+00     9.2874e-03  0.0000e+00 
1.0610e+00     4.0489e-02  0.0000e+00     4.2959e-02  0.0000e+00     1.0026e-02  0.0000e+00     1.0638e-02  0.0000e+00 
1.1905e+00     1.9700e-02  0.0000e+00     2.3452e-02  0.0000e+00     5.4734e-03  0.0000e+00     6.5159e-03  0.0000e+00 
1.3357e+00     1.3455e-02  0.0000e+00     1.7973e-02  0.0000e+00     4.1946e-03  0.0000e+00     5.6028e-03  0.0000e+00 
1.4987e+00     7.0197e-03  0.0000e+00     1.0521e-02  0.0000e+00     2.4554e-03  0.0000e+00     3.6799e-03  0.0000e+00 
1.6816e+00     2.6068e-03  0.0000e+00     4.3836e-03  0.0000e+00     1.0231e-03  0.0000e+00     1.7204e-03  0.0000e+00 
1.8868e+00     8.1316e-04  0.0000e+00     1.5343e-03  0.0000e+00     3.5807e-04  0.0000e+00     6.7560e-04  0.0000e+00 
2.1170e+00     0.0000e+00  0.0000e+00     0.0000e+00  0.0000e+00     0.0000e+00  0.0000e+00     0.0000e+00  0.0000e+00 
2.3753e+00     9.2274e-05  0.0000e+00     2.1918e-04  0.0000e+00     5.1153e-05  0.0000e+00     1.2150e-04  0.0000e+00 
2.6651e+00     8.2239e-05  0.0000e+00     2.1918e-04  0.0000e+00     5.1153e-05  0.0000e+00     1.3633e-04  0.0000e+00 
2.9903e+00     7.3296e-05  0.0000e+00     2.1918e-04  0.0000e+00     5.1153e-05  0.0000e+00     1.5297e-04  0.0000e+00 
3.3552e+00     0.0000e+00  0.0000e+00     0.0000e+00  0.0000e+00     0.0000e+00  0.0000e+00     0.0000e+00  0.0000e+00 
3.7646e+00     0.0000e+00  0.0000e+00     0.0000e+00  0.0000e+00     0.0000e+00  0.0000e+00     0.0000e+00  0.0000e+00 
4.2240e+00     0.0000e+00  0.0000e+00     0.0000e+00  0.0000e+00     0.0000e+00  0.0000e+00     0.0000e+00  0.0000e+00 
4.7394e+00     0.0000e+00  0.0000e+00     0.0000e+00  0.0000e+00     0.0000e+00  0.0000e+00     0.0000e+00  0.0000e+00 
5.3176e+00     0.0000e+00  0.0000e+00     0.0000e+00  0.0000e+00     0.0000e+00  0.0000e+00     0.0000e+00  0.0000e+00 
5.9665e+00     9.9809e-02  0.0000e+00     5.9551e-01  0.0000e+00     1.3898e-01  0.0000e+00     8.2924e-01  0.0000e+00 
6.6945e+00     2.2001e-02  0.0000e+00     1.4729e-01  0.0000e+00     3.4375e-02  0.0000e+00     2.3012e-01  0.0000e+00 
7.5114e+00     5.6317e-03  0.0000e+00     4.2302e-02  0.0000e+00     9.8726e-03  0.0000e+00     7.4157e-02  0.0000e+00 
8.4279e+00     2.6526e-02  0.0000e+00     2.2356e-01  0.0000e+00     5.2176e-02  0.0000e+00     4.3974e-01  0.0000e+00 
9.4563e+00     1.7940e-02  0.0000e+00     1.6964e-01  0.0000e+00     3.9593e-02  0.0000e+00     3.7440e-01  0.0000e+00 
1.0610e+01     4.1088e-02  0.0000e+00     4.3595e-01  0.0000e+00     1.0174e-01  0.0000e+00     1.0795e+00  0.0000e+00 
1.1905e+01     1.8227e-02  0.0000e+00     2.1699e-01  0.0000e+00     5.0642e-02  0.0000e+00     6.0288e-01  0.0000e+00 
1.3357e+01     1.3587e-02  0.0000e+00     1.8148e-01  0.0000e+00     4.2355e-02  0.0000e+00     5.6575e-01  0.0000e+00 
1.4987e+01     8.3798e-03  0.0000e+00     1.2559e-01  0.0000e+00     2.9311e-02  0.0000e+00     4.3929e-01  0.0000e+00 
1.6816e+01     5.1876e-03  0.0000e+00     8.7233e-02  0.0000e+00     2.0359e-02  0.0000e+00     3.4235e-01  0.0000e+00 
1.8868e+01     3.9845e-03  0.0000e+00     7.5178e-02  0.0000e+00     1.7546e-02  0.0000e+00     3.3104e-01  0.0000e+00 
2.1170e+01     3.5098e-03  0.0000e+00     7.4302e-02  0.0000e+00     1.7341e-02  0.0000e+00     3.6711e-01  0.0000e+00 
2.3753e+01     3.6079e-03  0.0000e+00     8.5699e-02  0.0000e+00     2.0001e-02  0.0000e+00     4.7508e-01  0.0000e+00 
2.6651e+01     2.1053e-03  0.0000e+00     5.6110e-02  0.0000e+00     1.3095e-02  0.0000e+00     3.4901e-01  0.0000e+00 
2.9903e+01     1.5612e-03  0.0000e+00     4.6685e-02  0.0000e+00     1.0896e-02  0.0000e+00     3.2582e-01  0.0000e+00 
3.3552e+01     1.2934e-03  0.0000e+00     4.3397e-02  0.0000e+00     1.0128e-02  0.0000e+00     3.3983e-01  0.0000e+00 
3.7646e+01     9.3736e-04  0.0000e+00     3.5288e-02  0.0000e+00     8.2357e-03  0.0000e+00     3.1004e-01  0.0000e+00 
4.2240e+01     5.5003e-04  0.0000e+00     2.3233e-02  0.0000e+00     5.4222e-03  0.0000e+00     2.2903e-01  0.0000e+00 
4.7394e+01     3.7922e-04  0.0000e+00     1.7973e-02  0.0000e+00     4.1946e-03  0.0000e+00     1.9880e-01  0.0000e+00 
5.3176e+01     2.5555e-04  0.0000e+00     1.3589e-02  0.0000e+00     3.1715e-03  0.0000e+00     1.6865e-01  0.0000e+00 
5.9665e+01     1.3959e-04  0.0000e+00     8.3288e-03  0.0000e+00     1.9438e-03  0.0000e+00     1.1598e-01  0.0000e+00 
6.6945e+01     5.5658e-05  0.0000e+00     3.7260e-03  0.0000e+00     8.6961e-04  0.0000e+00     5.8216e-02  0.0000e+00 
7.5114e+01     3.7933e-05  0.0000e+00     2.8493e-03  0.0000e+00     6.6499e-04  0.0000e+00     4.9950e-02  0.0000e+00 
8.4279e+01     1.3003e-05  0.0000e+00     1.0959e-03  0.0000e+00     2.5577e-04  0.0000e+00     2.1556e-02  0.0000e+00 
9.4563e+01     6.9535e-06  0.0000e+00     6.5754e-04  0.0000e+00     1.5346e-04  0.0000e+00     1.4512e-02  0.0000e+00 
1.0610e+02     2.0658e-06  0.0000e+00     2.1918e-04  0.0000e+00     5.1153e-05  0.0000e+00     5.4274e-03  0.0000e+00 
1.1905e+02     0.0000e+00  0.0000e+00     0.0000e+00  0.0000e+00     0.0000e+00  0.0000e+00     0.0000e+00  0.0000e+00 
1.3357e+02     0.0000e+00  0.0000e+00     0.0000e+00  0.0000e+00     0.0000e+00  0.0000e+00     0.0000e+00  0.0000e+00 
1.4987e+02     1.4624e-06  0.0000e+00     2.1918e-04  0.0000e+00     5.1153e-05  0.0000e+00     7.6664e-03  0.0000e+00 
1.6816e+02     0.0000e+00  0.0000e+00     0.0000e+00  0.0000e+00     0.0000e+00  0.0000e+00     0.0000e+00  0.0000e+00 
1.8868e+02     0.0000e+00  0.0000e+00     0.0000e+00  0.0000e+00     0.0000e+00  0.0000e+00     0.0000e+00  0.0000e+00 
2.1170e+02     0.0000e+00  0.0000e+00     0.0000e+00  0.0000e+00     0.0000e+00  0.0000e+00     0.0000e+00  0.0000e+00 
2.3753e+02     0.0000e+00  0.0000e+00     0.0000e+00  0.0000e+00     0.0000e+00  0.0000e+00     0.0000e+00  0.0000e+00 
2.6651e+02     0.0000e+00  0.0000e+00     0.0000e+00  0.0000e+00     0.0000e+00  0.0000e+00     0.0000e+00  0.0000e+00 
2.9903e+02     0.0000e+00  0.0000e+00     0.0000e+00  0.0000e+00     0.0000e+00  0.0000e+00     0.0000e+00  0.0000e+00 
3.3552e+02     0.0000e+00  0.0000e+00     0.0000e+00  0.0000e+00     0.0000e+00  0.0000e+00     0.0000e+00  0.0000e+00 
3.7646e+02     0.0000e+00  0.0000e+00     0.0000e+00  0.0000e+00     0.0000e+00  0.0000e+00     0.0000e+00  0.0000e+00 
4.2240e+02     0.0000e+00  0.0000e+00     0.0000e+00  0.0000e+00     0.0000e+00  0.0000e+00     0.0000e+00  0.0000e+00 
4.7394e+02     0.0000e+00  0.0000e+00     0.0000e+00  0.0000e+00     0.0000e+00  0.0000e+00     0.0000e+00  0.0000e+00 
5.3176e+02     0.0000e+00  0.0000e+00     0.0000e+00  0.0000e+00     0.0000e+00  0.0000e+00     0.0000e+00  0.0000e+00 
5.9665e+02     0.0000e+00  0.0000e+00     0.0000e+00  0.0000e+00     0.0000e+00  0.0000e+00     0.0000e+00  0.0000e+00 
6.6945e+02     0.0000e+00  0.0000e+00     0.0000e+00  0.0000e+00     0.0000e+00  0.0000e+00     0.0000e+00  0.0000e+00 
7.5114e+02     0.0000e+00  0.0000e+00     0.0000e+00  0.0000e+00     0.0000e+00  0.0000e+00     0.0000e+00  0.0000e+00 
8.4279e+02     0.0000e+00  0.0000e+00     0.0000e+00  0.0000e+00     0.0000e+00  0.0000e+00     0.0000e+00  0.0000e+00 
9.4563e+02     0.0000e+00  0.0000e+00     0.0000e+00  0.0000e+00     0.0000e+00  0.0000e+00     0.0000e+00  0.0000e+00 
1.0610e+03     0.0000e+00  0.0000e+00     0.0000e+00  0.0000e+00     0.0000e+00  0.0000e+00     0.0000e+00  0.0000e+00 
1.1905e+03     0.0000e+00  0.0000e+00     0.0000e+00  0.0000e+00     0.0000e+00  0.0000e+00     0.0000e+00  0.0000e+00 
1.3357e+03     0.0000e+00  0.0000e+00     0.0000e+00  0.0000e+00     0.0000e+00  0.0000e+00     0.0000e+00  0.0000e+00 
1.4987e+03     0.0000e+00  0.0000e+00     0.0000e+00  0.0000e+00     0.0000e+00  0.0000e+00     0.0000e+00  0.0000e+00 
1.6816e+03     0.0000e+00  0.0000e+00     0.0000e+00  0.0000e+00     0.0000e+00  0.0000e+00     0.0000e+00  0.0000e+00 
1.8868e+03     0.0000e+00  0.0000e+00     0.0000e+00  0.0000e+00     0.0000e+00  0.0000e+00     0.0000e+00  0.0000e+00 
2.1170e+03     0.0000e+00  0.0000e+00     0.0000e+00  0.0000e+00     0.0000e+00  0.0000e+00     0.0000e+00  0.0000e+00 
2.3753e+03     0.0000e+00  0.0000e+00     0.0000e+00  0.0000e+00     0.0000e+00  0.0000e+00     0.0000e+00  0.0000e+00 
2.6651e+03     0.0000e+00  0.0000e+00     0.0000e+00  0.0000e+00     0.0000e+00  0.0000e+00     0.0000e+00  0.0000e+00 
2.9903e+03     0.0000e+00  0.0000e+00     0.0000e+00  0.0000e+00     0.0000e+00  0.0000e+00     0.0000e+00  0.0000e+00 
3.3552e+03     0.0000e+00  0.0000e+00     0.0000e+00  0.0000e+00     0.0000e+00  0.0000e+00     0.0000e+00  0.0000e+00 
3.7646e+03     0.0000e+00  0.0000e+00     0.0000e+00  0.0000e+00     0.0000e+00  0.0000e+00     0.0000e+00  0.0000e+00 
4.2240e+03     0.0000e+00  0.0000e+00     0.0000e+00  0.0000e+00     0.0000e+00  0.0000e+00     0.0000e+00  0.0000e+00 
4.7394e+03     0.0000e+00  0.0000e+00     0.0000e+00  0.0000e+00     0.0000e+00  0.0000e+00     0.0000e+00  0.0000e+00 
5.3176e+03     0.0000e+00  0.0000e+00     0.0000e+00  0.0000e+00     0.0000e+00  0.0000e+00     0.0000e+00  0.0000e+00 
5.9665e+03     0.0000e+00  0.0000e+00     0.0000e+00  0.0000e+00     0.0000e+00  0.0000e+00     0.0000e+00  0.0000e+00 
6.6945e+03     0.0000e+00  0.0000e+00     0.0000e+00  0.0000e+00     0.0000e+00  0.0000e+00     0.0000e+00  0.0000e+00 
7.5114e+03     0.0000e+00  0.0000e+00     0.0000e+00  0.0000e+00     0.0000e+00  0.0000e+00     0.0000e+00  0.0000e+00 
8.4279e+03     0.0000e+00  0.0000e+00     0.0000e+00  0.0000e+00     0.0000e+00  0.0000e+00     0.0000e+00  0.0000e+00 
9.4563e+03     0.0000e+00  0.0000e+00     0.0000e+00  0.0000e+00     0.0000e+00  0.0000e+00     0.0000e+00  0.0000e+00 
