yF = 5.0123e+00 (std: 0.0000e+00) keV/um
yD = 2.3546e+01 (std: 0.0000e+00) keV/um
y (keV/um)     f(y)(std)                  yf(y)(std)                 d(y)(std)                  yd(y)(std)  
1.0610e-01     2.2614e+01  0.0000e+00     2.3994e+00  0.0000e+00     4.7869e-01  0.0000e+00     5.0790e-02  0.0000e+00 
1.1905e-01     1.8287e+00  0.0000e+00     2.1770e-01  0.0000e+00     4.3433e-02  0.0000e+00     5.1706e-03  0.0000e+00 
1.3357e-01     5.9737e-01  0.0000e+00     7.9792e-02  0.0000e+00     1.5919e-02  0.0000e+00     2.1264e-03  0.0000e+00 
1.4987e-01     2.6171e+00  0.0000e+00     3.9223e-01  0.0000e+00     7.8254e-02  0.0000e+00     1.1728e-02  0.0000e+00 
1.6816e-01     8.8299e-01  0.0000e+00     1.4848e-01  0.0000e+00     2.9624e-02  0.0000e+00     4.9815e-03  0.0000e+00 
1.8868e-01     6.4299e-01  0.0000e+00     1.2132e-01  0.0000e+00     2.4204e-02  0.0000e+00     4.5667e-03  0.0000e+00 
2.1170e-01     6.5715e-01  0.0000e+00     1.3912e-01  0.0000e+00     2.7755e-02  0.0000e+00     5.8758e-03  0.0000e+00 
2.3753e-01     6.2942e-01  0.0000e+00     1.4951e-01  0.0000e+00     2.9828e-02  0.0000e+00     7.0850e-03  0.0000e+00 
2.6651e-01     3.1336e-01  0.0000e+00     8.3514e-02  0.0000e+00     1.6662e-02  0.0000e+00     4.4406e-03  0.0000e+00 
2.9903e-01     2.7161e-01  0.0000e+00     8.1219e-02  0.0000e+00     1.6204e-02  0.0000e+00     4.8455e-03  0.0000e+00 
3.3552e-01     1.2682e+00  0.0000e+00     4.2551e-01  0.0000e+00     8.4893e-02  0.0000e+00     2.8483e-02  0.0000e+00 
3.7646e-01     8.9749e-01  0.0000e+00     3.3787e-01  0.0000e+00     6.7408e-02  0.0000e+00     2.5377e-02  0.0000e+00 
4.2240e-01     4.3566e-01  0.0000e+00     1.8402e-01  0.0000e+00     3.6714e-02  0.0000e+00     1.5508e-02  0.0000e+00 
4.7394e-01     4.1642e-01  0.0000e+00     1.9736e-01  0.0000e+00     3.9375e-02  0.0000e+00     1.8661e-02  0.0000e+00 
5.3176e-01     2.9515e-01  0.0000e+00     1.5695e-01  0.0000e+00     3.1313e-02  0.0000e+00     1.6651e-02  0.0000e+00 
5.9665e-01     1.6211e-01  0.0000e+00     9.6725e-02  0.0000e+00     1.9298e-02  0.0000e+00     1.1514e-02  0.0000e+00 
6.6945e-01     2.3217e-01  0.0000e+00     1.5543e-01  0.0000e+00     3.1010e-02  0.0000e+00     2.0759e-02  0.0000e+00 
7.5114e-01     2.0032e-01  0.0000e+00     1.5047e-01  0.0000e+00     3.0020e-02  0.0000e+00     2.2549e-02  0.0000e+00 
8.4279e-01     1.0774e-01  0.0000e+00     9.0801e-02  0.0000e+00     1.8116e-02  0.0000e+00     1.5268e-02  0.0000e+00 
9.4563e-01     6.6770e-02  0.0000e+00     6.3139e-02  0.0000e+00     1.2597e-02  0.0000e+00     1.1912e-02  0.0000e+00 
1.0610e+00     5.1880e-02  0.0000e+00     5.5045e-02  0.0000e+00     1.0982e-02  0.0000e+00     1.1652e-02  0.0000e+00 
1.1905e+00     2.9176e-02  0.0000e+00     3.4733e-02  0.0000e+00     6.9295e-03  0.0000e+00     8.2494e-03  0.0000e+00 
1.3357e+00     1.8597e-02  0.0000e+00     2.4840e-02  0.0000e+00     4.9559e-03  0.0000e+00     6.6197e-03  0.0000e+00 
1.4987e+00     1.0367e-02  0.0000e+00     1.5537e-02  0.0000e+00     3.0997e-03  0.0000e+00     4.6456e-03  0.0000e+00 
1.6816e+00     5.2743e-03  0.0000e+00     8.8693e-03  0.0000e+00     1.7695e-03  0.0000e+00     2.9756e-03  0.0000e+00 
1.8868e+00     2.0545e-03  0.0000e+00     3.8764e-03  0.0000e+00     7.7339e-04  0.0000e+00     1.4592e-03  0.0000e+00 
2.1170e+00     9.8147e-04  0.0000e+00     2.0778e-03  0.0000e+00     4.1453e-04  0.0000e+00     8.7757e-04  0.0000e+00 
2.3753e+00     3.0028e-04  0.0000e+00     7.1326e-04  0.0000e+00     1.4230e-04  0.0000e+00     3.3801e-04  0.0000e+00 
2.6651e+00     9.3088e-05  0.0000e+00     2.4809e-04  0.0000e+00     4.9497e-05  0.0000e+00     1.3192e-04  0.0000e+00 
2.9903e+00     0.0000e+00  0.0000e+00     0.0000e+00  0.0000e+00     0.0000e+00  0.0000e+00     0.0000e+00  0.0000e+00 
3.3552e+00     9.2428e-06  0.0000e+00     3.1011e-05  0.0000e+00     6.1871e-06  0.0000e+00     2.0759e-05  0.0000e+00 
3.7646e+00     0.0000e+00  0.0000e+00     0.0000e+00  0.0000e+00     0.0000e+00  0.0000e+00     0.0000e+00  0.0000e+00 
4.2240e+00     0.0000e+00  0.0000e+00     0.0000e+00  0.0000e+00     0.0000e+00  0.0000e+00     0.0000e+00  0.0000e+00 
4.7394e+00     0.0000e+00  0.0000e+00     0.0000e+00  0.0000e+00     0.0000e+00  0.0000e+00     0.0000e+00  0.0000e+00 
5.3176e+00     0.0000e+00  0.0000e+00     0.0000e+00  0.0000e+00     0.0000e+00  0.0000e+00     0.0000e+00  0.0000e+00 
5.9665e+00     1.1059e-01  0.0000e+00     6.5983e-01  0.0000e+00     1.3164e-01  0.0000e+00     7.8544e-01  0.0000e+00 
6.6945e+00     2.9022e-02  0.0000e+00     1.9429e-01  0.0000e+00     3.8762e-02  0.0000e+00     2.5949e-01  0.0000e+00 
7.5114e+00     7.2003e-03  0.0000e+00     5.4084e-02  0.0000e+00     1.0790e-02  0.0000e+00     8.1050e-02  0.0000e+00 
8.4279e+00     2.5732e-02  0.0000e+00     2.1686e-01  0.0000e+00     4.3266e-02  0.0000e+00     3.6464e-01  0.0000e+00 
9.4563e+00     1.9401e-02  0.0000e+00     1.8346e-01  0.0000e+00     3.6603e-02  0.0000e+00     3.4613e-01  0.0000e+00 
1.0610e+01     2.5537e-02  0.0000e+00     2.7095e-01  0.0000e+00     5.4057e-02  0.0000e+00     5.7355e-01  0.0000e+00 
1.1905e+01     1.8042e-02  0.0000e+00     2.1479e-01  0.0000e+00     4.2852e-02  0.0000e+00     5.1014e-01  0.0000e+00 
1.3357e+01     1.3438e-02  0.0000e+00     1.7949e-01  0.0000e+00     3.5811e-02  0.0000e+00     4.7834e-01  0.0000e+00 
1.4987e+01     8.7382e-03  0.0000e+00     1.3096e-01  0.0000e+00     2.6128e-02  0.0000e+00     3.9159e-01  0.0000e+00 
1.6816e+01     7.0208e-03  0.0000e+00     1.1806e-01  0.0000e+00     2.3554e-02  0.0000e+00     3.9608e-01  0.0000e+00 
1.8868e+01     4.7041e-03  0.0000e+00     8.8755e-02  0.0000e+00     1.7707e-02  0.0000e+00     3.3410e-01  0.0000e+00 
2.1170e+01     4.4445e-03  0.0000e+00     9.4089e-02  0.0000e+00     1.8772e-02  0.0000e+00     3.9739e-01  0.0000e+00 
2.3753e+01     3.9807e-03  0.0000e+00     9.4554e-02  0.0000e+00     1.8864e-02  0.0000e+00     4.4809e-01  0.0000e+00 
2.6651e+01     2.7275e-03  0.0000e+00     7.2691e-02  0.0000e+00     1.4503e-02  0.0000e+00     3.8651e-01  0.0000e+00 
2.9903e+01     2.0399e-03  0.0000e+00     6.0999e-02  0.0000e+00     1.2170e-02  0.0000e+00     3.6392e-01  0.0000e+00 
3.3552e+01     1.7848e-03  0.0000e+00     5.9883e-02  0.0000e+00     1.1947e-02  0.0000e+00     4.0086e-01  0.0000e+00 
3.7646e+01     1.2785e-03  0.0000e+00     4.8130e-02  0.0000e+00     9.6024e-03  0.0000e+00     3.6149e-01  0.0000e+00 
4.2240e+01     8.4137e-04  0.0000e+00     3.5539e-02  0.0000e+00     7.0904e-03  0.0000e+00     2.9950e-01  0.0000e+00 
4.7394e+01     6.8967e-04  0.0000e+00     3.2686e-02  0.0000e+00     6.5212e-03  0.0000e+00     3.0906e-01  0.0000e+00 
5.3176e+01     4.6013e-04  0.0000e+00     2.4468e-02  0.0000e+00     4.8816e-03  0.0000e+00     2.5959e-01  0.0000e+00 
5.9665e+01     2.9314e-04  0.0000e+00     1.7490e-02  0.0000e+00     3.4895e-03  0.0000e+00     2.0820e-01  0.0000e+00 
6.6945e+01     1.6862e-04  0.0000e+00     1.1288e-02  0.0000e+00     2.2521e-03  0.0000e+00     1.5077e-01  0.0000e+00 
7.5114e+01     1.0445e-04  0.0000e+00     7.8459e-03  0.0000e+00     1.5653e-03  0.0000e+00     1.1758e-01  0.0000e+00 
8.4279e+01     4.5995e-05  0.0000e+00     3.8764e-03  0.0000e+00     7.7339e-04  0.0000e+00     6.5180e-02  0.0000e+00 
9.4563e+01     2.0333e-05  0.0000e+00     1.9227e-03  0.0000e+00     3.8360e-04  0.0000e+00     3.6274e-02  0.0000e+00 
1.0610e+02     1.2276e-05  0.0000e+00     1.3025e-03  0.0000e+00     2.5986e-04  0.0000e+00     2.7571e-02  0.0000e+00 
1.1905e+02     4.4284e-06  0.0000e+00     5.2719e-04  0.0000e+00     1.0518e-04  0.0000e+00     1.2521e-02  0.0000e+00 
1.3357e+02     1.1608e-06  0.0000e+00     1.5506e-04  0.0000e+00     3.0935e-05  0.0000e+00     4.1321e-03  0.0000e+00 
1.4987e+02     0.0000e+00  0.0000e+00     0.0000e+00  0.0000e+00     0.0000e+00  0.0000e+00     0.0000e+00  0.0000e+00 
1.6816e+02     1.8442e-07  0.0000e+00     3.1011e-05  0.0000e+00     6.1871e-06  0.0000e+00     1.0404e-03  0.0000e+00 
1.8868e+02     0.0000e+00  0.0000e+00     0.0000e+00  0.0000e+00     0.0000e+00  0.0000e+00     0.0000e+00  0.0000e+00 
2.1170e+02     0.0000e+00  0.0000e+00     0.0000e+00  0.0000e+00     0.0000e+00  0.0000e+00     0.0000e+00  0.0000e+00 
2.3753e+02     0.0000e+00  0.0000e+00     0.0000e+00  0.0000e+00     0.0000e+00  0.0000e+00     0.0000e+00  0.0000e+00 
2.6651e+02     0.0000e+00  0.0000e+00     0.0000e+00  0.0000e+00     0.0000e+00  0.0000e+00     0.0000e+00  0.0000e+00 
2.9903e+02     0.0000e+00  0.0000e+00     0.0000e+00  0.0000e+00     0.0000e+00  0.0000e+00     0.0000e+00  0.0000e+00 
3.3552e+02     0.0000e+00  0.0000e+00     0.0000e+00  0.0000e+00     0.0000e+00  0.0000e+00     0.0000e+00  0.0000e+00 
3.7646e+02     0.0000e+00  0.0000e+00     0.0000e+00  0.0000e+00     0.0000e+00  0.0000e+00     0.0000e+00  0.0000e+00 
4.2240e+02     0.0000e+00  0.0000e+00     0.0000e+00  0.0000e+00     0.0000e+00  0.0000e+00     0.0000e+00  0.0000e+00 
4.7394e+02     0.0000e+00  0.0000e+00     0.0000e+00  0.0000e+00     0.0000e+00  0.0000e+00     0.0000e+00  0.0000e+00 
5.3176e+02     0.0000e+00  0.0000e+00     0.0000e+00  0.0000e+00     0.0000e+00  0.0000e+00     0.0000e+00  0.0000e+00 
5.9665e+02     0.0000e+00  0.0000e+00     0.0000e+00  0.0000e+00     0.0000e+00  0.0000e+00     0.0000e+00  0.0000e+00 
6.6945e+02     0.0000e+00  0.0000e+00     0.0000e+00  0.0000e+00     0.0000e+00  0.0000e+00     0.0000e+00  0.0000e+00 
7.5114e+02     0.0000e+00  0.0000e+00     0.0000e+00  0.0000e+00     0.0000e+00  0.0000e+00     0.0000e+00  0.0000e+00 
8.4279e+02     0.0000e+00  0.0000e+00     0.0000e+00  0.0000e+00     0.0000e+00  0.0000e+00     0.0000e+00  0.0000e+00 
9.4563e+02     0.0000e+00  0.0000e+00     0.0000e+00  0.0000e+00     0.0000e+00  0.0000e+00     0.0000e+00  0.0000e+00 
1.0610e+03     0.0000e+00  0.0000e+00     0.0000e+00  0.0000e+00     0.0000e+00  0.0000e+00     0.0000e+00  0.0000e+00 
1.1905e+03     0.0000e+00  0.0000e+00     0.0000e+00  0.0000e+00     0.0000e+00  0.0000e+00     0.0000e+00  0.0000e+00 
1.3357e+03     0.0000e+00  0.0000e+00     0.0000e+00  0.0000e+00     0.0000e+00  0.0000e+00     0.0000e+00  0.0000e+00 
1.4987e+03     0.0000e+00  0.0000e+00     0.0000e+00  0.0000e+00     0.0000e+00  0.0000e+00     0.0000e+00  0.0000e+00 
1.6816e+03     0.0000e+00  0.0000e+00     0.0000e+00  0.0000e+00     0.0000e+00  0.0000e+00     0.0000e+00  0.0000e+00 
1.8868e+03     0.0000e+00  0.0000e+00     0.0000e+00  0.0000e+00     0.0000e+00  0.0000e+00     0.0000e+00  0.0000e+00 
2.1170e+03     0.0000e+00  0.0000e+00     0.0000e+00  0.0000e+00     0.0000e+00  0.0000e+00     0.0000e+00  0.0000e+00 
2.3753e+03     0.0000e+00  0.0000e+00     0.0000e+00  0.0000e+00     0.0000e+00  0.0000e+00     0.0000e+00  0.0000e+00 
2.6651e+03     0.0000e+00  0.0000e+00     0.0000e+00  0.0000e+00     0.0000e+00  0.0000e+00     0.0000e+00  0.0000e+00 
2.9903e+03     0.0000e+00  0.0000e+00     0.0000e+00  0.0000e+00     0.0000e+00  0.0000e+00     0.0000e+00  0.0000e+00 
3.3552e+03     0.0000e+00  0.0000e+00     0.0000e+00  0.0000e+00     0.0000e+00  0.0000e+00     0.0000e+00  0.0000e+00 
3.7646e+03     0.0000e+00  0.0000e+00     0.0000e+00  0.0000e+00     0.0000e+00  0.0000e+00     0.0000e+00  0.0000e+00 
4.2240e+03     0.0000e+00  0.0000e+00     0.0000e+00  0.0000e+00     0.0000e+00  0.0000e+00     0.0000e+00  0.0000e+00 
4.7394e+03     0.0000e+00  0.0000e+00     0.0000e+00  0.0000e+00     0.0000e+00  0.0000e+00     0.0000e+00  0.0000e+00 
5.3176e+03     0.0000e+00  0.0000e+00     0.0000e+00  0.0000e+00     0.0000e+00  0.0000e+00     0.0000e+00  0.0000e+00 
5.9665e+03     0.0000e+00  0.0000e+00     0.0000e+00  0.0000e+00     0.0000e+00  0.0000e+00     0.0000e+00  0.0000e+00 
6.6945e+03     0.0000e+00  0.0000e+00     0.0000e+00  0.0000e+00     0.0000e+00  0.0000e+00     0.0000e+00  0.0000e+00 
7.5114e+03     0.0000e+00  0.0000e+00     0.0000e+00  0.0000e+00     0.0000e+00  0.0000e+00     0.0000e+00  0.0000e+00 
8.4279e+03     0.0000e+00  0.0000e+00     0.0000e+00  0.0000e+00     0.0000e+00  0.0000e+00     0.0000e+00  0.0000e+00 
9.4563e+03     0.0000e+00  0.0000e+00     0.0000e+00  0.0000e+00     0.0000e+00  0.0000e+00     0.0000e+00  0.0000e+00 
