yF = 4.9785e+00 (std: 0.0000e+00) keV/um
yD = 2.1390e+01 (std: 0.0000e+00) keV/um
y (keV/um)     f(y)(std)                  yf(y)(std)                 d(y)(std)                  yd(y)(std)  
1.0610e-01     2.4687e+01  0.0000e+00     2.6193e+00  0.0000e+00     5.2612e-01  0.0000e+00     5.5822e-02  0.0000e+00 
1.1905e-01     1.5814e+00  0.0000e+00     1.8826e-01  0.0000e+00     3.7815e-02  0.0000e+00     4.5018e-03  0.0000e+00 
1.3357e-01     5.1066e-01  0.0000e+00     6.8211e-02  0.0000e+00     1.3701e-02  0.0000e+00     1.8301e-03  0.0000e+00 
1.4987e-01     2.6944e+00  0.0000e+00     4.0381e-01  0.0000e+00     8.1111e-02  0.0000e+00     1.2156e-02  0.0000e+00 
1.6816e-01     8.4371e-01  0.0000e+00     1.4188e-01  0.0000e+00     2.8498e-02  0.0000e+00     4.7922e-03  0.0000e+00 
1.8868e-01     4.9167e-01  0.0000e+00     9.2766e-02  0.0000e+00     1.8634e-02  0.0000e+00     3.5157e-03  0.0000e+00 
2.1170e-01     5.2842e-01  0.0000e+00     1.1187e-01  0.0000e+00     2.2470e-02  0.0000e+00     4.7568e-03  0.0000e+00 
2.3753e-01     5.7433e-01  0.0000e+00     1.3642e-01  0.0000e+00     2.7402e-02  0.0000e+00     6.5089e-03  0.0000e+00 
2.6651e-01     2.1499e-01  0.0000e+00     5.7297e-02  0.0000e+00     1.1509e-02  0.0000e+00     3.0673e-03  0.0000e+00 
2.9903e-01     2.4635e-01  0.0000e+00     7.3667e-02  0.0000e+00     1.4797e-02  0.0000e+00     4.4248e-03  0.0000e+00 
3.3552e-01     1.2523e+00  0.0000e+00     4.2018e-01  0.0000e+00     8.4399e-02  0.0000e+00     2.8318e-02  0.0000e+00 
3.7646e-01     9.0595e-01  0.0000e+00     3.4105e-01  0.0000e+00     6.8506e-02  0.0000e+00     2.5790e-02  0.0000e+00 
4.2240e-01     3.6173e-01  0.0000e+00     1.5279e-01  0.0000e+00     3.0690e-02  0.0000e+00     1.2964e-02  0.0000e+00 
4.7394e-01     4.1450e-01  0.0000e+00     1.9645e-01  0.0000e+00     3.9459e-02  0.0000e+00     1.8701e-02  0.0000e+00 
5.3176e-01     2.0524e-01  0.0000e+00     1.0914e-01  0.0000e+00     2.1922e-02  0.0000e+00     1.1657e-02  0.0000e+00 
5.9665e-01     9.1458e-02  0.0000e+00     5.4568e-02  0.0000e+00     1.0961e-02  0.0000e+00     6.5398e-03  0.0000e+00 
6.6945e-01     2.0786e-01  0.0000e+00     1.3915e-01  0.0000e+00     2.7950e-02  0.0000e+00     1.8711e-02  0.0000e+00 
7.5114e-01     1.8525e-01  0.0000e+00     1.3915e-01  0.0000e+00     2.7950e-02  0.0000e+00     2.0994e-02  0.0000e+00 
8.4279e-01     7.7697e-02  0.0000e+00     6.5482e-02  0.0000e+00     1.3153e-02  0.0000e+00     1.1085e-02  0.0000e+00 
9.4563e-01     3.7509e-02  0.0000e+00     3.5469e-02  0.0000e+00     7.1246e-03  0.0000e+00     6.7372e-03  0.0000e+00 
1.0610e+00     5.4002e-02  0.0000e+00     5.7297e-02  0.0000e+00     1.1509e-02  0.0000e+00     1.2211e-02  0.0000e+00 
1.1905e+00     1.8335e-02  0.0000e+00     2.1827e-02  0.0000e+00     4.3844e-03  0.0000e+00     5.2194e-03  0.0000e+00 
1.3357e+00     4.0853e-03  0.0000e+00     5.4568e-03  0.0000e+00     1.0961e-03  0.0000e+00     1.4641e-03  0.0000e+00 
1.4987e+00     1.8205e-03  0.0000e+00     2.7284e-03  0.0000e+00     5.4804e-04  0.0000e+00     8.2136e-04  0.0000e+00 
1.6816e+00     1.6225e-03  0.0000e+00     2.7284e-03  0.0000e+00     5.4804e-04  0.0000e+00     9.2158e-04  0.0000e+00 
1.8868e+00     1.4461e-03  0.0000e+00     2.7284e-03  0.0000e+00     5.4804e-04  0.0000e+00     1.0340e-03  0.0000e+00 
2.1170e+00     0.0000e+00  0.0000e+00     0.0000e+00  0.0000e+00     0.0000e+00  0.0000e+00     0.0000e+00  0.0000e+00 
2.3753e+00     0.0000e+00  0.0000e+00     0.0000e+00  0.0000e+00     0.0000e+00  0.0000e+00     0.0000e+00  0.0000e+00 
2.6651e+00     0.0000e+00  0.0000e+00     0.0000e+00  0.0000e+00     0.0000e+00  0.0000e+00     0.0000e+00  0.0000e+00 
2.9903e+00     0.0000e+00  0.0000e+00     0.0000e+00  0.0000e+00     0.0000e+00  0.0000e+00     0.0000e+00  0.0000e+00 
3.3552e+00     0.0000e+00  0.0000e+00     0.0000e+00  0.0000e+00     0.0000e+00  0.0000e+00     0.0000e+00  0.0000e+00 
3.7646e+00     0.0000e+00  0.0000e+00     0.0000e+00  0.0000e+00     0.0000e+00  0.0000e+00     0.0000e+00  0.0000e+00 
4.2240e+00     0.0000e+00  0.0000e+00     0.0000e+00  0.0000e+00     0.0000e+00  0.0000e+00     0.0000e+00  0.0000e+00 
4.7394e+00     0.0000e+00  0.0000e+00     0.0000e+00  0.0000e+00     0.0000e+00  0.0000e+00     0.0000e+00  0.0000e+00 
5.3176e+00     0.0000e+00  0.0000e+00     0.0000e+00  0.0000e+00     0.0000e+00  0.0000e+00     0.0000e+00  0.0000e+00 
5.9665e+00     1.1890e-01  0.0000e+00     7.0939e-01  0.0000e+00     1.4249e-01  0.0000e+00     8.5017e-01  0.0000e+00 
6.6945e+00     1.9155e-02  0.0000e+00     1.2824e-01  0.0000e+00     2.5758e-02  0.0000e+00     1.7244e-01  0.0000e+00 
7.5114e+00     6.5383e-03  0.0000e+00     4.9112e-02  0.0000e+00     9.8648e-03  0.0000e+00     7.4098e-02  0.0000e+00 
8.4279e+00     2.2014e-02  0.0000e+00     1.8553e-01  0.0000e+00     3.7267e-02  0.0000e+00     3.1408e-01  0.0000e+00 
9.4563e+00     1.6446e-02  0.0000e+00     1.5552e-01  0.0000e+00     3.1239e-02  0.0000e+00     2.9540e-01  0.0000e+00 
1.0610e+01     6.0431e-02  0.0000e+00     6.4118e-01  0.0000e+00     1.2879e-01  0.0000e+00     1.3665e+00  0.0000e+00 
1.1905e+01     1.6272e-02  0.0000e+00     1.9372e-01  0.0000e+00     3.8911e-02  0.0000e+00     4.6323e-01  0.0000e+00 
1.3357e+01     1.3481e-02  0.0000e+00     1.8008e-01  0.0000e+00     3.6171e-02  0.0000e+00     4.8315e-01  0.0000e+00 
1.4987e+01     6.9179e-03  0.0000e+00     1.0368e-01  0.0000e+00     2.0826e-02  0.0000e+00     3.1212e-01  0.0000e+00 
1.6816e+01     6.1656e-03  0.0000e+00     1.0368e-01  0.0000e+00     2.0826e-02  0.0000e+00     3.5020e-01  0.0000e+00 
1.8868e+01     4.4828e-03  0.0000e+00     8.4581e-02  0.0000e+00     1.6989e-02  0.0000e+00     3.2055e-01  0.0000e+00 
2.1170e+01     5.2842e-03  0.0000e+00     1.1187e-01  0.0000e+00     2.2470e-02  0.0000e+00     4.7568e-01  0.0000e+00 
2.3753e+01     3.2163e-03  0.0000e+00     7.6396e-02  0.0000e+00     1.5345e-02  0.0000e+00     3.6450e-01  0.0000e+00 
2.6651e+01     3.3784e-03  0.0000e+00     9.0038e-02  0.0000e+00     1.8085e-02  0.0000e+00     4.8200e-01  0.0000e+00 
2.9903e+01     2.1898e-03  0.0000e+00     6.5482e-02  0.0000e+00     1.3153e-02  0.0000e+00     3.9332e-01  0.0000e+00 
3.3552e+01     9.7583e-04  0.0000e+00     3.2741e-02  0.0000e+00     6.5765e-03  0.0000e+00     2.2066e-01  0.0000e+00 
3.7646e+01     1.1596e-03  0.0000e+00     4.3655e-02  0.0000e+00     8.7687e-03  0.0000e+00     3.3011e-01  0.0000e+00 
4.2240e+01     3.8756e-04  0.0000e+00     1.6371e-02  0.0000e+00     3.2883e-03  0.0000e+00     1.3889e-01  0.0000e+00 
4.7394e+01     3.4542e-04  0.0000e+00     1.6371e-02  0.0000e+00     3.2883e-03  0.0000e+00     1.5584e-01  0.0000e+00 
5.3176e+01     4.6178e-04  0.0000e+00     2.4556e-02  0.0000e+00     4.9324e-03  0.0000e+00     2.6229e-01  0.0000e+00 
5.9665e+01     4.5729e-04  0.0000e+00     2.7284e-02  0.0000e+00     5.4804e-03  0.0000e+00     3.2699e-01  0.0000e+00 
6.6945e+01     8.1512e-05  0.0000e+00     5.4568e-03  0.0000e+00     1.0961e-03  0.0000e+00     7.3378e-02  0.0000e+00 
7.5114e+01     3.6324e-05  0.0000e+00     2.7284e-03  0.0000e+00     5.4804e-04  0.0000e+00     4.1166e-02  0.0000e+00 
8.4279e+01     6.4747e-05  0.0000e+00     5.4568e-03  0.0000e+00     1.0961e-03  0.0000e+00     9.2377e-02  0.0000e+00 
9.4563e+01     2.8853e-05  0.0000e+00     2.7284e-03  0.0000e+00     5.4804e-04  0.0000e+00     5.1824e-02  0.0000e+00 
1.0610e+02     0.0000e+00  0.0000e+00     0.0000e+00  0.0000e+00     0.0000e+00  0.0000e+00     0.0000e+00  0.0000e+00 
1.1905e+02     0.0000e+00  0.0000e+00     0.0000e+00  0.0000e+00     0.0000e+00  0.0000e+00     0.0000e+00  0.0000e+00 
1.3357e+02     0.0000e+00  0.0000e+00     0.0000e+00  0.0000e+00     0.0000e+00  0.0000e+00     0.0000e+00  0.0000e+00 
1.4987e+02     0.0000e+00  0.0000e+00     0.0000e+00  0.0000e+00     0.0000e+00  0.0000e+00     0.0000e+00  0.0000e+00 
1.6816e+02     0.0000e+00  0.0000e+00     0.0000e+00  0.0000e+00     0.0000e+00  0.0000e+00     0.0000e+00  0.0000e+00 
1.8868e+02     0.0000e+00  0.0000e+00     0.0000e+00  0.0000e+00     0.0000e+00  0.0000e+00     0.0000e+00  0.0000e+00 
2.1170e+02     0.0000e+00  0.0000e+00     0.0000e+00  0.0000e+00     0.0000e+00  0.0000e+00     0.0000e+00  0.0000e+00 
2.3753e+02     0.0000e+00  0.0000e+00     0.0000e+00  0.0000e+00     0.0000e+00  0.0000e+00     0.0000e+00  0.0000e+00 
2.6651e+02     0.0000e+00  0.0000e+00     0.0000e+00  0.0000e+00     0.0000e+00  0.0000e+00     0.0000e+00  0.0000e+00 
2.9903e+02     0.0000e+00  0.0000e+00     0.0000e+00  0.0000e+00     0.0000e+00  0.0000e+00     0.0000e+00  0.0000e+00 
3.3552e+02     0.0000e+00  0.0000e+00     0.0000e+00  0.0000e+00     0.0000e+00  0.0000e+00     0.0000e+00  0.0000e+00 
3.7646e+02     0.0000e+00  0.0000e+00     0.0000e+00  0.0000e+00     0.0000e+00  0.0000e+00     0.0000e+00  0.0000e+00 
4.2240e+02     0.0000e+00  0.0000e+00     0.0000e+00  0.0000e+00     0.0000e+00  0.0000e+00     0.0000e+00  0.0000e+00 
4.7394e+02     0.0000e+00  0.0000e+00     0.0000e+00  0.0000e+00     0.0000e+00  0.0000e+00     0.0000e+00  0.0000e+00 
5.3176e+02     0.0000e+00  0.0000e+00     0.0000e+00  0.0000e+00     0.0000e+00  0.0000e+00     0.0000e+00  0.0000e+00 
5.9665e+02     0.0000e+00  0.0000e+00     0.0000e+00  0.0000e+00     0.0000e+00  0.0000e+00     0.0000e+00  0.0000e+00 
6.6945e+02     0.0000e+00  0.0000e+00     0.0000e+00  0.0000e+00     0.0000e+00  0.0000e+00     0.0000e+00  0.0000e+00 
7.5114e+02     0.0000e+00  0.0000e+00     0.0000e+00  0.0000e+00     0.0000e+00  0.0000e+00     0.0000e+00  0.0000e+00 
8.4279e+02     0.0000e+00  0.0000e+00     0.0000e+00  0.0000e+00     0.0000e+00  0.0000e+00     0.0000e+00  0.0000e+00 
9.4563e+02     0.0000e+00  0.0000e+00     0.0000e+00  0.0000e+00     0.0000e+00  0.0000e+00     0.0000e+00  0.0000e+00 
1.0610e+03     0.0000e+00  0.0000e+00     0.0000e+00  0.0000e+00     0.0000e+00  0.0000e+00     0.0000e+00  0.0000e+00 
1.1905e+03     0.0000e+00  0.0000e+00     0.0000e+00  0.0000e+00     0.0000e+00  0.0000e+00     0.0000e+00  0.0000e+00 
1.3357e+03     0.0000e+00  0.0000e+00     0.0000e+00  0.0000e+00     0.0000e+00  0.0000e+00     0.0000e+00  0.0000e+00 
1.4987e+03     0.0000e+00  0.0000e+00     0.0000e+00  0.0000e+00     0.0000e+00  0.0000e+00     0.0000e+00  0.0000e+00 
1.6816e+03     0.0000e+00  0.0000e+00     0.0000e+00  0.0000e+00     0.0000e+00  0.0000e+00     0.0000e+00  0.0000e+00 
1.8868e+03     0.0000e+00  0.0000e+00     0.0000e+00  0.0000e+00     0.0000e+00  0.0000e+00     0.0000e+00  0.0000e+00 
2.1170e+03     0.0000e+00  0.0000e+00     0.0000e+00  0.0000e+00     0.0000e+00  0.0000e+00     0.0000e+00  0.0000e+00 
2.3753e+03     0.0000e+00  0.0000e+00     0.0000e+00  0.0000e+00     0.0000e+00  0.0000e+00     0.0000e+00  0.0000e+00 
2.6651e+03     0.0000e+00  0.0000e+00     0.0000e+00  0.0000e+00     0.0000e+00  0.0000e+00     0.0000e+00  0.0000e+00 
2.9903e+03     0.0000e+00  0.0000e+00     0.0000e+00  0.0000e+00     0.0000e+00  0.0000e+00     0.0000e+00  0.0000e+00 
3.3552e+03     0.0000e+00  0.0000e+00     0.0000e+00  0.0000e+00     0.0000e+00  0.0000e+00     0.0000e+00  0.0000e+00 
3.7646e+03     0.0000e+00  0.0000e+00     0.0000e+00  0.0000e+00     0.0000e+00  0.0000e+00     0.0000e+00  0.0000e+00 
4.2240e+03     0.0000e+00  0.0000e+00     0.0000e+00  0.0000e+00     0.0000e+00  0.0000e+00     0.0000e+00  0.0000e+00 
4.7394e+03     0.0000e+00  0.0000e+00     0.0000e+00  0.0000e+00     0.0000e+00  0.0000e+00     0.0000e+00  0.0000e+00 
5.3176e+03     0.0000e+00  0.0000e+00     0.0000e+00  0.0000e+00     0.0000e+00  0.0000e+00     0.0000e+00  0.0000e+00 
5.9665e+03     0.0000e+00  0.0000e+00     0.0000e+00  0.0000e+00     0.0000e+00  0.0000e+00     0.0000e+00  0.0000e+00 
6.6945e+03     0.0000e+00  0.0000e+00     0.0000e+00  0.0000e+00     0.0000e+00  0.0000e+00     0.0000e+00  0.0000e+00 
7.5114e+03     0.0000e+00  0.0000e+00     0.0000e+00  0.0000e+00     0.0000e+00  0.0000e+00     0.0000e+00  0.0000e+00 
8.4279e+03     0.0000e+00  0.0000e+00     0.0000e+00  0.0000e+00     0.0000e+00  0.0000e+00     0.0000e+00  0.0000e+00 
9.4563e+03     0.0000e+00  0.0000e+00     0.0000e+00  0.0000e+00     0.0000e+00  0.0000e+00     0.0000e+00  0.0000e+00 
