yF = 1.4714e+01 (std: 0.0000e+00) keV/um
yD = 3.5188e+01 (std: 0.0000e+00) keV/um
y (keV/um)     f(y)(std)                  yf(y)(std)                 d(y)(std)                  yd(y)(std)  
1.0610e-01     8.4228e+00  0.0000e+00     8.9367e-01  0.0000e+00     6.0737e-02  0.0000e+00     6.4442e-03  0.0000e+00 
1.1905e-01     8.7459e-01  0.0000e+00     1.0412e-01  0.0000e+00     7.0763e-03  0.0000e+00     8.4241e-04  0.0000e+00 
1.3357e-01     3.8666e-01  0.0000e+00     5.1648e-02  0.0000e+00     3.5102e-03  0.0000e+00     4.6887e-04  0.0000e+00 
1.4987e-01     1.1373e+00  0.0000e+00     1.7046e-01  0.0000e+00     1.1585e-02  0.0000e+00     1.7362e-03  0.0000e+00 
1.6816e-01     5.2674e-01  0.0000e+00     8.8576e-02  0.0000e+00     6.0200e-03  0.0000e+00     1.0123e-03  0.0000e+00 
1.8868e-01     4.2689e-01  0.0000e+00     8.0545e-02  0.0000e+00     5.4741e-03  0.0000e+00     1.0328e-03  0.0000e+00 
2.1170e-01     4.2622e-01  0.0000e+00     9.0231e-02  0.0000e+00     6.1324e-03  0.0000e+00     1.2982e-03  0.0000e+00 
2.3753e-01     4.0955e-01  0.0000e+00     9.7280e-02  0.0000e+00     6.6115e-03  0.0000e+00     1.5704e-03  0.0000e+00 
2.6651e-01     2.4748e-01  0.0000e+00     6.5956e-02  0.0000e+00     4.4826e-03  0.0000e+00     1.1947e-03  0.0000e+00 
2.9903e-01     2.1476e-01  0.0000e+00     6.4221e-02  0.0000e+00     4.3647e-03  0.0000e+00     1.3052e-03  0.0000e+00 
3.3552e-01     5.2940e-01  0.0000e+00     1.7762e-01  0.0000e+00     1.2072e-02  0.0000e+00     4.0504e-03  0.0000e+00 
3.7646e-01     4.4461e-01  0.0000e+00     1.6738e-01  0.0000e+00     1.1376e-02  0.0000e+00     4.2825e-03  0.0000e+00 
4.2240e-01     2.8447e-01  0.0000e+00     1.2016e-01  0.0000e+00     8.1666e-03  0.0000e+00     3.4495e-03  0.0000e+00 
4.7394e-01     2.8113e-01  0.0000e+00     1.3324e-01  0.0000e+00     9.0552e-03  0.0000e+00     4.2916e-03  0.0000e+00 
5.3176e-01     2.3132e-01  0.0000e+00     1.2301e-01  0.0000e+00     8.3601e-03  0.0000e+00     4.4456e-03  0.0000e+00 
5.9665e-01     1.5486e-01  0.0000e+00     9.2397e-02  0.0000e+00     6.2796e-03  0.0000e+00     3.7467e-03  0.0000e+00 
6.6945e-01     1.5355e-01  0.0000e+00     1.0279e-01  0.0000e+00     6.9863e-03  0.0000e+00     4.6770e-03  0.0000e+00 
7.5114e-01     1.5079e-01  0.0000e+00     1.1326e-01  0.0000e+00     7.6977e-03  0.0000e+00     5.7821e-03  0.0000e+00 
8.4279e-01     1.0292e-01  0.0000e+00     8.6742e-02  0.0000e+00     5.8953e-03  0.0000e+00     4.9685e-03  0.0000e+00 
9.4563e-01     7.2569e-02  0.0000e+00     6.8623e-02  0.0000e+00     4.6639e-03  0.0000e+00     4.4103e-03  0.0000e+00 
1.0610e+00     5.5388e-02  0.0000e+00     5.8767e-02  0.0000e+00     3.9940e-03  0.0000e+00     4.2377e-03  0.0000e+00 
1.1905e+00     3.7994e-02  0.0000e+00     4.5231e-02  0.0000e+00     3.0741e-03  0.0000e+00     3.6596e-03  0.0000e+00 
1.3357e+00     2.5177e-02  0.0000e+00     3.3630e-02  0.0000e+00     2.2856e-03  0.0000e+00     3.0530e-03  0.0000e+00 
1.4987e+00     1.6050e-02  0.0000e+00     2.4054e-02  0.0000e+00     1.6348e-03  0.0000e+00     2.4501e-03  0.0000e+00 
1.6816e+00     9.0752e-03  0.0000e+00     1.5261e-02  0.0000e+00     1.0372e-03  0.0000e+00     1.7441e-03  0.0000e+00 
1.8868e+00     4.8572e-03  0.0000e+00     9.1645e-03  0.0000e+00     6.2285e-04  0.0000e+00     1.1752e-03  0.0000e+00 
2.1170e+00     2.5055e-03  0.0000e+00     5.3042e-03  0.0000e+00     3.6049e-04  0.0000e+00     7.6316e-04  0.0000e+00 
2.3753e+00     1.0764e-03  0.0000e+00     2.5568e-03  0.0000e+00     1.7377e-04  0.0000e+00     4.1276e-04  0.0000e+00 
2.6651e+00     3.6870e-04  0.0000e+00     9.8262e-04  0.0000e+00     6.6783e-05  0.0000e+00     1.7799e-04  0.0000e+00 
2.9903e+00     1.7436e-04  0.0000e+00     5.2139e-04  0.0000e+00     3.5436e-05  0.0000e+00     1.0596e-04  0.0000e+00 
3.3552e+00     5.0803e-05  0.0000e+00     1.7046e-04  0.0000e+00     1.1585e-05  0.0000e+00     3.8869e-05  0.0000e+00 
3.7646e+00     7.9903e-06  0.0000e+00     3.0080e-05  0.0000e+00     2.0444e-06  0.0000e+00     7.6963e-06  0.0000e+00 
4.2240e+00     4.7476e-06  0.0000e+00     2.0054e-05  0.0000e+00     1.3629e-06  0.0000e+00     5.7569e-06  0.0000e+00 
4.7394e+00     4.2313e-06  0.0000e+00     2.0054e-05  0.0000e+00     1.3629e-06  0.0000e+00     6.4593e-06  0.0000e+00 
5.3176e+00     1.8856e-06  0.0000e+00     1.0027e-05  0.0000e+00     6.8146e-07  0.0000e+00     3.6237e-06  0.0000e+00 
5.9665e+00     5.2277e-02  0.0000e+00     3.1191e-01  0.0000e+00     2.1199e-02  0.0000e+00     1.2648e-01  0.0000e+00 
6.6945e+00     2.9338e-02  0.0000e+00     1.9640e-01  0.0000e+00     1.3348e-02  0.0000e+00     8.9361e-02  0.0000e+00 
7.5114e+00     8.7074e-03  0.0000e+00     6.5405e-02  0.0000e+00     4.4451e-03  0.0000e+00     3.3389e-02  0.0000e+00 
8.4279e+00     3.6894e-02  0.0000e+00     3.1094e-01  0.0000e+00     2.1133e-02  0.0000e+00     1.7810e-01  0.0000e+00 
9.4563e+00     3.0725e-02  0.0000e+00     2.9055e-01  0.0000e+00     1.9747e-02  0.0000e+00     1.8673e-01  0.0000e+00 
1.0610e+01     4.2310e-02  0.0000e+00     4.4891e-01  0.0000e+00     3.0510e-02  0.0000e+00     3.2371e-01  0.0000e+00 
1.1905e+01     3.0650e-02  0.0000e+00     3.6487e-01  0.0000e+00     2.4798e-02  0.0000e+00     2.9522e-01  0.0000e+00 
1.3357e+01     2.4866e-02  0.0000e+00     3.3215e-01  0.0000e+00     2.2574e-02  0.0000e+00     3.0153e-01  0.0000e+00 
1.4987e+01     1.8690e-02  0.0000e+00     2.8011e-01  0.0000e+00     1.9037e-02  0.0000e+00     2.8531e-01  0.0000e+00 
1.6816e+01     2.0194e-02  0.0000e+00     3.3959e-01  0.0000e+00     2.3080e-02  0.0000e+00     3.8810e-01  0.0000e+00 
1.8868e+01     1.5255e-02  0.0000e+00     2.8782e-01  0.0000e+00     1.9561e-02  0.0000e+00     3.6908e-01  0.0000e+00 
2.1170e+01     1.4105e-02  0.0000e+00     2.9860e-01  0.0000e+00     2.0294e-02  0.0000e+00     4.2962e-01  0.0000e+00 
2.3753e+01     1.3657e-02  0.0000e+00     3.2441e-01  0.0000e+00     2.2048e-02  0.0000e+00     5.2370e-01  0.0000e+00 
2.6651e+01     1.0802e-02  0.0000e+00     2.8788e-01  0.0000e+00     1.9565e-02  0.0000e+00     5.2144e-01  0.0000e+00 
2.9903e+01     8.2988e-03  0.0000e+00     2.4816e-01  0.0000e+00     1.6866e-02  0.0000e+00     5.0435e-01  0.0000e+00 
3.3552e+01     7.1301e-03  0.0000e+00     2.3923e-01  0.0000e+00     1.6259e-02  0.0000e+00     5.4552e-01  0.0000e+00 
3.7646e+01     5.7346e-03  0.0000e+00     2.1589e-01  0.0000e+00     1.4672e-02  0.0000e+00     5.5236e-01  0.0000e+00 
4.2240e+01     4.3139e-03  0.0000e+00     1.8222e-01  0.0000e+00     1.2384e-02  0.0000e+00     5.2310e-01  0.0000e+00 
4.7394e+01     3.3601e-03  0.0000e+00     1.5925e-01  0.0000e+00     1.0823e-02  0.0000e+00     5.1294e-01  0.0000e+00 
5.3176e+01     2.3779e-03  0.0000e+00     1.2645e-01  0.0000e+00     8.5939e-03  0.0000e+00     4.5699e-01  0.0000e+00 
5.9665e+01     1.6889e-03  0.0000e+00     1.0077e-01  0.0000e+00     6.8486e-03  0.0000e+00     4.0862e-01  0.0000e+00 
6.6945e+01     1.1055e-03  0.0000e+00     7.4008e-02  0.0000e+00     5.0298e-03  0.0000e+00     3.3672e-01  0.0000e+00 
7.5114e+01     6.8880e-04  0.0000e+00     5.1738e-02  0.0000e+00     3.5163e-03  0.0000e+00     2.6412e-01  0.0000e+00 
8.4279e+01     3.7524e-04  0.0000e+00     3.1624e-02  0.0000e+00     2.1493e-03  0.0000e+00     1.8114e-01  0.0000e+00 
9.4563e+01     2.0570e-04  0.0000e+00     1.9452e-02  0.0000e+00     1.3220e-03  0.0000e+00     1.2501e-01  0.0000e+00 
1.0610e+02     1.0197e-04  0.0000e+00     1.0819e-02  0.0000e+00     7.3529e-04  0.0000e+00     7.8015e-02  0.0000e+00 
1.1905e+02     4.3966e-05  0.0000e+00     5.2340e-03  0.0000e+00     3.5572e-04  0.0000e+00     4.2348e-02  0.0000e+00 
1.3357e+02     1.7040e-05  0.0000e+00     2.2761e-03  0.0000e+00     1.5469e-04  0.0000e+00     2.0663e-02  0.0000e+00 
1.4987e+02     5.4191e-06  0.0000e+00     8.1217e-04  0.0000e+00     5.5198e-05  0.0000e+00     8.2726e-03  0.0000e+00 
1.6816e+02     1.6696e-06  0.0000e+00     2.8075e-04  0.0000e+00     1.9081e-05  0.0000e+00     3.2086e-03  0.0000e+00 
1.8868e+02     4.2514e-07  0.0000e+00     8.0214e-05  0.0000e+00     5.4517e-06  0.0000e+00     1.0286e-03  0.0000e+00 
2.1170e+02     1.4209e-07  0.0000e+00     3.0080e-05  0.0000e+00     2.0444e-06  0.0000e+00     4.3279e-04  0.0000e+00 
2.3753e+02     0.0000e+00  0.0000e+00     0.0000e+00  0.0000e+00     0.0000e+00  0.0000e+00     0.0000e+00  0.0000e+00 
2.6651e+02     0.0000e+00  0.0000e+00     0.0000e+00  0.0000e+00     0.0000e+00  0.0000e+00     0.0000e+00  0.0000e+00 
2.9903e+02     0.0000e+00  0.0000e+00     0.0000e+00  0.0000e+00     0.0000e+00  0.0000e+00     0.0000e+00  0.0000e+00 
3.3552e+02     0.0000e+00  0.0000e+00     0.0000e+00  0.0000e+00     0.0000e+00  0.0000e+00     0.0000e+00  0.0000e+00 
3.7646e+02     0.0000e+00  0.0000e+00     0.0000e+00  0.0000e+00     0.0000e+00  0.0000e+00     0.0000e+00  0.0000e+00 
4.2240e+02     0.0000e+00  0.0000e+00     0.0000e+00  0.0000e+00     0.0000e+00  0.0000e+00     0.0000e+00  0.0000e+00 
4.7394e+02     0.0000e+00  0.0000e+00     0.0000e+00  0.0000e+00     0.0000e+00  0.0000e+00     0.0000e+00  0.0000e+00 
5.3176e+02     0.0000e+00  0.0000e+00     0.0000e+00  0.0000e+00     0.0000e+00  0.0000e+00     0.0000e+00  0.0000e+00 
5.9665e+02     0.0000e+00  0.0000e+00     0.0000e+00  0.0000e+00     0.0000e+00  0.0000e+00     0.0000e+00  0.0000e+00 
6.6945e+02     0.0000e+00  0.0000e+00     0.0000e+00  0.0000e+00     0.0000e+00  0.0000e+00     0.0000e+00  0.0000e+00 
7.5114e+02     0.0000e+00  0.0000e+00     0.0000e+00  0.0000e+00     0.0000e+00  0.0000e+00     0.0000e+00  0.0000e+00 
8.4279e+02     0.0000e+00  0.0000e+00     0.0000e+00  0.0000e+00     0.0000e+00  0.0000e+00     0.0000e+00  0.0000e+00 
9.4563e+02     0.0000e+00  0.0000e+00     0.0000e+00  0.0000e+00     0.0000e+00  0.0000e+00     0.0000e+00  0.0000e+00 
1.0610e+03     0.0000e+00  0.0000e+00     0.0000e+00  0.0000e+00     0.0000e+00  0.0000e+00     0.0000e+00  0.0000e+00 
1.1905e+03     0.0000e+00  0.0000e+00     0.0000e+00  0.0000e+00     0.0000e+00  0.0000e+00     0.0000e+00  0.0000e+00 
1.3357e+03     0.0000e+00  0.0000e+00     0.0000e+00  0.0000e+00     0.0000e+00  0.0000e+00     0.0000e+00  0.0000e+00 
1.4987e+03     0.0000e+00  0.0000e+00     0.0000e+00  0.0000e+00     0.0000e+00  0.0000e+00     0.0000e+00  0.0000e+00 
1.6816e+03     0.0000e+00  0.0000e+00     0.0000e+00  0.0000e+00     0.0000e+00  0.0000e+00     0.0000e+00  0.0000e+00 
1.8868e+03     0.0000e+00  0.0000e+00     0.0000e+00  0.0000e+00     0.0000e+00  0.0000e+00     0.0000e+00  0.0000e+00 
2.1170e+03     0.0000e+00  0.0000e+00     0.0000e+00  0.0000e+00     0.0000e+00  0.0000e+00     0.0000e+00  0.0000e+00 
2.3753e+03     0.0000e+00  0.0000e+00     0.0000e+00  0.0000e+00     0.0000e+00  0.0000e+00     0.0000e+00  0.0000e+00 
2.6651e+03     0.0000e+00  0.0000e+00     0.0000e+00  0.0000e+00     0.0000e+00  0.0000e+00     0.0000e+00  0.0000e+00 
2.9903e+03     0.0000e+00  0.0000e+00     0.0000e+00  0.0000e+00     0.0000e+00  0.0000e+00     0.0000e+00  0.0000e+00 
3.3552e+03     0.0000e+00  0.0000e+00     0.0000e+00  0.0000e+00     0.0000e+00  0.0000e+00     0.0000e+00  0.0000e+00 
3.7646e+03     0.0000e+00  0.0000e+00     0.0000e+00  0.0000e+00     0.0000e+00  0.0000e+00     0.0000e+00  0.0000e+00 
4.2240e+03     0.0000e+00  0.0000e+00     0.0000e+00  0.0000e+00     0.0000e+00  0.0000e+00     0.0000e+00  0.0000e+00 
4.7394e+03     0.0000e+00  0.0000e+00     0.0000e+00  0.0000e+00     0.0000e+00  0.0000e+00     0.0000e+00  0.0000e+00 
5.3176e+03     0.0000e+00  0.0000e+00     0.0000e+00  0.0000e+00     0.0000e+00  0.0000e+00     0.0000e+00  0.0000e+00 
5.9665e+03     0.0000e+00  0.0000e+00     0.0000e+00  0.0000e+00     0.0000e+00  0.0000e+00     0.0000e+00  0.0000e+00 
6.6945e+03     0.0000e+00  0.0000e+00     0.0000e+00  0.0000e+00     0.0000e+00  0.0000e+00     0.0000e+00  0.0000e+00 
7.5114e+03     0.0000e+00  0.0000e+00     0.0000e+00  0.0000e+00     0.0000e+00  0.0000e+00     0.0000e+00  0.0000e+00 
8.4279e+03     0.0000e+00  0.0000e+00     0.0000e+00  0.0000e+00     0.0000e+00  0.0000e+00     0.0000e+00  0.0000e+00 
9.4563e+03     0.0000e+00  0.0000e+00     0.0000e+00  0.0000e+00     0.0000e+00  0.0000e+00     0.0000e+00  0.0000e+00 
