yF = 3.7998e+00 (std: 0.0000e+00) keV/um
yD = 2.0425e+01 (std: 0.0000e+00) keV/um
y (keV/um)     f(y)(std)                  yf(y)(std)                 d(y)(std)                  yd(y)(std)  
1.0610e-01     2.7289e+01  0.0000e+00     2.8953e+00  0.0000e+00     7.6198e-01  0.0000e+00     8.0847e-02  0.0000e+00 
1.1905e-01     1.9298e+00  0.0000e+00     2.2974e-01  0.0000e+00     6.0462e-02  0.0000e+00     7.1978e-03  0.0000e+00 
1.3357e-01     5.1834e-01  0.0000e+00     6.9237e-02  0.0000e+00     1.8221e-02  0.0000e+00     2.4339e-03  0.0000e+00 
1.4987e-01     3.0238e+00  0.0000e+00     4.5318e-01  0.0000e+00     1.1927e-01  0.0000e+00     1.7875e-02  0.0000e+00 
1.6816e-01     9.3576e-01  0.0000e+00     1.5736e-01  0.0000e+00     4.1412e-02  0.0000e+00     6.9638e-03  0.0000e+00 
1.8868e-01     7.5060e-01  0.0000e+00     1.4162e-01  0.0000e+00     3.7271e-02  0.0000e+00     7.0322e-03  0.0000e+00 
2.1170e-01     6.2437e-01  0.0000e+00     1.3218e-01  0.0000e+00     3.4786e-02  0.0000e+00     7.3642e-03  0.0000e+00 
2.3753e-01     5.4322e-01  0.0000e+00     1.2903e-01  0.0000e+00     3.3958e-02  0.0000e+00     8.0660e-03  0.0000e+00 
2.6651e-01     2.5979e-01  0.0000e+00     6.9237e-02  0.0000e+00     1.8221e-02  0.0000e+00     4.8562e-03  0.0000e+00 
2.9903e-01     2.1049e-01  0.0000e+00     6.2942e-02  0.0000e+00     1.6565e-02  0.0000e+00     4.9534e-03  0.0000e+00 
3.3552e-01     1.5946e+00  0.0000e+00     5.3501e-01  0.0000e+00     1.4080e-01  0.0000e+00     4.7242e-02  0.0000e+00 
3.7646e-01     1.0450e+00  0.0000e+00     3.9339e-01  0.0000e+00     1.0353e-01  0.0000e+00     3.8975e-02  0.0000e+00 
4.2240e-01     3.8743e-01  0.0000e+00     1.6365e-01  0.0000e+00     4.3069e-02  0.0000e+00     1.8192e-02  0.0000e+00 
4.7394e-01     3.8514e-01  0.0000e+00     1.8253e-01  0.0000e+00     4.8038e-02  0.0000e+00     2.2767e-02  0.0000e+00 
5.3176e-01     3.1959e-01  0.0000e+00     1.6994e-01  0.0000e+00     4.4725e-02  0.0000e+00     2.3783e-02  0.0000e+00 
5.9665e-01     1.1604e-01  0.0000e+00     6.9237e-02  0.0000e+00     1.8221e-02  0.0000e+00     1.0872e-02  0.0000e+00 
6.6945e-01     1.5513e-01  0.0000e+00     1.0385e-01  0.0000e+00     2.7332e-02  0.0000e+00     1.8297e-02  0.0000e+00 
7.5114e-01     1.8016e-01  0.0000e+00     1.3533e-01  0.0000e+00     3.5614e-02  0.0000e+00     2.6751e-02  0.0000e+00 
8.4279e-01     5.9747e-02  0.0000e+00     5.0354e-02  0.0000e+00     1.3252e-02  0.0000e+00     1.1169e-02  0.0000e+00 
9.4563e-01     5.9905e-02  0.0000e+00     5.6648e-02  0.0000e+00     1.4908e-02  0.0000e+00     1.4098e-02  0.0000e+00 
1.0610e+00     4.4492e-02  0.0000e+00     4.7207e-02  0.0000e+00     1.2424e-02  0.0000e+00     1.3182e-02  0.0000e+00 
1.1905e+00     2.1149e-02  0.0000e+00     2.5177e-02  0.0000e+00     6.6259e-03  0.0000e+00     7.8880e-03  0.0000e+00 
1.3357e+00     7.0683e-03  0.0000e+00     9.4413e-03  0.0000e+00     2.4847e-03  0.0000e+00     3.3189e-03  0.0000e+00 
1.4987e+00     0.0000e+00  0.0000e+00     0.0000e+00  0.0000e+00     0.0000e+00  0.0000e+00     0.0000e+00  0.0000e+00 
1.6816e+00     0.0000e+00  0.0000e+00     0.0000e+00  0.0000e+00     0.0000e+00  0.0000e+00     0.0000e+00  0.0000e+00 
1.8868e+00     3.3360e-03  0.0000e+00     6.2942e-03  0.0000e+00     1.6565e-03  0.0000e+00     3.1254e-03  0.0000e+00 
2.1170e+00     0.0000e+00  0.0000e+00     0.0000e+00  0.0000e+00     0.0000e+00  0.0000e+00     0.0000e+00  0.0000e+00 
2.3753e+00     1.3249e-03  0.0000e+00     3.1471e-03  0.0000e+00     8.2824e-04  0.0000e+00     1.9673e-03  0.0000e+00 
2.6651e+00     0.0000e+00  0.0000e+00     0.0000e+00  0.0000e+00     0.0000e+00  0.0000e+00     0.0000e+00  0.0000e+00 
2.9903e+00     0.0000e+00  0.0000e+00     0.0000e+00  0.0000e+00     0.0000e+00  0.0000e+00     0.0000e+00  0.0000e+00 
3.3552e+00     0.0000e+00  0.0000e+00     0.0000e+00  0.0000e+00     0.0000e+00  0.0000e+00     0.0000e+00  0.0000e+00 
3.7646e+00     0.0000e+00  0.0000e+00     0.0000e+00  0.0000e+00     0.0000e+00  0.0000e+00     0.0000e+00  0.0000e+00 
4.2240e+00     0.0000e+00  0.0000e+00     0.0000e+00  0.0000e+00     0.0000e+00  0.0000e+00     0.0000e+00  0.0000e+00 
4.7394e+00     0.0000e+00  0.0000e+00     0.0000e+00  0.0000e+00     0.0000e+00  0.0000e+00     0.0000e+00  0.0000e+00 
5.3176e+00     0.0000e+00  0.0000e+00     0.0000e+00  0.0000e+00     0.0000e+00  0.0000e+00     0.0000e+00  0.0000e+00 
5.9665e+00     1.2184e-01  0.0000e+00     7.2698e-01  0.0000e+00     1.9132e-01  0.0000e+00     1.1415e+00  0.0000e+00 
6.6945e+00     2.0214e-02  0.0000e+00     1.3533e-01  0.0000e+00     3.5614e-02  0.0000e+00     2.3842e-01  0.0000e+00 
7.5114e+00     7.1227e-03  0.0000e+00     5.3501e-02  0.0000e+00     1.4080e-02  0.0000e+00     1.0576e-01  0.0000e+00 
8.4279e+00     2.0164e-02  0.0000e+00     1.6994e-01  0.0000e+00     4.4725e-02  0.0000e+00     3.7694e-01  0.0000e+00 
9.4563e+00     1.6640e-02  0.0000e+00     1.5736e-01  0.0000e+00     4.1412e-02  0.0000e+00     3.9160e-01  0.0000e+00 
1.0610e+01     1.9280e-02  0.0000e+00     2.0456e-01  0.0000e+00     5.3836e-02  0.0000e+00     5.7120e-01  0.0000e+00 
1.1905e+01     1.5597e-02  0.0000e+00     1.8568e-01  0.0000e+00     4.8866e-02  0.0000e+00     5.8174e-01  0.0000e+00 
1.3357e+01     1.1074e-02  0.0000e+00     1.4791e-01  0.0000e+00     3.8927e-02  0.0000e+00     5.1996e-01  0.0000e+00 
1.4987e+01     6.7196e-03  0.0000e+00     1.0071e-01  0.0000e+00     2.6504e-02  0.0000e+00     3.9722e-01  0.0000e+00 
1.6816e+01     2.6201e-03  0.0000e+00     4.4060e-02  0.0000e+00     1.1595e-02  0.0000e+00     1.9499e-01  0.0000e+00 
1.8868e+01     4.3368e-03  0.0000e+00     8.1825e-02  0.0000e+00     2.1534e-02  0.0000e+00     4.0630e-01  0.0000e+00 
2.1170e+01     2.5272e-03  0.0000e+00     5.3501e-02  0.0000e+00     1.4080e-02  0.0000e+00     2.9807e-01  0.0000e+00 
2.3753e+01     3.9748e-03  0.0000e+00     9.4413e-02  0.0000e+00     2.4847e-02  0.0000e+00     5.9020e-01  0.0000e+00 
2.6651e+01     2.2436e-03  0.0000e+00     5.9795e-02  0.0000e+00     1.5737e-02  0.0000e+00     4.1940e-01  0.0000e+00 
2.9903e+01     1.3682e-03  0.0000e+00     4.0913e-02  0.0000e+00     1.0767e-02  0.0000e+00     3.2197e-01  0.0000e+00 
3.3552e+01     1.2194e-03  0.0000e+00     4.0913e-02  0.0000e+00     1.0767e-02  0.0000e+00     3.6126e-01  0.0000e+00 
3.7646e+01     8.3598e-04  0.0000e+00     3.1471e-02  0.0000e+00     8.2824e-03  0.0000e+00     3.1180e-01  0.0000e+00 
4.2240e+01     5.2154e-04  0.0000e+00     2.2030e-02  0.0000e+00     5.7977e-03  0.0000e+00     2.4489e-01  0.0000e+00 
4.7394e+01     5.3123e-04  0.0000e+00     2.5177e-02  0.0000e+00     6.6259e-03  0.0000e+00     3.1403e-01  0.0000e+00 
5.3176e+01     5.9183e-05  0.0000e+00     3.1471e-03  0.0000e+00     8.2824e-04  0.0000e+00     4.4043e-02  0.0000e+00 
5.9665e+01     2.1099e-04  0.0000e+00     1.2588e-02  0.0000e+00     3.3130e-03  0.0000e+00     1.9767e-01  0.0000e+00 
6.6945e+01     4.7010e-05  0.0000e+00     3.1471e-03  0.0000e+00     8.2824e-04  0.0000e+00     5.5447e-02  0.0000e+00 
7.5114e+01     4.1898e-05  0.0000e+00     3.1471e-03  0.0000e+00     8.2824e-04  0.0000e+00     6.2212e-02  0.0000e+00 
8.4279e+01     7.4683e-05  0.0000e+00     6.2942e-03  0.0000e+00     1.6565e-03  0.0000e+00     1.3961e-01  0.0000e+00 
9.4563e+01     0.0000e+00  0.0000e+00     0.0000e+00  0.0000e+00     0.0000e+00  0.0000e+00     0.0000e+00  0.0000e+00 
1.0610e+02     0.0000e+00  0.0000e+00     0.0000e+00  0.0000e+00     0.0000e+00  0.0000e+00     0.0000e+00  0.0000e+00 
1.1905e+02     0.0000e+00  0.0000e+00     0.0000e+00  0.0000e+00     0.0000e+00  0.0000e+00     0.0000e+00  0.0000e+00 
1.3357e+02     0.0000e+00  0.0000e+00     0.0000e+00  0.0000e+00     0.0000e+00  0.0000e+00     0.0000e+00  0.0000e+00 
1.4987e+02     0.0000e+00  0.0000e+00     0.0000e+00  0.0000e+00     0.0000e+00  0.0000e+00     0.0000e+00  0.0000e+00 
1.6816e+02     0.0000e+00  0.0000e+00     0.0000e+00  0.0000e+00     0.0000e+00  0.0000e+00     0.0000e+00  0.0000e+00 
1.8868e+02     0.0000e+00  0.0000e+00     0.0000e+00  0.0000e+00     0.0000e+00  0.0000e+00     0.0000e+00  0.0000e+00 
2.1170e+02     0.0000e+00  0.0000e+00     0.0000e+00  0.0000e+00     0.0000e+00  0.0000e+00     0.0000e+00  0.0000e+00 
2.3753e+02     0.0000e+00  0.0000e+00     0.0000e+00  0.0000e+00     0.0000e+00  0.0000e+00     0.0000e+00  0.0000e+00 
2.6651e+02     0.0000e+00  0.0000e+00     0.0000e+00  0.0000e+00     0.0000e+00  0.0000e+00     0.0000e+00  0.0000e+00 
2.9903e+02     0.0000e+00  0.0000e+00     0.0000e+00  0.0000e+00     0.0000e+00  0.0000e+00     0.0000e+00  0.0000e+00 
3.3552e+02     0.0000e+00  0.0000e+00     0.0000e+00  0.0000e+00     0.0000e+00  0.0000e+00     0.0000e+00  0.0000e+00 
3.7646e+02     0.0000e+00  0.0000e+00     0.0000e+00  0.0000e+00     0.0000e+00  0.0000e+00     0.0000e+00  0.0000e+00 
4.2240e+02     0.0000e+00  0.0000e+00     0.0000e+00  0.0000e+00     0.0000e+00  0.0000e+00     0.0000e+00  0.0000e+00 
4.7394e+02     0.0000e+00  0.0000e+00     0.0000e+00  0.0000e+00     0.0000e+00  0.0000e+00     0.0000e+00  0.0000e+00 
5.3176e+02     0.0000e+00  0.0000e+00     0.0000e+00  0.0000e+00     0.0000e+00  0.0000e+00     0.0000e+00  0.0000e+00 
5.9665e+02     0.0000e+00  0.0000e+00     0.0000e+00  0.0000e+00     0.0000e+00  0.0000e+00     0.0000e+00  0.0000e+00 
6.6945e+02     0.0000e+00  0.0000e+00     0.0000e+00  0.0000e+00     0.0000e+00  0.0000e+00     0.0000e+00  0.0000e+00 
7.5114e+02     0.0000e+00  0.0000e+00     0.0000e+00  0.0000e+00     0.0000e+00  0.0000e+00     0.0000e+00  0.0000e+00 
8.4279e+02     0.0000e+00  0.0000e+00     0.0000e+00  0.0000e+00     0.0000e+00  0.0000e+00     0.0000e+00  0.0000e+00 
9.4563e+02     0.0000e+00  0.0000e+00     0.0000e+00  0.0000e+00     0.0000e+00  0.0000e+00     0.0000e+00  0.0000e+00 
1.0610e+03     0.0000e+00  0.0000e+00     0.0000e+00  0.0000e+00     0.0000e+00  0.0000e+00     0.0000e+00  0.0000e+00 
1.1905e+03     0.0000e+00  0.0000e+00     0.0000e+00  0.0000e+00     0.0000e+00  0.0000e+00     0.0000e+00  0.0000e+00 
1.3357e+03     0.0000e+00  0.0000e+00     0.0000e+00  0.0000e+00     0.0000e+00  0.0000e+00     0.0000e+00  0.0000e+00 
1.4987e+03     0.0000e+00  0.0000e+00     0.0000e+00  0.0000e+00     0.0000e+00  0.0000e+00     0.0000e+00  0.0000e+00 
1.6816e+03     0.0000e+00  0.0000e+00     0.0000e+00  0.0000e+00     0.0000e+00  0.0000e+00     0.0000e+00  0.0000e+00 
1.8868e+03     0.0000e+00  0.0000e+00     0.0000e+00  0.0000e+00     0.0000e+00  0.0000e+00     0.0000e+00  0.0000e+00 
2.1170e+03     0.0000e+00  0.0000e+00     0.0000e+00  0.0000e+00     0.0000e+00  0.0000e+00     0.0000e+00  0.0000e+00 
2.3753e+03     0.0000e+00  0.0000e+00     0.0000e+00  0.0000e+00     0.0000e+00  0.0000e+00     0.0000e+00  0.0000e+00 
2.6651e+03     0.0000e+00  0.0000e+00     0.0000e+00  0.0000e+00     0.0000e+00  0.0000e+00     0.0000e+00  0.0000e+00 
2.9903e+03     0.0000e+00  0.0000e+00     0.0000e+00  0.0000e+00     0.0000e+00  0.0000e+00     0.0000e+00  0.0000e+00 
3.3552e+03     0.0000e+00  0.0000e+00     0.0000e+00  0.0000e+00     0.0000e+00  0.0000e+00     0.0000e+00  0.0000e+00 
3.7646e+03     0.0000e+00  0.0000e+00     0.0000e+00  0.0000e+00     0.0000e+00  0.0000e+00     0.0000e+00  0.0000e+00 
4.2240e+03     0.0000e+00  0.0000e+00     0.0000e+00  0.0000e+00     0.0000e+00  0.0000e+00     0.0000e+00  0.0000e+00 
4.7394e+03     0.0000e+00  0.0000e+00     0.0000e+00  0.0000e+00     0.0000e+00  0.0000e+00     0.0000e+00  0.0000e+00 
5.3176e+03     0.0000e+00  0.0000e+00     0.0000e+00  0.0000e+00     0.0000e+00  0.0000e+00     0.0000e+00  0.0000e+00 
5.9665e+03     0.0000e+00  0.0000e+00     0.0000e+00  0.0000e+00     0.0000e+00  0.0000e+00     0.0000e+00  0.0000e+00 
6.6945e+03     0.0000e+00  0.0000e+00     0.0000e+00  0.0000e+00     0.0000e+00  0.0000e+00     0.0000e+00  0.0000e+00 
7.5114e+03     0.0000e+00  0.0000e+00     0.0000e+00  0.0000e+00     0.0000e+00  0.0000e+00     0.0000e+00  0.0000e+00 
8.4279e+03     0.0000e+00  0.0000e+00     0.0000e+00  0.0000e+00     0.0000e+00  0.0000e+00     0.0000e+00  0.0000e+00 
9.4563e+03     0.0000e+00  0.0000e+00     0.0000e+00  0.0000e+00     0.0000e+00  0.0000e+00     0.0000e+00  0.0000e+00 
