yF = 8.4837e+00 (std: 0.0000e+00) keV/um
yD = 2.5638e+01 (std: 0.0000e+00) keV/um
y (keV/um)     f(y)(std)                  yf(y)(std)                 d(y)(std)                  yd(y)(std)  
1.0610e-01     1.9358e+01  0.0000e+00     2.0539e+00  0.0000e+00     2.4211e-01  0.0000e+00     2.5688e-02  0.0000e+00 
1.1905e-01     1.4732e+00  0.0000e+00     1.7538e-01  0.0000e+00     2.0672e-02  0.0000e+00     2.4610e-03  0.0000e+00 
1.3357e-01     4.5826e-01  0.0000e+00     6.1212e-02  0.0000e+00     7.2152e-03  0.0000e+00     9.6376e-04  0.0000e+00 
1.4987e-01     2.1367e+00  0.0000e+00     3.2023e-01  0.0000e+00     3.7747e-02  0.0000e+00     5.6572e-03  0.0000e+00 
1.6816e-01     6.6777e-01  0.0000e+00     1.1229e-01  0.0000e+00     1.3236e-02  0.0000e+00     2.2258e-03  0.0000e+00 
1.8868e-01     4.4716e-01  0.0000e+00     8.4368e-02  0.0000e+00     9.9447e-03  0.0000e+00     1.8763e-03  0.0000e+00 
2.1170e-01     4.8620e-01  0.0000e+00     1.0293e-01  0.0000e+00     1.2132e-02  0.0000e+00     2.5684e-03  0.0000e+00 
2.3753e-01     4.5537e-01  0.0000e+00     1.0816e-01  0.0000e+00     1.2750e-02  0.0000e+00     3.0284e-03  0.0000e+00 
2.6651e-01     2.1706e-01  0.0000e+00     5.7849e-02  0.0000e+00     6.8188e-03  0.0000e+00     1.8173e-03  0.0000e+00 
2.9903e-01     1.8790e-01  0.0000e+00     5.6189e-02  0.0000e+00     6.6231e-03  0.0000e+00     1.9805e-03  0.0000e+00 
3.3552e-01     9.7220e-01  0.0000e+00     3.2619e-01  0.0000e+00     3.8449e-02  0.0000e+00     1.2901e-02  0.0000e+00 
3.7646e-01     6.4609e-01  0.0000e+00     2.4323e-01  0.0000e+00     2.8670e-02  0.0000e+00     1.0793e-02  0.0000e+00 
4.2240e-01     2.9235e-01  0.0000e+00     1.2349e-01  0.0000e+00     1.4556e-02  0.0000e+00     6.1483e-03  0.0000e+00 
4.7394e-01     2.8562e-01  0.0000e+00     1.3536e-01  0.0000e+00     1.5956e-02  0.0000e+00     7.5620e-03  0.0000e+00 
5.3176e-01     1.8972e-01  0.0000e+00     1.0088e-01  0.0000e+00     1.1892e-02  0.0000e+00     6.3235e-03  0.0000e+00 
5.9665e-01     1.0109e-01  0.0000e+00     6.0318e-02  0.0000e+00     7.1098e-03  0.0000e+00     4.2421e-03  0.0000e+00 
6.6945e-01     1.5515e-01  0.0000e+00     1.0386e-01  0.0000e+00     1.2243e-02  0.0000e+00     8.1959e-03  0.0000e+00 
7.5114e-01     1.3000e-01  0.0000e+00     9.7649e-02  0.0000e+00     1.1510e-02  0.0000e+00     8.6457e-03  0.0000e+00 
8.4279e-01     6.1114e-02  0.0000e+00     5.1506e-02  0.0000e+00     6.0712e-03  0.0000e+00     5.1167e-03  0.0000e+00 
9.4563e-01     3.6822e-02  0.0000e+00     3.4820e-02  0.0000e+00     4.1043e-03  0.0000e+00     3.8812e-03  0.0000e+00 
1.0610e+00     3.2256e-02  0.0000e+00     3.4224e-02  0.0000e+00     4.0341e-03  0.0000e+00     4.2802e-03  0.0000e+00 
1.1905e+00     1.5590e-02  0.0000e+00     1.8559e-02  0.0000e+00     2.1876e-03  0.0000e+00     2.6043e-03  0.0000e+00 
1.3357e+00     9.9428e-03  0.0000e+00     1.3281e-02  0.0000e+00     1.5655e-03  0.0000e+00     2.0910e-03  0.0000e+00 
1.4987e+00     4.4876e-03  0.0000e+00     6.7256e-03  0.0000e+00     7.9277e-04  0.0000e+00     1.1881e-03  0.0000e+00 
1.6816e+00     2.1263e-03  0.0000e+00     3.5756e-03  0.0000e+00     4.2147e-04  0.0000e+00     7.0874e-04  0.0000e+00 
1.8868e+00     9.4755e-04  0.0000e+00     1.7878e-03  0.0000e+00     2.1074e-04  0.0000e+00     3.9761e-04  0.0000e+00 
2.1170e+00     4.6247e-04  0.0000e+00     9.7904e-04  0.0000e+00     1.1540e-04  0.0000e+00     2.4431e-04  0.0000e+00 
2.3753e+00     1.4337e-04  0.0000e+00     3.4054e-04  0.0000e+00     4.0140e-05  0.0000e+00     9.5345e-05  0.0000e+00 
2.6651e+00     1.5972e-05  0.0000e+00     4.2567e-05  0.0000e+00     5.0175e-06  0.0000e+00     1.3372e-05  0.0000e+00 
2.9903e+00     0.0000e+00  0.0000e+00     0.0000e+00  0.0000e+00     0.0000e+00  0.0000e+00     0.0000e+00  0.0000e+00 
3.3552e+00     0.0000e+00  0.0000e+00     0.0000e+00  0.0000e+00     0.0000e+00  0.0000e+00     0.0000e+00  0.0000e+00 
3.7646e+00     0.0000e+00  0.0000e+00     0.0000e+00  0.0000e+00     0.0000e+00  0.0000e+00     0.0000e+00  0.0000e+00 
4.2240e+00     0.0000e+00  0.0000e+00     0.0000e+00  0.0000e+00     0.0000e+00  0.0000e+00     0.0000e+00  0.0000e+00 
4.7394e+00     0.0000e+00  0.0000e+00     0.0000e+00  0.0000e+00     0.0000e+00  0.0000e+00     0.0000e+00  0.0000e+00 
5.3176e+00     0.0000e+00  0.0000e+00     0.0000e+00  0.0000e+00     0.0000e+00  0.0000e+00     0.0000e+00  0.0000e+00 
5.9665e+00     6.4823e-02  0.0000e+00     3.8676e-01  0.0000e+00     4.5589e-02  0.0000e+00     2.7201e-01  0.0000e+00 
6.6945e+00     1.7626e-02  0.0000e+00     1.1800e-01  0.0000e+00     1.3909e-02  0.0000e+00     9.3111e-02  0.0000e+00 
7.5114e+00     6.4151e-03  0.0000e+00     4.8186e-02  0.0000e+00     5.6798e-03  0.0000e+00     4.2663e-02  0.0000e+00 
8.4279e+00     4.6356e-02  0.0000e+00     3.9068e-01  0.0000e+00     4.6051e-02  0.0000e+00     3.8811e-01  0.0000e+00 
9.4563e+00     2.2255e-02  0.0000e+00     2.1045e-01  0.0000e+00     2.4807e-02  0.0000e+00     2.3458e-01  0.0000e+00 
1.0610e+01     6.0596e-02  0.0000e+00     6.4293e-01  0.0000e+00     7.5785e-02  0.0000e+00     8.0408e-01  0.0000e+00 
1.1905e+01     2.7432e-02  0.0000e+00     3.2657e-01  0.0000e+00     3.8494e-02  0.0000e+00     4.5827e-01  0.0000e+00 
1.3357e+01     2.2680e-02  0.0000e+00     3.0295e-01  0.0000e+00     3.5710e-02  0.0000e+00     4.7699e-01  0.0000e+00 
1.4987e+01     1.7286e-02  0.0000e+00     2.5906e-01  0.0000e+00     3.0537e-02  0.0000e+00     4.5766e-01  0.0000e+00 
1.6816e+01     1.0212e-02  0.0000e+00     1.7172e-01  0.0000e+00     2.0241e-02  0.0000e+00     3.4036e-01  0.0000e+00 
1.8868e+01     9.2590e-03  0.0000e+00     1.7470e-01  0.0000e+00     2.0592e-02  0.0000e+00     3.8852e-01  0.0000e+00 
2.1170e+01     8.9136e-03  0.0000e+00     1.8870e-01  0.0000e+00     2.2243e-02  0.0000e+00     4.7088e-01  0.0000e+00 
2.3753e+01     8.1862e-03  0.0000e+00     1.9445e-01  0.0000e+00     2.2920e-02  0.0000e+00     5.4442e-01  0.0000e+00 
2.6651e+01     5.5710e-03  0.0000e+00     1.4847e-01  0.0000e+00     1.7501e-02  0.0000e+00     4.6643e-01  0.0000e+00 
2.9903e+01     4.3687e-03  0.0000e+00     1.3064e-01  0.0000e+00     1.5399e-02  0.0000e+00     4.6047e-01  0.0000e+00 
3.3552e+01     3.8251e-03  0.0000e+00     1.2834e-01  0.0000e+00     1.5128e-02  0.0000e+00     5.0757e-01  0.0000e+00 
3.7646e+01     2.9693e-03  0.0000e+00     1.1178e-01  0.0000e+00     1.3176e-02  0.0000e+00     4.9602e-01  0.0000e+00 
4.2240e+01     1.9883e-03  0.0000e+00     8.3985e-02  0.0000e+00     9.8996e-03  0.0000e+00     4.1815e-01  0.0000e+00 
4.7394e+01     1.4568e-03  0.0000e+00     6.9044e-02  0.0000e+00     8.1384e-03  0.0000e+00     3.8571e-01  0.0000e+00 
5.3176e+01     9.1256e-04  0.0000e+00     4.8527e-02  0.0000e+00     5.7200e-03  0.0000e+00     3.0417e-01  0.0000e+00 
5.9665e+01     5.7646e-04  0.0000e+00     3.4394e-02  0.0000e+00     4.0542e-03  0.0000e+00     2.4189e-01  0.0000e+00 
6.6945e+01     2.9058e-04  0.0000e+00     1.9453e-02  0.0000e+00     2.2930e-03  0.0000e+00     1.5351e-01  0.0000e+00 
7.5114e+01     1.3601e-04  0.0000e+00     1.0216e-02  0.0000e+00     1.2042e-03  0.0000e+00     9.0452e-02  0.0000e+00 
8.4279e+01     4.1921e-05  0.0000e+00     3.5331e-03  0.0000e+00     4.1645e-04  0.0000e+00     3.5098e-02  0.0000e+00 
9.4563e+01     1.6655e-05  0.0000e+00     1.5750e-03  0.0000e+00     1.8565e-04  0.0000e+00     1.7555e-02  0.0000e+00 
1.0610e+02     5.2155e-06  0.0000e+00     5.5337e-04  0.0000e+00     6.5228e-05  0.0000e+00     6.9207e-03  0.0000e+00 
1.1905e+02     2.5030e-06  0.0000e+00     2.9797e-04  0.0000e+00     3.5123e-05  0.0000e+00     4.1813e-03  0.0000e+00 
1.3357e+02     9.5604e-07  0.0000e+00     1.2770e-04  0.0000e+00     1.5053e-05  0.0000e+00     2.0106e-03  0.0000e+00 
1.4987e+02     0.0000e+00  0.0000e+00     0.0000e+00  0.0000e+00     0.0000e+00  0.0000e+00     0.0000e+00  0.0000e+00 
1.6816e+02     0.0000e+00  0.0000e+00     0.0000e+00  0.0000e+00     0.0000e+00  0.0000e+00     0.0000e+00  0.0000e+00 
1.8868e+02     0.0000e+00  0.0000e+00     0.0000e+00  0.0000e+00     0.0000e+00  0.0000e+00     0.0000e+00  0.0000e+00 
2.1170e+02     0.0000e+00  0.0000e+00     0.0000e+00  0.0000e+00     0.0000e+00  0.0000e+00     0.0000e+00  0.0000e+00 
2.3753e+02     0.0000e+00  0.0000e+00     0.0000e+00  0.0000e+00     0.0000e+00  0.0000e+00     0.0000e+00  0.0000e+00 
2.6651e+02     0.0000e+00  0.0000e+00     0.0000e+00  0.0000e+00     0.0000e+00  0.0000e+00     0.0000e+00  0.0000e+00 
2.9903e+02     0.0000e+00  0.0000e+00     0.0000e+00  0.0000e+00     0.0000e+00  0.0000e+00     0.0000e+00  0.0000e+00 
3.3552e+02     0.0000e+00  0.0000e+00     0.0000e+00  0.0000e+00     0.0000e+00  0.0000e+00     0.0000e+00  0.0000e+00 
3.7646e+02     0.0000e+00  0.0000e+00     0.0000e+00  0.0000e+00     0.0000e+00  0.0000e+00     0.0000e+00  0.0000e+00 
4.2240e+02     0.0000e+00  0.0000e+00     0.0000e+00  0.0000e+00     0.0000e+00  0.0000e+00     0.0000e+00  0.0000e+00 
4.7394e+02     0.0000e+00  0.0000e+00     0.0000e+00  0.0000e+00     0.0000e+00  0.0000e+00     0.0000e+00  0.0000e+00 
5.3176e+02     0.0000e+00  0.0000e+00     0.0000e+00  0.0000e+00     0.0000e+00  0.0000e+00     0.0000e+00  0.0000e+00 
5.9665e+02     0.0000e+00  0.0000e+00     0.0000e+00  0.0000e+00     0.0000e+00  0.0000e+00     0.0000e+00  0.0000e+00 
6.6945e+02     0.0000e+00  0.0000e+00     0.0000e+00  0.0000e+00     0.0000e+00  0.0000e+00     0.0000e+00  0.0000e+00 
7.5114e+02     0.0000e+00  0.0000e+00     0.0000e+00  0.0000e+00     0.0000e+00  0.0000e+00     0.0000e+00  0.0000e+00 
8.4279e+02     0.0000e+00  0.0000e+00     0.0000e+00  0.0000e+00     0.0000e+00  0.0000e+00     0.0000e+00  0.0000e+00 
9.4563e+02     0.0000e+00  0.0000e+00     0.0000e+00  0.0000e+00     0.0000e+00  0.0000e+00     0.0000e+00  0.0000e+00 
1.0610e+03     0.0000e+00  0.0000e+00     0.0000e+00  0.0000e+00     0.0000e+00  0.0000e+00     0.0000e+00  0.0000e+00 
1.1905e+03     0.0000e+00  0.0000e+00     0.0000e+00  0.0000e+00     0.0000e+00  0.0000e+00     0.0000e+00  0.0000e+00 
1.3357e+03     0.0000e+00  0.0000e+00     0.0000e+00  0.0000e+00     0.0000e+00  0.0000e+00     0.0000e+00  0.0000e+00 
1.4987e+03     0.0000e+00  0.0000e+00     0.0000e+00  0.0000e+00     0.0000e+00  0.0000e+00     0.0000e+00  0.0000e+00 
1.6816e+03     0.0000e+00  0.0000e+00     0.0000e+00  0.0000e+00     0.0000e+00  0.0000e+00     0.0000e+00  0.0000e+00 
1.8868e+03     0.0000e+00  0.0000e+00     0.0000e+00  0.0000e+00     0.0000e+00  0.0000e+00     0.0000e+00  0.0000e+00 
2.1170e+03     0.0000e+00  0.0000e+00     0.0000e+00  0.0000e+00     0.0000e+00  0.0000e+00     0.0000e+00  0.0000e+00 
2.3753e+03     0.0000e+00  0.0000e+00     0.0000e+00  0.0000e+00     0.0000e+00  0.0000e+00     0.0000e+00  0.0000e+00 
2.6651e+03     0.0000e+00  0.0000e+00     0.0000e+00  0.0000e+00     0.0000e+00  0.0000e+00     0.0000e+00  0.0000e+00 
2.9903e+03     0.0000e+00  0.0000e+00     0.0000e+00  0.0000e+00     0.0000e+00  0.0000e+00     0.0000e+00  0.0000e+00 
3.3552e+03     0.0000e+00  0.0000e+00     0.0000e+00  0.0000e+00     0.0000e+00  0.0000e+00     0.0000e+00  0.0000e+00 
3.7646e+03     0.0000e+00  0.0000e+00     0.0000e+00  0.0000e+00     0.0000e+00  0.0000e+00     0.0000e+00  0.0000e+00 
4.2240e+03     0.0000e+00  0.0000e+00     0.0000e+00  0.0000e+00     0.0000e+00  0.0000e+00     0.0000e+00  0.0000e+00 
4.7394e+03     0.0000e+00  0.0000e+00     0.0000e+00  0.0000e+00     0.0000e+00  0.0000e+00     0.0000e+00  0.0000e+00 
5.3176e+03     0.0000e+00  0.0000e+00     0.0000e+00  0.0000e+00     0.0000e+00  0.0000e+00     0.0000e+00  0.0000e+00 
5.9665e+03     0.0000e+00  0.0000e+00     0.0000e+00  0.0000e+00     0.0000e+00  0.0000e+00     0.0000e+00  0.0000e+00 
6.6945e+03     0.0000e+00  0.0000e+00     0.0000e+00  0.0000e+00     0.0000e+00  0.0000e+00     0.0000e+00  0.0000e+00 
7.5114e+03     0.0000e+00  0.0000e+00     0.0000e+00  0.0000e+00     0.0000e+00  0.0000e+00     0.0000e+00  0.0000e+00 
8.4279e+03     0.0000e+00  0.0000e+00     0.0000e+00  0.0000e+00     0.0000e+00  0.0000e+00     0.0000e+00  0.0000e+00 
9.4563e+03     0.0000e+00  0.0000e+00     0.0000e+00  0.0000e+00     0.0000e+00  0.0000e+00     0.0000e+00  0.0000e+00 
