yF = 7.1227e+00 (std: 0.0000e+00) keV/um
yD = 2.4844e+01 (std: 0.0000e+00) keV/um
y (keV/um)     f(y)(std)                  yf(y)(std)                 d(y)(std)                  yd(y)(std)  
1.0610e-01     2.2092e+01  0.0000e+00     2.3440e+00  0.0000e+00     3.2909e-01  0.0000e+00     3.4917e-02  0.0000e+00 
1.1905e-01     1.5943e+00  0.0000e+00     1.8979e-01  0.0000e+00     2.6646e-02  0.0000e+00     3.1721e-03  0.0000e+00 
1.3357e-01     4.9892e-01  0.0000e+00     6.6642e-02  0.0000e+00     9.3563e-03  0.0000e+00     1.2497e-03  0.0000e+00 
1.4987e-01     2.3559e+00  0.0000e+00     3.5308e-01  0.0000e+00     4.9571e-02  0.0000e+00     7.4292e-03  0.0000e+00 
1.6816e-01     7.3086e-01  0.0000e+00     1.2290e-01  0.0000e+00     1.7255e-02  0.0000e+00     2.9015e-03  0.0000e+00 
1.8868e-01     4.9052e-01  0.0000e+00     9.2550e-02  0.0000e+00     1.2994e-02  0.0000e+00     2.4516e-03  0.0000e+00 
2.1170e-01     5.4518e-01  0.0000e+00     1.1541e-01  0.0000e+00     1.6204e-02  0.0000e+00     3.4303e-03  0.0000e+00 
2.3753e-01     5.0312e-01  0.0000e+00     1.1951e-01  0.0000e+00     1.6778e-02  0.0000e+00     3.9853e-03  0.0000e+00 
2.6651e-01     2.1465e-01  0.0000e+00     5.7207e-02  0.0000e+00     8.0317e-03  0.0000e+00     2.1406e-03  0.0000e+00 
2.9903e-01     1.9849e-01  0.0000e+00     5.9354e-02  0.0000e+00     8.3330e-03  0.0000e+00     2.4919e-03  0.0000e+00 
3.3552e-01     1.0971e+00  0.0000e+00     3.6810e-01  0.0000e+00     5.1680e-02  0.0000e+00     1.7340e-02  0.0000e+00 
3.7646e-01     6.7826e-01  0.0000e+00     2.5534e-01  0.0000e+00     3.5848e-02  0.0000e+00     1.3495e-02  0.0000e+00 
4.2240e-01     3.0184e-01  0.0000e+00     1.2749e-01  0.0000e+00     1.7900e-02  0.0000e+00     7.5607e-03  0.0000e+00 
4.7394e-01     3.0050e-01  0.0000e+00     1.4242e-01  0.0000e+00     1.9995e-02  0.0000e+00     9.4764e-03  0.0000e+00 
5.3176e-01     1.9413e-01  0.0000e+00     1.0323e-01  0.0000e+00     1.4493e-02  0.0000e+00     7.7071e-03  0.0000e+00 
5.9665e-01     1.0124e-01  0.0000e+00     6.0402e-02  0.0000e+00     8.4802e-03  0.0000e+00     5.0597e-03  0.0000e+00 
6.6945e-01     1.5398e-01  0.0000e+00     1.0308e-01  0.0000e+00     1.4472e-02  0.0000e+00     9.6886e-03  0.0000e+00 
7.5114e-01     1.3332e-01  0.0000e+00     1.0014e-01  0.0000e+00     1.4059e-02  0.0000e+00     1.0560e-02  0.0000e+00 
8.4279e-01     6.5154e-02  0.0000e+00     5.4911e-02  0.0000e+00     7.7093e-03  0.0000e+00     6.4973e-03  0.0000e+00 
9.4563e-01     3.7903e-02  0.0000e+00     3.5842e-02  0.0000e+00     5.0321e-03  0.0000e+00     4.7584e-03  0.0000e+00 
1.0610e+00     3.2558e-02  0.0000e+00     3.4544e-02  0.0000e+00     4.8498e-03  0.0000e+00     5.1457e-03  0.0000e+00 
1.1905e+00     1.6060e-02  0.0000e+00     1.9119e-02  0.0000e+00     2.6842e-03  0.0000e+00     3.1955e-03  0.0000e+00 
1.3357e+00     9.7541e-03  0.0000e+00     1.3029e-02  0.0000e+00     1.8292e-03  0.0000e+00     2.4433e-03  0.0000e+00 
1.4987e+00     5.0295e-03  0.0000e+00     7.5378e-03  0.0000e+00     1.0583e-03  0.0000e+00     1.5861e-03  0.0000e+00 
1.6816e+00     2.4045e-03  0.0000e+00     4.0435e-03  0.0000e+00     5.6768e-04  0.0000e+00     9.5461e-04  0.0000e+00 
1.8868e+00     1.0318e-03  0.0000e+00     1.9469e-03  0.0000e+00     2.7333e-04  0.0000e+00     5.1571e-04  0.0000e+00 
2.1170e+00     3.7728e-04  0.0000e+00     7.9871e-04  0.0000e+00     1.1214e-04  0.0000e+00     2.3739e-04  0.0000e+00 
2.3753e+00     1.4711e-04  0.0000e+00     3.4943e-04  0.0000e+00     4.9059e-05  0.0000e+00     1.1653e-04  0.0000e+00 
2.6651e+00     1.8730e-05  0.0000e+00     4.9919e-05  0.0000e+00     7.0084e-06  0.0000e+00     1.8678e-05  0.0000e+00 
2.9903e+00     0.0000e+00  0.0000e+00     0.0000e+00  0.0000e+00     0.0000e+00  0.0000e+00     0.0000e+00  0.0000e+00 
3.3552e+00     0.0000e+00  0.0000e+00     0.0000e+00  0.0000e+00     0.0000e+00  0.0000e+00     0.0000e+00  0.0000e+00 
3.7646e+00     0.0000e+00  0.0000e+00     0.0000e+00  0.0000e+00     0.0000e+00  0.0000e+00     0.0000e+00  0.0000e+00 
4.2240e+00     0.0000e+00  0.0000e+00     0.0000e+00  0.0000e+00     0.0000e+00  0.0000e+00     0.0000e+00  0.0000e+00 
4.7394e+00     0.0000e+00  0.0000e+00     0.0000e+00  0.0000e+00     0.0000e+00  0.0000e+00     0.0000e+00  0.0000e+00 
5.3176e+00     9.3875e-06  0.0000e+00     4.9919e-05  0.0000e+00     7.0084e-06  0.0000e+00     3.7268e-05  0.0000e+00 
5.9665e+00     6.6180e-02  0.0000e+00     3.9486e-01  0.0000e+00     5.5437e-02  0.0000e+00     3.3076e-01  0.0000e+00 
6.6945e+00     1.8075e-02  0.0000e+00     1.2100e-01  0.0000e+00     1.6988e-02  0.0000e+00     1.1373e-01  0.0000e+00 
7.5114e+00     6.7588e-03  0.0000e+00     5.0768e-02  0.0000e+00     7.1276e-03  0.0000e+00     5.3538e-02  0.0000e+00 
8.4279e+00     4.5424e-02  0.0000e+00     3.8283e-01  0.0000e+00     5.3748e-02  0.0000e+00     4.5298e-01  0.0000e+00 
9.4563e+00     2.4510e-02  0.0000e+00     2.3178e-01  0.0000e+00     3.2540e-02  0.0000e+00     3.0771e-01  0.0000e+00 
1.0610e+01     4.1389e-02  0.0000e+00     4.3914e-01  0.0000e+00     6.1653e-02  0.0000e+00     6.5415e-01  0.0000e+00 
1.1905e+01     3.0095e-02  0.0000e+00     3.5827e-01  0.0000e+00     5.0300e-02  0.0000e+00     5.9880e-01  0.0000e+00 
1.3357e+01     2.6874e-02  0.0000e+00     3.5897e-01  0.0000e+00     5.0398e-02  0.0000e+00     6.7318e-01  0.0000e+00 
1.4987e+01     1.6471e-02  0.0000e+00     2.4685e-01  0.0000e+00     3.4657e-02  0.0000e+00     5.1941e-01  0.0000e+00 
1.6816e+01     9.9507e-03  0.0000e+00     1.6733e-01  0.0000e+00     2.3492e-02  0.0000e+00     3.9504e-01  0.0000e+00 
1.8868e+01     7.3367e-03  0.0000e+00     1.3843e-01  0.0000e+00     1.9434e-02  0.0000e+00     3.6668e-01  0.0000e+00 
2.1170e+01     5.9988e-03  0.0000e+00     1.2699e-01  0.0000e+00     1.7829e-02  0.0000e+00     3.7745e-01  0.0000e+00 
2.3753e+01     5.5104e-03  0.0000e+00     1.3089e-01  0.0000e+00     1.8376e-02  0.0000e+00     4.3649e-01  0.0000e+00 
2.6651e+01     5.8795e-03  0.0000e+00     1.5670e-01  0.0000e+00     2.2000e-02  0.0000e+00     5.8632e-01  0.0000e+00 
2.9903e+01     2.7645e-03  0.0000e+00     8.2666e-02  0.0000e+00     1.1606e-02  0.0000e+00     3.4706e-01  0.0000e+00 
3.3552e+01     2.4088e-03  0.0000e+00     8.0819e-02  0.0000e+00     1.1347e-02  0.0000e+00     3.8070e-01  0.0000e+00 
3.7646e+01     1.8498e-03  0.0000e+00     6.9637e-02  0.0000e+00     9.7768e-03  0.0000e+00     3.6806e-01  0.0000e+00 
4.2240e+01     1.3804e-03  0.0000e+00     5.8306e-02  0.0000e+00     8.1859e-03  0.0000e+00     3.4577e-01  0.0000e+00 
4.7394e+01     9.5955e-04  0.0000e+00     4.5476e-02  0.0000e+00     6.3847e-03  0.0000e+00     3.0259e-01  0.0000e+00 
5.3176e+01     6.4867e-04  0.0000e+00     3.4494e-02  0.0000e+00     4.8428e-03  0.0000e+00     2.5752e-01  0.0000e+00 
5.9665e+01     4.3841e-04  0.0000e+00     2.6158e-02  0.0000e+00     3.6724e-03  0.0000e+00     2.1912e-01  0.0000e+00 
6.6945e+01     2.4756e-04  0.0000e+00     1.6573e-02  0.0000e+00     2.3268e-03  0.0000e+00     1.5577e-01  0.0000e+00 
7.5114e+01     1.4887e-04  0.0000e+00     1.1182e-02  0.0000e+00     1.5699e-03  0.0000e+00     1.1792e-01  0.0000e+00 
8.4279e+01     7.8185e-05  0.0000e+00     6.5893e-03  0.0000e+00     9.2511e-04  0.0000e+00     7.7968e-02  0.0000e+00 
9.4563e+01     3.0618e-05  0.0000e+00     2.8953e-03  0.0000e+00     4.0649e-04  0.0000e+00     3.8439e-02  0.0000e+00 
1.0610e+02     1.7879e-05  0.0000e+00     1.8969e-03  0.0000e+00     2.6632e-04  0.0000e+00     2.8257e-02  0.0000e+00 
1.1905e+02     5.8705e-06  0.0000e+00     6.9887e-04  0.0000e+00     9.8118e-05  0.0000e+00     1.1681e-02  0.0000e+00 
1.3357e+02     1.8686e-06  0.0000e+00     2.4960e-04  0.0000e+00     3.5042e-05  0.0000e+00     4.6807e-03  0.0000e+00 
1.4987e+02     9.9924e-07  0.0000e+00     1.4976e-04  0.0000e+00     2.1025e-05  0.0000e+00     3.1511e-03  0.0000e+00 
1.6816e+02     0.0000e+00  0.0000e+00     0.0000e+00  0.0000e+00     0.0000e+00  0.0000e+00     0.0000e+00  0.0000e+00 
1.8868e+02     0.0000e+00  0.0000e+00     0.0000e+00  0.0000e+00     0.0000e+00  0.0000e+00     0.0000e+00  0.0000e+00 
2.1170e+02     0.0000e+00  0.0000e+00     0.0000e+00  0.0000e+00     0.0000e+00  0.0000e+00     0.0000e+00  0.0000e+00 
2.3753e+02     0.0000e+00  0.0000e+00     0.0000e+00  0.0000e+00     0.0000e+00  0.0000e+00     0.0000e+00  0.0000e+00 
2.6651e+02     0.0000e+00  0.0000e+00     0.0000e+00  0.0000e+00     0.0000e+00  0.0000e+00     0.0000e+00  0.0000e+00 
2.9903e+02     0.0000e+00  0.0000e+00     0.0000e+00  0.0000e+00     0.0000e+00  0.0000e+00     0.0000e+00  0.0000e+00 
3.3552e+02     0.0000e+00  0.0000e+00     0.0000e+00  0.0000e+00     0.0000e+00  0.0000e+00     0.0000e+00  0.0000e+00 
3.7646e+02     0.0000e+00  0.0000e+00     0.0000e+00  0.0000e+00     0.0000e+00  0.0000e+00     0.0000e+00  0.0000e+00 
4.2240e+02     0.0000e+00  0.0000e+00     0.0000e+00  0.0000e+00     0.0000e+00  0.0000e+00     0.0000e+00  0.0000e+00 
4.7394e+02     0.0000e+00  0.0000e+00     0.0000e+00  0.0000e+00     0.0000e+00  0.0000e+00     0.0000e+00  0.0000e+00 
5.3176e+02     0.0000e+00  0.0000e+00     0.0000e+00  0.0000e+00     0.0000e+00  0.0000e+00     0.0000e+00  0.0000e+00 
5.9665e+02     0.0000e+00  0.0000e+00     0.0000e+00  0.0000e+00     0.0000e+00  0.0000e+00     0.0000e+00  0.0000e+00 
6.6945e+02     0.0000e+00  0.0000e+00     0.0000e+00  0.0000e+00     0.0000e+00  0.0000e+00     0.0000e+00  0.0000e+00 
7.5114e+02     0.0000e+00  0.0000e+00     0.0000e+00  0.0000e+00     0.0000e+00  0.0000e+00     0.0000e+00  0.0000e+00 
8.4279e+02     0.0000e+00  0.0000e+00     0.0000e+00  0.0000e+00     0.0000e+00  0.0000e+00     0.0000e+00  0.0000e+00 
9.4563e+02     0.0000e+00  0.0000e+00     0.0000e+00  0.0000e+00     0.0000e+00  0.0000e+00     0.0000e+00  0.0000e+00 
1.0610e+03     0.0000e+00  0.0000e+00     0.0000e+00  0.0000e+00     0.0000e+00  0.0000e+00     0.0000e+00  0.0000e+00 
1.1905e+03     0.0000e+00  0.0000e+00     0.0000e+00  0.0000e+00     0.0000e+00  0.0000e+00     0.0000e+00  0.0000e+00 
1.3357e+03     0.0000e+00  0.0000e+00     0.0000e+00  0.0000e+00     0.0000e+00  0.0000e+00     0.0000e+00  0.0000e+00 
1.4987e+03     0.0000e+00  0.0000e+00     0.0000e+00  0.0000e+00     0.0000e+00  0.0000e+00     0.0000e+00  0.0000e+00 
1.6816e+03     0.0000e+00  0.0000e+00     0.0000e+00  0.0000e+00     0.0000e+00  0.0000e+00     0.0000e+00  0.0000e+00 
1.8868e+03     0.0000e+00  0.0000e+00     0.0000e+00  0.0000e+00     0.0000e+00  0.0000e+00     0.0000e+00  0.0000e+00 
2.1170e+03     0.0000e+00  0.0000e+00     0.0000e+00  0.0000e+00     0.0000e+00  0.0000e+00     0.0000e+00  0.0000e+00 
2.3753e+03     0.0000e+00  0.0000e+00     0.0000e+00  0.0000e+00     0.0000e+00  0.0000e+00     0.0000e+00  0.0000e+00 
2.6651e+03     0.0000e+00  0.0000e+00     0.0000e+00  0.0000e+00     0.0000e+00  0.0000e+00     0.0000e+00  0.0000e+00 
2.9903e+03     0.0000e+00  0.0000e+00     0.0000e+00  0.0000e+00     0.0000e+00  0.0000e+00     0.0000e+00  0.0000e+00 
3.3552e+03     0.0000e+00  0.0000e+00     0.0000e+00  0.0000e+00     0.0000e+00  0.0000e+00     0.0000e+00  0.0000e+00 
3.7646e+03     0.0000e+00  0.0000e+00     0.0000e+00  0.0000e+00     0.0000e+00  0.0000e+00     0.0000e+00  0.0000e+00 
4.2240e+03     0.0000e+00  0.0000e+00     0.0000e+00  0.0000e+00     0.0000e+00  0.0000e+00     0.0000e+00  0.0000e+00 
4.7394e+03     0.0000e+00  0.0000e+00     0.0000e+00  0.0000e+00     0.0000e+00  0.0000e+00     0.0000e+00  0.0000e+00 
5.3176e+03     0.0000e+00  0.0000e+00     0.0000e+00  0.0000e+00     0.0000e+00  0.0000e+00     0.0000e+00  0.0000e+00 
5.9665e+03     0.0000e+00  0.0000e+00     0.0000e+00  0.0000e+00     0.0000e+00  0.0000e+00     0.0000e+00  0.0000e+00 
6.6945e+03     0.0000e+00  0.0000e+00     0.0000e+00  0.0000e+00     0.0000e+00  0.0000e+00     0.0000e+00  0.0000e+00 
7.5114e+03     0.0000e+00  0.0000e+00     0.0000e+00  0.0000e+00     0.0000e+00  0.0000e+00     0.0000e+00  0.0000e+00 
8.4279e+03     0.0000e+00  0.0000e+00     0.0000e+00  0.0000e+00     0.0000e+00  0.0000e+00     0.0000e+00  0.0000e+00 
9.4563e+03     0.0000e+00  0.0000e+00     0.0000e+00  0.0000e+00     0.0000e+00  0.0000e+00     0.0000e+00  0.0000e+00 
