yF = 5.7530e+00 (std: 0.0000e+00) keV/um
yD = 2.3773e+01 (std: 0.0000e+00) keV/um
y (keV/um)     f(y)(std)                  yf(y)(std)                 d(y)(std)                  yd(y)(std)  
1.0610e-01     2.0200e+01  0.0000e+00     2.1432e+00  0.0000e+00     3.7254e-01  0.0000e+00     3.9526e-02  0.0000e+00 
1.1905e-01     1.7285e+00  0.0000e+00     2.0577e-01  0.0000e+00     3.5768e-02  0.0000e+00     4.2581e-03  0.0000e+00 
1.3357e-01     5.9483e-01  0.0000e+00     7.9454e-02  0.0000e+00     1.3811e-02  0.0000e+00     1.8448e-03  0.0000e+00 
1.4987e-01     2.4538e+00  0.0000e+00     3.6775e-01  0.0000e+00     6.3923e-02  0.0000e+00     9.5803e-03  0.0000e+00 
1.6816e-01     8.6972e-01  0.0000e+00     1.4625e-01  0.0000e+00     2.5422e-02  0.0000e+00     4.2749e-03  0.0000e+00 
1.8868e-01     6.3616e-01  0.0000e+00     1.2003e-01  0.0000e+00     2.0864e-02  0.0000e+00     3.9366e-03  0.0000e+00 
2.1170e-01     6.6742e-01  0.0000e+00     1.4129e-01  0.0000e+00     2.4560e-02  0.0000e+00     5.1993e-03  0.0000e+00 
2.3753e-01     6.1303e-01  0.0000e+00     1.4561e-01  0.0000e+00     2.5311e-02  0.0000e+00     6.0122e-03  0.0000e+00 
2.6651e-01     3.1796e-01  0.0000e+00     8.4740e-02  0.0000e+00     1.4730e-02  0.0000e+00     3.9257e-03  0.0000e+00 
2.9903e-01     2.8003e-01  0.0000e+00     8.3737e-02  0.0000e+00     1.4555e-02  0.0000e+00     4.3526e-03  0.0000e+00 
3.3552e-01     1.1457e+00  0.0000e+00     3.8440e-01  0.0000e+00     6.6818e-02  0.0000e+00     2.2419e-02  0.0000e+00 
3.7646e-01     8.4760e-01  0.0000e+00     3.1909e-01  0.0000e+00     5.5465e-02  0.0000e+00     2.0880e-02  0.0000e+00 
4.2240e-01     4.2083e-01  0.0000e+00     1.7776e-01  0.0000e+00     3.0899e-02  0.0000e+00     1.3051e-02  0.0000e+00 
4.7394e-01     4.1517e-01  0.0000e+00     1.9676e-01  0.0000e+00     3.4202e-02  0.0000e+00     1.6210e-02  0.0000e+00 
5.3176e-01     2.9702e-01  0.0000e+00     1.5794e-01  0.0000e+00     2.7454e-02  0.0000e+00     1.4599e-02  0.0000e+00 
5.9665e-01     1.7139e-01  0.0000e+00     1.0226e-01  0.0000e+00     1.7775e-02  0.0000e+00     1.0606e-02  0.0000e+00 
6.6945e-01     2.2109e-01  0.0000e+00     1.4801e-01  0.0000e+00     2.5727e-02  0.0000e+00     1.7223e-02  0.0000e+00 
7.5114e-01     2.0395e-01  0.0000e+00     1.5320e-01  0.0000e+00     2.6629e-02  0.0000e+00     2.0002e-02  0.0000e+00 
8.4279e-01     1.1300e-01  0.0000e+00     9.5236e-02  0.0000e+00     1.6554e-02  0.0000e+00     1.3952e-02  0.0000e+00 
9.4563e-01     7.3637e-02  0.0000e+00     6.9633e-02  0.0000e+00     1.2104e-02  0.0000e+00     1.1446e-02  0.0000e+00 
1.0610e+00     5.6318e-02  0.0000e+00     5.9754e-02  0.0000e+00     1.0387e-02  0.0000e+00     1.1020e-02  0.0000e+00 
1.1905e+00     3.4213e-02  0.0000e+00     4.0730e-02  0.0000e+00     7.0799e-03  0.0000e+00     8.4284e-03  0.0000e+00 
1.3357e+00     2.0179e-02  0.0000e+00     2.6954e-02  0.0000e+00     4.6853e-03  0.0000e+00     6.2582e-03  0.0000e+00 
1.4987e+00     1.1677e-02  0.0000e+00     1.7500e-02  0.0000e+00     3.0419e-03  0.0000e+00     4.5589e-03  0.0000e+00 
1.6816e+00     5.9205e-03  0.0000e+00     9.9558e-03  0.0000e+00     1.7306e-03  0.0000e+00     2.9101e-03  0.0000e+00 
1.8868e+00     2.8531e-03  0.0000e+00     5.3831e-03  0.0000e+00     9.3571e-04  0.0000e+00     1.7655e-03  0.0000e+00 
2.1170e+00     1.1666e-03  0.0000e+00     2.4697e-03  0.0000e+00     4.2929e-04  0.0000e+00     9.0880e-04  0.0000e+00 
2.3753e+00     3.8990e-04  0.0000e+00     9.2612e-04  0.0000e+00     1.6098e-04  0.0000e+00     3.8238e-04  0.0000e+00 
2.6651e+00     1.2307e-04  0.0000e+00     3.2800e-04  0.0000e+00     5.7015e-05  0.0000e+00     1.5195e-04  0.0000e+00 
2.9903e+00     4.5166e-05  0.0000e+00     1.3506e-04  0.0000e+00     2.3477e-05  0.0000e+00     7.0203e-05  0.0000e+00 
3.3552e+00     1.1501e-05  0.0000e+00     3.8589e-05  0.0000e+00     6.7076e-06  0.0000e+00     2.2505e-05  0.0000e+00 
3.7646e+00     1.5376e-05  0.0000e+00     5.7883e-05  0.0000e+00     1.0061e-05  0.0000e+00     3.7877e-05  0.0000e+00 
4.2240e+00     0.0000e+00  0.0000e+00     0.0000e+00  0.0000e+00     0.0000e+00  0.0000e+00     0.0000e+00  0.0000e+00 
4.7394e+00     0.0000e+00  0.0000e+00     0.0000e+00  0.0000e+00     0.0000e+00  0.0000e+00     0.0000e+00  0.0000e+00 
5.3176e+00     0.0000e+00  0.0000e+00     0.0000e+00  0.0000e+00     0.0000e+00  0.0000e+00     0.0000e+00  0.0000e+00 
5.9665e+00     1.0441e-01  0.0000e+00     6.2295e-01  0.0000e+00     1.0828e-01  0.0000e+00     6.4608e-01  0.0000e+00 
6.6945e+00     3.0274e-02  0.0000e+00     2.0267e-01  0.0000e+00     3.5228e-02  0.0000e+00     2.3584e-01  0.0000e+00 
7.5114e+00     7.5699e-03  0.0000e+00     5.6860e-02  0.0000e+00     9.8836e-03  0.0000e+00     7.4240e-02  0.0000e+00 
8.4279e+00     2.8621e-02  0.0000e+00     2.4122e-01  0.0000e+00     4.1929e-02  0.0000e+00     3.5337e-01  0.0000e+00 
9.4563e+00     2.0612e-02  0.0000e+00     1.9491e-01  0.0000e+00     3.3880e-02  0.0000e+00     3.2038e-01  0.0000e+00 
1.0610e+01     2.9507e-02  0.0000e+00     3.1307e-01  0.0000e+00     5.4419e-02  0.0000e+00     5.7739e-01  0.0000e+00 
1.1905e+01     2.2304e-02  0.0000e+00     2.6553e-01  0.0000e+00     4.6155e-02  0.0000e+00     5.4946e-01  0.0000e+00 
1.3357e+01     1.6835e-02  0.0000e+00     2.2487e-01  0.0000e+00     3.9089e-02  0.0000e+00     5.2212e-01  0.0000e+00 
1.4987e+01     1.0783e-02  0.0000e+00     1.6161e-01  0.0000e+00     2.8091e-02  0.0000e+00     4.2101e-01  0.0000e+00 
1.6816e+01     7.6703e-03  0.0000e+00     1.2898e-01  0.0000e+00     2.2420e-02  0.0000e+00     3.7701e-01  0.0000e+00 
1.8868e+01     6.0497e-03  0.0000e+00     1.1414e-01  0.0000e+00     1.9841e-02  0.0000e+00     3.7436e-01  0.0000e+00 
2.1170e+01     5.5103e-03  0.0000e+00     1.1665e-01  0.0000e+00     2.0277e-02  0.0000e+00     4.2926e-01  0.0000e+00 
2.3753e+01     4.9419e-03  0.0000e+00     1.1739e-01  0.0000e+00     2.0405e-02  0.0000e+00     4.8467e-01  0.0000e+00 
2.6651e+01     3.5170e-03  0.0000e+00     9.3732e-02  0.0000e+00     1.6293e-02  0.0000e+00     4.3422e-01  0.0000e+00 
2.9903e+01     2.4764e-03  0.0000e+00     7.4051e-02  0.0000e+00     1.2872e-02  0.0000e+00     3.8491e-01  0.0000e+00 
3.3552e+01     2.0202e-03  0.0000e+00     6.7781e-02  0.0000e+00     1.1782e-02  0.0000e+00     3.9531e-01  0.0000e+00 
3.7646e+01     1.5099e-03  0.0000e+00     5.6841e-02  0.0000e+00     9.8803e-03  0.0000e+00     3.7195e-01  0.0000e+00 
4.2240e+01     1.0410e-03  0.0000e+00     4.3972e-02  0.0000e+00     7.6433e-03  0.0000e+00     3.2285e-01  0.0000e+00 
4.7394e+01     7.8165e-04  0.0000e+00     3.7045e-02  0.0000e+00     6.4393e-03  0.0000e+00     3.0518e-01  0.0000e+00 
5.3176e+01     4.8148e-04  0.0000e+00     2.5603e-02  0.0000e+00     4.4505e-03  0.0000e+00     2.3666e-01  0.0000e+00 
5.9665e+01     3.4084e-04  0.0000e+00     2.0336e-02  0.0000e+00     3.5349e-03  0.0000e+00     2.1091e-01  0.0000e+00 
6.6945e+01     1.8849e-04  0.0000e+00     1.2618e-02  0.0000e+00     2.1934e-03  0.0000e+00     1.4684e-01  0.0000e+00 
7.5114e+01     1.0172e-04  0.0000e+00     7.6405e-03  0.0000e+00     1.3281e-03  0.0000e+00     9.9759e-02  0.0000e+00 
8.4279e+01     4.9907e-05  0.0000e+00     4.2061e-03  0.0000e+00     7.3113e-04  0.0000e+00     6.1619e-02  0.0000e+00 
9.4563e+01     2.6525e-05  0.0000e+00     2.5083e-03  0.0000e+00     4.3599e-04  0.0000e+00     4.1229e-02  0.0000e+00 
1.0610e+02     1.1093e-05  0.0000e+00     1.1770e-03  0.0000e+00     2.0458e-04  0.0000e+00     2.1706e-02  0.0000e+00 
1.1905e+02     4.0518e-06  0.0000e+00     4.8236e-04  0.0000e+00     8.3845e-05  0.0000e+00     9.9815e-03  0.0000e+00 
1.3357e+02     1.1556e-06  0.0000e+00     1.5435e-04  0.0000e+00     2.6830e-05  0.0000e+00     3.5838e-03  0.0000e+00 
1.4987e+02     5.1495e-07  0.0000e+00     7.7177e-05  0.0000e+00     1.3415e-05  0.0000e+00     2.0106e-03  0.0000e+00 
1.6816e+02     2.2948e-07  0.0000e+00     3.8589e-05  0.0000e+00     6.7076e-06  0.0000e+00     1.1279e-03  0.0000e+00 
1.8868e+02     1.0226e-07  0.0000e+00     1.9294e-05  0.0000e+00     3.3538e-06  0.0000e+00     6.3278e-04  0.0000e+00 
2.1170e+02     0.0000e+00  0.0000e+00     0.0000e+00  0.0000e+00     0.0000e+00  0.0000e+00     0.0000e+00  0.0000e+00 
2.3753e+02     0.0000e+00  0.0000e+00     0.0000e+00  0.0000e+00     0.0000e+00  0.0000e+00     0.0000e+00  0.0000e+00 
2.6651e+02     0.0000e+00  0.0000e+00     0.0000e+00  0.0000e+00     0.0000e+00  0.0000e+00     0.0000e+00  0.0000e+00 
2.9903e+02     0.0000e+00  0.0000e+00     0.0000e+00  0.0000e+00     0.0000e+00  0.0000e+00     0.0000e+00  0.0000e+00 
3.3552e+02     0.0000e+00  0.0000e+00     0.0000e+00  0.0000e+00     0.0000e+00  0.0000e+00     0.0000e+00  0.0000e+00 
3.7646e+02     0.0000e+00  0.0000e+00     0.0000e+00  0.0000e+00     0.0000e+00  0.0000e+00     0.0000e+00  0.0000e+00 
4.2240e+02     0.0000e+00  0.0000e+00     0.0000e+00  0.0000e+00     0.0000e+00  0.0000e+00     0.0000e+00  0.0000e+00 
4.7394e+02     0.0000e+00  0.0000e+00     0.0000e+00  0.0000e+00     0.0000e+00  0.0000e+00     0.0000e+00  0.0000e+00 
5.3176e+02     0.0000e+00  0.0000e+00     0.0000e+00  0.0000e+00     0.0000e+00  0.0000e+00     0.0000e+00  0.0000e+00 
5.9665e+02     0.0000e+00  0.0000e+00     0.0000e+00  0.0000e+00     0.0000e+00  0.0000e+00     0.0000e+00  0.0000e+00 
6.6945e+02     0.0000e+00  0.0000e+00     0.0000e+00  0.0000e+00     0.0000e+00  0.0000e+00     0.0000e+00  0.0000e+00 
7.5114e+02     0.0000e+00  0.0000e+00     0.0000e+00  0.0000e+00     0.0000e+00  0.0000e+00     0.0000e+00  0.0000e+00 
8.4279e+02     0.0000e+00  0.0000e+00     0.0000e+00  0.0000e+00     0.0000e+00  0.0000e+00     0.0000e+00  0.0000e+00 
9.4563e+02     0.0000e+00  0.0000e+00     0.0000e+00  0.0000e+00     0.0000e+00  0.0000e+00     0.0000e+00  0.0000e+00 
1.0610e+03     0.0000e+00  0.0000e+00     0.0000e+00  0.0000e+00     0.0000e+00  0.0000e+00     0.0000e+00  0.0000e+00 
1.1905e+03     0.0000e+00  0.0000e+00     0.0000e+00  0.0000e+00     0.0000e+00  0.0000e+00     0.0000e+00  0.0000e+00 
1.3357e+03     0.0000e+00  0.0000e+00     0.0000e+00  0.0000e+00     0.0000e+00  0.0000e+00     0.0000e+00  0.0000e+00 
1.4987e+03     0.0000e+00  0.0000e+00     0.0000e+00  0.0000e+00     0.0000e+00  0.0000e+00     0.0000e+00  0.0000e+00 
1.6816e+03     0.0000e+00  0.0000e+00     0.0000e+00  0.0000e+00     0.0000e+00  0.0000e+00     0.0000e+00  0.0000e+00 
1.8868e+03     0.0000e+00  0.0000e+00     0.0000e+00  0.0000e+00     0.0000e+00  0.0000e+00     0.0000e+00  0.0000e+00 
2.1170e+03     0.0000e+00  0.0000e+00     0.0000e+00  0.0000e+00     0.0000e+00  0.0000e+00     0.0000e+00  0.0000e+00 
2.3753e+03     0.0000e+00  0.0000e+00     0.0000e+00  0.0000e+00     0.0000e+00  0.0000e+00     0.0000e+00  0.0000e+00 
2.6651e+03     0.0000e+00  0.0000e+00     0.0000e+00  0.0000e+00     0.0000e+00  0.0000e+00     0.0000e+00  0.0000e+00 
2.9903e+03     0.0000e+00  0.0000e+00     0.0000e+00  0.0000e+00     0.0000e+00  0.0000e+00     0.0000e+00  0.0000e+00 
3.3552e+03     0.0000e+00  0.0000e+00     0.0000e+00  0.0000e+00     0.0000e+00  0.0000e+00     0.0000e+00  0.0000e+00 
3.7646e+03     0.0000e+00  0.0000e+00     0.0000e+00  0.0000e+00     0.0000e+00  0.0000e+00     0.0000e+00  0.0000e+00 
4.2240e+03     0.0000e+00  0.0000e+00     0.0000e+00  0.0000e+00     0.0000e+00  0.0000e+00     0.0000e+00  0.0000e+00 
4.7394e+03     0.0000e+00  0.0000e+00     0.0000e+00  0.0000e+00     0.0000e+00  0.0000e+00     0.0000e+00  0.0000e+00 
5.3176e+03     0.0000e+00  0.0000e+00     0.0000e+00  0.0000e+00     0.0000e+00  0.0000e+00     0.0000e+00  0.0000e+00 
5.9665e+03     0.0000e+00  0.0000e+00     0.0000e+00  0.0000e+00     0.0000e+00  0.0000e+00     0.0000e+00  0.0000e+00 
6.6945e+03     0.0000e+00  0.0000e+00     0.0000e+00  0.0000e+00     0.0000e+00  0.0000e+00     0.0000e+00  0.0000e+00 
7.5114e+03     0.0000e+00  0.0000e+00     0.0000e+00  0.0000e+00     0.0000e+00  0.0000e+00     0.0000e+00  0.0000e+00 
8.4279e+03     0.0000e+00  0.0000e+00     0.0000e+00  0.0000e+00     0.0000e+00  0.0000e+00     0.0000e+00  0.0000e+00 
9.4563e+03     0.0000e+00  0.0000e+00     0.0000e+00  0.0000e+00     0.0000e+00  0.0000e+00     0.0000e+00  0.0000e+00 
