yF = 5.4297e+00 (std: 0.0000e+00) keV/um
yD = 2.3971e+01 (std: 0.0000e+00) keV/um
y (keV/um)     f(y)(std)                  yf(y)(std)                 d(y)(std)                  yd(y)(std)  
1.0610e-01     2.2088e+01  0.0000e+00     2.3435e+00  0.0000e+00     4.3161e-01  0.0000e+00     4.5795e-02  0.0000e+00 
1.1905e-01     1.7819e+00  0.0000e+00     2.1213e-01  0.0000e+00     3.9068e-02  0.0000e+00     4.6509e-03  0.0000e+00 
1.3357e-01     5.9345e-01  0.0000e+00     7.9268e-02  0.0000e+00     1.4599e-02  0.0000e+00     1.9500e-03  0.0000e+00 
1.4987e-01     2.6011e+00  0.0000e+00     3.8983e-01  0.0000e+00     7.1795e-02  0.0000e+00     1.0760e-02  0.0000e+00 
1.6816e-01     8.7760e-01  0.0000e+00     1.4758e-01  0.0000e+00     2.7179e-02  0.0000e+00     4.5704e-03  0.0000e+00 
1.8868e-01     6.1592e-01  0.0000e+00     1.1621e-01  0.0000e+00     2.1403e-02  0.0000e+00     4.0382e-03  0.0000e+00 
2.1170e-01     6.3489e-01  0.0000e+00     1.3441e-01  0.0000e+00     2.4754e-02  0.0000e+00     5.2403e-03  0.0000e+00 
2.3753e-01     6.1920e-01  0.0000e+00     1.4708e-01  0.0000e+00     2.7088e-02  0.0000e+00     6.4342e-03  0.0000e+00 
2.6651e-01     3.0789e-01  0.0000e+00     8.2057e-02  0.0000e+00     1.5113e-02  0.0000e+00     4.0277e-03  0.0000e+00 
2.9903e-01     2.7071e-01  0.0000e+00     8.0953e-02  0.0000e+00     1.4909e-02  0.0000e+00     4.4583e-03  0.0000e+00 
3.3552e-01     1.2330e+00  0.0000e+00     4.1368e-01  0.0000e+00     7.6188e-02  0.0000e+00     2.5563e-02  0.0000e+00 
3.7646e-01     8.4870e-01  0.0000e+00     3.1950e-01  0.0000e+00     5.8843e-02  0.0000e+00     2.2152e-02  0.0000e+00 
4.2240e-01     4.1997e-01  0.0000e+00     1.7739e-01  0.0000e+00     3.2671e-02  0.0000e+00     1.3800e-02  0.0000e+00 
4.7394e-01     4.1217e-01  0.0000e+00     1.9534e-01  0.0000e+00     3.5976e-02  0.0000e+00     1.7050e-02  0.0000e+00 
5.3176e-01     2.7550e-01  0.0000e+00     1.4650e-01  0.0000e+00     2.6981e-02  0.0000e+00     1.4347e-02  0.0000e+00 
5.9665e-01     1.5067e-01  0.0000e+00     8.9898e-02  0.0000e+00     1.6557e-02  0.0000e+00     9.8786e-03  0.0000e+00 
6.6945e-01     2.1871e-01  0.0000e+00     1.4642e-01  0.0000e+00     2.6966e-02  0.0000e+00     1.8052e-02  0.0000e+00 
7.5114e-01     1.9026e-01  0.0000e+00     1.4291e-01  0.0000e+00     2.6320e-02  0.0000e+00     1.9770e-02  0.0000e+00 
8.4279e-01     1.0401e-01  0.0000e+00     8.7662e-02  0.0000e+00     1.6145e-02  0.0000e+00     1.3607e-02  0.0000e+00 
9.4563e-01     6.5082e-02  0.0000e+00     6.1543e-02  0.0000e+00     1.1334e-02  0.0000e+00     1.0718e-02  0.0000e+00 
1.0610e+00     4.9026e-02  0.0000e+00     5.2017e-02  0.0000e+00     9.5801e-03  0.0000e+00     1.0165e-02  0.0000e+00 
1.1905e+00     2.8411e-02  0.0000e+00     3.3822e-02  0.0000e+00     6.2291e-03  0.0000e+00     7.4156e-03  0.0000e+00 
1.3357e+00     1.5751e-02  0.0000e+00     2.1039e-02  0.0000e+00     3.8748e-03  0.0000e+00     5.1756e-03  0.0000e+00 
1.4987e+00     9.3955e-03  0.0000e+00     1.4081e-02  0.0000e+00     2.5933e-03  0.0000e+00     3.8867e-03  0.0000e+00 
1.6816e+00     4.2197e-03  0.0000e+00     7.0958e-03  0.0000e+00     1.3068e-03  0.0000e+00     2.1976e-03  0.0000e+00 
1.8868e+00     2.0194e-03  0.0000e+00     3.8102e-03  0.0000e+00     7.0173e-04  0.0000e+00     1.3240e-03  0.0000e+00 
2.1170e+00     8.6078e-04  0.0000e+00     1.8223e-03  0.0000e+00     3.3561e-04  0.0000e+00     7.1048e-04  0.0000e+00 
2.3753e+00     2.2085e-04  0.0000e+00     5.2459e-04  0.0000e+00     9.6615e-05  0.0000e+00     2.2949e-04  0.0000e+00 
2.6651e+00     4.1439e-05  0.0000e+00     1.1044e-04  0.0000e+00     2.0340e-05  0.0000e+00     5.4209e-05  0.0000e+00 
2.9903e+00     9.2331e-06  0.0000e+00     2.7610e-05  0.0000e+00     5.0850e-06  0.0000e+00     1.5206e-05  0.0000e+00 
3.3552e+00     4.1145e-05  0.0000e+00     1.3805e-04  0.0000e+00     2.5425e-05  0.0000e+00     8.5306e-05  0.0000e+00 
3.7646e+00     0.0000e+00  0.0000e+00     0.0000e+00  0.0000e+00     0.0000e+00  0.0000e+00     0.0000e+00  0.0000e+00 
4.2240e+00     0.0000e+00  0.0000e+00     0.0000e+00  0.0000e+00     0.0000e+00  0.0000e+00     0.0000e+00  0.0000e+00 
4.7394e+00     0.0000e+00  0.0000e+00     0.0000e+00  0.0000e+00     0.0000e+00  0.0000e+00     0.0000e+00  0.0000e+00 
5.3176e+00     1.0384e-05  0.0000e+00     5.5220e-05  0.0000e+00     1.0170e-05  0.0000e+00     5.4080e-05  0.0000e+00 
5.9665e+00     1.0533e-01  0.0000e+00     6.2843e-01  0.0000e+00     1.1574e-01  0.0000e+00     6.9056e-01  0.0000e+00 
6.6945e+00     2.6317e-02  0.0000e+00     1.7618e-01  0.0000e+00     3.2447e-02  0.0000e+00     2.1722e-01  0.0000e+00 
7.5114e+00     6.8369e-03  0.0000e+00     5.1355e-02  0.0000e+00     9.4581e-03  0.0000e+00     7.1043e-02  0.0000e+00 
8.4279e+00     2.9245e-02  0.0000e+00     2.4647e-01  0.0000e+00     4.5394e-02  0.0000e+00     3.8257e-01  0.0000e+00 
9.4563e+00     1.9787e-02  0.0000e+00     1.8711e-01  0.0000e+00     3.4461e-02  0.0000e+00     3.2587e-01  0.0000e+00 
1.0610e+01     2.8776e-02  0.0000e+00     3.0531e-01  0.0000e+00     5.6230e-02  0.0000e+00     5.9660e-01  0.0000e+00 
1.1905e+01     2.0646e-02  0.0000e+00     2.4578e-01  0.0000e+00     4.5267e-02  0.0000e+00     5.3889e-01  0.0000e+00 
1.3357e+01     1.5476e-02  0.0000e+00     2.0672e-01  0.0000e+00     3.8071e-02  0.0000e+00     5.0853e-01  0.0000e+00 
1.4987e+01     9.6036e-03  0.0000e+00     1.4393e-01  0.0000e+00     2.6508e-02  0.0000e+00     3.9728e-01  0.0000e+00 
1.6816e+01     6.8747e-03  0.0000e+00     1.1560e-01  0.0000e+00     2.1291e-02  0.0000e+00     3.5802e-01  0.0000e+00 
1.8868e+01     5.5900e-03  0.0000e+00     1.0547e-01  0.0000e+00     1.9425e-02  0.0000e+00     3.6650e-01  0.0000e+00 
2.1170e+01     4.9025e-03  0.0000e+00     1.0379e-01  0.0000e+00     1.9114e-02  0.0000e+00     4.0465e-01  0.0000e+00 
2.3753e+01     4.7239e-03  0.0000e+00     1.1221e-01  0.0000e+00     2.0665e-02  0.0000e+00     4.9087e-01  0.0000e+00 
2.6651e+01     3.1069e-03  0.0000e+00     8.2803e-02  0.0000e+00     1.5250e-02  0.0000e+00     4.0643e-01  0.0000e+00 
2.9903e+01     2.2713e-03  0.0000e+00     6.7921e-02  0.0000e+00     1.2509e-02  0.0000e+00     3.7406e-01  0.0000e+00 
3.3552e+01     1.8696e-03  0.0000e+00     6.2730e-02  0.0000e+00     1.1553e-02  0.0000e+00     3.8763e-01  0.0000e+00 
3.7646e+01     1.4573e-03  0.0000e+00     5.4861e-02  0.0000e+00     1.0104e-02  0.0000e+00     3.8037e-01  0.0000e+00 
4.2240e+01     9.8898e-04  0.0000e+00     4.1774e-02  0.0000e+00     7.6936e-03  0.0000e+00     3.2497e-01  0.0000e+00 
4.7394e+01     7.2705e-04  0.0000e+00     3.4457e-02  0.0000e+00     6.3461e-03  0.0000e+00     3.0076e-01  0.0000e+00 
5.3176e+01     4.6833e-04  0.0000e+00     2.4904e-02  0.0000e+00     4.5867e-03  0.0000e+00     2.4390e-01  0.0000e+00 
5.9665e+01     3.1513e-04  0.0000e+00     1.8802e-02  0.0000e+00     3.4629e-03  0.0000e+00     2.0661e-01  0.0000e+00 
6.6945e+01     1.9013e-04  0.0000e+00     1.2728e-02  0.0000e+00     2.3442e-03  0.0000e+00     1.5693e-01  0.0000e+00 
7.5114e+01     1.0770e-04  0.0000e+00     8.0897e-03  0.0000e+00     1.4899e-03  0.0000e+00     1.1191e-01  0.0000e+00 
8.4279e+01     6.0279e-05  0.0000e+00     5.0802e-03  0.0000e+00     9.3564e-04  0.0000e+00     7.8855e-02  0.0000e+00 
9.4563e+01     2.4818e-05  0.0000e+00     2.3469e-03  0.0000e+00     4.3222e-04  0.0000e+00     4.0872e-02  0.0000e+00 
1.0610e+02     1.3271e-05  0.0000e+00     1.4081e-03  0.0000e+00     2.5933e-04  0.0000e+00     2.7516e-02  0.0000e+00 
1.1905e+02     4.4066e-06  0.0000e+00     5.2459e-04  0.0000e+00     9.6615e-05  0.0000e+00     1.1502e-02  0.0000e+00 
1.3357e+02     1.4469e-06  0.0000e+00     1.9327e-04  0.0000e+00     3.5595e-05  0.0000e+00     4.7545e-03  0.0000e+00 
1.4987e+02     1.8422e-07  0.0000e+00     2.7610e-05  0.0000e+00     5.0850e-06  0.0000e+00     7.6209e-04  0.0000e+00 
1.6816e+02     1.6419e-07  0.0000e+00     2.7610e-05  0.0000e+00     5.0850e-06  0.0000e+00     8.5508e-04  0.0000e+00 
1.8868e+02     0.0000e+00  0.0000e+00     0.0000e+00  0.0000e+00     0.0000e+00  0.0000e+00     0.0000e+00  0.0000e+00 
2.1170e+02     0.0000e+00  0.0000e+00     0.0000e+00  0.0000e+00     0.0000e+00  0.0000e+00     0.0000e+00  0.0000e+00 
2.3753e+02     0.0000e+00  0.0000e+00     0.0000e+00  0.0000e+00     0.0000e+00  0.0000e+00     0.0000e+00  0.0000e+00 
2.6651e+02     0.0000e+00  0.0000e+00     0.0000e+00  0.0000e+00     0.0000e+00  0.0000e+00     0.0000e+00  0.0000e+00 
2.9903e+02     0.0000e+00  0.0000e+00     0.0000e+00  0.0000e+00     0.0000e+00  0.0000e+00     0.0000e+00  0.0000e+00 
3.3552e+02     0.0000e+00  0.0000e+00     0.0000e+00  0.0000e+00     0.0000e+00  0.0000e+00     0.0000e+00  0.0000e+00 
3.7646e+02     0.0000e+00  0.0000e+00     0.0000e+00  0.0000e+00     0.0000e+00  0.0000e+00     0.0000e+00  0.0000e+00 
4.2240e+02     0.0000e+00  0.0000e+00     0.0000e+00  0.0000e+00     0.0000e+00  0.0000e+00     0.0000e+00  0.0000e+00 
4.7394e+02     0.0000e+00  0.0000e+00     0.0000e+00  0.0000e+00     0.0000e+00  0.0000e+00     0.0000e+00  0.0000e+00 
5.3176e+02     0.0000e+00  0.0000e+00     0.0000e+00  0.0000e+00     0.0000e+00  0.0000e+00     0.0000e+00  0.0000e+00 
5.9665e+02     0.0000e+00  0.0000e+00     0.0000e+00  0.0000e+00     0.0000e+00  0.0000e+00     0.0000e+00  0.0000e+00 
6.6945e+02     0.0000e+00  0.0000e+00     0.0000e+00  0.0000e+00     0.0000e+00  0.0000e+00     0.0000e+00  0.0000e+00 
7.5114e+02     0.0000e+00  0.0000e+00     0.0000e+00  0.0000e+00     0.0000e+00  0.0000e+00     0.0000e+00  0.0000e+00 
8.4279e+02     0.0000e+00  0.0000e+00     0.0000e+00  0.0000e+00     0.0000e+00  0.0000e+00     0.0000e+00  0.0000e+00 
9.4563e+02     0.0000e+00  0.0000e+00     0.0000e+00  0.0000e+00     0.0000e+00  0.0000e+00     0.0000e+00  0.0000e+00 
1.0610e+03     0.0000e+00  0.0000e+00     0.0000e+00  0.0000e+00     0.0000e+00  0.0000e+00     0.0000e+00  0.0000e+00 
1.1905e+03     0.0000e+00  0.0000e+00     0.0000e+00  0.0000e+00     0.0000e+00  0.0000e+00     0.0000e+00  0.0000e+00 
1.3357e+03     0.0000e+00  0.0000e+00     0.0000e+00  0.0000e+00     0.0000e+00  0.0000e+00     0.0000e+00  0.0000e+00 
1.4987e+03     0.0000e+00  0.0000e+00     0.0000e+00  0.0000e+00     0.0000e+00  0.0000e+00     0.0000e+00  0.0000e+00 
1.6816e+03     0.0000e+00  0.0000e+00     0.0000e+00  0.0000e+00     0.0000e+00  0.0000e+00     0.0000e+00  0.0000e+00 
1.8868e+03     0.0000e+00  0.0000e+00     0.0000e+00  0.0000e+00     0.0000e+00  0.0000e+00     0.0000e+00  0.0000e+00 
2.1170e+03     0.0000e+00  0.0000e+00     0.0000e+00  0.0000e+00     0.0000e+00  0.0000e+00     0.0000e+00  0.0000e+00 
2.3753e+03     0.0000e+00  0.0000e+00     0.0000e+00  0.0000e+00     0.0000e+00  0.0000e+00     0.0000e+00  0.0000e+00 
2.6651e+03     0.0000e+00  0.0000e+00     0.0000e+00  0.0000e+00     0.0000e+00  0.0000e+00     0.0000e+00  0.0000e+00 
2.9903e+03     0.0000e+00  0.0000e+00     0.0000e+00  0.0000e+00     0.0000e+00  0.0000e+00     0.0000e+00  0.0000e+00 
3.3552e+03     0.0000e+00  0.0000e+00     0.0000e+00  0.0000e+00     0.0000e+00  0.0000e+00     0.0000e+00  0.0000e+00 
3.7646e+03     0.0000e+00  0.0000e+00     0.0000e+00  0.0000e+00     0.0000e+00  0.0000e+00     0.0000e+00  0.0000e+00 
4.2240e+03     0.0000e+00  0.0000e+00     0.0000e+00  0.0000e+00     0.0000e+00  0.0000e+00     0.0000e+00  0.0000e+00 
4.7394e+03     0.0000e+00  0.0000e+00     0.0000e+00  0.0000e+00     0.0000e+00  0.0000e+00     0.0000e+00  0.0000e+00 
5.3176e+03     0.0000e+00  0.0000e+00     0.0000e+00  0.0000e+00     0.0000e+00  0.0000e+00     0.0000e+00  0.0000e+00 
5.9665e+03     0.0000e+00  0.0000e+00     0.0000e+00  0.0000e+00     0.0000e+00  0.0000e+00     0.0000e+00  0.0000e+00 
6.6945e+03     0.0000e+00  0.0000e+00     0.0000e+00  0.0000e+00     0.0000e+00  0.0000e+00     0.0000e+00  0.0000e+00 
7.5114e+03     0.0000e+00  0.0000e+00     0.0000e+00  0.0000e+00     0.0000e+00  0.0000e+00     0.0000e+00  0.0000e+00 
8.4279e+03     0.0000e+00  0.0000e+00     0.0000e+00  0.0000e+00     0.0000e+00  0.0000e+00     0.0000e+00  0.0000e+00 
9.4563e+03     0.0000e+00  0.0000e+00     0.0000e+00  0.0000e+00     0.0000e+00  0.0000e+00     0.0000e+00  0.0000e+00 
