yF = 4.0624e+00 (std: 0.0000e+00) keV/um
yD = 1.9725e+01 (std: 0.0000e+00) keV/um
y (keV/um)     f(y)(std)                  yf(y)(std)                 d(y)(std)                  yd(y)(std)  
1.0610e-01     2.6553e+01  0.0000e+00     2.8173e+00  0.0000e+00     6.9349e-01  0.0000e+00     7.3580e-02  0.0000e+00 
1.1905e-01     1.9736e+00  0.0000e+00     2.3495e-01  0.0000e+00     5.7836e-02  0.0000e+00     6.8852e-03  0.0000e+00 
1.3357e-01     6.8405e-01  0.0000e+00     9.1371e-02  0.0000e+00     2.2492e-02  0.0000e+00     3.0043e-03  0.0000e+00 
1.4987e-01     3.1644e+00  0.0000e+00     4.7426e-01  0.0000e+00     1.1674e-01  0.0000e+00     1.7496e-02  0.0000e+00 
1.6816e-01     8.1504e-01  0.0000e+00     1.3706e-01  0.0000e+00     3.3738e-02  0.0000e+00     5.6733e-03  0.0000e+00 
1.8868e-01     5.6498e-01  0.0000e+00     1.0660e-01  0.0000e+00     2.6240e-02  0.0000e+00     4.9509e-03  0.0000e+00 
2.1170e-01     5.0354e-01  0.0000e+00     1.0660e-01  0.0000e+00     2.6240e-02  0.0000e+00     5.5550e-03  0.0000e+00 
2.3753e-01     6.5944e-01  0.0000e+00     1.5664e-01  0.0000e+00     3.8557e-02  0.0000e+00     9.1585e-03  0.0000e+00 
2.6651e-01     1.7958e-01  0.0000e+00     4.7861e-02  0.0000e+00     1.1781e-02  0.0000e+00     3.1399e-03  0.0000e+00 
2.9903e-01     2.2553e-01  0.0000e+00     6.7441e-02  0.0000e+00     1.6601e-02  0.0000e+00     4.9642e-03  0.0000e+00 
3.3552e-01     1.2644e+00  0.0000e+00     4.2422e-01  0.0000e+00     1.0443e-01  0.0000e+00     3.5037e-02  0.0000e+00 
3.7646e-01     8.4949e-01  0.0000e+00     3.1980e-01  0.0000e+00     7.8721e-02  0.0000e+00     2.9635e-02  0.0000e+00 
4.2240e-01     3.9143e-01  0.0000e+00     1.6534e-01  0.0000e+00     4.0699e-02  0.0000e+00     1.7191e-02  0.0000e+00 
4.7394e-01     3.5345e-01  0.0000e+00     1.6751e-01  0.0000e+00     4.1235e-02  0.0000e+00     1.9543e-02  0.0000e+00 
5.3176e-01     2.5774e-01  0.0000e+00     1.3706e-01  0.0000e+00     3.3738e-02  0.0000e+00     1.7940e-02  0.0000e+00 
5.9665e-01     1.1303e-01  0.0000e+00     6.7441e-02  0.0000e+00     1.6601e-02  0.0000e+00     9.9050e-03  0.0000e+00 
6.6945e-01     1.8848e-01  0.0000e+00     1.2618e-01  0.0000e+00     3.1060e-02  0.0000e+00     2.0793e-02  0.0000e+00 
7.5114e-01     1.9115e-01  0.0000e+00     1.4358e-01  0.0000e+00     3.5344e-02  0.0000e+00     2.6548e-02  0.0000e+00 
8.4279e-01     8.0021e-02  0.0000e+00     6.7441e-02  0.0000e+00     1.6601e-02  0.0000e+00     1.3991e-02  0.0000e+00 
9.4563e-01     3.9110e-02  0.0000e+00     3.6984e-02  0.0000e+00     9.1038e-03  0.0000e+00     8.6088e-03  0.0000e+00 
1.0610e+00     4.7159e-02  0.0000e+00     5.0037e-02  0.0000e+00     1.2317e-02  0.0000e+00     1.3068e-02  0.0000e+00 
1.1905e+00     2.7411e-02  0.0000e+00     3.2633e-02  0.0000e+00     8.0327e-03  0.0000e+00     9.5628e-03  0.0000e+00 
1.3357e+00     1.6287e-03  0.0000e+00     2.1755e-03  0.0000e+00     5.3552e-04  0.0000e+00     7.1531e-04  0.0000e+00 
1.4987e+00     2.9032e-03  0.0000e+00     4.3510e-03  0.0000e+00     1.0710e-03  0.0000e+00     1.6052e-03  0.0000e+00 
1.6816e+00     2.5874e-03  0.0000e+00     4.3510e-03  0.0000e+00     1.0710e-03  0.0000e+00     1.8010e-03  0.0000e+00 
1.8868e+00     0.0000e+00  0.0000e+00     0.0000e+00  0.0000e+00     0.0000e+00  0.0000e+00     0.0000e+00  0.0000e+00 
2.1170e+00     0.0000e+00  0.0000e+00     0.0000e+00  0.0000e+00     0.0000e+00  0.0000e+00     0.0000e+00  0.0000e+00 
2.3753e+00     0.0000e+00  0.0000e+00     0.0000e+00  0.0000e+00     0.0000e+00  0.0000e+00     0.0000e+00  0.0000e+00 
2.6651e+00     0.0000e+00  0.0000e+00     0.0000e+00  0.0000e+00     0.0000e+00  0.0000e+00     0.0000e+00  0.0000e+00 
2.9903e+00     0.0000e+00  0.0000e+00     0.0000e+00  0.0000e+00     0.0000e+00  0.0000e+00     0.0000e+00  0.0000e+00 
3.3552e+00     0.0000e+00  0.0000e+00     0.0000e+00  0.0000e+00     0.0000e+00  0.0000e+00     0.0000e+00  0.0000e+00 
3.7646e+00     0.0000e+00  0.0000e+00     0.0000e+00  0.0000e+00     0.0000e+00  0.0000e+00     0.0000e+00  0.0000e+00 
4.2240e+00     0.0000e+00  0.0000e+00     0.0000e+00  0.0000e+00     0.0000e+00  0.0000e+00     0.0000e+00  0.0000e+00 
4.7394e+00     0.0000e+00  0.0000e+00     0.0000e+00  0.0000e+00     0.0000e+00  0.0000e+00     0.0000e+00  0.0000e+00 
5.3176e+00     0.0000e+00  0.0000e+00     0.0000e+00  0.0000e+00     0.0000e+00  0.0000e+00     0.0000e+00  0.0000e+00 
5.9665e+00     1.2506e-01  0.0000e+00     7.4620e-01  0.0000e+00     1.8368e-01  0.0000e+00     1.0959e+00  0.0000e+00 
6.6945e+00     2.2098e-02  0.0000e+00     1.4793e-01  0.0000e+00     3.6415e-02  0.0000e+00     2.4378e-01  0.0000e+00 
7.5114e+00     3.1859e-03  0.0000e+00     2.3931e-02  0.0000e+00     5.8907e-03  0.0000e+00     4.4247e-02  0.0000e+00 
8.4279e+00     2.4006e-02  0.0000e+00     2.0232e-01  0.0000e+00     4.9803e-02  0.0000e+00     4.1973e-01  0.0000e+00 
9.4563e+00     1.5874e-02  0.0000e+00     1.5011e-01  0.0000e+00     3.6951e-02  0.0000e+00     3.4941e-01  0.0000e+00 
1.0610e+01     4.8800e-02  0.0000e+00     5.1777e-01  0.0000e+00     1.2745e-01  0.0000e+00     1.3523e+00  0.0000e+00 
1.1905e+01     1.4985e-02  0.0000e+00     1.7839e-01  0.0000e+00     4.3912e-02  0.0000e+00     5.2276e-01  0.0000e+00 
1.3357e+01     1.2704e-02  0.0000e+00     1.6969e-01  0.0000e+00     4.1770e-02  0.0000e+00     5.5794e-01  0.0000e+00 
1.4987e+01     6.6773e-03  0.0000e+00     1.0007e-01  0.0000e+00     2.4634e-02  0.0000e+00     3.6919e-01  0.0000e+00 
1.6816e+01     2.5874e-03  0.0000e+00     4.3510e-02  0.0000e+00     1.0710e-02  0.0000e+00     1.8010e-01  0.0000e+00 
1.8868e+01     4.3815e-03  0.0000e+00     8.2669e-02  0.0000e+00     2.0350e-02  0.0000e+00     3.8395e-01  0.0000e+00 
2.1170e+01     2.6719e-03  0.0000e+00     5.6563e-02  0.0000e+00     1.3923e-02  0.0000e+00     2.9476e-01  0.0000e+00 
2.3753e+01     3.2056e-03  0.0000e+00     7.6143e-02  0.0000e+00     1.8743e-02  0.0000e+00     4.4520e-01  0.0000e+00 
2.6651e+01     1.6326e-03  0.0000e+00     4.3510e-02  0.0000e+00     1.0710e-02  0.0000e+00     2.8544e-01  0.0000e+00 
2.9903e+01     1.0185e-03  0.0000e+00     3.0457e-02  0.0000e+00     7.4972e-03  0.0000e+00     2.2419e-01  0.0000e+00 
3.3552e+01     9.7259e-04  0.0000e+00     3.2633e-02  0.0000e+00     8.0327e-03  0.0000e+00     2.6952e-01  0.0000e+00 
3.7646e+01     7.5125e-04  0.0000e+00     2.8282e-02  0.0000e+00     6.9617e-03  0.0000e+00     2.6208e-01  0.0000e+00 
4.2240e+01     4.1203e-04  0.0000e+00     1.7404e-02  0.0000e+00     4.2841e-03  0.0000e+00     1.8096e-01  0.0000e+00 
4.7394e+01     5.0493e-04  0.0000e+00     2.3931e-02  0.0000e+00     5.8907e-03  0.0000e+00     2.7918e-01  0.0000e+00 
5.3176e+01     2.0456e-04  0.0000e+00     1.0878e-02  0.0000e+00     2.6776e-03  0.0000e+00     1.4238e-01  0.0000e+00 
5.9665e+01     2.1877e-04  0.0000e+00     1.3053e-02  0.0000e+00     3.2131e-03  0.0000e+00     1.9171e-01  0.0000e+00 
6.6945e+01     3.2497e-05  0.0000e+00     2.1755e-03  0.0000e+00     5.3552e-04  0.0000e+00     3.5850e-02  0.0000e+00 
7.5114e+01     2.8963e-05  0.0000e+00     2.1755e-03  0.0000e+00     5.3552e-04  0.0000e+00     4.0225e-02  0.0000e+00 
8.4279e+01     0.0000e+00  0.0000e+00     0.0000e+00  0.0000e+00     0.0000e+00  0.0000e+00     0.0000e+00  0.0000e+00 
9.4563e+01     2.3006e-05  0.0000e+00     2.1755e-03  0.0000e+00     5.3552e-04  0.0000e+00     5.0640e-02  0.0000e+00 
1.0610e+02     4.1008e-05  0.0000e+00     4.3510e-03  0.0000e+00     1.0710e-03  0.0000e+00     1.1364e-01  0.0000e+00 
1.1905e+02     0.0000e+00  0.0000e+00     0.0000e+00  0.0000e+00     0.0000e+00  0.0000e+00     0.0000e+00  0.0000e+00 
1.3357e+02     0.0000e+00  0.0000e+00     0.0000e+00  0.0000e+00     0.0000e+00  0.0000e+00     0.0000e+00  0.0000e+00 
1.4987e+02     0.0000e+00  0.0000e+00     0.0000e+00  0.0000e+00     0.0000e+00  0.0000e+00     0.0000e+00  0.0000e+00 
1.6816e+02     0.0000e+00  0.0000e+00     0.0000e+00  0.0000e+00     0.0000e+00  0.0000e+00     0.0000e+00  0.0000e+00 
1.8868e+02     0.0000e+00  0.0000e+00     0.0000e+00  0.0000e+00     0.0000e+00  0.0000e+00     0.0000e+00  0.0000e+00 
2.1170e+02     0.0000e+00  0.0000e+00     0.0000e+00  0.0000e+00     0.0000e+00  0.0000e+00     0.0000e+00  0.0000e+00 
2.3753e+02     0.0000e+00  0.0000e+00     0.0000e+00  0.0000e+00     0.0000e+00  0.0000e+00     0.0000e+00  0.0000e+00 
2.6651e+02     0.0000e+00  0.0000e+00     0.0000e+00  0.0000e+00     0.0000e+00  0.0000e+00     0.0000e+00  0.0000e+00 
2.9903e+02     0.0000e+00  0.0000e+00     0.0000e+00  0.0000e+00     0.0000e+00  0.0000e+00     0.0000e+00  0.0000e+00 
3.3552e+02     0.0000e+00  0.0000e+00     0.0000e+00  0.0000e+00     0.0000e+00  0.0000e+00     0.0000e+00  0.0000e+00 
3.7646e+02     0.0000e+00  0.0000e+00     0.0000e+00  0.0000e+00     0.0000e+00  0.0000e+00     0.0000e+00  0.0000e+00 
4.2240e+02     0.0000e+00  0.0000e+00     0.0000e+00  0.0000e+00     0.0000e+00  0.0000e+00     0.0000e+00  0.0000e+00 
4.7394e+02     0.0000e+00  0.0000e+00     0.0000e+00  0.0000e+00     0.0000e+00  0.0000e+00     0.0000e+00  0.0000e+00 
5.3176e+02     0.0000e+00  0.0000e+00     0.0000e+00  0.0000e+00     0.0000e+00  0.0000e+00     0.0000e+00  0.0000e+00 
5.9665e+02     0.0000e+00  0.0000e+00     0.0000e+00  0.0000e+00     0.0000e+00  0.0000e+00     0.0000e+00  0.0000e+00 
6.6945e+02     0.0000e+00  0.0000e+00     0.0000e+00  0.0000e+00     0.0000e+00  0.0000e+00     0.0000e+00  0.0000e+00 
7.5114e+02     0.0000e+00  0.0000e+00     0.0000e+00  0.0000e+00     0.0000e+00  0.0000e+00     0.0000e+00  0.0000e+00 
8.4279e+02     0.0000e+00  0.0000e+00     0.0000e+00  0.0000e+00     0.0000e+00  0.0000e+00     0.0000e+00  0.0000e+00 
9.4563e+02     0.0000e+00  0.0000e+00     0.0000e+00  0.0000e+00     0.0000e+00  0.0000e+00     0.0000e+00  0.0000e+00 
1.0610e+03     0.0000e+00  0.0000e+00     0.0000e+00  0.0000e+00     0.0000e+00  0.0000e+00     0.0000e+00  0.0000e+00 
1.1905e+03     0.0000e+00  0.0000e+00     0.0000e+00  0.0000e+00     0.0000e+00  0.0000e+00     0.0000e+00  0.0000e+00 
1.3357e+03     0.0000e+00  0.0000e+00     0.0000e+00  0.0000e+00     0.0000e+00  0.0000e+00     0.0000e+00  0.0000e+00 
1.4987e+03     0.0000e+00  0.0000e+00     0.0000e+00  0.0000e+00     0.0000e+00  0.0000e+00     0.0000e+00  0.0000e+00 
1.6816e+03     0.0000e+00  0.0000e+00     0.0000e+00  0.0000e+00     0.0000e+00  0.0000e+00     0.0000e+00  0.0000e+00 
1.8868e+03     0.0000e+00  0.0000e+00     0.0000e+00  0.0000e+00     0.0000e+00  0.0000e+00     0.0000e+00  0.0000e+00 
2.1170e+03     0.0000e+00  0.0000e+00     0.0000e+00  0.0000e+00     0.0000e+00  0.0000e+00     0.0000e+00  0.0000e+00 
2.3753e+03     0.0000e+00  0.0000e+00     0.0000e+00  0.0000e+00     0.0000e+00  0.0000e+00     0.0000e+00  0.0000e+00 
2.6651e+03     0.0000e+00  0.0000e+00     0.0000e+00  0.0000e+00     0.0000e+00  0.0000e+00     0.0000e+00  0.0000e+00 
2.9903e+03     0.0000e+00  0.0000e+00     0.0000e+00  0.0000e+00     0.0000e+00  0.0000e+00     0.0000e+00  0.0000e+00 
3.3552e+03     0.0000e+00  0.0000e+00     0.0000e+00  0.0000e+00     0.0000e+00  0.0000e+00     0.0000e+00  0.0000e+00 
3.7646e+03     0.0000e+00  0.0000e+00     0.0000e+00  0.0000e+00     0.0000e+00  0.0000e+00     0.0000e+00  0.0000e+00 
4.2240e+03     0.0000e+00  0.0000e+00     0.0000e+00  0.0000e+00     0.0000e+00  0.0000e+00     0.0000e+00  0.0000e+00 
4.7394e+03     0.0000e+00  0.0000e+00     0.0000e+00  0.0000e+00     0.0000e+00  0.0000e+00     0.0000e+00  0.0000e+00 
5.3176e+03     0.0000e+00  0.0000e+00     0.0000e+00  0.0000e+00     0.0000e+00  0.0000e+00     0.0000e+00  0.0000e+00 
5.9665e+03     0.0000e+00  0.0000e+00     0.0000e+00  0.0000e+00     0.0000e+00  0.0000e+00     0.0000e+00  0.0000e+00 
6.6945e+03     0.0000e+00  0.0000e+00     0.0000e+00  0.0000e+00     0.0000e+00  0.0000e+00     0.0000e+00  0.0000e+00 
7.5114e+03     0.0000e+00  0.0000e+00     0.0000e+00  0.0000e+00     0.0000e+00  0.0000e+00     0.0000e+00  0.0000e+00 
8.4279e+03     0.0000e+00  0.0000e+00     0.0000e+00  0.0000e+00     0.0000e+00  0.0000e+00     0.0000e+00  0.0000e+00 
9.4563e+03     0.0000e+00  0.0000e+00     0.0000e+00  0.0000e+00     0.0000e+00  0.0000e+00     0.0000e+00  0.0000e+00 
