yF = 4.6916e+00 (std: 0.0000e+00) keV/um
yD = 2.3381e+01 (std: 0.0000e+00) keV/um
y (keV/um)     f(y)(std)                  yf(y)(std)                 d(y)(std)                  yd(y)(std)  
1.0610e-01     2.5274e+01  0.0000e+00     2.6816e+00  0.0000e+00     5.7158e-01  0.0000e+00     6.0645e-02  0.0000e+00 
1.1905e-01     1.9676e+00  0.0000e+00     2.3424e-01  0.0000e+00     4.9926e-02  0.0000e+00     5.9436e-03  0.0000e+00 
1.3357e-01     5.5565e-01  0.0000e+00     7.4220e-02  0.0000e+00     1.5820e-02  0.0000e+00     2.1131e-03  0.0000e+00 
1.4987e-01     2.8191e+00  0.0000e+00     4.2251e-01  0.0000e+00     9.0056e-02  0.0000e+00     1.3497e-02  0.0000e+00 
1.6816e-01     8.2706e-01  0.0000e+00     1.3908e-01  0.0000e+00     2.9644e-02  0.0000e+00     4.9849e-03  0.0000e+00 
1.8868e-01     6.0359e-01  0.0000e+00     1.1388e-01  0.0000e+00     2.4274e-02  0.0000e+00     4.5799e-03  0.0000e+00 
2.1170e-01     6.3364e-01  0.0000e+00     1.3414e-01  0.0000e+00     2.8592e-02  0.0000e+00     6.0528e-03  0.0000e+00 
2.3753e-01     5.7763e-01  0.0000e+00     1.3720e-01  0.0000e+00     2.9245e-02  0.0000e+00     6.9465e-03  0.0000e+00 
2.6651e-01     2.7593e-01  0.0000e+00     7.3539e-02  0.0000e+00     1.5675e-02  0.0000e+00     4.1775e-03  0.0000e+00 
2.9903e-01     2.5503e-01  0.0000e+00     7.6263e-02  0.0000e+00     1.6255e-02  0.0000e+00     4.8608e-03  0.0000e+00 
3.3552e-01     1.3699e+00  0.0000e+00     4.5962e-01  0.0000e+00     9.7966e-02  0.0000e+00     3.2870e-02  0.0000e+00 
3.7646e-01     9.1974e-01  0.0000e+00     3.4625e-01  0.0000e+00     7.3801e-02  0.0000e+00     2.7783e-02  0.0000e+00 
4.2240e-01     3.9253e-01  0.0000e+00     1.6580e-01  0.0000e+00     3.5340e-02  0.0000e+00     1.4928e-02  0.0000e+00 
4.7394e-01     3.7930e-01  0.0000e+00     1.7976e-01  0.0000e+00     3.8316e-02  0.0000e+00     1.8159e-02  0.0000e+00 
5.3176e-01     2.5098e-01  0.0000e+00     1.3346e-01  0.0000e+00     2.8446e-02  0.0000e+00     1.5127e-02  0.0000e+00 
5.9665e-01     1.2696e-01  0.0000e+00     7.5752e-02  0.0000e+00     1.6146e-02  0.0000e+00     9.6336e-03  0.0000e+00 
6.6945e-01     2.1258e-01  0.0000e+00     1.4231e-01  0.0000e+00     3.0333e-02  0.0000e+00     2.0307e-02  0.0000e+00 
7.5114e-01     1.7450e-01  0.0000e+00     1.3108e-01  0.0000e+00     2.7938e-02  0.0000e+00     2.0986e-02  0.0000e+00 
8.4279e-01     8.5641e-02  0.0000e+00     7.2177e-02  0.0000e+00     1.5384e-02  0.0000e+00     1.2966e-02  0.0000e+00 
9.4563e-01     5.3645e-02  0.0000e+00     5.0728e-02  0.0000e+00     1.0813e-02  0.0000e+00     1.0225e-02  0.0000e+00 
1.0610e+00     4.1554e-02  0.0000e+00     4.4089e-02  0.0000e+00     9.3975e-03  0.0000e+00     9.9708e-03  0.0000e+00 
1.1905e+00     2.1163e-02  0.0000e+00     2.5194e-02  0.0000e+00     5.3700e-03  0.0000e+00     6.3928e-03  0.0000e+00 
1.3357e+00     1.3127e-02  0.0000e+00     1.7534e-02  0.0000e+00     3.7372e-03  0.0000e+00     4.9919e-03  0.0000e+00 
1.4987e+00     6.3607e-03  0.0000e+00     9.5328e-03  0.0000e+00     2.0319e-03  0.0000e+00     3.0452e-03  0.0000e+00 
1.6816e+00     3.5431e-03  0.0000e+00     5.9580e-03  0.0000e+00     1.2699e-03  0.0000e+00     2.1355e-03  0.0000e+00 
1.8868e+00     1.3533e-03  0.0000e+00     2.5534e-03  0.0000e+00     5.4425e-04  0.0000e+00     1.0269e-03  0.0000e+00 
2.1170e+00     5.6288e-04  0.0000e+00     1.1916e-03  0.0000e+00     2.5399e-04  0.0000e+00     5.3769e-04  0.0000e+00 
2.3753e+00     7.1666e-05  0.0000e+00     1.7023e-04  0.0000e+00     3.6284e-05  0.0000e+00     8.6185e-05  0.0000e+00 
2.6651e+00     0.0000e+00  0.0000e+00     0.0000e+00  0.0000e+00     0.0000e+00  0.0000e+00     0.0000e+00  0.0000e+00 
2.9903e+00     0.0000e+00  0.0000e+00     0.0000e+00  0.0000e+00     0.0000e+00  0.0000e+00     0.0000e+00  0.0000e+00 
3.3552e+00     0.0000e+00  0.0000e+00     0.0000e+00  0.0000e+00     0.0000e+00  0.0000e+00     0.0000e+00  0.0000e+00 
3.7646e+00     0.0000e+00  0.0000e+00     0.0000e+00  0.0000e+00     0.0000e+00  0.0000e+00     0.0000e+00  0.0000e+00 
4.2240e+00     0.0000e+00  0.0000e+00     0.0000e+00  0.0000e+00     0.0000e+00  0.0000e+00     0.0000e+00  0.0000e+00 
4.7394e+00     0.0000e+00  0.0000e+00     0.0000e+00  0.0000e+00     0.0000e+00  0.0000e+00     0.0000e+00  0.0000e+00 
5.3176e+00     0.0000e+00  0.0000e+00     0.0000e+00  0.0000e+00     0.0000e+00  0.0000e+00     0.0000e+00  0.0000e+00 
5.9665e+00     1.1641e-01  0.0000e+00     6.9454e-01  0.0000e+00     1.4804e-01  0.0000e+00     8.8326e-01  0.0000e+00 
6.6945e+00     2.2504e-02  0.0000e+00     1.5065e-01  0.0000e+00     3.2111e-02  0.0000e+00     2.1497e-01  0.0000e+00 
7.5114e+00     5.7790e-03  0.0000e+00     4.3408e-02  0.0000e+00     9.2523e-03  0.0000e+00     6.9498e-02  0.0000e+00 
8.4279e+00     2.6844e-02  0.0000e+00     2.2623e-01  0.0000e+00     4.8221e-02  0.0000e+00     4.0640e-01  0.0000e+00 
9.4563e+00     1.8344e-02  0.0000e+00     1.7346e-01  0.0000e+00     3.6973e-02  0.0000e+00     3.4963e-01  0.0000e+00 
1.0610e+01     2.6007e-02  0.0000e+00     2.7594e-01  0.0000e+00     5.8816e-02  0.0000e+00     6.2404e-01  0.0000e+00 
1.1905e+01     1.7131e-02  0.0000e+00     2.0393e-01  0.0000e+00     4.3468e-02  0.0000e+00     5.1747e-01  0.0000e+00 
1.3357e+01     1.2579e-02  0.0000e+00     1.6802e-01  0.0000e+00     3.5812e-02  0.0000e+00     4.7835e-01  0.0000e+00 
1.4987e+01     7.7010e-03  0.0000e+00     1.1542e-01  0.0000e+00     2.4600e-02  0.0000e+00     3.6869e-01  0.0000e+00 
1.6816e+01     4.8996e-03  0.0000e+00     8.2391e-02  0.0000e+00     1.7561e-02  0.0000e+00     2.9531e-01  0.0000e+00 
1.8868e+01     4.3938e-03  0.0000e+00     8.2902e-02  0.0000e+00     1.7670e-02  0.0000e+00     3.3340e-01  0.0000e+00 
2.1170e+01     4.0205e-03  0.0000e+00     8.5115e-02  0.0000e+00     1.8142e-02  0.0000e+00     3.8406e-01  0.0000e+00 
2.3753e+01     4.0205e-03  0.0000e+00     9.5499e-02  0.0000e+00     2.0355e-02  0.0000e+00     4.8350e-01  0.0000e+00 
2.6651e+01     2.4719e-03  0.0000e+00     6.5879e-02  0.0000e+00     1.4042e-02  0.0000e+00     3.7423e-01  0.0000e+00 
2.9903e+01     1.8729e-03  0.0000e+00     5.6005e-02  0.0000e+00     1.1937e-02  0.0000e+00     3.5697e-01  0.0000e+00 
3.3552e+01     1.5677e-03  0.0000e+00     5.2601e-02  0.0000e+00     1.1212e-02  0.0000e+00     3.7617e-01  0.0000e+00 
3.7646e+01     1.2435e-03  0.0000e+00     4.6813e-02  0.0000e+00     9.9780e-03  0.0000e+00     3.7563e-01  0.0000e+00 
4.2240e+01     8.5438e-04  0.0000e+00     3.6089e-02  0.0000e+00     7.6921e-03  0.0000e+00     3.2491e-01  0.0000e+00 
4.7394e+01     5.6751e-04  0.0000e+00     2.6896e-02  0.0000e+00     5.7328e-03  0.0000e+00     2.7170e-01  0.0000e+00 
5.3176e+01     3.7774e-04  0.0000e+00     2.0087e-02  0.0000e+00     4.2815e-03  0.0000e+00     2.2767e-01  0.0000e+00 
5.9665e+01     2.9672e-04  0.0000e+00     1.7704e-02  0.0000e+00     3.7735e-03  0.0000e+00     2.2515e-01  0.0000e+00 
6.6945e+01     1.6274e-04  0.0000e+00     1.0895e-02  0.0000e+00     2.3222e-03  0.0000e+00     1.5546e-01  0.0000e+00 
7.5114e+01     9.2918e-05  0.0000e+00     6.9794e-03  0.0000e+00     1.4876e-03  0.0000e+00     1.1174e-01  0.0000e+00 
8.4279e+01     3.8377e-05  0.0000e+00     3.2344e-03  0.0000e+00     6.8939e-04  0.0000e+00     5.8101e-02  0.0000e+00 
9.4563e+01     3.6004e-05  0.0000e+00     3.4046e-03  0.0000e+00     7.2567e-04  0.0000e+00     6.8621e-02  0.0000e+00 
1.0610e+02     1.1231e-05  0.0000e+00     1.1916e-03  0.0000e+00     2.5399e-04  0.0000e+00     2.6948e-02  0.0000e+00 
1.1905e+02     2.8599e-06  0.0000e+00     3.4046e-04  0.0000e+00     7.2567e-05  0.0000e+00     8.6389e-03  0.0000e+00 
1.3357e+02     0.0000e+00  0.0000e+00     0.0000e+00  0.0000e+00     0.0000e+00  0.0000e+00     0.0000e+00  0.0000e+00 
1.4987e+02     0.0000e+00  0.0000e+00     0.0000e+00  0.0000e+00     0.0000e+00  0.0000e+00     0.0000e+00  0.0000e+00 
1.6816e+02     0.0000e+00  0.0000e+00     0.0000e+00  0.0000e+00     0.0000e+00  0.0000e+00     0.0000e+00  0.0000e+00 
1.8868e+02     0.0000e+00  0.0000e+00     0.0000e+00  0.0000e+00     0.0000e+00  0.0000e+00     0.0000e+00  0.0000e+00 
2.1170e+02     0.0000e+00  0.0000e+00     0.0000e+00  0.0000e+00     0.0000e+00  0.0000e+00     0.0000e+00  0.0000e+00 
2.3753e+02     0.0000e+00  0.0000e+00     0.0000e+00  0.0000e+00     0.0000e+00  0.0000e+00     0.0000e+00  0.0000e+00 
2.6651e+02     0.0000e+00  0.0000e+00     0.0000e+00  0.0000e+00     0.0000e+00  0.0000e+00     0.0000e+00  0.0000e+00 
2.9903e+02     0.0000e+00  0.0000e+00     0.0000e+00  0.0000e+00     0.0000e+00  0.0000e+00     0.0000e+00  0.0000e+00 
3.3552e+02     0.0000e+00  0.0000e+00     0.0000e+00  0.0000e+00     0.0000e+00  0.0000e+00     0.0000e+00  0.0000e+00 
3.7646e+02     0.0000e+00  0.0000e+00     0.0000e+00  0.0000e+00     0.0000e+00  0.0000e+00     0.0000e+00  0.0000e+00 
4.2240e+02     0.0000e+00  0.0000e+00     0.0000e+00  0.0000e+00     0.0000e+00  0.0000e+00     0.0000e+00  0.0000e+00 
4.7394e+02     0.0000e+00  0.0000e+00     0.0000e+00  0.0000e+00     0.0000e+00  0.0000e+00     0.0000e+00  0.0000e+00 
5.3176e+02     0.0000e+00  0.0000e+00     0.0000e+00  0.0000e+00     0.0000e+00  0.0000e+00     0.0000e+00  0.0000e+00 
5.9665e+02     0.0000e+00  0.0000e+00     0.0000e+00  0.0000e+00     0.0000e+00  0.0000e+00     0.0000e+00  0.0000e+00 
6.6945e+02     0.0000e+00  0.0000e+00     0.0000e+00  0.0000e+00     0.0000e+00  0.0000e+00     0.0000e+00  0.0000e+00 
7.5114e+02     0.0000e+00  0.0000e+00     0.0000e+00  0.0000e+00     0.0000e+00  0.0000e+00     0.0000e+00  0.0000e+00 
8.4279e+02     0.0000e+00  0.0000e+00     0.0000e+00  0.0000e+00     0.0000e+00  0.0000e+00     0.0000e+00  0.0000e+00 
9.4563e+02     0.0000e+00  0.0000e+00     0.0000e+00  0.0000e+00     0.0000e+00  0.0000e+00     0.0000e+00  0.0000e+00 
1.0610e+03     0.0000e+00  0.0000e+00     0.0000e+00  0.0000e+00     0.0000e+00  0.0000e+00     0.0000e+00  0.0000e+00 
1.1905e+03     0.0000e+00  0.0000e+00     0.0000e+00  0.0000e+00     0.0000e+00  0.0000e+00     0.0000e+00  0.0000e+00 
1.3357e+03     0.0000e+00  0.0000e+00     0.0000e+00  0.0000e+00     0.0000e+00  0.0000e+00     0.0000e+00  0.0000e+00 
1.4987e+03     0.0000e+00  0.0000e+00     0.0000e+00  0.0000e+00     0.0000e+00  0.0000e+00     0.0000e+00  0.0000e+00 
1.6816e+03     0.0000e+00  0.0000e+00     0.0000e+00  0.0000e+00     0.0000e+00  0.0000e+00     0.0000e+00  0.0000e+00 
1.8868e+03     0.0000e+00  0.0000e+00     0.0000e+00  0.0000e+00     0.0000e+00  0.0000e+00     0.0000e+00  0.0000e+00 
2.1170e+03     0.0000e+00  0.0000e+00     0.0000e+00  0.0000e+00     0.0000e+00  0.0000e+00     0.0000e+00  0.0000e+00 
2.3753e+03     0.0000e+00  0.0000e+00     0.0000e+00  0.0000e+00     0.0000e+00  0.0000e+00     0.0000e+00  0.0000e+00 
2.6651e+03     0.0000e+00  0.0000e+00     0.0000e+00  0.0000e+00     0.0000e+00  0.0000e+00     0.0000e+00  0.0000e+00 
2.9903e+03     0.0000e+00  0.0000e+00     0.0000e+00  0.0000e+00     0.0000e+00  0.0000e+00     0.0000e+00  0.0000e+00 
3.3552e+03     0.0000e+00  0.0000e+00     0.0000e+00  0.0000e+00     0.0000e+00  0.0000e+00     0.0000e+00  0.0000e+00 
3.7646e+03     0.0000e+00  0.0000e+00     0.0000e+00  0.0000e+00     0.0000e+00  0.0000e+00     0.0000e+00  0.0000e+00 
4.2240e+03     0.0000e+00  0.0000e+00     0.0000e+00  0.0000e+00     0.0000e+00  0.0000e+00     0.0000e+00  0.0000e+00 
4.7394e+03     0.0000e+00  0.0000e+00     0.0000e+00  0.0000e+00     0.0000e+00  0.0000e+00     0.0000e+00  0.0000e+00 
5.3176e+03     0.0000e+00  0.0000e+00     0.0000e+00  0.0000e+00     0.0000e+00  0.0000e+00     0.0000e+00  0.0000e+00 
5.9665e+03     0.0000e+00  0.0000e+00     0.0000e+00  0.0000e+00     0.0000e+00  0.0000e+00     0.0000e+00  0.0000e+00 
6.6945e+03     0.0000e+00  0.0000e+00     0.0000e+00  0.0000e+00     0.0000e+00  0.0000e+00     0.0000e+00  0.0000e+00 
7.5114e+03     0.0000e+00  0.0000e+00     0.0000e+00  0.0000e+00     0.0000e+00  0.0000e+00     0.0000e+00  0.0000e+00 
8.4279e+03     0.0000e+00  0.0000e+00     0.0000e+00  0.0000e+00     0.0000e+00  0.0000e+00     0.0000e+00  0.0000e+00 
9.4563e+03     0.0000e+00  0.0000e+00     0.0000e+00  0.0000e+00     0.0000e+00  0.0000e+00     0.0000e+00  0.0000e+00 
