yF = 1.4520e+01 (std: 0.0000e+00) keV/um
yD = 2.6185e+01 (std: 0.0000e+00) keV/um
y (keV/um)     f(y)(std)                  yf(y)(std)                 d(y)(std)                  yd(y)(std)  
1.0610e-01     9.6794e+00  0.0000e+00     1.0270e+00  0.0000e+00     7.0728e-02  0.0000e+00     7.5043e-03  0.0000e+00 
1.1905e-01     5.9335e-01  0.0000e+00     7.0637e-02  0.0000e+00     4.8647e-03  0.0000e+00     5.7913e-04  0.0000e+00 
1.3357e-01     1.6349e-01  0.0000e+00     2.1838e-02  0.0000e+00     1.5039e-03  0.0000e+00     2.0088e-04  0.0000e+00 
1.4987e-01     7.5495e-01  0.0000e+00     1.1315e-01  0.0000e+00     7.7922e-03  0.0000e+00     1.1678e-03  0.0000e+00 
1.6816e-01     2.2794e-01  0.0000e+00     3.8330e-02  0.0000e+00     2.6397e-03  0.0000e+00     4.4390e-04  0.0000e+00 
1.8868e-01     1.3028e-01  0.0000e+00     2.4581e-02  0.0000e+00     1.6929e-03  0.0000e+00     3.1940e-04  0.0000e+00 
2.1170e-01     1.4427e-01  0.0000e+00     3.0541e-02  0.0000e+00     2.1033e-03  0.0000e+00     4.4527e-04  0.0000e+00 
2.3753e-01     1.2991e-01  0.0000e+00     3.0856e-02  0.0000e+00     2.1250e-03  0.0000e+00     5.0476e-04  0.0000e+00 
2.6651e-01     5.5079e-02  0.0000e+00     1.4679e-02  0.0000e+00     1.0109e-03  0.0000e+00     2.6943e-04  0.0000e+00 
2.9903e-01     4.6822e-02  0.0000e+00     1.4001e-02  0.0000e+00     9.6425e-04  0.0000e+00     2.8834e-04  0.0000e+00 
3.3552e-01     2.2298e-01  0.0000e+00     7.4815e-02  0.0000e+00     5.1524e-03  0.0000e+00     1.7287e-03  0.0000e+00 
3.7646e-01     1.3633e-01  0.0000e+00     5.1322e-02  0.0000e+00     3.5345e-03  0.0000e+00     1.3306e-03  0.0000e+00 
4.2240e-01     6.2599e-02  0.0000e+00     2.6442e-02  0.0000e+00     1.8210e-03  0.0000e+00     7.6918e-04  0.0000e+00 
4.7394e-01     5.5991e-02  0.0000e+00     2.6536e-02  0.0000e+00     1.8275e-03  0.0000e+00     8.6612e-04  0.0000e+00 
5.3176e-01     3.6559e-02  0.0000e+00     1.9441e-02  0.0000e+00     1.3389e-03  0.0000e+00     7.1196e-04  0.0000e+00 
5.9665e-01     1.9793e-02  0.0000e+00     1.1810e-02  0.0000e+00     8.1331e-04  0.0000e+00     4.8526e-04  0.0000e+00 
6.6945e-01     2.5649e-02  0.0000e+00     1.7171e-02  0.0000e+00     1.1825e-03  0.0000e+00     7.9163e-04  0.0000e+00 
7.5114e-01     2.1537e-02  0.0000e+00     1.6177e-02  0.0000e+00     1.1141e-03  0.0000e+00     8.3684e-04  0.0000e+00 
8.4279e-01     1.0851e-02  0.0000e+00     9.1450e-03  0.0000e+00     6.2980e-04  0.0000e+00     5.3079e-04  0.0000e+00 
9.4563e-01     7.5533e-03  0.0000e+00     7.1426e-03  0.0000e+00     4.9190e-04  0.0000e+00     4.6515e-04  0.0000e+00 
1.0610e+00     5.2606e-03  0.0000e+00     5.5816e-03  0.0000e+00     3.8440e-04  0.0000e+00     4.0785e-04  0.0000e+00 
1.1905e+00     2.8343e-03  0.0000e+00     3.3742e-03  0.0000e+00     2.3238e-04  0.0000e+00     2.7664e-04  0.0000e+00 
1.3357e+00     1.6054e-03  0.0000e+00     2.1443e-03  0.0000e+00     1.4768e-04  0.0000e+00     1.9726e-04  0.0000e+00 
1.4987e+00     8.3112e-04  0.0000e+00     1.2456e-03  0.0000e+00     8.5783e-05  0.0000e+00     1.2856e-04  0.0000e+00 
1.6816e+00     3.5630e-04  0.0000e+00     5.9915e-04  0.0000e+00     4.1263e-05  0.0000e+00     6.9387e-05  0.0000e+00 
1.8868e+00     2.7577e-04  0.0000e+00     5.2032e-04  0.0000e+00     3.5834e-05  0.0000e+00     6.7610e-05  0.0000e+00 
2.1170e+00     6.7031e-05  0.0000e+00     1.4191e-04  0.0000e+00     9.7728e-06  0.0000e+00     2.0689e-05  0.0000e+00 
2.3753e+00     2.6552e-05  0.0000e+00     6.3069e-05  0.0000e+00     4.3435e-06  0.0000e+00     1.0317e-05  0.0000e+00 
2.6651e+00     5.9161e-06  0.0000e+00     1.5767e-05  0.0000e+00     1.0859e-06  0.0000e+00     2.8940e-06  0.0000e+00 
2.9903e+00     0.0000e+00  0.0000e+00     0.0000e+00  0.0000e+00     0.0000e+00  0.0000e+00     0.0000e+00  0.0000e+00 
3.3552e+00     0.0000e+00  0.0000e+00     0.0000e+00  0.0000e+00     0.0000e+00  0.0000e+00     0.0000e+00  0.0000e+00 
3.7646e+00     0.0000e+00  0.0000e+00     0.0000e+00  0.0000e+00     0.0000e+00  0.0000e+00     0.0000e+00  0.0000e+00 
4.2240e+00     0.0000e+00  0.0000e+00     0.0000e+00  0.0000e+00     0.0000e+00  0.0000e+00     0.0000e+00  0.0000e+00 
4.7394e+00     0.0000e+00  0.0000e+00     0.0000e+00  0.0000e+00     0.0000e+00  0.0000e+00     0.0000e+00  0.0000e+00 
5.3176e+00     0.0000e+00  0.0000e+00     0.0000e+00  0.0000e+00     0.0000e+00  0.0000e+00     0.0000e+00  0.0000e+00 
5.9665e+00     1.0026e-02  0.0000e+00     5.9821e-02  0.0000e+00     4.1198e-03  0.0000e+00     2.4581e-02  0.0000e+00 
6.6945e+00     8.6343e-03  0.0000e+00     5.7803e-02  0.0000e+00     3.9808e-03  0.0000e+00     2.6649e-02  0.0000e+00 
7.5114e+00     7.4812e-03  0.0000e+00     5.6194e-02  0.0000e+00     3.8700e-03  0.0000e+00     2.9069e-02  0.0000e+00 
8.4279e+00     1.2992e-01  0.0000e+00     1.0950e+00  0.0000e+00     7.5410e-02  0.0000e+00     6.3555e-01  0.0000e+00 
9.4563e+00     3.9777e-02  0.0000e+00     3.7614e-01  0.0000e+00     2.5904e-02  0.0000e+00     2.4496e-01  0.0000e+00 
1.0610e+01     8.7368e-02  0.0000e+00     9.2699e-01  0.0000e+00     6.3840e-02  0.0000e+00     6.7735e-01  0.0000e+00 
1.1905e+01     5.5190e-02  0.0000e+00     6.5702e-01  0.0000e+00     4.5248e-02  0.0000e+00     5.3867e-01  0.0000e+00 
1.3357e+01     5.1452e-02  0.0000e+00     6.8726e-01  0.0000e+00     4.7331e-02  0.0000e+00     6.3221e-01  0.0000e+00 
1.4987e+01     2.8660e-02  0.0000e+00     4.2953e-01  0.0000e+00     2.9581e-02  0.0000e+00     4.4334e-01  0.0000e+00 
1.6816e+01     1.8686e-02  0.0000e+00     3.1422e-01  0.0000e+00     2.1640e-02  0.0000e+00     3.6390e-01  0.0000e+00 
1.8868e+01     1.9327e-02  0.0000e+00     3.6466e-01  0.0000e+00     2.5114e-02  0.0000e+00     4.7384e-01  0.0000e+00 
2.1170e+01     1.1910e-02  0.0000e+00     2.5213e-01  0.0000e+00     1.7364e-02  0.0000e+00     3.6760e-01  0.0000e+00 
2.3753e+01     1.0471e-02  0.0000e+00     2.4871e-01  0.0000e+00     1.7128e-02  0.0000e+00     4.0685e-01  0.0000e+00 
2.6651e+01     2.2685e-02  0.0000e+00     6.0459e-01  0.0000e+00     4.1638e-02  0.0000e+00     1.1097e+00  0.0000e+00 
2.9903e+01     5.3381e-03  0.0000e+00     1.5963e-01  0.0000e+00     1.0993e-02  0.0000e+00     3.2874e-01  0.0000e+00 
3.3552e+01     5.0353e-03  0.0000e+00     1.6895e-01  0.0000e+00     1.1635e-02  0.0000e+00     3.9038e-01  0.0000e+00 
3.7646e+01     3.8788e-03  0.0000e+00     1.4602e-01  0.0000e+00     1.0056e-02  0.0000e+00     3.7858e-01  0.0000e+00 
4.2240e+01     2.7608e-03  0.0000e+00     1.1661e-01  0.0000e+00     8.0311e-03  0.0000e+00     3.3923e-01  0.0000e+00 
4.7394e+01     2.1635e-03  0.0000e+00     1.0253e-01  0.0000e+00     7.0614e-03  0.0000e+00     3.3466e-01  0.0000e+00 
5.3176e+01     1.4464e-03  0.0000e+00     7.6913e-02  0.0000e+00     5.2969e-03  0.0000e+00     2.8167e-01  0.0000e+00 
5.9665e+01     9.6852e-04  0.0000e+00     5.7787e-02  0.0000e+00     3.9797e-03  0.0000e+00     2.3745e-01  0.0000e+00 
6.6945e+01     5.3700e-04  0.0000e+00     3.5949e-02  0.0000e+00     2.4758e-03  0.0000e+00     1.6574e-01  0.0000e+00 
7.5114e+01     2.6449e-04  0.0000e+00     1.9867e-02  0.0000e+00     1.3682e-03  0.0000e+00     1.0277e-01  0.0000e+00 
8.4279e+01     1.3470e-04  0.0000e+00     1.1352e-02  0.0000e+00     7.8182e-04  0.0000e+00     6.5891e-02  0.0000e+00 
9.4563e+01     5.9192e-05  0.0000e+00     5.5974e-03  0.0000e+00     3.8548e-04  0.0000e+00     3.6452e-02  0.0000e+00 
1.0610e+02     2.8235e-05  0.0000e+00     2.9958e-03  0.0000e+00     2.0631e-04  0.0000e+00     2.1890e-02  0.0000e+00 
1.1905e+02     1.1390e-05  0.0000e+00     1.3560e-03  0.0000e+00     9.3384e-05  0.0000e+00     1.1117e-02  0.0000e+00 
1.3357e+02     3.1871e-06  0.0000e+00     4.2572e-04  0.0000e+00     2.9318e-05  0.0000e+00     3.9161e-03  0.0000e+00 
1.4987e+02     7.3643e-07  0.0000e+00     1.1037e-04  0.0000e+00     7.6011e-06  0.0000e+00     1.1392e-03  0.0000e+00 
1.6816e+02     9.3764e-08  0.0000e+00     1.5767e-05  0.0000e+00     1.0859e-06  0.0000e+00     1.8260e-04  0.0000e+00 
1.8868e+02     0.0000e+00  0.0000e+00     0.0000e+00  0.0000e+00     0.0000e+00  0.0000e+00     0.0000e+00  0.0000e+00 
2.1170e+02     0.0000e+00  0.0000e+00     0.0000e+00  0.0000e+00     0.0000e+00  0.0000e+00     0.0000e+00  0.0000e+00 
2.3753e+02     0.0000e+00  0.0000e+00     0.0000e+00  0.0000e+00     0.0000e+00  0.0000e+00     0.0000e+00  0.0000e+00 
2.6651e+02     0.0000e+00  0.0000e+00     0.0000e+00  0.0000e+00     0.0000e+00  0.0000e+00     0.0000e+00  0.0000e+00 
2.9903e+02     0.0000e+00  0.0000e+00     0.0000e+00  0.0000e+00     0.0000e+00  0.0000e+00     0.0000e+00  0.0000e+00 
3.3552e+02     0.0000e+00  0.0000e+00     0.0000e+00  0.0000e+00     0.0000e+00  0.0000e+00     0.0000e+00  0.0000e+00 
3.7646e+02     0.0000e+00  0.0000e+00     0.0000e+00  0.0000e+00     0.0000e+00  0.0000e+00     0.0000e+00  0.0000e+00 
4.2240e+02     0.0000e+00  0.0000e+00     0.0000e+00  0.0000e+00     0.0000e+00  0.0000e+00     0.0000e+00  0.0000e+00 
4.7394e+02     0.0000e+00  0.0000e+00     0.0000e+00  0.0000e+00     0.0000e+00  0.0000e+00     0.0000e+00  0.0000e+00 
5.3176e+02     0.0000e+00  0.0000e+00     0.0000e+00  0.0000e+00     0.0000e+00  0.0000e+00     0.0000e+00  0.0000e+00 
5.9665e+02     0.0000e+00  0.0000e+00     0.0000e+00  0.0000e+00     0.0000e+00  0.0000e+00     0.0000e+00  0.0000e+00 
6.6945e+02     0.0000e+00  0.0000e+00     0.0000e+00  0.0000e+00     0.0000e+00  0.0000e+00     0.0000e+00  0.0000e+00 
7.5114e+02     0.0000e+00  0.0000e+00     0.0000e+00  0.0000e+00     0.0000e+00  0.0000e+00     0.0000e+00  0.0000e+00 
8.4279e+02     0.0000e+00  0.0000e+00     0.0000e+00  0.0000e+00     0.0000e+00  0.0000e+00     0.0000e+00  0.0000e+00 
9.4563e+02     0.0000e+00  0.0000e+00     0.0000e+00  0.0000e+00     0.0000e+00  0.0000e+00     0.0000e+00  0.0000e+00 
1.0610e+03     0.0000e+00  0.0000e+00     0.0000e+00  0.0000e+00     0.0000e+00  0.0000e+00     0.0000e+00  0.0000e+00 
1.1905e+03     0.0000e+00  0.0000e+00     0.0000e+00  0.0000e+00     0.0000e+00  0.0000e+00     0.0000e+00  0.0000e+00 
1.3357e+03     0.0000e+00  0.0000e+00     0.0000e+00  0.0000e+00     0.0000e+00  0.0000e+00     0.0000e+00  0.0000e+00 
1.4987e+03     0.0000e+00  0.0000e+00     0.0000e+00  0.0000e+00     0.0000e+00  0.0000e+00     0.0000e+00  0.0000e+00 
1.6816e+03     0.0000e+00  0.0000e+00     0.0000e+00  0.0000e+00     0.0000e+00  0.0000e+00     0.0000e+00  0.0000e+00 
1.8868e+03     0.0000e+00  0.0000e+00     0.0000e+00  0.0000e+00     0.0000e+00  0.0000e+00     0.0000e+00  0.0000e+00 
2.1170e+03     0.0000e+00  0.0000e+00     0.0000e+00  0.0000e+00     0.0000e+00  0.0000e+00     0.0000e+00  0.0000e+00 
2.3753e+03     0.0000e+00  0.0000e+00     0.0000e+00  0.0000e+00     0.0000e+00  0.0000e+00     0.0000e+00  0.0000e+00 
2.6651e+03     0.0000e+00  0.0000e+00     0.0000e+00  0.0000e+00     0.0000e+00  0.0000e+00     0.0000e+00  0.0000e+00 
2.9903e+03     0.0000e+00  0.0000e+00     0.0000e+00  0.0000e+00     0.0000e+00  0.0000e+00     0.0000e+00  0.0000e+00 
3.3552e+03     0.0000e+00  0.0000e+00     0.0000e+00  0.0000e+00     0.0000e+00  0.0000e+00     0.0000e+00  0.0000e+00 
3.7646e+03     0.0000e+00  0.0000e+00     0.0000e+00  0.0000e+00     0.0000e+00  0.0000e+00     0.0000e+00  0.0000e+00 
4.2240e+03     0.0000e+00  0.0000e+00     0.0000e+00  0.0000e+00     0.0000e+00  0.0000e+00     0.0000e+00  0.0000e+00 
4.7394e+03     0.0000e+00  0.0000e+00     0.0000e+00  0.0000e+00     0.0000e+00  0.0000e+00     0.0000e+00  0.0000e+00 
5.3176e+03     0.0000e+00  0.0000e+00     0.0000e+00  0.0000e+00     0.0000e+00  0.0000e+00     0.0000e+00  0.0000e+00 
5.9665e+03     0.0000e+00  0.0000e+00     0.0000e+00  0.0000e+00     0.0000e+00  0.0000e+00     0.0000e+00  0.0000e+00 
6.6945e+03     0.0000e+00  0.0000e+00     0.0000e+00  0.0000e+00     0.0000e+00  0.0000e+00     0.0000e+00  0.0000e+00 
7.5114e+03     0.0000e+00  0.0000e+00     0.0000e+00  0.0000e+00     0.0000e+00  0.0000e+00     0.0000e+00  0.0000e+00 
8.4279e+03     0.0000e+00  0.0000e+00     0.0000e+00  0.0000e+00     0.0000e+00  0.0000e+00     0.0000e+00  0.0000e+00 
9.4563e+03     0.0000e+00  0.0000e+00     0.0000e+00  0.0000e+00     0.0000e+00  0.0000e+00     0.0000e+00  0.0000e+00 
