yF = 4.7446e+00 (std: 0.0000e+00) keV/um
yD = 2.2873e+01 (std: 0.0000e+00) keV/um
y (keV/um)     f(y)(std)                  yf(y)(std)                 d(y)(std)                  yd(y)(std)  
1.0610e-01     2.4976e+01  0.0000e+00     2.6500e+00  0.0000e+00     5.5852e-01  0.0000e+00     5.9259e-02  0.0000e+00 
1.1905e-01     1.9507e+00  0.0000e+00     2.3222e-01  0.0000e+00     4.8945e-02  0.0000e+00     5.8267e-03  0.0000e+00 
1.3357e-01     5.4311e-01  0.0000e+00     7.2545e-02  0.0000e+00     1.5290e-02  0.0000e+00     2.0423e-03  0.0000e+00 
1.4987e-01     2.8114e+00  0.0000e+00     4.2135e-01  0.0000e+00     8.8805e-02  0.0000e+00     1.3309e-02  0.0000e+00 
1.6816e-01     8.0367e-01  0.0000e+00     1.3514e-01  0.0000e+00     2.8484e-02  0.0000e+00     4.7897e-03  0.0000e+00 
1.8868e-01     5.8975e-01  0.0000e+00     1.1127e-01  0.0000e+00     2.3452e-02  0.0000e+00     4.4249e-03  0.0000e+00 
2.1170e-01     6.6719e-01  0.0000e+00     1.4124e-01  0.0000e+00     2.9769e-02  0.0000e+00     6.3021e-03  0.0000e+00 
2.3753e-01     5.8794e-01  0.0000e+00     1.3965e-01  0.0000e+00     2.9434e-02  0.0000e+00     6.9914e-03  0.0000e+00 
2.6651e-01     2.5677e-01  0.0000e+00     6.8434e-02  0.0000e+00     1.4423e-02  0.0000e+00     3.8440e-03  0.0000e+00 
2.9903e-01     2.3595e-01  0.0000e+00     7.0556e-02  0.0000e+00     1.4871e-02  0.0000e+00     4.4468e-03  0.0000e+00 
3.3552e-01     1.3748e+00  0.0000e+00     4.6127e-01  0.0000e+00     9.7219e-02  0.0000e+00     3.2619e-02  0.0000e+00 
3.7646e-01     8.6981e-01  0.0000e+00     3.2745e-01  0.0000e+00     6.9015e-02  0.0000e+00     2.5981e-02  0.0000e+00 
4.2240e-01     3.9373e-01  0.0000e+00     1.6631e-01  0.0000e+00     3.5052e-02  0.0000e+00     1.4806e-02  0.0000e+00 
4.7394e-01     3.8253e-01  0.0000e+00     1.8130e-01  0.0000e+00     3.8211e-02  0.0000e+00     1.8110e-02  0.0000e+00 
5.3176e-01     2.6412e-01  0.0000e+00     1.4045e-01  0.0000e+00     2.9602e-02  0.0000e+00     1.5741e-02  0.0000e+00 
5.9665e-01     1.2937e-01  0.0000e+00     7.7187e-02  0.0000e+00     1.6268e-02  0.0000e+00     9.7065e-03  0.0000e+00 
6.6945e-01     2.2406e-01  0.0000e+00     1.5000e-01  0.0000e+00     3.1614e-02  0.0000e+00     2.1164e-02  0.0000e+00 
7.5114e-01     1.7586e-01  0.0000e+00     1.3209e-01  0.0000e+00     2.7841e-02  0.0000e+00     2.0912e-02  0.0000e+00 
8.4279e-01     8.9225e-02  0.0000e+00     7.5198e-02  0.0000e+00     1.5849e-02  0.0000e+00     1.3357e-02  0.0000e+00 
9.4563e-01     5.2173e-02  0.0000e+00     4.9336e-02  0.0000e+00     1.0398e-02  0.0000e+00     9.8329e-03  0.0000e+00 
1.0610e+00     3.8624e-02  0.0000e+00     4.0981e-02  0.0000e+00     8.6373e-03  0.0000e+00     9.1643e-03  0.0000e+00 
1.1905e+00     2.1724e-02  0.0000e+00     2.5862e-02  0.0000e+00     5.4507e-03  0.0000e+00     6.4889e-03  0.0000e+00 
1.3357e+00     1.4596e-02  0.0000e+00     1.9496e-02  0.0000e+00     4.1090e-03  0.0000e+00     5.4885e-03  0.0000e+00 
1.4987e+00     6.3714e-03  0.0000e+00     9.5489e-03  0.0000e+00     2.0126e-03  0.0000e+00     3.0163e-03  0.0000e+00 
1.6816e+00     4.3378e-03  0.0000e+00     7.2943e-03  0.0000e+00     1.5374e-03  0.0000e+00     2.5852e-03  0.0000e+00 
1.8868e+00     1.8979e-03  0.0000e+00     3.5808e-03  0.0000e+00     7.5472e-04  0.0000e+00     1.4240e-03  0.0000e+00 
2.1170e+00     4.3853e-04  0.0000e+00     9.2837e-04  0.0000e+00     1.9567e-04  0.0000e+00     4.1423e-04  0.0000e+00 
2.3753e+00     1.6750e-04  0.0000e+00     3.9787e-04  0.0000e+00     8.3857e-05  0.0000e+00     1.9919e-04  0.0000e+00 
2.6651e+00     4.9763e-05  0.0000e+00     1.3262e-04  0.0000e+00     2.7952e-05  0.0000e+00     7.4497e-05  0.0000e+00 
2.9903e+00     8.8702e-05  0.0000e+00     2.6525e-04  0.0000e+00     5.5905e-05  0.0000e+00     1.6717e-04  0.0000e+00 
3.3552e+00     0.0000e+00  0.0000e+00     0.0000e+00  0.0000e+00     0.0000e+00  0.0000e+00     0.0000e+00  0.0000e+00 
3.7646e+00     0.0000e+00  0.0000e+00     0.0000e+00  0.0000e+00     0.0000e+00  0.0000e+00     0.0000e+00  0.0000e+00 
4.2240e+00     0.0000e+00  0.0000e+00     0.0000e+00  0.0000e+00     0.0000e+00  0.0000e+00     0.0000e+00  0.0000e+00 
4.7394e+00     0.0000e+00  0.0000e+00     0.0000e+00  0.0000e+00     0.0000e+00  0.0000e+00     0.0000e+00  0.0000e+00 
5.3176e+00     0.0000e+00  0.0000e+00     0.0000e+00  0.0000e+00     0.0000e+00  0.0000e+00     0.0000e+00  0.0000e+00 
5.9665e+00     1.1150e-01  0.0000e+00     6.6524e-01  0.0000e+00     1.4021e-01  0.0000e+00     8.3656e-01  0.0000e+00 
6.6945e+00     2.2446e-02  0.0000e+00     1.5026e-01  0.0000e+00     3.1670e-02  0.0000e+00     2.1202e-01  0.0000e+00 
7.5114e+00     5.4029e-03  0.0000e+00     4.0583e-02  0.0000e+00     8.5534e-03  0.0000e+00     6.4248e-02  0.0000e+00 
8.4279e+00     2.9584e-02  0.0000e+00     2.4933e-01  0.0000e+00     5.2551e-02  0.0000e+00     4.4289e-01  0.0000e+00 
9.4563e+00     1.6073e-02  0.0000e+00     1.5199e-01  0.0000e+00     3.2033e-02  0.0000e+00     3.0292e-01  0.0000e+00 
1.0610e+01     2.8187e-02  0.0000e+00     2.9907e-01  0.0000e+00     6.3033e-02  0.0000e+00     6.6878e-01  0.0000e+00 
1.1905e+01     1.8359e-02  0.0000e+00     2.1856e-01  0.0000e+00     4.6066e-02  0.0000e+00     5.4840e-01  0.0000e+00 
1.3357e+01     1.3086e-02  0.0000e+00     1.7480e-01  0.0000e+00     3.6841e-02  0.0000e+00     4.9210e-01  0.0000e+00 
1.4987e+01     8.5394e-03  0.0000e+00     1.2798e-01  0.0000e+00     2.6974e-02  0.0000e+00     4.0426e-01  0.0000e+00 
1.6816e+01     5.6312e-03  0.0000e+00     9.4693e-02  0.0000e+00     1.9958e-02  0.0000e+00     3.3561e-01  0.0000e+00 
1.8868e+01     4.2456e-03  0.0000e+00     8.0105e-02  0.0000e+00     1.6883e-02  0.0000e+00     3.1855e-01  0.0000e+00 
2.1170e+01     4.0595e-03  0.0000e+00     8.5940e-02  0.0000e+00     1.8113e-02  0.0000e+00     3.8345e-01  0.0000e+00 
2.3753e+01     4.3216e-03  0.0000e+00     1.0265e-01  0.0000e+00     2.1635e-02  0.0000e+00     5.1390e-01  0.0000e+00 
2.6651e+01     2.5877e-03  0.0000e+00     6.8964e-02  0.0000e+00     1.4535e-02  0.0000e+00     3.8738e-01  0.0000e+00 
2.9903e+01     1.8627e-03  0.0000e+00     5.5702e-02  0.0000e+00     1.1740e-02  0.0000e+00     3.5107e-01  0.0000e+00 
3.3552e+01     1.5455e-03  0.0000e+00     5.1856e-02  0.0000e+00     1.0929e-02  0.0000e+00     3.6670e-01  0.0000e+00 
3.7646e+01     1.1837e-03  0.0000e+00     4.4562e-02  0.0000e+00     9.3920e-03  0.0000e+00     3.5357e-01  0.0000e+00 
4.2240e+01     8.3519e-04  0.0000e+00     3.5278e-02  0.0000e+00     7.4353e-03  0.0000e+00     3.1407e-01  0.0000e+00 
4.7394e+01     6.2123e-04  0.0000e+00     2.9442e-02  0.0000e+00     6.2054e-03  0.0000e+00     2.9410e-01  0.0000e+00 
5.3176e+01     3.4916e-04  0.0000e+00     1.8567e-02  0.0000e+00     3.9133e-03  0.0000e+00     2.0810e-01  0.0000e+00 
5.9665e+01     2.3784e-04  0.0000e+00     1.4191e-02  0.0000e+00     2.9909e-03  0.0000e+00     1.7845e-01  0.0000e+00 
6.6945e+01     1.4660e-04  0.0000e+00     9.8142e-03  0.0000e+00     2.0685e-03  0.0000e+00     1.3847e-01  0.0000e+00 
7.5114e+01     9.5345e-05  0.0000e+00     7.1617e-03  0.0000e+00     1.5094e-03  0.0000e+00     1.1338e-01  0.0000e+00 
8.4279e+01     4.8783e-05  0.0000e+00     4.1113e-03  0.0000e+00     8.6653e-04  0.0000e+00     7.3030e-02  0.0000e+00 
9.4563e+01     1.8232e-05  0.0000e+00     1.7241e-03  0.0000e+00     3.6338e-04  0.0000e+00     3.4362e-02  0.0000e+00 
1.0610e+02     7.4999e-06  0.0000e+00     7.9574e-04  0.0000e+00     1.6771e-04  0.0000e+00     1.7795e-02  0.0000e+00 
1.1905e+02     2.2281e-06  0.0000e+00     2.6525e-04  0.0000e+00     5.5905e-05  0.0000e+00     6.6553e-03  0.0000e+00 
1.3357e+02     1.9858e-06  0.0000e+00     2.6525e-04  0.0000e+00     5.5905e-05  0.0000e+00     7.4674e-03  0.0000e+00 
1.4987e+02     0.0000e+00  0.0000e+00     0.0000e+00  0.0000e+00     0.0000e+00  0.0000e+00     0.0000e+00  0.0000e+00 
1.6816e+02     7.8868e-07  0.0000e+00     1.3262e-04  0.0000e+00     2.7952e-05  0.0000e+00     4.7004e-03  0.0000e+00 
1.8868e+02     0.0000e+00  0.0000e+00     0.0000e+00  0.0000e+00     0.0000e+00  0.0000e+00     0.0000e+00  0.0000e+00 
2.1170e+02     0.0000e+00  0.0000e+00     0.0000e+00  0.0000e+00     0.0000e+00  0.0000e+00     0.0000e+00  0.0000e+00 
2.3753e+02     0.0000e+00  0.0000e+00     0.0000e+00  0.0000e+00     0.0000e+00  0.0000e+00     0.0000e+00  0.0000e+00 
2.6651e+02     0.0000e+00  0.0000e+00     0.0000e+00  0.0000e+00     0.0000e+00  0.0000e+00     0.0000e+00  0.0000e+00 
2.9903e+02     0.0000e+00  0.0000e+00     0.0000e+00  0.0000e+00     0.0000e+00  0.0000e+00     0.0000e+00  0.0000e+00 
3.3552e+02     0.0000e+00  0.0000e+00     0.0000e+00  0.0000e+00     0.0000e+00  0.0000e+00     0.0000e+00  0.0000e+00 
3.7646e+02     0.0000e+00  0.0000e+00     0.0000e+00  0.0000e+00     0.0000e+00  0.0000e+00     0.0000e+00  0.0000e+00 
4.2240e+02     0.0000e+00  0.0000e+00     0.0000e+00  0.0000e+00     0.0000e+00  0.0000e+00     0.0000e+00  0.0000e+00 
4.7394e+02     0.0000e+00  0.0000e+00     0.0000e+00  0.0000e+00     0.0000e+00  0.0000e+00     0.0000e+00  0.0000e+00 
5.3176e+02     0.0000e+00  0.0000e+00     0.0000e+00  0.0000e+00     0.0000e+00  0.0000e+00     0.0000e+00  0.0000e+00 
5.9665e+02     0.0000e+00  0.0000e+00     0.0000e+00  0.0000e+00     0.0000e+00  0.0000e+00     0.0000e+00  0.0000e+00 
6.6945e+02     0.0000e+00  0.0000e+00     0.0000e+00  0.0000e+00     0.0000e+00  0.0000e+00     0.0000e+00  0.0000e+00 
7.5114e+02     0.0000e+00  0.0000e+00     0.0000e+00  0.0000e+00     0.0000e+00  0.0000e+00     0.0000e+00  0.0000e+00 
8.4279e+02     0.0000e+00  0.0000e+00     0.0000e+00  0.0000e+00     0.0000e+00  0.0000e+00     0.0000e+00  0.0000e+00 
9.4563e+02     0.0000e+00  0.0000e+00     0.0000e+00  0.0000e+00     0.0000e+00  0.0000e+00     0.0000e+00  0.0000e+00 
1.0610e+03     0.0000e+00  0.0000e+00     0.0000e+00  0.0000e+00     0.0000e+00  0.0000e+00     0.0000e+00  0.0000e+00 
1.1905e+03     0.0000e+00  0.0000e+00     0.0000e+00  0.0000e+00     0.0000e+00  0.0000e+00     0.0000e+00  0.0000e+00 
1.3357e+03     0.0000e+00  0.0000e+00     0.0000e+00  0.0000e+00     0.0000e+00  0.0000e+00     0.0000e+00  0.0000e+00 
1.4987e+03     0.0000e+00  0.0000e+00     0.0000e+00  0.0000e+00     0.0000e+00  0.0000e+00     0.0000e+00  0.0000e+00 
1.6816e+03     0.0000e+00  0.0000e+00     0.0000e+00  0.0000e+00     0.0000e+00  0.0000e+00     0.0000e+00  0.0000e+00 
1.8868e+03     0.0000e+00  0.0000e+00     0.0000e+00  0.0000e+00     0.0000e+00  0.0000e+00     0.0000e+00  0.0000e+00 
2.1170e+03     0.0000e+00  0.0000e+00     0.0000e+00  0.0000e+00     0.0000e+00  0.0000e+00     0.0000e+00  0.0000e+00 
2.3753e+03     0.0000e+00  0.0000e+00     0.0000e+00  0.0000e+00     0.0000e+00  0.0000e+00     0.0000e+00  0.0000e+00 
2.6651e+03     0.0000e+00  0.0000e+00     0.0000e+00  0.0000e+00     0.0000e+00  0.0000e+00     0.0000e+00  0.0000e+00 
2.9903e+03     0.0000e+00  0.0000e+00     0.0000e+00  0.0000e+00     0.0000e+00  0.0000e+00     0.0000e+00  0.0000e+00 
3.3552e+03     0.0000e+00  0.0000e+00     0.0000e+00  0.0000e+00     0.0000e+00  0.0000e+00     0.0000e+00  0.0000e+00 
3.7646e+03     0.0000e+00  0.0000e+00     0.0000e+00  0.0000e+00     0.0000e+00  0.0000e+00     0.0000e+00  0.0000e+00 
4.2240e+03     0.0000e+00  0.0000e+00     0.0000e+00  0.0000e+00     0.0000e+00  0.0000e+00     0.0000e+00  0.0000e+00 
4.7394e+03     0.0000e+00  0.0000e+00     0.0000e+00  0.0000e+00     0.0000e+00  0.0000e+00     0.0000e+00  0.0000e+00 
5.3176e+03     0.0000e+00  0.0000e+00     0.0000e+00  0.0000e+00     0.0000e+00  0.0000e+00     0.0000e+00  0.0000e+00 
5.9665e+03     0.0000e+00  0.0000e+00     0.0000e+00  0.0000e+00     0.0000e+00  0.0000e+00     0.0000e+00  0.0000e+00 
6.6945e+03     0.0000e+00  0.0000e+00     0.0000e+00  0.0000e+00     0.0000e+00  0.0000e+00     0.0000e+00  0.0000e+00 
7.5114e+03     0.0000e+00  0.0000e+00     0.0000e+00  0.0000e+00     0.0000e+00  0.0000e+00     0.0000e+00  0.0000e+00 
8.4279e+03     0.0000e+00  0.0000e+00     0.0000e+00  0.0000e+00     0.0000e+00  0.0000e+00     0.0000e+00  0.0000e+00 
9.4563e+03     0.0000e+00  0.0000e+00     0.0000e+00  0.0000e+00     0.0000e+00  0.0000e+00     0.0000e+00  0.0000e+00 
