yF = 1.2185e+02 (std: 0.0000e+00) keV/um
yD = 1.4044e+02 (std: 0.0000e+00) keV/um
y (keV/um)     f(y)(std)                  yf(y)(std)                 d(y)(std)                  yd(y)(std)  
1.0610e-01     2.9504e-03  0.0000e+00     3.1304e-04  0.0000e+00     2.5691e-06  0.0000e+00     2.7259e-07  0.0000e+00 
1.1905e-01     5.1130e-04  0.0000e+00     6.0869e-05  0.0000e+00     4.9955e-07  0.0000e+00     5.9470e-08  0.0000e+00 
1.3357e-01     4.5570e-04  0.0000e+00     6.0869e-05  0.0000e+00     4.9955e-07  0.0000e+00     6.6727e-08  0.0000e+00 
1.4987e-01     2.9010e-04  0.0000e+00     4.3478e-05  0.0000e+00     3.5682e-07  0.0000e+00     5.3477e-08  0.0000e+00 
1.6816e-01     3.6197e-04  0.0000e+00     6.0869e-05  0.0000e+00     4.9955e-07  0.0000e+00     8.4004e-08  0.0000e+00 
1.8868e-01     1.8435e-04  0.0000e+00     3.4782e-05  0.0000e+00     2.8546e-07  0.0000e+00     5.3859e-08  0.0000e+00 
2.1170e-01     3.6968e-04  0.0000e+00     7.8260e-05  0.0000e+00     6.4228e-07  0.0000e+00     1.3597e-07  0.0000e+00 
2.3753e-01     5.4912e-04  0.0000e+00     1.3043e-04  0.0000e+00     1.0705e-06  0.0000e+00     2.5427e-07  0.0000e+00 
2.6651e-01     2.2839e-04  0.0000e+00     6.0869e-05  0.0000e+00     4.9955e-07  0.0000e+00     1.3314e-07  0.0000e+00 
2.9903e-01     5.8158e-05  0.0000e+00     1.7391e-05  0.0000e+00     1.4273e-07  0.0000e+00     4.2681e-08  0.0000e+00 
3.3552e-01     2.3325e-04  0.0000e+00     7.8260e-05  0.0000e+00     6.4228e-07  0.0000e+00     2.1550e-07  0.0000e+00 
3.7646e-01     3.2338e-04  0.0000e+00     1.2174e-04  0.0000e+00     9.9910e-07  0.0000e+00     3.7612e-07  0.0000e+00 
4.2240e-01     3.0879e-04  0.0000e+00     1.3043e-04  0.0000e+00     1.0705e-06  0.0000e+00     4.5216e-07  0.0000e+00 
4.7394e-01     1.4678e-04  0.0000e+00     6.9565e-05  0.0000e+00     5.7092e-07  0.0000e+00     2.7058e-07  0.0000e+00 
5.3176e-01     2.2893e-04  0.0000e+00     1.2174e-04  0.0000e+00     9.9910e-07  0.0000e+00     5.3129e-07  0.0000e+00 
5.9665e-01     1.8946e-04  0.0000e+00     1.1304e-04  0.0000e+00     9.2774e-07  0.0000e+00     5.5353e-07  0.0000e+00 
6.6945e-01     1.2989e-04  0.0000e+00     8.6956e-05  0.0000e+00     7.1364e-07  0.0000e+00     4.7775e-07  0.0000e+00 
7.5114e-01     6.9459e-05  0.0000e+00     5.2173e-05  0.0000e+00     4.2819e-07  0.0000e+00     3.2163e-07  0.0000e+00 
8.4279e-01     7.2223e-05  0.0000e+00     6.0869e-05  0.0000e+00     4.9955e-07  0.0000e+00     4.2102e-07  0.0000e+00 
9.4563e-01     1.1954e-04  0.0000e+00     1.1304e-04  0.0000e+00     9.2774e-07  0.0000e+00     8.7729e-07  0.0000e+00 
1.0610e+00     4.9173e-05  0.0000e+00     5.2173e-05  0.0000e+00     4.2819e-07  0.0000e+00     4.5431e-07  0.0000e+00 
1.1905e+00     4.3826e-05  0.0000e+00     5.2173e-05  0.0000e+00     4.2819e-07  0.0000e+00     5.0974e-07  0.0000e+00 
1.3357e+00     1.9530e-05  0.0000e+00     2.6087e-05  0.0000e+00     2.1409e-07  0.0000e+00     2.8597e-07  0.0000e+00 
1.4987e+00     1.7406e-05  0.0000e+00     2.6087e-05  0.0000e+00     2.1409e-07  0.0000e+00     3.2086e-07  0.0000e+00 
1.6816e+00     1.0342e-05  0.0000e+00     1.7391e-05  0.0000e+00     1.4273e-07  0.0000e+00     2.4001e-07  0.0000e+00 
1.8868e+00     1.3826e-05  0.0000e+00     2.6087e-05  0.0000e+00     2.1409e-07  0.0000e+00     4.0394e-07  0.0000e+00 
2.1170e+00     0.0000e+00  0.0000e+00     0.0000e+00  0.0000e+00     0.0000e+00  0.0000e+00     0.0000e+00  0.0000e+00 
2.3753e+00     0.0000e+00  0.0000e+00     0.0000e+00  0.0000e+00     0.0000e+00  0.0000e+00     0.0000e+00  0.0000e+00 
2.6651e+00     0.0000e+00  0.0000e+00     0.0000e+00  0.0000e+00     0.0000e+00  0.0000e+00     0.0000e+00  0.0000e+00 
2.9903e+00     0.0000e+00  0.0000e+00     0.0000e+00  0.0000e+00     0.0000e+00  0.0000e+00     0.0000e+00  0.0000e+00 
3.3552e+00     0.0000e+00  0.0000e+00     0.0000e+00  0.0000e+00     0.0000e+00  0.0000e+00     0.0000e+00  0.0000e+00 
3.7646e+00     0.0000e+00  0.0000e+00     0.0000e+00  0.0000e+00     0.0000e+00  0.0000e+00     0.0000e+00  0.0000e+00 
4.2240e+00     0.0000e+00  0.0000e+00     0.0000e+00  0.0000e+00     0.0000e+00  0.0000e+00     0.0000e+00  0.0000e+00 
4.7394e+00     0.0000e+00  0.0000e+00     0.0000e+00  0.0000e+00     0.0000e+00  0.0000e+00     0.0000e+00  0.0000e+00 
5.3176e+00     0.0000e+00  0.0000e+00     0.0000e+00  0.0000e+00     0.0000e+00  0.0000e+00     0.0000e+00  0.0000e+00 
5.9665e+00     1.6031e-05  0.0000e+00     9.5651e-05  0.0000e+00     7.8501e-07  0.0000e+00     4.6837e-06  0.0000e+00 
6.6945e+00     4.1565e-05  0.0000e+00     2.7826e-04  0.0000e+00     2.2837e-06  0.0000e+00     1.5288e-05  0.0000e+00 
7.5114e+00     8.1036e-06  0.0000e+00     6.0869e-05  0.0000e+00     4.9955e-07  0.0000e+00     3.7523e-06  0.0000e+00 
8.4279e+00     2.8786e-04  0.0000e+00     2.4261e-03  0.0000e+00     1.9911e-05  0.0000e+00     1.6781e-04  0.0000e+00 
9.4563e+00     1.7472e-04  0.0000e+00     1.6522e-03  0.0000e+00     1.3559e-05  0.0000e+00     1.2822e-04  0.0000e+00 
1.0610e+01     2.4095e-04  0.0000e+00     2.5565e-03  0.0000e+00     2.0981e-05  0.0000e+00     2.2261e-04  0.0000e+00 
1.1905e+01     1.6289e-04  0.0000e+00     1.9391e-03  0.0000e+00     1.5914e-05  0.0000e+00     1.8945e-04  0.0000e+00 
1.3357e+01     1.6210e-04  0.0000e+00     2.1652e-03  0.0000e+00     1.7770e-05  0.0000e+00     2.3736e-04  0.0000e+00 
1.4987e+01     1.1546e-04  0.0000e+00     1.7304e-03  0.0000e+00     1.4202e-05  0.0000e+00     2.1284e-04  0.0000e+00 
1.6816e+01     2.5700e-04  0.0000e+00     4.3217e-03  0.0000e+00     3.5468e-05  0.0000e+00     5.9643e-04  0.0000e+00 
1.8868e+01     3.8114e-04  0.0000e+00     7.1912e-03  0.0000e+00     5.9018e-05  0.0000e+00     1.1135e-03  0.0000e+00 
2.1170e+01     5.1385e-04  0.0000e+00     1.0878e-02  0.0000e+00     8.9277e-05  0.0000e+00     1.8900e-03  0.0000e+00 
2.3753e+01     5.1764e-04  0.0000e+00     1.2296e-02  0.0000e+00     1.0091e-04  0.0000e+00     2.3969e-03  0.0000e+00 
2.6651e+01     7.1519e-04  0.0000e+00     1.9061e-02  0.0000e+00     1.5643e-04  0.0000e+00     4.1691e-03  0.0000e+00 
2.9903e+01     9.7269e-04  0.0000e+00     2.9087e-02  0.0000e+00     2.3871e-04  0.0000e+00     7.1383e-03  0.0000e+00 
3.3552e+01     1.2002e-03  0.0000e+00     4.0269e-02  0.0000e+00     3.3049e-04  0.0000e+00     1.1089e-02  0.0000e+00 
3.7646e+01     1.5501e-03  0.0000e+00     5.8356e-02  0.0000e+00     4.7893e-04  0.0000e+00     1.8030e-02  0.0000e+00 
4.2240e+01     2.0800e-03  0.0000e+00     8.7860e-02  0.0000e+00     7.2107e-04  0.0000e+00     3.0458e-02  0.0000e+00 
4.7394e+01     2.6131e-03  0.0000e+00     1.2384e-01  0.0000e+00     1.0164e-03  0.0000e+00     4.8169e-02  0.0000e+00 
5.3176e+01     3.3475e-03  0.0000e+00     1.7801e-01  0.0000e+00     1.4609e-03  0.0000e+00     7.7686e-02  0.0000e+00 
5.9665e+01     4.2240e-03  0.0000e+00     2.5202e-01  0.0000e+00     2.0684e-03  0.0000e+00     1.2341e-01  0.0000e+00 
6.6945e+01     5.2155e-03  0.0000e+00     3.4915e-01  0.0000e+00     2.8655e-03  0.0000e+00     1.9183e-01  0.0000e+00 
7.5114e+01     6.2516e-03  0.0000e+00     4.6958e-01  0.0000e+00     3.8538e-03  0.0000e+00     2.8947e-01  0.0000e+00 
8.4279e+01     7.3501e-03  0.0000e+00     6.1945e-01  0.0000e+00     5.0839e-03  0.0000e+00     4.2846e-01  0.0000e+00 
9.4563e+01     8.0973e-03  0.0000e+00     7.6570e-01  0.0000e+00     6.2841e-03  0.0000e+00     5.9424e-01  0.0000e+00 
1.0610e+02     8.5526e-03  0.0000e+00     9.0744e-01  0.0000e+00     7.4474e-03  0.0000e+00     7.9017e-01  0.0000e+00 
1.1905e+02     8.4211e-03  0.0000e+00     1.0025e+00  0.0000e+00     8.2275e-03  0.0000e+00     9.7946e-01  0.0000e+00 
1.3357e+02     7.5709e-03  0.0000e+00     1.0113e+00  0.0000e+00     8.2995e-03  0.0000e+00     1.1086e+00  0.0000e+00 
1.4987e+02     6.1283e-03  0.0000e+00     9.1846e-01  0.0000e+00     7.5378e-03  0.0000e+00     1.1297e+00  0.0000e+00 
1.6816e+02     4.4655e-03  0.0000e+00     7.5091e-01  0.0000e+00     6.1627e-03  0.0000e+00     1.0363e+00  0.0000e+00 
1.8868e+02     2.7969e-03  0.0000e+00     5.2772e-01  0.0000e+00     4.3310e-03  0.0000e+00     8.1715e-01  0.0000e+00 
2.1170e+02     1.4568e-03  0.0000e+00     3.0840e-01  0.0000e+00     2.5310e-03  0.0000e+00     5.3581e-01  0.0000e+00 
2.3753e+02     6.3431e-04  0.0000e+00     1.5067e-01  0.0000e+00     1.2365e-03  0.0000e+00     2.9371e-01  0.0000e+00 
2.6651e+02     2.0983e-04  0.0000e+00     5.5921e-02  0.0000e+00     4.5894e-04  0.0000e+00     1.2231e-01  0.0000e+00 
2.9903e+02     5.4814e-05  0.0000e+00     1.6391e-02  0.0000e+00     1.3452e-04  0.0000e+00     4.0227e-02  0.0000e+00 
3.3552e+02     9.9261e-06  0.0000e+00     3.3304e-03  0.0000e+00     2.7333e-05  0.0000e+00     9.1706e-03  0.0000e+00 
3.7646e+02     1.2011e-06  0.0000e+00     4.5217e-04  0.0000e+00     3.7110e-06  0.0000e+00     1.3970e-03  0.0000e+00 
4.2240e+02     8.2345e-08  0.0000e+00     3.4782e-05  0.0000e+00     2.8546e-07  0.0000e+00     1.2058e-04  0.0000e+00 
4.7394e+02     0.0000e+00  0.0000e+00     0.0000e+00  0.0000e+00     0.0000e+00  0.0000e+00     0.0000e+00  0.0000e+00 
5.3176e+02     0.0000e+00  0.0000e+00     0.0000e+00  0.0000e+00     0.0000e+00  0.0000e+00     0.0000e+00  0.0000e+00 
5.9665e+02     0.0000e+00  0.0000e+00     0.0000e+00  0.0000e+00     0.0000e+00  0.0000e+00     0.0000e+00  0.0000e+00 
6.6945e+02     0.0000e+00  0.0000e+00     0.0000e+00  0.0000e+00     0.0000e+00  0.0000e+00     0.0000e+00  0.0000e+00 
7.5114e+02     0.0000e+00  0.0000e+00     0.0000e+00  0.0000e+00     0.0000e+00  0.0000e+00     0.0000e+00  0.0000e+00 
8.4279e+02     0.0000e+00  0.0000e+00     0.0000e+00  0.0000e+00     0.0000e+00  0.0000e+00     0.0000e+00  0.0000e+00 
9.4563e+02     0.0000e+00  0.0000e+00     0.0000e+00  0.0000e+00     0.0000e+00  0.0000e+00     0.0000e+00  0.0000e+00 
1.0610e+03     0.0000e+00  0.0000e+00     0.0000e+00  0.0000e+00     0.0000e+00  0.0000e+00     0.0000e+00  0.0000e+00 
1.1905e+03     0.0000e+00  0.0000e+00     0.0000e+00  0.0000e+00     0.0000e+00  0.0000e+00     0.0000e+00  0.0000e+00 
1.3357e+03     0.0000e+00  0.0000e+00     0.0000e+00  0.0000e+00     0.0000e+00  0.0000e+00     0.0000e+00  0.0000e+00 
1.4987e+03     0.0000e+00  0.0000e+00     0.0000e+00  0.0000e+00     0.0000e+00  0.0000e+00     0.0000e+00  0.0000e+00 
1.6816e+03     0.0000e+00  0.0000e+00     0.0000e+00  0.0000e+00     0.0000e+00  0.0000e+00     0.0000e+00  0.0000e+00 
1.8868e+03     0.0000e+00  0.0000e+00     0.0000e+00  0.0000e+00     0.0000e+00  0.0000e+00     0.0000e+00  0.0000e+00 
2.1170e+03     0.0000e+00  0.0000e+00     0.0000e+00  0.0000e+00     0.0000e+00  0.0000e+00     0.0000e+00  0.0000e+00 
2.3753e+03     0.0000e+00  0.0000e+00     0.0000e+00  0.0000e+00     0.0000e+00  0.0000e+00     0.0000e+00  0.0000e+00 
2.6651e+03     0.0000e+00  0.0000e+00     0.0000e+00  0.0000e+00     0.0000e+00  0.0000e+00     0.0000e+00  0.0000e+00 
2.9903e+03     0.0000e+00  0.0000e+00     0.0000e+00  0.0000e+00     0.0000e+00  0.0000e+00     0.0000e+00  0.0000e+00 
3.3552e+03     0.0000e+00  0.0000e+00     0.0000e+00  0.0000e+00     0.0000e+00  0.0000e+00     0.0000e+00  0.0000e+00 
3.7646e+03     0.0000e+00  0.0000e+00     0.0000e+00  0.0000e+00     0.0000e+00  0.0000e+00     0.0000e+00  0.0000e+00 
4.2240e+03     0.0000e+00  0.0000e+00     0.0000e+00  0.0000e+00     0.0000e+00  0.0000e+00     0.0000e+00  0.0000e+00 
4.7394e+03     0.0000e+00  0.0000e+00     0.0000e+00  0.0000e+00     0.0000e+00  0.0000e+00     0.0000e+00  0.0000e+00 
5.3176e+03     0.0000e+00  0.0000e+00     0.0000e+00  0.0000e+00     0.0000e+00  0.0000e+00     0.0000e+00  0.0000e+00 
5.9665e+03     0.0000e+00  0.0000e+00     0.0000e+00  0.0000e+00     0.0000e+00  0.0000e+00     0.0000e+00  0.0000e+00 
6.6945e+03     0.0000e+00  0.0000e+00     0.0000e+00  0.0000e+00     0.0000e+00  0.0000e+00     0.0000e+00  0.0000e+00 
7.5114e+03     0.0000e+00  0.0000e+00     0.0000e+00  0.0000e+00     0.0000e+00  0.0000e+00     0.0000e+00  0.0000e+00 
8.4279e+03     0.0000e+00  0.0000e+00     0.0000e+00  0.0000e+00     0.0000e+00  0.0000e+00     0.0000e+00  0.0000e+00 
9.4563e+03     0.0000e+00  0.0000e+00     0.0000e+00  0.0000e+00     0.0000e+00  0.0000e+00     0.0000e+00  0.0000e+00 
