yF = 5.7881e+00 (std: 0.0000e+00) keV/um
yD = 2.4096e+01 (std: 0.0000e+00) keV/um
y (keV/um)     f(y)(std)                  yf(y)(std)                 d(y)(std)                  yd(y)(std)  
1.0610e-01     2.0228e+01  0.0000e+00     2.1462e+00  0.0000e+00     3.7080e-01  0.0000e+00     3.9342e-02  0.0000e+00 
1.1905e-01     1.7345e+00  0.0000e+00     2.0649e-01  0.0000e+00     3.5675e-02  0.0000e+00     4.2470e-03  0.0000e+00 
1.3357e-01     5.9896e-01  0.0000e+00     8.0005e-02  0.0000e+00     1.3822e-02  0.0000e+00     1.8463e-03  0.0000e+00 
1.4987e-01     2.4105e+00  0.0000e+00     3.6127e-01  0.0000e+00     6.2417e-02  0.0000e+00     9.3545e-03  0.0000e+00 
1.6816e-01     8.6482e-01  0.0000e+00     1.4543e-01  0.0000e+00     2.5125e-02  0.0000e+00     4.2250e-03  0.0000e+00 
1.8868e-01     6.4684e-01  0.0000e+00     1.2204e-01  0.0000e+00     2.1086e-02  0.0000e+00     3.9784e-03  0.0000e+00 
2.1170e-01     6.5664e-01  0.0000e+00     1.3901e-01  0.0000e+00     2.4017e-02  0.0000e+00     5.0843e-03  0.0000e+00 
2.3753e-01     6.2163e-01  0.0000e+00     1.4766e-01  0.0000e+00     2.5510e-02  0.0000e+00     6.0595e-03  0.0000e+00 
2.6651e-01     3.2499e-01  0.0000e+00     8.6615e-02  0.0000e+00     1.4964e-02  0.0000e+00     3.9882e-03  0.0000e+00 
2.9903e-01     2.8290e-01  0.0000e+00     8.4597e-02  0.0000e+00     1.4616e-02  0.0000e+00     4.3706e-03  0.0000e+00 
3.3552e-01     1.1487e+00  0.0000e+00     3.8542e-01  0.0000e+00     6.6589e-02  0.0000e+00     2.2342e-02  0.0000e+00 
3.7646e-01     8.4104e-01  0.0000e+00     3.1662e-01  0.0000e+00     5.4702e-02  0.0000e+00     2.0593e-02  0.0000e+00 
4.2240e-01     4.2362e-01  0.0000e+00     1.7894e-01  0.0000e+00     3.0915e-02  0.0000e+00     1.3058e-02  0.0000e+00 
4.7394e-01     4.1035e-01  0.0000e+00     1.9448e-01  0.0000e+00     3.3600e-02  0.0000e+00     1.5924e-02  0.0000e+00 
5.3176e-01     3.0137e-01  0.0000e+00     1.6026e-01  0.0000e+00     2.7688e-02  0.0000e+00     1.4724e-02  0.0000e+00 
5.9665e-01     1.7186e-01  0.0000e+00     1.0254e-01  0.0000e+00     1.7716e-02  0.0000e+00     1.0570e-02  0.0000e+00 
6.6945e-01     2.2464e-01  0.0000e+00     1.5038e-01  0.0000e+00     2.5982e-02  0.0000e+00     1.7394e-02  0.0000e+00 
7.5114e-01     1.9959e-01  0.0000e+00     1.4992e-01  0.0000e+00     2.5902e-02  0.0000e+00     1.9456e-02  0.0000e+00 
8.4279e-01     1.1289e-01  0.0000e+00     9.5145e-02  0.0000e+00     1.6438e-02  0.0000e+00     1.3854e-02  0.0000e+00 
9.4563e-01     7.5056e-02  0.0000e+00     7.0975e-02  0.0000e+00     1.2262e-02  0.0000e+00     1.1596e-02  0.0000e+00 
1.0610e+00     5.6517e-02  0.0000e+00     5.9965e-02  0.0000e+00     1.0360e-02  0.0000e+00     1.0992e-02  0.0000e+00 
1.1905e+00     3.3957e-02  0.0000e+00     4.0425e-02  0.0000e+00     6.9843e-03  0.0000e+00     8.3146e-03  0.0000e+00 
1.3357e+00     1.9778e-02  0.0000e+00     2.6419e-02  0.0000e+00     4.5643e-03  0.0000e+00     6.0967e-03  0.0000e+00 
1.4987e+00     1.0923e-02  0.0000e+00     1.6370e-02  0.0000e+00     2.8282e-03  0.0000e+00     4.2387e-03  0.0000e+00 
1.6816e+00     5.3816e-03  0.0000e+00     9.0496e-03  0.0000e+00     1.5635e-03  0.0000e+00     2.6291e-03  0.0000e+00 
1.8868e+00     2.7393e-03  0.0000e+00     5.1684e-03  0.0000e+00     8.9295e-04  0.0000e+00     1.6848e-03  0.0000e+00 
2.1170e+00     1.0619e-03  0.0000e+00     2.2480e-03  0.0000e+00     3.8838e-04  0.0000e+00     8.2220e-04  0.0000e+00 
2.3753e+00     3.8827e-04  0.0000e+00     9.2225e-04  0.0000e+00     1.5934e-04  0.0000e+00     3.7847e-04  0.0000e+00 
2.6651e+00     1.8744e-04  0.0000e+00     4.9955e-04  0.0000e+00     8.6307e-05  0.0000e+00     2.3002e-04  0.0000e+00 
2.9903e+00     5.7827e-05  0.0000e+00     1.7292e-04  0.0000e+00     2.9876e-05  0.0000e+00     8.9338e-05  0.0000e+00 
3.3552e+00     5.7265e-06  0.0000e+00     1.9214e-05  0.0000e+00     3.3195e-06  0.0000e+00     1.1138e-05  0.0000e+00 
3.7646e+00     0.0000e+00  0.0000e+00     0.0000e+00  0.0000e+00     0.0000e+00  0.0000e+00     0.0000e+00  0.0000e+00 
4.2240e+00     0.0000e+00  0.0000e+00     0.0000e+00  0.0000e+00     0.0000e+00  0.0000e+00     0.0000e+00  0.0000e+00 
4.7394e+00     0.0000e+00  0.0000e+00     0.0000e+00  0.0000e+00     0.0000e+00  0.0000e+00     0.0000e+00  0.0000e+00 
5.3176e+00     3.6132e-06  0.0000e+00     1.9214e-05  0.0000e+00     3.3195e-06  0.0000e+00     1.7652e-05  0.0000e+00 
5.9665e+00     1.0356e-01  0.0000e+00     6.1791e-01  0.0000e+00     1.0676e-01  0.0000e+00     6.3696e-01  0.0000e+00 
6.6945e+00     3.0876e-02  0.0000e+00     2.0670e-01  0.0000e+00     3.5711e-02  0.0000e+00     2.3907e-01  0.0000e+00 
7.5114e+00     7.6175e-03  0.0000e+00     5.7218e-02  0.0000e+00     9.8855e-03  0.0000e+00     7.4254e-02  0.0000e+00 
8.4279e+00     2.8303e-02  0.0000e+00     2.3854e-01  0.0000e+00     4.1212e-02  0.0000e+00     3.4733e-01  0.0000e+00 
9.4563e+00     2.0631e-02  0.0000e+00     1.9509e-01  0.0000e+00     3.3706e-02  0.0000e+00     3.1874e-01  0.0000e+00 
1.0610e+01     2.9345e-02  0.0000e+00     3.1136e-01  0.0000e+00     5.3793e-02  0.0000e+00     5.7075e-01  0.0000e+00 
1.1905e+01     2.2330e-02  0.0000e+00     2.6584e-01  0.0000e+00     4.5929e-02  0.0000e+00     5.4677e-01  0.0000e+00 
1.3357e+01     1.6982e-02  0.0000e+00     2.2683e-01  0.0000e+00     3.9190e-02  0.0000e+00     5.2348e-01  0.0000e+00 
1.4987e+01     1.1016e-02  0.0000e+00     1.6510e-01  0.0000e+00     2.8525e-02  0.0000e+00     4.2750e-01  0.0000e+00 
1.6816e+01     7.4348e-03  0.0000e+00     1.2502e-01  0.0000e+00     2.1600e-02  0.0000e+00     3.6322e-01  0.0000e+00 
1.8868e+01     6.0580e-03  0.0000e+00     1.1430e-01  0.0000e+00     1.9748e-02  0.0000e+00     3.7260e-01  0.0000e+00 
2.1170e+01     5.3956e-03  0.0000e+00     1.1422e-01  0.0000e+00     1.9734e-02  0.0000e+00     4.1778e-01  0.0000e+00 
2.3753e+01     4.9277e-03  0.0000e+00     1.1705e-01  0.0000e+00     2.0222e-02  0.0000e+00     4.8034e-01  0.0000e+00 
2.6651e+01     3.5001e-03  0.0000e+00     9.3282e-02  0.0000e+00     1.6116e-02  0.0000e+00     4.2952e-01  0.0000e+00 
2.9903e+01     2.4416e-03  0.0000e+00     7.3011e-02  0.0000e+00     1.2614e-02  0.0000e+00     3.7720e-01  0.0000e+00 
3.3552e+01     2.0776e-03  0.0000e+00     6.9707e-02  0.0000e+00     1.2043e-02  0.0000e+00     4.0407e-01  0.0000e+00 
3.7646e+01     1.5250e-03  0.0000e+00     5.7410e-02  0.0000e+00     9.9187e-03  0.0000e+00     3.7340e-01  0.0000e+00 
4.2240e+01     1.0799e-03  0.0000e+00     4.5613e-02  0.0000e+00     7.8805e-03  0.0000e+00     3.3287e-01  0.0000e+00 
4.7394e+01     8.0635e-04  0.0000e+00     3.8216e-02  0.0000e+00     6.6025e-03  0.0000e+00     3.1292e-01  0.0000e+00 
5.3176e+01     4.9356e-04  0.0000e+00     2.6246e-02  0.0000e+00     4.5345e-03  0.0000e+00     2.4113e-01  0.0000e+00 
5.9665e+01     3.4070e-04  0.0000e+00     2.0328e-02  0.0000e+00     3.5120e-03  0.0000e+00     2.0955e-01  0.0000e+00 
6.6945e+01     1.9775e-04  0.0000e+00     1.3238e-02  0.0000e+00     2.2871e-03  0.0000e+00     1.5311e-01  0.0000e+00 
7.5114e+01     1.0308e-04  0.0000e+00     7.7430e-03  0.0000e+00     1.3378e-03  0.0000e+00     1.0048e-01  0.0000e+00 
8.4279e+01     6.3377e-05  0.0000e+00     5.3414e-03  0.0000e+00     9.2282e-04  0.0000e+00     7.7775e-02  0.0000e+00 
9.4563e+01     2.9868e-05  0.0000e+00     2.8244e-03  0.0000e+00     4.8797e-04  0.0000e+00     4.6144e-02  0.0000e+00 
1.0610e+02     1.1408e-05  0.0000e+00     1.2105e-03  0.0000e+00     2.0913e-04  0.0000e+00     2.2189e-02  0.0000e+00 
1.1905e+02     4.5190e-06  0.0000e+00     5.3798e-04  0.0000e+00     9.2946e-05  0.0000e+00     1.1065e-02  0.0000e+00 
1.3357e+02     1.4384e-06  0.0000e+00     1.9214e-04  0.0000e+00     3.3195e-05  0.0000e+00     4.4340e-03  0.0000e+00 
1.4987e+02     5.1280e-07  0.0000e+00     7.6854e-05  0.0000e+00     1.3278e-05  0.0000e+00     1.9900e-03  0.0000e+00 
1.6816e+02     1.1426e-07  0.0000e+00     1.9214e-05  0.0000e+00     3.3195e-06  0.0000e+00     5.5820e-04  0.0000e+00 
1.8868e+02     0.0000e+00  0.0000e+00     0.0000e+00  0.0000e+00     0.0000e+00  0.0000e+00     0.0000e+00  0.0000e+00 
2.1170e+02     0.0000e+00  0.0000e+00     0.0000e+00  0.0000e+00     0.0000e+00  0.0000e+00     0.0000e+00  0.0000e+00 
2.3753e+02     8.0889e-08  0.0000e+00     1.9214e-05  0.0000e+00     3.3195e-06  0.0000e+00     7.8848e-04  0.0000e+00 
2.6651e+02     0.0000e+00  0.0000e+00     0.0000e+00  0.0000e+00     0.0000e+00  0.0000e+00     0.0000e+00  0.0000e+00 
2.9903e+02     0.0000e+00  0.0000e+00     0.0000e+00  0.0000e+00     0.0000e+00  0.0000e+00     0.0000e+00  0.0000e+00 
3.3552e+02     0.0000e+00  0.0000e+00     0.0000e+00  0.0000e+00     0.0000e+00  0.0000e+00     0.0000e+00  0.0000e+00 
3.7646e+02     0.0000e+00  0.0000e+00     0.0000e+00  0.0000e+00     0.0000e+00  0.0000e+00     0.0000e+00  0.0000e+00 
4.2240e+02     0.0000e+00  0.0000e+00     0.0000e+00  0.0000e+00     0.0000e+00  0.0000e+00     0.0000e+00  0.0000e+00 
4.7394e+02     0.0000e+00  0.0000e+00     0.0000e+00  0.0000e+00     0.0000e+00  0.0000e+00     0.0000e+00  0.0000e+00 
5.3176e+02     0.0000e+00  0.0000e+00     0.0000e+00  0.0000e+00     0.0000e+00  0.0000e+00     0.0000e+00  0.0000e+00 
5.9665e+02     0.0000e+00  0.0000e+00     0.0000e+00  0.0000e+00     0.0000e+00  0.0000e+00     0.0000e+00  0.0000e+00 
6.6945e+02     0.0000e+00  0.0000e+00     0.0000e+00  0.0000e+00     0.0000e+00  0.0000e+00     0.0000e+00  0.0000e+00 
7.5114e+02     0.0000e+00  0.0000e+00     0.0000e+00  0.0000e+00     0.0000e+00  0.0000e+00     0.0000e+00  0.0000e+00 
8.4279e+02     0.0000e+00  0.0000e+00     0.0000e+00  0.0000e+00     0.0000e+00  0.0000e+00     0.0000e+00  0.0000e+00 
9.4563e+02     0.0000e+00  0.0000e+00     0.0000e+00  0.0000e+00     0.0000e+00  0.0000e+00     0.0000e+00  0.0000e+00 
1.0610e+03     0.0000e+00  0.0000e+00     0.0000e+00  0.0000e+00     0.0000e+00  0.0000e+00     0.0000e+00  0.0000e+00 
1.1905e+03     0.0000e+00  0.0000e+00     0.0000e+00  0.0000e+00     0.0000e+00  0.0000e+00     0.0000e+00  0.0000e+00 
1.3357e+03     0.0000e+00  0.0000e+00     0.0000e+00  0.0000e+00     0.0000e+00  0.0000e+00     0.0000e+00  0.0000e+00 
1.4987e+03     0.0000e+00  0.0000e+00     0.0000e+00  0.0000e+00     0.0000e+00  0.0000e+00     0.0000e+00  0.0000e+00 
1.6816e+03     0.0000e+00  0.0000e+00     0.0000e+00  0.0000e+00     0.0000e+00  0.0000e+00     0.0000e+00  0.0000e+00 
1.8868e+03     0.0000e+00  0.0000e+00     0.0000e+00  0.0000e+00     0.0000e+00  0.0000e+00     0.0000e+00  0.0000e+00 
2.1170e+03     0.0000e+00  0.0000e+00     0.0000e+00  0.0000e+00     0.0000e+00  0.0000e+00     0.0000e+00  0.0000e+00 
2.3753e+03     0.0000e+00  0.0000e+00     0.0000e+00  0.0000e+00     0.0000e+00  0.0000e+00     0.0000e+00  0.0000e+00 
2.6651e+03     0.0000e+00  0.0000e+00     0.0000e+00  0.0000e+00     0.0000e+00  0.0000e+00     0.0000e+00  0.0000e+00 
2.9903e+03     0.0000e+00  0.0000e+00     0.0000e+00  0.0000e+00     0.0000e+00  0.0000e+00     0.0000e+00  0.0000e+00 
3.3552e+03     0.0000e+00  0.0000e+00     0.0000e+00  0.0000e+00     0.0000e+00  0.0000e+00     0.0000e+00  0.0000e+00 
3.7646e+03     0.0000e+00  0.0000e+00     0.0000e+00  0.0000e+00     0.0000e+00  0.0000e+00     0.0000e+00  0.0000e+00 
4.2240e+03     0.0000e+00  0.0000e+00     0.0000e+00  0.0000e+00     0.0000e+00  0.0000e+00     0.0000e+00  0.0000e+00 
4.7394e+03     0.0000e+00  0.0000e+00     0.0000e+00  0.0000e+00     0.0000e+00  0.0000e+00     0.0000e+00  0.0000e+00 
5.3176e+03     0.0000e+00  0.0000e+00     0.0000e+00  0.0000e+00     0.0000e+00  0.0000e+00     0.0000e+00  0.0000e+00 
5.9665e+03     0.0000e+00  0.0000e+00     0.0000e+00  0.0000e+00     0.0000e+00  0.0000e+00     0.0000e+00  0.0000e+00 
6.6945e+03     0.0000e+00  0.0000e+00     0.0000e+00  0.0000e+00     0.0000e+00  0.0000e+00     0.0000e+00  0.0000e+00 
7.5114e+03     0.0000e+00  0.0000e+00     0.0000e+00  0.0000e+00     0.0000e+00  0.0000e+00     0.0000e+00  0.0000e+00 
8.4279e+03     0.0000e+00  0.0000e+00     0.0000e+00  0.0000e+00     0.0000e+00  0.0000e+00     0.0000e+00  0.0000e+00 
9.4563e+03     0.0000e+00  0.0000e+00     0.0000e+00  0.0000e+00     0.0000e+00  0.0000e+00     0.0000e+00  0.0000e+00 
