yF = 5.4598e+00 (std: 0.0000e+00) keV/um
yD = 2.4193e+01 (std: 0.0000e+00) keV/um
y (keV/um)     f(y)(std)                  yf(y)(std)                 d(y)(std)                  yd(y)(std)  
1.0610e-01     2.2045e+01  0.0000e+00     2.3390e+00  0.0000e+00     4.2841e-01  0.0000e+00     4.5455e-02  0.0000e+00 
1.1905e-01     1.7817e+00  0.0000e+00     2.1210e-01  0.0000e+00     3.8848e-02  0.0000e+00     4.6247e-03  0.0000e+00 
1.3357e-01     5.8483e-01  0.0000e+00     7.8117e-02  0.0000e+00     1.4308e-02  0.0000e+00     1.9111e-03  0.0000e+00 
1.4987e-01     2.5898e+00  0.0000e+00     3.8814e-01  0.0000e+00     7.1090e-02  0.0000e+00     1.0654e-02  0.0000e+00 
1.6816e-01     8.7369e-01  0.0000e+00     1.4692e-01  0.0000e+00     2.6909e-02  0.0000e+00     4.5250e-03  0.0000e+00 
1.8868e-01     6.2661e-01  0.0000e+00     1.1823e-01  0.0000e+00     2.1654e-02  0.0000e+00     4.0856e-03  0.0000e+00 
2.1170e-01     6.4119e-01  0.0000e+00     1.3574e-01  0.0000e+00     2.4862e-02  0.0000e+00     5.2632e-03  0.0000e+00 
2.3753e-01     6.0900e-01  0.0000e+00     1.4466e-01  0.0000e+00     2.6495e-02  0.0000e+00     6.2934e-03  0.0000e+00 
2.6651e-01     3.1058e-01  0.0000e+00     8.2775e-02  0.0000e+00     1.5161e-02  0.0000e+00     4.0406e-03  0.0000e+00 
2.9903e-01     2.6737e-01  0.0000e+00     7.9954e-02  0.0000e+00     1.4644e-02  0.0000e+00     4.3791e-03  0.0000e+00 
3.3552e-01     1.2027e+00  0.0000e+00     4.0355e-01  0.0000e+00     7.3913e-02  0.0000e+00     2.4799e-02  0.0000e+00 
3.7646e-01     8.6855e-01  0.0000e+00     3.2697e-01  0.0000e+00     5.9888e-02  0.0000e+00     2.2545e-02  0.0000e+00 
4.2240e-01     4.1140e-01  0.0000e+00     1.7377e-01  0.0000e+00     3.1828e-02  0.0000e+00     1.3444e-02  0.0000e+00 
4.7394e-01     4.1726e-01  0.0000e+00     1.9775e-01  0.0000e+00     3.6220e-02  0.0000e+00     1.7166e-02  0.0000e+00 
5.3176e-01     2.8269e-01  0.0000e+00     1.5033e-01  0.0000e+00     2.7533e-02  0.0000e+00     1.4641e-02  0.0000e+00 
5.9665e-01     1.5952e-01  0.0000e+00     9.5178e-02  0.0000e+00     1.7433e-02  0.0000e+00     1.0401e-02  0.0000e+00 
6.6945e-01     2.1827e-01  0.0000e+00     1.4612e-01  0.0000e+00     2.6763e-02  0.0000e+00     1.7917e-02  0.0000e+00 
7.5114e-01     1.9506e-01  0.0000e+00     1.4652e-01  0.0000e+00     2.6836e-02  0.0000e+00     2.0158e-02  0.0000e+00 
8.4279e-01     1.0147e-01  0.0000e+00     8.5516e-02  0.0000e+00     1.5663e-02  0.0000e+00     1.3201e-02  0.0000e+00 
9.4563e-01     6.4032e-02  0.0000e+00     6.0551e-02  0.0000e+00     1.1090e-02  0.0000e+00     1.0487e-02  0.0000e+00 
1.0610e+00     5.0472e-02  0.0000e+00     5.3551e-02  0.0000e+00     9.8082e-03  0.0000e+00     1.0407e-02  0.0000e+00 
1.1905e+00     2.8886e-02  0.0000e+00     3.4387e-02  0.0000e+00     6.2983e-03  0.0000e+00     7.4980e-03  0.0000e+00 
1.3357e+00     1.7017e-02  0.0000e+00     2.2730e-02  0.0000e+00     4.1631e-03  0.0000e+00     5.5608e-03  0.0000e+00 
1.4987e+00     9.9983e-03  0.0000e+00     1.4985e-02  0.0000e+00     2.7446e-03  0.0000e+00     4.1133e-03  0.0000e+00 
1.6816e+00     4.4318e-03  0.0000e+00     7.4524e-03  0.0000e+00     1.3650e-03  0.0000e+00     2.2953e-03  0.0000e+00 
1.8868e+00     2.1019e-03  0.0000e+00     3.9657e-03  0.0000e+00     7.2636e-04  0.0000e+00     1.3705e-03  0.0000e+00 
2.1170e+00     7.7949e-04  0.0000e+00     1.6502e-03  0.0000e+00     3.0224e-04  0.0000e+00     6.3984e-04  0.0000e+00 
2.3753e+00     2.9133e-04  0.0000e+00     6.9201e-04  0.0000e+00     1.2675e-04  0.0000e+00     3.0106e-04  0.0000e+00 
2.6651e+00     4.9933e-05  0.0000e+00     1.3308e-04  0.0000e+00     2.4374e-05  0.0000e+00     6.4961e-05  0.0000e+00 
2.9903e+00     8.9006e-06  0.0000e+00     2.6616e-05  0.0000e+00     4.8749e-06  0.0000e+00     1.4577e-05  0.0000e+00 
3.3552e+00     7.9327e-06  0.0000e+00     2.6616e-05  0.0000e+00     4.8749e-06  0.0000e+00     1.6356e-05  0.0000e+00 
3.7646e+00     0.0000e+00  0.0000e+00     0.0000e+00  0.0000e+00     0.0000e+00  0.0000e+00     0.0000e+00  0.0000e+00 
4.2240e+00     6.3011e-06  0.0000e+00     2.6616e-05  0.0000e+00     4.8749e-06  0.0000e+00     2.0591e-05  0.0000e+00 
4.7394e+00     0.0000e+00  0.0000e+00     0.0000e+00  0.0000e+00     0.0000e+00  0.0000e+00     0.0000e+00  0.0000e+00 
5.3176e+00     0.0000e+00  0.0000e+00     0.0000e+00  0.0000e+00     0.0000e+00  0.0000e+00     0.0000e+00  0.0000e+00 
5.9665e+00     1.0460e-01  0.0000e+00     6.2408e-01  0.0000e+00     1.1431e-01  0.0000e+00     6.8201e-01  0.0000e+00 
6.6945e+00     2.7222e-02  0.0000e+00     1.8224e-01  0.0000e+00     3.3378e-02  0.0000e+00     2.2345e-01  0.0000e+00 
7.5114e+00     7.1576e-03  0.0000e+00     5.3764e-02  0.0000e+00     9.8472e-03  0.0000e+00     7.3966e-02  0.0000e+00 
8.4279e+00     2.7927e-02  0.0000e+00     2.3536e-01  0.0000e+00     4.3108e-02  0.0000e+00     3.6331e-01  0.0000e+00 
9.4563e+00     1.9435e-02  0.0000e+00     1.8378e-01  0.0000e+00     3.3661e-02  0.0000e+00     3.1831e-01  0.0000e+00 
1.0610e+01     2.8111e-02  0.0000e+00     2.9826e-01  0.0000e+00     5.4628e-02  0.0000e+00     5.7961e-01  0.0000e+00 
1.1905e+01     2.1284e-02  0.0000e+00     2.5338e-01  0.0000e+00     4.6409e-02  0.0000e+00     5.5248e-01  0.0000e+00 
1.3357e+01     1.5405e-02  0.0000e+00     2.0577e-01  0.0000e+00     3.7688e-02  0.0000e+00     5.0341e-01  0.0000e+00 
1.4987e+01     9.8989e-03  0.0000e+00     1.4836e-01  0.0000e+00     2.7173e-02  0.0000e+00     4.0724e-01  0.0000e+00 
1.6816e+01     6.8961e-03  0.0000e+00     1.1596e-01  0.0000e+00     2.1240e-02  0.0000e+00     3.5717e-01  0.0000e+00 
1.8868e+01     5.4423e-03  0.0000e+00     1.0268e-01  0.0000e+00     1.8807e-02  0.0000e+00     3.5485e-01  0.0000e+00 
2.1170e+01     5.0139e-03  0.0000e+00     1.0614e-01  0.0000e+00     1.9441e-02  0.0000e+00     4.1156e-01  0.0000e+00 
2.3753e+01     4.6042e-03  0.0000e+00     1.0936e-01  0.0000e+00     2.0031e-02  0.0000e+00     4.7579e-01  0.0000e+00 
2.6651e+01     3.0100e-03  0.0000e+00     8.0220e-02  0.0000e+00     1.4693e-02  0.0000e+00     3.9158e-01  0.0000e+00 
2.9903e+01     2.3275e-03  0.0000e+00     6.9600e-02  0.0000e+00     1.2748e-02  0.0000e+00     3.8120e-01  0.0000e+00 
3.3552e+01     1.9197e-03  0.0000e+00     6.4410e-02  0.0000e+00     1.1797e-02  0.0000e+00     3.9582e-01  0.0000e+00 
3.7646e+01     1.4267e-03  0.0000e+00     5.3710e-02  0.0000e+00     9.8375e-03  0.0000e+00     3.7034e-01  0.0000e+00 
4.2240e+01     1.0107e-03  0.0000e+00     4.2692e-02  0.0000e+00     7.8193e-03  0.0000e+00     3.3028e-01  0.0000e+00 
4.7394e+01     7.8342e-04  0.0000e+00     3.7129e-02  0.0000e+00     6.8004e-03  0.0000e+00     3.2230e-01  0.0000e+00 
5.3176e+01     4.7249e-04  0.0000e+00     2.5125e-02  0.0000e+00     4.6019e-03  0.0000e+00     2.4471e-01  0.0000e+00 
5.9665e+01     3.3501e-04  0.0000e+00     1.9988e-02  0.0000e+00     3.6610e-03  0.0000e+00     2.1844e-01  0.0000e+00 
6.6945e+01     2.0078e-04  0.0000e+00     1.3441e-02  0.0000e+00     2.4618e-03  0.0000e+00     1.6481e-01  0.0000e+00 
7.5114e+01     1.2260e-04  0.0000e+00     9.2090e-03  0.0000e+00     1.6867e-03  0.0000e+00     1.2669e-01  0.0000e+00 
8.4279e+01     5.6213e-05  0.0000e+00     4.7376e-03  0.0000e+00     8.6773e-04  0.0000e+00     7.3131e-02  0.0000e+00 
9.4563e+01     3.0398e-05  0.0000e+00     2.8745e-03  0.0000e+00     5.2649e-04  0.0000e+00     4.9786e-02  0.0000e+00 
1.0610e+02     9.0307e-06  0.0000e+00     9.5817e-04  0.0000e+00     1.7550e-04  0.0000e+00     1.8620e-02  0.0000e+00 
1.1905e+02     4.4715e-06  0.0000e+00     5.3231e-04  0.0000e+00     9.7497e-05  0.0000e+00     1.1607e-02  0.0000e+00 
1.3357e+02     9.9630e-07  0.0000e+00     1.3308e-04  0.0000e+00     2.4374e-05  0.0000e+00     3.2558e-03  0.0000e+00 
1.4987e+02     3.5518e-07  0.0000e+00     5.3231e-05  0.0000e+00     9.7497e-06  0.0000e+00     1.4612e-03  0.0000e+00 
1.6816e+02     0.0000e+00  0.0000e+00     0.0000e+00  0.0000e+00     0.0000e+00  0.0000e+00     0.0000e+00  0.0000e+00 
1.8868e+02     0.0000e+00  0.0000e+00     0.0000e+00  0.0000e+00     0.0000e+00  0.0000e+00     0.0000e+00  0.0000e+00 
2.1170e+02     0.0000e+00  0.0000e+00     0.0000e+00  0.0000e+00     0.0000e+00  0.0000e+00     0.0000e+00  0.0000e+00 
2.3753e+02     0.0000e+00  0.0000e+00     0.0000e+00  0.0000e+00     0.0000e+00  0.0000e+00     0.0000e+00  0.0000e+00 
2.6651e+02     0.0000e+00  0.0000e+00     0.0000e+00  0.0000e+00     0.0000e+00  0.0000e+00     0.0000e+00  0.0000e+00 
2.9903e+02     0.0000e+00  0.0000e+00     0.0000e+00  0.0000e+00     0.0000e+00  0.0000e+00     0.0000e+00  0.0000e+00 
3.3552e+02     0.0000e+00  0.0000e+00     0.0000e+00  0.0000e+00     0.0000e+00  0.0000e+00     0.0000e+00  0.0000e+00 
3.7646e+02     0.0000e+00  0.0000e+00     0.0000e+00  0.0000e+00     0.0000e+00  0.0000e+00     0.0000e+00  0.0000e+00 
4.2240e+02     0.0000e+00  0.0000e+00     0.0000e+00  0.0000e+00     0.0000e+00  0.0000e+00     0.0000e+00  0.0000e+00 
4.7394e+02     0.0000e+00  0.0000e+00     0.0000e+00  0.0000e+00     0.0000e+00  0.0000e+00     0.0000e+00  0.0000e+00 
5.3176e+02     0.0000e+00  0.0000e+00     0.0000e+00  0.0000e+00     0.0000e+00  0.0000e+00     0.0000e+00  0.0000e+00 
5.9665e+02     0.0000e+00  0.0000e+00     0.0000e+00  0.0000e+00     0.0000e+00  0.0000e+00     0.0000e+00  0.0000e+00 
6.6945e+02     0.0000e+00  0.0000e+00     0.0000e+00  0.0000e+00     0.0000e+00  0.0000e+00     0.0000e+00  0.0000e+00 
7.5114e+02     0.0000e+00  0.0000e+00     0.0000e+00  0.0000e+00     0.0000e+00  0.0000e+00     0.0000e+00  0.0000e+00 
8.4279e+02     0.0000e+00  0.0000e+00     0.0000e+00  0.0000e+00     0.0000e+00  0.0000e+00     0.0000e+00  0.0000e+00 
9.4563e+02     0.0000e+00  0.0000e+00     0.0000e+00  0.0000e+00     0.0000e+00  0.0000e+00     0.0000e+00  0.0000e+00 
1.0610e+03     0.0000e+00  0.0000e+00     0.0000e+00  0.0000e+00     0.0000e+00  0.0000e+00     0.0000e+00  0.0000e+00 
1.1905e+03     0.0000e+00  0.0000e+00     0.0000e+00  0.0000e+00     0.0000e+00  0.0000e+00     0.0000e+00  0.0000e+00 
1.3357e+03     0.0000e+00  0.0000e+00     0.0000e+00  0.0000e+00     0.0000e+00  0.0000e+00     0.0000e+00  0.0000e+00 
1.4987e+03     0.0000e+00  0.0000e+00     0.0000e+00  0.0000e+00     0.0000e+00  0.0000e+00     0.0000e+00  0.0000e+00 
1.6816e+03     0.0000e+00  0.0000e+00     0.0000e+00  0.0000e+00     0.0000e+00  0.0000e+00     0.0000e+00  0.0000e+00 
1.8868e+03     0.0000e+00  0.0000e+00     0.0000e+00  0.0000e+00     0.0000e+00  0.0000e+00     0.0000e+00  0.0000e+00 
2.1170e+03     0.0000e+00  0.0000e+00     0.0000e+00  0.0000e+00     0.0000e+00  0.0000e+00     0.0000e+00  0.0000e+00 
2.3753e+03     0.0000e+00  0.0000e+00     0.0000e+00  0.0000e+00     0.0000e+00  0.0000e+00     0.0000e+00  0.0000e+00 
2.6651e+03     0.0000e+00  0.0000e+00     0.0000e+00  0.0000e+00     0.0000e+00  0.0000e+00     0.0000e+00  0.0000e+00 
2.9903e+03     0.0000e+00  0.0000e+00     0.0000e+00  0.0000e+00     0.0000e+00  0.0000e+00     0.0000e+00  0.0000e+00 
3.3552e+03     0.0000e+00  0.0000e+00     0.0000e+00  0.0000e+00     0.0000e+00  0.0000e+00     0.0000e+00  0.0000e+00 
3.7646e+03     0.0000e+00  0.0000e+00     0.0000e+00  0.0000e+00     0.0000e+00  0.0000e+00     0.0000e+00  0.0000e+00 
4.2240e+03     0.0000e+00  0.0000e+00     0.0000e+00  0.0000e+00     0.0000e+00  0.0000e+00     0.0000e+00  0.0000e+00 
4.7394e+03     0.0000e+00  0.0000e+00     0.0000e+00  0.0000e+00     0.0000e+00  0.0000e+00     0.0000e+00  0.0000e+00 
5.3176e+03     0.0000e+00  0.0000e+00     0.0000e+00  0.0000e+00     0.0000e+00  0.0000e+00     0.0000e+00  0.0000e+00 
5.9665e+03     0.0000e+00  0.0000e+00     0.0000e+00  0.0000e+00     0.0000e+00  0.0000e+00     0.0000e+00  0.0000e+00 
6.6945e+03     0.0000e+00  0.0000e+00     0.0000e+00  0.0000e+00     0.0000e+00  0.0000e+00     0.0000e+00  0.0000e+00 
7.5114e+03     0.0000e+00  0.0000e+00     0.0000e+00  0.0000e+00     0.0000e+00  0.0000e+00     0.0000e+00  0.0000e+00 
8.4279e+03     0.0000e+00  0.0000e+00     0.0000e+00  0.0000e+00     0.0000e+00  0.0000e+00     0.0000e+00  0.0000e+00 
9.4563e+03     0.0000e+00  0.0000e+00     0.0000e+00  0.0000e+00     0.0000e+00  0.0000e+00     0.0000e+00  0.0000e+00 
