yF = 6.7133e+00 (std: 0.0000e+00) keV/um
yD = 2.3840e+01 (std: 0.0000e+00) keV/um
y (keV/um)     f(y)(std)                  yf(y)(std)                 d(y)(std)                  yd(y)(std)  
1.0610e-01     2.3496e+01  0.0000e+00     2.4929e+00  0.0000e+00     3.7135e-01  0.0000e+00     3.9400e-02  0.0000e+00 
1.1905e-01     1.8343e+00  0.0000e+00     2.1837e-01  0.0000e+00     3.2528e-02  0.0000e+00     3.8724e-03  0.0000e+00 
1.3357e-01     4.4865e-01  0.0000e+00     5.9928e-02  0.0000e+00     8.9268e-03  0.0000e+00     1.1924e-03  0.0000e+00 
1.4987e-01     2.5180e+00  0.0000e+00     3.7737e-01  0.0000e+00     5.6213e-02  0.0000e+00     8.4247e-03  0.0000e+00 
1.6816e-01     6.9677e-01  0.0000e+00     1.1717e-01  0.0000e+00     1.7453e-02  0.0000e+00     2.9349e-03  0.0000e+00 
1.8868e-01     4.7910e-01  0.0000e+00     9.0396e-02  0.0000e+00     1.3465e-02  0.0000e+00     2.5406e-03  0.0000e+00 
2.1170e-01     4.9696e-01  0.0000e+00     1.0521e-01  0.0000e+00     1.5671e-02  0.0000e+00     3.3176e-03  0.0000e+00 
2.3753e-01     4.5491e-01  0.0000e+00     1.0805e-01  0.0000e+00     1.6096e-02  0.0000e+00     3.8232e-03  0.0000e+00 
2.6651e-01     2.0886e-01  0.0000e+00     5.5663e-02  0.0000e+00     8.2915e-03  0.0000e+00     2.2098e-03  0.0000e+00 
2.9903e-01     1.6924e-01  0.0000e+00     5.0609e-02  0.0000e+00     7.5387e-03  0.0000e+00     2.2543e-03  0.0000e+00 
3.3552e-01     1.2042e+00  0.0000e+00     4.0404e-01  0.0000e+00     6.0186e-02  0.0000e+00     2.0194e-02  0.0000e+00 
3.7646e-01     7.7635e-01  0.0000e+00     2.9226e-01  0.0000e+00     4.3535e-02  0.0000e+00     1.6389e-02  0.0000e+00 
4.2240e-01     3.1487e-01  0.0000e+00     1.3300e-01  0.0000e+00     1.9812e-02  0.0000e+00     8.3684e-03  0.0000e+00 
4.7394e-01     2.9561e-01  0.0000e+00     1.4010e-01  0.0000e+00     2.0869e-02  0.0000e+00     9.8906e-03  0.0000e+00 
5.3176e-01     1.8178e-01  0.0000e+00     9.6662e-02  0.0000e+00     1.4399e-02  0.0000e+00     7.6567e-03  0.0000e+00 
5.9665e-01     8.9743e-02  0.0000e+00     5.3545e-02  0.0000e+00     7.9760e-03  0.0000e+00     4.7589e-03  0.0000e+00 
6.6945e-01     1.8159e-01  0.0000e+00     1.2156e-01  0.0000e+00     1.8108e-02  0.0000e+00     1.2123e-02  0.0000e+00 
7.5114e-01     1.4835e-01  0.0000e+00     1.1143e-01  0.0000e+00     1.6598e-02  0.0000e+00     1.2468e-02  0.0000e+00 
8.4279e-01     6.6982e-02  0.0000e+00     5.6452e-02  0.0000e+00     8.4090e-03  0.0000e+00     7.0870e-03  0.0000e+00 
9.4563e-01     4.2383e-02  0.0000e+00     4.0078e-02  0.0000e+00     5.9700e-03  0.0000e+00     5.6454e-03  0.0000e+00 
1.0610e+00     3.6342e-02  0.0000e+00     3.8559e-02  0.0000e+00     5.7438e-03  0.0000e+00     6.0942e-03  0.0000e+00 
1.1905e+00     1.9643e-02  0.0000e+00     2.3384e-02  0.0000e+00     3.4833e-03  0.0000e+00     4.1467e-03  0.0000e+00 
1.3357e+00     1.2772e-02  0.0000e+00     1.7060e-02  0.0000e+00     2.5412e-03  0.0000e+00     3.3943e-03  0.0000e+00 
1.4987e+00     6.7537e-03  0.0000e+00     1.0122e-02  0.0000e+00     1.5077e-03  0.0000e+00     2.2597e-03  0.0000e+00 
1.6816e+00     3.5351e-03  0.0000e+00     5.9446e-03  0.0000e+00     8.8550e-04  0.0000e+00     1.4890e-03  0.0000e+00 
1.8868e+00     1.7185e-03  0.0000e+00     3.2425e-03  0.0000e+00     4.8300e-04  0.0000e+00     9.1131e-04  0.0000e+00 
2.1170e+00     7.3133e-04  0.0000e+00     1.5482e-03  0.0000e+00     2.3062e-04  0.0000e+00     4.8822e-04  0.0000e+00 
2.3753e+00     2.3981e-04  0.0000e+00     5.6963e-04  0.0000e+00     8.4851e-05  0.0000e+00     2.0155e-04  0.0000e+00 
2.6651e+00     1.2057e-04  0.0000e+00     3.2133e-04  0.0000e+00     4.7865e-05  0.0000e+00     1.2757e-04  0.0000e+00 
2.9903e+00     1.4653e-05  0.0000e+00     4.3818e-05  0.0000e+00     6.5270e-06  0.0000e+00     1.9518e-05  0.0000e+00 
3.3552e+00     4.3532e-06  0.0000e+00     1.4606e-05  0.0000e+00     2.1757e-06  0.0000e+00     7.2998e-06  0.0000e+00 
3.7646e+00     0.0000e+00  0.0000e+00     0.0000e+00  0.0000e+00     0.0000e+00  0.0000e+00     0.0000e+00  0.0000e+00 
4.2240e+00     0.0000e+00  0.0000e+00     0.0000e+00  0.0000e+00     0.0000e+00  0.0000e+00     0.0000e+00  0.0000e+00 
4.7394e+00     0.0000e+00  0.0000e+00     0.0000e+00  0.0000e+00     0.0000e+00  0.0000e+00     0.0000e+00  0.0000e+00 
5.3176e+00     0.0000e+00  0.0000e+00     0.0000e+00  0.0000e+00     0.0000e+00  0.0000e+00     0.0000e+00  0.0000e+00 
5.9665e+00     7.9755e-03  0.0000e+00     4.7586e-02  0.0000e+00     7.0883e-03  0.0000e+00     4.2293e-02  0.0000e+00 
6.6945e+00     6.1613e-03  0.0000e+00     4.1247e-02  0.0000e+00     6.1441e-03  0.0000e+00     4.1132e-02  0.0000e+00 
7.5114e+00     4.6726e-03  0.0000e+00     3.5098e-02  0.0000e+00     5.2281e-03  0.0000e+00     3.9271e-02  0.0000e+00 
8.4279e+00     9.0173e-02  0.0000e+00     7.5997e-01  0.0000e+00     1.1320e-01  0.0000e+00     9.5408e-01  0.0000e+00 
9.4563e+00     1.9309e-02  0.0000e+00     1.8259e-01  0.0000e+00     2.7198e-02  0.0000e+00     2.5719e-01  0.0000e+00 
1.0610e+01     3.7942e-02  0.0000e+00     4.0257e-01  0.0000e+00     5.9966e-02  0.0000e+00     6.3624e-01  0.0000e+00 
1.1905e+01     2.8085e-02  0.0000e+00     3.3434e-01  0.0000e+00     4.9803e-02  0.0000e+00     5.9289e-01  0.0000e+00 
1.3357e+01     2.6905e-02  0.0000e+00     3.5938e-01  0.0000e+00     5.3532e-02  0.0000e+00     7.1505e-01  0.0000e+00 
1.4987e+01     1.4608e-02  0.0000e+00     2.1893e-01  0.0000e+00     3.2611e-02  0.0000e+00     4.8875e-01  0.0000e+00 
1.6816e+01     8.3983e-03  0.0000e+00     1.4122e-01  0.0000e+00     2.1037e-02  0.0000e+00     3.5375e-01  0.0000e+00 
1.8868e+01     4.3033e-03  0.0000e+00     8.1194e-02  0.0000e+00     1.2095e-02  0.0000e+00     2.2820e-01  0.0000e+00 
2.1170e+01     4.7847e-03  0.0000e+00     1.0129e-01  0.0000e+00     1.5088e-02  0.0000e+00     3.1942e-01  0.0000e+00 
2.3753e+01     1.2203e-02  0.0000e+00     2.8985e-01  0.0000e+00     4.3176e-02  0.0000e+00     1.0256e+00  0.0000e+00 
2.6651e+01     3.1128e-03  0.0000e+00     8.2961e-02  0.0000e+00     1.2358e-02  0.0000e+00     3.2935e-01  0.0000e+00 
2.9903e+01     2.3323e-03  0.0000e+00     6.9743e-02  0.0000e+00     1.0389e-02  0.0000e+00     3.1066e-01  0.0000e+00 
3.3552e+01     2.2645e-03  0.0000e+00     7.5980e-02  0.0000e+00     1.1318e-02  0.0000e+00     3.7974e-01  0.0000e+00 
3.7646e+01     1.7575e-03  0.0000e+00     6.6165e-02  0.0000e+00     9.8558e-03  0.0000e+00     3.7103e-01  0.0000e+00 
4.2240e+01     1.2154e-03  0.0000e+00     5.1340e-02  0.0000e+00     7.6475e-03  0.0000e+00     3.2303e-01  0.0000e+00 
4.7394e+01     9.5352e-04  0.0000e+00     4.5191e-02  0.0000e+00     6.7315e-03  0.0000e+00     3.1903e-01  0.0000e+00 
5.3176e+01     5.9438e-04  0.0000e+00     3.1607e-02  0.0000e+00     4.7082e-03  0.0000e+00     2.5036e-01  0.0000e+00 
5.9665e+01     3.8800e-04  0.0000e+00     2.3150e-02  0.0000e+00     3.4484e-03  0.0000e+00     2.0575e-01  0.0000e+00 
6.6945e+01     2.1403e-04  0.0000e+00     1.4328e-02  0.0000e+00     2.1343e-03  0.0000e+00     1.4288e-01  0.0000e+00 
7.5114e+01     9.7419e-05  0.0000e+00     7.3175e-03  0.0000e+00     1.0900e-03  0.0000e+00     8.1875e-02  0.0000e+00 
8.4279e+01     4.5579e-05  0.0000e+00     3.8413e-03  0.0000e+00     5.7220e-04  0.0000e+00     4.8225e-02  0.0000e+00 
9.4563e+01     1.5909e-05  0.0000e+00     1.5044e-03  0.0000e+00     2.2409e-04  0.0000e+00     2.1191e-02  0.0000e+00 
1.0610e+02     7.4336e-06  0.0000e+00     7.8872e-04  0.0000e+00     1.1749e-04  0.0000e+00     1.2465e-02  0.0000e+00 
1.1905e+02     3.3126e-06  0.0000e+00     3.9436e-04  0.0000e+00     5.8743e-05  0.0000e+00     6.9932e-03  0.0000e+00 
1.3357e+02     7.6543e-07  0.0000e+00     1.0224e-04  0.0000e+00     1.5230e-05  0.0000e+00     2.0343e-03  0.0000e+00 
1.4987e+02     7.7965e-07  0.0000e+00     1.1685e-04  0.0000e+00     1.7405e-05  0.0000e+00     2.6086e-03  0.0000e+00 
1.6816e+02     1.7372e-07  0.0000e+00     2.9212e-05  0.0000e+00     4.3513e-06  0.0000e+00     7.3172e-04  0.0000e+00 
1.8868e+02     0.0000e+00  0.0000e+00     0.0000e+00  0.0000e+00     0.0000e+00  0.0000e+00     0.0000e+00  0.0000e+00 
2.1170e+02     0.0000e+00  0.0000e+00     0.0000e+00  0.0000e+00     0.0000e+00  0.0000e+00     0.0000e+00  0.0000e+00 
2.3753e+02     0.0000e+00  0.0000e+00     0.0000e+00  0.0000e+00     0.0000e+00  0.0000e+00     0.0000e+00  0.0000e+00 
2.6651e+02     0.0000e+00  0.0000e+00     0.0000e+00  0.0000e+00     0.0000e+00  0.0000e+00     0.0000e+00  0.0000e+00 
2.9903e+02     0.0000e+00  0.0000e+00     0.0000e+00  0.0000e+00     0.0000e+00  0.0000e+00     0.0000e+00  0.0000e+00 
3.3552e+02     0.0000e+00  0.0000e+00     0.0000e+00  0.0000e+00     0.0000e+00  0.0000e+00     0.0000e+00  0.0000e+00 
3.7646e+02     0.0000e+00  0.0000e+00     0.0000e+00  0.0000e+00     0.0000e+00  0.0000e+00     0.0000e+00  0.0000e+00 
4.2240e+02     0.0000e+00  0.0000e+00     0.0000e+00  0.0000e+00     0.0000e+00  0.0000e+00     0.0000e+00  0.0000e+00 
4.7394e+02     0.0000e+00  0.0000e+00     0.0000e+00  0.0000e+00     0.0000e+00  0.0000e+00     0.0000e+00  0.0000e+00 
5.3176e+02     0.0000e+00  0.0000e+00     0.0000e+00  0.0000e+00     0.0000e+00  0.0000e+00     0.0000e+00  0.0000e+00 
5.9665e+02     0.0000e+00  0.0000e+00     0.0000e+00  0.0000e+00     0.0000e+00  0.0000e+00     0.0000e+00  0.0000e+00 
6.6945e+02     0.0000e+00  0.0000e+00     0.0000e+00  0.0000e+00     0.0000e+00  0.0000e+00     0.0000e+00  0.0000e+00 
7.5114e+02     0.0000e+00  0.0000e+00     0.0000e+00  0.0000e+00     0.0000e+00  0.0000e+00     0.0000e+00  0.0000e+00 
8.4279e+02     0.0000e+00  0.0000e+00     0.0000e+00  0.0000e+00     0.0000e+00  0.0000e+00     0.0000e+00  0.0000e+00 
9.4563e+02     0.0000e+00  0.0000e+00     0.0000e+00  0.0000e+00     0.0000e+00  0.0000e+00     0.0000e+00  0.0000e+00 
1.0610e+03     0.0000e+00  0.0000e+00     0.0000e+00  0.0000e+00     0.0000e+00  0.0000e+00     0.0000e+00  0.0000e+00 
1.1905e+03     0.0000e+00  0.0000e+00     0.0000e+00  0.0000e+00     0.0000e+00  0.0000e+00     0.0000e+00  0.0000e+00 
1.3357e+03     0.0000e+00  0.0000e+00     0.0000e+00  0.0000e+00     0.0000e+00  0.0000e+00     0.0000e+00  0.0000e+00 
1.4987e+03     0.0000e+00  0.0000e+00     0.0000e+00  0.0000e+00     0.0000e+00  0.0000e+00     0.0000e+00  0.0000e+00 
1.6816e+03     0.0000e+00  0.0000e+00     0.0000e+00  0.0000e+00     0.0000e+00  0.0000e+00     0.0000e+00  0.0000e+00 
1.8868e+03     0.0000e+00  0.0000e+00     0.0000e+00  0.0000e+00     0.0000e+00  0.0000e+00     0.0000e+00  0.0000e+00 
2.1170e+03     0.0000e+00  0.0000e+00     0.0000e+00  0.0000e+00     0.0000e+00  0.0000e+00     0.0000e+00  0.0000e+00 
2.3753e+03     0.0000e+00  0.0000e+00     0.0000e+00  0.0000e+00     0.0000e+00  0.0000e+00     0.0000e+00  0.0000e+00 
2.6651e+03     0.0000e+00  0.0000e+00     0.0000e+00  0.0000e+00     0.0000e+00  0.0000e+00     0.0000e+00  0.0000e+00 
2.9903e+03     0.0000e+00  0.0000e+00     0.0000e+00  0.0000e+00     0.0000e+00  0.0000e+00     0.0000e+00  0.0000e+00 
3.3552e+03     0.0000e+00  0.0000e+00     0.0000e+00  0.0000e+00     0.0000e+00  0.0000e+00     0.0000e+00  0.0000e+00 
3.7646e+03     0.0000e+00  0.0000e+00     0.0000e+00  0.0000e+00     0.0000e+00  0.0000e+00     0.0000e+00  0.0000e+00 
4.2240e+03     0.0000e+00  0.0000e+00     0.0000e+00  0.0000e+00     0.0000e+00  0.0000e+00     0.0000e+00  0.0000e+00 
4.7394e+03     0.0000e+00  0.0000e+00     0.0000e+00  0.0000e+00     0.0000e+00  0.0000e+00     0.0000e+00  0.0000e+00 
5.3176e+03     0.0000e+00  0.0000e+00     0.0000e+00  0.0000e+00     0.0000e+00  0.0000e+00     0.0000e+00  0.0000e+00 
5.9665e+03     0.0000e+00  0.0000e+00     0.0000e+00  0.0000e+00     0.0000e+00  0.0000e+00     0.0000e+00  0.0000e+00 
6.6945e+03     0.0000e+00  0.0000e+00     0.0000e+00  0.0000e+00     0.0000e+00  0.0000e+00     0.0000e+00  0.0000e+00 
7.5114e+03     0.0000e+00  0.0000e+00     0.0000e+00  0.0000e+00     0.0000e+00  0.0000e+00     0.0000e+00  0.0000e+00 
8.4279e+03     0.0000e+00  0.0000e+00     0.0000e+00  0.0000e+00     0.0000e+00  0.0000e+00     0.0000e+00  0.0000e+00 
9.4563e+03     0.0000e+00  0.0000e+00     0.0000e+00  0.0000e+00     0.0000e+00  0.0000e+00     0.0000e+00  0.0000e+00 
