yF = 4.7425e+00 (std: 0.0000e+00) keV/um
yD = 2.4417e+01 (std: 0.0000e+00) keV/um
y (keV/um)     f(y)(std)                  yf(y)(std)                 d(y)(std)                  yd(y)(std)  
1.0610e-01     2.5241e+01  0.0000e+00     2.6781e+00  0.0000e+00     5.6470e-01  0.0000e+00     5.9915e-02  0.0000e+00 
1.1905e-01     1.8926e+00  0.0000e+00     2.2531e-01  0.0000e+00     4.7508e-02  0.0000e+00     5.6557e-03  0.0000e+00 
1.3357e-01     5.6779e-01  0.0000e+00     7.5841e-02  0.0000e+00     1.5992e-02  0.0000e+00     2.1361e-03  0.0000e+00 
1.4987e-01     2.7274e+00  0.0000e+00     4.0875e-01  0.0000e+00     8.6190e-02  0.0000e+00     1.2917e-02  0.0000e+00 
1.6816e-01     8.6687e-01  0.0000e+00     1.4577e-01  0.0000e+00     3.0738e-02  0.0000e+00     5.1688e-03  0.0000e+00 
1.8868e-01     6.1404e-01  0.0000e+00     1.1585e-01  0.0000e+00     2.4429e-02  0.0000e+00     4.6092e-03  0.0000e+00 
2.1170e-01     6.6183e-01  0.0000e+00     1.4011e-01  0.0000e+00     2.9544e-02  0.0000e+00     6.2543e-03  0.0000e+00 
2.3753e-01     5.6498e-01  0.0000e+00     1.3420e-01  0.0000e+00     2.8297e-02  0.0000e+00     6.7215e-03  0.0000e+00 
2.6651e-01     2.7995e-01  0.0000e+00     7.4610e-02  0.0000e+00     1.5732e-02  0.0000e+00     4.1929e-03  0.0000e+00 
2.9903e-01     2.3674e-01  0.0000e+00     7.0793e-02  0.0000e+00     1.4928e-02  0.0000e+00     4.4638e-03  0.0000e+00 
3.3552e-01     1.3874e+00  0.0000e+00     4.6551e-01  0.0000e+00     9.8158e-02  0.0000e+00     3.2934e-02  0.0000e+00 
3.7646e-01     8.9675e-01  0.0000e+00     3.3759e-01  0.0000e+00     7.1185e-02  0.0000e+00     2.6798e-02  0.0000e+00 
4.2240e-01     4.2468e-01  0.0000e+00     1.7938e-01  0.0000e+00     3.7825e-02  0.0000e+00     1.5977e-02  0.0000e+00 
4.7394e-01     3.9902e-01  0.0000e+00     1.8911e-01  0.0000e+00     3.9876e-02  0.0000e+00     1.8899e-02  0.0000e+00 
5.3176e-01     2.5792e-01  0.0000e+00     1.3715e-01  0.0000e+00     2.8920e-02  0.0000e+00     1.5379e-02  0.0000e+00 
5.9665e-01     1.3000e-01  0.0000e+00     7.7565e-02  0.0000e+00     1.6355e-02  0.0000e+00     9.7584e-03  0.0000e+00 
6.6945e-01     2.1904e-01  0.0000e+00     1.4663e-01  0.0000e+00     3.0919e-02  0.0000e+00     2.0699e-02  0.0000e+00 
7.5114e-01     1.8587e-01  0.0000e+00     1.3962e-01  0.0000e+00     2.9440e-02  0.0000e+00     2.2113e-02  0.0000e+00 
8.4279e-01     8.8965e-02  0.0000e+00     7.4979e-02  0.0000e+00     1.5810e-02  0.0000e+00     1.3325e-02  0.0000e+00 
9.4563e-01     5.5725e-02  0.0000e+00     5.2695e-02  0.0000e+00     1.1111e-02  0.0000e+00     1.0507e-02  0.0000e+00 
1.0610e+00     4.6067e-02  0.0000e+00     4.8878e-02  0.0000e+00     1.0306e-02  0.0000e+00     1.0935e-02  0.0000e+00 
1.1905e+00     2.2339e-02  0.0000e+00     2.6594e-02  0.0000e+00     5.6076e-03  0.0000e+00     6.6756e-03  0.0000e+00 
1.3357e+00     1.3273e-02  0.0000e+00     1.7729e-02  0.0000e+00     3.7384e-03  0.0000e+00     4.9935e-03  0.0000e+00 
1.4987e+00     5.8326e-03  0.0000e+00     8.7414e-03  0.0000e+00     1.8432e-03  0.0000e+00     2.7625e-03  0.0000e+00 
1.6816e+00     2.4161e-03  0.0000e+00     4.0629e-03  0.0000e+00     8.5671e-04  0.0000e+00     1.4406e-03  0.0000e+00 
1.8868e+00     1.3051e-03  0.0000e+00     2.4624e-03  0.0000e+00     5.1922e-04  0.0000e+00     9.7965e-04  0.0000e+00 
2.1170e+00     6.9789e-04  0.0000e+00     1.4774e-03  0.0000e+00     3.1153e-04  0.0000e+00     6.5951e-04  0.0000e+00 
2.3753e+00     2.5916e-04  0.0000e+00     6.1559e-04  0.0000e+00     1.2980e-04  0.0000e+00     3.0833e-04  0.0000e+00 
2.6651e+00     4.6196e-05  0.0000e+00     1.2312e-04  0.0000e+00     2.5961e-05  0.0000e+00     6.9189e-05  0.0000e+00 
2.9903e+00     0.0000e+00  0.0000e+00     0.0000e+00  0.0000e+00     0.0000e+00  0.0000e+00     0.0000e+00  0.0000e+00 
3.3552e+00     0.0000e+00  0.0000e+00     0.0000e+00  0.0000e+00     0.0000e+00  0.0000e+00     0.0000e+00  0.0000e+00 
3.7646e+00     0.0000e+00  0.0000e+00     0.0000e+00  0.0000e+00     0.0000e+00  0.0000e+00     0.0000e+00  0.0000e+00 
4.2240e+00     0.0000e+00  0.0000e+00     0.0000e+00  0.0000e+00     0.0000e+00  0.0000e+00     0.0000e+00  0.0000e+00 
4.7394e+00     0.0000e+00  0.0000e+00     0.0000e+00  0.0000e+00     0.0000e+00  0.0000e+00     0.0000e+00  0.0000e+00 
5.3176e+00     0.0000e+00  0.0000e+00     0.0000e+00  0.0000e+00     0.0000e+00  0.0000e+00     0.0000e+00  0.0000e+00 
5.9665e+00     1.1279e-01  0.0000e+00     6.7297e-01  0.0000e+00     1.4190e-01  0.0000e+00     8.4666e-01  0.0000e+00 
6.6945e+00     2.3522e-02  0.0000e+00     1.5747e-01  0.0000e+00     3.3204e-02  0.0000e+00     2.2228e-01  0.0000e+00 
7.5114e+00     6.1138e-03  0.0000e+00     4.5923e-02  0.0000e+00     9.6834e-03  0.0000e+00     7.2736e-02  0.0000e+00 
8.4279e+00     2.6763e-02  0.0000e+00     2.2555e-01  0.0000e+00     4.7560e-02  0.0000e+00     4.0083e-01  0.0000e+00 
9.4563e+00     1.6861e-02  0.0000e+00     1.5944e-01  0.0000e+00     3.3619e-02  0.0000e+00     3.1791e-01  0.0000e+00 
1.0610e+01     2.5064e-02  0.0000e+00     2.6594e-01  0.0000e+00     5.6076e-02  0.0000e+00     5.9497e-01  0.0000e+00 
1.1905e+01     1.7013e-02  0.0000e+00     2.0253e-01  0.0000e+00     4.2706e-02  0.0000e+00     5.0840e-01  0.0000e+00 
1.3357e+01     1.2748e-02  0.0000e+00     1.7027e-01  0.0000e+00     3.5904e-02  0.0000e+00     4.7958e-01  0.0000e+00 
1.4987e+01     7.7302e-03  0.0000e+00     1.1585e-01  0.0000e+00     2.4429e-02  0.0000e+00     3.6612e-01  0.0000e+00 
1.6816e+01     5.0446e-03  0.0000e+00     8.4829e-02  0.0000e+00     1.7887e-02  0.0000e+00     3.0079e-01  0.0000e+00 
1.8868e+01     4.3067e-03  0.0000e+00     8.1258e-02  0.0000e+00     1.7134e-02  0.0000e+00     3.2328e-01  0.0000e+00 
2.1170e+01     3.8093e-03  0.0000e+00     8.0643e-02  0.0000e+00     1.7004e-02  0.0000e+00     3.5998e-01  0.0000e+00 
2.3753e+01     3.7216e-03  0.0000e+00     8.8399e-02  0.0000e+00     1.8640e-02  0.0000e+00     4.4275e-01  0.0000e+00 
2.6651e+01     2.4484e-03  0.0000e+00     6.5253e-02  0.0000e+00     1.3759e-02  0.0000e+00     3.6670e-01  0.0000e+00 
2.9903e+01     1.7663e-03  0.0000e+00     5.2818e-02  0.0000e+00     1.1137e-02  0.0000e+00     3.3304e-01  0.0000e+00 
3.3552e+01     1.6916e-03  0.0000e+00     5.6758e-02  0.0000e+00     1.1968e-02  0.0000e+00     4.0155e-01  0.0000e+00 
3.7646e+01     1.2362e-03  0.0000e+00     4.6539e-02  0.0000e+00     9.8132e-03  0.0000e+00     3.6943e-01  0.0000e+00 
4.2240e+01     8.3945e-04  0.0000e+00     3.5458e-02  0.0000e+00     7.4767e-03  0.0000e+00     3.1581e-01  0.0000e+00 
4.7394e+01     7.2998e-04  0.0000e+00     3.4596e-02  0.0000e+00     7.2950e-03  0.0000e+00     3.4574e-01  0.0000e+00 
5.3176e+01     4.6537e-04  0.0000e+00     2.4747e-02  0.0000e+00     5.2181e-03  0.0000e+00     2.7748e-01  0.0000e+00 
5.9665e+01     2.6413e-04  0.0000e+00     1.5759e-02  0.0000e+00     3.3230e-03  0.0000e+00     1.9827e-01  0.0000e+00 
6.6945e+01     2.0598e-04  0.0000e+00     1.3789e-02  0.0000e+00     2.9076e-03  0.0000e+00     1.9465e-01  0.0000e+00 
7.5114e+01     1.2949e-04  0.0000e+00     9.7264e-03  0.0000e+00     2.0509e-03  0.0000e+00     1.5405e-01  0.0000e+00 
8.4279e+01     5.1130e-05  0.0000e+00     4.3091e-03  0.0000e+00     9.0863e-04  0.0000e+00     7.6579e-02  0.0000e+00 
9.4563e+01     2.7342e-05  0.0000e+00     2.5855e-03  0.0000e+00     5.4518e-04  0.0000e+00     5.1554e-02  0.0000e+00 
1.0610e+02     6.9623e-06  0.0000e+00     7.3871e-04  0.0000e+00     1.5577e-04  0.0000e+00     1.6527e-02  0.0000e+00 
1.1905e+02     4.1368e-06  0.0000e+00     4.9247e-04  0.0000e+00     1.0384e-04  0.0000e+00     1.2362e-02  0.0000e+00 
1.3357e+02     2.7652e-06  0.0000e+00     3.6936e-04  0.0000e+00     7.7883e-05  0.0000e+00     1.0403e-02  0.0000e+00 
1.4987e+02     1.6430e-06  0.0000e+00     2.4624e-04  0.0000e+00     5.1922e-05  0.0000e+00     7.7816e-03  0.0000e+00 
1.6816e+02     0.0000e+00  0.0000e+00     0.0000e+00  0.0000e+00     0.0000e+00  0.0000e+00     0.0000e+00  0.0000e+00 
1.8868e+02     0.0000e+00  0.0000e+00     0.0000e+00  0.0000e+00     0.0000e+00  0.0000e+00     0.0000e+00  0.0000e+00 
2.1170e+02     0.0000e+00  0.0000e+00     0.0000e+00  0.0000e+00     0.0000e+00  0.0000e+00     0.0000e+00  0.0000e+00 
2.3753e+02     0.0000e+00  0.0000e+00     0.0000e+00  0.0000e+00     0.0000e+00  0.0000e+00     0.0000e+00  0.0000e+00 
2.6651e+02     0.0000e+00  0.0000e+00     0.0000e+00  0.0000e+00     0.0000e+00  0.0000e+00     0.0000e+00  0.0000e+00 
2.9903e+02     0.0000e+00  0.0000e+00     0.0000e+00  0.0000e+00     0.0000e+00  0.0000e+00     0.0000e+00  0.0000e+00 
3.3552e+02     0.0000e+00  0.0000e+00     0.0000e+00  0.0000e+00     0.0000e+00  0.0000e+00     0.0000e+00  0.0000e+00 
3.7646e+02     0.0000e+00  0.0000e+00     0.0000e+00  0.0000e+00     0.0000e+00  0.0000e+00     0.0000e+00  0.0000e+00 
4.2240e+02     0.0000e+00  0.0000e+00     0.0000e+00  0.0000e+00     0.0000e+00  0.0000e+00     0.0000e+00  0.0000e+00 
4.7394e+02     0.0000e+00  0.0000e+00     0.0000e+00  0.0000e+00     0.0000e+00  0.0000e+00     0.0000e+00  0.0000e+00 
5.3176e+02     0.0000e+00  0.0000e+00     0.0000e+00  0.0000e+00     0.0000e+00  0.0000e+00     0.0000e+00  0.0000e+00 
5.9665e+02     0.0000e+00  0.0000e+00     0.0000e+00  0.0000e+00     0.0000e+00  0.0000e+00     0.0000e+00  0.0000e+00 
6.6945e+02     0.0000e+00  0.0000e+00     0.0000e+00  0.0000e+00     0.0000e+00  0.0000e+00     0.0000e+00  0.0000e+00 
7.5114e+02     0.0000e+00  0.0000e+00     0.0000e+00  0.0000e+00     0.0000e+00  0.0000e+00     0.0000e+00  0.0000e+00 
8.4279e+02     0.0000e+00  0.0000e+00     0.0000e+00  0.0000e+00     0.0000e+00  0.0000e+00     0.0000e+00  0.0000e+00 
9.4563e+02     0.0000e+00  0.0000e+00     0.0000e+00  0.0000e+00     0.0000e+00  0.0000e+00     0.0000e+00  0.0000e+00 
1.0610e+03     0.0000e+00  0.0000e+00     0.0000e+00  0.0000e+00     0.0000e+00  0.0000e+00     0.0000e+00  0.0000e+00 
1.1905e+03     0.0000e+00  0.0000e+00     0.0000e+00  0.0000e+00     0.0000e+00  0.0000e+00     0.0000e+00  0.0000e+00 
1.3357e+03     0.0000e+00  0.0000e+00     0.0000e+00  0.0000e+00     0.0000e+00  0.0000e+00     0.0000e+00  0.0000e+00 
1.4987e+03     0.0000e+00  0.0000e+00     0.0000e+00  0.0000e+00     0.0000e+00  0.0000e+00     0.0000e+00  0.0000e+00 
1.6816e+03     0.0000e+00  0.0000e+00     0.0000e+00  0.0000e+00     0.0000e+00  0.0000e+00     0.0000e+00  0.0000e+00 
1.8868e+03     0.0000e+00  0.0000e+00     0.0000e+00  0.0000e+00     0.0000e+00  0.0000e+00     0.0000e+00  0.0000e+00 
2.1170e+03     0.0000e+00  0.0000e+00     0.0000e+00  0.0000e+00     0.0000e+00  0.0000e+00     0.0000e+00  0.0000e+00 
2.3753e+03     0.0000e+00  0.0000e+00     0.0000e+00  0.0000e+00     0.0000e+00  0.0000e+00     0.0000e+00  0.0000e+00 
2.6651e+03     0.0000e+00  0.0000e+00     0.0000e+00  0.0000e+00     0.0000e+00  0.0000e+00     0.0000e+00  0.0000e+00 
2.9903e+03     0.0000e+00  0.0000e+00     0.0000e+00  0.0000e+00     0.0000e+00  0.0000e+00     0.0000e+00  0.0000e+00 
3.3552e+03     0.0000e+00  0.0000e+00     0.0000e+00  0.0000e+00     0.0000e+00  0.0000e+00     0.0000e+00  0.0000e+00 
3.7646e+03     0.0000e+00  0.0000e+00     0.0000e+00  0.0000e+00     0.0000e+00  0.0000e+00     0.0000e+00  0.0000e+00 
4.2240e+03     0.0000e+00  0.0000e+00     0.0000e+00  0.0000e+00     0.0000e+00  0.0000e+00     0.0000e+00  0.0000e+00 
4.7394e+03     0.0000e+00  0.0000e+00     0.0000e+00  0.0000e+00     0.0000e+00  0.0000e+00     0.0000e+00  0.0000e+00 
5.3176e+03     0.0000e+00  0.0000e+00     0.0000e+00  0.0000e+00     0.0000e+00  0.0000e+00     0.0000e+00  0.0000e+00 
5.9665e+03     0.0000e+00  0.0000e+00     0.0000e+00  0.0000e+00     0.0000e+00  0.0000e+00     0.0000e+00  0.0000e+00 
6.6945e+03     0.0000e+00  0.0000e+00     0.0000e+00  0.0000e+00     0.0000e+00  0.0000e+00     0.0000e+00  0.0000e+00 
7.5114e+03     0.0000e+00  0.0000e+00     0.0000e+00  0.0000e+00     0.0000e+00  0.0000e+00     0.0000e+00  0.0000e+00 
8.4279e+03     0.0000e+00  0.0000e+00     0.0000e+00  0.0000e+00     0.0000e+00  0.0000e+00     0.0000e+00  0.0000e+00 
9.4563e+03     0.0000e+00  0.0000e+00     0.0000e+00  0.0000e+00     0.0000e+00  0.0000e+00     0.0000e+00  0.0000e+00 
