yF = 4.0270e+00 (std: 0.0000e+00) keV/um
yD = 2.0969e+01 (std: 0.0000e+00) keV/um
y (keV/um)     f(y)(std)                  yf(y)(std)                 d(y)(std)                  yd(y)(std)  
1.0610e-01     2.5926e+01  0.0000e+00     2.7508e+00  0.0000e+00     6.8307e-01  0.0000e+00     7.2475e-02  0.0000e+00 
1.1905e-01     1.8676e+00  0.0000e+00     2.2233e-01  0.0000e+00     5.5210e-02  0.0000e+00     6.5726e-03  0.0000e+00 
1.3357e-01     5.7815e-01  0.0000e+00     7.7225e-02  0.0000e+00     1.9177e-02  0.0000e+00     2.5615e-03  0.0000e+00 
1.4987e-01     2.9543e+00  0.0000e+00     4.4277e-01  0.0000e+00     1.0995e-01  0.0000e+00     1.6478e-02  0.0000e+00 
1.6816e-01     8.5858e-01  0.0000e+00     1.4438e-01  0.0000e+00     3.5852e-02  0.0000e+00     6.0288e-03  0.0000e+00 
1.8868e-01     6.0892e-01  0.0000e+00     1.1489e-01  0.0000e+00     2.8529e-02  0.0000e+00     5.3828e-03  0.0000e+00 
2.1170e-01     6.3993e-01  0.0000e+00     1.3547e-01  0.0000e+00     3.3641e-02  0.0000e+00     7.1217e-03  0.0000e+00 
2.3753e-01     6.2442e-01  0.0000e+00     1.4832e-01  0.0000e+00     3.6831e-02  0.0000e+00     8.7484e-03  0.0000e+00 
2.6651e-01     2.7771e-01  0.0000e+00     7.4013e-02  0.0000e+00     1.8379e-02  0.0000e+00     4.8983e-03  0.0000e+00 
2.9903e-01     2.4263e-01  0.0000e+00     7.2554e-02  0.0000e+00     1.8017e-02  0.0000e+00     5.3876e-03  0.0000e+00 
3.3552e-01     1.3853e+00  0.0000e+00     4.6481e-01  0.0000e+00     1.1542e-01  0.0000e+00     3.8727e-02  0.0000e+00 
3.7646e-01     9.8651e-01  0.0000e+00     3.7138e-01  0.0000e+00     9.2222e-02  0.0000e+00     3.4718e-02  0.0000e+00 
4.2240e-01     4.1749e-01  0.0000e+00     1.7635e-01  0.0000e+00     4.3791e-02  0.0000e+00     1.8497e-02  0.0000e+00 
4.7394e-01     4.2507e-01  0.0000e+00     2.0146e-01  0.0000e+00     5.0026e-02  0.0000e+00     2.3709e-02  0.0000e+00 
5.3176e-01     2.4652e-01  0.0000e+00     1.3109e-01  0.0000e+00     3.2553e-02  0.0000e+00     1.7311e-02  0.0000e+00 
5.9665e-01     1.3065e-01  0.0000e+00     7.7955e-02  0.0000e+00     1.9358e-02  0.0000e+00     1.1550e-02  0.0000e+00 
6.6945e-01     2.2744e-01  0.0000e+00     1.5226e-01  0.0000e+00     3.7809e-02  0.0000e+00     2.5312e-02  0.0000e+00 
7.5114e-01     1.9688e-01  0.0000e+00     1.4788e-01  0.0000e+00     3.6722e-02  0.0000e+00     2.7583e-02  0.0000e+00 
8.4279e-01     8.8512e-02  0.0000e+00     7.4597e-02  0.0000e+00     1.8524e-02  0.0000e+00     1.5612e-02  0.0000e+00 
9.4563e-01     5.0173e-02  0.0000e+00     4.7444e-02  0.0000e+00     1.1781e-02  0.0000e+00     1.1141e-02  0.0000e+00 
1.0610e+00     4.2790e-02  0.0000e+00     4.5401e-02  0.0000e+00     1.1274e-02  0.0000e+00     1.1962e-02  0.0000e+00 
1.1905e+00     2.3054e-02  0.0000e+00     2.7445e-02  0.0000e+00     6.8151e-03  0.0000e+00     8.1132e-03  0.0000e+00 
1.3357e+00     1.4754e-02  0.0000e+00     1.9708e-02  0.0000e+00     4.8938e-03  0.0000e+00     6.5369e-03  0.0000e+00 
1.4987e+00     5.9417e-03  0.0000e+00     8.9050e-03  0.0000e+00     2.2113e-03  0.0000e+00     3.3141e-03  0.0000e+00 
1.6816e+00     1.9967e-03  0.0000e+00     3.3576e-03  0.0000e+00     8.3377e-04  0.0000e+00     1.4020e-03  0.0000e+00 
1.8868e+00     1.3927e-03  0.0000e+00     2.6277e-03  0.0000e+00     6.5251e-04  0.0000e+00     1.2311e-03  0.0000e+00 
2.1170e+00     6.2062e-04  0.0000e+00     1.3138e-03  0.0000e+00     3.2626e-04  0.0000e+00     6.9068e-04  0.0000e+00 
2.3753e+00     1.2292e-04  0.0000e+00     2.9197e-04  0.0000e+00     7.2501e-05  0.0000e+00     1.7221e-04  0.0000e+00 
2.6651e+00     1.0955e-04  0.0000e+00     2.9197e-04  0.0000e+00     7.2501e-05  0.0000e+00     1.9323e-04  0.0000e+00 
2.9903e+00     4.8818e-05  0.0000e+00     1.4598e-04  0.0000e+00     3.6251e-05  0.0000e+00     1.0840e-04  0.0000e+00 
3.3552e+00     0.0000e+00  0.0000e+00     0.0000e+00  0.0000e+00     0.0000e+00  0.0000e+00     0.0000e+00  0.0000e+00 
3.7646e+00     0.0000e+00  0.0000e+00     0.0000e+00  0.0000e+00     0.0000e+00  0.0000e+00     0.0000e+00  0.0000e+00 
4.2240e+00     0.0000e+00  0.0000e+00     0.0000e+00  0.0000e+00     0.0000e+00  0.0000e+00     0.0000e+00  0.0000e+00 
4.7394e+00     0.0000e+00  0.0000e+00     0.0000e+00  0.0000e+00     0.0000e+00  0.0000e+00     0.0000e+00  0.0000e+00 
5.3176e+00     0.0000e+00  0.0000e+00     0.0000e+00  0.0000e+00     0.0000e+00  0.0000e+00     0.0000e+00  0.0000e+00 
5.9665e+00     1.2919e-01  0.0000e+00     7.7079e-01  0.0000e+00     1.9140e-01  0.0000e+00     1.1420e+00  0.0000e+00 
6.6945e+00     2.5252e-02  0.0000e+00     1.6905e-01  0.0000e+00     4.1978e-02  0.0000e+00     2.8102e-01  0.0000e+00 
7.5114e+00     5.9277e-03  0.0000e+00     4.4525e-02  0.0000e+00     1.1056e-02  0.0000e+00     8.3049e-02  0.0000e+00 
8.4279e+00     2.5497e-02  0.0000e+00     2.1489e-01  0.0000e+00     5.3361e-02  0.0000e+00     4.4972e-01  0.0000e+00 
9.4563e+00     1.4589e-02  0.0000e+00     1.3795e-01  0.0000e+00     3.4257e-02  0.0000e+00     3.2394e-01  0.0000e+00 
1.0610e+01     2.2523e-02  0.0000e+00     2.3897e-01  0.0000e+00     5.9342e-02  0.0000e+00     6.2963e-01  0.0000e+00 
1.1905e+01     1.5623e-02  0.0000e+00     1.8598e-01  0.0000e+00     4.6183e-02  0.0000e+00     5.4980e-01  0.0000e+00 
1.3357e+01     1.1126e-02  0.0000e+00     1.4861e-01  0.0000e+00     3.6903e-02  0.0000e+00     4.9293e-01  0.0000e+00 
1.4987e+01     6.6041e-03  0.0000e+00     9.8977e-02  0.0000e+00     2.4578e-02  0.0000e+00     3.6835e-01  0.0000e+00 
1.6816e+01     4.4622e-03  0.0000e+00     7.5035e-02  0.0000e+00     1.8633e-02  0.0000e+00     3.1333e-01  0.0000e+00 
1.8868e+01     3.2032e-03  0.0000e+00     6.0437e-02  0.0000e+00     1.5008e-02  0.0000e+00     2.8316e-01  0.0000e+00 
2.1170e+01     3.4341e-03  0.0000e+00     7.2700e-02  0.0000e+00     1.8053e-02  0.0000e+00     3.8218e-01  0.0000e+00 
2.3753e+01     3.3003e-03  0.0000e+00     7.8393e-02  0.0000e+00     1.9467e-02  0.0000e+00     4.6239e-01  0.0000e+00 
2.6651e+01     2.0157e-03  0.0000e+00     5.3722e-02  0.0000e+00     1.3340e-02  0.0000e+00     3.5554e-01  0.0000e+00 
2.9903e+01     1.4109e-03  0.0000e+00     4.2189e-02  0.0000e+00     1.0476e-02  0.0000e+00     3.1328e-01  0.0000e+00 
3.3552e+01     1.1356e-03  0.0000e+00     3.8102e-02  0.0000e+00     9.4614e-03  0.0000e+00     3.1745e-01  0.0000e+00 
3.7646e+01     9.4618e-04  0.0000e+00     3.5620e-02  0.0000e+00     8.8452e-03  0.0000e+00     3.3299e-01  0.0000e+00 
4.2240e+01     6.2555e-04  0.0000e+00     2.6423e-02  0.0000e+00     6.5614e-03  0.0000e+00     2.7715e-01  0.0000e+00 
4.7394e+01     4.6511e-04  0.0000e+00     2.2043e-02  0.0000e+00     5.4739e-03  0.0000e+00     2.5943e-01  0.0000e+00 
5.3176e+01     2.9374e-04  0.0000e+00     1.5620e-02  0.0000e+00     3.8788e-03  0.0000e+00     2.0626e-01  0.0000e+00 
5.9665e+01     2.0308e-04  0.0000e+00     1.2117e-02  0.0000e+00     3.0088e-03  0.0000e+00     1.7952e-01  0.0000e+00 
6.6945e+01     1.2212e-04  0.0000e+00     8.1751e-03  0.0000e+00     2.0300e-03  0.0000e+00     1.3590e-01  0.0000e+00 
7.5114e+01     4.6644e-05  0.0000e+00     3.5036e-03  0.0000e+00     8.7002e-04  0.0000e+00     6.5350e-02  0.0000e+00 
8.4279e+01     2.9446e-05  0.0000e+00     2.4817e-03  0.0000e+00     6.1626e-04  0.0000e+00     5.1938e-02  0.0000e+00 
9.4563e+01     1.0806e-05  0.0000e+00     1.0219e-03  0.0000e+00     2.5375e-04  0.0000e+00     2.3996e-02  0.0000e+00 
1.0610e+02     1.3759e-06  0.0000e+00     1.4598e-04  0.0000e+00     3.6251e-05  0.0000e+00     3.8462e-03  0.0000e+00 
1.1905e+02     3.6788e-06  0.0000e+00     4.3795e-04  0.0000e+00     1.0875e-04  0.0000e+00     1.2947e-02  0.0000e+00 
1.3357e+02     1.0929e-06  0.0000e+00     1.4598e-04  0.0000e+00     3.6251e-05  0.0000e+00     4.8421e-03  0.0000e+00 
1.4987e+02     0.0000e+00  0.0000e+00     0.0000e+00  0.0000e+00     0.0000e+00  0.0000e+00     0.0000e+00  0.0000e+00 
1.6816e+02     0.0000e+00  0.0000e+00     0.0000e+00  0.0000e+00     0.0000e+00  0.0000e+00     0.0000e+00  0.0000e+00 
1.8868e+02     0.0000e+00  0.0000e+00     0.0000e+00  0.0000e+00     0.0000e+00  0.0000e+00     0.0000e+00  0.0000e+00 
2.1170e+02     0.0000e+00  0.0000e+00     0.0000e+00  0.0000e+00     0.0000e+00  0.0000e+00     0.0000e+00  0.0000e+00 
2.3753e+02     0.0000e+00  0.0000e+00     0.0000e+00  0.0000e+00     0.0000e+00  0.0000e+00     0.0000e+00  0.0000e+00 
2.6651e+02     0.0000e+00  0.0000e+00     0.0000e+00  0.0000e+00     0.0000e+00  0.0000e+00     0.0000e+00  0.0000e+00 
2.9903e+02     0.0000e+00  0.0000e+00     0.0000e+00  0.0000e+00     0.0000e+00  0.0000e+00     0.0000e+00  0.0000e+00 
3.3552e+02     0.0000e+00  0.0000e+00     0.0000e+00  0.0000e+00     0.0000e+00  0.0000e+00     0.0000e+00  0.0000e+00 
3.7646e+02     0.0000e+00  0.0000e+00     0.0000e+00  0.0000e+00     0.0000e+00  0.0000e+00     0.0000e+00  0.0000e+00 
4.2240e+02     0.0000e+00  0.0000e+00     0.0000e+00  0.0000e+00     0.0000e+00  0.0000e+00     0.0000e+00  0.0000e+00 
4.7394e+02     0.0000e+00  0.0000e+00     0.0000e+00  0.0000e+00     0.0000e+00  0.0000e+00     0.0000e+00  0.0000e+00 
5.3176e+02     0.0000e+00  0.0000e+00     0.0000e+00  0.0000e+00     0.0000e+00  0.0000e+00     0.0000e+00  0.0000e+00 
5.9665e+02     0.0000e+00  0.0000e+00     0.0000e+00  0.0000e+00     0.0000e+00  0.0000e+00     0.0000e+00  0.0000e+00 
6.6945e+02     0.0000e+00  0.0000e+00     0.0000e+00  0.0000e+00     0.0000e+00  0.0000e+00     0.0000e+00  0.0000e+00 
7.5114e+02     0.0000e+00  0.0000e+00     0.0000e+00  0.0000e+00     0.0000e+00  0.0000e+00     0.0000e+00  0.0000e+00 
8.4279e+02     0.0000e+00  0.0000e+00     0.0000e+00  0.0000e+00     0.0000e+00  0.0000e+00     0.0000e+00  0.0000e+00 
9.4563e+02     0.0000e+00  0.0000e+00     0.0000e+00  0.0000e+00     0.0000e+00  0.0000e+00     0.0000e+00  0.0000e+00 
1.0610e+03     0.0000e+00  0.0000e+00     0.0000e+00  0.0000e+00     0.0000e+00  0.0000e+00     0.0000e+00  0.0000e+00 
1.1905e+03     0.0000e+00  0.0000e+00     0.0000e+00  0.0000e+00     0.0000e+00  0.0000e+00     0.0000e+00  0.0000e+00 
1.3357e+03     0.0000e+00  0.0000e+00     0.0000e+00  0.0000e+00     0.0000e+00  0.0000e+00     0.0000e+00  0.0000e+00 
1.4987e+03     0.0000e+00  0.0000e+00     0.0000e+00  0.0000e+00     0.0000e+00  0.0000e+00     0.0000e+00  0.0000e+00 
1.6816e+03     0.0000e+00  0.0000e+00     0.0000e+00  0.0000e+00     0.0000e+00  0.0000e+00     0.0000e+00  0.0000e+00 
1.8868e+03     0.0000e+00  0.0000e+00     0.0000e+00  0.0000e+00     0.0000e+00  0.0000e+00     0.0000e+00  0.0000e+00 
2.1170e+03     0.0000e+00  0.0000e+00     0.0000e+00  0.0000e+00     0.0000e+00  0.0000e+00     0.0000e+00  0.0000e+00 
2.3753e+03     0.0000e+00  0.0000e+00     0.0000e+00  0.0000e+00     0.0000e+00  0.0000e+00     0.0000e+00  0.0000e+00 
2.6651e+03     0.0000e+00  0.0000e+00     0.0000e+00  0.0000e+00     0.0000e+00  0.0000e+00     0.0000e+00  0.0000e+00 
2.9903e+03     0.0000e+00  0.0000e+00     0.0000e+00  0.0000e+00     0.0000e+00  0.0000e+00     0.0000e+00  0.0000e+00 
3.3552e+03     0.0000e+00  0.0000e+00     0.0000e+00  0.0000e+00     0.0000e+00  0.0000e+00     0.0000e+00  0.0000e+00 
3.7646e+03     0.0000e+00  0.0000e+00     0.0000e+00  0.0000e+00     0.0000e+00  0.0000e+00     0.0000e+00  0.0000e+00 
4.2240e+03     0.0000e+00  0.0000e+00     0.0000e+00  0.0000e+00     0.0000e+00  0.0000e+00     0.0000e+00  0.0000e+00 
4.7394e+03     0.0000e+00  0.0000e+00     0.0000e+00  0.0000e+00     0.0000e+00  0.0000e+00     0.0000e+00  0.0000e+00 
5.3176e+03     0.0000e+00  0.0000e+00     0.0000e+00  0.0000e+00     0.0000e+00  0.0000e+00     0.0000e+00  0.0000e+00 
5.9665e+03     0.0000e+00  0.0000e+00     0.0000e+00  0.0000e+00     0.0000e+00  0.0000e+00     0.0000e+00  0.0000e+00 
6.6945e+03     0.0000e+00  0.0000e+00     0.0000e+00  0.0000e+00     0.0000e+00  0.0000e+00     0.0000e+00  0.0000e+00 
7.5114e+03     0.0000e+00  0.0000e+00     0.0000e+00  0.0000e+00     0.0000e+00  0.0000e+00     0.0000e+00  0.0000e+00 
8.4279e+03     0.0000e+00  0.0000e+00     0.0000e+00  0.0000e+00     0.0000e+00  0.0000e+00     0.0000e+00  0.0000e+00 
9.4563e+03     0.0000e+00  0.0000e+00     0.0000e+00  0.0000e+00     0.0000e+00  0.0000e+00     0.0000e+00  0.0000e+00 
