yF = 5.4602e+00 (std: 0.0000e+00) keV/um
yD = 2.4028e+01 (std: 0.0000e+00) keV/um
y (keV/um)     f(y)(std)                  yf(y)(std)                 d(y)(std)                  yd(y)(std)  
1.0610e-01     2.2069e+01  0.0000e+00     2.3416e+00  0.0000e+00     4.2885e-01  0.0000e+00     4.5501e-02  0.0000e+00 
1.1905e-01     1.8064e+00  0.0000e+00     2.1504e-01  0.0000e+00     3.9384e-02  0.0000e+00     4.6885e-03  0.0000e+00 
1.3357e-01     5.9010e-01  0.0000e+00     7.8822e-02  0.0000e+00     1.4436e-02  0.0000e+00     1.9282e-03  0.0000e+00 
1.4987e-01     2.5849e+00  0.0000e+00     3.8741e-01  0.0000e+00     7.0952e-02  0.0000e+00     1.0634e-02  0.0000e+00 
1.6816e-01     8.6943e-01  0.0000e+00     1.4620e-01  0.0000e+00     2.6776e-02  0.0000e+00     4.5026e-03  0.0000e+00 
1.8868e-01     6.1751e-01  0.0000e+00     1.1651e-01  0.0000e+00     2.1338e-02  0.0000e+00     4.0260e-03  0.0000e+00 
2.1170e-01     6.3240e-01  0.0000e+00     1.3388e-01  0.0000e+00     2.4519e-02  0.0000e+00     5.1907e-03  0.0000e+00 
2.3753e-01     6.0657e-01  0.0000e+00     1.4408e-01  0.0000e+00     2.6387e-02  0.0000e+00     6.2678e-03  0.0000e+00 
2.6651e-01     3.0413e-01  0.0000e+00     8.1055e-02  0.0000e+00     1.4845e-02  0.0000e+00     3.9563e-03  0.0000e+00 
2.9903e-01     2.6811e-01  0.0000e+00     8.0172e-02  0.0000e+00     1.4683e-02  0.0000e+00     4.3907e-03  0.0000e+00 
3.3552e-01     1.2164e+00  0.0000e+00     4.0811e-01  0.0000e+00     7.4744e-02  0.0000e+00     2.5078e-02  0.0000e+00 
3.7646e-01     8.5764e-01  0.0000e+00     3.2287e-01  0.0000e+00     5.9131e-02  0.0000e+00     2.2261e-02  0.0000e+00 
4.2240e-01     4.1531e-01  0.0000e+00     1.7543e-01  0.0000e+00     3.2128e-02  0.0000e+00     1.3571e-02  0.0000e+00 
4.7394e-01     4.1168e-01  0.0000e+00     1.9511e-01  0.0000e+00     3.5733e-02  0.0000e+00     1.6935e-02  0.0000e+00 
5.3176e-01     2.7934e-01  0.0000e+00     1.4855e-01  0.0000e+00     2.7205e-02  0.0000e+00     1.4467e-02  0.0000e+00 
5.9665e-01     1.5281e-01  0.0000e+00     9.1173e-02  0.0000e+00     1.6698e-02  0.0000e+00     9.9627e-03  0.0000e+00 
6.6945e-01     2.1526e-01  0.0000e+00     1.4411e-01  0.0000e+00     2.6392e-02  0.0000e+00     1.7668e-02  0.0000e+00 
7.5114e-01     1.9060e-01  0.0000e+00     1.4317e-01  0.0000e+00     2.6221e-02  0.0000e+00     1.9695e-02  0.0000e+00 
8.4279e-01     1.0193e-01  0.0000e+00     8.5907e-02  0.0000e+00     1.5733e-02  0.0000e+00     1.3260e-02  0.0000e+00 
9.4563e-01     6.2537e-02  0.0000e+00     5.9137e-02  0.0000e+00     1.0831e-02  0.0000e+00     1.0242e-02  0.0000e+00 
1.0610e+00     4.8928e-02  0.0000e+00     5.1914e-02  0.0000e+00     9.5077e-03  0.0000e+00     1.0088e-02  0.0000e+00 
1.1905e+00     2.8161e-02  0.0000e+00     3.3525e-02  0.0000e+00     6.1399e-03  0.0000e+00     7.3093e-03  0.0000e+00 
1.3357e+00     1.6595e-02  0.0000e+00     2.2166e-02  0.0000e+00     4.0596e-03  0.0000e+00     5.4225e-03  0.0000e+00 
1.4987e+00     9.1977e-03  0.0000e+00     1.3785e-02  0.0000e+00     2.5246e-03  0.0000e+00     3.7837e-03  0.0000e+00 
1.6816e+00     4.5250e-03  0.0000e+00     7.6092e-03  0.0000e+00     1.3936e-03  0.0000e+00     2.3434e-03  0.0000e+00 
1.8868e+00     1.9726e-03  0.0000e+00     3.7219e-03  0.0000e+00     6.8165e-04  0.0000e+00     1.2861e-03  0.0000e+00 
2.1170e+00     8.3347e-04  0.0000e+00     1.7645e-03  0.0000e+00     3.2315e-04  0.0000e+00     6.8411e-04  0.0000e+00 
2.3753e+00     2.3214e-04  0.0000e+00     5.5139e-04  0.0000e+00     1.0098e-04  0.0000e+00     2.3987e-04  0.0000e+00 
2.6651e+00     1.1379e-04  0.0000e+00     3.0327e-04  0.0000e+00     5.5541e-05  0.0000e+00     1.4803e-04  0.0000e+00 
2.9903e+00     0.0000e+00  0.0000e+00     0.0000e+00  0.0000e+00     0.0000e+00  0.0000e+00     0.0000e+00  0.0000e+00 
3.3552e+00     8.2170e-06  0.0000e+00     2.7570e-05  0.0000e+00     5.0492e-06  0.0000e+00     1.6941e-05  0.0000e+00 
3.7646e+00     0.0000e+00  0.0000e+00     0.0000e+00  0.0000e+00     0.0000e+00  0.0000e+00     0.0000e+00  0.0000e+00 
4.2240e+00     0.0000e+00  0.0000e+00     0.0000e+00  0.0000e+00     0.0000e+00  0.0000e+00     0.0000e+00  0.0000e+00 
4.7394e+00     0.0000e+00  0.0000e+00     0.0000e+00  0.0000e+00     0.0000e+00  0.0000e+00     0.0000e+00  0.0000e+00 
5.3176e+00     0.0000e+00  0.0000e+00     0.0000e+00  0.0000e+00     0.0000e+00  0.0000e+00     0.0000e+00  0.0000e+00 
5.9665e+00     1.0550e-01  0.0000e+00     6.2947e-01  0.0000e+00     1.1528e-01  0.0000e+00     6.8784e-01  0.0000e+00 
6.6945e+00     2.6653e-02  0.0000e+00     1.7843e-01  0.0000e+00     3.2679e-02  0.0000e+00     2.1877e-01  0.0000e+00 
7.5114e+00     6.9811e-03  0.0000e+00     5.2437e-02  0.0000e+00     9.6036e-03  0.0000e+00     7.2136e-02  0.0000e+00 
8.4279e+00     2.9150e-02  0.0000e+00     2.4567e-01  0.0000e+00     4.4994e-02  0.0000e+00     3.7920e-01  0.0000e+00 
9.4563e+00     1.9187e-02  0.0000e+00     1.8144e-01  0.0000e+00     3.3229e-02  0.0000e+00     3.1422e-01  0.0000e+00 
1.0610e+01     2.9115e-02  0.0000e+00     3.0892e-01  0.0000e+00     5.6577e-02  0.0000e+00     6.0028e-01  0.0000e+00 
1.1905e+01     2.1021e-02  0.0000e+00     2.5025e-01  0.0000e+00     4.5832e-02  0.0000e+00     5.4561e-01  0.0000e+00 
1.3357e+01     1.5777e-02  0.0000e+00     2.1074e-01  0.0000e+00     3.8596e-02  0.0000e+00     5.1554e-01  0.0000e+00 
1.4987e+01     9.7956e-03  0.0000e+00     1.4681e-01  0.0000e+00     2.6887e-02  0.0000e+00     4.0296e-01  0.0000e+00 
1.6816e+01     7.0318e-03  0.0000e+00     1.1825e-01  0.0000e+00     2.1656e-02  0.0000e+00     3.6417e-01  0.0000e+00 
1.8868e+01     5.3729e-03  0.0000e+00     1.0137e-01  0.0000e+00     1.8566e-02  0.0000e+00     3.5030e-01  0.0000e+00 
2.1170e+01     4.9188e-03  0.0000e+00     1.0413e-01  0.0000e+00     1.9071e-02  0.0000e+00     4.0373e-01  0.0000e+00 
2.3753e+01     4.6984e-03  0.0000e+00     1.1160e-01  0.0000e+00     2.0439e-02  0.0000e+00     4.8549e-01  0.0000e+00 
2.6651e+01     3.2047e-03  0.0000e+00     8.5411e-02  0.0000e+00     1.5642e-02  0.0000e+00     4.1689e-01  0.0000e+00 
2.9903e+01     2.1767e-03  0.0000e+00     6.5092e-02  0.0000e+00     1.1921e-02  0.0000e+00     3.5648e-01  0.0000e+00 
3.3552e+01     1.9039e-03  0.0000e+00     6.3879e-02  0.0000e+00     1.1699e-02  0.0000e+00     3.9253e-01  0.0000e+00 
3.7646e+01     1.4456e-03  0.0000e+00     5.4422e-02  0.0000e+00     9.9672e-03  0.0000e+00     3.7522e-01  0.0000e+00 
4.2240e+01     1.0104e-03  0.0000e+00     4.2678e-02  0.0000e+00     7.8162e-03  0.0000e+00     3.3015e-01  0.0000e+00 
4.7394e+01     7.6379e-04  0.0000e+00     3.6199e-02  0.0000e+00     6.6296e-03  0.0000e+00     3.1420e-01  0.0000e+00 
5.3176e+01     4.8476e-04  0.0000e+00     2.5778e-02  0.0000e+00     4.7210e-03  0.0000e+00     2.5105e-01  0.0000e+00 
5.9665e+01     3.1652e-04  0.0000e+00     1.8885e-02  0.0000e+00     3.4587e-03  0.0000e+00     2.0636e-01  0.0000e+00 
6.6945e+01     1.9356e-04  0.0000e+00     1.2958e-02  0.0000e+00     2.3731e-03  0.0000e+00     1.5887e-01  0.0000e+00 
7.5114e+01     1.0387e-04  0.0000e+00     7.8022e-03  0.0000e+00     1.4289e-03  0.0000e+00     1.0733e-01  0.0000e+00 
8.4279e+01     5.0377e-05  0.0000e+00     4.2457e-03  0.0000e+00     7.7758e-04  0.0000e+00     6.5534e-02  0.0000e+00 
9.4563e+01     2.7697e-05  0.0000e+00     2.6191e-03  0.0000e+00     4.7968e-04  0.0000e+00     4.5359e-02  0.0000e+00 
1.0610e+02     1.1953e-05  0.0000e+00     1.2682e-03  0.0000e+00     2.3226e-04  0.0000e+00     2.4643e-02  0.0000e+00 
1.1905e+02     5.5581e-06  0.0000e+00     6.6167e-04  0.0000e+00     1.2118e-04  0.0000e+00     1.4426e-02  0.0000e+00 
1.3357e+02     2.0640e-06  0.0000e+00     2.7570e-04  0.0000e+00     5.0492e-05  0.0000e+00     6.7444e-03  0.0000e+00 
1.4987e+02     7.3582e-07  0.0000e+00     1.1028e-04  0.0000e+00     2.0197e-05  0.0000e+00     3.0269e-03  0.0000e+00 
1.6816e+02     1.6395e-07  0.0000e+00     2.7570e-05  0.0000e+00     5.0492e-06  0.0000e+00     8.4907e-04  0.0000e+00 
1.8868e+02     0.0000e+00  0.0000e+00     0.0000e+00  0.0000e+00     0.0000e+00  0.0000e+00     0.0000e+00  0.0000e+00 
2.1170e+02     0.0000e+00  0.0000e+00     0.0000e+00  0.0000e+00     0.0000e+00  0.0000e+00     0.0000e+00  0.0000e+00 
2.3753e+02     0.0000e+00  0.0000e+00     0.0000e+00  0.0000e+00     0.0000e+00  0.0000e+00     0.0000e+00  0.0000e+00 
2.6651e+02     0.0000e+00  0.0000e+00     0.0000e+00  0.0000e+00     0.0000e+00  0.0000e+00     0.0000e+00  0.0000e+00 
2.9903e+02     0.0000e+00  0.0000e+00     0.0000e+00  0.0000e+00     0.0000e+00  0.0000e+00     0.0000e+00  0.0000e+00 
3.3552e+02     0.0000e+00  0.0000e+00     0.0000e+00  0.0000e+00     0.0000e+00  0.0000e+00     0.0000e+00  0.0000e+00 
3.7646e+02     0.0000e+00  0.0000e+00     0.0000e+00  0.0000e+00     0.0000e+00  0.0000e+00     0.0000e+00  0.0000e+00 
4.2240e+02     0.0000e+00  0.0000e+00     0.0000e+00  0.0000e+00     0.0000e+00  0.0000e+00     0.0000e+00  0.0000e+00 
4.7394e+02     0.0000e+00  0.0000e+00     0.0000e+00  0.0000e+00     0.0000e+00  0.0000e+00     0.0000e+00  0.0000e+00 
5.3176e+02     0.0000e+00  0.0000e+00     0.0000e+00  0.0000e+00     0.0000e+00  0.0000e+00     0.0000e+00  0.0000e+00 
5.9665e+02     0.0000e+00  0.0000e+00     0.0000e+00  0.0000e+00     0.0000e+00  0.0000e+00     0.0000e+00  0.0000e+00 
6.6945e+02     0.0000e+00  0.0000e+00     0.0000e+00  0.0000e+00     0.0000e+00  0.0000e+00     0.0000e+00  0.0000e+00 
7.5114e+02     0.0000e+00  0.0000e+00     0.0000e+00  0.0000e+00     0.0000e+00  0.0000e+00     0.0000e+00  0.0000e+00 
8.4279e+02     0.0000e+00  0.0000e+00     0.0000e+00  0.0000e+00     0.0000e+00  0.0000e+00     0.0000e+00  0.0000e+00 
9.4563e+02     0.0000e+00  0.0000e+00     0.0000e+00  0.0000e+00     0.0000e+00  0.0000e+00     0.0000e+00  0.0000e+00 
1.0610e+03     0.0000e+00  0.0000e+00     0.0000e+00  0.0000e+00     0.0000e+00  0.0000e+00     0.0000e+00  0.0000e+00 
1.1905e+03     0.0000e+00  0.0000e+00     0.0000e+00  0.0000e+00     0.0000e+00  0.0000e+00     0.0000e+00  0.0000e+00 
1.3357e+03     0.0000e+00  0.0000e+00     0.0000e+00  0.0000e+00     0.0000e+00  0.0000e+00     0.0000e+00  0.0000e+00 
1.4987e+03     0.0000e+00  0.0000e+00     0.0000e+00  0.0000e+00     0.0000e+00  0.0000e+00     0.0000e+00  0.0000e+00 
1.6816e+03     0.0000e+00  0.0000e+00     0.0000e+00  0.0000e+00     0.0000e+00  0.0000e+00     0.0000e+00  0.0000e+00 
1.8868e+03     0.0000e+00  0.0000e+00     0.0000e+00  0.0000e+00     0.0000e+00  0.0000e+00     0.0000e+00  0.0000e+00 
2.1170e+03     0.0000e+00  0.0000e+00     0.0000e+00  0.0000e+00     0.0000e+00  0.0000e+00     0.0000e+00  0.0000e+00 
2.3753e+03     0.0000e+00  0.0000e+00     0.0000e+00  0.0000e+00     0.0000e+00  0.0000e+00     0.0000e+00  0.0000e+00 
2.6651e+03     0.0000e+00  0.0000e+00     0.0000e+00  0.0000e+00     0.0000e+00  0.0000e+00     0.0000e+00  0.0000e+00 
2.9903e+03     0.0000e+00  0.0000e+00     0.0000e+00  0.0000e+00     0.0000e+00  0.0000e+00     0.0000e+00  0.0000e+00 
3.3552e+03     0.0000e+00  0.0000e+00     0.0000e+00  0.0000e+00     0.0000e+00  0.0000e+00     0.0000e+00  0.0000e+00 
3.7646e+03     0.0000e+00  0.0000e+00     0.0000e+00  0.0000e+00     0.0000e+00  0.0000e+00     0.0000e+00  0.0000e+00 
4.2240e+03     0.0000e+00  0.0000e+00     0.0000e+00  0.0000e+00     0.0000e+00  0.0000e+00     0.0000e+00  0.0000e+00 
4.7394e+03     0.0000e+00  0.0000e+00     0.0000e+00  0.0000e+00     0.0000e+00  0.0000e+00     0.0000e+00  0.0000e+00 
5.3176e+03     0.0000e+00  0.0000e+00     0.0000e+00  0.0000e+00     0.0000e+00  0.0000e+00     0.0000e+00  0.0000e+00 
5.9665e+03     0.0000e+00  0.0000e+00     0.0000e+00  0.0000e+00     0.0000e+00  0.0000e+00     0.0000e+00  0.0000e+00 
6.6945e+03     0.0000e+00  0.0000e+00     0.0000e+00  0.0000e+00     0.0000e+00  0.0000e+00     0.0000e+00  0.0000e+00 
7.5114e+03     0.0000e+00  0.0000e+00     0.0000e+00  0.0000e+00     0.0000e+00  0.0000e+00     0.0000e+00  0.0000e+00 
8.4279e+03     0.0000e+00  0.0000e+00     0.0000e+00  0.0000e+00     0.0000e+00  0.0000e+00     0.0000e+00  0.0000e+00 
9.4563e+03     0.0000e+00  0.0000e+00     0.0000e+00  0.0000e+00     0.0000e+00  0.0000e+00     0.0000e+00  0.0000e+00 
