yF = 7.3013e+00 (std: 0.0000e+00) keV/um
yD = 2.3964e+01 (std: 0.0000e+00) keV/um
y (keV/um)     f(y)(std)                  yf(y)(std)                 d(y)(std)                  yd(y)(std)  
1.0610e-01     2.1292e+01  0.0000e+00     2.2591e+00  0.0000e+00     3.0941e-01  0.0000e+00     3.2829e-02  0.0000e+00 
1.1905e-01     1.5716e+00  0.0000e+00     1.8710e-01  0.0000e+00     2.5625e-02  0.0000e+00     3.0506e-03  0.0000e+00 
1.3357e-01     4.7279e-01  0.0000e+00     6.3151e-02  0.0000e+00     8.6494e-03  0.0000e+00     1.1553e-03  0.0000e+00 
1.4987e-01     2.2924e+00  0.0000e+00     3.4357e-01  0.0000e+00     4.7056e-02  0.0000e+00     7.0523e-03  0.0000e+00 
1.6816e-01     7.0632e-01  0.0000e+00     1.1877e-01  0.0000e+00     1.6268e-02  0.0000e+00     2.7355e-03  0.0000e+00 
1.8868e-01     4.8781e-01  0.0000e+00     9.2038e-02  0.0000e+00     1.2606e-02  0.0000e+00     2.3784e-03  0.0000e+00 
2.1170e-01     5.1315e-01  0.0000e+00     1.0863e-01  0.0000e+00     1.4879e-02  0.0000e+00     3.1498e-03  0.0000e+00 
2.3753e-01     4.7438e-01  0.0000e+00     1.1268e-01  0.0000e+00     1.5433e-02  0.0000e+00     3.6657e-03  0.0000e+00 
2.6651e-01     2.0890e-01  0.0000e+00     5.5674e-02  0.0000e+00     7.6252e-03  0.0000e+00     2.0322e-03  0.0000e+00 
2.9903e-01     1.7676e-01  0.0000e+00     5.2857e-02  0.0000e+00     7.2394e-03  0.0000e+00     2.1648e-03  0.0000e+00 
3.3552e-01     1.0538e+00  0.0000e+00     3.5356e-01  0.0000e+00     4.8424e-02  0.0000e+00     1.6247e-02  0.0000e+00 
3.7646e-01     6.7658e-01  0.0000e+00     2.5471e-01  0.0000e+00     3.4885e-02  0.0000e+00     1.3133e-02  0.0000e+00 
4.2240e-01     3.0423e-01  0.0000e+00     1.2851e-01  0.0000e+00     1.7600e-02  0.0000e+00     7.4343e-03  0.0000e+00 
4.7394e-01     3.0065e-01  0.0000e+00     1.4249e-01  0.0000e+00     1.9515e-02  0.0000e+00     9.2490e-03  0.0000e+00 
5.3176e-01     1.8907e-01  0.0000e+00     1.0054e-01  0.0000e+00     1.3770e-02  0.0000e+00     7.3225e-03  0.0000e+00 
5.9665e-01     1.0112e-01  0.0000e+00     6.0334e-02  0.0000e+00     8.2635e-03  0.0000e+00     4.9304e-03  0.0000e+00 
6.6945e-01     1.5921e-01  0.0000e+00     1.0658e-01  0.0000e+00     1.4598e-02  0.0000e+00     9.7726e-03  0.0000e+00 
7.5114e-01     1.3071e-01  0.0000e+00     9.8184e-02  0.0000e+00     1.3448e-02  0.0000e+00     1.0101e-02  0.0000e+00 
8.4279e-01     6.3324e-02  0.0000e+00     5.3369e-02  0.0000e+00     7.3095e-03  0.0000e+00     6.1604e-03  0.0000e+00 
9.4563e-01     3.9430e-02  0.0000e+00     3.7286e-02  0.0000e+00     5.1068e-03  0.0000e+00     4.8292e-03  0.0000e+00 
1.0610e+00     2.8674e-02  0.0000e+00     3.0423e-02  0.0000e+00     4.1668e-03  0.0000e+00     4.4211e-03  0.0000e+00 
1.1905e+00     1.6349e-02  0.0000e+00     1.9463e-02  0.0000e+00     2.6657e-03  0.0000e+00     3.1734e-03  0.0000e+00 
1.3357e+00     9.0109e-03  0.0000e+00     1.2036e-02  0.0000e+00     1.6485e-03  0.0000e+00     2.2020e-03  0.0000e+00 
1.4987e+00     4.5110e-03  0.0000e+00     6.7607e-03  0.0000e+00     9.2596e-04  0.0000e+00     1.3878e-03  0.0000e+00 
1.6816e+00     2.2843e-03  0.0000e+00     3.8413e-03  0.0000e+00     5.2612e-04  0.0000e+00     8.8471e-04  0.0000e+00 
1.8868e+00     8.4152e-04  0.0000e+00     1.5877e-03  0.0000e+00     2.1746e-04  0.0000e+00     4.1030e-04  0.0000e+00 
2.1170e+00     4.3549e-04  0.0000e+00     9.2192e-04  0.0000e+00     1.2627e-04  0.0000e+00     2.6731e-04  0.0000e+00 
2.3753e+00     1.9406e-04  0.0000e+00     4.6096e-04  0.0000e+00     6.3134e-05  0.0000e+00     1.4996e-04  0.0000e+00 
2.6651e+00     7.6871e-05  0.0000e+00     2.0487e-04  0.0000e+00     2.8060e-05  0.0000e+00     7.4782e-05  0.0000e+00 
2.9903e+00     0.0000e+00  0.0000e+00     0.0000e+00  0.0000e+00     0.0000e+00  0.0000e+00     0.0000e+00  0.0000e+00 
3.3552e+00     0.0000e+00  0.0000e+00     0.0000e+00  0.0000e+00     0.0000e+00  0.0000e+00     0.0000e+00  0.0000e+00 
3.7646e+00     0.0000e+00  0.0000e+00     0.0000e+00  0.0000e+00     0.0000e+00  0.0000e+00     0.0000e+00  0.0000e+00 
4.2240e+00     0.0000e+00  0.0000e+00     0.0000e+00  0.0000e+00     0.0000e+00  0.0000e+00     0.0000e+00  0.0000e+00 
4.7394e+00     0.0000e+00  0.0000e+00     0.0000e+00  0.0000e+00     0.0000e+00  0.0000e+00     0.0000e+00  0.0000e+00 
5.3176e+00     0.0000e+00  0.0000e+00     0.0000e+00  0.0000e+00     0.0000e+00  0.0000e+00     0.0000e+00  0.0000e+00 
5.9665e+00     6.5635e-02  0.0000e+00     3.9161e-01  0.0000e+00     5.3636e-02  0.0000e+00     3.2002e-01  0.0000e+00 
6.6945e+00     1.7145e-02  0.0000e+00     1.1478e-01  0.0000e+00     1.5720e-02  0.0000e+00     1.0524e-01  0.0000e+00 
7.5114e+00     6.6482e-03  0.0000e+00     4.9937e-02  0.0000e+00     6.8395e-03  0.0000e+00     5.1374e-02  0.0000e+00 
8.4279e+00     4.5147e-02  0.0000e+00     3.8050e-01  0.0000e+00     5.2114e-02  0.0000e+00     4.3921e-01  0.0000e+00 
9.4563e+00     2.4276e-02  0.0000e+00     2.2956e-01  0.0000e+00     3.1441e-02  0.0000e+00     2.9731e-01  0.0000e+00 
1.0610e+01     4.1003e-02  0.0000e+00     4.3504e-01  0.0000e+00     5.9584e-02  0.0000e+00     6.3220e-01  0.0000e+00 
1.1905e+01     2.9204e-02  0.0000e+00     3.4767e-01  0.0000e+00     4.7617e-02  0.0000e+00     5.6687e-01  0.0000e+00 
1.3357e+01     3.9962e-02  0.0000e+00     5.3379e-01  0.0000e+00     7.3109e-02  0.0000e+00     9.7654e-01  0.0000e+00 
1.4987e+01     1.5310e-02  0.0000e+00     2.2946e-01  0.0000e+00     3.1427e-02  0.0000e+00     4.7100e-01  0.0000e+00 
1.6816e+01     1.0255e-02  0.0000e+00     1.7245e-01  0.0000e+00     2.3619e-02  0.0000e+00     3.9718e-01  0.0000e+00 
1.8868e+01     7.8044e-03  0.0000e+00     1.4725e-01  0.0000e+00     2.0168e-02  0.0000e+00     3.8052e-01  0.0000e+00 
2.1170e+01     7.7420e-03  0.0000e+00     1.6390e-01  0.0000e+00     2.2448e-02  0.0000e+00     4.7521e-01  0.0000e+00 
2.3753e+01     5.7119e-03  0.0000e+00     1.3568e-01  0.0000e+00     1.8582e-02  0.0000e+00     4.4139e-01  0.0000e+00 
2.6651e+01     3.8993e-03  0.0000e+00     1.0392e-01  0.0000e+00     1.4233e-02  0.0000e+00     3.7933e-01  0.0000e+00 
2.9903e+01     4.0113e-03  0.0000e+00     1.1995e-01  0.0000e+00     1.6429e-02  0.0000e+00     4.9128e-01  0.0000e+00 
3.3552e+01     2.3340e-03  0.0000e+00     7.8312e-02  0.0000e+00     1.0726e-02  0.0000e+00     3.5987e-01  0.0000e+00 
3.7646e+01     1.8394e-03  0.0000e+00     6.9246e-02  0.0000e+00     9.4841e-03  0.0000e+00     3.5704e-01  0.0000e+00 
4.2240e+01     1.2720e-03  0.0000e+00     5.3727e-02  0.0000e+00     7.3586e-03  0.0000e+00     3.1082e-01  0.0000e+00 
4.7394e+01     9.5317e-04  0.0000e+00     4.5174e-02  0.0000e+00     6.1871e-03  0.0000e+00     2.9323e-01  0.0000e+00 
5.3176e+01     5.6827e-04  0.0000e+00     3.0218e-02  0.0000e+00     4.1388e-03  0.0000e+00     2.2009e-01  0.0000e+00 
5.9665e+01     3.8114e-04  0.0000e+00     2.2741e-02  0.0000e+00     3.1146e-03  0.0000e+00     1.8583e-01  0.0000e+00 
6.6945e+01     2.1957e-04  0.0000e+00     1.4699e-02  0.0000e+00     2.0133e-03  0.0000e+00     1.3478e-01  0.0000e+00 
7.5114e+01     1.3024e-04  0.0000e+00     9.7826e-03  0.0000e+00     1.3398e-03  0.0000e+00     1.0064e-01  0.0000e+00 
8.4279e+01     6.1379e-05  0.0000e+00     5.1730e-03  0.0000e+00     7.0850e-04  0.0000e+00     5.9712e-02  0.0000e+00 
9.4563e+01     3.6289e-05  0.0000e+00     3.4316e-03  0.0000e+00     4.7000e-04  0.0000e+00     4.4444e-02  0.0000e+00 
1.0610e+02     1.2551e-05  0.0000e+00     1.3317e-03  0.0000e+00     1.8239e-04  0.0000e+00     1.9351e-02  0.0000e+00 
1.1905e+02     7.7441e-06  0.0000e+00     9.2192e-04  0.0000e+00     1.2627e-04  0.0000e+00     1.5032e-02  0.0000e+00 
1.3357e+02     2.6841e-06  0.0000e+00     3.5852e-04  0.0000e+00     4.9104e-05  0.0000e+00     6.5590e-03  0.0000e+00 
1.4987e+02     3.4174e-07  0.0000e+00     5.1218e-05  0.0000e+00     7.0149e-06  0.0000e+00     1.0513e-03  0.0000e+00 
1.6816e+02     0.0000e+00  0.0000e+00     0.0000e+00  0.0000e+00     0.0000e+00  0.0000e+00     0.0000e+00  0.0000e+00 
1.8868e+02     0.0000e+00  0.0000e+00     0.0000e+00  0.0000e+00     0.0000e+00  0.0000e+00     0.0000e+00  0.0000e+00 
2.1170e+02     0.0000e+00  0.0000e+00     0.0000e+00  0.0000e+00     0.0000e+00  0.0000e+00     0.0000e+00  0.0000e+00 
2.3753e+02     0.0000e+00  0.0000e+00     0.0000e+00  0.0000e+00     0.0000e+00  0.0000e+00     0.0000e+00  0.0000e+00 
2.6651e+02     0.0000e+00  0.0000e+00     0.0000e+00  0.0000e+00     0.0000e+00  0.0000e+00     0.0000e+00  0.0000e+00 
2.9903e+02     0.0000e+00  0.0000e+00     0.0000e+00  0.0000e+00     0.0000e+00  0.0000e+00     0.0000e+00  0.0000e+00 
3.3552e+02     0.0000e+00  0.0000e+00     0.0000e+00  0.0000e+00     0.0000e+00  0.0000e+00     0.0000e+00  0.0000e+00 
3.7646e+02     0.0000e+00  0.0000e+00     0.0000e+00  0.0000e+00     0.0000e+00  0.0000e+00     0.0000e+00  0.0000e+00 
4.2240e+02     0.0000e+00  0.0000e+00     0.0000e+00  0.0000e+00     0.0000e+00  0.0000e+00     0.0000e+00  0.0000e+00 
4.7394e+02     0.0000e+00  0.0000e+00     0.0000e+00  0.0000e+00     0.0000e+00  0.0000e+00     0.0000e+00  0.0000e+00 
5.3176e+02     0.0000e+00  0.0000e+00     0.0000e+00  0.0000e+00     0.0000e+00  0.0000e+00     0.0000e+00  0.0000e+00 
5.9665e+02     0.0000e+00  0.0000e+00     0.0000e+00  0.0000e+00     0.0000e+00  0.0000e+00     0.0000e+00  0.0000e+00 
6.6945e+02     0.0000e+00  0.0000e+00     0.0000e+00  0.0000e+00     0.0000e+00  0.0000e+00     0.0000e+00  0.0000e+00 
7.5114e+02     0.0000e+00  0.0000e+00     0.0000e+00  0.0000e+00     0.0000e+00  0.0000e+00     0.0000e+00  0.0000e+00 
8.4279e+02     0.0000e+00  0.0000e+00     0.0000e+00  0.0000e+00     0.0000e+00  0.0000e+00     0.0000e+00  0.0000e+00 
9.4563e+02     0.0000e+00  0.0000e+00     0.0000e+00  0.0000e+00     0.0000e+00  0.0000e+00     0.0000e+00  0.0000e+00 
1.0610e+03     0.0000e+00  0.0000e+00     0.0000e+00  0.0000e+00     0.0000e+00  0.0000e+00     0.0000e+00  0.0000e+00 
1.1905e+03     0.0000e+00  0.0000e+00     0.0000e+00  0.0000e+00     0.0000e+00  0.0000e+00     0.0000e+00  0.0000e+00 
1.3357e+03     0.0000e+00  0.0000e+00     0.0000e+00  0.0000e+00     0.0000e+00  0.0000e+00     0.0000e+00  0.0000e+00 
1.4987e+03     0.0000e+00  0.0000e+00     0.0000e+00  0.0000e+00     0.0000e+00  0.0000e+00     0.0000e+00  0.0000e+00 
1.6816e+03     0.0000e+00  0.0000e+00     0.0000e+00  0.0000e+00     0.0000e+00  0.0000e+00     0.0000e+00  0.0000e+00 
1.8868e+03     0.0000e+00  0.0000e+00     0.0000e+00  0.0000e+00     0.0000e+00  0.0000e+00     0.0000e+00  0.0000e+00 
2.1170e+03     0.0000e+00  0.0000e+00     0.0000e+00  0.0000e+00     0.0000e+00  0.0000e+00     0.0000e+00  0.0000e+00 
2.3753e+03     0.0000e+00  0.0000e+00     0.0000e+00  0.0000e+00     0.0000e+00  0.0000e+00     0.0000e+00  0.0000e+00 
2.6651e+03     0.0000e+00  0.0000e+00     0.0000e+00  0.0000e+00     0.0000e+00  0.0000e+00     0.0000e+00  0.0000e+00 
2.9903e+03     0.0000e+00  0.0000e+00     0.0000e+00  0.0000e+00     0.0000e+00  0.0000e+00     0.0000e+00  0.0000e+00 
3.3552e+03     0.0000e+00  0.0000e+00     0.0000e+00  0.0000e+00     0.0000e+00  0.0000e+00     0.0000e+00  0.0000e+00 
3.7646e+03     0.0000e+00  0.0000e+00     0.0000e+00  0.0000e+00     0.0000e+00  0.0000e+00     0.0000e+00  0.0000e+00 
4.2240e+03     0.0000e+00  0.0000e+00     0.0000e+00  0.0000e+00     0.0000e+00  0.0000e+00     0.0000e+00  0.0000e+00 
4.7394e+03     0.0000e+00  0.0000e+00     0.0000e+00  0.0000e+00     0.0000e+00  0.0000e+00     0.0000e+00  0.0000e+00 
5.3176e+03     0.0000e+00  0.0000e+00     0.0000e+00  0.0000e+00     0.0000e+00  0.0000e+00     0.0000e+00  0.0000e+00 
5.9665e+03     0.0000e+00  0.0000e+00     0.0000e+00  0.0000e+00     0.0000e+00  0.0000e+00     0.0000e+00  0.0000e+00 
6.6945e+03     0.0000e+00  0.0000e+00     0.0000e+00  0.0000e+00     0.0000e+00  0.0000e+00     0.0000e+00  0.0000e+00 
7.5114e+03     0.0000e+00  0.0000e+00     0.0000e+00  0.0000e+00     0.0000e+00  0.0000e+00     0.0000e+00  0.0000e+00 
8.4279e+03     0.0000e+00  0.0000e+00     0.0000e+00  0.0000e+00     0.0000e+00  0.0000e+00     0.0000e+00  0.0000e+00 
9.4563e+03     0.0000e+00  0.0000e+00     0.0000e+00  0.0000e+00     0.0000e+00  0.0000e+00     0.0000e+00  0.0000e+00 
