yF = 4.2020e+00 (std: 0.0000e+00) keV/um
yD = 1.8886e+01 (std: 0.0000e+00) keV/um
y (keV/um)     f(y)(std)                  yf(y)(std)                 d(y)(std)                  yd(y)(std)  
1.0610e-01     2.6188e+01  0.0000e+00     2.7786e+00  0.0000e+00     6.6126e-01  0.0000e+00     7.0160e-02  0.0000e+00 
1.1905e-01     1.8991e+00  0.0000e+00     2.2608e-01  0.0000e+00     5.3803e-02  0.0000e+00     6.4051e-03  0.0000e+00 
1.3357e-01     5.2913e-01  0.0000e+00     7.0677e-02  0.0000e+00     1.6820e-02  0.0000e+00     2.2467e-03  0.0000e+00 
1.4987e-01     2.8442e+00  0.0000e+00     4.2626e-01  0.0000e+00     1.0144e-01  0.0000e+00     1.5203e-02  0.0000e+00 
1.6816e-01     8.8759e-01  0.0000e+00     1.4926e-01  0.0000e+00     3.5521e-02  0.0000e+00     5.9731e-03  0.0000e+00 
1.8868e-01     6.3518e-01  0.0000e+00     1.1984e-01  0.0000e+00     2.8521e-02  0.0000e+00     5.3813e-03  0.0000e+00 
2.1170e-01     6.3765e-01  0.0000e+00     1.3499e-01  0.0000e+00     3.2125e-02  0.0000e+00     6.8009e-03  0.0000e+00 
2.3753e-01     6.1358e-01  0.0000e+00     1.4574e-01  0.0000e+00     3.4685e-02  0.0000e+00     8.2387e-03  0.0000e+00 
2.6651e-01     2.6766e-01  0.0000e+00     7.1336e-02  0.0000e+00     1.6977e-02  0.0000e+00     4.5245e-03  0.0000e+00 
2.9903e-01     2.1360e-01  0.0000e+00     6.3873e-02  0.0000e+00     1.5201e-02  0.0000e+00     4.5455e-03  0.0000e+00 
3.3552e-01     1.3653e+00  0.0000e+00     4.5808e-01  0.0000e+00     1.0902e-01  0.0000e+00     3.6577e-02  0.0000e+00 
3.7646e-01     8.8273e-01  0.0000e+00     3.3231e-01  0.0000e+00     7.9086e-02  0.0000e+00     2.9773e-02  0.0000e+00 
4.2240e-01     3.7934e-01  0.0000e+00     1.6023e-01  0.0000e+00     3.8132e-02  0.0000e+00     1.6107e-02  0.0000e+00 
4.7394e-01     3.5893e-01  0.0000e+00     1.7011e-01  0.0000e+00     4.0483e-02  0.0000e+00     1.9186e-02  0.0000e+00 
5.3176e-01     2.4106e-01  0.0000e+00     1.2818e-01  0.0000e+00     3.0506e-02  0.0000e+00     1.6222e-02  0.0000e+00 
5.9665e-01     1.2177e-01  0.0000e+00     7.2653e-02  0.0000e+00     1.7290e-02  0.0000e+00     1.0316e-02  0.0000e+00 
6.6945e-01     2.0558e-01  0.0000e+00     1.3762e-01  0.0000e+00     3.2752e-02  0.0000e+00     2.1926e-02  0.0000e+00 
7.5114e-01     1.7825e-01  0.0000e+00     1.3389e-01  0.0000e+00     3.1864e-02  0.0000e+00     2.3934e-02  0.0000e+00 
8.4279e-01     7.5266e-02  0.0000e+00     6.3434e-02  0.0000e+00     1.5096e-02  0.0000e+00     1.2723e-02  0.0000e+00 
9.4563e-01     5.6636e-02  0.0000e+00     5.3557e-02  0.0000e+00     1.2746e-02  0.0000e+00     1.2053e-02  0.0000e+00 
1.0610e+00     3.5996e-02  0.0000e+00     3.8192e-02  0.0000e+00     9.0891e-03  0.0000e+00     9.6436e-03  0.0000e+00 
1.1905e+00     2.1203e-02  0.0000e+00     2.5242e-02  0.0000e+00     6.0072e-03  0.0000e+00     7.1514e-03  0.0000e+00 
1.3357e+00     1.2489e-02  0.0000e+00     1.6682e-02  0.0000e+00     3.9700e-03  0.0000e+00     5.3028e-03  0.0000e+00 
1.4987e+00     4.8330e-03  0.0000e+00     7.2433e-03  0.0000e+00     1.7238e-03  0.0000e+00     2.5835e-03  0.0000e+00 
1.6816e+00     1.6969e-03  0.0000e+00     2.8534e-03  0.0000e+00     6.7907e-04  0.0000e+00     1.1419e-03  0.0000e+00 
1.8868e+00     8.1433e-04  0.0000e+00     1.5365e-03  0.0000e+00     3.6565e-04  0.0000e+00     6.8990e-04  0.0000e+00 
2.1170e+00     6.2209e-04  0.0000e+00     1.3170e-03  0.0000e+00     3.1342e-04  0.0000e+00     6.6350e-04  0.0000e+00 
2.3753e+00     9.2407e-05  0.0000e+00     2.1949e-04  0.0000e+00     5.2236e-05  0.0000e+00     1.2408e-04  0.0000e+00 
2.6651e+00     0.0000e+00  0.0000e+00     0.0000e+00  0.0000e+00     0.0000e+00  0.0000e+00     0.0000e+00  0.0000e+00 
2.9903e+00     0.0000e+00  0.0000e+00     0.0000e+00  0.0000e+00     0.0000e+00  0.0000e+00     0.0000e+00  0.0000e+00 
3.3552e+00     0.0000e+00  0.0000e+00     0.0000e+00  0.0000e+00     0.0000e+00  0.0000e+00     0.0000e+00  0.0000e+00 
3.7646e+00     0.0000e+00  0.0000e+00     0.0000e+00  0.0000e+00     0.0000e+00  0.0000e+00     0.0000e+00  0.0000e+00 
4.2240e+00     0.0000e+00  0.0000e+00     0.0000e+00  0.0000e+00     0.0000e+00  0.0000e+00     0.0000e+00  0.0000e+00 
4.7394e+00     0.0000e+00  0.0000e+00     0.0000e+00  0.0000e+00     0.0000e+00  0.0000e+00     0.0000e+00  0.0000e+00 
5.3176e+00     0.0000e+00  0.0000e+00     0.0000e+00  0.0000e+00     0.0000e+00  0.0000e+00     0.0000e+00  0.0000e+00 
5.9665e+00     1.0238e-01  0.0000e+00     6.1085e-01  0.0000e+00     1.4537e-01  0.0000e+00     8.6737e-01  0.0000e+00 
6.6945e+00     2.1967e-02  0.0000e+00     1.4706e-01  0.0000e+00     3.4998e-02  0.0000e+00     2.3430e-01  0.0000e+00 
7.5114e+00     6.1073e-03  0.0000e+00     4.5874e-02  0.0000e+00     1.0917e-02  0.0000e+00     8.2004e-02  0.0000e+00 
8.4279e+00     2.6669e-02  0.0000e+00     2.2476e-01  0.0000e+00     5.3490e-02  0.0000e+00     4.5081e-01  0.0000e+00 
9.4563e+00     1.7571e-02  0.0000e+00     1.6616e-01  0.0000e+00     3.9543e-02  0.0000e+00     3.7393e-01  0.0000e+00 
1.0610e+01     3.9823e-02  0.0000e+00     4.2253e-01  0.0000e+00     1.0055e-01  0.0000e+00     1.0669e+00  0.0000e+00 
1.1905e+01     1.9120e-02  0.0000e+00     2.2762e-01  0.0000e+00     5.4169e-02  0.0000e+00     6.4487e-01  0.0000e+00 
1.3357e+01     1.4000e-02  0.0000e+00     1.8701e-01  0.0000e+00     4.4505e-02  0.0000e+00     5.9447e-01  0.0000e+00 
1.4987e+01     8.3772e-03  0.0000e+00     1.2555e-01  0.0000e+00     2.9879e-02  0.0000e+00     4.4780e-01  0.0000e+00 
1.6816e+01     5.1689e-03  0.0000e+00     8.6920e-02  0.0000e+00     2.0686e-02  0.0000e+00     3.4785e-01  0.0000e+00 
1.8868e+01     3.9437e-03  0.0000e+00     7.4409e-02  0.0000e+00     1.7708e-02  0.0000e+00     3.3411e-01  0.0000e+00 
2.1170e+01     3.5459e-03  0.0000e+00     7.5067e-02  0.0000e+00     1.7865e-02  0.0000e+00     3.7820e-01  0.0000e+00 
2.3753e+01     3.2804e-03  0.0000e+00     7.7920e-02  0.0000e+00     1.8544e-02  0.0000e+00     4.4047e-01  0.0000e+00 
2.6651e+01     2.1413e-03  0.0000e+00     5.7068e-02  0.0000e+00     1.3581e-02  0.0000e+00     3.6196e-01  0.0000e+00 
2.9903e+01     1.3065e-03  0.0000e+00     3.9070e-02  0.0000e+00     9.2980e-03  0.0000e+00     2.7804e-01  0.0000e+00 
3.3552e+01     1.0402e-03  0.0000e+00     3.4900e-02  0.0000e+00     8.3056e-03  0.0000e+00     2.7867e-01  0.0000e+00 
3.7646e+01     8.3959e-04  0.0000e+00     3.1607e-02  0.0000e+00     7.5220e-03  0.0000e+00     2.8317e-01  0.0000e+00 
4.2240e+01     5.1445e-04  0.0000e+00     2.1730e-02  0.0000e+00     5.1714e-03  0.0000e+00     2.1844e-01  0.0000e+00 
4.7394e+01     3.8440e-04  0.0000e+00     1.8218e-02  0.0000e+00     4.3356e-03  0.0000e+00     2.0548e-01  0.0000e+00 
5.3176e+01     2.6830e-04  0.0000e+00     1.4267e-02  0.0000e+00     3.3954e-03  0.0000e+00     1.8055e-01  0.0000e+00 
5.9665e+01     1.3611e-04  0.0000e+00     8.1213e-03  0.0000e+00     1.9327e-03  0.0000e+00     1.1532e-01  0.0000e+00 
6.6945e+01     5.9017e-05  0.0000e+00     3.9509e-03  0.0000e+00     9.4025e-04  0.0000e+00     6.2945e-02  0.0000e+00 
7.5114e+01     3.7988e-05  0.0000e+00     2.8534e-03  0.0000e+00     6.7907e-04  0.0000e+00     5.1008e-02  0.0000e+00 
8.4279e+01     1.5626e-05  0.0000e+00     1.3170e-03  0.0000e+00     3.1342e-04  0.0000e+00     2.6414e-02  0.0000e+00 
9.4563e+01     6.9635e-06  0.0000e+00     6.5848e-04  0.0000e+00     1.5671e-04  0.0000e+00     1.4819e-02  0.0000e+00 
1.0610e+02     0.0000e+00  0.0000e+00     0.0000e+00  0.0000e+00     0.0000e+00  0.0000e+00     0.0000e+00  0.0000e+00 
1.1905e+02     0.0000e+00  0.0000e+00     0.0000e+00  0.0000e+00     0.0000e+00  0.0000e+00     0.0000e+00  0.0000e+00 
1.3357e+02     0.0000e+00  0.0000e+00     0.0000e+00  0.0000e+00     0.0000e+00  0.0000e+00     0.0000e+00  0.0000e+00 
1.4987e+02     0.0000e+00  0.0000e+00     0.0000e+00  0.0000e+00     0.0000e+00  0.0000e+00     0.0000e+00  0.0000e+00 
1.6816e+02     0.0000e+00  0.0000e+00     0.0000e+00  0.0000e+00     0.0000e+00  0.0000e+00     0.0000e+00  0.0000e+00 
1.8868e+02     0.0000e+00  0.0000e+00     0.0000e+00  0.0000e+00     0.0000e+00  0.0000e+00     0.0000e+00  0.0000e+00 
2.1170e+02     0.0000e+00  0.0000e+00     0.0000e+00  0.0000e+00     0.0000e+00  0.0000e+00     0.0000e+00  0.0000e+00 
2.3753e+02     0.0000e+00  0.0000e+00     0.0000e+00  0.0000e+00     0.0000e+00  0.0000e+00     0.0000e+00  0.0000e+00 
2.6651e+02     0.0000e+00  0.0000e+00     0.0000e+00  0.0000e+00     0.0000e+00  0.0000e+00     0.0000e+00  0.0000e+00 
2.9903e+02     0.0000e+00  0.0000e+00     0.0000e+00  0.0000e+00     0.0000e+00  0.0000e+00     0.0000e+00  0.0000e+00 
3.3552e+02     0.0000e+00  0.0000e+00     0.0000e+00  0.0000e+00     0.0000e+00  0.0000e+00     0.0000e+00  0.0000e+00 
3.7646e+02     0.0000e+00  0.0000e+00     0.0000e+00  0.0000e+00     0.0000e+00  0.0000e+00     0.0000e+00  0.0000e+00 
4.2240e+02     0.0000e+00  0.0000e+00     0.0000e+00  0.0000e+00     0.0000e+00  0.0000e+00     0.0000e+00  0.0000e+00 
4.7394e+02     0.0000e+00  0.0000e+00     0.0000e+00  0.0000e+00     0.0000e+00  0.0000e+00     0.0000e+00  0.0000e+00 
5.3176e+02     0.0000e+00  0.0000e+00     0.0000e+00  0.0000e+00     0.0000e+00  0.0000e+00     0.0000e+00  0.0000e+00 
5.9665e+02     0.0000e+00  0.0000e+00     0.0000e+00  0.0000e+00     0.0000e+00  0.0000e+00     0.0000e+00  0.0000e+00 
6.6945e+02     0.0000e+00  0.0000e+00     0.0000e+00  0.0000e+00     0.0000e+00  0.0000e+00     0.0000e+00  0.0000e+00 
7.5114e+02     0.0000e+00  0.0000e+00     0.0000e+00  0.0000e+00     0.0000e+00  0.0000e+00     0.0000e+00  0.0000e+00 
8.4279e+02     0.0000e+00  0.0000e+00     0.0000e+00  0.0000e+00     0.0000e+00  0.0000e+00     0.0000e+00  0.0000e+00 
9.4563e+02     0.0000e+00  0.0000e+00     0.0000e+00  0.0000e+00     0.0000e+00  0.0000e+00     0.0000e+00  0.0000e+00 
1.0610e+03     0.0000e+00  0.0000e+00     0.0000e+00  0.0000e+00     0.0000e+00  0.0000e+00     0.0000e+00  0.0000e+00 
1.1905e+03     0.0000e+00  0.0000e+00     0.0000e+00  0.0000e+00     0.0000e+00  0.0000e+00     0.0000e+00  0.0000e+00 
1.3357e+03     0.0000e+00  0.0000e+00     0.0000e+00  0.0000e+00     0.0000e+00  0.0000e+00     0.0000e+00  0.0000e+00 
1.4987e+03     0.0000e+00  0.0000e+00     0.0000e+00  0.0000e+00     0.0000e+00  0.0000e+00     0.0000e+00  0.0000e+00 
1.6816e+03     0.0000e+00  0.0000e+00     0.0000e+00  0.0000e+00     0.0000e+00  0.0000e+00     0.0000e+00  0.0000e+00 
1.8868e+03     0.0000e+00  0.0000e+00     0.0000e+00  0.0000e+00     0.0000e+00  0.0000e+00     0.0000e+00  0.0000e+00 
2.1170e+03     0.0000e+00  0.0000e+00     0.0000e+00  0.0000e+00     0.0000e+00  0.0000e+00     0.0000e+00  0.0000e+00 
2.3753e+03     0.0000e+00  0.0000e+00     0.0000e+00  0.0000e+00     0.0000e+00  0.0000e+00     0.0000e+00  0.0000e+00 
2.6651e+03     0.0000e+00  0.0000e+00     0.0000e+00  0.0000e+00     0.0000e+00  0.0000e+00     0.0000e+00  0.0000e+00 
2.9903e+03     0.0000e+00  0.0000e+00     0.0000e+00  0.0000e+00     0.0000e+00  0.0000e+00     0.0000e+00  0.0000e+00 
3.3552e+03     0.0000e+00  0.0000e+00     0.0000e+00  0.0000e+00     0.0000e+00  0.0000e+00     0.0000e+00  0.0000e+00 
3.7646e+03     0.0000e+00  0.0000e+00     0.0000e+00  0.0000e+00     0.0000e+00  0.0000e+00     0.0000e+00  0.0000e+00 
4.2240e+03     0.0000e+00  0.0000e+00     0.0000e+00  0.0000e+00     0.0000e+00  0.0000e+00     0.0000e+00  0.0000e+00 
4.7394e+03     0.0000e+00  0.0000e+00     0.0000e+00  0.0000e+00     0.0000e+00  0.0000e+00     0.0000e+00  0.0000e+00 
5.3176e+03     0.0000e+00  0.0000e+00     0.0000e+00  0.0000e+00     0.0000e+00  0.0000e+00     0.0000e+00  0.0000e+00 
5.9665e+03     0.0000e+00  0.0000e+00     0.0000e+00  0.0000e+00     0.0000e+00  0.0000e+00     0.0000e+00  0.0000e+00 
6.6945e+03     0.0000e+00  0.0000e+00     0.0000e+00  0.0000e+00     0.0000e+00  0.0000e+00     0.0000e+00  0.0000e+00 
7.5114e+03     0.0000e+00  0.0000e+00     0.0000e+00  0.0000e+00     0.0000e+00  0.0000e+00     0.0000e+00  0.0000e+00 
8.4279e+03     0.0000e+00  0.0000e+00     0.0000e+00  0.0000e+00     0.0000e+00  0.0000e+00     0.0000e+00  0.0000e+00 
9.4563e+03     0.0000e+00  0.0000e+00     0.0000e+00  0.0000e+00     0.0000e+00  0.0000e+00     0.0000e+00  0.0000e+00 
