yF = 1.5527e+02 (std: 0.0000e+00) keV/um
yD = 1.8928e+02 (std: 0.0000e+00) keV/um
y (keV/um)     f(y)(std)                  yf(y)(std)                 d(y)(std)                  yd(y)(std)  
1.0610e-01     1.3524e-02  0.0000e+00     1.4349e-03  0.0000e+00     9.2411e-06  0.0000e+00     9.8049e-07  0.0000e+00 
1.1905e-01     2.6297e-03  0.0000e+00     3.1306e-04  0.0000e+00     2.0162e-06  0.0000e+00     2.4003e-07  0.0000e+00 
1.3357e-01     1.1068e-03  0.0000e+00     1.4783e-04  0.0000e+00     9.5212e-07  0.0000e+00     1.2718e-07  0.0000e+00 
1.4987e-01     1.6827e-03  0.0000e+00     2.5219e-04  0.0000e+00     1.6242e-06  0.0000e+00     2.4342e-07  0.0000e+00 
1.6816e-01     1.0343e-03  0.0000e+00     1.7392e-04  0.0000e+00     1.1201e-06  0.0000e+00     1.8836e-07  0.0000e+00 
1.8868e-01     8.2962e-04  0.0000e+00     1.5653e-04  0.0000e+00     1.0081e-06  0.0000e+00     1.9021e-07  0.0000e+00 
2.1170e-01     9.8587e-04  0.0000e+00     2.0871e-04  0.0000e+00     1.3442e-06  0.0000e+00     2.8456e-07  0.0000e+00 
2.3753e-01     1.0251e-03  0.0000e+00     2.4349e-04  0.0000e+00     1.5682e-06  0.0000e+00     3.7249e-07  0.0000e+00 
2.6651e-01     6.8521e-04  0.0000e+00     1.8262e-04  0.0000e+00     1.1761e-06  0.0000e+00     3.1346e-07  0.0000e+00 
2.9903e-01     6.1070e-04  0.0000e+00     1.8262e-04  0.0000e+00     1.1761e-06  0.0000e+00     3.5171e-07  0.0000e+00 
3.3552e-01     1.0108e-03  0.0000e+00     3.3915e-04  0.0000e+00     2.1843e-06  0.0000e+00     7.3287e-07  0.0000e+00 
3.7646e-01     7.8539e-04  0.0000e+00     2.9567e-04  0.0000e+00     1.9042e-06  0.0000e+00     7.1687e-07  0.0000e+00 
4.2240e-01     6.7939e-04  0.0000e+00     2.8697e-04  0.0000e+00     1.8482e-06  0.0000e+00     7.8068e-07  0.0000e+00 
4.7394e-01     7.7065e-04  0.0000e+00     3.6524e-04  0.0000e+00     2.3523e-06  0.0000e+00     1.1148e-06  0.0000e+00 
5.3176e-01     6.0508e-04  0.0000e+00     3.2176e-04  0.0000e+00     2.0723e-06  0.0000e+00     1.1020e-06  0.0000e+00 
5.9665e-01     4.2267e-04  0.0000e+00     2.5219e-04  0.0000e+00     1.6242e-06  0.0000e+00     9.6908e-07  0.0000e+00 
6.6945e-01     4.6764e-04  0.0000e+00     3.1306e-04  0.0000e+00     2.0162e-06  0.0000e+00     1.3498e-06  0.0000e+00 
7.5114e-01     4.0521e-04  0.0000e+00     3.0436e-04  0.0000e+00     1.9602e-06  0.0000e+00     1.4724e-06  0.0000e+00 
8.4279e-01     2.6828e-04  0.0000e+00     2.2610e-04  0.0000e+00     1.4562e-06  0.0000e+00     1.2273e-06  0.0000e+00 
9.4563e-01     1.6553e-04  0.0000e+00     1.5653e-04  0.0000e+00     1.0081e-06  0.0000e+00     9.5331e-07  0.0000e+00 
1.0610e+00     1.5573e-04  0.0000e+00     1.6523e-04  0.0000e+00     1.0641e-06  0.0000e+00     1.1291e-06  0.0000e+00 
1.1905e+00     8.7657e-05  0.0000e+00     1.0435e-04  0.0000e+00     6.7208e-07  0.0000e+00     8.0010e-07  0.0000e+00 
1.3357e+00     8.4635e-05  0.0000e+00     1.1305e-04  0.0000e+00     7.2809e-07  0.0000e+00     9.7253e-07  0.0000e+00 
1.4987e+00     4.6419e-05  0.0000e+00     6.9569e-05  0.0000e+00     4.4806e-07  0.0000e+00     6.7151e-07  0.0000e+00 
1.6816e+00     1.0343e-05  0.0000e+00     1.7392e-05  0.0000e+00     1.1201e-07  0.0000e+00     1.8836e-07  0.0000e+00 
1.8868e+00     3.6872e-05  0.0000e+00     6.9569e-05  0.0000e+00     4.4806e-07  0.0000e+00     8.4538e-07  0.0000e+00 
2.1170e+00     1.2323e-05  0.0000e+00     2.6088e-05  0.0000e+00     1.6802e-07  0.0000e+00     3.5570e-07  0.0000e+00 
2.3753e+00     3.6611e-06  0.0000e+00     8.6961e-06  0.0000e+00     5.6007e-08  0.0000e+00     1.3303e-07  0.0000e+00 
2.6651e+00     0.0000e+00  0.0000e+00     0.0000e+00  0.0000e+00     0.0000e+00  0.0000e+00     0.0000e+00  0.0000e+00 
2.9903e+00     0.0000e+00  0.0000e+00     0.0000e+00  0.0000e+00     0.0000e+00  0.0000e+00     0.0000e+00  0.0000e+00 
3.3552e+00     0.0000e+00  0.0000e+00     0.0000e+00  0.0000e+00     0.0000e+00  0.0000e+00     0.0000e+00  0.0000e+00 
3.7646e+00     0.0000e+00  0.0000e+00     0.0000e+00  0.0000e+00     0.0000e+00  0.0000e+00     0.0000e+00  0.0000e+00 
4.2240e+00     5.9293e-04  0.0000e+00     2.5045e-03  0.0000e+00     1.6130e-05  0.0000e+00     6.8132e-05  0.0000e+00 
4.7394e+00     7.9450e-04  0.0000e+00     3.7654e-03  0.0000e+00     2.4251e-05  0.0000e+00     1.1493e-04  0.0000e+00 
5.3176e+00     7.8169e-04  0.0000e+00     4.1568e-03  0.0000e+00     2.6771e-05  0.0000e+00     1.4236e-04  0.0000e+00 
5.9665e+00     2.2737e-04  0.0000e+00     1.3566e-03  0.0000e+00     8.7371e-06  0.0000e+00     5.2130e-05  0.0000e+00 
6.6945e+00     7.4043e-05  0.0000e+00     4.9568e-04  0.0000e+00     3.1924e-06  0.0000e+00     2.1372e-05  0.0000e+00 
7.5114e+00     2.3155e-05  0.0000e+00     1.7392e-04  0.0000e+00     1.1201e-06  0.0000e+00     8.4138e-06  0.0000e+00 
8.4279e+00     3.5082e-04  0.0000e+00     2.9567e-03  0.0000e+00     1.9042e-05  0.0000e+00     1.6049e-04  0.0000e+00 
9.4563e+00     7.3569e-04  0.0000e+00     6.9569e-03  0.0000e+00     4.4806e-05  0.0000e+00     4.2369e-04  0.0000e+00 
1.0610e+01     6.1143e-04  0.0000e+00     6.4873e-03  0.0000e+00     4.1781e-05  0.0000e+00     4.4330e-04  0.0000e+00 
1.1905e+01     2.2645e-04  0.0000e+00     2.6958e-03  0.0000e+00     1.7362e-05  0.0000e+00     2.0669e-04  0.0000e+00 
1.3357e+01     7.2331e-04  0.0000e+00     9.6614e-03  0.0000e+00     6.2224e-05  0.0000e+00     8.3114e-04  0.0000e+00 
1.4987e+01     8.5527e-04  0.0000e+00     1.2818e-02  0.0000e+00     8.2554e-05  0.0000e+00     1.2373e-03  0.0000e+00 
1.6816e+01     6.1229e-04  0.0000e+00     1.0296e-02  0.0000e+00     6.6312e-05  0.0000e+00     1.1151e-03  0.0000e+00 
1.8868e+01     9.0244e-04  0.0000e+00     1.7027e-02  0.0000e+00     1.0966e-04  0.0000e+00     2.0691e-03  0.0000e+00 
2.1170e+01     9.0125e-04  0.0000e+00     1.9079e-02  0.0000e+00     1.2288e-04  0.0000e+00     2.6013e-03  0.0000e+00 
2.3753e+01     1.1009e-03  0.0000e+00     2.6149e-02  0.0000e+00     1.6841e-04  0.0000e+00     4.0003e-03  0.0000e+00 
2.6651e+01     1.1864e-03  0.0000e+00     3.1619e-02  0.0000e+00     2.0364e-04  0.0000e+00     5.4273e-03  0.0000e+00 
2.9903e+01     1.3799e-03  0.0000e+00     4.1263e-02  0.0000e+00     2.6575e-04  0.0000e+00     7.9469e-03  0.0000e+00 
3.3552e+01     1.5237e-03  0.0000e+00     5.1125e-02  0.0000e+00     3.2926e-04  0.0000e+00     1.1048e-02  0.0000e+00 
3.7646e+01     1.6886e-03  0.0000e+00     6.3569e-02  0.0000e+00     4.0941e-04  0.0000e+00     1.5413e-02  0.0000e+00 
4.2240e+01     1.9332e-03  0.0000e+00     8.1657e-02  0.0000e+00     5.2590e-04  0.0000e+00     2.2214e-02  0.0000e+00 
4.7394e+01     2.1530e-03  0.0000e+00     1.0204e-01  0.0000e+00     6.5719e-04  0.0000e+00     3.1146e-02  0.0000e+00 
5.3176e+01     2.4653e-03  0.0000e+00     1.3109e-01  0.0000e+00     8.4430e-04  0.0000e+00     4.4897e-02  0.0000e+00 
5.9665e+01     2.7873e-03  0.0000e+00     1.6631e-01  0.0000e+00     1.0711e-03  0.0000e+00     6.3906e-02  0.0000e+00 
6.6945e+01     3.1475e-03  0.0000e+00     2.1071e-01  0.0000e+00     1.3570e-03  0.0000e+00     9.0848e-02  0.0000e+00 
7.5114e+01     3.5990e-03  0.0000e+00     2.7034e-01  0.0000e+00     1.7411e-03  0.0000e+00     1.3078e-01  0.0000e+00 
8.4279e+01     4.0252e-03  0.0000e+00     3.3924e-01  0.0000e+00     2.1848e-03  0.0000e+00     1.8414e-01  0.0000e+00 
9.4563e+01     4.5464e-03  0.0000e+00     4.2992e-01  0.0000e+00     2.7689e-03  0.0000e+00     2.6183e-01  0.0000e+00 
1.0610e+02     4.9805e-03  0.0000e+00     5.2844e-01  0.0000e+00     3.4034e-03  0.0000e+00     3.6110e-01  0.0000e+00 
1.1905e+02     5.3802e-03  0.0000e+00     6.4050e-01  0.0000e+00     4.1251e-03  0.0000e+00     4.9108e-01  0.0000e+00 
1.3357e+02     5.5619e-03  0.0000e+00     7.4292e-01  0.0000e+00     4.7847e-03  0.0000e+00     6.3911e-01  0.0000e+00 
1.4987e+02     5.5814e-03  0.0000e+00     8.3650e-01  0.0000e+00     5.3874e-03  0.0000e+00     8.0742e-01  0.0000e+00 
1.6816e+02     5.1808e-03  0.0000e+00     8.7119e-01  0.0000e+00     5.6108e-03  0.0000e+00     9.4351e-01  0.0000e+00 
1.8868e+02     4.4532e-03  0.0000e+00     8.4022e-01  0.0000e+00     5.4114e-03  0.0000e+00     1.0210e+00  0.0000e+00 
2.1170e+02     3.5154e-03  0.0000e+00     7.4422e-01  0.0000e+00     4.7931e-03  0.0000e+00     1.0147e+00  0.0000e+00 
2.3753e+02     2.4447e-03  0.0000e+00     5.8070e-01  0.0000e+00     3.7400e-03  0.0000e+00     8.8836e-01  0.0000e+00 
2.6651e+02     1.5386e-03  0.0000e+00     4.1007e-01  0.0000e+00     2.6410e-03  0.0000e+00     7.0386e-01  0.0000e+00 
2.9903e+02     8.1988e-04  0.0000e+00     2.4517e-01  0.0000e+00     1.5790e-03  0.0000e+00     4.7217e-01  0.0000e+00 
3.3552e+02     3.7273e-04  0.0000e+00     1.2506e-01  0.0000e+00     8.0544e-04  0.0000e+00     2.7024e-01  0.0000e+00 
3.7646e+02     1.4259e-04  0.0000e+00     5.3681e-02  0.0000e+00     3.4573e-04  0.0000e+00     1.3015e-01  0.0000e+00 
4.2240e+02     4.3996e-05  0.0000e+00     1.8584e-02  0.0000e+00     1.1969e-04  0.0000e+00     5.0555e-02  0.0000e+00 
4.7394e+02     9.8166e-06  0.0000e+00     4.6524e-03  0.0000e+00     2.9964e-05  0.0000e+00     1.4201e-02  0.0000e+00 
5.3176e+02     2.1423e-06  0.0000e+00     1.1392e-03  0.0000e+00     7.3369e-06  0.0000e+00     3.9015e-03  0.0000e+00 
5.9665e+02     3.9352e-07  0.0000e+00     2.3480e-04  0.0000e+00     1.5122e-06  0.0000e+00     9.0225e-04  0.0000e+00 
6.6945e+02     3.8970e-08  0.0000e+00     2.6088e-05  0.0000e+00     1.6802e-07  0.0000e+00     1.1248e-04  0.0000e+00 
7.5114e+02     0.0000e+00  0.0000e+00     0.0000e+00  0.0000e+00     0.0000e+00  0.0000e+00     0.0000e+00  0.0000e+00 
8.4279e+02     0.0000e+00  0.0000e+00     0.0000e+00  0.0000e+00     0.0000e+00  0.0000e+00     0.0000e+00  0.0000e+00 
9.4563e+02     0.0000e+00  0.0000e+00     0.0000e+00  0.0000e+00     0.0000e+00  0.0000e+00     0.0000e+00  0.0000e+00 
1.0610e+03     0.0000e+00  0.0000e+00     0.0000e+00  0.0000e+00     0.0000e+00  0.0000e+00     0.0000e+00  0.0000e+00 
1.1905e+03     0.0000e+00  0.0000e+00     0.0000e+00  0.0000e+00     0.0000e+00  0.0000e+00     0.0000e+00  0.0000e+00 
1.3357e+03     0.0000e+00  0.0000e+00     0.0000e+00  0.0000e+00     0.0000e+00  0.0000e+00     0.0000e+00  0.0000e+00 
1.4987e+03     0.0000e+00  0.0000e+00     0.0000e+00  0.0000e+00     0.0000e+00  0.0000e+00     0.0000e+00  0.0000e+00 
1.6816e+03     0.0000e+00  0.0000e+00     0.0000e+00  0.0000e+00     0.0000e+00  0.0000e+00     0.0000e+00  0.0000e+00 
1.8868e+03     0.0000e+00  0.0000e+00     0.0000e+00  0.0000e+00     0.0000e+00  0.0000e+00     0.0000e+00  0.0000e+00 
2.1170e+03     0.0000e+00  0.0000e+00     0.0000e+00  0.0000e+00     0.0000e+00  0.0000e+00     0.0000e+00  0.0000e+00 
2.3753e+03     0.0000e+00  0.0000e+00     0.0000e+00  0.0000e+00     0.0000e+00  0.0000e+00     0.0000e+00  0.0000e+00 
2.6651e+03     0.0000e+00  0.0000e+00     0.0000e+00  0.0000e+00     0.0000e+00  0.0000e+00     0.0000e+00  0.0000e+00 
2.9903e+03     0.0000e+00  0.0000e+00     0.0000e+00  0.0000e+00     0.0000e+00  0.0000e+00     0.0000e+00  0.0000e+00 
3.3552e+03     0.0000e+00  0.0000e+00     0.0000e+00  0.0000e+00     0.0000e+00  0.0000e+00     0.0000e+00  0.0000e+00 
3.7646e+03     0.0000e+00  0.0000e+00     0.0000e+00  0.0000e+00     0.0000e+00  0.0000e+00     0.0000e+00  0.0000e+00 
4.2240e+03     0.0000e+00  0.0000e+00     0.0000e+00  0.0000e+00     0.0000e+00  0.0000e+00     0.0000e+00  0.0000e+00 
4.7394e+03     0.0000e+00  0.0000e+00     0.0000e+00  0.0000e+00     0.0000e+00  0.0000e+00     0.0000e+00  0.0000e+00 
5.3176e+03     0.0000e+00  0.0000e+00     0.0000e+00  0.0000e+00     0.0000e+00  0.0000e+00     0.0000e+00  0.0000e+00 
5.9665e+03     0.0000e+00  0.0000e+00     0.0000e+00  0.0000e+00     0.0000e+00  0.0000e+00     0.0000e+00  0.0000e+00 
6.6945e+03     0.0000e+00  0.0000e+00     0.0000e+00  0.0000e+00     0.0000e+00  0.0000e+00     0.0000e+00  0.0000e+00 
7.5114e+03     0.0000e+00  0.0000e+00     0.0000e+00  0.0000e+00     0.0000e+00  0.0000e+00     0.0000e+00  0.0000e+00 
8.4279e+03     0.0000e+00  0.0000e+00     0.0000e+00  0.0000e+00     0.0000e+00  0.0000e+00     0.0000e+00  0.0000e+00 
9.4563e+03     0.0000e+00  0.0000e+00     0.0000e+00  0.0000e+00     0.0000e+00  0.0000e+00     0.0000e+00  0.0000e+00 
