yF = 3.2824e+00 (std: 0.0000e+00) keV/um
yD = 2.2533e+01 (std: 0.0000e+00) keV/um
y (keV/um)     f(y)(std)                  yf(y)(std)                 d(y)(std)                  yd(y)(std)  
1.0610e-01     2.7537e+01  0.0000e+00     2.9217e+00  0.0000e+00     8.9011e-01  0.0000e+00     9.4441e-02  0.0000e+00 
1.1905e-01     2.0886e+00  0.0000e+00     2.4864e-01  0.0000e+00     7.5750e-02  0.0000e+00     9.0178e-03  0.0000e+00 
1.3357e-01     6.6374e-01  0.0000e+00     8.8658e-02  0.0000e+00     2.7010e-02  0.0000e+00     3.6078e-03  0.0000e+00 
1.4987e-01     3.1757e+00  0.0000e+00     4.7595e-01  0.0000e+00     1.4500e-01  0.0000e+00     2.1731e-02  0.0000e+00 
1.6816e-01     9.0778e-01  0.0000e+00     1.5265e-01  0.0000e+00     4.6506e-02  0.0000e+00     7.8203e-03  0.0000e+00 
1.8868e-01     7.0484e-01  0.0000e+00     1.3299e-01  0.0000e+00     4.0515e-02  0.0000e+00     7.6442e-03  0.0000e+00 
2.1170e-01     6.8802e-01  0.0000e+00     1.4565e-01  0.0000e+00     4.4373e-02  0.0000e+00     9.3938e-03  0.0000e+00 
2.3753e-01     6.5669e-01  0.0000e+00     1.5598e-01  0.0000e+00     4.7521e-02  0.0000e+00     1.1288e-02  0.0000e+00 
2.6651e-01     3.1765e-01  0.0000e+00     8.4658e-02  0.0000e+00     2.5791e-02  0.0000e+00     6.8738e-03  0.0000e+00 
2.9903e-01     2.7530e-01  0.0000e+00     8.2325e-02  0.0000e+00     2.5081e-02  0.0000e+00     7.4999e-03  0.0000e+00 
3.3552e-01     1.6142e+00  0.0000e+00     5.4161e-01  0.0000e+00     1.6500e-01  0.0000e+00     5.5362e-02  0.0000e+00 
3.7646e-01     1.0810e+00  0.0000e+00     4.0696e-01  0.0000e+00     1.2398e-01  0.0000e+00     4.6674e-02  0.0000e+00 
4.2240e-01     4.7187e-01  0.0000e+00     1.9931e-01  0.0000e+00     6.0721e-02  0.0000e+00     2.5648e-02  0.0000e+00 
4.7394e-01     4.8033e-01  0.0000e+00     2.2764e-01  0.0000e+00     6.9352e-02  0.0000e+00     3.2869e-02  0.0000e+00 
5.3176e-01     2.8644e-01  0.0000e+00     1.5232e-01  0.0000e+00     4.6404e-02  0.0000e+00     2.4676e-02  0.0000e+00 
5.9665e-01     1.4077e-01  0.0000e+00     8.3992e-02  0.0000e+00     2.5588e-02  0.0000e+00     1.5267e-02  0.0000e+00 
6.6945e-01     2.6636e-01  0.0000e+00     1.7832e-01  0.0000e+00     5.4324e-02  0.0000e+00     3.6368e-02  0.0000e+00 
7.5114e-01     1.9480e-01  0.0000e+00     1.4632e-01  0.0000e+00     4.4576e-02  0.0000e+00     3.3483e-02  0.0000e+00 
8.4279e-01     9.4123e-02  0.0000e+00     7.9326e-02  0.0000e+00     2.4167e-02  0.0000e+00     2.0367e-02  0.0000e+00 
9.4563e-01     5.8509e-02  0.0000e+00     5.5328e-02  0.0000e+00     1.6856e-02  0.0000e+00     1.5939e-02  0.0000e+00 
1.0610e+00     4.4607e-02  0.0000e+00     4.7329e-02  0.0000e+00     1.4419e-02  0.0000e+00     1.5298e-02  0.0000e+00 
1.1905e+00     2.6038e-02  0.0000e+00     3.0997e-02  0.0000e+00     9.4433e-03  0.0000e+00     1.1242e-02  0.0000e+00 
1.3357e+00     1.7716e-02  0.0000e+00     2.3664e-02  0.0000e+00     7.2094e-03  0.0000e+00     9.6298e-03  0.0000e+00 
1.4987e+00     9.7852e-03  0.0000e+00     1.4665e-02  0.0000e+00     4.4678e-03  0.0000e+00     6.6960e-03  0.0000e+00 
1.6816e+00     2.3785e-03  0.0000e+00     3.9996e-03  0.0000e+00     1.2185e-03  0.0000e+00     2.0490e-03  0.0000e+00 
1.8868e+00     1.4132e-03  0.0000e+00     2.6664e-03  0.0000e+00     8.1233e-04  0.0000e+00     1.5327e-03  0.0000e+00 
2.1170e+00     7.8720e-04  0.0000e+00     1.6665e-03  0.0000e+00     5.0770e-04  0.0000e+00     1.0748e-03  0.0000e+00 
2.3753e+00     1.4032e-04  0.0000e+00     3.3330e-04  0.0000e+00     1.0154e-04  0.0000e+00     2.4119e-04  0.0000e+00 
2.6651e+00     0.0000e+00  0.0000e+00     0.0000e+00  0.0000e+00     0.0000e+00  0.0000e+00     0.0000e+00  0.0000e+00 
2.9903e+00     0.0000e+00  0.0000e+00     0.0000e+00  0.0000e+00     0.0000e+00  0.0000e+00     0.0000e+00  0.0000e+00 
3.3552e+00     0.0000e+00  0.0000e+00     0.0000e+00  0.0000e+00     0.0000e+00  0.0000e+00     0.0000e+00  0.0000e+00 
3.7646e+00     0.0000e+00  0.0000e+00     0.0000e+00  0.0000e+00     0.0000e+00  0.0000e+00     0.0000e+00  0.0000e+00 
4.2240e+00     0.0000e+00  0.0000e+00     0.0000e+00  0.0000e+00     0.0000e+00  0.0000e+00     0.0000e+00  0.0000e+00 
4.7394e+00     0.0000e+00  0.0000e+00     0.0000e+00  0.0000e+00     0.0000e+00  0.0000e+00     0.0000e+00  0.0000e+00 
5.3176e+00     0.0000e+00  0.0000e+00     0.0000e+00  0.0000e+00     0.0000e+00  0.0000e+00     0.0000e+00  0.0000e+00 
5.9665e+00     1.0334e-01  0.0000e+00     6.1661e-01  0.0000e+00     1.8785e-01  0.0000e+00     1.1208e+00  0.0000e+00 
6.6945e+00     2.0562e-02  0.0000e+00     1.3765e-01  0.0000e+00     4.1936e-02  0.0000e+00     2.8074e-01  0.0000e+00 
7.5114e+00     6.9222e-03  0.0000e+00     5.1995e-02  0.0000e+00     1.5840e-02  0.0000e+00     1.1898e-01  0.0000e+00 
8.4279e+00     2.2186e-02  0.0000e+00     1.8698e-01  0.0000e+00     5.6964e-02  0.0000e+00     4.8009e-01  0.0000e+00 
9.4563e+00     1.0468e-02  0.0000e+00     9.8990e-02  0.0000e+00     3.0158e-02  0.0000e+00     2.8518e-01  0.0000e+00 
1.0610e+01     1.5550e-02  0.0000e+00     1.6498e-01  0.0000e+00     5.0263e-02  0.0000e+00     5.3329e-01  0.0000e+00 
1.1905e+01     1.0695e-02  0.0000e+00     1.2732e-01  0.0000e+00     3.8789e-02  0.0000e+00     4.6177e-01  0.0000e+00 
1.3357e+01     8.3591e-03  0.0000e+00     1.1166e-01  0.0000e+00     3.4016e-02  0.0000e+00     4.5437e-01  0.0000e+00 
1.4987e+01     5.5820e-03  0.0000e+00     8.3658e-02  0.0000e+00     2.5487e-02  0.0000e+00     3.8197e-01  0.0000e+00 
1.6816e+01     2.9335e-03  0.0000e+00     4.9329e-02  0.0000e+00     1.5028e-02  0.0000e+00     2.5271e-01  0.0000e+00 
1.8868e+01     2.6321e-03  0.0000e+00     4.9662e-02  0.0000e+00     1.5130e-02  0.0000e+00     2.8546e-01  0.0000e+00 
2.1170e+01     2.6135e-03  0.0000e+00     5.5328e-02  0.0000e+00     1.6856e-02  0.0000e+00     3.5684e-01  0.0000e+00 
2.3753e+01     2.4836e-03  0.0000e+00     5.8994e-02  0.0000e+00     1.7973e-02  0.0000e+00     4.2691e-01  0.0000e+00 
2.6651e+01     1.5758e-03  0.0000e+00     4.1996e-02  0.0000e+00     1.2794e-02  0.0000e+00     3.4098e-01  0.0000e+00 
2.9903e+01     1.0589e-03  0.0000e+00     3.1664e-02  0.0000e+00     9.6464e-03  0.0000e+00     2.8846e-01  0.0000e+00 
3.3552e+01     8.8411e-04  0.0000e+00     2.9664e-02  0.0000e+00     9.0371e-03  0.0000e+00     3.0321e-01  0.0000e+00 
3.7646e+01     6.8172e-04  0.0000e+00     2.5664e-02  0.0000e+00     7.8187e-03  0.0000e+00     2.9434e-01  0.0000e+00 
4.2240e+01     5.3657e-04  0.0000e+00     2.2664e-02  0.0000e+00     6.9048e-03  0.0000e+00     2.9165e-01  0.0000e+00 
4.7394e+01     4.1492e-04  0.0000e+00     1.9665e-02  0.0000e+00     5.9909e-03  0.0000e+00     2.8393e-01  0.0000e+00 
5.3176e+01     2.3818e-04  0.0000e+00     1.2665e-02  0.0000e+00     3.8586e-03  0.0000e+00     2.0518e-01  0.0000e+00 
5.9665e+01     1.7876e-04  0.0000e+00     1.0666e-02  0.0000e+00     3.2493e-03  0.0000e+00     1.9387e-01  0.0000e+00 
6.6945e+01     1.5434e-04  0.0000e+00     1.0332e-02  0.0000e+00     3.1478e-03  0.0000e+00     2.1073e-01  0.0000e+00 
7.5114e+01     4.8810e-05  0.0000e+00     3.6663e-03  0.0000e+00     1.1170e-03  0.0000e+00     8.3898e-02  0.0000e+00 
8.4279e+01     5.9321e-05  0.0000e+00     4.9995e-03  0.0000e+00     1.5231e-03  0.0000e+00     1.2837e-01  0.0000e+00 
9.4563e+01     1.7623e-05  0.0000e+00     1.6665e-03  0.0000e+00     5.0770e-04  0.0000e+00     4.8010e-02  0.0000e+00 
1.0610e+02     3.1414e-06  0.0000e+00     3.3330e-04  0.0000e+00     1.0154e-04  0.0000e+00     1.0774e-02  0.0000e+00 
1.1905e+02     2.7997e-06  0.0000e+00     3.3330e-04  0.0000e+00     1.0154e-04  0.0000e+00     1.2088e-02  0.0000e+00 
1.3357e+02     4.9905e-06  0.0000e+00     6.6660e-04  0.0000e+00     2.0308e-04  0.0000e+00     2.7126e-02  0.0000e+00 
1.4987e+02     0.0000e+00  0.0000e+00     0.0000e+00  0.0000e+00     0.0000e+00  0.0000e+00     0.0000e+00  0.0000e+00 
1.6816e+02     0.0000e+00  0.0000e+00     0.0000e+00  0.0000e+00     0.0000e+00  0.0000e+00     0.0000e+00  0.0000e+00 
1.8868e+02     0.0000e+00  0.0000e+00     0.0000e+00  0.0000e+00     0.0000e+00  0.0000e+00     0.0000e+00  0.0000e+00 
2.1170e+02     0.0000e+00  0.0000e+00     0.0000e+00  0.0000e+00     0.0000e+00  0.0000e+00     0.0000e+00  0.0000e+00 
2.3753e+02     0.0000e+00  0.0000e+00     0.0000e+00  0.0000e+00     0.0000e+00  0.0000e+00     0.0000e+00  0.0000e+00 
2.6651e+02     0.0000e+00  0.0000e+00     0.0000e+00  0.0000e+00     0.0000e+00  0.0000e+00     0.0000e+00  0.0000e+00 
2.9903e+02     0.0000e+00  0.0000e+00     0.0000e+00  0.0000e+00     0.0000e+00  0.0000e+00     0.0000e+00  0.0000e+00 
3.3552e+02     0.0000e+00  0.0000e+00     0.0000e+00  0.0000e+00     0.0000e+00  0.0000e+00     0.0000e+00  0.0000e+00 
3.7646e+02     0.0000e+00  0.0000e+00     0.0000e+00  0.0000e+00     0.0000e+00  0.0000e+00     0.0000e+00  0.0000e+00 
4.2240e+02     0.0000e+00  0.0000e+00     0.0000e+00  0.0000e+00     0.0000e+00  0.0000e+00     0.0000e+00  0.0000e+00 
4.7394e+02     0.0000e+00  0.0000e+00     0.0000e+00  0.0000e+00     0.0000e+00  0.0000e+00     0.0000e+00  0.0000e+00 
5.3176e+02     0.0000e+00  0.0000e+00     0.0000e+00  0.0000e+00     0.0000e+00  0.0000e+00     0.0000e+00  0.0000e+00 
5.9665e+02     0.0000e+00  0.0000e+00     0.0000e+00  0.0000e+00     0.0000e+00  0.0000e+00     0.0000e+00  0.0000e+00 
6.6945e+02     0.0000e+00  0.0000e+00     0.0000e+00  0.0000e+00     0.0000e+00  0.0000e+00     0.0000e+00  0.0000e+00 
7.5114e+02     0.0000e+00  0.0000e+00     0.0000e+00  0.0000e+00     0.0000e+00  0.0000e+00     0.0000e+00  0.0000e+00 
8.4279e+02     0.0000e+00  0.0000e+00     0.0000e+00  0.0000e+00     0.0000e+00  0.0000e+00     0.0000e+00  0.0000e+00 
9.4563e+02     0.0000e+00  0.0000e+00     0.0000e+00  0.0000e+00     0.0000e+00  0.0000e+00     0.0000e+00  0.0000e+00 
1.0610e+03     0.0000e+00  0.0000e+00     0.0000e+00  0.0000e+00     0.0000e+00  0.0000e+00     0.0000e+00  0.0000e+00 
1.1905e+03     0.0000e+00  0.0000e+00     0.0000e+00  0.0000e+00     0.0000e+00  0.0000e+00     0.0000e+00  0.0000e+00 
1.3357e+03     0.0000e+00  0.0000e+00     0.0000e+00  0.0000e+00     0.0000e+00  0.0000e+00     0.0000e+00  0.0000e+00 
1.4987e+03     0.0000e+00  0.0000e+00     0.0000e+00  0.0000e+00     0.0000e+00  0.0000e+00     0.0000e+00  0.0000e+00 
1.6816e+03     0.0000e+00  0.0000e+00     0.0000e+00  0.0000e+00     0.0000e+00  0.0000e+00     0.0000e+00  0.0000e+00 
1.8868e+03     0.0000e+00  0.0000e+00     0.0000e+00  0.0000e+00     0.0000e+00  0.0000e+00     0.0000e+00  0.0000e+00 
2.1170e+03     0.0000e+00  0.0000e+00     0.0000e+00  0.0000e+00     0.0000e+00  0.0000e+00     0.0000e+00  0.0000e+00 
2.3753e+03     0.0000e+00  0.0000e+00     0.0000e+00  0.0000e+00     0.0000e+00  0.0000e+00     0.0000e+00  0.0000e+00 
2.6651e+03     0.0000e+00  0.0000e+00     0.0000e+00  0.0000e+00     0.0000e+00  0.0000e+00     0.0000e+00  0.0000e+00 
2.9903e+03     0.0000e+00  0.0000e+00     0.0000e+00  0.0000e+00     0.0000e+00  0.0000e+00     0.0000e+00  0.0000e+00 
3.3552e+03     0.0000e+00  0.0000e+00     0.0000e+00  0.0000e+00     0.0000e+00  0.0000e+00     0.0000e+00  0.0000e+00 
3.7646e+03     0.0000e+00  0.0000e+00     0.0000e+00  0.0000e+00     0.0000e+00  0.0000e+00     0.0000e+00  0.0000e+00 
4.2240e+03     0.0000e+00  0.0000e+00     0.0000e+00  0.0000e+00     0.0000e+00  0.0000e+00     0.0000e+00  0.0000e+00 
4.7394e+03     0.0000e+00  0.0000e+00     0.0000e+00  0.0000e+00     0.0000e+00  0.0000e+00     0.0000e+00  0.0000e+00 
5.3176e+03     0.0000e+00  0.0000e+00     0.0000e+00  0.0000e+00     0.0000e+00  0.0000e+00     0.0000e+00  0.0000e+00 
5.9665e+03     0.0000e+00  0.0000e+00     0.0000e+00  0.0000e+00     0.0000e+00  0.0000e+00     0.0000e+00  0.0000e+00 
6.6945e+03     0.0000e+00  0.0000e+00     0.0000e+00  0.0000e+00     0.0000e+00  0.0000e+00     0.0000e+00  0.0000e+00 
7.5114e+03     0.0000e+00  0.0000e+00     0.0000e+00  0.0000e+00     0.0000e+00  0.0000e+00     0.0000e+00  0.0000e+00 
8.4279e+03     0.0000e+00  0.0000e+00     0.0000e+00  0.0000e+00     0.0000e+00  0.0000e+00     0.0000e+00  0.0000e+00 
9.4563e+03     0.0000e+00  0.0000e+00     0.0000e+00  0.0000e+00     0.0000e+00  0.0000e+00     0.0000e+00  0.0000e+00 
