yF = 5.5527e+00 (std: 0.0000e+00) keV/um
yD = 2.3855e+01 (std: 0.0000e+00) keV/um
y (keV/um)     f(y)(std)                  yf(y)(std)                 d(y)(std)                  yd(y)(std)  
1.0610e-01     2.4120e+01  0.0000e+00     2.5591e+00  0.0000e+00     4.6088e-01  0.0000e+00     4.8899e-02  0.0000e+00 
1.1905e-01     1.7473e+00  0.0000e+00     2.0801e-01  0.0000e+00     3.7462e-02  0.0000e+00     4.4597e-03  0.0000e+00 
1.3357e-01     4.9178e-01  0.0000e+00     6.5688e-02  0.0000e+00     1.1830e-02  0.0000e+00     1.5802e-03  0.0000e+00 
1.4987e-01     2.6663e+00  0.0000e+00     3.9960e-01  0.0000e+00     7.1966e-02  0.0000e+00     1.0786e-02  0.0000e+00 
1.6816e-01     6.0223e-01  0.0000e+00     1.0127e-01  0.0000e+00     1.8238e-02  0.0000e+00     3.0669e-03  0.0000e+00 
1.8868e-01     7.1081e-01  0.0000e+00     1.3411e-01  0.0000e+00     2.4153e-02  0.0000e+00     4.5571e-03  0.0000e+00 
2.1170e-01     5.4301e-01  0.0000e+00     1.1495e-01  0.0000e+00     2.0702e-02  0.0000e+00     4.3827e-03  0.0000e+00 
2.3753e-01     4.8396e-01  0.0000e+00     1.1495e-01  0.0000e+00     2.0702e-02  0.0000e+00     4.9175e-03  0.0000e+00 
2.6651e-01     1.9512e-01  0.0000e+00     5.2003e-02  0.0000e+00     9.3654e-03  0.0000e+00     2.4960e-03  0.0000e+00 
2.9903e-01     2.5628e-01  0.0000e+00     7.6636e-02  0.0000e+00     1.3802e-02  0.0000e+00     4.1271e-03  0.0000e+00 
3.3552e-01     1.2889e+00  0.0000e+00     4.3245e-01  0.0000e+00     7.7881e-02  0.0000e+00     2.6131e-02  0.0000e+00 
3.7646e-01     7.3431e-01  0.0000e+00     2.7644e-01  0.0000e+00     4.9784e-02  0.0000e+00     1.8742e-02  0.0000e+00 
4.2240e-01     3.8230e-01  0.0000e+00     1.6148e-01  0.0000e+00     2.9082e-02  0.0000e+00     1.2284e-02  0.0000e+00 
4.7394e-01     4.1581e-01  0.0000e+00     1.9706e-01  0.0000e+00     3.5490e-02  0.0000e+00     1.6820e-02  0.0000e+00 
5.3176e-01     2.0073e-01  0.0000e+00     1.0674e-01  0.0000e+00     1.9224e-02  0.0000e+00     1.0222e-02  0.0000e+00 
5.9665e-01     1.2844e-01  0.0000e+00     7.6636e-02  0.0000e+00     1.3802e-02  0.0000e+00     8.2347e-03  0.0000e+00 
6.6945e-01     1.9216e-01  0.0000e+00     1.2864e-01  0.0000e+00     2.3167e-02  0.0000e+00     1.5509e-02  0.0000e+00 
7.5114e-01     1.6762e-01  0.0000e+00     1.2590e-01  0.0000e+00     2.2674e-02  0.0000e+00     1.7031e-02  0.0000e+00 
8.4279e-01     8.4437e-02  0.0000e+00     7.1162e-02  0.0000e+00     1.2816e-02  0.0000e+00     1.0801e-02  0.0000e+00 
9.4563e-01     5.7888e-02  0.0000e+00     5.4740e-02  0.0000e+00     9.8583e-03  0.0000e+00     9.3223e-03  0.0000e+00 
1.0610e+00     4.1274e-02  0.0000e+00     4.3792e-02  0.0000e+00     7.8866e-03  0.0000e+00     8.3678e-03  0.0000e+00 
1.1905e+00     2.7589e-02  0.0000e+00     3.2844e-02  0.0000e+00     5.9150e-03  0.0000e+00     7.0416e-03  0.0000e+00 
1.3357e+00     0.0000e+00  0.0000e+00     0.0000e+00  0.0000e+00     0.0000e+00  0.0000e+00     0.0000e+00  0.0000e+00 
1.4987e+00     5.4787e-03  0.0000e+00     8.2110e-03  0.0000e+00     1.4787e-03  0.0000e+00     2.2162e-03  0.0000e+00 
1.6816e+00     0.0000e+00  0.0000e+00     0.0000e+00  0.0000e+00     0.0000e+00  0.0000e+00     0.0000e+00  0.0000e+00 
1.8868e+00     0.0000e+00  0.0000e+00     0.0000e+00  0.0000e+00     0.0000e+00  0.0000e+00     0.0000e+00  0.0000e+00 
2.1170e+00     0.0000e+00  0.0000e+00     0.0000e+00  0.0000e+00     0.0000e+00  0.0000e+00     0.0000e+00  0.0000e+00 
2.3753e+00     0.0000e+00  0.0000e+00     0.0000e+00  0.0000e+00     0.0000e+00  0.0000e+00     0.0000e+00  0.0000e+00 
2.6651e+00     0.0000e+00  0.0000e+00     0.0000e+00  0.0000e+00     0.0000e+00  0.0000e+00     0.0000e+00  0.0000e+00 
2.9903e+00     0.0000e+00  0.0000e+00     0.0000e+00  0.0000e+00     0.0000e+00  0.0000e+00     0.0000e+00  0.0000e+00 
3.3552e+00     0.0000e+00  0.0000e+00     0.0000e+00  0.0000e+00     0.0000e+00  0.0000e+00     0.0000e+00  0.0000e+00 
3.7646e+00     0.0000e+00  0.0000e+00     0.0000e+00  0.0000e+00     0.0000e+00  0.0000e+00     0.0000e+00  0.0000e+00 
4.2240e+00     0.0000e+00  0.0000e+00     0.0000e+00  0.0000e+00     0.0000e+00  0.0000e+00     0.0000e+00  0.0000e+00 
4.7394e+00     0.0000e+00  0.0000e+00     0.0000e+00  0.0000e+00     0.0000e+00  0.0000e+00     0.0000e+00  0.0000e+00 
5.3176e+00     0.0000e+00  0.0000e+00     0.0000e+00  0.0000e+00     0.0000e+00  0.0000e+00     0.0000e+00  0.0000e+00 
5.9665e+00     9.8627e-02  0.0000e+00     5.8846e-01  0.0000e+00     1.0598e-01  0.0000e+00     6.3231e-01  0.0000e+00 
6.6945e+00     2.9846e-02  0.0000e+00     1.9980e-01  0.0000e+00     3.5983e-02  0.0000e+00     2.4089e-01  0.0000e+00 
7.5114e+00     5.4657e-03  0.0000e+00     4.1055e-02  0.0000e+00     7.3937e-03  0.0000e+00     5.5537e-02  0.0000e+00 
8.4279e+00     2.9553e-02  0.0000e+00     2.4907e-01  0.0000e+00     4.4855e-02  0.0000e+00     3.7804e-01  0.0000e+00 
9.4563e+00     1.5340e-02  0.0000e+00     1.4506e-01  0.0000e+00     2.6124e-02  0.0000e+00     2.4704e-01  0.0000e+00 
1.0610e+01     5.9331e-02  0.0000e+00     6.2951e-01  0.0000e+00     1.1337e-01  0.0000e+00     1.2029e+00  0.0000e+00 
1.1905e+01     1.9083e-02  0.0000e+00     2.2717e-01  0.0000e+00     4.0912e-02  0.0000e+00     4.8704e-01  0.0000e+00 
1.3357e+01     1.1065e-02  0.0000e+00     1.4780e-01  0.0000e+00     2.6617e-02  0.0000e+00     3.5554e-01  0.0000e+00 
1.4987e+01     6.0266e-03  0.0000e+00     9.0321e-02  0.0000e+00     1.6266e-02  0.0000e+00     2.4378e-01  0.0000e+00 
1.6816e+01     6.6733e-03  0.0000e+00     1.1222e-01  0.0000e+00     2.0210e-02  0.0000e+00     3.3984e-01  0.0000e+00 
1.8868e+01     4.6420e-03  0.0000e+00     8.7584e-02  0.0000e+00     1.5773e-02  0.0000e+00     2.9761e-01  0.0000e+00 
2.1170e+01     4.1372e-03  0.0000e+00     8.7584e-02  0.0000e+00     1.5773e-02  0.0000e+00     3.3392e-01  0.0000e+00 
2.3753e+01     4.3787e-03  0.0000e+00     1.0401e-01  0.0000e+00     1.8731e-02  0.0000e+00     4.4491e-01  0.0000e+00 
2.6651e+01     3.4917e-03  0.0000e+00     9.3058e-02  0.0000e+00     1.6759e-02  0.0000e+00     4.4665e-01  0.0000e+00 
2.9903e+01     1.7390e-03  0.0000e+00     5.2003e-02  0.0000e+00     9.3654e-03  0.0000e+00     2.8006e-01  0.0000e+00 
3.3552e+01     1.5499e-03  0.0000e+00     5.2003e-02  0.0000e+00     9.3654e-03  0.0000e+00     3.1423e-01  0.0000e+00 
3.7646e+01     1.7449e-03  0.0000e+00     6.5688e-02  0.0000e+00     1.1830e-02  0.0000e+00     4.4535e-01  0.0000e+00 
4.2240e+01     1.4903e-03  0.0000e+00     6.2951e-02  0.0000e+00     1.1337e-02  0.0000e+00     4.7887e-01  0.0000e+00 
4.7394e+01     7.5076e-04  0.0000e+00     3.5581e-02  0.0000e+00     6.4079e-03  0.0000e+00     3.0369e-01  0.0000e+00 
5.3176e+01     5.6617e-04  0.0000e+00     3.0107e-02  0.0000e+00     5.4221e-03  0.0000e+00     2.8833e-01  0.0000e+00 
5.9665e+01     3.2111e-04  0.0000e+00     1.9159e-02  0.0000e+00     3.4504e-03  0.0000e+00     2.0587e-01  0.0000e+00 
6.6945e+01     3.2707e-04  0.0000e+00     2.1896e-02  0.0000e+00     3.9433e-03  0.0000e+00     2.6399e-01  0.0000e+00 
7.5114e+01     7.2876e-05  0.0000e+00     5.4740e-03  0.0000e+00     9.8583e-04  0.0000e+00     7.4049e-02  0.0000e+00 
8.4279e+01     6.4951e-05  0.0000e+00     5.4740e-03  0.0000e+00     9.8583e-04  0.0000e+00     8.3085e-02  0.0000e+00 
9.4563e+01     0.0000e+00  0.0000e+00     0.0000e+00  0.0000e+00     0.0000e+00  0.0000e+00     0.0000e+00  0.0000e+00 
1.0610e+02     0.0000e+00  0.0000e+00     0.0000e+00  0.0000e+00     0.0000e+00  0.0000e+00     0.0000e+00  0.0000e+00 
1.1905e+02     0.0000e+00  0.0000e+00     0.0000e+00  0.0000e+00     0.0000e+00  0.0000e+00     0.0000e+00  0.0000e+00 
1.3357e+02     0.0000e+00  0.0000e+00     0.0000e+00  0.0000e+00     0.0000e+00  0.0000e+00     0.0000e+00  0.0000e+00 
1.4987e+02     0.0000e+00  0.0000e+00     0.0000e+00  0.0000e+00     0.0000e+00  0.0000e+00     0.0000e+00  0.0000e+00 
1.6816e+02     0.0000e+00  0.0000e+00     0.0000e+00  0.0000e+00     0.0000e+00  0.0000e+00     0.0000e+00  0.0000e+00 
1.8868e+02     0.0000e+00  0.0000e+00     0.0000e+00  0.0000e+00     0.0000e+00  0.0000e+00     0.0000e+00  0.0000e+00 
2.1170e+02     0.0000e+00  0.0000e+00     0.0000e+00  0.0000e+00     0.0000e+00  0.0000e+00     0.0000e+00  0.0000e+00 
2.3753e+02     0.0000e+00  0.0000e+00     0.0000e+00  0.0000e+00     0.0000e+00  0.0000e+00     0.0000e+00  0.0000e+00 
2.6651e+02     0.0000e+00  0.0000e+00     0.0000e+00  0.0000e+00     0.0000e+00  0.0000e+00     0.0000e+00  0.0000e+00 
2.9903e+02     0.0000e+00  0.0000e+00     0.0000e+00  0.0000e+00     0.0000e+00  0.0000e+00     0.0000e+00  0.0000e+00 
3.3552e+02     0.0000e+00  0.0000e+00     0.0000e+00  0.0000e+00     0.0000e+00  0.0000e+00     0.0000e+00  0.0000e+00 
3.7646e+02     0.0000e+00  0.0000e+00     0.0000e+00  0.0000e+00     0.0000e+00  0.0000e+00     0.0000e+00  0.0000e+00 
4.2240e+02     0.0000e+00  0.0000e+00     0.0000e+00  0.0000e+00     0.0000e+00  0.0000e+00     0.0000e+00  0.0000e+00 
4.7394e+02     0.0000e+00  0.0000e+00     0.0000e+00  0.0000e+00     0.0000e+00  0.0000e+00     0.0000e+00  0.0000e+00 
5.3176e+02     0.0000e+00  0.0000e+00     0.0000e+00  0.0000e+00     0.0000e+00  0.0000e+00     0.0000e+00  0.0000e+00 
5.9665e+02     0.0000e+00  0.0000e+00     0.0000e+00  0.0000e+00     0.0000e+00  0.0000e+00     0.0000e+00  0.0000e+00 
6.6945e+02     0.0000e+00  0.0000e+00     0.0000e+00  0.0000e+00     0.0000e+00  0.0000e+00     0.0000e+00  0.0000e+00 
7.5114e+02     0.0000e+00  0.0000e+00     0.0000e+00  0.0000e+00     0.0000e+00  0.0000e+00     0.0000e+00  0.0000e+00 
8.4279e+02     0.0000e+00  0.0000e+00     0.0000e+00  0.0000e+00     0.0000e+00  0.0000e+00     0.0000e+00  0.0000e+00 
9.4563e+02     0.0000e+00  0.0000e+00     0.0000e+00  0.0000e+00     0.0000e+00  0.0000e+00     0.0000e+00  0.0000e+00 
1.0610e+03     0.0000e+00  0.0000e+00     0.0000e+00  0.0000e+00     0.0000e+00  0.0000e+00     0.0000e+00  0.0000e+00 
1.1905e+03     0.0000e+00  0.0000e+00     0.0000e+00  0.0000e+00     0.0000e+00  0.0000e+00     0.0000e+00  0.0000e+00 
1.3357e+03     0.0000e+00  0.0000e+00     0.0000e+00  0.0000e+00     0.0000e+00  0.0000e+00     0.0000e+00  0.0000e+00 
1.4987e+03     0.0000e+00  0.0000e+00     0.0000e+00  0.0000e+00     0.0000e+00  0.0000e+00     0.0000e+00  0.0000e+00 
1.6816e+03     0.0000e+00  0.0000e+00     0.0000e+00  0.0000e+00     0.0000e+00  0.0000e+00     0.0000e+00  0.0000e+00 
1.8868e+03     0.0000e+00  0.0000e+00     0.0000e+00  0.0000e+00     0.0000e+00  0.0000e+00     0.0000e+00  0.0000e+00 
2.1170e+03     0.0000e+00  0.0000e+00     0.0000e+00  0.0000e+00     0.0000e+00  0.0000e+00     0.0000e+00  0.0000e+00 
2.3753e+03     0.0000e+00  0.0000e+00     0.0000e+00  0.0000e+00     0.0000e+00  0.0000e+00     0.0000e+00  0.0000e+00 
2.6651e+03     0.0000e+00  0.0000e+00     0.0000e+00  0.0000e+00     0.0000e+00  0.0000e+00     0.0000e+00  0.0000e+00 
2.9903e+03     0.0000e+00  0.0000e+00     0.0000e+00  0.0000e+00     0.0000e+00  0.0000e+00     0.0000e+00  0.0000e+00 
3.3552e+03     0.0000e+00  0.0000e+00     0.0000e+00  0.0000e+00     0.0000e+00  0.0000e+00     0.0000e+00  0.0000e+00 
3.7646e+03     0.0000e+00  0.0000e+00     0.0000e+00  0.0000e+00     0.0000e+00  0.0000e+00     0.0000e+00  0.0000e+00 
4.2240e+03     0.0000e+00  0.0000e+00     0.0000e+00  0.0000e+00     0.0000e+00  0.0000e+00     0.0000e+00  0.0000e+00 
4.7394e+03     0.0000e+00  0.0000e+00     0.0000e+00  0.0000e+00     0.0000e+00  0.0000e+00     0.0000e+00  0.0000e+00 
5.3176e+03     0.0000e+00  0.0000e+00     0.0000e+00  0.0000e+00     0.0000e+00  0.0000e+00     0.0000e+00  0.0000e+00 
5.9665e+03     0.0000e+00  0.0000e+00     0.0000e+00  0.0000e+00     0.0000e+00  0.0000e+00     0.0000e+00  0.0000e+00 
6.6945e+03     0.0000e+00  0.0000e+00     0.0000e+00  0.0000e+00     0.0000e+00  0.0000e+00     0.0000e+00  0.0000e+00 
7.5114e+03     0.0000e+00  0.0000e+00     0.0000e+00  0.0000e+00     0.0000e+00  0.0000e+00     0.0000e+00  0.0000e+00 
8.4279e+03     0.0000e+00  0.0000e+00     0.0000e+00  0.0000e+00     0.0000e+00  0.0000e+00     0.0000e+00  0.0000e+00 
9.4563e+03     0.0000e+00  0.0000e+00     0.0000e+00  0.0000e+00     0.0000e+00  0.0000e+00     0.0000e+00  0.0000e+00 
