yF = 6.7345e+00 (std: 0.0000e+00) keV/um
yD = 2.3858e+01 (std: 0.0000e+00) keV/um
y (keV/um)     f(y)(std)                  yf(y)(std)                 d(y)(std)                  yd(y)(std)  
1.0610e-01     2.3530e+01  0.0000e+00     2.4965e+00  0.0000e+00     3.7071e-01  0.0000e+00     3.9333e-02  0.0000e+00 
1.1905e-01     1.8467e+00  0.0000e+00     2.1985e-01  0.0000e+00     3.2645e-02  0.0000e+00     3.8863e-03  0.0000e+00 
1.3357e-01     4.4086e-01  0.0000e+00     5.8887e-02  0.0000e+00     8.7441e-03  0.0000e+00     1.1680e-03  0.0000e+00 
1.4987e-01     2.4979e+00  0.0000e+00     3.7436e-01  0.0000e+00     5.5589e-02  0.0000e+00     8.3312e-03  0.0000e+00 
1.6816e-01     6.9022e-01  0.0000e+00     1.1607e-01  0.0000e+00     1.7235e-02  0.0000e+00     2.8982e-03  0.0000e+00 
1.8868e-01     4.5408e-01  0.0000e+00     8.5675e-02  0.0000e+00     1.2722e-02  0.0000e+00     2.4003e-03  0.0000e+00 
2.1170e-01     5.1070e-01  0.0000e+00     1.0811e-01  0.0000e+00     1.6054e-02  0.0000e+00     3.3986e-03  0.0000e+00 
2.3753e-01     4.5412e-01  0.0000e+00     1.0787e-01  0.0000e+00     1.6017e-02  0.0000e+00     3.8045e-03  0.0000e+00 
2.6651e-01     2.0190e-01  0.0000e+00     5.3809e-02  0.0000e+00     7.9901e-03  0.0000e+00     2.1295e-03  0.0000e+00 
2.9903e-01     1.7194e-01  0.0000e+00     5.1416e-02  0.0000e+00     7.6348e-03  0.0000e+00     2.2831e-03  0.0000e+00 
3.3552e-01     1.2110e+00  0.0000e+00     4.0631e-01  0.0000e+00     6.0333e-02  0.0000e+00     2.0243e-02  0.0000e+00 
3.7646e-01     7.6494e-01  0.0000e+00     2.8797e-01  0.0000e+00     4.2761e-02  0.0000e+00     1.6098e-02  0.0000e+00 
4.2240e-01     3.1516e-01  0.0000e+00     1.3312e-01  0.0000e+00     1.9767e-02  0.0000e+00     8.3496e-03  0.0000e+00 
4.7394e-01     2.8846e-01  0.0000e+00     1.3671e-01  0.0000e+00     2.0300e-02  0.0000e+00     9.6210e-03  0.0000e+00 
5.3176e-01     1.8323e-01  0.0000e+00     9.7434e-02  0.0000e+00     1.4468e-02  0.0000e+00     7.6936e-03  0.0000e+00 
5.9665e-01     9.0210e-02  0.0000e+00     5.3824e-02  0.0000e+00     7.9923e-03  0.0000e+00     4.7686e-03  0.0000e+00 
6.6945e-01     1.8281e-01  0.0000e+00     1.2238e-01  0.0000e+00     1.8173e-02  0.0000e+00     1.2166e-02  0.0000e+00 
7.5114e-01     1.4900e-01  0.0000e+00     1.1192e-01  0.0000e+00     1.6619e-02  0.0000e+00     1.2483e-02  0.0000e+00 
8.4279e-01     6.5924e-02  0.0000e+00     5.5560e-02  0.0000e+00     8.2501e-03  0.0000e+00     6.9531e-03  0.0000e+00 
9.4563e-01     4.3233e-02  0.0000e+00     4.0882e-02  0.0000e+00     6.0706e-03  0.0000e+00     5.7405e-03  0.0000e+00 
1.0610e+00     3.6565e-02  0.0000e+00     3.8796e-02  0.0000e+00     5.7608e-03  0.0000e+00     6.1122e-03  0.0000e+00 
1.1905e+00     1.9965e-02  0.0000e+00     2.3768e-02  0.0000e+00     3.5293e-03  0.0000e+00     4.2015e-03  0.0000e+00 
1.3357e+00     1.3141e-02  0.0000e+00     1.7552e-02  0.0000e+00     2.6063e-03  0.0000e+00     3.4814e-03  0.0000e+00 
1.4987e+00     6.7660e-03  0.0000e+00     1.0140e-02  0.0000e+00     1.5057e-03  0.0000e+00     2.2567e-03  0.0000e+00 
1.6816e+00     3.3491e-03  0.0000e+00     5.6319e-03  0.0000e+00     8.3628e-04  0.0000e+00     1.4063e-03  0.0000e+00 
1.8868e+00     1.6007e-03  0.0000e+00     3.0202e-03  0.0000e+00     4.4847e-04  0.0000e+00     8.4616e-04  0.0000e+00 
2.1170e+00     7.0988e-04  0.0000e+00     1.5028e-03  0.0000e+00     2.2315e-04  0.0000e+00     4.7241e-04  0.0000e+00 
2.3753e+00     1.9656e-04  0.0000e+00     4.6689e-04  0.0000e+00     6.9329e-05  0.0000e+00     1.6468e-04  0.0000e+00 
2.6651e+00     6.5694e-05  0.0000e+00     1.7508e-04  0.0000e+00     2.5998e-05  0.0000e+00     6.9289e-05  0.0000e+00 
2.9903e+00     4.8792e-06  0.0000e+00     1.4590e-05  0.0000e+00     2.1665e-06  0.0000e+00     6.4786e-06  0.0000e+00 
3.3552e+00     0.0000e+00  0.0000e+00     0.0000e+00  0.0000e+00     0.0000e+00  0.0000e+00     0.0000e+00  0.0000e+00 
3.7646e+00     0.0000e+00  0.0000e+00     0.0000e+00  0.0000e+00     0.0000e+00  0.0000e+00     0.0000e+00  0.0000e+00 
4.2240e+00     0.0000e+00  0.0000e+00     0.0000e+00  0.0000e+00     0.0000e+00  0.0000e+00     0.0000e+00  0.0000e+00 
4.7394e+00     0.0000e+00  0.0000e+00     0.0000e+00  0.0000e+00     0.0000e+00  0.0000e+00     0.0000e+00  0.0000e+00 
5.3176e+00     2.7438e-06  0.0000e+00     1.4590e-05  0.0000e+00     2.1665e-06  0.0000e+00     1.1521e-05  0.0000e+00 
5.9665e+00     8.1015e-03  0.0000e+00     4.8338e-02  0.0000e+00     7.1777e-03  0.0000e+00     4.2826e-02  0.0000e+00 
6.6945e+00     6.0131e-03  0.0000e+00     4.0255e-02  0.0000e+00     5.9774e-03  0.0000e+00     4.0016e-02  0.0000e+00 
7.5114e+00     4.5395e-03  0.0000e+00     3.4098e-02  0.0000e+00     5.0632e-03  0.0000e+00     3.8031e-02  0.0000e+00 
8.4279e+00     9.0136e-02  0.0000e+00     7.5966e-01  0.0000e+00     1.1280e-01  0.0000e+00     9.5069e-01  0.0000e+00 
9.4563e+00     1.8802e-02  0.0000e+00     1.7780e-01  0.0000e+00     2.6401e-02  0.0000e+00     2.4966e-01  0.0000e+00 
1.0610e+01     3.7820e-02  0.0000e+00     4.0128e-01  0.0000e+00     5.9586e-02  0.0000e+00     6.3221e-01  0.0000e+00 
1.1905e+01     2.8346e-02  0.0000e+00     3.3745e-01  0.0000e+00     5.0107e-02  0.0000e+00     5.9651e-01  0.0000e+00 
1.3357e+01     2.7184e-02  0.0000e+00     3.6311e-01  0.0000e+00     5.3918e-02  0.0000e+00     7.2020e-01  0.0000e+00 
1.4987e+01     1.4901e-02  0.0000e+00     2.2332e-01  0.0000e+00     3.3161e-02  0.0000e+00     4.9699e-01  0.0000e+00 
1.6816e+01     8.3590e-03  0.0000e+00     1.4056e-01  0.0000e+00     2.0872e-02  0.0000e+00     3.5099e-01  0.0000e+00 
1.8868e+01     4.3212e-03  0.0000e+00     8.1531e-02  0.0000e+00     1.2107e-02  0.0000e+00     2.2842e-01  0.0000e+00 
2.1170e+01     4.8375e-03  0.0000e+00     1.0241e-01  0.0000e+00     1.5207e-02  0.0000e+00     3.2193e-01  0.0000e+00 
2.3753e+01     1.2227e-02  0.0000e+00     2.9044e-01  0.0000e+00     4.3127e-02  0.0000e+00     1.0244e+00  0.0000e+00 
2.6651e+01     3.0187e-03  0.0000e+00     8.0451e-02  0.0000e+00     1.1946e-02  0.0000e+00     3.1838e-01  0.0000e+00 
2.9903e+01     2.4186e-03  0.0000e+00     7.2324e-02  0.0000e+00     1.0739e-02  0.0000e+00     3.2115e-01  0.0000e+00 
3.3552e+01     2.2465e-03  0.0000e+00     7.5374e-02  0.0000e+00     1.1192e-02  0.0000e+00     3.7552e-01  0.0000e+00 
3.7646e+01     1.7301e-03  0.0000e+00     6.5131e-02  0.0000e+00     9.6714e-03  0.0000e+00     3.6409e-01  0.0000e+00 
4.2240e+01     1.2107e-03  0.0000e+00     5.1139e-02  0.0000e+00     7.5937e-03  0.0000e+00     3.2075e-01  0.0000e+00 
4.7394e+01     9.7128e-04  0.0000e+00     4.6033e-02  0.0000e+00     6.8354e-03  0.0000e+00     3.2395e-01  0.0000e+00 
5.3176e+01     6.2503e-04  0.0000e+00     3.3237e-02  0.0000e+00     4.9353e-03  0.0000e+00     2.6244e-01  0.0000e+00 
5.9665e+01     3.8344e-04  0.0000e+00     2.2878e-02  0.0000e+00     3.3971e-03  0.0000e+00     2.0269e-01  0.0000e+00 
6.6945e+01     2.2470e-04  0.0000e+00     1.5043e-02  0.0000e+00     2.2337e-03  0.0000e+00     1.4953e-01  0.0000e+00 
7.5114e+01     1.0023e-04  0.0000e+00     7.5286e-03  0.0000e+00     1.1179e-03  0.0000e+00     8.3972e-02  0.0000e+00 
8.4279e+01     4.3453e-05  0.0000e+00     3.6622e-03  0.0000e+00     5.4380e-04  0.0000e+00     4.5831e-02  0.0000e+00 
9.4563e+01     1.3886e-05  0.0000e+00     1.3131e-03  0.0000e+00     1.9499e-04  0.0000e+00     1.8438e-02  0.0000e+00 
1.0610e+02     7.5633e-06  0.0000e+00     8.0247e-04  0.0000e+00     1.1916e-04  0.0000e+00     1.2643e-02  0.0000e+00 
1.1905e+02     2.6963e-06  0.0000e+00     3.2099e-04  0.0000e+00     4.7664e-05  0.0000e+00     5.6742e-03  0.0000e+00 
1.3357e+02     1.4200e-06  0.0000e+00     1.8967e-04  0.0000e+00     2.8165e-05  0.0000e+00     3.7621e-03  0.0000e+00 
1.4987e+02     1.9470e-07  0.0000e+00     2.9181e-05  0.0000e+00     4.3330e-06  0.0000e+00     6.4940e-04  0.0000e+00 
1.6816e+02     8.6765e-08  0.0000e+00     1.4590e-05  0.0000e+00     2.1665e-06  0.0000e+00     3.6432e-04  0.0000e+00 
1.8868e+02     0.0000e+00  0.0000e+00     0.0000e+00  0.0000e+00     0.0000e+00  0.0000e+00     0.0000e+00  0.0000e+00 
2.1170e+02     0.0000e+00  0.0000e+00     0.0000e+00  0.0000e+00     0.0000e+00  0.0000e+00     0.0000e+00  0.0000e+00 
2.3753e+02     0.0000e+00  0.0000e+00     0.0000e+00  0.0000e+00     0.0000e+00  0.0000e+00     0.0000e+00  0.0000e+00 
2.6651e+02     0.0000e+00  0.0000e+00     0.0000e+00  0.0000e+00     0.0000e+00  0.0000e+00     0.0000e+00  0.0000e+00 
2.9903e+02     0.0000e+00  0.0000e+00     0.0000e+00  0.0000e+00     0.0000e+00  0.0000e+00     0.0000e+00  0.0000e+00 
3.3552e+02     0.0000e+00  0.0000e+00     0.0000e+00  0.0000e+00     0.0000e+00  0.0000e+00     0.0000e+00  0.0000e+00 
3.7646e+02     0.0000e+00  0.0000e+00     0.0000e+00  0.0000e+00     0.0000e+00  0.0000e+00     0.0000e+00  0.0000e+00 
4.2240e+02     0.0000e+00  0.0000e+00     0.0000e+00  0.0000e+00     0.0000e+00  0.0000e+00     0.0000e+00  0.0000e+00 
4.7394e+02     0.0000e+00  0.0000e+00     0.0000e+00  0.0000e+00     0.0000e+00  0.0000e+00     0.0000e+00  0.0000e+00 
5.3176e+02     0.0000e+00  0.0000e+00     0.0000e+00  0.0000e+00     0.0000e+00  0.0000e+00     0.0000e+00  0.0000e+00 
5.9665e+02     0.0000e+00  0.0000e+00     0.0000e+00  0.0000e+00     0.0000e+00  0.0000e+00     0.0000e+00  0.0000e+00 
6.6945e+02     0.0000e+00  0.0000e+00     0.0000e+00  0.0000e+00     0.0000e+00  0.0000e+00     0.0000e+00  0.0000e+00 
7.5114e+02     0.0000e+00  0.0000e+00     0.0000e+00  0.0000e+00     0.0000e+00  0.0000e+00     0.0000e+00  0.0000e+00 
8.4279e+02     0.0000e+00  0.0000e+00     0.0000e+00  0.0000e+00     0.0000e+00  0.0000e+00     0.0000e+00  0.0000e+00 
9.4563e+02     0.0000e+00  0.0000e+00     0.0000e+00  0.0000e+00     0.0000e+00  0.0000e+00     0.0000e+00  0.0000e+00 
1.0610e+03     0.0000e+00  0.0000e+00     0.0000e+00  0.0000e+00     0.0000e+00  0.0000e+00     0.0000e+00  0.0000e+00 
1.1905e+03     0.0000e+00  0.0000e+00     0.0000e+00  0.0000e+00     0.0000e+00  0.0000e+00     0.0000e+00  0.0000e+00 
1.3357e+03     0.0000e+00  0.0000e+00     0.0000e+00  0.0000e+00     0.0000e+00  0.0000e+00     0.0000e+00  0.0000e+00 
1.4987e+03     0.0000e+00  0.0000e+00     0.0000e+00  0.0000e+00     0.0000e+00  0.0000e+00     0.0000e+00  0.0000e+00 
1.6816e+03     0.0000e+00  0.0000e+00     0.0000e+00  0.0000e+00     0.0000e+00  0.0000e+00     0.0000e+00  0.0000e+00 
1.8868e+03     0.0000e+00  0.0000e+00     0.0000e+00  0.0000e+00     0.0000e+00  0.0000e+00     0.0000e+00  0.0000e+00 
2.1170e+03     0.0000e+00  0.0000e+00     0.0000e+00  0.0000e+00     0.0000e+00  0.0000e+00     0.0000e+00  0.0000e+00 
2.3753e+03     0.0000e+00  0.0000e+00     0.0000e+00  0.0000e+00     0.0000e+00  0.0000e+00     0.0000e+00  0.0000e+00 
2.6651e+03     0.0000e+00  0.0000e+00     0.0000e+00  0.0000e+00     0.0000e+00  0.0000e+00     0.0000e+00  0.0000e+00 
2.9903e+03     0.0000e+00  0.0000e+00     0.0000e+00  0.0000e+00     0.0000e+00  0.0000e+00     0.0000e+00  0.0000e+00 
3.3552e+03     0.0000e+00  0.0000e+00     0.0000e+00  0.0000e+00     0.0000e+00  0.0000e+00     0.0000e+00  0.0000e+00 
3.7646e+03     0.0000e+00  0.0000e+00     0.0000e+00  0.0000e+00     0.0000e+00  0.0000e+00     0.0000e+00  0.0000e+00 
4.2240e+03     0.0000e+00  0.0000e+00     0.0000e+00  0.0000e+00     0.0000e+00  0.0000e+00     0.0000e+00  0.0000e+00 
4.7394e+03     0.0000e+00  0.0000e+00     0.0000e+00  0.0000e+00     0.0000e+00  0.0000e+00     0.0000e+00  0.0000e+00 
5.3176e+03     0.0000e+00  0.0000e+00     0.0000e+00  0.0000e+00     0.0000e+00  0.0000e+00     0.0000e+00  0.0000e+00 
5.9665e+03     0.0000e+00  0.0000e+00     0.0000e+00  0.0000e+00     0.0000e+00  0.0000e+00     0.0000e+00  0.0000e+00 
6.6945e+03     0.0000e+00  0.0000e+00     0.0000e+00  0.0000e+00     0.0000e+00  0.0000e+00     0.0000e+00  0.0000e+00 
7.5114e+03     0.0000e+00  0.0000e+00     0.0000e+00  0.0000e+00     0.0000e+00  0.0000e+00     0.0000e+00  0.0000e+00 
8.4279e+03     0.0000e+00  0.0000e+00     0.0000e+00  0.0000e+00     0.0000e+00  0.0000e+00     0.0000e+00  0.0000e+00 
9.4563e+03     0.0000e+00  0.0000e+00     0.0000e+00  0.0000e+00     0.0000e+00  0.0000e+00     0.0000e+00  0.0000e+00 
