yF = 2.3135e+01 (std: 0.0000e+00) keV/um
yD = 4.5256e+01 (std: 0.0000e+00) keV/um
y (keV/um)     f(y)(std)                  yf(y)(std)                 d(y)(std)                  yd(y)(std)  
1.0610e-01     3.5423e+00  0.0000e+00     3.7584e-01  0.0000e+00     1.6245e-02  0.0000e+00     1.7237e-03  0.0000e+00 
1.1905e-01     4.3682e-01  0.0000e+00     5.2002e-02  0.0000e+00     2.2478e-03  0.0000e+00     2.6759e-04  0.0000e+00 
1.3357e-01     2.2284e-01  0.0000e+00     2.9766e-02  0.0000e+00     1.2866e-03  0.0000e+00     1.7186e-04  0.0000e+00 
1.4987e-01     5.5822e-01  0.0000e+00     8.3662e-02  0.0000e+00     3.6162e-03  0.0000e+00     5.4197e-04  0.0000e+00 
1.6816e-01     2.9235e-01  0.0000e+00     4.9162e-02  0.0000e+00     2.1250e-03  0.0000e+00     3.5734e-04  0.0000e+00 
1.8868e-01     2.5736e-01  0.0000e+00     4.8558e-02  0.0000e+00     2.0989e-03  0.0000e+00     3.9601e-04  0.0000e+00 
2.1170e-01     2.5254e-01  0.0000e+00     5.3463e-02  0.0000e+00     2.3109e-03  0.0000e+00     4.8922e-04  0.0000e+00 
2.3753e-01     2.5704e-01  0.0000e+00     6.1056e-02  0.0000e+00     2.6391e-03  0.0000e+00     6.2687e-04  0.0000e+00 
2.6651e-01     1.7289e-01  0.0000e+00     4.6078e-02  0.0000e+00     1.9917e-03  0.0000e+00     5.3081e-04  0.0000e+00 
2.9903e-01     1.4990e-01  0.0000e+00     4.4825e-02  0.0000e+00     1.9375e-03  0.0000e+00     5.7938e-04  0.0000e+00 
3.3552e-01     2.7563e-01  0.0000e+00     9.2481e-02  0.0000e+00     3.9974e-03  0.0000e+00     1.3412e-03  0.0000e+00 
3.7646e-01     2.5857e-01  0.0000e+00     9.7341e-02  0.0000e+00     4.2075e-03  0.0000e+00     1.5840e-03  0.0000e+00 
4.2240e-01     1.8677e-01  0.0000e+00     7.8892e-02  0.0000e+00     3.4101e-03  0.0000e+00     1.4404e-03  0.0000e+00 
4.7394e-01     1.9053e-01  0.0000e+00     9.0299e-02  0.0000e+00     3.9031e-03  0.0000e+00     1.8498e-03  0.0000e+00 
5.3176e-01     1.7546e-01  0.0000e+00     9.3301e-02  0.0000e+00     4.0329e-03  0.0000e+00     2.1446e-03  0.0000e+00 
5.9665e-01     1.2919e-01  0.0000e+00     7.7079e-02  0.0000e+00     3.3317e-03  0.0000e+00     1.9879e-03  0.0000e+00 
6.6945e-01     1.1537e-01  0.0000e+00     7.7233e-02  0.0000e+00     3.3383e-03  0.0000e+00     2.2349e-03  0.0000e+00 
7.5114e-01     1.1954e-01  0.0000e+00     8.9794e-02  0.0000e+00     3.8813e-03  0.0000e+00     2.9154e-03  0.0000e+00 
8.4279e-01     8.9938e-02  0.0000e+00     7.5799e-02  0.0000e+00     3.2764e-03  0.0000e+00     2.7613e-03  0.0000e+00 
9.4563e-01     7.1442e-02  0.0000e+00     6.7557e-02  0.0000e+00     2.9201e-03  0.0000e+00     2.7613e-03  0.0000e+00 
1.0610e+00     5.3967e-02  0.0000e+00     5.7259e-02  0.0000e+00     2.4750e-03  0.0000e+00     2.6260e-03  0.0000e+00 
1.1905e+00     4.0531e-02  0.0000e+00     4.8251e-02  0.0000e+00     2.0856e-03  0.0000e+00     2.4829e-03  0.0000e+00 
1.3357e+00     2.8610e-02  0.0000e+00     3.8215e-02  0.0000e+00     1.6518e-03  0.0000e+00     2.2064e-03  0.0000e+00 
1.4987e+00     1.8928e-02  0.0000e+00     2.8368e-02  0.0000e+00     1.2262e-03  0.0000e+00     1.8377e-03  0.0000e+00 
1.6816e+00     1.2199e-02  0.0000e+00     2.0514e-02  0.0000e+00     8.8672e-04  0.0000e+00     1.4911e-03  0.0000e+00 
1.8868e+00     6.7195e-03  0.0000e+00     1.2678e-02  0.0000e+00     5.4801e-04  0.0000e+00     1.0340e-03  0.0000e+00 
2.1170e+00     3.4459e-03  0.0000e+00     7.2949e-03  0.0000e+00     3.1532e-04  0.0000e+00     6.6753e-04  0.0000e+00 
2.3753e+00     1.8829e-03  0.0000e+00     4.4725e-03  0.0000e+00     1.9332e-04  0.0000e+00     4.5920e-04  0.0000e+00 
2.6651e+00     6.6315e-04  0.0000e+00     1.7674e-03  0.0000e+00     7.6394e-05  0.0000e+00     2.0360e-04  0.0000e+00 
2.9903e+00     2.8345e-04  0.0000e+00     8.4762e-04  0.0000e+00     3.6638e-05  0.0000e+00     1.0956e-04  0.0000e+00 
3.3552e+00     1.3706e-04  0.0000e+00     4.5988e-04  0.0000e+00     1.9878e-05  0.0000e+00     6.6695e-05  0.0000e+00 
3.7646e+00     3.1138e-05  0.0000e+00     1.1722e-04  0.0000e+00     5.0669e-06  0.0000e+00     1.9075e-05  0.0000e+00 
4.2240e+00     2.1348e-06  0.0000e+00     9.0172e-06  0.0000e+00     3.8977e-07  0.0000e+00     1.6464e-06  0.0000e+00 
4.7394e+00     1.9026e-06  0.0000e+00     9.0172e-06  0.0000e+00     3.8977e-07  0.0000e+00     1.8472e-06  0.0000e+00 
5.3176e+00     1.6957e-06  0.0000e+00     9.0172e-06  0.0000e+00     3.8977e-07  0.0000e+00     2.0726e-06  0.0000e+00 
5.9665e+00     3.3929e-02  0.0000e+00     2.0244e-01  0.0000e+00     8.7502e-03  0.0000e+00     5.2208e-02  0.0000e+00 
6.6945e+00     2.7817e-02  0.0000e+00     1.8622e-01  0.0000e+00     8.0494e-03  0.0000e+00     5.3887e-02  0.0000e+00 
7.5114e+00     9.0240e-03  0.0000e+00     6.7783e-02  0.0000e+00     2.9299e-03  0.0000e+00     2.2007e-02  0.0000e+00 
8.4279e+00     2.7750e-02  0.0000e+00     2.3387e-01  0.0000e+00     1.0109e-02  0.0000e+00     8.5197e-02  0.0000e+00 
9.4563e+00     2.6439e-02  0.0000e+00     2.5001e-01  0.0000e+00     1.0807e-02  0.0000e+00     1.0219e-01  0.0000e+00 
1.0610e+01     3.3193e-02  0.0000e+00     3.5218e-01  0.0000e+00     1.5223e-02  0.0000e+00     1.6151e-01  0.0000e+00 
1.1905e+01     2.7823e-02  0.0000e+00     3.3122e-01  0.0000e+00     1.4317e-02  0.0000e+00     1.7044e-01  0.0000e+00 
1.3357e+01     2.4773e-02  0.0000e+00     3.3091e-01  0.0000e+00     1.4303e-02  0.0000e+00     1.9105e-01  0.0000e+00 
1.4987e+01     1.9436e-02  0.0000e+00     2.9128e-01  0.0000e+00     1.2591e-02  0.0000e+00     1.8870e-01  0.0000e+00 
1.6816e+01     1.7335e-02  0.0000e+00     2.9150e-01  0.0000e+00     1.2600e-02  0.0000e+00     2.1188e-01  0.0000e+00 
1.8868e+01     1.7351e-02  0.0000e+00     3.2737e-01  0.0000e+00     1.4150e-02  0.0000e+00     2.6699e-01  0.0000e+00 
2.1170e+01     1.7846e-02  0.0000e+00     3.7780e-01  0.0000e+00     1.6330e-02  0.0000e+00     3.4571e-01  0.0000e+00 
2.3753e+01     1.6937e-02  0.0000e+00     4.0231e-01  0.0000e+00     1.7390e-02  0.0000e+00     4.1306e-01  0.0000e+00 
2.6651e+01     1.4320e-02  0.0000e+00     3.8165e-01  0.0000e+00     1.6497e-02  0.0000e+00     4.3966e-01  0.0000e+00 
2.9903e+01     1.2236e-02  0.0000e+00     3.6590e-01  0.0000e+00     1.5816e-02  0.0000e+00     4.7295e-01  0.0000e+00 
3.3552e+01     1.1315e-02  0.0000e+00     3.7963e-01  0.0000e+00     1.6409e-02  0.0000e+00     5.5056e-01  0.0000e+00 
3.7646e+01     9.5890e-03  0.0000e+00     3.6099e-01  0.0000e+00     1.5603e-02  0.0000e+00     5.8741e-01  0.0000e+00 
4.2240e+01     7.7384e-03  0.0000e+00     3.2687e-01  0.0000e+00     1.4129e-02  0.0000e+00     5.9679e-01  0.0000e+00 
4.7394e+01     6.3032e-03  0.0000e+00     2.9873e-01  0.0000e+00     1.2913e-02  0.0000e+00     6.1197e-01  0.0000e+00 
5.3176e+01     4.9157e-03  0.0000e+00     2.6140e-01  0.0000e+00     1.1299e-02  0.0000e+00     6.0084e-01  0.0000e+00 
5.9665e+01     3.7024e-03  0.0000e+00     2.2090e-01  0.0000e+00     9.5485e-03  0.0000e+00     5.6971e-01  0.0000e+00 
6.6945e+01     2.6341e-03  0.0000e+00     1.7634e-01  0.0000e+00     7.6222e-03  0.0000e+00     5.1027e-01  0.0000e+00 
7.5114e+01     1.7957e-03  0.0000e+00     1.3488e-01  0.0000e+00     5.8301e-03  0.0000e+00     4.3792e-01  0.0000e+00 
8.4279e+01     1.1475e-03  0.0000e+00     9.6710e-02  0.0000e+00     4.1802e-03  0.0000e+00     3.5231e-01  0.0000e+00 
9.4563e+01     6.8142e-04  0.0000e+00     6.4437e-02  0.0000e+00     2.7853e-03  0.0000e+00     2.6338e-01  0.0000e+00 
1.0610e+02     3.6358e-04  0.0000e+00     3.8576e-02  0.0000e+00     1.6674e-03  0.0000e+00     1.7691e-01  0.0000e+00 
1.1905e+02     1.8141e-04  0.0000e+00     2.1596e-02  0.0000e+00     9.3349e-04  0.0000e+00     1.1113e-01  0.0000e+00 
1.3357e+02     7.8039e-05  0.0000e+00     1.0424e-02  0.0000e+00     4.5057e-04  0.0000e+00     6.0184e-02  0.0000e+00 
1.4987e+02     3.0143e-05  0.0000e+00     4.5176e-03  0.0000e+00     1.9527e-04  0.0000e+00     2.9266e-02  0.0000e+00 
1.6816e+02     1.1046e-05  0.0000e+00     1.8576e-03  0.0000e+00     8.0292e-05  0.0000e+00     1.3502e-02  0.0000e+00 
1.8868e+02     2.9631e-06  0.0000e+00     5.5907e-04  0.0000e+00     2.4165e-05  0.0000e+00     4.5595e-03  0.0000e+00 
2.1170e+02     6.8151e-07  0.0000e+00     1.4428e-04  0.0000e+00     6.2362e-06  0.0000e+00     1.3202e-03  0.0000e+00 
2.3753e+02     0.0000e+00  0.0000e+00     0.0000e+00  0.0000e+00     0.0000e+00  0.0000e+00     0.0000e+00  0.0000e+00 
2.6651e+02     3.3834e-08  0.0000e+00     9.0172e-06  0.0000e+00     3.8977e-07  0.0000e+00     1.0388e-04  0.0000e+00 
2.9903e+02     0.0000e+00  0.0000e+00     0.0000e+00  0.0000e+00     0.0000e+00  0.0000e+00     0.0000e+00  0.0000e+00 
3.3552e+02     0.0000e+00  0.0000e+00     0.0000e+00  0.0000e+00     0.0000e+00  0.0000e+00     0.0000e+00  0.0000e+00 
3.7646e+02     0.0000e+00  0.0000e+00     0.0000e+00  0.0000e+00     0.0000e+00  0.0000e+00     0.0000e+00  0.0000e+00 
4.2240e+02     0.0000e+00  0.0000e+00     0.0000e+00  0.0000e+00     0.0000e+00  0.0000e+00     0.0000e+00  0.0000e+00 
4.7394e+02     0.0000e+00  0.0000e+00     0.0000e+00  0.0000e+00     0.0000e+00  0.0000e+00     0.0000e+00  0.0000e+00 
5.3176e+02     0.0000e+00  0.0000e+00     0.0000e+00  0.0000e+00     0.0000e+00  0.0000e+00     0.0000e+00  0.0000e+00 
5.9665e+02     0.0000e+00  0.0000e+00     0.0000e+00  0.0000e+00     0.0000e+00  0.0000e+00     0.0000e+00  0.0000e+00 
6.6945e+02     0.0000e+00  0.0000e+00     0.0000e+00  0.0000e+00     0.0000e+00  0.0000e+00     0.0000e+00  0.0000e+00 
7.5114e+02     0.0000e+00  0.0000e+00     0.0000e+00  0.0000e+00     0.0000e+00  0.0000e+00     0.0000e+00  0.0000e+00 
8.4279e+02     0.0000e+00  0.0000e+00     0.0000e+00  0.0000e+00     0.0000e+00  0.0000e+00     0.0000e+00  0.0000e+00 
9.4563e+02     0.0000e+00  0.0000e+00     0.0000e+00  0.0000e+00     0.0000e+00  0.0000e+00     0.0000e+00  0.0000e+00 
1.0610e+03     0.0000e+00  0.0000e+00     0.0000e+00  0.0000e+00     0.0000e+00  0.0000e+00     0.0000e+00  0.0000e+00 
1.1905e+03     0.0000e+00  0.0000e+00     0.0000e+00  0.0000e+00     0.0000e+00  0.0000e+00     0.0000e+00  0.0000e+00 
1.3357e+03     0.0000e+00  0.0000e+00     0.0000e+00  0.0000e+00     0.0000e+00  0.0000e+00     0.0000e+00  0.0000e+00 
1.4987e+03     0.0000e+00  0.0000e+00     0.0000e+00  0.0000e+00     0.0000e+00  0.0000e+00     0.0000e+00  0.0000e+00 
1.6816e+03     0.0000e+00  0.0000e+00     0.0000e+00  0.0000e+00     0.0000e+00  0.0000e+00     0.0000e+00  0.0000e+00 
1.8868e+03     0.0000e+00  0.0000e+00     0.0000e+00  0.0000e+00     0.0000e+00  0.0000e+00     0.0000e+00  0.0000e+00 
2.1170e+03     0.0000e+00  0.0000e+00     0.0000e+00  0.0000e+00     0.0000e+00  0.0000e+00     0.0000e+00  0.0000e+00 
2.3753e+03     0.0000e+00  0.0000e+00     0.0000e+00  0.0000e+00     0.0000e+00  0.0000e+00     0.0000e+00  0.0000e+00 
2.6651e+03     0.0000e+00  0.0000e+00     0.0000e+00  0.0000e+00     0.0000e+00  0.0000e+00     0.0000e+00  0.0000e+00 
2.9903e+03     0.0000e+00  0.0000e+00     0.0000e+00  0.0000e+00     0.0000e+00  0.0000e+00     0.0000e+00  0.0000e+00 
3.3552e+03     0.0000e+00  0.0000e+00     0.0000e+00  0.0000e+00     0.0000e+00  0.0000e+00     0.0000e+00  0.0000e+00 
3.7646e+03     0.0000e+00  0.0000e+00     0.0000e+00  0.0000e+00     0.0000e+00  0.0000e+00     0.0000e+00  0.0000e+00 
4.2240e+03     0.0000e+00  0.0000e+00     0.0000e+00  0.0000e+00     0.0000e+00  0.0000e+00     0.0000e+00  0.0000e+00 
4.7394e+03     0.0000e+00  0.0000e+00     0.0000e+00  0.0000e+00     0.0000e+00  0.0000e+00     0.0000e+00  0.0000e+00 
5.3176e+03     0.0000e+00  0.0000e+00     0.0000e+00  0.0000e+00     0.0000e+00  0.0000e+00     0.0000e+00  0.0000e+00 
5.9665e+03     0.0000e+00  0.0000e+00     0.0000e+00  0.0000e+00     0.0000e+00  0.0000e+00     0.0000e+00  0.0000e+00 
6.6945e+03     0.0000e+00  0.0000e+00     0.0000e+00  0.0000e+00     0.0000e+00  0.0000e+00     0.0000e+00  0.0000e+00 
7.5114e+03     0.0000e+00  0.0000e+00     0.0000e+00  0.0000e+00     0.0000e+00  0.0000e+00     0.0000e+00  0.0000e+00 
8.4279e+03     0.0000e+00  0.0000e+00     0.0000e+00  0.0000e+00     0.0000e+00  0.0000e+00     0.0000e+00  0.0000e+00 
9.4563e+03     0.0000e+00  0.0000e+00     0.0000e+00  0.0000e+00     0.0000e+00  0.0000e+00     0.0000e+00  0.0000e+00 
