yF = 2.3110e+01 (std: 0.0000e+00) keV/um
yD = 4.5177e+01 (std: 0.0000e+00) keV/um
y (keV/um)     f(y)(std)                  yf(y)(std)                 d(y)(std)                  yd(y)(std)  
1.0610e-01     3.5556e+00  0.0000e+00     3.7725e-01  0.0000e+00     1.6324e-02  0.0000e+00     1.7320e-03  0.0000e+00 
1.1905e-01     4.3518e-01  0.0000e+00     5.1807e-02  0.0000e+00     2.2418e-03  0.0000e+00     2.6688e-04  0.0000e+00 
1.3357e-01     2.2539e-01  0.0000e+00     3.0106e-02  0.0000e+00     1.3028e-03  0.0000e+00     1.7402e-04  0.0000e+00 
1.4987e-01     5.4692e-01  0.0000e+00     8.1967e-02  0.0000e+00     3.5469e-03  0.0000e+00     5.3158e-04  0.0000e+00 
1.6816e-01     3.0165e-01  0.0000e+00     5.0725e-02  0.0000e+00     2.1950e-03  0.0000e+00     3.6910e-04  0.0000e+00 
1.8868e-01     2.5680e-01  0.0000e+00     4.8452e-02  0.0000e+00     2.0966e-03  0.0000e+00     3.9558e-04  0.0000e+00 
2.1170e-01     2.5895e-01  0.0000e+00     5.4819e-02  0.0000e+00     2.3722e-03  0.0000e+00     5.0218e-04  0.0000e+00 
2.3753e-01     2.6113e-01  0.0000e+00     6.2026e-02  0.0000e+00     2.6840e-03  0.0000e+00     6.3753e-04  0.0000e+00 
2.6651e-01     1.7831e-01  0.0000e+00     4.7523e-02  0.0000e+00     2.0564e-03  0.0000e+00     5.4806e-04  0.0000e+00 
2.9903e-01     1.5322e-01  0.0000e+00     4.5818e-02  0.0000e+00     1.9826e-03  0.0000e+00     5.9288e-04  0.0000e+00 
3.3552e-01     2.8110e-01  0.0000e+00     9.4315e-02  0.0000e+00     4.0812e-03  0.0000e+00     1.3693e-03  0.0000e+00 
3.7646e-01     2.6069e-01  0.0000e+00     9.8139e-02  0.0000e+00     4.2467e-03  0.0000e+00     1.5987e-03  0.0000e+00 
4.2240e-01     1.8825e-01  0.0000e+00     7.9514e-02  0.0000e+00     3.4408e-03  0.0000e+00     1.4534e-03  0.0000e+00 
4.7394e-01     1.8920e-01  0.0000e+00     8.9670e-02  0.0000e+00     3.8802e-03  0.0000e+00     1.8390e-03  0.0000e+00 
5.3176e-01     1.7528e-01  0.0000e+00     9.3206e-02  0.0000e+00     4.0332e-03  0.0000e+00     2.1447e-03  0.0000e+00 
5.9665e-01     1.2923e-01  0.0000e+00     7.7106e-02  0.0000e+00     3.3365e-03  0.0000e+00     1.9907e-03  0.0000e+00 
6.6945e-01     1.1659e-01  0.0000e+00     7.8053e-02  0.0000e+00     3.3775e-03  0.0000e+00     2.2611e-03  0.0000e+00 
7.5114e-01     1.1550e-01  0.0000e+00     8.6757e-02  0.0000e+00     3.7542e-03  0.0000e+00     2.8199e-03  0.0000e+00 
8.4279e-01     8.9927e-02  0.0000e+00     7.5789e-02  0.0000e+00     3.2796e-03  0.0000e+00     2.7640e-03  0.0000e+00 
9.4563e-01     6.9684e-02  0.0000e+00     6.5895e-02  0.0000e+00     2.8514e-03  0.0000e+00     2.6964e-03  0.0000e+00 
1.0610e+00     5.4685e-02  0.0000e+00     5.8021e-02  0.0000e+00     2.5107e-03  0.0000e+00     2.6639e-03  0.0000e+00 
1.1905e+00     4.0298e-02  0.0000e+00     4.7974e-02  0.0000e+00     2.0759e-03  0.0000e+00     2.4713e-03  0.0000e+00 
1.3357e+00     2.7448e-02  0.0000e+00     3.6663e-02  0.0000e+00     1.5865e-03  0.0000e+00     2.1191e-03  0.0000e+00 
1.4987e+00     1.8626e-02  0.0000e+00     2.7915e-02  0.0000e+00     1.2079e-03  0.0000e+00     1.8103e-03  0.0000e+00 
1.6816e+00     1.2004e-02  0.0000e+00     2.0185e-02  0.0000e+00     8.7346e-04  0.0000e+00     1.4688e-03  0.0000e+00 
1.8868e+00     6.8502e-03  0.0000e+00     1.2925e-02  0.0000e+00     5.5928e-04  0.0000e+00     1.0552e-03  0.0000e+00 
2.1170e+00     3.7833e-03  0.0000e+00     8.0091e-03  0.0000e+00     3.4657e-04  0.0000e+00     7.3369e-04  0.0000e+00 
2.3753e+00     1.7391e-03  0.0000e+00     4.1308e-03  0.0000e+00     1.7875e-04  0.0000e+00     4.2459e-04  0.0000e+00 
2.6651e+00     7.3775e-04  0.0000e+00     1.9662e-03  0.0000e+00     8.5082e-05  0.0000e+00     2.2676e-04  0.0000e+00 
2.9903e+00     2.8654e-04  0.0000e+00     8.5683e-04  0.0000e+00     3.7077e-05  0.0000e+00     1.1087e-04  0.0000e+00 
3.3552e+00     9.6774e-05  0.0000e+00     3.2470e-04  0.0000e+00     1.4050e-05  0.0000e+00     4.7142e-05  0.0000e+00 
3.7646e+00     1.4375e-05  0.0000e+00     5.4116e-05  0.0000e+00     2.3417e-06  0.0000e+00     8.8156e-06  0.0000e+00 
4.2240e+00     8.5411e-06  0.0000e+00     3.6077e-05  0.0000e+00     1.5611e-06  0.0000e+00     6.5942e-06  0.0000e+00 
4.7394e+00     0.0000e+00  0.0000e+00     0.0000e+00  0.0000e+00     0.0000e+00  0.0000e+00     0.0000e+00  0.0000e+00 
5.3176e+00     0.0000e+00  0.0000e+00     0.0000e+00  0.0000e+00     0.0000e+00  0.0000e+00     0.0000e+00  0.0000e+00 
5.9665e+00     3.3598e-02  0.0000e+00     2.0046e-01  0.0000e+00     8.6745e-03  0.0000e+00     5.1756e-02  0.0000e+00 
6.6945e+00     2.7622e-02  0.0000e+00     1.8491e-01  0.0000e+00     8.0016e-03  0.0000e+00     5.3567e-02  0.0000e+00 
7.5114e+00     9.0513e-03  0.0000e+00     6.7988e-02  0.0000e+00     2.9420e-03  0.0000e+00     2.2098e-02  0.0000e+00 
8.4279e+00     2.7585e-02  0.0000e+00     2.3248e-01  0.0000e+00     1.0060e-02  0.0000e+00     8.4785e-02  0.0000e+00 
9.4563e+00     2.6355e-02  0.0000e+00     2.4922e-01  0.0000e+00     1.0784e-02  0.0000e+00     1.0198e-01  0.0000e+00 
1.0610e+01     3.3755e-02  0.0000e+00     3.5815e-01  0.0000e+00     1.5498e-02  0.0000e+00     1.6443e-01  0.0000e+00 
1.1905e+01     2.7886e-02  0.0000e+00     3.3197e-01  0.0000e+00     1.4365e-02  0.0000e+00     1.7101e-01  0.0000e+00 
1.3357e+01     2.4262e-02  0.0000e+00     3.2407e-01  0.0000e+00     1.4023e-02  0.0000e+00     1.8731e-01  0.0000e+00 
1.4987e+01     1.9477e-02  0.0000e+00     2.9190e-01  0.0000e+00     1.2631e-02  0.0000e+00     1.8931e-01  0.0000e+00 
1.6816e+01     1.7184e-02  0.0000e+00     2.8896e-01  0.0000e+00     1.2504e-02  0.0000e+00     2.1026e-01  0.0000e+00 
1.8868e+01     1.7454e-02  0.0000e+00     3.2931e-01  0.0000e+00     1.4250e-02  0.0000e+00     2.6887e-01  0.0000e+00 
2.1170e+01     1.7944e-02  0.0000e+00     3.7987e-01  0.0000e+00     1.6438e-02  0.0000e+00     3.4798e-01  0.0000e+00 
2.3753e+01     1.6987e-02  0.0000e+00     4.0350e-01  0.0000e+00     1.7460e-02  0.0000e+00     4.1473e-01  0.0000e+00 
2.6651e+01     1.4447e-02  0.0000e+00     3.8503e-01  0.0000e+00     1.6661e-02  0.0000e+00     4.4403e-01  0.0000e+00 
2.9903e+01     1.2326e-02  0.0000e+00     3.6860e-01  0.0000e+00     1.5950e-02  0.0000e+00     4.7696e-01  0.0000e+00 
3.3552e+01     1.1184e-02  0.0000e+00     3.7526e-01  0.0000e+00     1.6238e-02  0.0000e+00     5.4482e-01  0.0000e+00 
3.7646e+01     9.5483e-03  0.0000e+00     3.5946e-01  0.0000e+00     1.5554e-02  0.0000e+00     5.8556e-01  0.0000e+00 
4.2240e+01     7.7150e-03  0.0000e+00     3.2588e-01  0.0000e+00     1.4101e-02  0.0000e+00     5.9564e-01  0.0000e+00 
4.7394e+01     6.3444e-03  0.0000e+00     3.0069e-01  0.0000e+00     1.3011e-02  0.0000e+00     6.1665e-01  0.0000e+00 
5.3176e+01     4.8962e-03  0.0000e+00     2.6036e-01  0.0000e+00     1.1266e-02  0.0000e+00     5.9910e-01  0.0000e+00 
5.9665e+01     3.7098e-03  0.0000e+00     2.2134e-01  0.0000e+00     9.5780e-03  0.0000e+00     5.7147e-01  0.0000e+00 
6.6945e+01     2.6268e-03  0.0000e+00     1.7585e-01  0.0000e+00     7.6094e-03  0.0000e+00     5.0941e-01  0.0000e+00 
7.5114e+01     1.8087e-03  0.0000e+00     1.3586e-01  0.0000e+00     5.8789e-03  0.0000e+00     4.4158e-01  0.0000e+00 
8.4279e+01     1.1481e-03  0.0000e+00     9.6759e-02  0.0000e+00     4.1870e-03  0.0000e+00     3.5287e-01  0.0000e+00 
9.4563e+01     6.6975e-04  0.0000e+00     6.3334e-02  0.0000e+00     2.7406e-03  0.0000e+00     2.5916e-01  0.0000e+00 
1.0610e+02     3.5907e-04  0.0000e+00     3.8098e-02  0.0000e+00     1.6486e-03  0.0000e+00     1.7491e-01  0.0000e+00 
1.1905e+02     1.7478e-04  0.0000e+00     2.0808e-02  0.0000e+00     9.0039e-04  0.0000e+00     1.0719e-01  0.0000e+00 
1.3357e+02     7.6301e-05  0.0000e+00     1.0192e-02  0.0000e+00     4.4102e-04  0.0000e+00     5.8909e-02  0.0000e+00 
1.4987e+02     3.1534e-05  0.0000e+00     4.7261e-03  0.0000e+00     2.0451e-04  0.0000e+00     3.0650e-02  0.0000e+00 
1.6816e+02     1.0727e-05  0.0000e+00     1.8039e-03  0.0000e+00     7.8057e-05  0.0000e+00     1.3126e-02  0.0000e+00 
1.8868e+02     2.6770e-06  0.0000e+00     5.0508e-04  0.0000e+00     2.1856e-05  0.0000e+00     4.1237e-03  0.0000e+00 
2.1170e+02     5.9646e-07  0.0000e+00     1.2627e-04  0.0000e+00     5.4640e-06  0.0000e+00     1.1567e-03  0.0000e+00 
2.3753e+02     0.0000e+00  0.0000e+00     0.0000e+00  0.0000e+00     0.0000e+00  0.0000e+00     0.0000e+00  0.0000e+00 
2.6651e+02     6.7684e-08  0.0000e+00     1.8039e-05  0.0000e+00     7.8057e-07  0.0000e+00     2.0803e-04  0.0000e+00 
2.9903e+02     0.0000e+00  0.0000e+00     0.0000e+00  0.0000e+00     0.0000e+00  0.0000e+00     0.0000e+00  0.0000e+00 
3.3552e+02     0.0000e+00  0.0000e+00     0.0000e+00  0.0000e+00     0.0000e+00  0.0000e+00     0.0000e+00  0.0000e+00 
3.7646e+02     0.0000e+00  0.0000e+00     0.0000e+00  0.0000e+00     0.0000e+00  0.0000e+00     0.0000e+00  0.0000e+00 
4.2240e+02     0.0000e+00  0.0000e+00     0.0000e+00  0.0000e+00     0.0000e+00  0.0000e+00     0.0000e+00  0.0000e+00 
4.7394e+02     0.0000e+00  0.0000e+00     0.0000e+00  0.0000e+00     0.0000e+00  0.0000e+00     0.0000e+00  0.0000e+00 
5.3176e+02     0.0000e+00  0.0000e+00     0.0000e+00  0.0000e+00     0.0000e+00  0.0000e+00     0.0000e+00  0.0000e+00 
5.9665e+02     0.0000e+00  0.0000e+00     0.0000e+00  0.0000e+00     0.0000e+00  0.0000e+00     0.0000e+00  0.0000e+00 
6.6945e+02     0.0000e+00  0.0000e+00     0.0000e+00  0.0000e+00     0.0000e+00  0.0000e+00     0.0000e+00  0.0000e+00 
7.5114e+02     0.0000e+00  0.0000e+00     0.0000e+00  0.0000e+00     0.0000e+00  0.0000e+00     0.0000e+00  0.0000e+00 
8.4279e+02     0.0000e+00  0.0000e+00     0.0000e+00  0.0000e+00     0.0000e+00  0.0000e+00     0.0000e+00  0.0000e+00 
9.4563e+02     0.0000e+00  0.0000e+00     0.0000e+00  0.0000e+00     0.0000e+00  0.0000e+00     0.0000e+00  0.0000e+00 
1.0610e+03     0.0000e+00  0.0000e+00     0.0000e+00  0.0000e+00     0.0000e+00  0.0000e+00     0.0000e+00  0.0000e+00 
1.1905e+03     0.0000e+00  0.0000e+00     0.0000e+00  0.0000e+00     0.0000e+00  0.0000e+00     0.0000e+00  0.0000e+00 
1.3357e+03     0.0000e+00  0.0000e+00     0.0000e+00  0.0000e+00     0.0000e+00  0.0000e+00     0.0000e+00  0.0000e+00 
1.4987e+03     0.0000e+00  0.0000e+00     0.0000e+00  0.0000e+00     0.0000e+00  0.0000e+00     0.0000e+00  0.0000e+00 
1.6816e+03     0.0000e+00  0.0000e+00     0.0000e+00  0.0000e+00     0.0000e+00  0.0000e+00     0.0000e+00  0.0000e+00 
1.8868e+03     0.0000e+00  0.0000e+00     0.0000e+00  0.0000e+00     0.0000e+00  0.0000e+00     0.0000e+00  0.0000e+00 
2.1170e+03     0.0000e+00  0.0000e+00     0.0000e+00  0.0000e+00     0.0000e+00  0.0000e+00     0.0000e+00  0.0000e+00 
2.3753e+03     0.0000e+00  0.0000e+00     0.0000e+00  0.0000e+00     0.0000e+00  0.0000e+00     0.0000e+00  0.0000e+00 
2.6651e+03     0.0000e+00  0.0000e+00     0.0000e+00  0.0000e+00     0.0000e+00  0.0000e+00     0.0000e+00  0.0000e+00 
2.9903e+03     0.0000e+00  0.0000e+00     0.0000e+00  0.0000e+00     0.0000e+00  0.0000e+00     0.0000e+00  0.0000e+00 
3.3552e+03     0.0000e+00  0.0000e+00     0.0000e+00  0.0000e+00     0.0000e+00  0.0000e+00     0.0000e+00  0.0000e+00 
3.7646e+03     0.0000e+00  0.0000e+00     0.0000e+00  0.0000e+00     0.0000e+00  0.0000e+00     0.0000e+00  0.0000e+00 
4.2240e+03     0.0000e+00  0.0000e+00     0.0000e+00  0.0000e+00     0.0000e+00  0.0000e+00     0.0000e+00  0.0000e+00 
4.7394e+03     0.0000e+00  0.0000e+00     0.0000e+00  0.0000e+00     0.0000e+00  0.0000e+00     0.0000e+00  0.0000e+00 
5.3176e+03     0.0000e+00  0.0000e+00     0.0000e+00  0.0000e+00     0.0000e+00  0.0000e+00     0.0000e+00  0.0000e+00 
5.9665e+03     0.0000e+00  0.0000e+00     0.0000e+00  0.0000e+00     0.0000e+00  0.0000e+00     0.0000e+00  0.0000e+00 
6.6945e+03     0.0000e+00  0.0000e+00     0.0000e+00  0.0000e+00     0.0000e+00  0.0000e+00     0.0000e+00  0.0000e+00 
7.5114e+03     0.0000e+00  0.0000e+00     0.0000e+00  0.0000e+00     0.0000e+00  0.0000e+00     0.0000e+00  0.0000e+00 
8.4279e+03     0.0000e+00  0.0000e+00     0.0000e+00  0.0000e+00     0.0000e+00  0.0000e+00     0.0000e+00  0.0000e+00 
9.4563e+03     0.0000e+00  0.0000e+00     0.0000e+00  0.0000e+00     0.0000e+00  0.0000e+00     0.0000e+00  0.0000e+00 
