yF = 4.2357e+00 (std: 0.0000e+00) keV/um
yD = 2.0810e+01 (std: 0.0000e+00) keV/um
y (keV/um)     f(y)(std)                  yf(y)(std)                 d(y)(std)                  yd(y)(std)  
1.0610e-01     2.5887e+01  0.0000e+00     2.7466e+00  0.0000e+00     6.4844e-01  0.0000e+00     6.8800e-02  0.0000e+00 
1.1905e-01     1.9269e+00  0.0000e+00     2.2939e-01  0.0000e+00     5.4156e-02  0.0000e+00     6.4471e-03  0.0000e+00 
1.3357e-01     5.6486e-01  0.0000e+00     7.5449e-02  0.0000e+00     1.7813e-02  0.0000e+00     2.3793e-03  0.0000e+00 
1.4987e-01     2.7698e+00  0.0000e+00     4.1511e-01  0.0000e+00     9.8003e-02  0.0000e+00     1.4688e-02  0.0000e+00 
1.6816e-01     9.1380e-01  0.0000e+00     1.5366e-01  0.0000e+00     3.6278e-02  0.0000e+00     6.1005e-03  0.0000e+00 
1.8868e-01     6.1375e-01  0.0000e+00     1.1580e-01  0.0000e+00     2.7339e-02  0.0000e+00     5.1583e-03  0.0000e+00 
2.1170e-01     6.2403e-01  0.0000e+00     1.3211e-01  0.0000e+00     3.1189e-02  0.0000e+00     6.6026e-03  0.0000e+00 
2.3753e-01     5.7245e-01  0.0000e+00     1.3597e-01  0.0000e+00     3.2102e-02  0.0000e+00     7.6252e-03  0.0000e+00 
2.6651e-01     2.6547e-01  0.0000e+00     7.0751e-02  0.0000e+00     1.6704e-02  0.0000e+00     4.4517e-03  0.0000e+00 
2.9903e-01     2.3013e-01  0.0000e+00     6.8817e-02  0.0000e+00     1.6247e-02  0.0000e+00     4.8583e-03  0.0000e+00 
3.3552e-01     1.4283e+00  0.0000e+00     4.7923e-01  0.0000e+00     1.1314e-01  0.0000e+00     3.7961e-02  0.0000e+00 
3.7646e-01     9.3235e-01  0.0000e+00     3.5099e-01  0.0000e+00     8.2865e-02  0.0000e+00     3.1196e-02  0.0000e+00 
4.2240e-01     4.3118e-01  0.0000e+00     1.8213e-01  0.0000e+00     4.2999e-02  0.0000e+00     1.8162e-02  0.0000e+00 
4.7394e-01     3.8721e-01  0.0000e+00     1.8351e-01  0.0000e+00     4.3325e-02  0.0000e+00     2.0533e-02  0.0000e+00 
5.3176e-01     2.4063e-01  0.0000e+00     1.2796e-01  0.0000e+00     3.0210e-02  0.0000e+00     1.6065e-02  0.0000e+00 
5.9665e-01     1.2460e-01  0.0000e+00     7.4344e-02  0.0000e+00     1.7552e-02  0.0000e+00     1.0472e-02  0.0000e+00 
6.6945e-01     2.0972e-01  0.0000e+00     1.4040e-01  0.0000e+00     3.3146e-02  0.0000e+00     2.2190e-02  0.0000e+00 
7.5114e-01     1.7955e-01  0.0000e+00     1.3487e-01  0.0000e+00     3.1841e-02  0.0000e+00     2.3917e-02  0.0000e+00 
8.4279e-01     8.2309e-02  0.0000e+00     6.9369e-02  0.0000e+00     1.6377e-02  0.0000e+00     1.3803e-02  0.0000e+00 
9.4563e-01     5.6991e-02  0.0000e+00     5.3892e-02  0.0000e+00     1.2723e-02  0.0000e+00     1.2032e-02  0.0000e+00 
1.0610e+00     4.6626e-02  0.0000e+00     4.9471e-02  0.0000e+00     1.1679e-02  0.0000e+00     1.2392e-02  0.0000e+00 
1.1905e+00     2.2287e-02  0.0000e+00     2.6532e-02  0.0000e+00     6.2638e-03  0.0000e+00     7.4569e-03  0.0000e+00 
1.3357e+00     1.2414e-02  0.0000e+00     1.6582e-02  0.0000e+00     3.9149e-03  0.0000e+00     5.2293e-03  0.0000e+00 
1.4987e+00     6.4542e-03  0.0000e+00     9.6730e-03  0.0000e+00     2.2837e-03  0.0000e+00     3.4226e-03  0.0000e+00 
1.6816e+00     2.9583e-03  0.0000e+00     4.9747e-03  0.0000e+00     1.1745e-03  0.0000e+00     1.9750e-03  0.0000e+00 
1.8868e+00     7.3239e-04  0.0000e+00     1.3819e-03  0.0000e+00     3.2624e-04  0.0000e+00     6.1554e-04  0.0000e+00 
2.1170e+00     5.2220e-04  0.0000e+00     1.1055e-03  0.0000e+00     2.6099e-04  0.0000e+00     5.5252e-04  0.0000e+00 
2.3753e+00     2.3270e-04  0.0000e+00     5.5274e-04  0.0000e+00     1.3050e-04  0.0000e+00     3.0997e-04  0.0000e+00 
2.6651e+00     1.0370e-04  0.0000e+00     2.7637e-04  0.0000e+00     6.5248e-05  0.0000e+00     1.7390e-04  0.0000e+00 
2.9903e+00     0.0000e+00  0.0000e+00     0.0000e+00  0.0000e+00     0.0000e+00  0.0000e+00     0.0000e+00  0.0000e+00 
3.3552e+00     0.0000e+00  0.0000e+00     0.0000e+00  0.0000e+00     0.0000e+00  0.0000e+00     0.0000e+00  0.0000e+00 
3.7646e+00     0.0000e+00  0.0000e+00     0.0000e+00  0.0000e+00     0.0000e+00  0.0000e+00     0.0000e+00  0.0000e+00 
4.2240e+00     0.0000e+00  0.0000e+00     0.0000e+00  0.0000e+00     0.0000e+00  0.0000e+00     0.0000e+00  0.0000e+00 
4.7394e+00     0.0000e+00  0.0000e+00     0.0000e+00  0.0000e+00     0.0000e+00  0.0000e+00     0.0000e+00  0.0000e+00 
5.3176e+00     5.1973e-05  0.0000e+00     2.7637e-04  0.0000e+00     6.5248e-05  0.0000e+00     3.4697e-04  0.0000e+00 
5.9665e+00     1.2307e-01  0.0000e+00     7.3432e-01  0.0000e+00     1.7336e-01  0.0000e+00     1.0344e+00  0.0000e+00 
6.6945e+00     2.2087e-02  0.0000e+00     1.4786e-01  0.0000e+00     3.4908e-02  0.0000e+00     2.3369e-01  0.0000e+00 
7.5114e+00     6.1446e-03  0.0000e+00     4.6154e-02  0.0000e+00     1.0896e-02  0.0000e+00     8.1847e-02  0.0000e+00 
8.4279e+00     2.6923e-02  0.0000e+00     2.2690e-01  0.0000e+00     5.3569e-02  0.0000e+00     4.5147e-01  0.0000e+00 
9.4563e+00     1.6016e-02  0.0000e+00     1.5145e-01  0.0000e+00     3.5756e-02  0.0000e+00     3.3812e-01  0.0000e+00 
1.0610e+01     2.5683e-02  0.0000e+00     2.7250e-01  0.0000e+00     6.4335e-02  0.0000e+00     6.8260e-01  0.0000e+00 
1.1905e+01     1.6506e-02  0.0000e+00     1.9650e-01  0.0000e+00     4.6392e-02  0.0000e+00     5.5228e-01  0.0000e+00 
1.3357e+01     1.2456e-02  0.0000e+00     1.6638e-01  0.0000e+00     3.9279e-02  0.0000e+00     5.2467e-01  0.0000e+00 
1.4987e+01     7.1734e-03  0.0000e+00     1.0751e-01  0.0000e+00     2.5382e-02  0.0000e+00     3.8040e-01  0.0000e+00 
1.6816e+01     4.4375e-03  0.0000e+00     7.4620e-02  0.0000e+00     1.7617e-02  0.0000e+00     2.9625e-01  0.0000e+00 
1.8868e+01     3.7645e-03  0.0000e+00     7.1028e-02  0.0000e+00     1.6769e-02  0.0000e+00     3.1639e-01  0.0000e+00 
2.1170e+01     3.8773e-03  0.0000e+00     8.2082e-02  0.0000e+00     1.9379e-02  0.0000e+00     4.1025e-01  0.0000e+00 
2.3753e+01     3.7931e-03  0.0000e+00     9.0097e-02  0.0000e+00     2.1271e-02  0.0000e+00     5.0525e-01  0.0000e+00 
2.6651e+01     2.1777e-03  0.0000e+00     5.8038e-02  0.0000e+00     1.3702e-02  0.0000e+00     3.6518e-01  0.0000e+00 
2.9903e+01     1.3401e-03  0.0000e+00     4.0074e-02  0.0000e+00     9.4610e-03  0.0000e+00     2.8292e-01  0.0000e+00 
3.3552e+01     1.3179e-03  0.0000e+00     4.4219e-02  0.0000e+00     1.0440e-02  0.0000e+00     3.5027e-01  0.0000e+00 
3.7646e+01     1.0865e-03  0.0000e+00     4.0903e-02  0.0000e+00     9.6568e-03  0.0000e+00     3.6354e-01  0.0000e+00 
4.2240e+01     6.6084e-04  0.0000e+00     2.7914e-02  0.0000e+00     6.5901e-03  0.0000e+00     2.7836e-01  0.0000e+00 
4.7394e+01     4.7235e-04  0.0000e+00     2.2386e-02  0.0000e+00     5.2851e-03  0.0000e+00     2.5048e-01  0.0000e+00 
5.3176e+01     3.2223e-04  0.0000e+00     1.7135e-02  0.0000e+00     4.0454e-03  0.0000e+00     2.1512e-01  0.0000e+00 
5.9665e+01     2.1771e-04  0.0000e+00     1.2989e-02  0.0000e+00     3.0667e-03  0.0000e+00     1.8297e-01  0.0000e+00 
6.6945e+01     1.0321e-04  0.0000e+00     6.9093e-03  0.0000e+00     1.6312e-03  0.0000e+00     1.0920e-01  0.0000e+00 
7.5114e+01     3.6794e-05  0.0000e+00     2.7637e-03  0.0000e+00     6.5248e-04  0.0000e+00     4.9010e-02  0.0000e+00 
8.4279e+01     2.9513e-05  0.0000e+00     2.4873e-03  0.0000e+00     5.8723e-04  0.0000e+00     4.9492e-02  0.0000e+00 
9.4563e+01     8.7679e-06  0.0000e+00     8.2911e-04  0.0000e+00     1.9574e-04  0.0000e+00     1.8510e-02  0.0000e+00 
1.0610e+02     2.6048e-06  0.0000e+00     2.7637e-04  0.0000e+00     6.5248e-05  0.0000e+00     6.9229e-03  0.0000e+00 
1.1905e+02     0.0000e+00  0.0000e+00     0.0000e+00  0.0000e+00     0.0000e+00  0.0000e+00     0.0000e+00  0.0000e+00 
1.3357e+02     0.0000e+00  0.0000e+00     0.0000e+00  0.0000e+00     0.0000e+00  0.0000e+00     0.0000e+00  0.0000e+00 
1.4987e+02     0.0000e+00  0.0000e+00     0.0000e+00  0.0000e+00     0.0000e+00  0.0000e+00     0.0000e+00  0.0000e+00 
1.6816e+02     0.0000e+00  0.0000e+00     0.0000e+00  0.0000e+00     0.0000e+00  0.0000e+00     0.0000e+00  0.0000e+00 
1.8868e+02     0.0000e+00  0.0000e+00     0.0000e+00  0.0000e+00     0.0000e+00  0.0000e+00     0.0000e+00  0.0000e+00 
2.1170e+02     0.0000e+00  0.0000e+00     0.0000e+00  0.0000e+00     0.0000e+00  0.0000e+00     0.0000e+00  0.0000e+00 
2.3753e+02     0.0000e+00  0.0000e+00     0.0000e+00  0.0000e+00     0.0000e+00  0.0000e+00     0.0000e+00  0.0000e+00 
2.6651e+02     0.0000e+00  0.0000e+00     0.0000e+00  0.0000e+00     0.0000e+00  0.0000e+00     0.0000e+00  0.0000e+00 
2.9903e+02     0.0000e+00  0.0000e+00     0.0000e+00  0.0000e+00     0.0000e+00  0.0000e+00     0.0000e+00  0.0000e+00 
3.3552e+02     0.0000e+00  0.0000e+00     0.0000e+00  0.0000e+00     0.0000e+00  0.0000e+00     0.0000e+00  0.0000e+00 
3.7646e+02     0.0000e+00  0.0000e+00     0.0000e+00  0.0000e+00     0.0000e+00  0.0000e+00     0.0000e+00  0.0000e+00 
4.2240e+02     0.0000e+00  0.0000e+00     0.0000e+00  0.0000e+00     0.0000e+00  0.0000e+00     0.0000e+00  0.0000e+00 
4.7394e+02     0.0000e+00  0.0000e+00     0.0000e+00  0.0000e+00     0.0000e+00  0.0000e+00     0.0000e+00  0.0000e+00 
5.3176e+02     0.0000e+00  0.0000e+00     0.0000e+00  0.0000e+00     0.0000e+00  0.0000e+00     0.0000e+00  0.0000e+00 
5.9665e+02     0.0000e+00  0.0000e+00     0.0000e+00  0.0000e+00     0.0000e+00  0.0000e+00     0.0000e+00  0.0000e+00 
6.6945e+02     0.0000e+00  0.0000e+00     0.0000e+00  0.0000e+00     0.0000e+00  0.0000e+00     0.0000e+00  0.0000e+00 
7.5114e+02     0.0000e+00  0.0000e+00     0.0000e+00  0.0000e+00     0.0000e+00  0.0000e+00     0.0000e+00  0.0000e+00 
8.4279e+02     0.0000e+00  0.0000e+00     0.0000e+00  0.0000e+00     0.0000e+00  0.0000e+00     0.0000e+00  0.0000e+00 
9.4563e+02     0.0000e+00  0.0000e+00     0.0000e+00  0.0000e+00     0.0000e+00  0.0000e+00     0.0000e+00  0.0000e+00 
1.0610e+03     0.0000e+00  0.0000e+00     0.0000e+00  0.0000e+00     0.0000e+00  0.0000e+00     0.0000e+00  0.0000e+00 
1.1905e+03     0.0000e+00  0.0000e+00     0.0000e+00  0.0000e+00     0.0000e+00  0.0000e+00     0.0000e+00  0.0000e+00 
1.3357e+03     0.0000e+00  0.0000e+00     0.0000e+00  0.0000e+00     0.0000e+00  0.0000e+00     0.0000e+00  0.0000e+00 
1.4987e+03     0.0000e+00  0.0000e+00     0.0000e+00  0.0000e+00     0.0000e+00  0.0000e+00     0.0000e+00  0.0000e+00 
1.6816e+03     0.0000e+00  0.0000e+00     0.0000e+00  0.0000e+00     0.0000e+00  0.0000e+00     0.0000e+00  0.0000e+00 
1.8868e+03     0.0000e+00  0.0000e+00     0.0000e+00  0.0000e+00     0.0000e+00  0.0000e+00     0.0000e+00  0.0000e+00 
2.1170e+03     0.0000e+00  0.0000e+00     0.0000e+00  0.0000e+00     0.0000e+00  0.0000e+00     0.0000e+00  0.0000e+00 
2.3753e+03     0.0000e+00  0.0000e+00     0.0000e+00  0.0000e+00     0.0000e+00  0.0000e+00     0.0000e+00  0.0000e+00 
2.6651e+03     0.0000e+00  0.0000e+00     0.0000e+00  0.0000e+00     0.0000e+00  0.0000e+00     0.0000e+00  0.0000e+00 
2.9903e+03     0.0000e+00  0.0000e+00     0.0000e+00  0.0000e+00     0.0000e+00  0.0000e+00     0.0000e+00  0.0000e+00 
3.3552e+03     0.0000e+00  0.0000e+00     0.0000e+00  0.0000e+00     0.0000e+00  0.0000e+00     0.0000e+00  0.0000e+00 
3.7646e+03     0.0000e+00  0.0000e+00     0.0000e+00  0.0000e+00     0.0000e+00  0.0000e+00     0.0000e+00  0.0000e+00 
4.2240e+03     0.0000e+00  0.0000e+00     0.0000e+00  0.0000e+00     0.0000e+00  0.0000e+00     0.0000e+00  0.0000e+00 
4.7394e+03     0.0000e+00  0.0000e+00     0.0000e+00  0.0000e+00     0.0000e+00  0.0000e+00     0.0000e+00  0.0000e+00 
5.3176e+03     0.0000e+00  0.0000e+00     0.0000e+00  0.0000e+00     0.0000e+00  0.0000e+00     0.0000e+00  0.0000e+00 
5.9665e+03     0.0000e+00  0.0000e+00     0.0000e+00  0.0000e+00     0.0000e+00  0.0000e+00     0.0000e+00  0.0000e+00 
6.6945e+03     0.0000e+00  0.0000e+00     0.0000e+00  0.0000e+00     0.0000e+00  0.0000e+00     0.0000e+00  0.0000e+00 
7.5114e+03     0.0000e+00  0.0000e+00     0.0000e+00  0.0000e+00     0.0000e+00  0.0000e+00     0.0000e+00  0.0000e+00 
8.4279e+03     0.0000e+00  0.0000e+00     0.0000e+00  0.0000e+00     0.0000e+00  0.0000e+00     0.0000e+00  0.0000e+00 
9.4563e+03     0.0000e+00  0.0000e+00     0.0000e+00  0.0000e+00     0.0000e+00  0.0000e+00     0.0000e+00  0.0000e+00 
