yF = 1.4395e+01 (std: 0.0000e+00) keV/um
yD = 3.5433e+01 (std: 0.0000e+00) keV/um
y (keV/um)     f(y)(std)                  yf(y)(std)                 d(y)(std)                  yd(y)(std)  
1.0610e-01     8.7051e+00  0.0000e+00     9.2362e-01  0.0000e+00     6.4162e-02  0.0000e+00     6.8076e-03  0.0000e+00 
1.1905e-01     8.6848e-01  0.0000e+00     1.0339e-01  0.0000e+00     7.1822e-03  0.0000e+00     8.5502e-04  0.0000e+00 
1.3357e-01     3.7596e-01  0.0000e+00     5.0218e-02  0.0000e+00     3.4885e-03  0.0000e+00     4.6597e-04  0.0000e+00 
1.4987e-01     1.1642e+00  0.0000e+00     1.7448e-01  0.0000e+00     1.2121e-02  0.0000e+00     1.8166e-03  0.0000e+00 
1.6816e-01     5.2613e-01  0.0000e+00     8.8473e-02  0.0000e+00     6.1460e-03  0.0000e+00     1.0335e-03  0.0000e+00 
1.8868e-01     4.2737e-01  0.0000e+00     8.0634e-02  0.0000e+00     5.6015e-03  0.0000e+00     1.0569e-03  0.0000e+00 
2.1170e-01     4.2334e-01  0.0000e+00     8.9622e-02  0.0000e+00     6.2258e-03  0.0000e+00     1.3180e-03  0.0000e+00 
2.3753e-01     4.0587e-01  0.0000e+00     9.6406e-02  0.0000e+00     6.6971e-03  0.0000e+00     1.5908e-03  0.0000e+00 
2.6651e-01     2.5344e-01  0.0000e+00     6.7545e-02  0.0000e+00     4.6922e-03  0.0000e+00     1.2505e-03  0.0000e+00 
2.9903e-01     2.2204e-01  0.0000e+00     6.6397e-02  0.0000e+00     4.6124e-03  0.0000e+00     1.3793e-03  0.0000e+00 
3.3552e-01     5.3164e-01  0.0000e+00     1.7838e-01  0.0000e+00     1.2391e-02  0.0000e+00     4.1576e-03  0.0000e+00 
3.7646e-01     4.5348e-01  0.0000e+00     1.7072e-01  0.0000e+00     1.1859e-02  0.0000e+00     4.4645e-03  0.0000e+00 
4.2240e-01     2.8569e-01  0.0000e+00     1.2068e-01  0.0000e+00     8.3830e-03  0.0000e+00     3.5409e-03  0.0000e+00 
4.7394e-01     2.8345e-01  0.0000e+00     1.3434e-01  0.0000e+00     9.3322e-03  0.0000e+00     4.4229e-03  0.0000e+00 
5.3176e-01     2.3465e-01  0.0000e+00     1.2478e-01  0.0000e+00     8.6680e-03  0.0000e+00     4.6093e-03  0.0000e+00 
5.9665e-01     1.6097e-01  0.0000e+00     9.6041e-02  0.0000e+00     6.6718e-03  0.0000e+00     3.9807e-03  0.0000e+00 
6.6945e-01     1.6096e-01  0.0000e+00     1.0775e-01  0.0000e+00     7.4853e-03  0.0000e+00     5.0111e-03  0.0000e+00 
7.5114e-01     1.5506e-01  0.0000e+00     1.1647e-01  0.0000e+00     8.0908e-03  0.0000e+00     6.0773e-03  0.0000e+00 
8.4279e-01     1.0656e-01  0.0000e+00     8.9810e-02  0.0000e+00     6.2389e-03  0.0000e+00     5.2580e-03  0.0000e+00 
9.4563e-01     7.8670e-02  0.0000e+00     7.4392e-02  0.0000e+00     5.1679e-03  0.0000e+00     4.8869e-03  0.0000e+00 
1.0610e+00     5.9667e-02  0.0000e+00     6.3307e-02  0.0000e+00     4.3978e-03  0.0000e+00     4.6661e-03  0.0000e+00 
1.1905e+00     4.2735e-02  0.0000e+00     5.0875e-02  0.0000e+00     3.5342e-03  0.0000e+00     4.2074e-03  0.0000e+00 
1.3357e+00     2.9015e-02  0.0000e+00     3.8757e-02  0.0000e+00     2.6923e-03  0.0000e+00     3.5962e-03  0.0000e+00 
1.4987e+00     1.8700e-02  0.0000e+00     2.8026e-02  0.0000e+00     1.9469e-03  0.0000e+00     2.9179e-03  0.0000e+00 
1.6816e+00     1.1359e-02  0.0000e+00     1.9102e-02  0.0000e+00     1.3270e-03  0.0000e+00     2.2314e-03  0.0000e+00 
1.8868e+00     6.3953e-03  0.0000e+00     1.2066e-02  0.0000e+00     8.3823e-04  0.0000e+00     1.5815e-03  0.0000e+00 
2.1170e+00     3.2098e-03  0.0000e+00     6.7952e-03  0.0000e+00     4.7205e-04  0.0000e+00     9.9932e-04  0.0000e+00 
2.3753e+00     1.4590e-03  0.0000e+00     3.4655e-03  0.0000e+00     2.4074e-04  0.0000e+00     5.7182e-04  0.0000e+00 
2.6651e+00     6.3840e-04  0.0000e+00     1.7014e-03  0.0000e+00     1.1819e-04  0.0000e+00     3.1500e-04  0.0000e+00 
2.9903e+00     2.4085e-04  0.0000e+00     7.2023e-04  0.0000e+00     5.0033e-05  0.0000e+00     1.4961e-04  0.0000e+00 
3.3552e+00     5.5998e-05  0.0000e+00     1.8789e-04  0.0000e+00     1.3052e-05  0.0000e+00     4.3792e-05  0.0000e+00 
3.7646e+00     2.4954e-05  0.0000e+00     9.3943e-05  0.0000e+00     6.5260e-06  0.0000e+00     2.4568e-05  0.0000e+00 
4.2240e+00     2.4712e-06  0.0000e+00     1.0438e-05  0.0000e+00     7.2511e-07  0.0000e+00     3.0628e-06  0.0000e+00 
4.7394e+00     2.2024e-06  0.0000e+00     1.0438e-05  0.0000e+00     7.2511e-07  0.0000e+00     3.4366e-06  0.0000e+00 
5.3176e+00     3.9258e-06  0.0000e+00     2.0876e-05  0.0000e+00     1.4502e-06  0.0000e+00     7.7118e-06  0.0000e+00 
5.9665e+00     5.1703e-02  0.0000e+00     3.0849e-01  0.0000e+00     2.1430e-02  0.0000e+00     1.2786e-01  0.0000e+00 
6.6945e+00     3.2073e-02  0.0000e+00     2.1471e-01  0.0000e+00     1.4916e-02  0.0000e+00     9.9852e-02  0.0000e+00 
7.5114e+00     1.0354e-02  0.0000e+00     7.7774e-02  0.0000e+00     5.4028e-03  0.0000e+00     4.0582e-02  0.0000e+00 
8.4279e+00     3.0669e-02  0.0000e+00     2.5848e-01  0.0000e+00     1.7956e-02  0.0000e+00     1.5133e-01  0.0000e+00 
9.4563e+00     3.4984e-02  0.0000e+00     3.3082e-01  0.0000e+00     2.2981e-02  0.0000e+00     2.1731e-01  0.0000e+00 
1.0610e+01     4.3042e-02  0.0000e+00     4.5668e-01  0.0000e+00     3.1724e-02  0.0000e+00     3.3660e-01  0.0000e+00 
1.1905e+01     2.9907e-02  0.0000e+00     3.5603e-01  0.0000e+00     2.4733e-02  0.0000e+00     2.9444e-01  0.0000e+00 
1.3357e+01     1.9994e-02  0.0000e+00     2.6707e-01  0.0000e+00     1.8553e-02  0.0000e+00     2.4781e-01  0.0000e+00 
1.4987e+01     1.5918e-02  0.0000e+00     2.3856e-01  0.0000e+00     1.6572e-02  0.0000e+00     2.4837e-01  0.0000e+00 
1.6816e+01     2.5498e-02  0.0000e+00     4.2877e-01  0.0000e+00     2.9785e-02  0.0000e+00     5.0087e-01  0.0000e+00 
1.8868e+01     1.6897e-02  0.0000e+00     3.1880e-01  0.0000e+00     2.2146e-02  0.0000e+00     4.1785e-01  0.0000e+00 
2.1170e+01     1.2518e-02  0.0000e+00     2.6500e-01  0.0000e+00     1.8409e-02  0.0000e+00     3.8972e-01  0.0000e+00 
2.3753e+01     1.2430e-02  0.0000e+00     2.9525e-01  0.0000e+00     2.0511e-02  0.0000e+00     4.8719e-01  0.0000e+00 
2.6651e+01     1.0875e-02  0.0000e+00     2.8984e-01  0.0000e+00     2.0134e-02  0.0000e+00     5.3660e-01  0.0000e+00 
2.9903e+01     8.2096e-03  0.0000e+00     2.4549e-01  0.0000e+00     1.7054e-02  0.0000e+00     5.0997e-01  0.0000e+00 
3.3552e+01     6.8156e-03  0.0000e+00     2.2868e-01  0.0000e+00     1.5886e-02  0.0000e+00     5.3300e-01  0.0000e+00 
3.7646e+01     5.3713e-03  0.0000e+00     2.0221e-01  0.0000e+00     1.4047e-02  0.0000e+00     5.2881e-01  0.0000e+00 
4.2240e+01     4.1086e-03  0.0000e+00     1.7354e-01  0.0000e+00     1.2056e-02  0.0000e+00     5.0923e-01  0.0000e+00 
4.7394e+01     3.0971e-03  0.0000e+00     1.4678e-01  0.0000e+00     1.0197e-02  0.0000e+00     4.8325e-01  0.0000e+00 
5.3176e+01     2.2485e-03  0.0000e+00     1.1957e-01  0.0000e+00     8.3062e-03  0.0000e+00     4.4169e-01  0.0000e+00 
5.9665e+01     1.6050e-03  0.0000e+00     9.5759e-02  0.0000e+00     6.6522e-03  0.0000e+00     3.9690e-01  0.0000e+00 
6.6945e+01     1.0511e-03  0.0000e+00     7.0363e-02  0.0000e+00     4.8880e-03  0.0000e+00     3.2723e-01  0.0000e+00 
7.5114e+01     6.6314e-04  0.0000e+00     4.9811e-02  0.0000e+00     3.4602e-03  0.0000e+00     2.5991e-01  0.0000e+00 
8.4279e+01     4.0190e-04  0.0000e+00     3.3872e-02  0.0000e+00     2.3530e-03  0.0000e+00     1.9831e-01  0.0000e+00 
9.4563e+01     2.2198e-04  0.0000e+00     2.0991e-02  0.0000e+00     1.4582e-03  0.0000e+00     1.3789e-01  0.0000e+00 
1.0610e+02     1.1274e-04  0.0000e+00     1.1962e-02  0.0000e+00     8.3098e-04  0.0000e+00     8.8168e-02  0.0000e+00 
1.1905e+02     4.8663e-05  0.0000e+00     5.7932e-03  0.0000e+00     4.0244e-04  0.0000e+00     4.7909e-02  0.0000e+00 
1.3357e+02     2.1803e-05  0.0000e+00     2.9122e-03  0.0000e+00     2.0231e-04  0.0000e+00     2.7023e-02  0.0000e+00 
1.4987e+02     9.1934e-06  0.0000e+00     1.3778e-03  0.0000e+00     9.5715e-05  0.0000e+00     1.4345e-02  0.0000e+00 
1.6816e+02     3.3519e-06  0.0000e+00     5.6366e-04  0.0000e+00     3.9156e-05  0.0000e+00     6.5844e-03  0.0000e+00 
1.8868e+02     9.9581e-07  0.0000e+00     1.8789e-04  0.0000e+00     1.3052e-05  0.0000e+00     2.4626e-03  0.0000e+00 
2.1170e+02     2.4653e-07  0.0000e+00     5.2191e-05  0.0000e+00     3.6256e-06  0.0000e+00     7.6753e-04  0.0000e+00 
2.3753e+02     8.7889e-08  0.0000e+00     2.0876e-05  0.0000e+00     1.4502e-06  0.0000e+00     3.4447e-04  0.0000e+00 
2.6651e+02     0.0000e+00  0.0000e+00     0.0000e+00  0.0000e+00     0.0000e+00  0.0000e+00     0.0000e+00  0.0000e+00 
2.9903e+02     0.0000e+00  0.0000e+00     0.0000e+00  0.0000e+00     0.0000e+00  0.0000e+00     0.0000e+00  0.0000e+00 
3.3552e+02     0.0000e+00  0.0000e+00     0.0000e+00  0.0000e+00     0.0000e+00  0.0000e+00     0.0000e+00  0.0000e+00 
3.7646e+02     0.0000e+00  0.0000e+00     0.0000e+00  0.0000e+00     0.0000e+00  0.0000e+00     0.0000e+00  0.0000e+00 
4.2240e+02     0.0000e+00  0.0000e+00     0.0000e+00  0.0000e+00     0.0000e+00  0.0000e+00     0.0000e+00  0.0000e+00 
4.7394e+02     0.0000e+00  0.0000e+00     0.0000e+00  0.0000e+00     0.0000e+00  0.0000e+00     0.0000e+00  0.0000e+00 
5.3176e+02     0.0000e+00  0.0000e+00     0.0000e+00  0.0000e+00     0.0000e+00  0.0000e+00     0.0000e+00  0.0000e+00 
5.9665e+02     0.0000e+00  0.0000e+00     0.0000e+00  0.0000e+00     0.0000e+00  0.0000e+00     0.0000e+00  0.0000e+00 
6.6945e+02     0.0000e+00  0.0000e+00     0.0000e+00  0.0000e+00     0.0000e+00  0.0000e+00     0.0000e+00  0.0000e+00 
7.5114e+02     0.0000e+00  0.0000e+00     0.0000e+00  0.0000e+00     0.0000e+00  0.0000e+00     0.0000e+00  0.0000e+00 
8.4279e+02     0.0000e+00  0.0000e+00     0.0000e+00  0.0000e+00     0.0000e+00  0.0000e+00     0.0000e+00  0.0000e+00 
9.4563e+02     0.0000e+00  0.0000e+00     0.0000e+00  0.0000e+00     0.0000e+00  0.0000e+00     0.0000e+00  0.0000e+00 
1.0610e+03     0.0000e+00  0.0000e+00     0.0000e+00  0.0000e+00     0.0000e+00  0.0000e+00     0.0000e+00  0.0000e+00 
1.1905e+03     0.0000e+00  0.0000e+00     0.0000e+00  0.0000e+00     0.0000e+00  0.0000e+00     0.0000e+00  0.0000e+00 
1.3357e+03     0.0000e+00  0.0000e+00     0.0000e+00  0.0000e+00     0.0000e+00  0.0000e+00     0.0000e+00  0.0000e+00 
1.4987e+03     0.0000e+00  0.0000e+00     0.0000e+00  0.0000e+00     0.0000e+00  0.0000e+00     0.0000e+00  0.0000e+00 
1.6816e+03     0.0000e+00  0.0000e+00     0.0000e+00  0.0000e+00     0.0000e+00  0.0000e+00     0.0000e+00  0.0000e+00 
1.8868e+03     0.0000e+00  0.0000e+00     0.0000e+00  0.0000e+00     0.0000e+00  0.0000e+00     0.0000e+00  0.0000e+00 
2.1170e+03     0.0000e+00  0.0000e+00     0.0000e+00  0.0000e+00     0.0000e+00  0.0000e+00     0.0000e+00  0.0000e+00 
2.3753e+03     0.0000e+00  0.0000e+00     0.0000e+00  0.0000e+00     0.0000e+00  0.0000e+00     0.0000e+00  0.0000e+00 
2.6651e+03     0.0000e+00  0.0000e+00     0.0000e+00  0.0000e+00     0.0000e+00  0.0000e+00     0.0000e+00  0.0000e+00 
2.9903e+03     0.0000e+00  0.0000e+00     0.0000e+00  0.0000e+00     0.0000e+00  0.0000e+00     0.0000e+00  0.0000e+00 
3.3552e+03     0.0000e+00  0.0000e+00     0.0000e+00  0.0000e+00     0.0000e+00  0.0000e+00     0.0000e+00  0.0000e+00 
3.7646e+03     0.0000e+00  0.0000e+00     0.0000e+00  0.0000e+00     0.0000e+00  0.0000e+00     0.0000e+00  0.0000e+00 
4.2240e+03     0.0000e+00  0.0000e+00     0.0000e+00  0.0000e+00     0.0000e+00  0.0000e+00     0.0000e+00  0.0000e+00 
4.7394e+03     0.0000e+00  0.0000e+00     0.0000e+00  0.0000e+00     0.0000e+00  0.0000e+00     0.0000e+00  0.0000e+00 
5.3176e+03     0.0000e+00  0.0000e+00     0.0000e+00  0.0000e+00     0.0000e+00  0.0000e+00     0.0000e+00  0.0000e+00 
5.9665e+03     0.0000e+00  0.0000e+00     0.0000e+00  0.0000e+00     0.0000e+00  0.0000e+00     0.0000e+00  0.0000e+00 
6.6945e+03     0.0000e+00  0.0000e+00     0.0000e+00  0.0000e+00     0.0000e+00  0.0000e+00     0.0000e+00  0.0000e+00 
7.5114e+03     0.0000e+00  0.0000e+00     0.0000e+00  0.0000e+00     0.0000e+00  0.0000e+00     0.0000e+00  0.0000e+00 
8.4279e+03     0.0000e+00  0.0000e+00     0.0000e+00  0.0000e+00     0.0000e+00  0.0000e+00     0.0000e+00  0.0000e+00 
9.4563e+03     0.0000e+00  0.0000e+00     0.0000e+00  0.0000e+00     0.0000e+00  0.0000e+00     0.0000e+00  0.0000e+00 
