yF = 9.7083e+01 (std: 0.0000e+00) keV/um
yD = 1.1375e+02 (std: 0.0000e+00) keV/um
y (keV/um)     f(y)(std)                  yf(y)(std)                 d(y)(std)                  yd(y)(std)  
1.0610e-01     1.6391e-04  0.0000e+00     1.7391e-05  0.0000e+00     1.7914e-07  0.0000e+00     1.9006e-08  0.0000e+00 
1.1905e-01     0.0000e+00  0.0000e+00     0.0000e+00  0.0000e+00     0.0000e+00  0.0000e+00     0.0000e+00  0.0000e+00 
1.3357e-01     6.5099e-05  0.0000e+00     8.6955e-06  0.0000e+00     8.9568e-08  0.0000e+00     1.1964e-08  0.0000e+00 
1.4987e-01     1.1604e-04  0.0000e+00     1.7391e-05  0.0000e+00     1.7914e-07  0.0000e+00     2.6847e-08  0.0000e+00 
1.6816e-01     2.0684e-04  0.0000e+00     3.4782e-05  0.0000e+00     3.5827e-07  0.0000e+00     6.0246e-08  0.0000e+00 
1.8868e-01     2.3043e-04  0.0000e+00     4.3478e-05  0.0000e+00     4.4784e-07  0.0000e+00     8.4497e-08  0.0000e+00 
2.1170e-01     2.8752e-04  0.0000e+00     6.0869e-05  0.0000e+00     6.2698e-07  0.0000e+00     1.3273e-07  0.0000e+00 
2.3753e-01     1.8304e-04  0.0000e+00     4.3478e-05  0.0000e+00     4.4784e-07  0.0000e+00     1.0638e-07  0.0000e+00 
2.6651e-01     9.7881e-05  0.0000e+00     2.6087e-05  0.0000e+00     2.6870e-07  0.0000e+00     7.1613e-08  0.0000e+00 
2.9903e-01     1.1632e-04  0.0000e+00     3.4782e-05  0.0000e+00     3.5827e-07  0.0000e+00     1.0714e-07  0.0000e+00 
3.3552e-01     1.5550e-04  0.0000e+00     5.2173e-05  0.0000e+00     5.3741e-07  0.0000e+00     1.8031e-07  0.0000e+00 
3.7646e-01     4.6196e-05  0.0000e+00     1.7391e-05  0.0000e+00     1.7914e-07  0.0000e+00     6.7438e-08  0.0000e+00 
4.2240e-01     1.0293e-04  0.0000e+00     4.3478e-05  0.0000e+00     4.4784e-07  0.0000e+00     1.8917e-07  0.0000e+00 
4.7394e-01     1.2843e-04  0.0000e+00     6.0869e-05  0.0000e+00     6.2698e-07  0.0000e+00     2.9715e-07  0.0000e+00 
5.3176e-01     1.4717e-04  0.0000e+00     7.8260e-05  0.0000e+00     8.0611e-07  0.0000e+00     4.2866e-07  0.0000e+00 
5.9665e-01     1.0202e-04  0.0000e+00     6.0869e-05  0.0000e+00     6.2698e-07  0.0000e+00     3.7408e-07  0.0000e+00 
6.6945e-01     6.4945e-05  0.0000e+00     4.3478e-05  0.0000e+00     4.4784e-07  0.0000e+00     2.9981e-07  0.0000e+00 
7.5114e-01     4.6306e-05  0.0000e+00     3.4782e-05  0.0000e+00     3.5827e-07  0.0000e+00     2.6911e-07  0.0000e+00 
8.4279e-01     2.0635e-05  0.0000e+00     1.7391e-05  0.0000e+00     1.7914e-07  0.0000e+00     1.5097e-07  0.0000e+00 
9.4563e-01     7.3564e-05  0.0000e+00     6.9564e-05  0.0000e+00     7.1654e-07  0.0000e+00     6.7758e-07  0.0000e+00 
1.0610e+00     1.6391e-05  0.0000e+00     1.7391e-05  0.0000e+00     1.7914e-07  0.0000e+00     1.9006e-07  0.0000e+00 
1.1905e+00     3.6521e-05  0.0000e+00     4.3478e-05  0.0000e+00     4.4784e-07  0.0000e+00     5.3314e-07  0.0000e+00 
1.3357e+00     0.0000e+00  0.0000e+00     0.0000e+00  0.0000e+00     0.0000e+00  0.0000e+00     0.0000e+00  0.0000e+00 
1.4987e+00     2.3208e-05  0.0000e+00     3.4782e-05  0.0000e+00     3.5827e-07  0.0000e+00     5.3695e-07  0.0000e+00 
1.6816e+00     5.1710e-06  0.0000e+00     8.6955e-06  0.0000e+00     8.9568e-08  0.0000e+00     1.5062e-07  0.0000e+00 
1.8868e+00     0.0000e+00  0.0000e+00     0.0000e+00  0.0000e+00     0.0000e+00  0.0000e+00     0.0000e+00  0.0000e+00 
2.1170e+00     1.8894e-04  0.0000e+00     3.9999e-04  0.0000e+00     4.1201e-06  0.0000e+00     8.7223e-06  0.0000e+00 
2.3753e+00     3.4778e-04  0.0000e+00     8.2607e-04  0.0000e+00     8.5089e-06  0.0000e+00     2.0211e-05  0.0000e+00 
2.6651e+00     2.1534e-04  0.0000e+00     5.7390e-04  0.0000e+00     5.9115e-06  0.0000e+00     1.5755e-05  0.0000e+00 
2.9903e+00     1.1341e-04  0.0000e+00     3.3912e-04  0.0000e+00     3.4931e-06  0.0000e+00     1.0446e-05  0.0000e+00 
3.3552e+00     3.1877e-04  0.0000e+00     1.0695e-03  0.0000e+00     1.1017e-05  0.0000e+00     3.6964e-05  0.0000e+00 
3.7646e+00     2.8411e-04  0.0000e+00     1.0695e-03  0.0000e+00     1.1017e-05  0.0000e+00     4.1474e-05  0.0000e+00 
4.2240e+00     1.2763e-04  0.0000e+00     5.3912e-04  0.0000e+00     5.5532e-06  0.0000e+00     2.3456e-05  0.0000e+00 
4.7394e+00     1.3027e-04  0.0000e+00     6.1738e-04  0.0000e+00     6.3593e-06  0.0000e+00     3.0139e-05  0.0000e+00 
5.3176e+00     2.7799e-05  0.0000e+00     1.4782e-04  0.0000e+00     1.5227e-06  0.0000e+00     8.0969e-06  0.0000e+00 
5.9665e+00     1.6031e-04  0.0000e+00     9.5651e-04  0.0000e+00     9.8525e-06  0.0000e+00     5.8785e-05  0.0000e+00 
6.6945e+00     4.8059e-05  0.0000e+00     3.2173e-04  0.0000e+00     3.3140e-06  0.0000e+00     2.2186e-05  0.0000e+00 
7.5114e+00     1.3892e-05  0.0000e+00     1.0435e-04  0.0000e+00     1.0748e-06  0.0000e+00     8.0733e-06  0.0000e+00 
8.4279e+00     1.4238e-04  0.0000e+00     1.2000e-03  0.0000e+00     1.2360e-05  0.0000e+00     1.0417e-04  0.0000e+00 
9.4563e+00     1.7380e-04  0.0000e+00     1.6435e-03  0.0000e+00     1.6928e-05  0.0000e+00     1.6008e-04  0.0000e+00 
1.0610e+01     3.5159e-04  0.0000e+00     3.7304e-03  0.0000e+00     3.8425e-05  0.0000e+00     4.0769e-04  0.0000e+00 
1.1905e+01     5.6024e-04  0.0000e+00     6.6695e-03  0.0000e+00     6.8699e-05  0.0000e+00     8.1784e-04  0.0000e+00 
1.3357e+01     6.2951e-04  0.0000e+00     8.4086e-03  0.0000e+00     8.6612e-05  0.0000e+00     1.1569e-03  0.0000e+00 
1.4987e+01     5.5351e-04  0.0000e+00     8.2955e-03  0.0000e+00     8.5448e-05  0.0000e+00     1.2806e-03  0.0000e+00 
1.6816e+01     5.5899e-04  0.0000e+00     9.3998e-03  0.0000e+00     9.6823e-05  0.0000e+00     1.6282e-03  0.0000e+00 
1.8868e+01     7.3047e-04  0.0000e+00     1.3782e-02  0.0000e+00     1.4197e-04  0.0000e+00     2.6786e-03  0.0000e+00 
2.1170e+01     1.2109e-03  0.0000e+00     2.5634e-02  0.0000e+00     2.6405e-04  0.0000e+00     5.5898e-03  0.0000e+00 
2.3753e+01     1.5595e-03  0.0000e+00     3.7043e-02  0.0000e+00     3.8156e-04  0.0000e+00     9.0632e-03  0.0000e+00 
2.6651e+01     1.7057e-03  0.0000e+00     4.5460e-02  0.0000e+00     4.6826e-04  0.0000e+00     1.2480e-02  0.0000e+00 
2.9903e+01     2.2423e-03  0.0000e+00     6.7051e-02  0.0000e+00     6.9066e-04  0.0000e+00     2.0653e-02  0.0000e+00 
3.3552e+01     3.0009e-03  0.0000e+00     1.0069e-01  0.0000e+00     1.0371e-03  0.0000e+00     3.4797e-02  0.0000e+00 
3.7646e+01     3.6834e-03  0.0000e+00     1.3867e-01  0.0000e+00     1.4283e-03  0.0000e+00     5.3771e-02  0.0000e+00 
4.2240e+01     4.5930e-03  0.0000e+00     1.9401e-01  0.0000e+00     1.9983e-03  0.0000e+00     8.4409e-02  0.0000e+00 
4.7394e+01     5.7141e-03  0.0000e+00     2.7081e-01  0.0000e+00     2.7895e-03  0.0000e+00     1.3220e-01  0.0000e+00 
5.3176e+01     6.8663e-03  0.0000e+00     3.6512e-01  0.0000e+00     3.7610e-03  0.0000e+00     1.9999e-01  0.0000e+00 
5.9665e+01     8.0524e-03  0.0000e+00     4.8044e-01  0.0000e+00     4.9488e-03  0.0000e+00     2.9527e-01  0.0000e+00 
6.6945e+01     9.1632e-03  0.0000e+00     6.1343e-01  0.0000e+00     6.3187e-03  0.0000e+00     4.2300e-01  0.0000e+00 
7.5114e+01     1.0015e-02  0.0000e+00     7.5225e-01  0.0000e+00     7.7485e-03  0.0000e+00     5.8202e-01  0.0000e+00 
8.4279e+01     1.0288e-02  0.0000e+00     8.6707e-01  0.0000e+00     8.9313e-03  0.0000e+00     7.5272e-01  0.0000e+00 
9.4563e+01     9.9806e-03  0.0000e+00     9.4379e-01  0.0000e+00     9.7215e-03  0.0000e+00     9.1929e-01  0.0000e+00 
1.0610e+02     8.9671e-03  0.0000e+00     9.5142e-01  0.0000e+00     9.8001e-03  0.0000e+00     1.0398e+00  0.0000e+00 
1.1905e+02     7.3636e-03  0.0000e+00     8.7662e-01  0.0000e+00     9.0296e-03  0.0000e+00     1.0749e+00  0.0000e+00 
1.3357e+02     5.4562e-03  0.0000e+00     7.2880e-01  0.0000e+00     7.5070e-03  0.0000e+00     1.0027e+00  0.0000e+00 
1.4987e+02     3.5532e-03  0.0000e+00     5.3253e-01  0.0000e+00     5.4853e-03  0.0000e+00     8.2209e-01  0.0000e+00 
1.6816e+02     2.0181e-03  0.0000e+00     3.3937e-01  0.0000e+00     3.4957e-03  0.0000e+00     5.8782e-01  0.0000e+00 
1.8868e+02     9.7413e-04  0.0000e+00     1.8380e-01  0.0000e+00     1.8932e-03  0.0000e+00     3.5720e-01  0.0000e+00 
2.1170e+02     3.8389e-04  0.0000e+00     8.1268e-02  0.0000e+00     8.3710e-04  0.0000e+00     1.7721e-01  0.0000e+00 
2.3753e+02     1.2154e-04  0.0000e+00     2.8869e-02  0.0000e+00     2.9737e-04  0.0000e+00     7.0633e-02  0.0000e+00 
2.6651e+02     3.1681e-05  0.0000e+00     8.4433e-03  0.0000e+00     8.6970e-05  0.0000e+00     2.3179e-02  0.0000e+00 
2.9903e+02     5.3796e-06  0.0000e+00     1.6087e-03  0.0000e+00     1.6570e-05  0.0000e+00     4.9550e-03  0.0000e+00 
3.3552e+02     9.0708e-07  0.0000e+00     3.0434e-04  0.0000e+00     3.1349e-06  0.0000e+00     1.0518e-03  0.0000e+00 
3.7646e+02     4.6196e-08  0.0000e+00     1.7391e-05  0.0000e+00     1.7914e-07  0.0000e+00     6.7438e-05  0.0000e+00 
4.2240e+02     0.0000e+00  0.0000e+00     0.0000e+00  0.0000e+00     0.0000e+00  0.0000e+00     0.0000e+00  0.0000e+00 
4.7394e+02     0.0000e+00  0.0000e+00     0.0000e+00  0.0000e+00     0.0000e+00  0.0000e+00     0.0000e+00  0.0000e+00 
5.3176e+02     0.0000e+00  0.0000e+00     0.0000e+00  0.0000e+00     0.0000e+00  0.0000e+00     0.0000e+00  0.0000e+00 
5.9665e+02     0.0000e+00  0.0000e+00     0.0000e+00  0.0000e+00     0.0000e+00  0.0000e+00     0.0000e+00  0.0000e+00 
6.6945e+02     0.0000e+00  0.0000e+00     0.0000e+00  0.0000e+00     0.0000e+00  0.0000e+00     0.0000e+00  0.0000e+00 
7.5114e+02     0.0000e+00  0.0000e+00     0.0000e+00  0.0000e+00     0.0000e+00  0.0000e+00     0.0000e+00  0.0000e+00 
8.4279e+02     0.0000e+00  0.0000e+00     0.0000e+00  0.0000e+00     0.0000e+00  0.0000e+00     0.0000e+00  0.0000e+00 
9.4563e+02     0.0000e+00  0.0000e+00     0.0000e+00  0.0000e+00     0.0000e+00  0.0000e+00     0.0000e+00  0.0000e+00 
1.0610e+03     0.0000e+00  0.0000e+00     0.0000e+00  0.0000e+00     0.0000e+00  0.0000e+00     0.0000e+00  0.0000e+00 
1.1905e+03     0.0000e+00  0.0000e+00     0.0000e+00  0.0000e+00     0.0000e+00  0.0000e+00     0.0000e+00  0.0000e+00 
1.3357e+03     0.0000e+00  0.0000e+00     0.0000e+00  0.0000e+00     0.0000e+00  0.0000e+00     0.0000e+00  0.0000e+00 
1.4987e+03     0.0000e+00  0.0000e+00     0.0000e+00  0.0000e+00     0.0000e+00  0.0000e+00     0.0000e+00  0.0000e+00 
1.6816e+03     0.0000e+00  0.0000e+00     0.0000e+00  0.0000e+00     0.0000e+00  0.0000e+00     0.0000e+00  0.0000e+00 
1.8868e+03     0.0000e+00  0.0000e+00     0.0000e+00  0.0000e+00     0.0000e+00  0.0000e+00     0.0000e+00  0.0000e+00 
2.1170e+03     0.0000e+00  0.0000e+00     0.0000e+00  0.0000e+00     0.0000e+00  0.0000e+00     0.0000e+00  0.0000e+00 
2.3753e+03     0.0000e+00  0.0000e+00     0.0000e+00  0.0000e+00     0.0000e+00  0.0000e+00     0.0000e+00  0.0000e+00 
2.6651e+03     0.0000e+00  0.0000e+00     0.0000e+00  0.0000e+00     0.0000e+00  0.0000e+00     0.0000e+00  0.0000e+00 
2.9903e+03     0.0000e+00  0.0000e+00     0.0000e+00  0.0000e+00     0.0000e+00  0.0000e+00     0.0000e+00  0.0000e+00 
3.3552e+03     0.0000e+00  0.0000e+00     0.0000e+00  0.0000e+00     0.0000e+00  0.0000e+00     0.0000e+00  0.0000e+00 
3.7646e+03     0.0000e+00  0.0000e+00     0.0000e+00  0.0000e+00     0.0000e+00  0.0000e+00     0.0000e+00  0.0000e+00 
4.2240e+03     0.0000e+00  0.0000e+00     0.0000e+00  0.0000e+00     0.0000e+00  0.0000e+00     0.0000e+00  0.0000e+00 
4.7394e+03     0.0000e+00  0.0000e+00     0.0000e+00  0.0000e+00     0.0000e+00  0.0000e+00     0.0000e+00  0.0000e+00 
5.3176e+03     0.0000e+00  0.0000e+00     0.0000e+00  0.0000e+00     0.0000e+00  0.0000e+00     0.0000e+00  0.0000e+00 
5.9665e+03     0.0000e+00  0.0000e+00     0.0000e+00  0.0000e+00     0.0000e+00  0.0000e+00     0.0000e+00  0.0000e+00 
6.6945e+03     0.0000e+00  0.0000e+00     0.0000e+00  0.0000e+00     0.0000e+00  0.0000e+00     0.0000e+00  0.0000e+00 
7.5114e+03     0.0000e+00  0.0000e+00     0.0000e+00  0.0000e+00     0.0000e+00  0.0000e+00     0.0000e+00  0.0000e+00 
8.4279e+03     0.0000e+00  0.0000e+00     0.0000e+00  0.0000e+00     0.0000e+00  0.0000e+00     0.0000e+00  0.0000e+00 
9.4563e+03     0.0000e+00  0.0000e+00     0.0000e+00  0.0000e+00     0.0000e+00  0.0000e+00     0.0000e+00  0.0000e+00 
