yF = 5.1395e+00 (std: 0.0000e+00) keV/um
yD = 2.3225e+01 (std: 0.0000e+00) keV/um
y (keV/um)     f(y)(std)                  yf(y)(std)                 d(y)(std)                  yd(y)(std)  
1.0610e-01     2.2623e+01  0.0000e+00     2.4003e+00  0.0000e+00     4.6703e-01  0.0000e+00     4.9552e-02  0.0000e+00 
1.1905e-01     1.8073e+00  0.0000e+00     2.1515e-01  0.0000e+00     4.1862e-02  0.0000e+00     4.9835e-03  0.0000e+00 
1.3357e-01     5.9419e-01  0.0000e+00     7.9368e-02  0.0000e+00     1.5443e-02  0.0000e+00     2.0627e-03  0.0000e+00 
1.4987e-01     2.5917e+00  0.0000e+00     3.8842e-01  0.0000e+00     7.5576e-02  0.0000e+00     1.1327e-02  0.0000e+00 
1.6816e-01     8.8297e-01  0.0000e+00     1.4848e-01  0.0000e+00     2.8890e-02  0.0000e+00     4.8581e-03  0.0000e+00 
1.8868e-01     6.3433e-01  0.0000e+00     1.1968e-01  0.0000e+00     2.3287e-02  0.0000e+00     4.3937e-03  0.0000e+00 
2.1170e-01     6.4735e-01  0.0000e+00     1.3704e-01  0.0000e+00     2.6665e-02  0.0000e+00     5.6449e-03  0.0000e+00 
2.3753e-01     6.2290e-01  0.0000e+00     1.4796e-01  0.0000e+00     2.8788e-02  0.0000e+00     6.8381e-03  0.0000e+00 
2.6651e-01     3.1097e-01  0.0000e+00     8.2879e-02  0.0000e+00     1.6126e-02  0.0000e+00     4.2977e-03  0.0000e+00 
2.9903e-01     2.7661e-01  0.0000e+00     8.2714e-02  0.0000e+00     1.6094e-02  0.0000e+00     4.8126e-03  0.0000e+00 
3.3552e-01     1.2427e+00  0.0000e+00     4.1694e-01  0.0000e+00     8.1125e-02  0.0000e+00     2.7219e-02  0.0000e+00 
3.7646e-01     8.7420e-01  0.0000e+00     3.2910e-01  0.0000e+00     6.4034e-02  0.0000e+00     2.4106e-02  0.0000e+00 
4.2240e-01     4.2469e-01  0.0000e+00     1.7939e-01  0.0000e+00     3.4904e-02  0.0000e+00     1.4743e-02  0.0000e+00 
4.7394e-01     4.1745e-01  0.0000e+00     1.9784e-01  0.0000e+00     3.8495e-02  0.0000e+00     1.8244e-02  0.0000e+00 
5.3176e-01     2.8278e-01  0.0000e+00     1.5037e-01  0.0000e+00     2.9258e-02  0.0000e+00     1.5558e-02  0.0000e+00 
5.9665e-01     1.5182e-01  0.0000e+00     9.0585e-02  0.0000e+00     1.7625e-02  0.0000e+00     1.0516e-02  0.0000e+00 
6.6945e-01     2.2695e-01  0.0000e+00     1.5194e-01  0.0000e+00     2.9562e-02  0.0000e+00     1.9790e-02  0.0000e+00 
7.5114e-01     1.9559e-01  0.0000e+00     1.4692e-01  0.0000e+00     2.8586e-02  0.0000e+00     2.1472e-02  0.0000e+00 
8.4279e-01     1.0361e-01  0.0000e+00     8.7321e-02  0.0000e+00     1.6990e-02  0.0000e+00     1.4319e-02  0.0000e+00 
9.4563e-01     6.4501e-02  0.0000e+00     6.0993e-02  0.0000e+00     1.1868e-02  0.0000e+00     1.1222e-02  0.0000e+00 
1.0610e+00     4.8077e-02  0.0000e+00     5.1011e-02  0.0000e+00     9.9252e-03  0.0000e+00     1.0531e-02  0.0000e+00 
1.1905e+00     2.9326e-02  0.0000e+00     3.4912e-02  0.0000e+00     6.7929e-03  0.0000e+00     8.0867e-03  0.0000e+00 
1.3357e+00     1.7657e-02  0.0000e+00     2.3586e-02  0.0000e+00     4.5891e-03  0.0000e+00     6.1298e-03  0.0000e+00 
1.4987e+00     9.0946e-03  0.0000e+00     1.3630e-02  0.0000e+00     2.6521e-03  0.0000e+00     3.9747e-03  0.0000e+00 
1.6816e+00     5.2841e-03  0.0000e+00     8.8857e-03  0.0000e+00     1.7289e-03  0.0000e+00     2.9073e-03  0.0000e+00 
1.8868e+00     2.0350e-03  0.0000e+00     3.8395e-03  0.0000e+00     7.4706e-04  0.0000e+00     1.4095e-03  0.0000e+00 
2.1170e+00     6.4774e-04  0.0000e+00     1.3713e-03  0.0000e+00     2.6681e-04  0.0000e+00     5.6483e-04  0.0000e+00 
2.3753e+00     2.5401e-04  0.0000e+00     6.0335e-04  0.0000e+00     1.1739e-04  0.0000e+00     2.7885e-04  0.0000e+00 
2.6651e+00     9.2613e-05  0.0000e+00     2.4683e-04  0.0000e+00     4.8025e-05  0.0000e+00     1.2799e-04  0.0000e+00 
2.9903e+00     1.8343e-05  0.0000e+00     5.4850e-05  0.0000e+00     1.0672e-05  0.0000e+00     3.1914e-05  0.0000e+00 
3.3552e+00     8.1739e-06  0.0000e+00     2.7425e-05  0.0000e+00     5.3361e-06  0.0000e+00     1.7904e-05  0.0000e+00 
3.7646e+00     0.0000e+00  0.0000e+00     0.0000e+00  0.0000e+00     0.0000e+00  0.0000e+00     0.0000e+00  0.0000e+00 
4.2240e+00     0.0000e+00  0.0000e+00     0.0000e+00  0.0000e+00     0.0000e+00  0.0000e+00     0.0000e+00  0.0000e+00 
4.7394e+00     0.0000e+00  0.0000e+00     0.0000e+00  0.0000e+00     0.0000e+00  0.0000e+00     0.0000e+00  0.0000e+00 
5.3176e+00     0.0000e+00  0.0000e+00     0.0000e+00  0.0000e+00     0.0000e+00  0.0000e+00     0.0000e+00  0.0000e+00 
5.9665e+00     1.0713e-01  0.0000e+00     6.3917e-01  0.0000e+00     1.2436e-01  0.0000e+00     7.4202e-01  0.0000e+00 
6.6945e+00     2.6702e-02  0.0000e+00     1.7876e-01  0.0000e+00     3.4781e-02  0.0000e+00     2.3284e-01  0.0000e+00 
7.5114e+00     6.7254e-03  0.0000e+00     5.0517e-02  0.0000e+00     9.8291e-03  0.0000e+00     7.3830e-02  0.0000e+00 
8.4279e+00     2.6345e-02  0.0000e+00     2.2203e-01  0.0000e+00     4.3201e-02  0.0000e+00     3.6410e-01  0.0000e+00 
9.4563e+00     1.9507e-02  0.0000e+00     1.8446e-01  0.0000e+00     3.5891e-02  0.0000e+00     3.3939e-01  0.0000e+00 
1.0610e+01     2.7265e-02  0.0000e+00     2.8928e-01  0.0000e+00     5.6285e-02  0.0000e+00     5.9719e-01  0.0000e+00 
1.1905e+01     2.0492e-02  0.0000e+00     2.4395e-01  0.0000e+00     4.7465e-02  0.0000e+00     5.6506e-01  0.0000e+00 
1.3357e+01     1.5278e-02  0.0000e+00     2.0407e-01  0.0000e+00     3.9706e-02  0.0000e+00     5.3037e-01  0.0000e+00 
1.4987e+01     9.5649e-03  0.0000e+00     1.4335e-01  0.0000e+00     2.7892e-02  0.0000e+00     4.1802e-01  0.0000e+00 
1.6816e+01     6.7585e-03  0.0000e+00     1.1365e-01  0.0000e+00     2.2113e-02  0.0000e+00     3.7185e-01  0.0000e+00 
1.8868e+01     5.0104e-03  0.0000e+00     9.4534e-02  0.0000e+00     1.8394e-02  0.0000e+00     3.4705e-01  0.0000e+00 
2.1170e+01     4.6559e-03  0.0000e+00     9.8566e-02  0.0000e+00     1.9178e-02  0.0000e+00     4.0600e-01  0.0000e+00 
2.3753e+01     4.1554e-03  0.0000e+00     9.8703e-02  0.0000e+00     1.9205e-02  0.0000e+00     4.5617e-01  0.0000e+00 
2.6651e+01     2.8216e-03  0.0000e+00     7.5200e-02  0.0000e+00     1.4632e-02  0.0000e+00     3.8995e-01  0.0000e+00 
2.9903e+01     2.0782e-03  0.0000e+00     6.2145e-02  0.0000e+00     1.2092e-02  0.0000e+00     3.6158e-01  0.0000e+00 
3.3552e+01     1.7533e-03  0.0000e+00     5.8827e-02  0.0000e+00     1.1446e-02  0.0000e+00     3.8404e-01  0.0000e+00 
3.7646e+01     1.2851e-03  0.0000e+00     4.8378e-02  0.0000e+00     9.4129e-03  0.0000e+00     3.5436e-01  0.0000e+00 
4.2240e+01     9.0249e-04  0.0000e+00     3.8121e-02  0.0000e+00     7.4172e-03  0.0000e+00     3.1330e-01  0.0000e+00 
4.7394e+01     6.9903e-04  0.0000e+00     3.3130e-02  0.0000e+00     6.4460e-03  0.0000e+00     3.0550e-01  0.0000e+00 
5.3176e+01     4.4560e-04  0.0000e+00     2.3695e-02  0.0000e+00     4.6104e-03  0.0000e+00     2.4517e-01  0.0000e+00 
5.9665e+01     2.9280e-04  0.0000e+00     1.7470e-02  0.0000e+00     3.3991e-03  0.0000e+00     2.0281e-01  0.0000e+00 
6.6945e+01     1.6714e-04  0.0000e+00     1.1189e-02  0.0000e+00     2.1771e-03  0.0000e+00     1.4575e-01  0.0000e+00 
7.5114e+01     9.5295e-05  0.0000e+00     7.1579e-03  0.0000e+00     1.3927e-03  0.0000e+00     1.0461e-01  0.0000e+00 
8.4279e+01     5.1415e-05  0.0000e+00     4.3332e-03  0.0000e+00     8.4311e-04  0.0000e+00     7.1056e-02  0.0000e+00 
9.4563e+01     1.9721e-05  0.0000e+00     1.8649e-03  0.0000e+00     3.6286e-04  0.0000e+00     3.4313e-02  0.0000e+00 
1.0610e+02     1.0339e-05  0.0000e+00     1.0970e-03  0.0000e+00     2.1345e-04  0.0000e+00     2.2647e-02  0.0000e+00 
1.1905e+02     1.8430e-06  0.0000e+00     2.1940e-04  0.0000e+00     4.2689e-05  0.0000e+00     5.0820e-03  0.0000e+00 
1.3357e+02     4.1064e-07  0.0000e+00     5.4850e-05  0.0000e+00     1.0672e-05  0.0000e+00     1.4255e-03  0.0000e+00 
1.4987e+02     0.0000e+00  0.0000e+00     0.0000e+00  0.0000e+00     0.0000e+00  0.0000e+00     0.0000e+00  0.0000e+00 
1.6816e+02     0.0000e+00  0.0000e+00     0.0000e+00  0.0000e+00     0.0000e+00  0.0000e+00     0.0000e+00  0.0000e+00 
1.8868e+02     0.0000e+00  0.0000e+00     0.0000e+00  0.0000e+00     0.0000e+00  0.0000e+00     0.0000e+00  0.0000e+00 
2.1170e+02     0.0000e+00  0.0000e+00     0.0000e+00  0.0000e+00     0.0000e+00  0.0000e+00     0.0000e+00  0.0000e+00 
2.3753e+02     0.0000e+00  0.0000e+00     0.0000e+00  0.0000e+00     0.0000e+00  0.0000e+00     0.0000e+00  0.0000e+00 
2.6651e+02     0.0000e+00  0.0000e+00     0.0000e+00  0.0000e+00     0.0000e+00  0.0000e+00     0.0000e+00  0.0000e+00 
2.9903e+02     0.0000e+00  0.0000e+00     0.0000e+00  0.0000e+00     0.0000e+00  0.0000e+00     0.0000e+00  0.0000e+00 
3.3552e+02     0.0000e+00  0.0000e+00     0.0000e+00  0.0000e+00     0.0000e+00  0.0000e+00     0.0000e+00  0.0000e+00 
3.7646e+02     0.0000e+00  0.0000e+00     0.0000e+00  0.0000e+00     0.0000e+00  0.0000e+00     0.0000e+00  0.0000e+00 
4.2240e+02     0.0000e+00  0.0000e+00     0.0000e+00  0.0000e+00     0.0000e+00  0.0000e+00     0.0000e+00  0.0000e+00 
4.7394e+02     0.0000e+00  0.0000e+00     0.0000e+00  0.0000e+00     0.0000e+00  0.0000e+00     0.0000e+00  0.0000e+00 
5.3176e+02     0.0000e+00  0.0000e+00     0.0000e+00  0.0000e+00     0.0000e+00  0.0000e+00     0.0000e+00  0.0000e+00 
5.9665e+02     0.0000e+00  0.0000e+00     0.0000e+00  0.0000e+00     0.0000e+00  0.0000e+00     0.0000e+00  0.0000e+00 
6.6945e+02     0.0000e+00  0.0000e+00     0.0000e+00  0.0000e+00     0.0000e+00  0.0000e+00     0.0000e+00  0.0000e+00 
7.5114e+02     0.0000e+00  0.0000e+00     0.0000e+00  0.0000e+00     0.0000e+00  0.0000e+00     0.0000e+00  0.0000e+00 
8.4279e+02     0.0000e+00  0.0000e+00     0.0000e+00  0.0000e+00     0.0000e+00  0.0000e+00     0.0000e+00  0.0000e+00 
9.4563e+02     0.0000e+00  0.0000e+00     0.0000e+00  0.0000e+00     0.0000e+00  0.0000e+00     0.0000e+00  0.0000e+00 
1.0610e+03     0.0000e+00  0.0000e+00     0.0000e+00  0.0000e+00     0.0000e+00  0.0000e+00     0.0000e+00  0.0000e+00 
1.1905e+03     0.0000e+00  0.0000e+00     0.0000e+00  0.0000e+00     0.0000e+00  0.0000e+00     0.0000e+00  0.0000e+00 
1.3357e+03     0.0000e+00  0.0000e+00     0.0000e+00  0.0000e+00     0.0000e+00  0.0000e+00     0.0000e+00  0.0000e+00 
1.4987e+03     0.0000e+00  0.0000e+00     0.0000e+00  0.0000e+00     0.0000e+00  0.0000e+00     0.0000e+00  0.0000e+00 
1.6816e+03     0.0000e+00  0.0000e+00     0.0000e+00  0.0000e+00     0.0000e+00  0.0000e+00     0.0000e+00  0.0000e+00 
1.8868e+03     0.0000e+00  0.0000e+00     0.0000e+00  0.0000e+00     0.0000e+00  0.0000e+00     0.0000e+00  0.0000e+00 
2.1170e+03     0.0000e+00  0.0000e+00     0.0000e+00  0.0000e+00     0.0000e+00  0.0000e+00     0.0000e+00  0.0000e+00 
2.3753e+03     0.0000e+00  0.0000e+00     0.0000e+00  0.0000e+00     0.0000e+00  0.0000e+00     0.0000e+00  0.0000e+00 
2.6651e+03     0.0000e+00  0.0000e+00     0.0000e+00  0.0000e+00     0.0000e+00  0.0000e+00     0.0000e+00  0.0000e+00 
2.9903e+03     0.0000e+00  0.0000e+00     0.0000e+00  0.0000e+00     0.0000e+00  0.0000e+00     0.0000e+00  0.0000e+00 
3.3552e+03     0.0000e+00  0.0000e+00     0.0000e+00  0.0000e+00     0.0000e+00  0.0000e+00     0.0000e+00  0.0000e+00 
3.7646e+03     0.0000e+00  0.0000e+00     0.0000e+00  0.0000e+00     0.0000e+00  0.0000e+00     0.0000e+00  0.0000e+00 
4.2240e+03     0.0000e+00  0.0000e+00     0.0000e+00  0.0000e+00     0.0000e+00  0.0000e+00     0.0000e+00  0.0000e+00 
4.7394e+03     0.0000e+00  0.0000e+00     0.0000e+00  0.0000e+00     0.0000e+00  0.0000e+00     0.0000e+00  0.0000e+00 
5.3176e+03     0.0000e+00  0.0000e+00     0.0000e+00  0.0000e+00     0.0000e+00  0.0000e+00     0.0000e+00  0.0000e+00 
5.9665e+03     0.0000e+00  0.0000e+00     0.0000e+00  0.0000e+00     0.0000e+00  0.0000e+00     0.0000e+00  0.0000e+00 
6.6945e+03     0.0000e+00  0.0000e+00     0.0000e+00  0.0000e+00     0.0000e+00  0.0000e+00     0.0000e+00  0.0000e+00 
7.5114e+03     0.0000e+00  0.0000e+00     0.0000e+00  0.0000e+00     0.0000e+00  0.0000e+00     0.0000e+00  0.0000e+00 
8.4279e+03     0.0000e+00  0.0000e+00     0.0000e+00  0.0000e+00     0.0000e+00  0.0000e+00     0.0000e+00  0.0000e+00 
9.4563e+03     0.0000e+00  0.0000e+00     0.0000e+00  0.0000e+00     0.0000e+00  0.0000e+00     0.0000e+00  0.0000e+00 
