yF = 1.9203e+01 (std: 0.0000e+00) keV/um
yD = 4.1876e+01 (std: 0.0000e+00) keV/um
y (keV/um)     f(y)(std)                  yf(y)(std)                 d(y)(std)                  yd(y)(std)  
1.0610e-01     4.8791e+00  0.0000e+00     5.1767e-01  0.0000e+00     2.6958e-02  0.0000e+00     2.8602e-03  0.0000e+00 
1.1905e-01     5.5754e-01  0.0000e+00     6.6373e-02  0.0000e+00     3.4564e-03  0.0000e+00     4.1147e-04  0.0000e+00 
1.3357e-01     2.8451e-01  0.0000e+00     3.8002e-02  0.0000e+00     1.9790e-03  0.0000e+00     2.6434e-04  0.0000e+00 
1.4987e-01     7.3358e-01  0.0000e+00     1.0994e-01  0.0000e+00     5.7253e-03  0.0000e+00     8.5805e-04  0.0000e+00 
1.6816e-01     3.7848e-01  0.0000e+00     6.3646e-02  0.0000e+00     3.3143e-03  0.0000e+00     5.5733e-04  0.0000e+00 
1.8868e-01     3.2584e-01  0.0000e+00     6.1478e-02  0.0000e+00     3.2015e-03  0.0000e+00     6.0404e-04  0.0000e+00 
2.1170e-01     3.3250e-01  0.0000e+00     7.0390e-02  0.0000e+00     3.6655e-03  0.0000e+00     7.7599e-04  0.0000e+00 
2.3753e-01     3.2371e-01  0.0000e+00     7.6892e-02  0.0000e+00     4.0041e-03  0.0000e+00     9.5110e-04  0.0000e+00 
2.6651e-01     2.2307e-01  0.0000e+00     5.9451e-02  0.0000e+00     3.0959e-03  0.0000e+00     8.2510e-04  0.0000e+00 
2.9903e-01     1.9728e-01  0.0000e+00     5.8993e-02  0.0000e+00     3.0721e-03  0.0000e+00     9.1865e-04  0.0000e+00 
3.3552e-01     3.6513e-01  0.0000e+00     1.2251e-01  0.0000e+00     6.3796e-03  0.0000e+00     2.1405e-03  0.0000e+00 
3.7646e-01     3.3148e-01  0.0000e+00     1.2479e-01  0.0000e+00     6.4983e-03  0.0000e+00     2.4463e-03  0.0000e+00 
4.2240e-01     2.3859e-01  0.0000e+00     1.0078e-01  0.0000e+00     5.2480e-03  0.0000e+00     2.2167e-03  0.0000e+00 
4.7394e-01     2.4091e-01  0.0000e+00     1.1418e-01  0.0000e+00     5.9456e-03  0.0000e+00     2.8178e-03  0.0000e+00 
5.3176e-01     2.2079e-01  0.0000e+00     1.1741e-01  0.0000e+00     6.1139e-03  0.0000e+00     3.2512e-03  0.0000e+00 
5.9665e-01     1.6182e-01  0.0000e+00     9.6547e-02  0.0000e+00     5.0277e-03  0.0000e+00     2.9998e-03  0.0000e+00 
6.6945e-01     1.5072e-01  0.0000e+00     1.0090e-01  0.0000e+00     5.2544e-03  0.0000e+00     3.5175e-03  0.0000e+00 
7.5114e-01     1.4907e-01  0.0000e+00     1.1197e-01  0.0000e+00     5.8308e-03  0.0000e+00     4.3797e-03  0.0000e+00 
8.4279e-01     1.1561e-01  0.0000e+00     9.7435e-02  0.0000e+00     5.0739e-03  0.0000e+00     4.2762e-03  0.0000e+00 
9.4563e-01     8.9246e-02  0.0000e+00     8.4394e-02  0.0000e+00     4.3948e-03  0.0000e+00     4.1558e-03  0.0000e+00 
1.0610e+00     6.9143e-02  0.0000e+00     7.3361e-02  0.0000e+00     3.8202e-03  0.0000e+00     4.0533e-03  0.0000e+00 
1.1905e+00     5.3305e-02  0.0000e+00     6.3459e-02  0.0000e+00     3.3046e-03  0.0000e+00     3.9340e-03  0.0000e+00 
1.3357e+00     3.8822e-02  0.0000e+00     5.1856e-02  0.0000e+00     2.7004e-03  0.0000e+00     3.6070e-03  0.0000e+00 
1.4987e+00     2.5276e-02  0.0000e+00     3.7881e-02  0.0000e+00     1.9726e-03  0.0000e+00     2.9564e-03  0.0000e+00 
1.6816e+00     1.6994e-02  0.0000e+00     2.8576e-02  0.0000e+00     1.4881e-03  0.0000e+00     2.5024e-03  0.0000e+00 
1.8868e+00     9.8925e-03  0.0000e+00     1.8665e-02  0.0000e+00     9.7197e-04  0.0000e+00     1.8339e-03  0.0000e+00 
2.1170e+00     5.6925e-03  0.0000e+00     1.2051e-02  0.0000e+00     6.2755e-04  0.0000e+00     1.3285e-03  0.0000e+00 
2.3753e+00     2.9418e-03  0.0000e+00     6.9876e-03  0.0000e+00     3.6388e-04  0.0000e+00     8.6432e-04  0.0000e+00 
2.6651e+00     1.3740e-03  0.0000e+00     3.6620e-03  0.0000e+00     1.9070e-04  0.0000e+00     5.0823e-04  0.0000e+00 
2.9903e+00     5.4670e-04  0.0000e+00     1.6348e-03  0.0000e+00     8.5132e-05  0.0000e+00     2.5457e-04  0.0000e+00 
3.3552e+00     2.1717e-04  0.0000e+00     7.2866e-04  0.0000e+00     3.7945e-05  0.0000e+00     1.2731e-04  0.0000e+00 
3.7646e+00     8.1889e-05  0.0000e+00     3.0828e-04  0.0000e+00     1.6053e-05  0.0000e+00     6.0435e-05  0.0000e+00 
4.2240e+00     2.2116e-05  0.0000e+00     9.3418e-05  0.0000e+00     4.8647e-06  0.0000e+00     2.0548e-05  0.0000e+00 
4.7394e+00     3.9422e-06  0.0000e+00     1.8684e-05  0.0000e+00     9.7294e-07  0.0000e+00     4.6111e-06  0.0000e+00 
5.3176e+00     0.0000e+00  0.0000e+00     0.0000e+00  0.0000e+00     0.0000e+00  0.0000e+00     0.0000e+00  0.0000e+00 
5.9665e+00     2.9969e-02  0.0000e+00     1.7881e-01  0.0000e+00     9.3115e-03  0.0000e+00     5.5557e-02  0.0000e+00 
6.6945e+00     2.6312e-02  0.0000e+00     1.7615e-01  0.0000e+00     9.1729e-03  0.0000e+00     6.1408e-02  0.0000e+00 
7.5114e+00     9.4309e-03  0.0000e+00     7.0839e-02  0.0000e+00     3.6889e-03  0.0000e+00     2.7709e-02  0.0000e+00 
8.4279e+00     2.3827e-02  0.0000e+00     2.0081e-01  0.0000e+00     1.0457e-02  0.0000e+00     8.8132e-02  0.0000e+00 
9.4563e+00     3.0220e-02  0.0000e+00     2.8576e-01  0.0000e+00     1.4881e-02  0.0000e+00     1.4072e-01  0.0000e+00 
1.0610e+01     5.1549e-02  0.0000e+00     5.4694e-01  0.0000e+00     2.8482e-02  0.0000e+00     3.0219e-01  0.0000e+00 
1.1905e+01     3.1333e-02  0.0000e+00     3.7301e-01  0.0000e+00     1.9424e-02  0.0000e+00     2.3124e-01  0.0000e+00 
1.3357e+01     2.2328e-02  0.0000e+00     2.9824e-01  0.0000e+00     1.5531e-02  0.0000e+00     2.0745e-01  0.0000e+00 
1.4987e+01     1.7599e-02  0.0000e+00     2.6376e-01  0.0000e+00     1.3735e-02  0.0000e+00     2.0586e-01  0.0000e+00 
1.6816e+01     1.7680e-02  0.0000e+00     2.9731e-01  0.0000e+00     1.5482e-02  0.0000e+00     2.6035e-01  0.0000e+00 
1.8868e+01     1.5486e-02  0.0000e+00     2.9219e-01  0.0000e+00     1.5216e-02  0.0000e+00     2.8709e-01  0.0000e+00 
2.1170e+01     1.7407e-02  0.0000e+00     3.6850e-01  0.0000e+00     1.9189e-02  0.0000e+00     4.0624e-01  0.0000e+00 
2.3753e+01     1.5870e-02  0.0000e+00     3.7695e-01  0.0000e+00     1.9630e-02  0.0000e+00     4.6626e-01  0.0000e+00 
2.6651e+01     1.2405e-02  0.0000e+00     3.3061e-01  0.0000e+00     1.7217e-02  0.0000e+00     4.5885e-01  0.0000e+00 
2.9903e+01     1.0358e-02  0.0000e+00     3.0975e-01  0.0000e+00     1.6130e-02  0.0000e+00     4.8234e-01  0.0000e+00 
3.3552e+01     9.3821e-03  0.0000e+00     3.1479e-01  0.0000e+00     1.6393e-02  0.0000e+00     5.5000e-01  0.0000e+00 
3.7646e+01     7.6628e-03  0.0000e+00     2.8847e-01  0.0000e+00     1.5022e-02  0.0000e+00     5.6553e-01  0.0000e+00 
4.2240e+01     6.0419e-03  0.0000e+00     2.5521e-01  0.0000e+00     1.3290e-02  0.0000e+00     5.6136e-01  0.0000e+00 
4.7394e+01     4.8574e-03  0.0000e+00     2.3021e-01  0.0000e+00     1.1988e-02  0.0000e+00     5.6816e-01  0.0000e+00 
5.3176e+01     3.6816e-03  0.0000e+00     1.9578e-01  0.0000e+00     1.0195e-02  0.0000e+00     5.4213e-01  0.0000e+00 
5.9665e+01     2.7035e-03  0.0000e+00     1.6130e-01  0.0000e+00     8.3999e-03  0.0000e+00     5.0118e-01  0.0000e+00 
6.6945e+01     1.8861e-03  0.0000e+00     1.2626e-01  0.0000e+00     6.5751e-03  0.0000e+00     4.4017e-01  0.0000e+00 
7.5114e+01     1.2722e-03  0.0000e+00     9.5557e-02  0.0000e+00     4.9761e-03  0.0000e+00     3.7377e-01  0.0000e+00 
8.4279e+01     7.7413e-04  0.0000e+00     6.5243e-02  0.0000e+00     3.3975e-03  0.0000e+00     2.8634e-01  0.0000e+00 
9.4563e+01     4.6717e-04  0.0000e+00     4.4177e-02  0.0000e+00     2.3005e-03  0.0000e+00     2.1754e-01  0.0000e+00 
1.0610e+02     2.6475e-04  0.0000e+00     2.8091e-02  0.0000e+00     1.4628e-03  0.0000e+00     1.5521e-01  0.0000e+00 
1.1905e+02     1.2249e-04  0.0000e+00     1.4583e-02  0.0000e+00     7.5938e-04  0.0000e+00     9.0402e-02  0.0000e+00 
1.3357e+02     5.7629e-05  0.0000e+00     7.6976e-03  0.0000e+00     4.0085e-04  0.0000e+00     5.3543e-02  0.0000e+00 
1.4987e+02     2.2564e-05  0.0000e+00     3.3817e-03  0.0000e+00     1.7610e-04  0.0000e+00     2.6393e-02  0.0000e+00 
1.6816e+02     8.1663e-06  0.0000e+00     1.3732e-03  0.0000e+00     7.1511e-05  0.0000e+00     1.2025e-02  0.0000e+00 
1.8868e+02     2.5746e-06  0.0000e+00     4.8577e-04  0.0000e+00     2.5296e-05  0.0000e+00     4.7729e-03  0.0000e+00 
2.1170e+02     8.3842e-07  0.0000e+00     1.7749e-04  0.0000e+00     9.2429e-06  0.0000e+00     1.9567e-03  0.0000e+00 
2.3753e+02     1.1799e-07  0.0000e+00     2.8025e-05  0.0000e+00     1.4594e-06  0.0000e+00     3.4665e-04  0.0000e+00 
2.6651e+02     0.0000e+00  0.0000e+00     0.0000e+00  0.0000e+00     0.0000e+00  0.0000e+00     0.0000e+00  0.0000e+00 
2.9903e+02     0.0000e+00  0.0000e+00     0.0000e+00  0.0000e+00     0.0000e+00  0.0000e+00     0.0000e+00  0.0000e+00 
3.3552e+02     0.0000e+00  0.0000e+00     0.0000e+00  0.0000e+00     0.0000e+00  0.0000e+00     0.0000e+00  0.0000e+00 
3.7646e+02     0.0000e+00  0.0000e+00     0.0000e+00  0.0000e+00     0.0000e+00  0.0000e+00     0.0000e+00  0.0000e+00 
4.2240e+02     0.0000e+00  0.0000e+00     0.0000e+00  0.0000e+00     0.0000e+00  0.0000e+00     0.0000e+00  0.0000e+00 
4.7394e+02     0.0000e+00  0.0000e+00     0.0000e+00  0.0000e+00     0.0000e+00  0.0000e+00     0.0000e+00  0.0000e+00 
5.3176e+02     0.0000e+00  0.0000e+00     0.0000e+00  0.0000e+00     0.0000e+00  0.0000e+00     0.0000e+00  0.0000e+00 
5.9665e+02     0.0000e+00  0.0000e+00     0.0000e+00  0.0000e+00     0.0000e+00  0.0000e+00     0.0000e+00  0.0000e+00 
6.6945e+02     0.0000e+00  0.0000e+00     0.0000e+00  0.0000e+00     0.0000e+00  0.0000e+00     0.0000e+00  0.0000e+00 
7.5114e+02     0.0000e+00  0.0000e+00     0.0000e+00  0.0000e+00     0.0000e+00  0.0000e+00     0.0000e+00  0.0000e+00 
8.4279e+02     0.0000e+00  0.0000e+00     0.0000e+00  0.0000e+00     0.0000e+00  0.0000e+00     0.0000e+00  0.0000e+00 
9.4563e+02     0.0000e+00  0.0000e+00     0.0000e+00  0.0000e+00     0.0000e+00  0.0000e+00     0.0000e+00  0.0000e+00 
1.0610e+03     0.0000e+00  0.0000e+00     0.0000e+00  0.0000e+00     0.0000e+00  0.0000e+00     0.0000e+00  0.0000e+00 
1.1905e+03     0.0000e+00  0.0000e+00     0.0000e+00  0.0000e+00     0.0000e+00  0.0000e+00     0.0000e+00  0.0000e+00 
1.3357e+03     0.0000e+00  0.0000e+00     0.0000e+00  0.0000e+00     0.0000e+00  0.0000e+00     0.0000e+00  0.0000e+00 
1.4987e+03     0.0000e+00  0.0000e+00     0.0000e+00  0.0000e+00     0.0000e+00  0.0000e+00     0.0000e+00  0.0000e+00 
1.6816e+03     0.0000e+00  0.0000e+00     0.0000e+00  0.0000e+00     0.0000e+00  0.0000e+00     0.0000e+00  0.0000e+00 
1.8868e+03     0.0000e+00  0.0000e+00     0.0000e+00  0.0000e+00     0.0000e+00  0.0000e+00     0.0000e+00  0.0000e+00 
2.1170e+03     0.0000e+00  0.0000e+00     0.0000e+00  0.0000e+00     0.0000e+00  0.0000e+00     0.0000e+00  0.0000e+00 
2.3753e+03     0.0000e+00  0.0000e+00     0.0000e+00  0.0000e+00     0.0000e+00  0.0000e+00     0.0000e+00  0.0000e+00 
2.6651e+03     0.0000e+00  0.0000e+00     0.0000e+00  0.0000e+00     0.0000e+00  0.0000e+00     0.0000e+00  0.0000e+00 
2.9903e+03     0.0000e+00  0.0000e+00     0.0000e+00  0.0000e+00     0.0000e+00  0.0000e+00     0.0000e+00  0.0000e+00 
3.3552e+03     0.0000e+00  0.0000e+00     0.0000e+00  0.0000e+00     0.0000e+00  0.0000e+00     0.0000e+00  0.0000e+00 
3.7646e+03     0.0000e+00  0.0000e+00     0.0000e+00  0.0000e+00     0.0000e+00  0.0000e+00     0.0000e+00  0.0000e+00 
4.2240e+03     0.0000e+00  0.0000e+00     0.0000e+00  0.0000e+00     0.0000e+00  0.0000e+00     0.0000e+00  0.0000e+00 
4.7394e+03     0.0000e+00  0.0000e+00     0.0000e+00  0.0000e+00     0.0000e+00  0.0000e+00     0.0000e+00  0.0000e+00 
5.3176e+03     0.0000e+00  0.0000e+00     0.0000e+00  0.0000e+00     0.0000e+00  0.0000e+00     0.0000e+00  0.0000e+00 
5.9665e+03     0.0000e+00  0.0000e+00     0.0000e+00  0.0000e+00     0.0000e+00  0.0000e+00     0.0000e+00  0.0000e+00 
6.6945e+03     0.0000e+00  0.0000e+00     0.0000e+00  0.0000e+00     0.0000e+00  0.0000e+00     0.0000e+00  0.0000e+00 
7.5114e+03     0.0000e+00  0.0000e+00     0.0000e+00  0.0000e+00     0.0000e+00  0.0000e+00     0.0000e+00  0.0000e+00 
8.4279e+03     0.0000e+00  0.0000e+00     0.0000e+00  0.0000e+00     0.0000e+00  0.0000e+00     0.0000e+00  0.0000e+00 
9.4563e+03     0.0000e+00  0.0000e+00     0.0000e+00  0.0000e+00     0.0000e+00  0.0000e+00     0.0000e+00  0.0000e+00 
