yF = 1.9409e+01 (std: 0.0000e+00) keV/um
yD = 4.1534e+01 (std: 0.0000e+00) keV/um
y (keV/um)     f(y)(std)                  yf(y)(std)                 d(y)(std)                  yd(y)(std)  
1.0610e-01     5.6764e+00  0.0000e+00     6.0227e-01  0.0000e+00     3.1031e-02  0.0000e+00     3.2924e-03  0.0000e+00 
1.1905e-01     6.4675e-01  0.0000e+00     7.6994e-02  0.0000e+00     3.9669e-03  0.0000e+00     4.7225e-04  0.0000e+00 
1.3357e-01     3.0124e-01  0.0000e+00     4.0238e-02  0.0000e+00     2.0732e-03  0.0000e+00     2.7692e-04  0.0000e+00 
1.4987e-01     8.1550e-01  0.0000e+00     1.2222e-01  0.0000e+00     6.2971e-03  0.0000e+00     9.4375e-04  0.0000e+00 
1.6816e-01     4.0952e-01  0.0000e+00     6.8864e-02  0.0000e+00     3.5480e-03  0.0000e+00     5.9663e-04  0.0000e+00 
1.8868e-01     3.3102e-01  0.0000e+00     6.2455e-02  0.0000e+00     3.2179e-03  0.0000e+00     6.0714e-04  0.0000e+00 
2.1170e-01     3.3738e-01  0.0000e+00     7.1423e-02  0.0000e+00     3.6799e-03  0.0000e+00     7.7904e-04  0.0000e+00 
2.3753e-01     3.2351e-01  0.0000e+00     7.6844e-02  0.0000e+00     3.9592e-03  0.0000e+00     9.4043e-04  0.0000e+00 
2.6651e-01     2.1107e-01  0.0000e+00     5.6254e-02  0.0000e+00     2.8984e-03  0.0000e+00     7.7245e-04  0.0000e+00 
2.9903e-01     1.8202e-01  0.0000e+00     5.4429e-02  0.0000e+00     2.8043e-03  0.0000e+00     8.3858e-04  0.0000e+00 
3.3552e-01     3.8763e-01  0.0000e+00     1.3006e-01  0.0000e+00     6.7009e-03  0.0000e+00     2.2483e-03  0.0000e+00 
3.7646e-01     3.4805e-01  0.0000e+00     1.3103e-01  0.0000e+00     6.7509e-03  0.0000e+00     2.5414e-03  0.0000e+00 
4.2240e-01     2.3356e-01  0.0000e+00     9.8656e-02  0.0000e+00     5.0830e-03  0.0000e+00     2.1471e-03  0.0000e+00 
4.7394e-01     2.3191e-01  0.0000e+00     1.0991e-01  0.0000e+00     5.6629e-03  0.0000e+00     2.6839e-03  0.0000e+00 
5.3176e-01     2.0473e-01  0.0000e+00     1.0887e-01  0.0000e+00     5.6091e-03  0.0000e+00     2.9827e-03  0.0000e+00 
5.9665e-01     1.4092e-01  0.0000e+00     8.4080e-02  0.0000e+00     4.3320e-03  0.0000e+00     2.5847e-03  0.0000e+00 
6.6945e-01     1.3164e-01  0.0000e+00     8.8126e-02  0.0000e+00     4.5405e-03  0.0000e+00     3.0396e-03  0.0000e+00 
7.5114e-01     1.3203e-01  0.0000e+00     9.9174e-02  0.0000e+00     5.1097e-03  0.0000e+00     3.8381e-03  0.0000e+00 
8.4279e-01     9.4751e-02  0.0000e+00     7.9855e-02  0.0000e+00     4.1143e-03  0.0000e+00     3.4675e-03  0.0000e+00 
9.4563e-01     6.9122e-02  0.0000e+00     6.5363e-02  0.0000e+00     3.3677e-03  0.0000e+00     3.1846e-03  0.0000e+00 
1.0610e+00     5.3445e-02  0.0000e+00     5.6706e-02  0.0000e+00     2.9216e-03  0.0000e+00     3.0999e-03  0.0000e+00 
1.1905e+00     3.9120e-02  0.0000e+00     4.6571e-02  0.0000e+00     2.3995e-03  0.0000e+00     2.8565e-03  0.0000e+00 
1.3357e+00     2.5355e-02  0.0000e+00     3.3867e-02  0.0000e+00     1.7449e-03  0.0000e+00     2.3308e-03  0.0000e+00 
1.4987e+00     1.6011e-02  0.0000e+00     2.3996e-02  0.0000e+00     1.2363e-03  0.0000e+00     1.8529e-03  0.0000e+00 
1.6816e+00     9.7874e-03  0.0000e+00     1.6458e-02  0.0000e+00     8.4798e-04  0.0000e+00     1.4260e-03  0.0000e+00 
1.8868e+00     5.5610e-03  0.0000e+00     1.0492e-02  0.0000e+00     5.4059e-04  0.0000e+00     1.0200e-03  0.0000e+00 
2.1170e+00     2.9471e-03  0.0000e+00     6.2390e-03  0.0000e+00     3.2145e-04  0.0000e+00     6.8050e-04  0.0000e+00 
2.3753e+00     1.2994e-03  0.0000e+00     3.0865e-03  0.0000e+00     1.5903e-04  0.0000e+00     3.7774e-04  0.0000e+00 
2.6651e+00     5.4022e-04  0.0000e+00     1.4398e-03  0.0000e+00     7.4180e-05  0.0000e+00     1.9770e-04  0.0000e+00 
2.9903e+00     1.9825e-04  0.0000e+00     5.9284e-04  0.0000e+00     3.0545e-05  0.0000e+00     9.1339e-05  0.0000e+00 
3.3552e+00     5.8898e-05  0.0000e+00     1.9761e-04  0.0000e+00     1.0182e-05  0.0000e+00     3.4161e-05  0.0000e+00 
3.7646e+00     2.2497e-05  0.0000e+00     8.4692e-05  0.0000e+00     4.3635e-06  0.0000e+00     1.6427e-05  0.0000e+00 
4.2240e+00     2.2278e-06  0.0000e+00     9.4102e-06  0.0000e+00     4.8484e-07  0.0000e+00     2.0479e-06  0.0000e+00 
4.7394e+00     1.9855e-06  0.0000e+00     9.4102e-06  0.0000e+00     4.8484e-07  0.0000e+00     2.2978e-06  0.0000e+00 
5.3176e+00     1.7696e-06  0.0000e+00     9.4102e-06  0.0000e+00     4.8484e-07  0.0000e+00     2.5782e-06  0.0000e+00 
5.9665e+00     4.1535e-02  0.0000e+00     2.4782e-01  0.0000e+00     1.2768e-02  0.0000e+00     7.6181e-02  0.0000e+00 
6.6945e+00     2.7880e-02  0.0000e+00     1.8664e-01  0.0000e+00     9.6163e-03  0.0000e+00     6.4376e-02  0.0000e+00 
7.5114e+00     8.2860e-03  0.0000e+00     6.2239e-02  0.0000e+00     3.2067e-03  0.0000e+00     2.4087e-02  0.0000e+00 
8.4279e+00     3.3269e-02  0.0000e+00     2.8039e-01  0.0000e+00     1.4446e-02  0.0000e+00     1.2175e-01  0.0000e+00 
9.4563e+00     2.6521e-02  0.0000e+00     2.5079e-01  0.0000e+00     1.2921e-02  0.0000e+00     1.2219e-01  0.0000e+00 
1.0610e+01     3.6870e-02  0.0000e+00     3.9119e-01  0.0000e+00     2.0155e-02  0.0000e+00     2.1385e-01  0.0000e+00 
1.1905e+01     3.0620e-02  0.0000e+00     3.6452e-01  0.0000e+00     1.8781e-02  0.0000e+00     2.2358e-01  0.0000e+00 
1.3357e+01     2.5586e-02  0.0000e+00     3.4176e-01  0.0000e+00     1.7608e-02  0.0000e+00     2.3520e-01  0.0000e+00 
1.4987e+01     1.8862e-02  0.0000e+00     2.8269e-01  0.0000e+00     1.4565e-02  0.0000e+00     2.1829e-01  0.0000e+00 
1.6816e+01     1.7281e-02  0.0000e+00     2.9060e-01  0.0000e+00     1.4972e-02  0.0000e+00     2.5177e-01  0.0000e+00 
1.8868e+01     1.5900e-02  0.0000e+00     3.0000e-01  0.0000e+00     1.5457e-02  0.0000e+00     2.9163e-01  0.0000e+00 
2.1170e+01     1.6593e-02  0.0000e+00     3.5126e-01  0.0000e+00     1.8098e-02  0.0000e+00     3.8313e-01  0.0000e+00 
2.3753e+01     1.5458e-02  0.0000e+00     3.6718e-01  0.0000e+00     1.8918e-02  0.0000e+00     4.4936e-01  0.0000e+00 
2.6651e+01     1.2822e-02  0.0000e+00     3.4173e-01  0.0000e+00     1.7607e-02  0.0000e+00     4.6925e-01  0.0000e+00 
2.9903e+01     1.0427e-02  0.0000e+00     3.1179e-01  0.0000e+00     1.6064e-02  0.0000e+00     4.8037e-01  0.0000e+00 
3.3552e+01     9.6124e-03  0.0000e+00     3.2252e-01  0.0000e+00     1.6617e-02  0.0000e+00     5.5753e-01  0.0000e+00 
3.7646e+01     7.9341e-03  0.0000e+00     2.9869e-01  0.0000e+00     1.5389e-02  0.0000e+00     5.7934e-01  0.0000e+00 
4.2240e+01     6.3836e-03  0.0000e+00     2.6964e-01  0.0000e+00     1.3893e-02  0.0000e+00     5.8681e-01  0.0000e+00 
4.7394e+01     5.2341e-03  0.0000e+00     2.4806e-01  0.0000e+00     1.2781e-02  0.0000e+00     6.0573e-01  0.0000e+00 
5.3176e+01     3.8909e-03  0.0000e+00     2.0690e-01  0.0000e+00     1.0660e-02  0.0000e+00     5.6687e-01  0.0000e+00 
5.9665e+01     2.8654e-03  0.0000e+00     1.7096e-01  0.0000e+00     8.8085e-03  0.0000e+00     5.2556e-01  0.0000e+00 
6.6945e+01     1.9359e-03  0.0000e+00     1.2960e-01  0.0000e+00     6.6772e-03  0.0000e+00     4.4701e-01  0.0000e+00 
7.5114e+01     1.3009e-03  0.0000e+00     9.7715e-02  0.0000e+00     5.0346e-03  0.0000e+00     3.7816e-01  0.0000e+00 
8.4279e+01     7.8371e-04  0.0000e+00     6.6050e-02  0.0000e+00     3.4031e-03  0.0000e+00     2.8681e-01  0.0000e+00 
9.4563e+01     4.3636e-04  0.0000e+00     4.1264e-02  0.0000e+00     2.1260e-03  0.0000e+00     2.0104e-01  0.0000e+00 
1.0610e+02     2.2386e-04  0.0000e+00     2.3751e-02  0.0000e+00     1.2237e-03  0.0000e+00     1.2984e-01  0.0000e+00 
1.1905e+02     1.0663e-04  0.0000e+00     1.2694e-02  0.0000e+00     6.5405e-04  0.0000e+00     7.7862e-02  0.0000e+00 
1.3357e+02     4.4102e-05  0.0000e+00     5.8908e-03  0.0000e+00     3.0351e-04  0.0000e+00     4.0541e-02  0.0000e+00 
1.4987e+02     1.8774e-05  0.0000e+00     2.8136e-03  0.0000e+00     1.4497e-04  0.0000e+00     2.1726e-02  0.0000e+00 
1.6816e+02     5.9318e-06  0.0000e+00     9.9748e-04  0.0000e+00     5.1393e-05  0.0000e+00     8.6421e-03  0.0000e+00 
1.8868e+02     1.7456e-06  0.0000e+00     3.2936e-04  0.0000e+00     1.6969e-05  0.0000e+00     3.2017e-03  0.0000e+00 
2.1170e+02     5.7786e-07  0.0000e+00     1.2233e-04  0.0000e+00     6.3029e-06  0.0000e+00     1.3343e-03  0.0000e+00 
2.3753e+02     7.9234e-08  0.0000e+00     1.8820e-05  0.0000e+00     9.6968e-07  0.0000e+00     2.3033e-04  0.0000e+00 
2.6651e+02     0.0000e+00  0.0000e+00     0.0000e+00  0.0000e+00     0.0000e+00  0.0000e+00     0.0000e+00  0.0000e+00 
2.9903e+02     0.0000e+00  0.0000e+00     0.0000e+00  0.0000e+00     0.0000e+00  0.0000e+00     0.0000e+00  0.0000e+00 
3.3552e+02     0.0000e+00  0.0000e+00     0.0000e+00  0.0000e+00     0.0000e+00  0.0000e+00     0.0000e+00  0.0000e+00 
3.7646e+02     0.0000e+00  0.0000e+00     0.0000e+00  0.0000e+00     0.0000e+00  0.0000e+00     0.0000e+00  0.0000e+00 
4.2240e+02     0.0000e+00  0.0000e+00     0.0000e+00  0.0000e+00     0.0000e+00  0.0000e+00     0.0000e+00  0.0000e+00 
4.7394e+02     0.0000e+00  0.0000e+00     0.0000e+00  0.0000e+00     0.0000e+00  0.0000e+00     0.0000e+00  0.0000e+00 
5.3176e+02     0.0000e+00  0.0000e+00     0.0000e+00  0.0000e+00     0.0000e+00  0.0000e+00     0.0000e+00  0.0000e+00 
5.9665e+02     0.0000e+00  0.0000e+00     0.0000e+00  0.0000e+00     0.0000e+00  0.0000e+00     0.0000e+00  0.0000e+00 
6.6945e+02     0.0000e+00  0.0000e+00     0.0000e+00  0.0000e+00     0.0000e+00  0.0000e+00     0.0000e+00  0.0000e+00 
7.5114e+02     0.0000e+00  0.0000e+00     0.0000e+00  0.0000e+00     0.0000e+00  0.0000e+00     0.0000e+00  0.0000e+00 
8.4279e+02     0.0000e+00  0.0000e+00     0.0000e+00  0.0000e+00     0.0000e+00  0.0000e+00     0.0000e+00  0.0000e+00 
9.4563e+02     0.0000e+00  0.0000e+00     0.0000e+00  0.0000e+00     0.0000e+00  0.0000e+00     0.0000e+00  0.0000e+00 
1.0610e+03     0.0000e+00  0.0000e+00     0.0000e+00  0.0000e+00     0.0000e+00  0.0000e+00     0.0000e+00  0.0000e+00 
1.1905e+03     0.0000e+00  0.0000e+00     0.0000e+00  0.0000e+00     0.0000e+00  0.0000e+00     0.0000e+00  0.0000e+00 
1.3357e+03     0.0000e+00  0.0000e+00     0.0000e+00  0.0000e+00     0.0000e+00  0.0000e+00     0.0000e+00  0.0000e+00 
1.4987e+03     0.0000e+00  0.0000e+00     0.0000e+00  0.0000e+00     0.0000e+00  0.0000e+00     0.0000e+00  0.0000e+00 
1.6816e+03     0.0000e+00  0.0000e+00     0.0000e+00  0.0000e+00     0.0000e+00  0.0000e+00     0.0000e+00  0.0000e+00 
1.8868e+03     0.0000e+00  0.0000e+00     0.0000e+00  0.0000e+00     0.0000e+00  0.0000e+00     0.0000e+00  0.0000e+00 
2.1170e+03     0.0000e+00  0.0000e+00     0.0000e+00  0.0000e+00     0.0000e+00  0.0000e+00     0.0000e+00  0.0000e+00 
2.3753e+03     0.0000e+00  0.0000e+00     0.0000e+00  0.0000e+00     0.0000e+00  0.0000e+00     0.0000e+00  0.0000e+00 
2.6651e+03     0.0000e+00  0.0000e+00     0.0000e+00  0.0000e+00     0.0000e+00  0.0000e+00     0.0000e+00  0.0000e+00 
2.9903e+03     0.0000e+00  0.0000e+00     0.0000e+00  0.0000e+00     0.0000e+00  0.0000e+00     0.0000e+00  0.0000e+00 
3.3552e+03     0.0000e+00  0.0000e+00     0.0000e+00  0.0000e+00     0.0000e+00  0.0000e+00     0.0000e+00  0.0000e+00 
3.7646e+03     0.0000e+00  0.0000e+00     0.0000e+00  0.0000e+00     0.0000e+00  0.0000e+00     0.0000e+00  0.0000e+00 
4.2240e+03     0.0000e+00  0.0000e+00     0.0000e+00  0.0000e+00     0.0000e+00  0.0000e+00     0.0000e+00  0.0000e+00 
4.7394e+03     0.0000e+00  0.0000e+00     0.0000e+00  0.0000e+00     0.0000e+00  0.0000e+00     0.0000e+00  0.0000e+00 
5.3176e+03     0.0000e+00  0.0000e+00     0.0000e+00  0.0000e+00     0.0000e+00  0.0000e+00     0.0000e+00  0.0000e+00 
5.9665e+03     0.0000e+00  0.0000e+00     0.0000e+00  0.0000e+00     0.0000e+00  0.0000e+00     0.0000e+00  0.0000e+00 
6.6945e+03     0.0000e+00  0.0000e+00     0.0000e+00  0.0000e+00     0.0000e+00  0.0000e+00     0.0000e+00  0.0000e+00 
7.5114e+03     0.0000e+00  0.0000e+00     0.0000e+00  0.0000e+00     0.0000e+00  0.0000e+00     0.0000e+00  0.0000e+00 
8.4279e+03     0.0000e+00  0.0000e+00     0.0000e+00  0.0000e+00     0.0000e+00  0.0000e+00     0.0000e+00  0.0000e+00 
9.4563e+03     0.0000e+00  0.0000e+00     0.0000e+00  0.0000e+00     0.0000e+00  0.0000e+00     0.0000e+00  0.0000e+00 
