yF = 1.6268e+01 (std: 0.0000e+00) keV/um
yD = 3.7253e+01 (std: 0.0000e+00) keV/um
y (keV/um)     f(y)(std)                  yf(y)(std)                 d(y)(std)                  yd(y)(std)  
1.0610e-01     7.3442e+00  0.0000e+00     7.7923e-01  0.0000e+00     4.7900e-02  0.0000e+00     5.0822e-03  0.0000e+00 
1.1905e-01     7.8702e-01  0.0000e+00     9.3692e-02  0.0000e+00     5.7593e-03  0.0000e+00     6.8563e-04  0.0000e+00 
1.3357e-01     3.4685e-01  0.0000e+00     4.6330e-02  0.0000e+00     2.8479e-03  0.0000e+00     3.8041e-04  0.0000e+00 
1.4987e-01     1.0173e+00  0.0000e+00     1.5247e-01  0.0000e+00     9.3725e-03  0.0000e+00     1.4047e-03  0.0000e+00 
1.6816e-01     4.8904e-01  0.0000e+00     8.2236e-02  0.0000e+00     5.0551e-03  0.0000e+00     8.5006e-04  0.0000e+00 
1.8868e-01     3.8975e-01  0.0000e+00     7.3537e-02  0.0000e+00     4.5204e-03  0.0000e+00     8.5289e-04  0.0000e+00 
2.1170e-01     3.9458e-01  0.0000e+00     8.3532e-02  0.0000e+00     5.1348e-03  0.0000e+00     1.0870e-03  0.0000e+00 
2.3753e-01     3.8759e-01  0.0000e+00     9.2065e-02  0.0000e+00     5.6593e-03  0.0000e+00     1.3443e-03  0.0000e+00 
2.6651e-01     2.3758e-01  0.0000e+00     6.3319e-02  0.0000e+00     3.8922e-03  0.0000e+00     1.0373e-03  0.0000e+00 
2.9903e-01     2.0885e-01  0.0000e+00     6.2452e-02  0.0000e+00     3.8389e-03  0.0000e+00     1.1480e-03  0.0000e+00 
3.3552e-01     4.6959e-01  0.0000e+00     1.5756e-01  0.0000e+00     9.6851e-03  0.0000e+00     3.2495e-03  0.0000e+00 
3.7646e-01     4.1104e-01  0.0000e+00     1.5474e-01  0.0000e+00     9.5120e-03  0.0000e+00     3.5809e-03  0.0000e+00 
4.2240e-01     2.6771e-01  0.0000e+00     1.1308e-01  0.0000e+00     6.9509e-03  0.0000e+00     2.9360e-03  0.0000e+00 
4.7394e-01     2.6482e-01  0.0000e+00     1.2551e-01  0.0000e+00     7.7150e-03  0.0000e+00     3.6564e-03  0.0000e+00 
5.3176e-01     2.1865e-01  0.0000e+00     1.1627e-01  0.0000e+00     7.1474e-03  0.0000e+00     3.8007e-03  0.0000e+00 
5.9665e-01     1.4707e-01  0.0000e+00     8.7750e-02  0.0000e+00     5.3940e-03  0.0000e+00     3.2184e-03  0.0000e+00 
6.6945e-01     1.4454e-01  0.0000e+00     9.6761e-02  0.0000e+00     5.9479e-03  0.0000e+00     3.9819e-03  0.0000e+00 
7.5114e-01     1.4516e-01  0.0000e+00     1.0903e-01  0.0000e+00     6.7024e-03  0.0000e+00     5.0345e-03  0.0000e+00 
8.4279e-01     1.0073e-01  0.0000e+00     8.4896e-02  0.0000e+00     5.2186e-03  0.0000e+00     4.3982e-03  0.0000e+00 
9.4563e-01     7.2481e-02  0.0000e+00     6.8540e-02  0.0000e+00     4.2132e-03  0.0000e+00     3.9841e-03  0.0000e+00 
1.0610e+00     5.5611e-02  0.0000e+00     5.9003e-02  0.0000e+00     3.6270e-03  0.0000e+00     3.8482e-03  0.0000e+00 
1.1905e+00     3.8385e-02  0.0000e+00     4.5697e-02  0.0000e+00     2.8090e-03  0.0000e+00     3.3440e-03  0.0000e+00 
1.3357e+00     2.5758e-02  0.0000e+00     3.4406e-02  0.0000e+00     2.1150e-03  0.0000e+00     2.8251e-03  0.0000e+00 
1.4987e+00     1.5879e-02  0.0000e+00     2.3798e-02  0.0000e+00     1.4629e-03  0.0000e+00     2.1924e-03  0.0000e+00 
1.6816e+00     9.3730e-03  0.0000e+00     1.5761e-02  0.0000e+00     9.6887e-04  0.0000e+00     1.6292e-03  0.0000e+00 
1.8868e+00     5.0236e-03  0.0000e+00     9.4783e-03  0.0000e+00     5.8264e-04  0.0000e+00     1.0993e-03  0.0000e+00 
2.1170e+00     2.6827e-03  0.0000e+00     5.6792e-03  0.0000e+00     3.4910e-04  0.0000e+00     7.3905e-04  0.0000e+00 
2.3753e+00     1.1073e-03  0.0000e+00     2.6302e-03  0.0000e+00     1.6168e-04  0.0000e+00     3.8403e-04  0.0000e+00 
2.6651e+00     4.5323e-04  0.0000e+00     1.2079e-03  0.0000e+00     7.4252e-05  0.0000e+00     1.9789e-04  0.0000e+00 
2.9903e+00     1.2379e-04  0.0000e+00     3.7017e-04  0.0000e+00     2.2755e-05  0.0000e+00     6.8044e-05  0.0000e+00 
3.3552e+00     4.0647e-05  0.0000e+00     1.3638e-04  0.0000e+00     8.3833e-06  0.0000e+00     2.8128e-05  0.0000e+00 
3.7646e+00     2.0701e-05  0.0000e+00     7.7931e-05  0.0000e+00     4.7905e-06  0.0000e+00     1.8034e-05  0.0000e+00 
4.2240e+00     6.9186e-06  0.0000e+00     2.9224e-05  0.0000e+00     1.7964e-06  0.0000e+00     7.5880e-06  0.0000e+00 
4.7394e+00     0.0000e+00  0.0000e+00     0.0000e+00  0.0000e+00     0.0000e+00  0.0000e+00     0.0000e+00  0.0000e+00 
5.3176e+00     0.0000e+00  0.0000e+00     0.0000e+00  0.0000e+00     0.0000e+00  0.0000e+00     0.0000e+00  0.0000e+00 
5.9665e+00     4.8381e-02  0.0000e+00     2.8867e-01  0.0000e+00     1.7744e-02  0.0000e+00     1.0587e-01  0.0000e+00 
6.6945e+00     2.9006e-02  0.0000e+00     1.9418e-01  0.0000e+00     1.1937e-02  0.0000e+00     7.9910e-02  0.0000e+00 
7.5114e+00     8.6191e-03  0.0000e+00     6.4741e-02  0.0000e+00     3.9797e-03  0.0000e+00     2.9893e-02  0.0000e+00 
8.4279e+00     3.5939e-02  0.0000e+00     3.0289e-01  0.0000e+00     1.8619e-02  0.0000e+00     1.5692e-01  0.0000e+00 
9.4563e+00     2.8656e-02  0.0000e+00     2.7097e-01  0.0000e+00     1.6657e-02  0.0000e+00     1.5751e-01  0.0000e+00 
1.0610e+01     3.9206e-02  0.0000e+00     4.1597e-01  0.0000e+00     2.5570e-02  0.0000e+00     2.7130e-01  0.0000e+00 
1.1905e+01     3.1641e-02  0.0000e+00     3.7668e-01  0.0000e+00     2.3155e-02  0.0000e+00     2.7565e-01  0.0000e+00 
1.3357e+01     2.6099e-02  0.0000e+00     3.4861e-01  0.0000e+00     2.1429e-02  0.0000e+00     2.8624e-01  0.0000e+00 
1.4987e+01     2.0666e-02  0.0000e+00     3.0973e-01  0.0000e+00     1.9039e-02  0.0000e+00     2.8534e-01  0.0000e+00 
1.6816e+01     1.6117e-02  0.0000e+00     2.7102e-01  0.0000e+00     1.6660e-02  0.0000e+00     2.8015e-01  0.0000e+00 
1.8868e+01     1.6592e-02  0.0000e+00     3.1305e-01  0.0000e+00     1.9243e-02  0.0000e+00     3.6308e-01  0.0000e+00 
2.1170e+01     1.5457e-02  0.0000e+00     3.2723e-01  0.0000e+00     2.0115e-02  0.0000e+00     4.2584e-01  0.0000e+00 
2.3753e+01     1.4182e-02  0.0000e+00     3.3687e-01  0.0000e+00     2.0707e-02  0.0000e+00     4.9186e-01  0.0000e+00 
2.6651e+01     1.1817e-02  0.0000e+00     3.1493e-01  0.0000e+00     1.9359e-02  0.0000e+00     5.1594e-01  0.0000e+00 
2.9903e+01     9.3562e-03  0.0000e+00     2.7978e-01  0.0000e+00     1.7198e-02  0.0000e+00     5.1429e-01  0.0000e+00 
3.3552e+01     8.1204e-03  0.0000e+00     2.7246e-01  0.0000e+00     1.6748e-02  0.0000e+00     5.6193e-01  0.0000e+00 
3.7646e+01     6.6121e-03  0.0000e+00     2.4892e-01  0.0000e+00     1.5301e-02  0.0000e+00     5.7603e-01  0.0000e+00 
4.2240e+01     5.0236e-03  0.0000e+00     2.1220e-01  0.0000e+00     1.3044e-02  0.0000e+00     5.5096e-01  0.0000e+00 
4.7394e+01     3.9219e-03  0.0000e+00     1.8587e-01  0.0000e+00     1.1426e-02  0.0000e+00     5.4151e-01  0.0000e+00 
5.3176e+01     2.8356e-03  0.0000e+00     1.5079e-01  0.0000e+00     9.2689e-03  0.0000e+00     4.9289e-01  0.0000e+00 
5.9665e+01     2.0333e-03  0.0000e+00     1.2132e-01  0.0000e+00     7.4575e-03  0.0000e+00     4.4495e-01  0.0000e+00 
6.6945e+01     1.3405e-03  0.0000e+00     8.9737e-02  0.0000e+00     5.5162e-03  0.0000e+00     3.6928e-01  0.0000e+00 
7.5114e+01     8.4842e-04  0.0000e+00     6.3728e-02  0.0000e+00     3.9174e-03  0.0000e+00     2.9425e-01  0.0000e+00 
8.4279e+01     4.9216e-04  0.0000e+00     4.1479e-02  0.0000e+00     2.5497e-03  0.0000e+00     2.1489e-01  0.0000e+00 
9.4563e+01     2.7247e-04  0.0000e+00     2.5766e-02  0.0000e+00     1.5838e-03  0.0000e+00     1.4977e-01  0.0000e+00 
1.0610e+02     1.3138e-04  0.0000e+00     1.3940e-02  0.0000e+00     8.5689e-04  0.0000e+00     9.0917e-02  0.0000e+00 
1.1905e+02     6.4480e-05  0.0000e+00     7.6762e-03  0.0000e+00     4.7186e-04  0.0000e+00     5.6174e-02  0.0000e+00 
1.3357e+02     2.2973e-05  0.0000e+00     3.0685e-03  0.0000e+00     1.8862e-04  0.0000e+00     2.5195e-02  0.0000e+00 
1.4987e+02     8.9697e-06  0.0000e+00     1.3443e-03  0.0000e+00     8.2635e-05  0.0000e+00     1.2385e-02  0.0000e+00 
1.6816e+02     2.4330e-06  0.0000e+00     4.0914e-04  0.0000e+00     2.5150e-05  0.0000e+00     4.2292e-03  0.0000e+00 
1.8868e+02     6.7119e-07  0.0000e+00     1.2664e-04  0.0000e+00     7.7845e-06  0.0000e+00     1.4688e-03  0.0000e+00 
2.1170e+02     2.7609e-07  0.0000e+00     5.8448e-05  0.0000e+00     3.5928e-06  0.0000e+00     7.6060e-04  0.0000e+00 
2.3753e+02     0.0000e+00  0.0000e+00     0.0000e+00  0.0000e+00     0.0000e+00  0.0000e+00     0.0000e+00  0.0000e+00 
2.6651e+02     0.0000e+00  0.0000e+00     0.0000e+00  0.0000e+00     0.0000e+00  0.0000e+00     0.0000e+00  0.0000e+00 
2.9903e+02     0.0000e+00  0.0000e+00     0.0000e+00  0.0000e+00     0.0000e+00  0.0000e+00     0.0000e+00  0.0000e+00 
3.3552e+02     0.0000e+00  0.0000e+00     0.0000e+00  0.0000e+00     0.0000e+00  0.0000e+00     0.0000e+00  0.0000e+00 
3.7646e+02     0.0000e+00  0.0000e+00     0.0000e+00  0.0000e+00     0.0000e+00  0.0000e+00     0.0000e+00  0.0000e+00 
4.2240e+02     0.0000e+00  0.0000e+00     0.0000e+00  0.0000e+00     0.0000e+00  0.0000e+00     0.0000e+00  0.0000e+00 
4.7394e+02     0.0000e+00  0.0000e+00     0.0000e+00  0.0000e+00     0.0000e+00  0.0000e+00     0.0000e+00  0.0000e+00 
5.3176e+02     0.0000e+00  0.0000e+00     0.0000e+00  0.0000e+00     0.0000e+00  0.0000e+00     0.0000e+00  0.0000e+00 
5.9665e+02     0.0000e+00  0.0000e+00     0.0000e+00  0.0000e+00     0.0000e+00  0.0000e+00     0.0000e+00  0.0000e+00 
6.6945e+02     0.0000e+00  0.0000e+00     0.0000e+00  0.0000e+00     0.0000e+00  0.0000e+00     0.0000e+00  0.0000e+00 
7.5114e+02     0.0000e+00  0.0000e+00     0.0000e+00  0.0000e+00     0.0000e+00  0.0000e+00     0.0000e+00  0.0000e+00 
8.4279e+02     0.0000e+00  0.0000e+00     0.0000e+00  0.0000e+00     0.0000e+00  0.0000e+00     0.0000e+00  0.0000e+00 
9.4563e+02     0.0000e+00  0.0000e+00     0.0000e+00  0.0000e+00     0.0000e+00  0.0000e+00     0.0000e+00  0.0000e+00 
1.0610e+03     0.0000e+00  0.0000e+00     0.0000e+00  0.0000e+00     0.0000e+00  0.0000e+00     0.0000e+00  0.0000e+00 
1.1905e+03     0.0000e+00  0.0000e+00     0.0000e+00  0.0000e+00     0.0000e+00  0.0000e+00     0.0000e+00  0.0000e+00 
1.3357e+03     0.0000e+00  0.0000e+00     0.0000e+00  0.0000e+00     0.0000e+00  0.0000e+00     0.0000e+00  0.0000e+00 
1.4987e+03     0.0000e+00  0.0000e+00     0.0000e+00  0.0000e+00     0.0000e+00  0.0000e+00     0.0000e+00  0.0000e+00 
1.6816e+03     0.0000e+00  0.0000e+00     0.0000e+00  0.0000e+00     0.0000e+00  0.0000e+00     0.0000e+00  0.0000e+00 
1.8868e+03     0.0000e+00  0.0000e+00     0.0000e+00  0.0000e+00     0.0000e+00  0.0000e+00     0.0000e+00  0.0000e+00 
2.1170e+03     0.0000e+00  0.0000e+00     0.0000e+00  0.0000e+00     0.0000e+00  0.0000e+00     0.0000e+00  0.0000e+00 
2.3753e+03     0.0000e+00  0.0000e+00     0.0000e+00  0.0000e+00     0.0000e+00  0.0000e+00     0.0000e+00  0.0000e+00 
2.6651e+03     0.0000e+00  0.0000e+00     0.0000e+00  0.0000e+00     0.0000e+00  0.0000e+00     0.0000e+00  0.0000e+00 
2.9903e+03     0.0000e+00  0.0000e+00     0.0000e+00  0.0000e+00     0.0000e+00  0.0000e+00     0.0000e+00  0.0000e+00 
3.3552e+03     0.0000e+00  0.0000e+00     0.0000e+00  0.0000e+00     0.0000e+00  0.0000e+00     0.0000e+00  0.0000e+00 
3.7646e+03     0.0000e+00  0.0000e+00     0.0000e+00  0.0000e+00     0.0000e+00  0.0000e+00     0.0000e+00  0.0000e+00 
4.2240e+03     0.0000e+00  0.0000e+00     0.0000e+00  0.0000e+00     0.0000e+00  0.0000e+00     0.0000e+00  0.0000e+00 
4.7394e+03     0.0000e+00  0.0000e+00     0.0000e+00  0.0000e+00     0.0000e+00  0.0000e+00     0.0000e+00  0.0000e+00 
5.3176e+03     0.0000e+00  0.0000e+00     0.0000e+00  0.0000e+00     0.0000e+00  0.0000e+00     0.0000e+00  0.0000e+00 
5.9665e+03     0.0000e+00  0.0000e+00     0.0000e+00  0.0000e+00     0.0000e+00  0.0000e+00     0.0000e+00  0.0000e+00 
6.6945e+03     0.0000e+00  0.0000e+00     0.0000e+00  0.0000e+00     0.0000e+00  0.0000e+00     0.0000e+00  0.0000e+00 
7.5114e+03     0.0000e+00  0.0000e+00     0.0000e+00  0.0000e+00     0.0000e+00  0.0000e+00     0.0000e+00  0.0000e+00 
8.4279e+03     0.0000e+00  0.0000e+00     0.0000e+00  0.0000e+00     0.0000e+00  0.0000e+00     0.0000e+00  0.0000e+00 
9.4563e+03     0.0000e+00  0.0000e+00     0.0000e+00  0.0000e+00     0.0000e+00  0.0000e+00     0.0000e+00  0.0000e+00 
