yF = 3.8364e+00 (std: 0.0000e+00) keV/um
yD = 2.0717e+01 (std: 0.0000e+00) keV/um
y (keV/um)     f(y)(std)                  yf(y)(std)                 d(y)(std)                  yd(y)(std)  
1.0610e-01     2.6909e+01  0.0000e+00     2.8551e+00  0.0000e+00     7.4422e-01  0.0000e+00     7.8963e-02  0.0000e+00 
1.1905e-01     2.0628e+00  0.0000e+00     2.4557e-01  0.0000e+00     6.4011e-02  0.0000e+00     7.6203e-03  0.0000e+00 
1.3357e-01     4.4300e-01  0.0000e+00     5.9173e-02  0.0000e+00     1.5424e-02  0.0000e+00     2.0603e-03  0.0000e+00 
1.4987e-01     2.8427e+00  0.0000e+00     4.2605e-01  0.0000e+00     1.1105e-01  0.0000e+00     1.6644e-02  0.0000e+00 
1.6816e-01     8.4453e-01  0.0000e+00     1.4202e-01  0.0000e+00     3.7018e-02  0.0000e+00     6.2249e-03  0.0000e+00 
1.8868e-01     5.9588e-01  0.0000e+00     1.1243e-01  0.0000e+00     2.9306e-02  0.0000e+00     5.5294e-03  0.0000e+00 
2.1170e-01     5.8698e-01  0.0000e+00     1.2426e-01  0.0000e+00     3.2391e-02  0.0000e+00     6.8571e-03  0.0000e+00 
2.3753e-01     5.9788e-01  0.0000e+00     1.4202e-01  0.0000e+00     3.7018e-02  0.0000e+00     8.7930e-03  0.0000e+00 
2.6651e-01     3.7745e-01  0.0000e+00     1.0059e-01  0.0000e+00     2.6221e-02  0.0000e+00     6.9883e-03  0.0000e+00 
2.9903e-01     2.0778e-01  0.0000e+00     6.2132e-02  0.0000e+00     1.6195e-02  0.0000e+00     4.8430e-03  0.0000e+00 
3.3552e-01     1.6313e+00  0.0000e+00     5.4735e-01  0.0000e+00     1.4267e-01  0.0000e+00     4.7870e-02  0.0000e+00 
3.7646e-01     6.9160e-01  0.0000e+00     2.6036e-01  0.0000e+00     6.7867e-02  0.0000e+00     2.5549e-02  0.0000e+00 
4.2240e-01     4.4829e-01  0.0000e+00     1.8935e-01  0.0000e+00     4.9358e-02  0.0000e+00     2.0848e-02  0.0000e+00 
4.7394e-01     3.0589e-01  0.0000e+00     1.4497e-01  0.0000e+00     3.7789e-02  0.0000e+00     1.7910e-02  0.0000e+00 
5.3176e-01     2.4481e-01  0.0000e+00     1.3018e-01  0.0000e+00     3.3933e-02  0.0000e+00     1.8045e-02  0.0000e+00 
5.9665e-01     1.8347e-01  0.0000e+00     1.0947e-01  0.0000e+00     2.8535e-02  0.0000e+00     1.7025e-02  0.0000e+00 
6.6945e-01     2.2981e-01  0.0000e+00     1.5385e-01  0.0000e+00     4.0103e-02  0.0000e+00     2.6847e-02  0.0000e+00 
7.5114e-01     2.0876e-01  0.0000e+00     1.5681e-01  0.0000e+00     4.0874e-02  0.0000e+00     3.0702e-02  0.0000e+00 
8.4279e-01     6.6700e-02  0.0000e+00     5.6214e-02  0.0000e+00     1.4653e-02  0.0000e+00     1.2349e-02  0.0000e+00 
9.4563e-01     5.3189e-02  0.0000e+00     5.0297e-02  0.0000e+00     1.3111e-02  0.0000e+00     1.2398e-02  0.0000e+00 
1.0610e+00     4.7405e-02  0.0000e+00     5.0297e-02  0.0000e+00     1.3111e-02  0.0000e+00     1.3910e-02  0.0000e+00 
1.1905e+00     1.7397e-02  0.0000e+00     2.0711e-02  0.0000e+00     5.3985e-03  0.0000e+00     6.4268e-03  0.0000e+00 
1.3357e+00     1.3290e-02  0.0000e+00     1.7752e-02  0.0000e+00     4.6273e-03  0.0000e+00     6.1808e-03  0.0000e+00 
1.4987e+00     7.8965e-03  0.0000e+00     1.1835e-02  0.0000e+00     3.0849e-03  0.0000e+00     4.6233e-03  0.0000e+00 
1.6816e+00     1.7594e-03  0.0000e+00     2.9587e-03  0.0000e+00     7.7121e-04  0.0000e+00     1.2969e-03  0.0000e+00 
1.8868e+00     0.0000e+00  0.0000e+00     0.0000e+00  0.0000e+00     0.0000e+00  0.0000e+00     0.0000e+00  0.0000e+00 
2.1170e+00     0.0000e+00  0.0000e+00     0.0000e+00  0.0000e+00     0.0000e+00  0.0000e+00     0.0000e+00  0.0000e+00 
2.3753e+00     0.0000e+00  0.0000e+00     0.0000e+00  0.0000e+00     0.0000e+00  0.0000e+00     0.0000e+00  0.0000e+00 
2.6651e+00     0.0000e+00  0.0000e+00     0.0000e+00  0.0000e+00     0.0000e+00  0.0000e+00     0.0000e+00  0.0000e+00 
2.9903e+00     0.0000e+00  0.0000e+00     0.0000e+00  0.0000e+00     0.0000e+00  0.0000e+00     0.0000e+00  0.0000e+00 
3.3552e+00     0.0000e+00  0.0000e+00     0.0000e+00  0.0000e+00     0.0000e+00  0.0000e+00     0.0000e+00  0.0000e+00 
3.7646e+00     0.0000e+00  0.0000e+00     0.0000e+00  0.0000e+00     0.0000e+00  0.0000e+00     0.0000e+00  0.0000e+00 
4.2240e+00     0.0000e+00  0.0000e+00     0.0000e+00  0.0000e+00     0.0000e+00  0.0000e+00     0.0000e+00  0.0000e+00 
4.7394e+00     0.0000e+00  0.0000e+00     0.0000e+00  0.0000e+00     0.0000e+00  0.0000e+00     0.0000e+00  0.0000e+00 
5.3176e+00     0.0000e+00  0.0000e+00     0.0000e+00  0.0000e+00     0.0000e+00  0.0000e+00     0.0000e+00  0.0000e+00 
5.9665e+00     1.4331e-01  0.0000e+00     8.5505e-01  0.0000e+00     2.2288e-01  0.0000e+00     1.3298e+00  0.0000e+00 
6.6945e+00     2.6517e-02  0.0000e+00     1.7752e-01  0.0000e+00     4.6273e-02  0.0000e+00     3.0977e-01  0.0000e+00 
7.5114e+00     7.8778e-03  0.0000e+00     5.9173e-02  0.0000e+00     1.5424e-02  0.0000e+00     1.1586e-01  0.0000e+00 
8.4279e+00     2.2116e-02  0.0000e+00     1.8640e-01  0.0000e+00     4.8586e-02  0.0000e+00     4.0948e-01  0.0000e+00 
9.4563e+00     1.3454e-02  0.0000e+00     1.2722e-01  0.0000e+00     3.3162e-02  0.0000e+00     3.1359e-01  0.0000e+00 
1.0610e+01     1.9799e-02  0.0000e+00     2.1006e-01  0.0000e+00     5.4756e-02  0.0000e+00     5.8097e-01  0.0000e+00 
1.1905e+01     1.7397e-02  0.0000e+00     2.0711e-01  0.0000e+00     5.3985e-02  0.0000e+00     6.4268e-01  0.0000e+00 
1.3357e+01     1.0854e-02  0.0000e+00     1.4497e-01  0.0000e+00     3.7789e-02  0.0000e+00     5.0477e-01  0.0000e+00 
1.4987e+01     5.7250e-03  0.0000e+00     8.5801e-02  0.0000e+00     2.2365e-02  0.0000e+00     3.3519e-01  0.0000e+00 
1.6816e+01     3.5189e-03  0.0000e+00     5.9173e-02  0.0000e+00     1.5424e-02  0.0000e+00     2.5937e-01  0.0000e+00 
1.8868e+01     2.0385e-03  0.0000e+00     3.8462e-02  0.0000e+00     1.0026e-02  0.0000e+00     1.8916e-01  0.0000e+00 
2.1170e+01     3.3542e-03  0.0000e+00     7.1008e-02  0.0000e+00     1.8509e-02  0.0000e+00     3.9184e-01  0.0000e+00 
2.3753e+01     1.4947e-03  0.0000e+00     3.5504e-02  0.0000e+00     9.2546e-03  0.0000e+00     2.1982e-01  0.0000e+00 
2.6651e+01     2.3313e-03  0.0000e+00     6.2132e-02  0.0000e+00     1.6195e-02  0.0000e+00     4.3163e-01  0.0000e+00 
2.9903e+01     1.0883e-03  0.0000e+00     3.2545e-02  0.0000e+00     8.4833e-03  0.0000e+00     2.5368e-01  0.0000e+00 
3.3552e+01     1.2345e-03  0.0000e+00     4.1421e-02  0.0000e+00     1.0797e-02  0.0000e+00     3.6226e-01  0.0000e+00 
3.7646e+01     9.4310e-04  0.0000e+00     3.5504e-02  0.0000e+00     9.2546e-03  0.0000e+00     3.4840e-01  0.0000e+00 
4.2240e+01     7.0045e-04  0.0000e+00     2.9587e-02  0.0000e+00     7.7121e-03  0.0000e+00     3.2576e-01  0.0000e+00 
4.7394e+01     5.6185e-04  0.0000e+00     2.6628e-02  0.0000e+00     6.9409e-03  0.0000e+00     3.2895e-01  0.0000e+00 
5.3176e+01     2.2255e-04  0.0000e+00     1.1835e-02  0.0000e+00     3.0849e-03  0.0000e+00     1.6404e-01  0.0000e+00 
5.9665e+01     2.9753e-04  0.0000e+00     1.7752e-02  0.0000e+00     4.6273e-03  0.0000e+00     2.7609e-01  0.0000e+00 
6.6945e+01     0.0000e+00  0.0000e+00     0.0000e+00  0.0000e+00     0.0000e+00  0.0000e+00     0.0000e+00  0.0000e+00 
7.5114e+01     3.9389e-05  0.0000e+00     2.9587e-03  0.0000e+00     7.7121e-04  0.0000e+00     5.7929e-02  0.0000e+00 
8.4279e+01     3.5105e-05  0.0000e+00     2.9587e-03  0.0000e+00     7.7121e-04  0.0000e+00     6.4997e-02  0.0000e+00 
9.4563e+01     3.1288e-05  0.0000e+00     2.9587e-03  0.0000e+00     7.7121e-04  0.0000e+00     7.2928e-02  0.0000e+00 
1.0610e+02     0.0000e+00  0.0000e+00     0.0000e+00  0.0000e+00     0.0000e+00  0.0000e+00     0.0000e+00  0.0000e+00 
1.1905e+02     0.0000e+00  0.0000e+00     0.0000e+00  0.0000e+00     0.0000e+00  0.0000e+00     0.0000e+00  0.0000e+00 
1.3357e+02     0.0000e+00  0.0000e+00     0.0000e+00  0.0000e+00     0.0000e+00  0.0000e+00     0.0000e+00  0.0000e+00 
1.4987e+02     0.0000e+00  0.0000e+00     0.0000e+00  0.0000e+00     0.0000e+00  0.0000e+00     0.0000e+00  0.0000e+00 
1.6816e+02     0.0000e+00  0.0000e+00     0.0000e+00  0.0000e+00     0.0000e+00  0.0000e+00     0.0000e+00  0.0000e+00 
1.8868e+02     0.0000e+00  0.0000e+00     0.0000e+00  0.0000e+00     0.0000e+00  0.0000e+00     0.0000e+00  0.0000e+00 
2.1170e+02     0.0000e+00  0.0000e+00     0.0000e+00  0.0000e+00     0.0000e+00  0.0000e+00     0.0000e+00  0.0000e+00 
2.3753e+02     0.0000e+00  0.0000e+00     0.0000e+00  0.0000e+00     0.0000e+00  0.0000e+00     0.0000e+00  0.0000e+00 
2.6651e+02     0.0000e+00  0.0000e+00     0.0000e+00  0.0000e+00     0.0000e+00  0.0000e+00     0.0000e+00  0.0000e+00 
2.9903e+02     0.0000e+00  0.0000e+00     0.0000e+00  0.0000e+00     0.0000e+00  0.0000e+00     0.0000e+00  0.0000e+00 
3.3552e+02     0.0000e+00  0.0000e+00     0.0000e+00  0.0000e+00     0.0000e+00  0.0000e+00     0.0000e+00  0.0000e+00 
3.7646e+02     0.0000e+00  0.0000e+00     0.0000e+00  0.0000e+00     0.0000e+00  0.0000e+00     0.0000e+00  0.0000e+00 
4.2240e+02     0.0000e+00  0.0000e+00     0.0000e+00  0.0000e+00     0.0000e+00  0.0000e+00     0.0000e+00  0.0000e+00 
4.7394e+02     0.0000e+00  0.0000e+00     0.0000e+00  0.0000e+00     0.0000e+00  0.0000e+00     0.0000e+00  0.0000e+00 
5.3176e+02     0.0000e+00  0.0000e+00     0.0000e+00  0.0000e+00     0.0000e+00  0.0000e+00     0.0000e+00  0.0000e+00 
5.9665e+02     0.0000e+00  0.0000e+00     0.0000e+00  0.0000e+00     0.0000e+00  0.0000e+00     0.0000e+00  0.0000e+00 
6.6945e+02     0.0000e+00  0.0000e+00     0.0000e+00  0.0000e+00     0.0000e+00  0.0000e+00     0.0000e+00  0.0000e+00 
7.5114e+02     0.0000e+00  0.0000e+00     0.0000e+00  0.0000e+00     0.0000e+00  0.0000e+00     0.0000e+00  0.0000e+00 
8.4279e+02     0.0000e+00  0.0000e+00     0.0000e+00  0.0000e+00     0.0000e+00  0.0000e+00     0.0000e+00  0.0000e+00 
9.4563e+02     0.0000e+00  0.0000e+00     0.0000e+00  0.0000e+00     0.0000e+00  0.0000e+00     0.0000e+00  0.0000e+00 
1.0610e+03     0.0000e+00  0.0000e+00     0.0000e+00  0.0000e+00     0.0000e+00  0.0000e+00     0.0000e+00  0.0000e+00 
1.1905e+03     0.0000e+00  0.0000e+00     0.0000e+00  0.0000e+00     0.0000e+00  0.0000e+00     0.0000e+00  0.0000e+00 
1.3357e+03     0.0000e+00  0.0000e+00     0.0000e+00  0.0000e+00     0.0000e+00  0.0000e+00     0.0000e+00  0.0000e+00 
1.4987e+03     0.0000e+00  0.0000e+00     0.0000e+00  0.0000e+00     0.0000e+00  0.0000e+00     0.0000e+00  0.0000e+00 
1.6816e+03     0.0000e+00  0.0000e+00     0.0000e+00  0.0000e+00     0.0000e+00  0.0000e+00     0.0000e+00  0.0000e+00 
1.8868e+03     0.0000e+00  0.0000e+00     0.0000e+00  0.0000e+00     0.0000e+00  0.0000e+00     0.0000e+00  0.0000e+00 
2.1170e+03     0.0000e+00  0.0000e+00     0.0000e+00  0.0000e+00     0.0000e+00  0.0000e+00     0.0000e+00  0.0000e+00 
2.3753e+03     0.0000e+00  0.0000e+00     0.0000e+00  0.0000e+00     0.0000e+00  0.0000e+00     0.0000e+00  0.0000e+00 
2.6651e+03     0.0000e+00  0.0000e+00     0.0000e+00  0.0000e+00     0.0000e+00  0.0000e+00     0.0000e+00  0.0000e+00 
2.9903e+03     0.0000e+00  0.0000e+00     0.0000e+00  0.0000e+00     0.0000e+00  0.0000e+00     0.0000e+00  0.0000e+00 
3.3552e+03     0.0000e+00  0.0000e+00     0.0000e+00  0.0000e+00     0.0000e+00  0.0000e+00     0.0000e+00  0.0000e+00 
3.7646e+03     0.0000e+00  0.0000e+00     0.0000e+00  0.0000e+00     0.0000e+00  0.0000e+00     0.0000e+00  0.0000e+00 
4.2240e+03     0.0000e+00  0.0000e+00     0.0000e+00  0.0000e+00     0.0000e+00  0.0000e+00     0.0000e+00  0.0000e+00 
4.7394e+03     0.0000e+00  0.0000e+00     0.0000e+00  0.0000e+00     0.0000e+00  0.0000e+00     0.0000e+00  0.0000e+00 
5.3176e+03     0.0000e+00  0.0000e+00     0.0000e+00  0.0000e+00     0.0000e+00  0.0000e+00     0.0000e+00  0.0000e+00 
5.9665e+03     0.0000e+00  0.0000e+00     0.0000e+00  0.0000e+00     0.0000e+00  0.0000e+00     0.0000e+00  0.0000e+00 
6.6945e+03     0.0000e+00  0.0000e+00     0.0000e+00  0.0000e+00     0.0000e+00  0.0000e+00     0.0000e+00  0.0000e+00 
7.5114e+03     0.0000e+00  0.0000e+00     0.0000e+00  0.0000e+00     0.0000e+00  0.0000e+00     0.0000e+00  0.0000e+00 
8.4279e+03     0.0000e+00  0.0000e+00     0.0000e+00  0.0000e+00     0.0000e+00  0.0000e+00     0.0000e+00  0.0000e+00 
9.4563e+03     0.0000e+00  0.0000e+00     0.0000e+00  0.0000e+00     0.0000e+00  0.0000e+00     0.0000e+00  0.0000e+00 
