yF = 9.7041e+01 (std: 0.0000e+00) keV/um
yD = 1.1373e+02 (std: 0.0000e+00) keV/um
y (keV/um)     f(y)(std)                  yf(y)(std)                 d(y)(std)                  yd(y)(std)  
1.0610e-01     6.5564e-04  0.0000e+00     6.9564e-05  0.0000e+00     7.1685e-07  0.0000e+00     7.6059e-08  0.0000e+00 
1.1905e-01     4.3826e-04  0.0000e+00     5.2173e-05  0.0000e+00     5.3764e-07  0.0000e+00     6.4004e-08  0.0000e+00 
1.3357e-01     1.9530e-04  0.0000e+00     2.6087e-05  0.0000e+00     2.6882e-07  0.0000e+00     3.5907e-08  0.0000e+00 
1.4987e-01     2.9010e-04  0.0000e+00     4.3478e-05  0.0000e+00     4.4803e-07  0.0000e+00     6.7147e-08  0.0000e+00 
1.6816e-01     2.0684e-04  0.0000e+00     3.4782e-05  0.0000e+00     3.5843e-07  0.0000e+00     6.0272e-08  0.0000e+00 
1.8868e-01     4.6087e-05  0.0000e+00     8.6955e-06  0.0000e+00     8.9607e-08  0.0000e+00     1.6907e-08  0.0000e+00 
2.1170e-01     2.0537e-04  0.0000e+00     4.3478e-05  0.0000e+00     4.4803e-07  0.0000e+00     9.4848e-08  0.0000e+00 
2.3753e-01     3.6608e-05  0.0000e+00     8.6955e-06  0.0000e+00     8.9607e-08  0.0000e+00     2.1284e-08  0.0000e+00 
2.6651e-01     9.7881e-05  0.0000e+00     2.6087e-05  0.0000e+00     2.6882e-07  0.0000e+00     7.1644e-08  0.0000e+00 
2.9903e-01     8.7236e-05  0.0000e+00     2.6087e-05  0.0000e+00     2.6882e-07  0.0000e+00     8.0386e-08  0.0000e+00 
3.3552e-01     1.2958e-04  0.0000e+00     4.3478e-05  0.0000e+00     4.4803e-07  0.0000e+00     1.5032e-07  0.0000e+00 
3.7646e-01     1.6169e-04  0.0000e+00     6.0869e-05  0.0000e+00     6.2725e-07  0.0000e+00     2.3613e-07  0.0000e+00 
4.2240e-01     1.0293e-04  0.0000e+00     4.3478e-05  0.0000e+00     4.4803e-07  0.0000e+00     1.8925e-07  0.0000e+00 
4.7394e-01     7.3390e-05  0.0000e+00     3.4782e-05  0.0000e+00     3.5843e-07  0.0000e+00     1.6987e-07  0.0000e+00 
5.3176e-01     4.9057e-05  0.0000e+00     2.6087e-05  0.0000e+00     2.6882e-07  0.0000e+00     1.4295e-07  0.0000e+00 
5.9665e-01     1.1659e-04  0.0000e+00     6.9564e-05  0.0000e+00     7.1685e-07  0.0000e+00     4.2771e-07  0.0000e+00 
6.6945e-01     1.5587e-04  0.0000e+00     1.0435e-04  0.0000e+00     1.0753e-06  0.0000e+00     7.1985e-07  0.0000e+00 
7.5114e-01     6.9459e-05  0.0000e+00     5.2173e-05  0.0000e+00     5.3764e-07  0.0000e+00     4.0384e-07  0.0000e+00 
8.4279e-01     4.1270e-05  0.0000e+00     3.4782e-05  0.0000e+00     3.5843e-07  0.0000e+00     3.0208e-07  0.0000e+00 
9.4563e-01     3.6782e-05  0.0000e+00     3.4782e-05  0.0000e+00     3.5843e-07  0.0000e+00     3.3894e-07  0.0000e+00 
1.0610e+00     1.6391e-05  0.0000e+00     1.7391e-05  0.0000e+00     1.7921e-07  0.0000e+00     1.9015e-07  0.0000e+00 
1.1905e+00     2.9217e-05  0.0000e+00     3.4782e-05  0.0000e+00     3.5843e-07  0.0000e+00     4.2670e-07  0.0000e+00 
1.3357e+00     1.9530e-05  0.0000e+00     2.6087e-05  0.0000e+00     2.6882e-07  0.0000e+00     3.5907e-07  0.0000e+00 
1.4987e+00     1.1604e-05  0.0000e+00     1.7391e-05  0.0000e+00     1.7921e-07  0.0000e+00     2.6859e-07  0.0000e+00 
1.6816e+00     0.0000e+00  0.0000e+00     0.0000e+00  0.0000e+00     0.0000e+00  0.0000e+00     0.0000e+00  0.0000e+00 
1.8868e+00     4.6087e-06  0.0000e+00     8.6955e-06  0.0000e+00     8.9607e-08  0.0000e+00     1.6907e-07  0.0000e+00 
2.1170e+00     1.1912e-04  0.0000e+00     2.5217e-04  0.0000e+00     2.5986e-06  0.0000e+00     5.5012e-06  0.0000e+00 
2.3753e+00     3.0751e-04  0.0000e+00     7.3042e-04  0.0000e+00     7.5270e-06  0.0000e+00     1.7879e-05  0.0000e+00 
2.6651e+00     2.2186e-04  0.0000e+00     5.9129e-04  0.0000e+00     6.0932e-06  0.0000e+00     1.6239e-05  0.0000e+00 
2.9903e+00     9.3052e-05  0.0000e+00     2.7826e-04  0.0000e+00     2.8674e-06  0.0000e+00     8.5745e-06  0.0000e+00 
3.3552e+00     3.2136e-04  0.0000e+00     1.0782e-03  0.0000e+00     1.1111e-05  0.0000e+00     3.7280e-05  0.0000e+00 
3.7646e+00     2.7487e-04  0.0000e+00     1.0348e-03  0.0000e+00     1.0663e-05  0.0000e+00     4.0143e-05  0.0000e+00 
4.2240e+00     1.0911e-04  0.0000e+00     4.6086e-04  0.0000e+00     4.7491e-06  0.0000e+00     2.0060e-05  0.0000e+00 
4.7394e+00     1.2660e-04  0.0000e+00     5.9999e-04  0.0000e+00     6.1829e-06  0.0000e+00     2.9303e-05  0.0000e+00 
5.3176e+00     4.7421e-05  0.0000e+00     2.5217e-04  0.0000e+00     2.5986e-06  0.0000e+00     1.3818e-05  0.0000e+00 
5.9665e+00     1.3845e-04  0.0000e+00     8.2607e-04  0.0000e+00     8.5126e-06  0.0000e+00     5.0791e-05  0.0000e+00 
6.6945e+00     7.6635e-05  0.0000e+00     5.1303e-04  0.0000e+00     5.2868e-06  0.0000e+00     3.5392e-05  0.0000e+00 
7.5114e+00     1.2734e-05  0.0000e+00     9.5651e-05  0.0000e+00     9.8567e-07  0.0000e+00     7.4038e-06  0.0000e+00 
8.4279e+00     1.4135e-04  0.0000e+00     1.1913e-03  0.0000e+00     1.2276e-05  0.0000e+00     1.0346e-04  0.0000e+00 
9.4563e+00     1.9678e-04  0.0000e+00     1.8608e-03  0.0000e+00     1.9176e-05  0.0000e+00     1.8133e-04  0.0000e+00 
1.0610e+01     3.5241e-04  0.0000e+00     3.7391e-03  0.0000e+00     3.8531e-05  0.0000e+00     4.0882e-04  0.0000e+00 
1.1905e+01     5.5658e-04  0.0000e+00     6.6260e-03  0.0000e+00     6.8280e-05  0.0000e+00     8.1286e-04  0.0000e+00 
1.3357e+01     6.6597e-04  0.0000e+00     8.8955e-03  0.0000e+00     9.1668e-05  0.0000e+00     1.2244e-03  0.0000e+00 
1.4987e+01     6.1153e-04  0.0000e+00     9.1651e-03  0.0000e+00     9.4445e-05  0.0000e+00     1.4155e-03  0.0000e+00 
1.6816e+01     5.9053e-04  0.0000e+00     9.9303e-03  0.0000e+00     1.0233e-04  0.0000e+00     1.7208e-03  0.0000e+00 
1.8868e+01     7.5121e-04  0.0000e+00     1.4174e-02  0.0000e+00     1.4606e-04  0.0000e+00     2.7558e-03  0.0000e+00 
2.1170e+01     1.2314e-03  0.0000e+00     2.6069e-02  0.0000e+00     2.6864e-04  0.0000e+00     5.6871e-03  0.0000e+00 
2.3753e+01     1.5917e-03  0.0000e+00     3.7808e-02  0.0000e+00     3.8961e-04  0.0000e+00     9.2544e-03  0.0000e+00 
2.6651e+01     1.7374e-03  0.0000e+00     4.6304e-02  0.0000e+00     4.7716e-04  0.0000e+00     1.2717e-02  0.0000e+00 
2.9903e+01     2.2658e-03  0.0000e+00     6.7755e-02  0.0000e+00     6.9821e-04  0.0000e+00     2.0879e-02  0.0000e+00 
3.3552e+01     2.9366e-03  0.0000e+00     9.8529e-02  0.0000e+00     1.0153e-03  0.0000e+00     3.4066e-02  0.0000e+00 
3.7646e+01     3.6920e-03  0.0000e+00     1.3899e-01  0.0000e+00     1.4323e-03  0.0000e+00     5.3919e-02  0.0000e+00 
4.2240e+01     4.5306e-03  0.0000e+00     1.9137e-01  0.0000e+00     1.9721e-03  0.0000e+00     8.3299e-02  0.0000e+00 
4.7394e+01     5.6984e-03  0.0000e+00     2.7007e-01  0.0000e+00     2.7830e-03  0.0000e+00     1.3190e-01  0.0000e+00 
5.3176e+01     6.9348e-03  0.0000e+00     3.6877e-01  0.0000e+00     3.8001e-03  0.0000e+00     2.0208e-01  0.0000e+00 
5.9665e+01     8.0742e-03  0.0000e+00     4.8175e-01  0.0000e+00     4.9644e-03  0.0000e+00     2.9620e-01  0.0000e+00 
6.6945e+01     9.1491e-03  0.0000e+00     6.1249e-01  0.0000e+00     6.3116e-03  0.0000e+00     4.2253e-01  0.0000e+00 
7.5114e+01     1.0011e-02  0.0000e+00     7.5194e-01  0.0000e+00     7.7486e-03  0.0000e+00     5.8203e-01  0.0000e+00 
8.4279e+01     1.0235e-02  0.0000e+00     8.6256e-01  0.0000e+00     8.8886e-03  0.0000e+00     7.4912e-01  0.0000e+00 
9.4563e+01     1.0016e-02  0.0000e+00     9.4714e-01  0.0000e+00     9.7602e-03  0.0000e+00     9.2295e-01  0.0000e+00 
1.0610e+02     8.9547e-03  0.0000e+00     9.5010e-01  0.0000e+00     9.7907e-03  0.0000e+00     1.0388e+00  0.0000e+00 
1.1905e+02     7.3963e-03  0.0000e+00     8.8051e-01  0.0000e+00     9.0736e-03  0.0000e+00     1.0802e+00  0.0000e+00 
1.3357e+02     5.4352e-03  0.0000e+00     7.2600e-01  0.0000e+00     7.4813e-03  0.0000e+00     9.9931e-01  0.0000e+00 
1.4987e+02     3.5495e-03  0.0000e+00     5.3197e-01  0.0000e+00     5.4820e-03  0.0000e+00     8.2159e-01  0.0000e+00 
1.6816e+02     2.0130e-03  0.0000e+00     3.3850e-01  0.0000e+00     3.4882e-03  0.0000e+00     5.8657e-01  0.0000e+00 
1.8868e+02     9.6676e-04  0.0000e+00     1.8241e-01  0.0000e+00     1.8797e-03  0.0000e+00     3.5465e-01  0.0000e+00 
2.1170e+02     3.8590e-04  0.0000e+00     8.1694e-02  0.0000e+00     8.4185e-04  0.0000e+00     1.7822e-01  0.0000e+00 
2.3753e+02     1.2363e-04  0.0000e+00     2.9365e-02  0.0000e+00     3.0260e-04  0.0000e+00     7.1877e-02  0.0000e+00 
2.6651e+02     3.0245e-05  0.0000e+00     8.0607e-03  0.0000e+00     8.3065e-05  0.0000e+00     2.2138e-02  0.0000e+00 
2.9903e+02     6.2519e-06  0.0000e+00     1.8695e-03  0.0000e+00     1.9265e-05  0.0000e+00     5.7610e-03  0.0000e+00 
3.3552e+02     7.2566e-07  0.0000e+00     2.4347e-04  0.0000e+00     2.5090e-06  0.0000e+00     8.4182e-04  0.0000e+00 
3.7646e+02     0.0000e+00  0.0000e+00     0.0000e+00  0.0000e+00     0.0000e+00  0.0000e+00     0.0000e+00  0.0000e+00 
4.2240e+02     0.0000e+00  0.0000e+00     0.0000e+00  0.0000e+00     0.0000e+00  0.0000e+00     0.0000e+00  0.0000e+00 
4.7394e+02     0.0000e+00  0.0000e+00     0.0000e+00  0.0000e+00     0.0000e+00  0.0000e+00     0.0000e+00  0.0000e+00 
5.3176e+02     0.0000e+00  0.0000e+00     0.0000e+00  0.0000e+00     0.0000e+00  0.0000e+00     0.0000e+00  0.0000e+00 
5.9665e+02     0.0000e+00  0.0000e+00     0.0000e+00  0.0000e+00     0.0000e+00  0.0000e+00     0.0000e+00  0.0000e+00 
6.6945e+02     0.0000e+00  0.0000e+00     0.0000e+00  0.0000e+00     0.0000e+00  0.0000e+00     0.0000e+00  0.0000e+00 
7.5114e+02     0.0000e+00  0.0000e+00     0.0000e+00  0.0000e+00     0.0000e+00  0.0000e+00     0.0000e+00  0.0000e+00 
8.4279e+02     0.0000e+00  0.0000e+00     0.0000e+00  0.0000e+00     0.0000e+00  0.0000e+00     0.0000e+00  0.0000e+00 
9.4563e+02     0.0000e+00  0.0000e+00     0.0000e+00  0.0000e+00     0.0000e+00  0.0000e+00     0.0000e+00  0.0000e+00 
1.0610e+03     0.0000e+00  0.0000e+00     0.0000e+00  0.0000e+00     0.0000e+00  0.0000e+00     0.0000e+00  0.0000e+00 
1.1905e+03     0.0000e+00  0.0000e+00     0.0000e+00  0.0000e+00     0.0000e+00  0.0000e+00     0.0000e+00  0.0000e+00 
1.3357e+03     0.0000e+00  0.0000e+00     0.0000e+00  0.0000e+00     0.0000e+00  0.0000e+00     0.0000e+00  0.0000e+00 
1.4987e+03     0.0000e+00  0.0000e+00     0.0000e+00  0.0000e+00     0.0000e+00  0.0000e+00     0.0000e+00  0.0000e+00 
1.6816e+03     0.0000e+00  0.0000e+00     0.0000e+00  0.0000e+00     0.0000e+00  0.0000e+00     0.0000e+00  0.0000e+00 
1.8868e+03     0.0000e+00  0.0000e+00     0.0000e+00  0.0000e+00     0.0000e+00  0.0000e+00     0.0000e+00  0.0000e+00 
2.1170e+03     0.0000e+00  0.0000e+00     0.0000e+00  0.0000e+00     0.0000e+00  0.0000e+00     0.0000e+00  0.0000e+00 
2.3753e+03     0.0000e+00  0.0000e+00     0.0000e+00  0.0000e+00     0.0000e+00  0.0000e+00     0.0000e+00  0.0000e+00 
2.6651e+03     0.0000e+00  0.0000e+00     0.0000e+00  0.0000e+00     0.0000e+00  0.0000e+00     0.0000e+00  0.0000e+00 
2.9903e+03     0.0000e+00  0.0000e+00     0.0000e+00  0.0000e+00     0.0000e+00  0.0000e+00     0.0000e+00  0.0000e+00 
3.3552e+03     0.0000e+00  0.0000e+00     0.0000e+00  0.0000e+00     0.0000e+00  0.0000e+00     0.0000e+00  0.0000e+00 
3.7646e+03     0.0000e+00  0.0000e+00     0.0000e+00  0.0000e+00     0.0000e+00  0.0000e+00     0.0000e+00  0.0000e+00 
4.2240e+03     0.0000e+00  0.0000e+00     0.0000e+00  0.0000e+00     0.0000e+00  0.0000e+00     0.0000e+00  0.0000e+00 
4.7394e+03     0.0000e+00  0.0000e+00     0.0000e+00  0.0000e+00     0.0000e+00  0.0000e+00     0.0000e+00  0.0000e+00 
5.3176e+03     0.0000e+00  0.0000e+00     0.0000e+00  0.0000e+00     0.0000e+00  0.0000e+00     0.0000e+00  0.0000e+00 
5.9665e+03     0.0000e+00  0.0000e+00     0.0000e+00  0.0000e+00     0.0000e+00  0.0000e+00     0.0000e+00  0.0000e+00 
6.6945e+03     0.0000e+00  0.0000e+00     0.0000e+00  0.0000e+00     0.0000e+00  0.0000e+00     0.0000e+00  0.0000e+00 
7.5114e+03     0.0000e+00  0.0000e+00     0.0000e+00  0.0000e+00     0.0000e+00  0.0000e+00     0.0000e+00  0.0000e+00 
8.4279e+03     0.0000e+00  0.0000e+00     0.0000e+00  0.0000e+00     0.0000e+00  0.0000e+00     0.0000e+00  0.0000e+00 
9.4563e+03     0.0000e+00  0.0000e+00     0.0000e+00  0.0000e+00     0.0000e+00  0.0000e+00     0.0000e+00  0.0000e+00 
