yF = 5.5428e+00 (std: 0.0000e+00) keV/um
yD = 2.4939e+01 (std: 0.0000e+00) keV/um
y (keV/um)     f(y)(std)                  yf(y)(std)                 d(y)(std)                  yd(y)(std)  
1.0610e-01     2.0806e+01  0.0000e+00     2.2075e+00  0.0000e+00     3.9827e-01  0.0000e+00     4.2257e-02  0.0000e+00 
1.1905e-01     1.7768e+00  0.0000e+00     2.1153e-01  0.0000e+00     3.8162e-02  0.0000e+00     4.5431e-03  0.0000e+00 
1.3357e-01     6.0052e-01  0.0000e+00     8.0213e-02  0.0000e+00     1.4472e-02  0.0000e+00     1.9330e-03  0.0000e+00 
1.4987e-01     2.5099e+00  0.0000e+00     3.7617e-01  0.0000e+00     6.7866e-02  0.0000e+00     1.0171e-02  0.0000e+00 
1.6816e-01     8.8192e-01  0.0000e+00     1.4830e-01  0.0000e+00     2.6756e-02  0.0000e+00     4.4993e-03  0.0000e+00 
1.8868e-01     6.5338e-01  0.0000e+00     1.2328e-01  0.0000e+00     2.2241e-02  0.0000e+00     4.1964e-03  0.0000e+00 
2.1170e-01     6.7586e-01  0.0000e+00     1.4308e-01  0.0000e+00     2.5814e-02  0.0000e+00     5.4647e-03  0.0000e+00 
2.3753e-01     6.3636e-01  0.0000e+00     1.5116e-01  0.0000e+00     2.7271e-02  0.0000e+00     6.4776e-03  0.0000e+00 
2.6651e-01     3.3553e-01  0.0000e+00     8.9422e-02  0.0000e+00     1.6133e-02  0.0000e+00     4.2997e-03  0.0000e+00 
2.9903e-01     2.8859e-01  0.0000e+00     8.6297e-02  0.0000e+00     1.5569e-02  0.0000e+00     4.6557e-03  0.0000e+00 
3.3552e-01     1.1798e+00  0.0000e+00     3.9584e-01  0.0000e+00     7.1416e-02  0.0000e+00     2.3962e-02  0.0000e+00 
3.7646e-01     8.6327e-01  0.0000e+00     3.2499e-01  0.0000e+00     5.8632e-02  0.0000e+00     2.2073e-02  0.0000e+00 
4.2240e-01     4.4471e-01  0.0000e+00     1.8784e-01  0.0000e+00     3.3890e-02  0.0000e+00     1.4315e-02  0.0000e+00 
4.7394e-01     4.2755e-01  0.0000e+00     2.0263e-01  0.0000e+00     3.6558e-02  0.0000e+00     1.7326e-02  0.0000e+00 
5.3176e-01     3.1025e-01  0.0000e+00     1.6498e-01  0.0000e+00     2.9765e-02  0.0000e+00     1.5828e-02  0.0000e+00 
5.9665e-01     1.8334e-01  0.0000e+00     1.0939e-01  0.0000e+00     1.9736e-02  0.0000e+00     1.1775e-02  0.0000e+00 
6.6945e-01     2.3124e-01  0.0000e+00     1.5481e-01  0.0000e+00     2.7929e-02  0.0000e+00     1.8697e-02  0.0000e+00 
7.5114e-01     2.1112e-01  0.0000e+00     1.5858e-01  0.0000e+00     2.8610e-02  0.0000e+00     2.1490e-02  0.0000e+00 
8.4279e-01     1.2367e-01  0.0000e+00     1.0423e-01  0.0000e+00     1.8805e-02  0.0000e+00     1.5849e-02  0.0000e+00 
9.4563e-01     7.7750e-02  0.0000e+00     7.3522e-02  0.0000e+00     1.3264e-02  0.0000e+00     1.2543e-02  0.0000e+00 
1.0610e+00     6.0991e-02  0.0000e+00     6.4712e-02  0.0000e+00     1.1675e-02  0.0000e+00     1.2387e-02  0.0000e+00 
1.1905e+00     3.6809e-02  0.0000e+00     4.3820e-02  0.0000e+00     7.9057e-03  0.0000e+00     9.4115e-03  0.0000e+00 
1.3357e+00     2.1766e-02  0.0000e+00     2.9073e-02  0.0000e+00     5.2452e-03  0.0000e+00     7.0062e-03  0.0000e+00 
1.4987e+00     1.2807e-02  0.0000e+00     1.9193e-02  0.0000e+00     3.4628e-03  0.0000e+00     5.1897e-03  0.0000e+00 
1.6816e+00     6.4242e-03  0.0000e+00     1.0803e-02  0.0000e+00     1.9490e-03  0.0000e+00     3.2774e-03  0.0000e+00 
1.8868e+00     2.9239e-03  0.0000e+00     5.5168e-03  0.0000e+00     9.9531e-04  0.0000e+00     1.8779e-03  0.0000e+00 
2.1170e+00     1.0404e-03  0.0000e+00     2.2025e-03  0.0000e+00     3.9737e-04  0.0000e+00     8.4122e-04  0.0000e+00 
2.3753e+00     4.8571e-04  0.0000e+00     1.1537e-03  0.0000e+00     2.0814e-04  0.0000e+00     4.9441e-04  0.0000e+00 
2.6651e+00     1.6528e-04  0.0000e+00     4.4050e-04  0.0000e+00     7.9473e-05  0.0000e+00     2.1181e-04  0.0000e+00 
2.9903e+00     5.6118e-05  0.0000e+00     1.6781e-04  0.0000e+00     3.0276e-05  0.0000e+00     9.0534e-05  0.0000e+00 
3.3552e+00     1.8756e-05  0.0000e+00     6.2929e-05  0.0000e+00     1.1353e-05  0.0000e+00     3.8093e-05  0.0000e+00 
3.7646e+00     1.1144e-05  0.0000e+00     4.1953e-05  0.0000e+00     7.5689e-06  0.0000e+00     2.8494e-05  0.0000e+00 
4.2240e+00     0.0000e+00  0.0000e+00     0.0000e+00  0.0000e+00     0.0000e+00  0.0000e+00     0.0000e+00  0.0000e+00 
4.7394e+00     0.0000e+00  0.0000e+00     0.0000e+00  0.0000e+00     0.0000e+00  0.0000e+00     0.0000e+00  0.0000e+00 
5.3176e+00     0.0000e+00  0.0000e+00     0.0000e+00  0.0000e+00     0.0000e+00  0.0000e+00     0.0000e+00  0.0000e+00 
5.9665e+00     9.3102e-02  0.0000e+00     5.5549e-01  0.0000e+00     1.0022e-01  0.0000e+00     5.9796e-01  0.0000e+00 
6.6945e+00     2.8429e-02  0.0000e+00     1.9032e-01  0.0000e+00     3.4336e-02  0.0000e+00     2.2986e-01  0.0000e+00 
7.5114e+00     7.3976e-03  0.0000e+00     5.5566e-02  0.0000e+00     1.0025e-02  0.0000e+00     7.5301e-02  0.0000e+00 
8.4279e+00     2.6216e-02  0.0000e+00     2.2094e-01  0.0000e+00     3.9862e-02  0.0000e+00     3.3595e-01  0.0000e+00 
9.4563e+00     2.5015e-02  0.0000e+00     2.3655e-01  0.0000e+00     4.2677e-02  0.0000e+00     4.0357e-01  0.0000e+00 
1.0610e+01     3.0240e-02  0.0000e+00     3.2085e-01  0.0000e+00     5.7887e-02  0.0000e+00     6.1418e-01  0.0000e+00 
1.1905e+01     1.9432e-02  0.0000e+00     2.3133e-01  0.0000e+00     4.1735e-02  0.0000e+00     4.9684e-01  0.0000e+00 
1.3357e+01     1.4708e-02  0.0000e+00     1.9646e-01  0.0000e+00     3.5445e-02  0.0000e+00     4.7345e-01  0.0000e+00 
1.4987e+01     9.4558e-03  0.0000e+00     1.4172e-01  0.0000e+00     2.5568e-02  0.0000e+00     3.8319e-01  0.0000e+00 
1.6816e+01     6.8296e-03  0.0000e+00     1.1485e-01  0.0000e+00     2.0720e-02  0.0000e+00     3.4842e-01  0.0000e+00 
1.8868e+01     5.4910e-03  0.0000e+00     1.0360e-01  0.0000e+00     1.8691e-02  0.0000e+00     3.5266e-01  0.0000e+00 
2.1170e+01     5.1138e-03  0.0000e+00     1.0826e-01  0.0000e+00     1.9532e-02  0.0000e+00     4.1348e-01  0.0000e+00 
2.3753e+01     4.5285e-03  0.0000e+00     1.0757e-01  0.0000e+00     1.9407e-02  0.0000e+00     4.6097e-01  0.0000e+00 
2.6651e+01     3.1632e-03  0.0000e+00     8.4304e-02  0.0000e+00     1.5210e-02  0.0000e+00     4.0536e-01  0.0000e+00 
2.9903e+01     2.3429e-03  0.0000e+00     7.0061e-02  0.0000e+00     1.2640e-02  0.0000e+00     3.7798e-01  0.0000e+00 
3.3552e+01     1.9675e-03  0.0000e+00     6.6012e-02  0.0000e+00     1.1910e-02  0.0000e+00     3.9959e-01  0.0000e+00 
3.7646e+01     1.4699e-03  0.0000e+00     5.5336e-02  0.0000e+00     9.9834e-03  0.0000e+00     3.7583e-01  0.0000e+00 
4.2240e+01     1.0488e-03  0.0000e+00     4.4302e-02  0.0000e+00     7.9927e-03  0.0000e+00     3.3761e-01  0.0000e+00 
4.7394e+01     7.9845e-04  0.0000e+00     3.7841e-02  0.0000e+00     6.8271e-03  0.0000e+00     3.2356e-01  0.0000e+00 
5.3176e+01     5.1360e-04  0.0000e+00     2.7311e-02  0.0000e+00     4.9273e-03  0.0000e+00     2.6202e-01  0.0000e+00 
5.9665e+01     3.3891e-04  0.0000e+00     2.0221e-02  0.0000e+00     3.6482e-03  0.0000e+00     2.1767e-01  0.0000e+00 
6.6945e+01     2.1338e-04  0.0000e+00     1.4285e-02  0.0000e+00     2.5772e-03  0.0000e+00     1.7253e-01  0.0000e+00 
7.5114e+01     1.1757e-04  0.0000e+00     8.8310e-03  0.0000e+00     1.5933e-03  0.0000e+00     1.1967e-01  0.0000e+00 
8.4279e+01     7.0436e-05  0.0000e+00     5.9363e-03  0.0000e+00     1.0710e-03  0.0000e+00     9.0263e-02  0.0000e+00 
9.4563e+01     3.3717e-05  0.0000e+00     3.1884e-03  0.0000e+00     5.7524e-04  0.0000e+00     5.4396e-02  0.0000e+00 
1.0610e+02     1.7595e-05  0.0000e+00     1.8669e-03  0.0000e+00     3.3682e-04  0.0000e+00     3.5736e-02  0.0000e+00 
1.1905e+02     7.2243e-06  0.0000e+00     8.6003e-04  0.0000e+00     1.5516e-04  0.0000e+00     1.8472e-02  0.0000e+00 
1.3357e+02     3.6119e-06  0.0000e+00     4.8246e-04  0.0000e+00     8.7042e-05  0.0000e+00     1.1627e-02  0.0000e+00 
1.4987e+02     6.9981e-07  0.0000e+00     1.0488e-04  0.0000e+00     1.8922e-05  0.0000e+00     2.8359e-03  0.0000e+00 
1.6816e+02     2.4948e-07  0.0000e+00     4.1953e-05  0.0000e+00     7.5689e-06  0.0000e+00     1.2728e-03  0.0000e+00 
1.8868e+02     0.0000e+00  0.0000e+00     0.0000e+00  0.0000e+00     0.0000e+00  0.0000e+00     0.0000e+00  0.0000e+00 
2.1170e+02     0.0000e+00  0.0000e+00     0.0000e+00  0.0000e+00     0.0000e+00  0.0000e+00     0.0000e+00  0.0000e+00 
2.3753e+02     0.0000e+00  0.0000e+00     0.0000e+00  0.0000e+00     0.0000e+00  0.0000e+00     0.0000e+00  0.0000e+00 
2.6651e+02     0.0000e+00  0.0000e+00     0.0000e+00  0.0000e+00     0.0000e+00  0.0000e+00     0.0000e+00  0.0000e+00 
2.9903e+02     0.0000e+00  0.0000e+00     0.0000e+00  0.0000e+00     0.0000e+00  0.0000e+00     0.0000e+00  0.0000e+00 
3.3552e+02     0.0000e+00  0.0000e+00     0.0000e+00  0.0000e+00     0.0000e+00  0.0000e+00     0.0000e+00  0.0000e+00 
3.7646e+02     0.0000e+00  0.0000e+00     0.0000e+00  0.0000e+00     0.0000e+00  0.0000e+00     0.0000e+00  0.0000e+00 
4.2240e+02     0.0000e+00  0.0000e+00     0.0000e+00  0.0000e+00     0.0000e+00  0.0000e+00     0.0000e+00  0.0000e+00 
4.7394e+02     0.0000e+00  0.0000e+00     0.0000e+00  0.0000e+00     0.0000e+00  0.0000e+00     0.0000e+00  0.0000e+00 
5.3176e+02     0.0000e+00  0.0000e+00     0.0000e+00  0.0000e+00     0.0000e+00  0.0000e+00     0.0000e+00  0.0000e+00 
5.9665e+02     0.0000e+00  0.0000e+00     0.0000e+00  0.0000e+00     0.0000e+00  0.0000e+00     0.0000e+00  0.0000e+00 
6.6945e+02     0.0000e+00  0.0000e+00     0.0000e+00  0.0000e+00     0.0000e+00  0.0000e+00     0.0000e+00  0.0000e+00 
7.5114e+02     0.0000e+00  0.0000e+00     0.0000e+00  0.0000e+00     0.0000e+00  0.0000e+00     0.0000e+00  0.0000e+00 
8.4279e+02     0.0000e+00  0.0000e+00     0.0000e+00  0.0000e+00     0.0000e+00  0.0000e+00     0.0000e+00  0.0000e+00 
9.4563e+02     0.0000e+00  0.0000e+00     0.0000e+00  0.0000e+00     0.0000e+00  0.0000e+00     0.0000e+00  0.0000e+00 
1.0610e+03     0.0000e+00  0.0000e+00     0.0000e+00  0.0000e+00     0.0000e+00  0.0000e+00     0.0000e+00  0.0000e+00 
1.1905e+03     0.0000e+00  0.0000e+00     0.0000e+00  0.0000e+00     0.0000e+00  0.0000e+00     0.0000e+00  0.0000e+00 
1.3357e+03     0.0000e+00  0.0000e+00     0.0000e+00  0.0000e+00     0.0000e+00  0.0000e+00     0.0000e+00  0.0000e+00 
1.4987e+03     0.0000e+00  0.0000e+00     0.0000e+00  0.0000e+00     0.0000e+00  0.0000e+00     0.0000e+00  0.0000e+00 
1.6816e+03     0.0000e+00  0.0000e+00     0.0000e+00  0.0000e+00     0.0000e+00  0.0000e+00     0.0000e+00  0.0000e+00 
1.8868e+03     0.0000e+00  0.0000e+00     0.0000e+00  0.0000e+00     0.0000e+00  0.0000e+00     0.0000e+00  0.0000e+00 
2.1170e+03     0.0000e+00  0.0000e+00     0.0000e+00  0.0000e+00     0.0000e+00  0.0000e+00     0.0000e+00  0.0000e+00 
2.3753e+03     0.0000e+00  0.0000e+00     0.0000e+00  0.0000e+00     0.0000e+00  0.0000e+00     0.0000e+00  0.0000e+00 
2.6651e+03     0.0000e+00  0.0000e+00     0.0000e+00  0.0000e+00     0.0000e+00  0.0000e+00     0.0000e+00  0.0000e+00 
2.9903e+03     0.0000e+00  0.0000e+00     0.0000e+00  0.0000e+00     0.0000e+00  0.0000e+00     0.0000e+00  0.0000e+00 
3.3552e+03     0.0000e+00  0.0000e+00     0.0000e+00  0.0000e+00     0.0000e+00  0.0000e+00     0.0000e+00  0.0000e+00 
3.7646e+03     0.0000e+00  0.0000e+00     0.0000e+00  0.0000e+00     0.0000e+00  0.0000e+00     0.0000e+00  0.0000e+00 
4.2240e+03     0.0000e+00  0.0000e+00     0.0000e+00  0.0000e+00     0.0000e+00  0.0000e+00     0.0000e+00  0.0000e+00 
4.7394e+03     0.0000e+00  0.0000e+00     0.0000e+00  0.0000e+00     0.0000e+00  0.0000e+00     0.0000e+00  0.0000e+00 
5.3176e+03     0.0000e+00  0.0000e+00     0.0000e+00  0.0000e+00     0.0000e+00  0.0000e+00     0.0000e+00  0.0000e+00 
5.9665e+03     0.0000e+00  0.0000e+00     0.0000e+00  0.0000e+00     0.0000e+00  0.0000e+00     0.0000e+00  0.0000e+00 
6.6945e+03     0.0000e+00  0.0000e+00     0.0000e+00  0.0000e+00     0.0000e+00  0.0000e+00     0.0000e+00  0.0000e+00 
7.5114e+03     0.0000e+00  0.0000e+00     0.0000e+00  0.0000e+00     0.0000e+00  0.0000e+00     0.0000e+00  0.0000e+00 
8.4279e+03     0.0000e+00  0.0000e+00     0.0000e+00  0.0000e+00     0.0000e+00  0.0000e+00     0.0000e+00  0.0000e+00 
9.4563e+03     0.0000e+00  0.0000e+00     0.0000e+00  0.0000e+00     0.0000e+00  0.0000e+00     0.0000e+00  0.0000e+00 
