yF = 5.0361e+00 (std: 0.0000e+00) keV/um
yD = 2.2016e+01 (std: 0.0000e+00) keV/um
y (keV/um)     f(y)(std)                  yf(y)(std)                 d(y)(std)                  yd(y)(std)  
1.0610e-01     2.5156e+01  0.0000e+00     2.6691e+00  0.0000e+00     5.2999e-01  0.0000e+00     5.6232e-02  0.0000e+00 
1.1905e-01     1.7299e+00  0.0000e+00     2.0594e-01  0.0000e+00     4.0893e-02  0.0000e+00     4.8682e-03  0.0000e+00 
1.3357e-01     3.6516e-01  0.0000e+00     4.8775e-02  0.0000e+00     9.6851e-03  0.0000e+00     1.2937e-03  0.0000e+00 
1.4987e-01     2.6578e+00  0.0000e+00     3.9833e-01  0.0000e+00     7.9095e-02  0.0000e+00     1.1854e-02  0.0000e+00 
1.6816e-01     7.8959e-01  0.0000e+00     1.3278e-01  0.0000e+00     2.6365e-02  0.0000e+00     4.4335e-03  0.0000e+00 
1.8868e-01     6.1755e-01  0.0000e+00     1.1652e-01  0.0000e+00     2.3137e-02  0.0000e+00     4.3653e-03  0.0000e+00 
2.1170e-01     5.7599e-01  0.0000e+00     1.2194e-01  0.0000e+00     2.4213e-02  0.0000e+00     5.1258e-03  0.0000e+00 
2.3753e-01     5.4758e-01  0.0000e+00     1.3007e-01  0.0000e+00     2.5827e-02  0.0000e+00     6.1347e-03  0.0000e+00 
2.6651e-01     2.8468e-01  0.0000e+00     7.5872e-02  0.0000e+00     1.5066e-02  0.0000e+00     4.0152e-03  0.0000e+00 
2.9903e-01     2.2654e-01  0.0000e+00     6.7743e-02  0.0000e+00     1.3452e-02  0.0000e+00     4.0224e-03  0.0000e+00 
3.3552e-01     1.3406e+00  0.0000e+00     4.4981e-01  0.0000e+00     8.9318e-02  0.0000e+00     2.9968e-02  0.0000e+00 
3.7646e-01     8.1336e-01  0.0000e+00     3.0620e-01  0.0000e+00     6.0801e-02  0.0000e+00     2.2889e-02  0.0000e+00 
4.2240e-01     3.1434e-01  0.0000e+00     1.3278e-01  0.0000e+00     2.6365e-02  0.0000e+00     1.1136e-02  0.0000e+00 
4.7394e-01     3.2590e-01  0.0000e+00     1.5445e-01  0.0000e+00     3.0669e-02  0.0000e+00     1.4535e-02  0.0000e+00 
5.3176e-01     2.7517e-01  0.0000e+00     1.4632e-01  0.0000e+00     2.9055e-02  0.0000e+00     1.5451e-02  0.0000e+00 
5.9665e-01     1.0446e-01  0.0000e+00     6.2323e-02  0.0000e+00     1.2375e-02  0.0000e+00     7.3838e-03  0.0000e+00 
6.6945e-01     2.1453e-01  0.0000e+00     1.4361e-01  0.0000e+00     2.8517e-02  0.0000e+00     1.9091e-02  0.0000e+00 
7.5114e-01     1.6234e-01  0.0000e+00     1.2194e-01  0.0000e+00     2.4213e-02  0.0000e+00     1.8187e-02  0.0000e+00 
8.4279e-01     8.3595e-02  0.0000e+00     7.0453e-02  0.0000e+00     1.3990e-02  0.0000e+00     1.1790e-02  0.0000e+00 
9.4563e-01     4.5848e-02  0.0000e+00     4.3355e-02  0.0000e+00     8.6090e-03  0.0000e+00     8.1409e-03  0.0000e+00 
1.0610e+00     3.0647e-02  0.0000e+00     3.2517e-02  0.0000e+00     6.4567e-03  0.0000e+00     6.8506e-03  0.0000e+00 
1.1905e+00     9.1047e-03  0.0000e+00     1.0839e-02  0.0000e+00     2.1522e-03  0.0000e+00     2.5622e-03  0.0000e+00 
1.3357e+00     2.0286e-03  0.0000e+00     2.7097e-03  0.0000e+00     5.3806e-04  0.0000e+00     7.1870e-04  0.0000e+00 
1.4987e+00     1.2656e-02  0.0000e+00     1.8968e-02  0.0000e+00     3.7664e-03  0.0000e+00     5.6448e-03  0.0000e+00 
1.6816e+00     4.8342e-03  0.0000e+00     8.1292e-03  0.0000e+00     1.6142e-03  0.0000e+00     2.7144e-03  0.0000e+00 
1.8868e+00     4.3085e-03  0.0000e+00     8.1292e-03  0.0000e+00     1.6142e-03  0.0000e+00     3.0456e-03  0.0000e+00 
2.1170e+00     0.0000e+00  0.0000e+00     0.0000e+00  0.0000e+00     0.0000e+00  0.0000e+00     0.0000e+00  0.0000e+00 
2.3753e+00     0.0000e+00  0.0000e+00     0.0000e+00  0.0000e+00     0.0000e+00  0.0000e+00     0.0000e+00  0.0000e+00 
2.6651e+00     0.0000e+00  0.0000e+00     0.0000e+00  0.0000e+00     0.0000e+00  0.0000e+00     0.0000e+00  0.0000e+00 
2.9903e+00     0.0000e+00  0.0000e+00     0.0000e+00  0.0000e+00     0.0000e+00  0.0000e+00     0.0000e+00  0.0000e+00 
3.3552e+00     0.0000e+00  0.0000e+00     0.0000e+00  0.0000e+00     0.0000e+00  0.0000e+00     0.0000e+00  0.0000e+00 
3.7646e+00     0.0000e+00  0.0000e+00     0.0000e+00  0.0000e+00     0.0000e+00  0.0000e+00     0.0000e+00  0.0000e+00 
4.2240e+00     0.0000e+00  0.0000e+00     0.0000e+00  0.0000e+00     0.0000e+00  0.0000e+00     0.0000e+00  0.0000e+00 
4.7394e+00     0.0000e+00  0.0000e+00     0.0000e+00  0.0000e+00     0.0000e+00  0.0000e+00     0.0000e+00  0.0000e+00 
5.3176e+00     0.0000e+00  0.0000e+00     0.0000e+00  0.0000e+00     0.0000e+00  0.0000e+00     0.0000e+00  0.0000e+00 
5.9665e+00     1.0309e-01  0.0000e+00     6.1511e-01  0.0000e+00     1.2214e-01  0.0000e+00     7.2875e-01  0.0000e+00 
6.6945e+00     2.1857e-02  0.0000e+00     1.4632e-01  0.0000e+00     2.9055e-02  0.0000e+00     1.9451e-01  0.0000e+00 
7.5114e+00     3.2467e-03  0.0000e+00     2.4387e-02  0.0000e+00     4.8425e-03  0.0000e+00     3.6374e-02  0.0000e+00 
8.4279e+00     2.8937e-02  0.0000e+00     2.4387e-01  0.0000e+00     4.8425e-02  0.0000e+00     4.0812e-01  0.0000e+00 
9.4563e+00     1.7766e-02  0.0000e+00     1.6800e-01  0.0000e+00     3.3360e-02  0.0000e+00     3.1546e-01  0.0000e+00 
1.0610e+01     6.1038e-02  0.0000e+00     6.4762e-01  0.0000e+00     1.2860e-01  0.0000e+00     1.3644e+00  0.0000e+00 
1.1905e+01     1.4795e-02  0.0000e+00     1.7613e-01  0.0000e+00     3.4974e-02  0.0000e+00     4.1636e-01  0.0000e+00 
1.3357e+01     1.4200e-02  0.0000e+00     1.8968e-01  0.0000e+00     3.7664e-02  0.0000e+00     5.0309e-01  0.0000e+00 
1.4987e+01     6.6897e-03  0.0000e+00     1.0026e-01  0.0000e+00     1.9908e-02  0.0000e+00     2.9837e-01  0.0000e+00 
1.6816e+01     4.6731e-03  0.0000e+00     7.8582e-02  0.0000e+00     1.5604e-02  0.0000e+00     2.6239e-01  0.0000e+00 
1.8868e+01     3.5904e-03  0.0000e+00     6.7743e-02  0.0000e+00     1.3452e-02  0.0000e+00     2.5380e-01  0.0000e+00 
2.1170e+01     5.3759e-03  0.0000e+00     1.1381e-01  0.0000e+00     2.2599e-02  0.0000e+00     4.7841e-01  0.0000e+00 
2.3753e+01     4.3350e-03  0.0000e+00     1.0297e-01  0.0000e+00     2.0446e-02  0.0000e+00     4.8566e-01  0.0000e+00 
2.6651e+01     3.0502e-03  0.0000e+00     8.1292e-02  0.0000e+00     1.6142e-02  0.0000e+00     4.3020e-01  0.0000e+00 
2.9903e+01     1.4499e-03  0.0000e+00     4.3355e-02  0.0000e+00     8.6090e-03  0.0000e+00     2.5744e-01  0.0000e+00 
3.3552e+01     9.6914e-04  0.0000e+00     3.2517e-02  0.0000e+00     6.4567e-03  0.0000e+00     2.1664e-01  0.0000e+00 
3.7646e+01     1.5116e-03  0.0000e+00     5.6904e-02  0.0000e+00     1.1299e-02  0.0000e+00     4.2537e-01  0.0000e+00 
4.2240e+01     1.0264e-03  0.0000e+00     4.3355e-02  0.0000e+00     8.6090e-03  0.0000e+00     3.6364e-01  0.0000e+00 
4.7394e+01     3.4305e-04  0.0000e+00     1.6258e-02  0.0000e+00     3.2284e-03  0.0000e+00     1.5300e-01  0.0000e+00 
5.3176e+01     6.6244e-04  0.0000e+00     3.5226e-02  0.0000e+00     6.9948e-03  0.0000e+00     3.7196e-01  0.0000e+00 
5.9665e+01     2.7249e-04  0.0000e+00     1.6258e-02  0.0000e+00     3.2284e-03  0.0000e+00     1.9262e-01  0.0000e+00 
6.6945e+01     1.2143e-04  0.0000e+00     8.1292e-03  0.0000e+00     1.6142e-03  0.0000e+00     1.0806e-01  0.0000e+00 
7.5114e+01     3.6075e-05  0.0000e+00     2.7097e-03  0.0000e+00     5.3806e-04  0.0000e+00     4.0416e-02  0.0000e+00 
8.4279e+01     0.0000e+00  0.0000e+00     0.0000e+00  0.0000e+00     0.0000e+00  0.0000e+00     0.0000e+00  0.0000e+00 
9.4563e+01     2.8655e-05  0.0000e+00     2.7097e-03  0.0000e+00     5.3806e-04  0.0000e+00     5.0880e-02  0.0000e+00 
1.0610e+02     2.5539e-05  0.0000e+00     2.7097e-03  0.0000e+00     5.3806e-04  0.0000e+00     5.7089e-02  0.0000e+00 
1.1905e+02     0.0000e+00  0.0000e+00     0.0000e+00  0.0000e+00     0.0000e+00  0.0000e+00     0.0000e+00  0.0000e+00 
1.3357e+02     0.0000e+00  0.0000e+00     0.0000e+00  0.0000e+00     0.0000e+00  0.0000e+00     0.0000e+00  0.0000e+00 
1.4987e+02     0.0000e+00  0.0000e+00     0.0000e+00  0.0000e+00     0.0000e+00  0.0000e+00     0.0000e+00  0.0000e+00 
1.6816e+02     0.0000e+00  0.0000e+00     0.0000e+00  0.0000e+00     0.0000e+00  0.0000e+00     0.0000e+00  0.0000e+00 
1.8868e+02     0.0000e+00  0.0000e+00     0.0000e+00  0.0000e+00     0.0000e+00  0.0000e+00     0.0000e+00  0.0000e+00 
2.1170e+02     0.0000e+00  0.0000e+00     0.0000e+00  0.0000e+00     0.0000e+00  0.0000e+00     0.0000e+00  0.0000e+00 
2.3753e+02     0.0000e+00  0.0000e+00     0.0000e+00  0.0000e+00     0.0000e+00  0.0000e+00     0.0000e+00  0.0000e+00 
2.6651e+02     0.0000e+00  0.0000e+00     0.0000e+00  0.0000e+00     0.0000e+00  0.0000e+00     0.0000e+00  0.0000e+00 
2.9903e+02     0.0000e+00  0.0000e+00     0.0000e+00  0.0000e+00     0.0000e+00  0.0000e+00     0.0000e+00  0.0000e+00 
3.3552e+02     0.0000e+00  0.0000e+00     0.0000e+00  0.0000e+00     0.0000e+00  0.0000e+00     0.0000e+00  0.0000e+00 
3.7646e+02     0.0000e+00  0.0000e+00     0.0000e+00  0.0000e+00     0.0000e+00  0.0000e+00     0.0000e+00  0.0000e+00 
4.2240e+02     0.0000e+00  0.0000e+00     0.0000e+00  0.0000e+00     0.0000e+00  0.0000e+00     0.0000e+00  0.0000e+00 
4.7394e+02     0.0000e+00  0.0000e+00     0.0000e+00  0.0000e+00     0.0000e+00  0.0000e+00     0.0000e+00  0.0000e+00 
5.3176e+02     0.0000e+00  0.0000e+00     0.0000e+00  0.0000e+00     0.0000e+00  0.0000e+00     0.0000e+00  0.0000e+00 
5.9665e+02     0.0000e+00  0.0000e+00     0.0000e+00  0.0000e+00     0.0000e+00  0.0000e+00     0.0000e+00  0.0000e+00 
6.6945e+02     0.0000e+00  0.0000e+00     0.0000e+00  0.0000e+00     0.0000e+00  0.0000e+00     0.0000e+00  0.0000e+00 
7.5114e+02     0.0000e+00  0.0000e+00     0.0000e+00  0.0000e+00     0.0000e+00  0.0000e+00     0.0000e+00  0.0000e+00 
8.4279e+02     0.0000e+00  0.0000e+00     0.0000e+00  0.0000e+00     0.0000e+00  0.0000e+00     0.0000e+00  0.0000e+00 
9.4563e+02     0.0000e+00  0.0000e+00     0.0000e+00  0.0000e+00     0.0000e+00  0.0000e+00     0.0000e+00  0.0000e+00 
1.0610e+03     0.0000e+00  0.0000e+00     0.0000e+00  0.0000e+00     0.0000e+00  0.0000e+00     0.0000e+00  0.0000e+00 
1.1905e+03     0.0000e+00  0.0000e+00     0.0000e+00  0.0000e+00     0.0000e+00  0.0000e+00     0.0000e+00  0.0000e+00 
1.3357e+03     0.0000e+00  0.0000e+00     0.0000e+00  0.0000e+00     0.0000e+00  0.0000e+00     0.0000e+00  0.0000e+00 
1.4987e+03     0.0000e+00  0.0000e+00     0.0000e+00  0.0000e+00     0.0000e+00  0.0000e+00     0.0000e+00  0.0000e+00 
1.6816e+03     0.0000e+00  0.0000e+00     0.0000e+00  0.0000e+00     0.0000e+00  0.0000e+00     0.0000e+00  0.0000e+00 
1.8868e+03     0.0000e+00  0.0000e+00     0.0000e+00  0.0000e+00     0.0000e+00  0.0000e+00     0.0000e+00  0.0000e+00 
2.1170e+03     0.0000e+00  0.0000e+00     0.0000e+00  0.0000e+00     0.0000e+00  0.0000e+00     0.0000e+00  0.0000e+00 
2.3753e+03     0.0000e+00  0.0000e+00     0.0000e+00  0.0000e+00     0.0000e+00  0.0000e+00     0.0000e+00  0.0000e+00 
2.6651e+03     0.0000e+00  0.0000e+00     0.0000e+00  0.0000e+00     0.0000e+00  0.0000e+00     0.0000e+00  0.0000e+00 
2.9903e+03     0.0000e+00  0.0000e+00     0.0000e+00  0.0000e+00     0.0000e+00  0.0000e+00     0.0000e+00  0.0000e+00 
3.3552e+03     0.0000e+00  0.0000e+00     0.0000e+00  0.0000e+00     0.0000e+00  0.0000e+00     0.0000e+00  0.0000e+00 
3.7646e+03     0.0000e+00  0.0000e+00     0.0000e+00  0.0000e+00     0.0000e+00  0.0000e+00     0.0000e+00  0.0000e+00 
4.2240e+03     0.0000e+00  0.0000e+00     0.0000e+00  0.0000e+00     0.0000e+00  0.0000e+00     0.0000e+00  0.0000e+00 
4.7394e+03     0.0000e+00  0.0000e+00     0.0000e+00  0.0000e+00     0.0000e+00  0.0000e+00     0.0000e+00  0.0000e+00 
5.3176e+03     0.0000e+00  0.0000e+00     0.0000e+00  0.0000e+00     0.0000e+00  0.0000e+00     0.0000e+00  0.0000e+00 
5.9665e+03     0.0000e+00  0.0000e+00     0.0000e+00  0.0000e+00     0.0000e+00  0.0000e+00     0.0000e+00  0.0000e+00 
6.6945e+03     0.0000e+00  0.0000e+00     0.0000e+00  0.0000e+00     0.0000e+00  0.0000e+00     0.0000e+00  0.0000e+00 
7.5114e+03     0.0000e+00  0.0000e+00     0.0000e+00  0.0000e+00     0.0000e+00  0.0000e+00     0.0000e+00  0.0000e+00 
8.4279e+03     0.0000e+00  0.0000e+00     0.0000e+00  0.0000e+00     0.0000e+00  0.0000e+00     0.0000e+00  0.0000e+00 
9.4563e+03     0.0000e+00  0.0000e+00     0.0000e+00  0.0000e+00     0.0000e+00  0.0000e+00     0.0000e+00  0.0000e+00 
