yF = 6.7774e+00 (std: 0.0000e+00) keV/um
yD = 2.2127e+01 (std: 0.0000e+00) keV/um
y (keV/um)     f(y)(std)                  yf(y)(std)                 d(y)(std)                  yd(y)(std)  
1.0610e-01     2.2233e+01  0.0000e+00     2.3590e+00  0.0000e+00     3.4806e-01  0.0000e+00     3.6930e-02  0.0000e+00 
1.1905e-01     1.6199e+00  0.0000e+00     1.9284e-01  0.0000e+00     2.8454e-02  0.0000e+00     3.3873e-03  0.0000e+00 
1.3357e-01     4.8232e-01  0.0000e+00     6.4425e-02  0.0000e+00     9.5060e-03  0.0000e+00     1.2697e-03  0.0000e+00 
1.4987e-01     2.3427e+00  0.0000e+00     3.5110e-01  0.0000e+00     5.1805e-02  0.0000e+00     7.7641e-03  0.0000e+00 
1.6816e-01     7.1196e-01  0.0000e+00     1.1972e-01  0.0000e+00     1.7665e-02  0.0000e+00     2.9705e-03  0.0000e+00 
1.8868e-01     4.8019e-01  0.0000e+00     9.0601e-02  0.0000e+00     1.3368e-02  0.0000e+00     2.5223e-03  0.0000e+00 
2.1170e-01     5.2150e-01  0.0000e+00     1.1040e-01  0.0000e+00     1.6290e-02  0.0000e+00     3.4485e-03  0.0000e+00 
2.3753e-01     4.8492e-01  0.0000e+00     1.1518e-01  0.0000e+00     1.6995e-02  0.0000e+00     4.0369e-03  0.0000e+00 
2.6651e-01     2.3394e-01  0.0000e+00     6.2349e-02  0.0000e+00     9.1995e-03  0.0000e+00     2.4518e-03  0.0000e+00 
2.9903e-01     1.9348e-01  0.0000e+00     5.7857e-02  0.0000e+00     8.5368e-03  0.0000e+00     2.5528e-03  0.0000e+00 
3.3552e-01     1.1027e+00  0.0000e+00     3.6999e-01  0.0000e+00     5.4592e-02  0.0000e+00     1.8317e-02  0.0000e+00 
3.7646e-01     6.9685e-01  0.0000e+00     2.6234e-01  0.0000e+00     3.8708e-02  0.0000e+00     1.4572e-02  0.0000e+00 
4.2240e-01     3.0619e-01  0.0000e+00     1.2933e-01  0.0000e+00     1.9083e-02  0.0000e+00     8.0606e-03  0.0000e+00 
4.7394e-01     2.8746e-01  0.0000e+00     1.3624e-01  0.0000e+00     2.0102e-02  0.0000e+00     9.5271e-03  0.0000e+00 
5.3176e-01     1.9326e-01  0.0000e+00     1.0277e-01  0.0000e+00     1.5164e-02  0.0000e+00     8.0636e-03  0.0000e+00 
5.9665e-01     9.5108e-02  0.0000e+00     5.6746e-02  0.0000e+00     8.3729e-03  0.0000e+00     4.9957e-03  0.0000e+00 
6.6945e-01     1.5265e-01  0.0000e+00     1.0219e-01  0.0000e+00     1.5078e-02  0.0000e+00     1.0094e-02  0.0000e+00 
7.5114e-01     1.3155e-01  0.0000e+00     9.8811e-02  0.0000e+00     1.4580e-02  0.0000e+00     1.0951e-02  0.0000e+00 
8.4279e-01     6.4638e-02  0.0000e+00     5.4477e-02  0.0000e+00     8.0380e-03  0.0000e+00     6.7744e-03  0.0000e+00 
9.4563e-01     4.0040e-02  0.0000e+00     3.7863e-02  0.0000e+00     5.5867e-03  0.0000e+00     5.2829e-03  0.0000e+00 
1.0610e+00     2.9268e-02  0.0000e+00     3.1054e-02  0.0000e+00     4.5820e-03  0.0000e+00     4.8615e-03  0.0000e+00 
1.1905e+00     1.4929e-02  0.0000e+00     1.7772e-02  0.0000e+00     2.6223e-03  0.0000e+00     3.1218e-03  0.0000e+00 
1.3357e+00     9.2198e-03  0.0000e+00     1.2315e-02  0.0000e+00     1.8171e-03  0.0000e+00     2.4272e-03  0.0000e+00 
1.4987e+00     4.0925e-03  0.0000e+00     6.1334e-03  0.0000e+00     9.0499e-04  0.0000e+00     1.3563e-03  0.0000e+00 
1.6816e+00     1.9817e-03  0.0000e+00     3.3323e-03  0.0000e+00     4.9169e-04  0.0000e+00     8.2681e-04  0.0000e+00 
1.8868e+00     8.7028e-04  0.0000e+00     1.6420e-03  0.0000e+00     2.4228e-04  0.0000e+00     4.5713e-04  0.0000e+00 
2.1170e+00     3.6501e-04  0.0000e+00     7.7272e-04  0.0000e+00     1.1401e-04  0.0000e+00     2.4137e-04  0.0000e+00 
2.3753e+00     2.0332e-04  0.0000e+00     4.8295e-04  0.0000e+00     7.1259e-05  0.0000e+00     1.6926e-04  0.0000e+00 
2.6651e+00     7.2484e-05  0.0000e+00     1.9318e-04  0.0000e+00     2.8504e-05  0.0000e+00     7.5966e-05  0.0000e+00 
2.9903e+00     0.0000e+00  0.0000e+00     0.0000e+00  0.0000e+00     0.0000e+00  0.0000e+00     0.0000e+00  0.0000e+00 
3.3552e+00     1.4394e-05  0.0000e+00     4.8295e-05  0.0000e+00     7.1259e-06  0.0000e+00     2.3909e-05  0.0000e+00 
3.7646e+00     0.0000e+00  0.0000e+00     0.0000e+00  0.0000e+00     0.0000e+00  0.0000e+00     0.0000e+00  0.0000e+00 
4.2240e+00     0.0000e+00  0.0000e+00     0.0000e+00  0.0000e+00     0.0000e+00  0.0000e+00     0.0000e+00  0.0000e+00 
4.7394e+00     0.0000e+00  0.0000e+00     0.0000e+00  0.0000e+00     0.0000e+00  0.0000e+00     0.0000e+00  0.0000e+00 
5.3176e+00     9.0820e-06  0.0000e+00     4.8295e-05  0.0000e+00     7.1259e-06  0.0000e+00     3.7893e-05  0.0000e+00 
5.9665e+00     6.6892e-02  0.0000e+00     3.9911e-01  0.0000e+00     5.8888e-02  0.0000e+00     3.5136e-01  0.0000e+00 
6.6945e+00     1.8331e-02  0.0000e+00     1.2272e-01  0.0000e+00     1.8107e-02  0.0000e+00     1.2122e-01  0.0000e+00 
7.5114e+00     6.6867e-03  0.0000e+00     5.0227e-02  0.0000e+00     7.4109e-03  0.0000e+00     5.5666e-02  0.0000e+00 
8.4279e+00     4.6771e-02  0.0000e+00     3.9418e-01  0.0000e+00     5.8162e-02  0.0000e+00     4.9018e-01  0.0000e+00 
9.4563e+00     2.5245e-02  0.0000e+00     2.3872e-01  0.0000e+00     3.5223e-02  0.0000e+00     3.3308e-01  0.0000e+00 
1.0610e+01     4.2878e-02  0.0000e+00     4.5494e-01  0.0000e+00     6.7126e-02  0.0000e+00     7.1221e-01  0.0000e+00 
1.1905e+01     3.0572e-02  0.0000e+00     3.6395e-01  0.0000e+00     5.3701e-02  0.0000e+00     6.3929e-01  0.0000e+00 
1.3357e+01     2.5671e-02  0.0000e+00     3.4289e-01  0.0000e+00     5.0594e-02  0.0000e+00     6.7580e-01  0.0000e+00 
1.4987e+01     1.5951e-02  0.0000e+00     2.3906e-01  0.0000e+00     3.5273e-02  0.0000e+00     5.2865e-01  0.0000e+00 
1.6816e+01     1.0196e-02  0.0000e+00     1.7145e-01  0.0000e+00     2.5297e-02  0.0000e+00     4.2539e-01  0.0000e+00 
1.8868e+01     8.2216e-03  0.0000e+00     1.5512e-01  0.0000e+00     2.2888e-02  0.0000e+00     4.3185e-01  0.0000e+00 
2.1170e+01     7.7199e-03  0.0000e+00     1.6343e-01  0.0000e+00     2.4114e-02  0.0000e+00     5.1049e-01  0.0000e+00 
2.3753e+01     7.4171e-03  0.0000e+00     1.7618e-01  0.0000e+00     2.5995e-02  0.0000e+00     6.1747e-01  0.0000e+00 
2.6651e+01     3.9576e-03  0.0000e+00     1.0548e-01  0.0000e+00     1.5563e-02  0.0000e+00     4.1477e-01  0.0000e+00 
2.9903e+01     3.2801e-03  0.0000e+00     9.8087e-02  0.0000e+00     1.4473e-02  0.0000e+00     4.3278e-01  0.0000e+00 
3.3552e+01     2.2872e-03  0.0000e+00     7.6740e-02  0.0000e+00     1.1323e-02  0.0000e+00     3.7991e-01  0.0000e+00 
3.7646e+01     1.4868e-03  0.0000e+00     5.5974e-02  0.0000e+00     8.2589e-03  0.0000e+00     3.1092e-01  0.0000e+00 
4.2240e+01     9.9015e-04  0.0000e+00     4.1823e-02  0.0000e+00     6.1710e-03  0.0000e+00     2.6066e-01  0.0000e+00 
4.7394e+01     7.2146e-04  0.0000e+00     3.4193e-02  0.0000e+00     5.0451e-03  0.0000e+00     2.3911e-01  0.0000e+00 
5.3176e+01     4.2504e-04  0.0000e+00     2.2602e-02  0.0000e+00     3.3349e-03  0.0000e+00     1.7734e-01  0.0000e+00 
5.9665e+01     2.6468e-04  0.0000e+00     1.5792e-02  0.0000e+00     2.3302e-03  0.0000e+00     1.3903e-01  0.0000e+00 
6.6945e+01     1.8324e-04  0.0000e+00     1.2267e-02  0.0000e+00     1.8100e-03  0.0000e+00     1.2117e-01  0.0000e+00 
7.5114e+01     9.9658e-05  0.0000e+00     7.4857e-03  0.0000e+00     1.1045e-03  0.0000e+00     8.2964e-02  0.0000e+00 
8.4279e+01     3.8966e-05  0.0000e+00     3.2840e-03  0.0000e+00     4.8456e-04  0.0000e+00     4.0838e-02  0.0000e+00 
9.4563e+01     1.4300e-05  0.0000e+00     1.3523e-03  0.0000e+00     1.9953e-04  0.0000e+00     1.8868e-02  0.0000e+00 
1.0610e+02     3.6414e-06  0.0000e+00     3.8636e-04  0.0000e+00     5.7007e-05  0.0000e+00     6.0485e-03  0.0000e+00 
1.1905e+02     4.0568e-07  0.0000e+00     4.8295e-05  0.0000e+00     7.1259e-06  0.0000e+00     8.4832e-04  0.0000e+00 
1.3357e+02     0.0000e+00  0.0000e+00     0.0000e+00  0.0000e+00     0.0000e+00  0.0000e+00     0.0000e+00  0.0000e+00 
1.4987e+02     0.0000e+00  0.0000e+00     0.0000e+00  0.0000e+00     0.0000e+00  0.0000e+00     0.0000e+00  0.0000e+00 
1.6816e+02     0.0000e+00  0.0000e+00     0.0000e+00  0.0000e+00     0.0000e+00  0.0000e+00     0.0000e+00  0.0000e+00 
1.8868e+02     0.0000e+00  0.0000e+00     0.0000e+00  0.0000e+00     0.0000e+00  0.0000e+00     0.0000e+00  0.0000e+00 
2.1170e+02     0.0000e+00  0.0000e+00     0.0000e+00  0.0000e+00     0.0000e+00  0.0000e+00     0.0000e+00  0.0000e+00 
2.3753e+02     0.0000e+00  0.0000e+00     0.0000e+00  0.0000e+00     0.0000e+00  0.0000e+00     0.0000e+00  0.0000e+00 
2.6651e+02     0.0000e+00  0.0000e+00     0.0000e+00  0.0000e+00     0.0000e+00  0.0000e+00     0.0000e+00  0.0000e+00 
2.9903e+02     0.0000e+00  0.0000e+00     0.0000e+00  0.0000e+00     0.0000e+00  0.0000e+00     0.0000e+00  0.0000e+00 
3.3552e+02     0.0000e+00  0.0000e+00     0.0000e+00  0.0000e+00     0.0000e+00  0.0000e+00     0.0000e+00  0.0000e+00 
3.7646e+02     0.0000e+00  0.0000e+00     0.0000e+00  0.0000e+00     0.0000e+00  0.0000e+00     0.0000e+00  0.0000e+00 
4.2240e+02     0.0000e+00  0.0000e+00     0.0000e+00  0.0000e+00     0.0000e+00  0.0000e+00     0.0000e+00  0.0000e+00 
4.7394e+02     0.0000e+00  0.0000e+00     0.0000e+00  0.0000e+00     0.0000e+00  0.0000e+00     0.0000e+00  0.0000e+00 
5.3176e+02     0.0000e+00  0.0000e+00     0.0000e+00  0.0000e+00     0.0000e+00  0.0000e+00     0.0000e+00  0.0000e+00 
5.9665e+02     0.0000e+00  0.0000e+00     0.0000e+00  0.0000e+00     0.0000e+00  0.0000e+00     0.0000e+00  0.0000e+00 
6.6945e+02     0.0000e+00  0.0000e+00     0.0000e+00  0.0000e+00     0.0000e+00  0.0000e+00     0.0000e+00  0.0000e+00 
7.5114e+02     0.0000e+00  0.0000e+00     0.0000e+00  0.0000e+00     0.0000e+00  0.0000e+00     0.0000e+00  0.0000e+00 
8.4279e+02     0.0000e+00  0.0000e+00     0.0000e+00  0.0000e+00     0.0000e+00  0.0000e+00     0.0000e+00  0.0000e+00 
9.4563e+02     0.0000e+00  0.0000e+00     0.0000e+00  0.0000e+00     0.0000e+00  0.0000e+00     0.0000e+00  0.0000e+00 
1.0610e+03     0.0000e+00  0.0000e+00     0.0000e+00  0.0000e+00     0.0000e+00  0.0000e+00     0.0000e+00  0.0000e+00 
1.1905e+03     0.0000e+00  0.0000e+00     0.0000e+00  0.0000e+00     0.0000e+00  0.0000e+00     0.0000e+00  0.0000e+00 
1.3357e+03     0.0000e+00  0.0000e+00     0.0000e+00  0.0000e+00     0.0000e+00  0.0000e+00     0.0000e+00  0.0000e+00 
1.4987e+03     0.0000e+00  0.0000e+00     0.0000e+00  0.0000e+00     0.0000e+00  0.0000e+00     0.0000e+00  0.0000e+00 
1.6816e+03     0.0000e+00  0.0000e+00     0.0000e+00  0.0000e+00     0.0000e+00  0.0000e+00     0.0000e+00  0.0000e+00 
1.8868e+03     0.0000e+00  0.0000e+00     0.0000e+00  0.0000e+00     0.0000e+00  0.0000e+00     0.0000e+00  0.0000e+00 
2.1170e+03     0.0000e+00  0.0000e+00     0.0000e+00  0.0000e+00     0.0000e+00  0.0000e+00     0.0000e+00  0.0000e+00 
2.3753e+03     0.0000e+00  0.0000e+00     0.0000e+00  0.0000e+00     0.0000e+00  0.0000e+00     0.0000e+00  0.0000e+00 
2.6651e+03     0.0000e+00  0.0000e+00     0.0000e+00  0.0000e+00     0.0000e+00  0.0000e+00     0.0000e+00  0.0000e+00 
2.9903e+03     0.0000e+00  0.0000e+00     0.0000e+00  0.0000e+00     0.0000e+00  0.0000e+00     0.0000e+00  0.0000e+00 
3.3552e+03     0.0000e+00  0.0000e+00     0.0000e+00  0.0000e+00     0.0000e+00  0.0000e+00     0.0000e+00  0.0000e+00 
3.7646e+03     0.0000e+00  0.0000e+00     0.0000e+00  0.0000e+00     0.0000e+00  0.0000e+00     0.0000e+00  0.0000e+00 
4.2240e+03     0.0000e+00  0.0000e+00     0.0000e+00  0.0000e+00     0.0000e+00  0.0000e+00     0.0000e+00  0.0000e+00 
4.7394e+03     0.0000e+00  0.0000e+00     0.0000e+00  0.0000e+00     0.0000e+00  0.0000e+00     0.0000e+00  0.0000e+00 
5.3176e+03     0.0000e+00  0.0000e+00     0.0000e+00  0.0000e+00     0.0000e+00  0.0000e+00     0.0000e+00  0.0000e+00 
5.9665e+03     0.0000e+00  0.0000e+00     0.0000e+00  0.0000e+00     0.0000e+00  0.0000e+00     0.0000e+00  0.0000e+00 
6.6945e+03     0.0000e+00  0.0000e+00     0.0000e+00  0.0000e+00     0.0000e+00  0.0000e+00     0.0000e+00  0.0000e+00 
7.5114e+03     0.0000e+00  0.0000e+00     0.0000e+00  0.0000e+00     0.0000e+00  0.0000e+00     0.0000e+00  0.0000e+00 
8.4279e+03     0.0000e+00  0.0000e+00     0.0000e+00  0.0000e+00     0.0000e+00  0.0000e+00     0.0000e+00  0.0000e+00 
9.4563e+03     0.0000e+00  0.0000e+00     0.0000e+00  0.0000e+00     0.0000e+00  0.0000e+00     0.0000e+00  0.0000e+00 
