yF = 4.6026e+00 (std: 0.0000e+00) keV/um
yD = 2.2397e+01 (std: 0.0000e+00) keV/um
y (keV/um)     f(y)(std)                  yf(y)(std)                 d(y)(std)                  yd(y)(std)  
1.0610e-01     2.5883e+01  0.0000e+00     2.7462e+00  0.0000e+00     5.9666e-01  0.0000e+00     6.3306e-02  0.0000e+00 
1.1905e-01     1.8937e+00  0.0000e+00     2.2544e-01  0.0000e+00     4.8980e-02  0.0000e+00     5.8309e-03  0.0000e+00 
1.3357e-01     5.3153e-01  0.0000e+00     7.0998e-02  0.0000e+00     1.5426e-02  0.0000e+00     2.0604e-03  0.0000e+00 
1.4987e-01     2.8930e+00  0.0000e+00     4.3358e-01  0.0000e+00     9.4202e-02  0.0000e+00     1.4118e-02  0.0000e+00 
1.6816e-01     8.9855e-01  0.0000e+00     1.5110e-01  0.0000e+00     3.2829e-02  0.0000e+00     5.5205e-03  0.0000e+00 
1.8868e-01     6.0786e-01  0.0000e+00     1.1469e-01  0.0000e+00     2.4918e-02  0.0000e+00     4.7015e-03  0.0000e+00 
2.1170e-01     6.4495e-01  0.0000e+00     1.3654e-01  0.0000e+00     2.9665e-02  0.0000e+00     6.2800e-03  0.0000e+00 
2.3753e-01     5.6332e-01  0.0000e+00     1.3380e-01  0.0000e+00     2.9071e-02  0.0000e+00     6.9053e-03  0.0000e+00 
2.6651e-01     2.7437e-01  0.0000e+00     7.3122e-02  0.0000e+00     1.5887e-02  0.0000e+00     4.2341e-03  0.0000e+00 
2.9903e-01     2.2931e-01  0.0000e+00     6.8571e-02  0.0000e+00     1.4898e-02  0.0000e+00     4.4551e-03  0.0000e+00 
3.3552e-01     1.4125e+00  0.0000e+00     4.7393e-01  0.0000e+00     1.0297e-01  0.0000e+00     3.4548e-02  0.0000e+00 
3.7646e-01     8.9220e-01  0.0000e+00     3.3588e-01  0.0000e+00     7.2975e-02  0.0000e+00     2.7472e-02  0.0000e+00 
4.2240e-01     4.0441e-01  0.0000e+00     1.7082e-01  0.0000e+00     3.7114e-02  0.0000e+00     1.5677e-02  0.0000e+00 
4.7394e-01     3.9308e-01  0.0000e+00     1.8629e-01  0.0000e+00     4.0476e-02  0.0000e+00     1.9183e-02  0.0000e+00 
5.3176e-01     2.4478e-01  0.0000e+00     1.3016e-01  0.0000e+00     2.8280e-02  0.0000e+00     1.5038e-02  0.0000e+00 
5.9665e-01     1.1696e-01  0.0000e+00     6.9785e-02  0.0000e+00     1.5162e-02  0.0000e+00     9.0464e-03  0.0000e+00 
6.6945e-01     2.1166e-01  0.0000e+00     1.4169e-01  0.0000e+00     3.0785e-02  0.0000e+00     2.0609e-02  0.0000e+00 
7.5114e-01     1.7006e-01  0.0000e+00     1.2774e-01  0.0000e+00     2.7753e-02  0.0000e+00     2.0846e-02  0.0000e+00 
8.4279e-01     7.5602e-02  0.0000e+00     6.3716e-02  0.0000e+00     1.3844e-02  0.0000e+00     1.1667e-02  0.0000e+00 
9.4563e-01     5.0054e-02  0.0000e+00     4.7332e-02  0.0000e+00     1.0284e-02  0.0000e+00     9.7246e-03  0.0000e+00 
1.0610e+00     3.6604e-02  0.0000e+00     3.8837e-02  0.0000e+00     8.4380e-03  0.0000e+00     8.9527e-03  0.0000e+00 
1.1905e+00     2.1664e-02  0.0000e+00     2.5790e-02  0.0000e+00     5.6033e-03  0.0000e+00     6.6706e-03  0.0000e+00 
1.3357e+00     1.0449e-02  0.0000e+00     1.3957e-02  0.0000e+00     3.0324e-03  0.0000e+00     4.0505e-03  0.0000e+00 
1.4987e+00     7.4906e-03  0.0000e+00     1.1226e-02  0.0000e+00     2.4391e-03  0.0000e+00     3.6555e-03  0.0000e+00 
1.6816e+00     1.4435e-03  0.0000e+00     2.4273e-03  0.0000e+00     5.2737e-04  0.0000e+00     8.8682e-04  0.0000e+00 
1.8868e+00     9.6486e-04  0.0000e+00     1.8205e-03  0.0000e+00     3.9553e-04  0.0000e+00     7.4627e-04  0.0000e+00 
2.1170e+00     5.7329e-04  0.0000e+00     1.2136e-03  0.0000e+00     2.6369e-04  0.0000e+00     5.5822e-04  0.0000e+00 
2.3753e+00     0.0000e+00  0.0000e+00     0.0000e+00  0.0000e+00     0.0000e+00  0.0000e+00     0.0000e+00  0.0000e+00 
2.6651e+00     1.1384e-04  0.0000e+00     3.0341e-04  0.0000e+00     6.5921e-05  0.0000e+00     1.7569e-04  0.0000e+00 
2.9903e+00     1.0146e-04  0.0000e+00     3.0341e-04  0.0000e+00     6.5921e-05  0.0000e+00     1.9713e-04  0.0000e+00 
3.3552e+00     0.0000e+00  0.0000e+00     0.0000e+00  0.0000e+00     0.0000e+00  0.0000e+00     0.0000e+00  0.0000e+00 
3.7646e+00     0.0000e+00  0.0000e+00     0.0000e+00  0.0000e+00     0.0000e+00  0.0000e+00     0.0000e+00  0.0000e+00 
4.2240e+00     0.0000e+00  0.0000e+00     0.0000e+00  0.0000e+00     0.0000e+00  0.0000e+00     0.0000e+00  0.0000e+00 
4.7394e+00     0.0000e+00  0.0000e+00     0.0000e+00  0.0000e+00     0.0000e+00  0.0000e+00     0.0000e+00  0.0000e+00 
5.3176e+00     0.0000e+00  0.0000e+00     0.0000e+00  0.0000e+00     0.0000e+00  0.0000e+00     0.0000e+00  0.0000e+00 
5.9665e+00     1.0430e-01  0.0000e+00     6.2230e-01  0.0000e+00     1.3520e-01  0.0000e+00     8.0670e-01  0.0000e+00 
6.6945e+00     2.0168e-02  0.0000e+00     1.3502e-01  0.0000e+00     2.9335e-02  0.0000e+00     1.9638e-01  0.0000e+00 
7.5114e+00     5.2108e-03  0.0000e+00     3.9140e-02  0.0000e+00     8.5039e-03  0.0000e+00     6.3876e-02  0.0000e+00 
8.4279e+00     2.6461e-02  0.0000e+00     2.2301e-01  0.0000e+00     4.8452e-02  0.0000e+00     4.0835e-01  0.0000e+00 
9.4563e+00     1.9476e-02  0.0000e+00     1.8417e-01  0.0000e+00     4.0014e-02  0.0000e+00     3.7839e-01  0.0000e+00 
1.0610e+01     2.5765e-02  0.0000e+00     2.7337e-01  0.0000e+00     5.9395e-02  0.0000e+00     6.3019e-01  0.0000e+00 
1.1905e+01     1.9293e-02  0.0000e+00     2.2968e-01  0.0000e+00     4.9903e-02  0.0000e+00     5.9408e-01  0.0000e+00 
1.3357e+01     1.3674e-02  0.0000e+00     1.8265e-01  0.0000e+00     3.9685e-02  0.0000e+00     5.3008e-01  0.0000e+00 
1.4987e+01     9.0697e-03  0.0000e+00     1.3593e-01  0.0000e+00     2.9533e-02  0.0000e+00     4.4261e-01  0.0000e+00 
1.6816e+01     4.9077e-03  0.0000e+00     8.2528e-02  0.0000e+00     1.7931e-02  0.0000e+00     3.0152e-01  0.0000e+00 
1.8868e+01     4.2775e-03  0.0000e+00     8.0708e-02  0.0000e+00     1.7535e-02  0.0000e+00     3.3085e-01  0.0000e+00 
2.1170e+01     3.9557e-03  0.0000e+00     8.3742e-02  0.0000e+00     1.8194e-02  0.0000e+00     3.8517e-01  0.0000e+00 
2.3753e+01     3.8321e-03  0.0000e+00     9.1024e-02  0.0000e+00     1.9776e-02  0.0000e+00     4.6975e-01  0.0000e+00 
2.6651e+01     2.6412e-03  0.0000e+00     7.0392e-02  0.0000e+00     1.5294e-02  0.0000e+00     4.0760e-01  0.0000e+00 
2.9903e+01     1.9075e-03  0.0000e+00     5.7041e-02  0.0000e+00     1.2393e-02  0.0000e+00     3.7060e-01  0.0000e+00 
3.3552e+01     1.3926e-03  0.0000e+00     4.6725e-02  0.0000e+00     1.0152e-02  0.0000e+00     3.4062e-01  0.0000e+00 
3.7646e+01     1.0800e-03  0.0000e+00     4.0657e-02  0.0000e+00     8.8335e-03  0.0000e+00     3.3255e-01  0.0000e+00 
4.2240e+01     9.1226e-04  0.0000e+00     3.8533e-02  0.0000e+00     8.3720e-03  0.0000e+00     3.5363e-01  0.0000e+00 
4.7394e+01     5.7618e-04  0.0000e+00     2.7307e-02  0.0000e+00     5.9329e-03  0.0000e+00     2.8118e-01  0.0000e+00 
5.3176e+01     4.0511e-04  0.0000e+00     2.1542e-02  0.0000e+00     4.6804e-03  0.0000e+00     2.4889e-01  0.0000e+00 
5.9665e+01     2.1867e-04  0.0000e+00     1.3047e-02  0.0000e+00     2.8346e-03  0.0000e+00     1.6913e-01  0.0000e+00 
6.6945e+01     1.2237e-04  0.0000e+00     8.1921e-03  0.0000e+00     1.7799e-03  0.0000e+00     1.1915e-01  0.0000e+00 
7.5114e+01     8.4827e-05  0.0000e+00     6.3716e-03  0.0000e+00     1.3844e-03  0.0000e+00     1.0398e-01  0.0000e+00 
8.4279e+01     3.6001e-05  0.0000e+00     3.0341e-03  0.0000e+00     6.5921e-04  0.0000e+00     5.5558e-02  0.0000e+00 
9.4563e+01     9.6258e-06  0.0000e+00     9.1024e-04  0.0000e+00     1.9776e-04  0.0000e+00     1.8701e-02  0.0000e+00 
1.0610e+02     8.5790e-06  0.0000e+00     9.1024e-04  0.0000e+00     1.9776e-04  0.0000e+00     2.0983e-02  0.0000e+00 
1.1905e+02     2.5487e-06  0.0000e+00     3.0341e-04  0.0000e+00     6.5921e-05  0.0000e+00     7.8478e-03  0.0000e+00 
1.3357e+02     0.0000e+00  0.0000e+00     0.0000e+00  0.0000e+00     0.0000e+00  0.0000e+00     0.0000e+00  0.0000e+00 
1.4987e+02     0.0000e+00  0.0000e+00     0.0000e+00  0.0000e+00     0.0000e+00  0.0000e+00     0.0000e+00  0.0000e+00 
1.6816e+02     0.0000e+00  0.0000e+00     0.0000e+00  0.0000e+00     0.0000e+00  0.0000e+00     0.0000e+00  0.0000e+00 
1.8868e+02     0.0000e+00  0.0000e+00     0.0000e+00  0.0000e+00     0.0000e+00  0.0000e+00     0.0000e+00  0.0000e+00 
2.1170e+02     0.0000e+00  0.0000e+00     0.0000e+00  0.0000e+00     0.0000e+00  0.0000e+00     0.0000e+00  0.0000e+00 
2.3753e+02     0.0000e+00  0.0000e+00     0.0000e+00  0.0000e+00     0.0000e+00  0.0000e+00     0.0000e+00  0.0000e+00 
2.6651e+02     0.0000e+00  0.0000e+00     0.0000e+00  0.0000e+00     0.0000e+00  0.0000e+00     0.0000e+00  0.0000e+00 
2.9903e+02     0.0000e+00  0.0000e+00     0.0000e+00  0.0000e+00     0.0000e+00  0.0000e+00     0.0000e+00  0.0000e+00 
3.3552e+02     0.0000e+00  0.0000e+00     0.0000e+00  0.0000e+00     0.0000e+00  0.0000e+00     0.0000e+00  0.0000e+00 
3.7646e+02     0.0000e+00  0.0000e+00     0.0000e+00  0.0000e+00     0.0000e+00  0.0000e+00     0.0000e+00  0.0000e+00 
4.2240e+02     0.0000e+00  0.0000e+00     0.0000e+00  0.0000e+00     0.0000e+00  0.0000e+00     0.0000e+00  0.0000e+00 
4.7394e+02     0.0000e+00  0.0000e+00     0.0000e+00  0.0000e+00     0.0000e+00  0.0000e+00     0.0000e+00  0.0000e+00 
5.3176e+02     0.0000e+00  0.0000e+00     0.0000e+00  0.0000e+00     0.0000e+00  0.0000e+00     0.0000e+00  0.0000e+00 
5.9665e+02     0.0000e+00  0.0000e+00     0.0000e+00  0.0000e+00     0.0000e+00  0.0000e+00     0.0000e+00  0.0000e+00 
6.6945e+02     0.0000e+00  0.0000e+00     0.0000e+00  0.0000e+00     0.0000e+00  0.0000e+00     0.0000e+00  0.0000e+00 
7.5114e+02     0.0000e+00  0.0000e+00     0.0000e+00  0.0000e+00     0.0000e+00  0.0000e+00     0.0000e+00  0.0000e+00 
8.4279e+02     0.0000e+00  0.0000e+00     0.0000e+00  0.0000e+00     0.0000e+00  0.0000e+00     0.0000e+00  0.0000e+00 
9.4563e+02     0.0000e+00  0.0000e+00     0.0000e+00  0.0000e+00     0.0000e+00  0.0000e+00     0.0000e+00  0.0000e+00 
1.0610e+03     0.0000e+00  0.0000e+00     0.0000e+00  0.0000e+00     0.0000e+00  0.0000e+00     0.0000e+00  0.0000e+00 
1.1905e+03     0.0000e+00  0.0000e+00     0.0000e+00  0.0000e+00     0.0000e+00  0.0000e+00     0.0000e+00  0.0000e+00 
1.3357e+03     0.0000e+00  0.0000e+00     0.0000e+00  0.0000e+00     0.0000e+00  0.0000e+00     0.0000e+00  0.0000e+00 
1.4987e+03     0.0000e+00  0.0000e+00     0.0000e+00  0.0000e+00     0.0000e+00  0.0000e+00     0.0000e+00  0.0000e+00 
1.6816e+03     0.0000e+00  0.0000e+00     0.0000e+00  0.0000e+00     0.0000e+00  0.0000e+00     0.0000e+00  0.0000e+00 
1.8868e+03     0.0000e+00  0.0000e+00     0.0000e+00  0.0000e+00     0.0000e+00  0.0000e+00     0.0000e+00  0.0000e+00 
2.1170e+03     0.0000e+00  0.0000e+00     0.0000e+00  0.0000e+00     0.0000e+00  0.0000e+00     0.0000e+00  0.0000e+00 
2.3753e+03     0.0000e+00  0.0000e+00     0.0000e+00  0.0000e+00     0.0000e+00  0.0000e+00     0.0000e+00  0.0000e+00 
2.6651e+03     0.0000e+00  0.0000e+00     0.0000e+00  0.0000e+00     0.0000e+00  0.0000e+00     0.0000e+00  0.0000e+00 
2.9903e+03     0.0000e+00  0.0000e+00     0.0000e+00  0.0000e+00     0.0000e+00  0.0000e+00     0.0000e+00  0.0000e+00 
3.3552e+03     0.0000e+00  0.0000e+00     0.0000e+00  0.0000e+00     0.0000e+00  0.0000e+00     0.0000e+00  0.0000e+00 
3.7646e+03     0.0000e+00  0.0000e+00     0.0000e+00  0.0000e+00     0.0000e+00  0.0000e+00     0.0000e+00  0.0000e+00 
4.2240e+03     0.0000e+00  0.0000e+00     0.0000e+00  0.0000e+00     0.0000e+00  0.0000e+00     0.0000e+00  0.0000e+00 
4.7394e+03     0.0000e+00  0.0000e+00     0.0000e+00  0.0000e+00     0.0000e+00  0.0000e+00     0.0000e+00  0.0000e+00 
5.3176e+03     0.0000e+00  0.0000e+00     0.0000e+00  0.0000e+00     0.0000e+00  0.0000e+00     0.0000e+00  0.0000e+00 
5.9665e+03     0.0000e+00  0.0000e+00     0.0000e+00  0.0000e+00     0.0000e+00  0.0000e+00     0.0000e+00  0.0000e+00 
6.6945e+03     0.0000e+00  0.0000e+00     0.0000e+00  0.0000e+00     0.0000e+00  0.0000e+00     0.0000e+00  0.0000e+00 
7.5114e+03     0.0000e+00  0.0000e+00     0.0000e+00  0.0000e+00     0.0000e+00  0.0000e+00     0.0000e+00  0.0000e+00 
8.4279e+03     0.0000e+00  0.0000e+00     0.0000e+00  0.0000e+00     0.0000e+00  0.0000e+00     0.0000e+00  0.0000e+00 
9.4563e+03     0.0000e+00  0.0000e+00     0.0000e+00  0.0000e+00     0.0000e+00  0.0000e+00     0.0000e+00  0.0000e+00 
