yF = 4.1346e+00 (std: 0.0000e+00) keV/um
yD = 2.1656e+01 (std: 0.0000e+00) keV/um
y (keV/um)     f(y)(std)                  yf(y)(std)                 d(y)(std)                  yd(y)(std)  
1.0610e-01     2.6643e+01  0.0000e+00     2.8268e+00  0.0000e+00     6.8370e-01  0.0000e+00     7.2541e-02  0.0000e+00 
1.1905e-01     2.3776e+00  0.0000e+00     2.8304e-01  0.0000e+00     6.8456e-02  0.0000e+00     8.1495e-03  0.0000e+00 
1.3357e-01     5.9010e-01  0.0000e+00     7.8822e-02  0.0000e+00     1.9064e-02  0.0000e+00     2.5464e-03  0.0000e+00 
1.4987e-01     3.1317e+00  0.0000e+00     4.6935e-01  0.0000e+00     1.1352e-01  0.0000e+00     1.7013e-02  0.0000e+00 
1.6816e-01     7.2441e-01  0.0000e+00     1.2182e-01  0.0000e+00     2.9462e-02  0.0000e+00     4.9543e-03  0.0000e+00 
1.8868e-01     6.4563e-01  0.0000e+00     1.2182e-01  0.0000e+00     2.9462e-02  0.0000e+00     5.5588e-03  0.0000e+00 
2.1170e-01     6.9389e-01  0.0000e+00     1.4690e-01  0.0000e+00     3.5528e-02  0.0000e+00     7.5212e-03  0.0000e+00 
2.3753e-01     4.9776e-01  0.0000e+00     1.1823e-01  0.0000e+00     2.8596e-02  0.0000e+00     6.7923e-03  0.0000e+00 
2.6651e-01     2.8231e-01  0.0000e+00     7.5239e-02  0.0000e+00     1.8197e-02  0.0000e+00     4.8498e-03  0.0000e+00 
2.9903e-01     1.9170e-01  0.0000e+00     5.7325e-02  0.0000e+00     1.3865e-02  0.0000e+00     4.1460e-03  0.0000e+00 
3.3552e-01     1.2707e+00  0.0000e+00     4.2635e-01  0.0000e+00     1.0312e-01  0.0000e+00     3.4598e-02  0.0000e+00 
3.7646e-01     9.7074e-01  0.0000e+00     3.6545e-01  0.0000e+00     8.8387e-02  0.0000e+00     3.3274e-02  0.0000e+00 
4.2240e-01     3.5625e-01  0.0000e+00     1.5048e-01  0.0000e+00     3.6394e-02  0.0000e+00     1.5373e-02  0.0000e+00 
4.7394e-01     4.0822e-01  0.0000e+00     1.9347e-01  0.0000e+00     4.6793e-02  0.0000e+00     2.2177e-02  0.0000e+00 
5.3176e-01     1.8191e-01  0.0000e+00     9.6736e-02  0.0000e+00     2.3396e-02  0.0000e+00     1.2441e-02  0.0000e+00 
5.9665e-01     7.8064e-02  0.0000e+00     4.6577e-02  0.0000e+00     1.1265e-02  0.0000e+00     6.7212e-03  0.0000e+00 
6.6945e-01     2.3013e-01  0.0000e+00     1.5406e-01  0.0000e+00     3.7261e-02  0.0000e+00     2.4944e-02  0.0000e+00 
7.5114e-01     2.0033e-01  0.0000e+00     1.5048e-01  0.0000e+00     3.6394e-02  0.0000e+00     2.7337e-02  0.0000e+00 
8.4279e-01     7.2269e-02  0.0000e+00     6.0908e-02  0.0000e+00     1.4731e-02  0.0000e+00     1.2415e-02  0.0000e+00 
9.4563e-01     3.7888e-02  0.0000e+00     3.5828e-02  0.0000e+00     8.6653e-03  0.0000e+00     8.1942e-03  0.0000e+00 
1.0610e+00     4.7275e-02  0.0000e+00     5.0159e-02  0.0000e+00     1.2131e-02  0.0000e+00     1.2872e-02  0.0000e+00 
1.1905e+00     9.0287e-03  0.0000e+00     1.0748e-02  0.0000e+00     2.5996e-03  0.0000e+00     3.0948e-03  0.0000e+00 
1.3357e+00     1.3411e-02  0.0000e+00     1.7914e-02  0.0000e+00     4.3327e-03  0.0000e+00     5.7873e-03  0.0000e+00 
1.4987e+00     2.3906e-03  0.0000e+00     3.5828e-03  0.0000e+00     8.6653e-04  0.0000e+00     1.2987e-03  0.0000e+00 
1.6816e+00     4.2612e-03  0.0000e+00     7.1656e-03  0.0000e+00     1.7331e-03  0.0000e+00     2.9143e-03  0.0000e+00 
1.8868e+00     1.8989e-03  0.0000e+00     3.5828e-03  0.0000e+00     8.6653e-04  0.0000e+00     1.6350e-03  0.0000e+00 
2.1170e+00     0.0000e+00  0.0000e+00     0.0000e+00  0.0000e+00     0.0000e+00  0.0000e+00     0.0000e+00  0.0000e+00 
2.3753e+00     1.5084e-03  0.0000e+00     3.5828e-03  0.0000e+00     8.6653e-04  0.0000e+00     2.0583e-03  0.0000e+00 
2.6651e+00     0.0000e+00  0.0000e+00     0.0000e+00  0.0000e+00     0.0000e+00  0.0000e+00     0.0000e+00  0.0000e+00 
2.9903e+00     0.0000e+00  0.0000e+00     0.0000e+00  0.0000e+00     0.0000e+00  0.0000e+00     0.0000e+00  0.0000e+00 
3.3552e+00     0.0000e+00  0.0000e+00     0.0000e+00  0.0000e+00     0.0000e+00  0.0000e+00     0.0000e+00  0.0000e+00 
3.7646e+00     0.0000e+00  0.0000e+00     0.0000e+00  0.0000e+00     0.0000e+00  0.0000e+00     0.0000e+00  0.0000e+00 
4.2240e+00     0.0000e+00  0.0000e+00     0.0000e+00  0.0000e+00     0.0000e+00  0.0000e+00     0.0000e+00  0.0000e+00 
4.7394e+00     0.0000e+00  0.0000e+00     0.0000e+00  0.0000e+00     0.0000e+00  0.0000e+00     0.0000e+00  0.0000e+00 
5.3176e+00     0.0000e+00  0.0000e+00     0.0000e+00  0.0000e+00     0.0000e+00  0.0000e+00     0.0000e+00  0.0000e+00 
5.9665e+00     1.4051e-01  0.0000e+00     8.3838e-01  0.0000e+00     2.0277e-01  0.0000e+00     1.2098e+00  0.0000e+00 
6.6945e+00     2.7830e-02  0.0000e+00     1.8631e-01  0.0000e+00     4.5060e-02  0.0000e+00     3.0165e-01  0.0000e+00 
7.5114e+00     4.2929e-03  0.0000e+00     3.2245e-02  0.0000e+00     7.7988e-03  0.0000e+00     5.8580e-02  0.0000e+00 
8.4279e+00     2.3381e-02  0.0000e+00     1.9705e-01  0.0000e+00     4.7659e-02  0.0000e+00     4.0167e-01  0.0000e+00 
9.4563e+00     1.3261e-02  0.0000e+00     1.2540e-01  0.0000e+00     3.0329e-02  0.0000e+00     2.8680e-01  0.0000e+00 
1.0610e+01     2.3975e-02  0.0000e+00     2.5438e-01  0.0000e+00     6.1524e-02  0.0000e+00     6.5277e-01  0.0000e+00 
1.1905e+01     1.3844e-02  0.0000e+00     1.6481e-01  0.0000e+00     3.9861e-02  0.0000e+00     4.7453e-01  0.0000e+00 
1.3357e+01     1.1802e-02  0.0000e+00     1.5764e-01  0.0000e+00     3.8128e-02  0.0000e+00     5.0928e-01  0.0000e+00 
1.4987e+01     5.2593e-03  0.0000e+00     7.8822e-02  0.0000e+00     1.9064e-02  0.0000e+00     2.8571e-01  0.0000e+00 
1.6816e+01     3.8351e-03  0.0000e+00     6.4491e-02  0.0000e+00     1.5598e-02  0.0000e+00     2.6229e-01  0.0000e+00 
1.8868e+01     4.5574e-03  0.0000e+00     8.5987e-02  0.0000e+00     2.0797e-02  0.0000e+00     3.9239e-01  0.0000e+00 
2.1170e+01     3.8925e-03  0.0000e+00     8.2405e-02  0.0000e+00     1.9930e-02  0.0000e+00     4.2192e-01  0.0000e+00 
2.3753e+01     3.0167e-03  0.0000e+00     7.1656e-02  0.0000e+00     1.7331e-02  0.0000e+00     4.1166e-01  0.0000e+00 
2.6651e+01     2.2854e-03  0.0000e+00     6.0908e-02  0.0000e+00     1.4731e-02  0.0000e+00     3.9260e-01  0.0000e+00 
2.9903e+01     7.1888e-04  0.0000e+00     2.1497e-02  0.0000e+00     5.1992e-03  0.0000e+00     1.5547e-01  0.0000e+00 
3.3552e+01     1.6018e-03  0.0000e+00     5.3742e-02  0.0000e+00     1.2998e-02  0.0000e+00     4.3611e-01  0.0000e+00 
3.7646e+01     1.4276e-03  0.0000e+00     5.3742e-02  0.0000e+00     1.2998e-02  0.0000e+00     4.8932e-01  0.0000e+00 
4.2240e+01     5.9375e-04  0.0000e+00     2.5080e-02  0.0000e+00     6.0657e-03  0.0000e+00     2.5621e-01  0.0000e+00 
4.7394e+01     4.5358e-04  0.0000e+00     2.1497e-02  0.0000e+00     5.1992e-03  0.0000e+00     2.4641e-01  0.0000e+00 
5.3176e+01     2.0213e-04  0.0000e+00     1.0748e-02  0.0000e+00     2.5996e-03  0.0000e+00     1.3824e-01  0.0000e+00 
5.9665e+01     2.4020e-04  0.0000e+00     1.4331e-02  0.0000e+00     3.4661e-03  0.0000e+00     2.0681e-01  0.0000e+00 
6.6945e+01     1.0704e-04  0.0000e+00     7.1656e-03  0.0000e+00     1.7331e-03  0.0000e+00     1.1602e-01  0.0000e+00 
7.5114e+01     0.0000e+00  0.0000e+00     0.0000e+00  0.0000e+00     0.0000e+00  0.0000e+00     0.0000e+00  0.0000e+00 
8.4279e+01     8.5023e-05  0.0000e+00     7.1656e-03  0.0000e+00     1.7331e-03  0.0000e+00     1.4606e-01  0.0000e+00 
9.4563e+01     3.7888e-05  0.0000e+00     3.5828e-03  0.0000e+00     8.6653e-04  0.0000e+00     8.1942e-02  0.0000e+00 
1.0610e+02     0.0000e+00  0.0000e+00     0.0000e+00  0.0000e+00     0.0000e+00  0.0000e+00     0.0000e+00  0.0000e+00 
1.1905e+02     0.0000e+00  0.0000e+00     0.0000e+00  0.0000e+00     0.0000e+00  0.0000e+00     0.0000e+00  0.0000e+00 
1.3357e+02     0.0000e+00  0.0000e+00     0.0000e+00  0.0000e+00     0.0000e+00  0.0000e+00     0.0000e+00  0.0000e+00 
1.4987e+02     0.0000e+00  0.0000e+00     0.0000e+00  0.0000e+00     0.0000e+00  0.0000e+00     0.0000e+00  0.0000e+00 
1.6816e+02     0.0000e+00  0.0000e+00     0.0000e+00  0.0000e+00     0.0000e+00  0.0000e+00     0.0000e+00  0.0000e+00 
1.8868e+02     0.0000e+00  0.0000e+00     0.0000e+00  0.0000e+00     0.0000e+00  0.0000e+00     0.0000e+00  0.0000e+00 
2.1170e+02     0.0000e+00  0.0000e+00     0.0000e+00  0.0000e+00     0.0000e+00  0.0000e+00     0.0000e+00  0.0000e+00 
2.3753e+02     0.0000e+00  0.0000e+00     0.0000e+00  0.0000e+00     0.0000e+00  0.0000e+00     0.0000e+00  0.0000e+00 
2.6651e+02     0.0000e+00  0.0000e+00     0.0000e+00  0.0000e+00     0.0000e+00  0.0000e+00     0.0000e+00  0.0000e+00 
2.9903e+02     0.0000e+00  0.0000e+00     0.0000e+00  0.0000e+00     0.0000e+00  0.0000e+00     0.0000e+00  0.0000e+00 
3.3552e+02     0.0000e+00  0.0000e+00     0.0000e+00  0.0000e+00     0.0000e+00  0.0000e+00     0.0000e+00  0.0000e+00 
3.7646e+02     0.0000e+00  0.0000e+00     0.0000e+00  0.0000e+00     0.0000e+00  0.0000e+00     0.0000e+00  0.0000e+00 
4.2240e+02     0.0000e+00  0.0000e+00     0.0000e+00  0.0000e+00     0.0000e+00  0.0000e+00     0.0000e+00  0.0000e+00 
4.7394e+02     0.0000e+00  0.0000e+00     0.0000e+00  0.0000e+00     0.0000e+00  0.0000e+00     0.0000e+00  0.0000e+00 
5.3176e+02     0.0000e+00  0.0000e+00     0.0000e+00  0.0000e+00     0.0000e+00  0.0000e+00     0.0000e+00  0.0000e+00 
5.9665e+02     0.0000e+00  0.0000e+00     0.0000e+00  0.0000e+00     0.0000e+00  0.0000e+00     0.0000e+00  0.0000e+00 
6.6945e+02     0.0000e+00  0.0000e+00     0.0000e+00  0.0000e+00     0.0000e+00  0.0000e+00     0.0000e+00  0.0000e+00 
7.5114e+02     0.0000e+00  0.0000e+00     0.0000e+00  0.0000e+00     0.0000e+00  0.0000e+00     0.0000e+00  0.0000e+00 
8.4279e+02     0.0000e+00  0.0000e+00     0.0000e+00  0.0000e+00     0.0000e+00  0.0000e+00     0.0000e+00  0.0000e+00 
9.4563e+02     0.0000e+00  0.0000e+00     0.0000e+00  0.0000e+00     0.0000e+00  0.0000e+00     0.0000e+00  0.0000e+00 
1.0610e+03     0.0000e+00  0.0000e+00     0.0000e+00  0.0000e+00     0.0000e+00  0.0000e+00     0.0000e+00  0.0000e+00 
1.1905e+03     0.0000e+00  0.0000e+00     0.0000e+00  0.0000e+00     0.0000e+00  0.0000e+00     0.0000e+00  0.0000e+00 
1.3357e+03     0.0000e+00  0.0000e+00     0.0000e+00  0.0000e+00     0.0000e+00  0.0000e+00     0.0000e+00  0.0000e+00 
1.4987e+03     0.0000e+00  0.0000e+00     0.0000e+00  0.0000e+00     0.0000e+00  0.0000e+00     0.0000e+00  0.0000e+00 
1.6816e+03     0.0000e+00  0.0000e+00     0.0000e+00  0.0000e+00     0.0000e+00  0.0000e+00     0.0000e+00  0.0000e+00 
1.8868e+03     0.0000e+00  0.0000e+00     0.0000e+00  0.0000e+00     0.0000e+00  0.0000e+00     0.0000e+00  0.0000e+00 
2.1170e+03     0.0000e+00  0.0000e+00     0.0000e+00  0.0000e+00     0.0000e+00  0.0000e+00     0.0000e+00  0.0000e+00 
2.3753e+03     0.0000e+00  0.0000e+00     0.0000e+00  0.0000e+00     0.0000e+00  0.0000e+00     0.0000e+00  0.0000e+00 
2.6651e+03     0.0000e+00  0.0000e+00     0.0000e+00  0.0000e+00     0.0000e+00  0.0000e+00     0.0000e+00  0.0000e+00 
2.9903e+03     0.0000e+00  0.0000e+00     0.0000e+00  0.0000e+00     0.0000e+00  0.0000e+00     0.0000e+00  0.0000e+00 
3.3552e+03     0.0000e+00  0.0000e+00     0.0000e+00  0.0000e+00     0.0000e+00  0.0000e+00     0.0000e+00  0.0000e+00 
3.7646e+03     0.0000e+00  0.0000e+00     0.0000e+00  0.0000e+00     0.0000e+00  0.0000e+00     0.0000e+00  0.0000e+00 
4.2240e+03     0.0000e+00  0.0000e+00     0.0000e+00  0.0000e+00     0.0000e+00  0.0000e+00     0.0000e+00  0.0000e+00 
4.7394e+03     0.0000e+00  0.0000e+00     0.0000e+00  0.0000e+00     0.0000e+00  0.0000e+00     0.0000e+00  0.0000e+00 
5.3176e+03     0.0000e+00  0.0000e+00     0.0000e+00  0.0000e+00     0.0000e+00  0.0000e+00     0.0000e+00  0.0000e+00 
5.9665e+03     0.0000e+00  0.0000e+00     0.0000e+00  0.0000e+00     0.0000e+00  0.0000e+00     0.0000e+00  0.0000e+00 
6.6945e+03     0.0000e+00  0.0000e+00     0.0000e+00  0.0000e+00     0.0000e+00  0.0000e+00     0.0000e+00  0.0000e+00 
7.5114e+03     0.0000e+00  0.0000e+00     0.0000e+00  0.0000e+00     0.0000e+00  0.0000e+00     0.0000e+00  0.0000e+00 
8.4279e+03     0.0000e+00  0.0000e+00     0.0000e+00  0.0000e+00     0.0000e+00  0.0000e+00     0.0000e+00  0.0000e+00 
9.4563e+03     0.0000e+00  0.0000e+00     0.0000e+00  0.0000e+00     0.0000e+00  0.0000e+00     0.0000e+00  0.0000e+00 
