yF = 4.6370e+00 (std: 0.0000e+00) keV/um
yD = 2.3260e+01 (std: 0.0000e+00) keV/um
y (keV/um)     f(y)(std)                  yf(y)(std)                 d(y)(std)                  yd(y)(std)  
1.0610e-01     2.5310e+01  0.0000e+00     2.6854e+00  0.0000e+00     5.7912e-01  0.0000e+00     6.1445e-02  0.0000e+00 
1.1905e-01     1.9740e+00  0.0000e+00     2.3499e-01  0.0000e+00     5.0678e-02  0.0000e+00     6.0331e-03  0.0000e+00 
1.3357e-01     5.8854e-01  0.0000e+00     7.8613e-02  0.0000e+00     1.6953e-02  0.0000e+00     2.2645e-03  0.0000e+00 
1.4987e-01     2.7851e+00  0.0000e+00     4.1741e-01  0.0000e+00     9.0017e-02  0.0000e+00     1.3491e-02  0.0000e+00 
1.6816e-01     8.7567e-01  0.0000e+00     1.4725e-01  0.0000e+00     3.1756e-02  0.0000e+00     5.3400e-03  0.0000e+00 
1.8868e-01     5.5733e-01  0.0000e+00     1.0516e-01  0.0000e+00     2.2678e-02  0.0000e+00     4.2787e-03  0.0000e+00 
2.1170e-01     6.3648e-01  0.0000e+00     1.3474e-01  0.0000e+00     2.9058e-02  0.0000e+00     6.1515e-03  0.0000e+00 
2.3753e-01     5.9858e-01  0.0000e+00     1.4218e-01  0.0000e+00     3.0662e-02  0.0000e+00     7.2832e-03  0.0000e+00 
2.6651e-01     2.9687e-01  0.0000e+00     7.9121e-02  0.0000e+00     1.7063e-02  0.0000e+00     4.5475e-03  0.0000e+00 
2.9903e-01     2.2162e-01  0.0000e+00     6.6272e-02  0.0000e+00     1.4292e-02  0.0000e+00     4.2738e-03  0.0000e+00 
3.3552e-01     1.3847e+00  0.0000e+00     4.6458e-01  0.0000e+00     1.0019e-01  0.0000e+00     3.3616e-02  0.0000e+00 
3.7646e-01     9.4217e-01  0.0000e+00     3.5469e-01  0.0000e+00     7.6491e-02  0.0000e+00     2.8796e-02  0.0000e+00 
4.2240e-01     3.9944e-01  0.0000e+00     1.6872e-01  0.0000e+00     3.6386e-02  0.0000e+00     1.5369e-02  0.0000e+00 
4.7394e-01     3.9489e-01  0.0000e+00     1.8715e-01  0.0000e+00     4.0360e-02  0.0000e+00     1.9128e-02  0.0000e+00 
5.3176e-01     2.4448e-01  0.0000e+00     1.3001e-01  0.0000e+00     2.8037e-02  0.0000e+00     1.4909e-02  0.0000e+00 
5.9665e-01     1.3572e-01  0.0000e+00     8.0980e-02  0.0000e+00     1.7464e-02  0.0000e+00     1.0420e-02  0.0000e+00 
6.6945e-01     2.2021e-01  0.0000e+00     1.4742e-01  0.0000e+00     3.1792e-02  0.0000e+00     2.1283e-02  0.0000e+00 
7.5114e-01     1.8276e-01  0.0000e+00     1.3728e-01  0.0000e+00     2.9605e-02  0.0000e+00     2.2237e-02  0.0000e+00 
8.4279e-01     8.6457e-02  0.0000e+00     7.2865e-02  0.0000e+00     1.5714e-02  0.0000e+00     1.3243e-02  0.0000e+00 
9.4563e-01     5.3813e-02  0.0000e+00     5.0887e-02  0.0000e+00     1.0974e-02  0.0000e+00     1.0377e-02  0.0000e+00 
1.0610e+00     3.9516e-02  0.0000e+00     4.1927e-02  0.0000e+00     9.0418e-03  0.0000e+00     9.5935e-03  0.0000e+00 
1.1905e+00     2.0166e-02  0.0000e+00     2.4007e-02  0.0000e+00     5.1772e-03  0.0000e+00     6.1633e-03  0.0000e+00 
1.3357e+00     1.2530e-02  0.0000e+00     1.6737e-02  0.0000e+00     3.6094e-03  0.0000e+00     4.8212e-03  0.0000e+00 
1.4987e+00     7.1066e-03  0.0000e+00     1.0651e-02  0.0000e+00     2.2969e-03  0.0000e+00     3.4424e-03  0.0000e+00 
1.6816e+00     2.8150e-03  0.0000e+00     4.7337e-03  0.0000e+00     1.0209e-03  0.0000e+00     1.7167e-03  0.0000e+00 
1.8868e+00     1.0752e-03  0.0000e+00     2.0287e-03  0.0000e+00     4.3751e-04  0.0000e+00     8.2548e-04  0.0000e+00 
2.1170e+00     1.5972e-04  0.0000e+00     3.3812e-04  0.0000e+00     7.2918e-05  0.0000e+00     1.5437e-04  0.0000e+00 
2.3753e+00     2.8470e-04  0.0000e+00     6.7624e-04  0.0000e+00     1.4584e-04  0.0000e+00     3.4640e-04  0.0000e+00 
2.6651e+00     6.3434e-05  0.0000e+00     1.6906e-04  0.0000e+00     3.6459e-05  0.0000e+00     9.7168e-05  0.0000e+00 
2.9903e+00     0.0000e+00  0.0000e+00     0.0000e+00  0.0000e+00     0.0000e+00  0.0000e+00     0.0000e+00  0.0000e+00 
3.3552e+00     0.0000e+00  0.0000e+00     0.0000e+00  0.0000e+00     0.0000e+00  0.0000e+00     0.0000e+00  0.0000e+00 
3.7646e+00     0.0000e+00  0.0000e+00     0.0000e+00  0.0000e+00     0.0000e+00  0.0000e+00     0.0000e+00  0.0000e+00 
4.2240e+00     0.0000e+00  0.0000e+00     0.0000e+00  0.0000e+00     0.0000e+00  0.0000e+00     0.0000e+00  0.0000e+00 
4.7394e+00     0.0000e+00  0.0000e+00     0.0000e+00  0.0000e+00     0.0000e+00  0.0000e+00     0.0000e+00  0.0000e+00 
5.3176e+00     0.0000e+00  0.0000e+00     0.0000e+00  0.0000e+00     0.0000e+00  0.0000e+00     0.0000e+00  0.0000e+00 
5.9665e+00     1.1218e-01  0.0000e+00     6.6931e-01  0.0000e+00     1.4434e-01  0.0000e+00     8.6121e-01  0.0000e+00 
6.6945e+00     2.2072e-02  0.0000e+00     1.4776e-01  0.0000e+00     3.1865e-02  0.0000e+00     2.1332e-01  0.0000e+00 
7.5114e+00     6.2570e-03  0.0000e+00     4.6999e-02  0.0000e+00     1.0136e-02  0.0000e+00     7.6132e-02  0.0000e+00 
8.4279e+00     2.7321e-02  0.0000e+00     2.3026e-01  0.0000e+00     4.9657e-02  0.0000e+00     4.1851e-01  0.0000e+00 
9.4563e+00     1.6430e-02  0.0000e+00     1.5537e-01  0.0000e+00     3.3506e-02  0.0000e+00     3.1684e-01  0.0000e+00 
1.0610e+01     2.5845e-02  0.0000e+00     2.7422e-01  0.0000e+00     5.9137e-02  0.0000e+00     6.2744e-01  0.0000e+00 
1.1905e+01     1.7609e-02  0.0000e+00     2.0964e-01  0.0000e+00     4.5209e-02  0.0000e+00     5.3820e-01  0.0000e+00 
1.3357e+01     1.3037e-02  0.0000e+00     1.7413e-01  0.0000e+00     3.7553e-02  0.0000e+00     5.0160e-01  0.0000e+00 
1.4987e+01     7.7045e-03  0.0000e+00     1.1547e-01  0.0000e+00     2.4902e-02  0.0000e+00     3.7320e-01  0.0000e+00 
1.6816e+01     5.0972e-03  0.0000e+00     8.5714e-02  0.0000e+00     1.8485e-02  0.0000e+00     3.1084e-01  0.0000e+00 
1.8868e+01     4.5967e-03  0.0000e+00     8.6728e-02  0.0000e+00     1.8703e-02  0.0000e+00     3.5289e-01  0.0000e+00 
2.1170e+01     3.9770e-03  0.0000e+00     8.4192e-02  0.0000e+00     1.8157e-02  0.0000e+00     3.8437e-01  0.0000e+00 
2.3753e+01     3.6299e-03  0.0000e+00     8.6221e-02  0.0000e+00     1.8594e-02  0.0000e+00     4.4167e-01  0.0000e+00 
2.6651e+01     2.6071e-03  0.0000e+00     6.9484e-02  0.0000e+00     1.4985e-02  0.0000e+00     3.9936e-01  0.0000e+00 
2.9903e+01     1.7243e-03  0.0000e+00     5.1564e-02  0.0000e+00     1.1120e-02  0.0000e+00     3.3252e-01  0.0000e+00 
3.3552e+01     1.4209e-03  0.0000e+00     4.7675e-02  0.0000e+00     1.0281e-02  0.0000e+00     3.4496e-01  0.0000e+00 
3.7646e+01     1.2080e-03  0.0000e+00     4.5477e-02  0.0000e+00     9.8075e-03  0.0000e+00     3.6921e-01  0.0000e+00 
4.2240e+01     8.3651e-04  0.0000e+00     3.5334e-02  0.0000e+00     7.6199e-03  0.0000e+00     3.2186e-01  0.0000e+00 
4.7394e+01     6.0999e-04  0.0000e+00     2.8909e-02  0.0000e+00     6.2345e-03  0.0000e+00     2.9547e-01  0.0000e+00 
5.3176e+01     4.1648e-04  0.0000e+00     2.2147e-02  0.0000e+00     4.7761e-03  0.0000e+00     2.5398e-01  0.0000e+00 
5.9665e+01     2.8335e-04  0.0000e+00     1.6906e-02  0.0000e+00     3.6459e-03  0.0000e+00     2.1753e-01  0.0000e+00 
6.6945e+01     1.7425e-04  0.0000e+00     1.1665e-02  0.0000e+00     2.5157e-03  0.0000e+00     1.6841e-01  0.0000e+00 
7.5114e+01     7.8776e-05  0.0000e+00     5.9171e-03  0.0000e+00     1.2761e-03  0.0000e+00     9.5850e-02  0.0000e+00 
8.4279e+01     4.8143e-05  0.0000e+00     4.0575e-03  0.0000e+00     8.7502e-04  0.0000e+00     7.3745e-02  0.0000e+00 
9.4563e+01     1.9666e-05  0.0000e+00     1.8597e-03  0.0000e+00     4.0105e-04  0.0000e+00     3.7924e-02  0.0000e+00 
1.0610e+02     9.5604e-06  0.0000e+00     1.0144e-03  0.0000e+00     2.1875e-04  0.0000e+00     2.3210e-02  0.0000e+00 
1.1905e+02     2.8402e-06  0.0000e+00     3.3812e-04  0.0000e+00     7.2918e-05  0.0000e+00     8.6807e-03  0.0000e+00 
1.3357e+02     1.2657e-06  0.0000e+00     1.6906e-04  0.0000e+00     3.6459e-05  0.0000e+00     4.8699e-03  0.0000e+00 
1.4987e+02     0.0000e+00  0.0000e+00     0.0000e+00  0.0000e+00     0.0000e+00  0.0000e+00     0.0000e+00  0.0000e+00 
1.6816e+02     0.0000e+00  0.0000e+00     0.0000e+00  0.0000e+00     0.0000e+00  0.0000e+00     0.0000e+00  0.0000e+00 
1.8868e+02     0.0000e+00  0.0000e+00     0.0000e+00  0.0000e+00     0.0000e+00  0.0000e+00     0.0000e+00  0.0000e+00 
2.1170e+02     0.0000e+00  0.0000e+00     0.0000e+00  0.0000e+00     0.0000e+00  0.0000e+00     0.0000e+00  0.0000e+00 
2.3753e+02     0.0000e+00  0.0000e+00     0.0000e+00  0.0000e+00     0.0000e+00  0.0000e+00     0.0000e+00  0.0000e+00 
2.6651e+02     0.0000e+00  0.0000e+00     0.0000e+00  0.0000e+00     0.0000e+00  0.0000e+00     0.0000e+00  0.0000e+00 
2.9903e+02     0.0000e+00  0.0000e+00     0.0000e+00  0.0000e+00     0.0000e+00  0.0000e+00     0.0000e+00  0.0000e+00 
3.3552e+02     0.0000e+00  0.0000e+00     0.0000e+00  0.0000e+00     0.0000e+00  0.0000e+00     0.0000e+00  0.0000e+00 
3.7646e+02     0.0000e+00  0.0000e+00     0.0000e+00  0.0000e+00     0.0000e+00  0.0000e+00     0.0000e+00  0.0000e+00 
4.2240e+02     0.0000e+00  0.0000e+00     0.0000e+00  0.0000e+00     0.0000e+00  0.0000e+00     0.0000e+00  0.0000e+00 
4.7394e+02     0.0000e+00  0.0000e+00     0.0000e+00  0.0000e+00     0.0000e+00  0.0000e+00     0.0000e+00  0.0000e+00 
5.3176e+02     0.0000e+00  0.0000e+00     0.0000e+00  0.0000e+00     0.0000e+00  0.0000e+00     0.0000e+00  0.0000e+00 
5.9665e+02     0.0000e+00  0.0000e+00     0.0000e+00  0.0000e+00     0.0000e+00  0.0000e+00     0.0000e+00  0.0000e+00 
6.6945e+02     0.0000e+00  0.0000e+00     0.0000e+00  0.0000e+00     0.0000e+00  0.0000e+00     0.0000e+00  0.0000e+00 
7.5114e+02     0.0000e+00  0.0000e+00     0.0000e+00  0.0000e+00     0.0000e+00  0.0000e+00     0.0000e+00  0.0000e+00 
8.4279e+02     0.0000e+00  0.0000e+00     0.0000e+00  0.0000e+00     0.0000e+00  0.0000e+00     0.0000e+00  0.0000e+00 
9.4563e+02     0.0000e+00  0.0000e+00     0.0000e+00  0.0000e+00     0.0000e+00  0.0000e+00     0.0000e+00  0.0000e+00 
1.0610e+03     0.0000e+00  0.0000e+00     0.0000e+00  0.0000e+00     0.0000e+00  0.0000e+00     0.0000e+00  0.0000e+00 
1.1905e+03     0.0000e+00  0.0000e+00     0.0000e+00  0.0000e+00     0.0000e+00  0.0000e+00     0.0000e+00  0.0000e+00 
1.3357e+03     0.0000e+00  0.0000e+00     0.0000e+00  0.0000e+00     0.0000e+00  0.0000e+00     0.0000e+00  0.0000e+00 
1.4987e+03     0.0000e+00  0.0000e+00     0.0000e+00  0.0000e+00     0.0000e+00  0.0000e+00     0.0000e+00  0.0000e+00 
1.6816e+03     0.0000e+00  0.0000e+00     0.0000e+00  0.0000e+00     0.0000e+00  0.0000e+00     0.0000e+00  0.0000e+00 
1.8868e+03     0.0000e+00  0.0000e+00     0.0000e+00  0.0000e+00     0.0000e+00  0.0000e+00     0.0000e+00  0.0000e+00 
2.1170e+03     0.0000e+00  0.0000e+00     0.0000e+00  0.0000e+00     0.0000e+00  0.0000e+00     0.0000e+00  0.0000e+00 
2.3753e+03     0.0000e+00  0.0000e+00     0.0000e+00  0.0000e+00     0.0000e+00  0.0000e+00     0.0000e+00  0.0000e+00 
2.6651e+03     0.0000e+00  0.0000e+00     0.0000e+00  0.0000e+00     0.0000e+00  0.0000e+00     0.0000e+00  0.0000e+00 
2.9903e+03     0.0000e+00  0.0000e+00     0.0000e+00  0.0000e+00     0.0000e+00  0.0000e+00     0.0000e+00  0.0000e+00 
3.3552e+03     0.0000e+00  0.0000e+00     0.0000e+00  0.0000e+00     0.0000e+00  0.0000e+00     0.0000e+00  0.0000e+00 
3.7646e+03     0.0000e+00  0.0000e+00     0.0000e+00  0.0000e+00     0.0000e+00  0.0000e+00     0.0000e+00  0.0000e+00 
4.2240e+03     0.0000e+00  0.0000e+00     0.0000e+00  0.0000e+00     0.0000e+00  0.0000e+00     0.0000e+00  0.0000e+00 
4.7394e+03     0.0000e+00  0.0000e+00     0.0000e+00  0.0000e+00     0.0000e+00  0.0000e+00     0.0000e+00  0.0000e+00 
5.3176e+03     0.0000e+00  0.0000e+00     0.0000e+00  0.0000e+00     0.0000e+00  0.0000e+00     0.0000e+00  0.0000e+00 
5.9665e+03     0.0000e+00  0.0000e+00     0.0000e+00  0.0000e+00     0.0000e+00  0.0000e+00     0.0000e+00  0.0000e+00 
6.6945e+03     0.0000e+00  0.0000e+00     0.0000e+00  0.0000e+00     0.0000e+00  0.0000e+00     0.0000e+00  0.0000e+00 
7.5114e+03     0.0000e+00  0.0000e+00     0.0000e+00  0.0000e+00     0.0000e+00  0.0000e+00     0.0000e+00  0.0000e+00 
8.4279e+03     0.0000e+00  0.0000e+00     0.0000e+00  0.0000e+00     0.0000e+00  0.0000e+00     0.0000e+00  0.0000e+00 
9.4563e+03     0.0000e+00  0.0000e+00     0.0000e+00  0.0000e+00     0.0000e+00  0.0000e+00     0.0000e+00  0.0000e+00 
