yF = 1.4610e+01 (std: 0.0000e+00) keV/um
yD = 2.6214e+01 (std: 0.0000e+00) keV/um
y (keV/um)     f(y)(std)                  yf(y)(std)                 d(y)(std)                  yd(y)(std)  
1.0610e-01     9.5742e+00  0.0000e+00     1.0158e+00  0.0000e+00     6.9529e-02  0.0000e+00     7.3771e-03  0.0000e+00 
1.1905e-01     5.8214e-01  0.0000e+00     6.9303e-02  0.0000e+00     4.7434e-03  0.0000e+00     5.6469e-04  0.0000e+00 
1.3357e-01     1.6399e-01  0.0000e+00     2.1905e-02  0.0000e+00     1.4993e-03  0.0000e+00     2.0026e-04  0.0000e+00 
1.4987e-01     7.6206e-01  0.0000e+00     1.1421e-01  0.0000e+00     7.8173e-03  0.0000e+00     1.1716e-03  0.0000e+00 
1.6816e-01     2.1350e-01  0.0000e+00     3.5903e-02  0.0000e+00     2.4574e-03  0.0000e+00     4.1323e-04  0.0000e+00 
1.8868e-01     1.3155e-01  0.0000e+00     2.4820e-02  0.0000e+00     1.6988e-03  0.0000e+00     3.2052e-04  0.0000e+00 
2.1170e-01     1.4270e-01  0.0000e+00     3.0210e-02  0.0000e+00     2.0677e-03  0.0000e+00     4.3774e-04  0.0000e+00 
2.3753e-01     1.3210e-01  0.0000e+00     3.1379e-02  0.0000e+00     2.1477e-03  0.0000e+00     5.1015e-04  0.0000e+00 
2.6651e-01     6.1242e-02  0.0000e+00     1.6322e-02  0.0000e+00     1.1172e-03  0.0000e+00     2.9774e-04  0.0000e+00 
2.9903e-01     4.8558e-02  0.0000e+00     1.4521e-02  0.0000e+00     9.9386e-04  0.0000e+00     2.9720e-04  0.0000e+00 
3.3552e-01     2.2983e-01  0.0000e+00     7.7113e-02  0.0000e+00     5.2780e-03  0.0000e+00     1.7709e-03  0.0000e+00 
3.7646e-01     1.3796e-01  0.0000e+00     5.1936e-02  0.0000e+00     3.5548e-03  0.0000e+00     1.3382e-03  0.0000e+00 
4.2240e-01     6.0452e-02  0.0000e+00     2.5535e-02  0.0000e+00     1.7477e-03  0.0000e+00     7.3823e-04  0.0000e+00 
4.7394e-01     5.5880e-02  0.0000e+00     2.6483e-02  0.0000e+00     1.8127e-03  0.0000e+00     8.5909e-04  0.0000e+00 
5.3176e-01     3.6305e-02  0.0000e+00     1.9306e-02  0.0000e+00     1.3214e-03  0.0000e+00     7.0267e-04  0.0000e+00 
5.9665e-01     1.9174e-02  0.0000e+00     1.1440e-02  0.0000e+00     7.8305e-04  0.0000e+00     4.6720e-04  0.0000e+00 
6.6945e-01     2.5798e-02  0.0000e+00     1.7271e-02  0.0000e+00     1.1821e-03  0.0000e+00     7.9136e-04  0.0000e+00 
7.5114e-01     2.1748e-02  0.0000e+00     1.6336e-02  0.0000e+00     1.1181e-03  0.0000e+00     8.3984e-04  0.0000e+00 
8.4279e-01     1.1372e-02  0.0000e+00     9.5841e-03  0.0000e+00     6.5599e-04  0.0000e+00     5.5286e-04  0.0000e+00 
9.4563e-01     6.6453e-03  0.0000e+00     6.2840e-03  0.0000e+00     4.3011e-04  0.0000e+00     4.0672e-04  0.0000e+00 
1.0610e+00     5.2876e-03  0.0000e+00     5.6102e-03  0.0000e+00     3.8399e-04  0.0000e+00     4.0742e-04  0.0000e+00 
1.1905e+00     3.0493e-03  0.0000e+00     3.6301e-03  0.0000e+00     2.4847e-04  0.0000e+00     2.9579e-04  0.0000e+00 
1.3357e+00     1.7500e-03  0.0000e+00     2.3376e-03  0.0000e+00     1.6000e-04  0.0000e+00     2.1371e-04  0.0000e+00 
1.4987e+00     7.9821e-04  0.0000e+00     1.1963e-03  0.0000e+00     8.1881e-05  0.0000e+00     1.2272e-04  0.0000e+00 
1.6816e+00     3.7615e-04  0.0000e+00     6.3252e-04  0.0000e+00     4.3293e-05  0.0000e+00     7.2802e-05  0.0000e+00 
1.8868e+00     1.3847e-04  0.0000e+00     2.6126e-04  0.0000e+00     1.7882e-05  0.0000e+00     3.3739e-05  0.0000e+00 
2.1170e+00     4.5467e-05  0.0000e+00     9.6254e-05  0.0000e+00     6.5881e-06  0.0000e+00     1.3947e-05  0.0000e+00 
2.3753e+00     1.7367e-05  0.0000e+00     4.1252e-05  0.0000e+00     2.8235e-06  0.0000e+00     6.7066e-06  0.0000e+00 
2.6651e+00     5.1594e-06  0.0000e+00     1.3751e-05  0.0000e+00     9.4116e-07  0.0000e+00     2.5083e-06  0.0000e+00 
2.9903e+00     0.0000e+00  0.0000e+00     0.0000e+00  0.0000e+00     0.0000e+00  0.0000e+00     0.0000e+00  0.0000e+00 
3.3552e+00     0.0000e+00  0.0000e+00     0.0000e+00  0.0000e+00     0.0000e+00  0.0000e+00     0.0000e+00  0.0000e+00 
3.7646e+00     3.6526e-06  0.0000e+00     1.3751e-05  0.0000e+00     9.4116e-07  0.0000e+00     3.5431e-06  0.0000e+00 
4.2240e+00     0.0000e+00  0.0000e+00     0.0000e+00  0.0000e+00     0.0000e+00  0.0000e+00     0.0000e+00  0.0000e+00 
4.7394e+00     0.0000e+00  0.0000e+00     0.0000e+00  0.0000e+00     0.0000e+00  0.0000e+00     0.0000e+00  0.0000e+00 
5.3176e+00     0.0000e+00  0.0000e+00     0.0000e+00  0.0000e+00     0.0000e+00  0.0000e+00     0.0000e+00  0.0000e+00 
5.9665e+00     9.8131e-03  0.0000e+00     5.8550e-02  0.0000e+00     4.0075e-03  0.0000e+00     2.3910e-02  0.0000e+00 
6.6945e+00     8.4152e-03  0.0000e+00     5.6336e-02  0.0000e+00     3.8559e-03  0.0000e+00     2.5814e-02  0.0000e+00 
7.5114e+00     7.0790e-03  0.0000e+00     5.3173e-02  0.0000e+00     3.6395e-03  0.0000e+00     2.7337e-02  0.0000e+00 
8.4279e+00     1.2922e-01  0.0000e+00     1.0890e+00  0.0000e+00     7.4538e-02  0.0000e+00     6.2820e-01  0.0000e+00 
9.4563e+00     3.9526e-02  0.0000e+00     3.7377e-01  0.0000e+00     2.5583e-02  0.0000e+00     2.4192e-01  0.0000e+00 
1.0610e+01     8.6723e-02  0.0000e+00     9.2014e-01  0.0000e+00     6.2980e-02  0.0000e+00     6.6822e-01  0.0000e+00 
1.1905e+01     5.5267e-02  0.0000e+00     6.5793e-01  0.0000e+00     4.5033e-02  0.0000e+00     5.3610e-01  0.0000e+00 
1.3357e+01     5.1442e-02  0.0000e+00     6.8713e-01  0.0000e+00     4.7031e-02  0.0000e+00     6.2820e-01  0.0000e+00 
1.4987e+01     2.8792e-02  0.0000e+00     4.3150e-01  0.0000e+00     2.9535e-02  0.0000e+00     4.4264e-01  0.0000e+00 
1.6816e+01     1.8564e-02  0.0000e+00     3.1216e-01  0.0000e+00     2.1366e-02  0.0000e+00     3.5929e-01  0.0000e+00 
1.8868e+01     1.9526e-02  0.0000e+00     3.6840e-01  0.0000e+00     2.5216e-02  0.0000e+00     4.7576e-01  0.0000e+00 
2.1170e+01     1.1725e-02  0.0000e+00     2.4821e-01  0.0000e+00     1.6989e-02  0.0000e+00     3.5965e-01  0.0000e+00 
2.3753e+01     1.0571e-02  0.0000e+00     2.5108e-01  0.0000e+00     1.7186e-02  0.0000e+00     4.0821e-01  0.0000e+00 
2.6651e+01     2.2884e-02  0.0000e+00     6.0988e-01  0.0000e+00     4.1743e-02  0.0000e+00     1.1125e+00  0.0000e+00 
2.9903e+01     5.4430e-03  0.0000e+00     1.6276e-01  0.0000e+00     1.1141e-02  0.0000e+00     3.3314e-01  0.0000e+00 
3.3552e+01     5.1818e-03  0.0000e+00     1.7386e-01  0.0000e+00     1.1900e-02  0.0000e+00     3.9927e-01  0.0000e+00 
3.7646e+01     4.0270e-03  0.0000e+00     1.5160e-01  0.0000e+00     1.0376e-02  0.0000e+00     3.9063e-01  0.0000e+00 
4.2240e+01     2.8800e-03  0.0000e+00     1.2165e-01  0.0000e+00     8.3264e-03  0.0000e+00     3.5171e-01  0.0000e+00 
4.7394e+01     2.2628e-03  0.0000e+00     1.0724e-01  0.0000e+00     7.3401e-03  0.0000e+00     3.4787e-01  0.0000e+00 
5.3176e+01     1.4969e-03  0.0000e+00     7.9602e-02  0.0000e+00     5.4484e-03  0.0000e+00     2.8973e-01  0.0000e+00 
5.9665e+01     9.3660e-04  0.0000e+00     5.5882e-02  0.0000e+00     3.8249e-03  0.0000e+00     2.2821e-01  0.0000e+00 
6.6945e+01     5.3383e-04  0.0000e+00     3.5738e-02  0.0000e+00     2.4461e-03  0.0000e+00     1.6375e-01  0.0000e+00 
7.5114e+01     2.7112e-04  0.0000e+00     2.0365e-02  0.0000e+00     1.3939e-03  0.0000e+00     1.0470e-01  0.0000e+00 
8.4279e+01     1.2057e-04  0.0000e+00     1.0162e-02  0.0000e+00     6.9552e-04  0.0000e+00     5.8617e-02  0.0000e+00 
9.4563e+01     5.9910e-05  0.0000e+00     5.6652e-03  0.0000e+00     3.8776e-04  0.0000e+00     3.6667e-02  0.0000e+00 
1.0610e+02     2.3069e-05  0.0000e+00     2.4476e-03  0.0000e+00     1.6753e-04  0.0000e+00     1.7775e-02  0.0000e+00 
1.1905e+02     9.9334e-06  0.0000e+00     1.1825e-03  0.0000e+00     8.0940e-05  0.0000e+00     9.6357e-03  0.0000e+00 
1.3357e+02     2.8824e-06  0.0000e+00     3.8501e-04  0.0000e+00     2.6352e-05  0.0000e+00     3.5200e-03  0.0000e+00 
1.4987e+02     8.2574e-07  0.0000e+00     1.2375e-04  0.0000e+00     8.4704e-06  0.0000e+00     1.2695e-03  0.0000e+00 
1.6816e+02     0.0000e+00  0.0000e+00     0.0000e+00  0.0000e+00     0.0000e+00  0.0000e+00     0.0000e+00  0.0000e+00 
1.8868e+02     0.0000e+00  0.0000e+00     0.0000e+00  0.0000e+00     0.0000e+00  0.0000e+00     0.0000e+00  0.0000e+00 
2.1170e+02     0.0000e+00  0.0000e+00     0.0000e+00  0.0000e+00     0.0000e+00  0.0000e+00     0.0000e+00  0.0000e+00 
2.3753e+02     0.0000e+00  0.0000e+00     0.0000e+00  0.0000e+00     0.0000e+00  0.0000e+00     0.0000e+00  0.0000e+00 
2.6651e+02     0.0000e+00  0.0000e+00     0.0000e+00  0.0000e+00     0.0000e+00  0.0000e+00     0.0000e+00  0.0000e+00 
2.9903e+02     0.0000e+00  0.0000e+00     0.0000e+00  0.0000e+00     0.0000e+00  0.0000e+00     0.0000e+00  0.0000e+00 
3.3552e+02     0.0000e+00  0.0000e+00     0.0000e+00  0.0000e+00     0.0000e+00  0.0000e+00     0.0000e+00  0.0000e+00 
3.7646e+02     0.0000e+00  0.0000e+00     0.0000e+00  0.0000e+00     0.0000e+00  0.0000e+00     0.0000e+00  0.0000e+00 
4.2240e+02     0.0000e+00  0.0000e+00     0.0000e+00  0.0000e+00     0.0000e+00  0.0000e+00     0.0000e+00  0.0000e+00 
4.7394e+02     0.0000e+00  0.0000e+00     0.0000e+00  0.0000e+00     0.0000e+00  0.0000e+00     0.0000e+00  0.0000e+00 
5.3176e+02     0.0000e+00  0.0000e+00     0.0000e+00  0.0000e+00     0.0000e+00  0.0000e+00     0.0000e+00  0.0000e+00 
5.9665e+02     0.0000e+00  0.0000e+00     0.0000e+00  0.0000e+00     0.0000e+00  0.0000e+00     0.0000e+00  0.0000e+00 
6.6945e+02     0.0000e+00  0.0000e+00     0.0000e+00  0.0000e+00     0.0000e+00  0.0000e+00     0.0000e+00  0.0000e+00 
7.5114e+02     0.0000e+00  0.0000e+00     0.0000e+00  0.0000e+00     0.0000e+00  0.0000e+00     0.0000e+00  0.0000e+00 
8.4279e+02     0.0000e+00  0.0000e+00     0.0000e+00  0.0000e+00     0.0000e+00  0.0000e+00     0.0000e+00  0.0000e+00 
9.4563e+02     0.0000e+00  0.0000e+00     0.0000e+00  0.0000e+00     0.0000e+00  0.0000e+00     0.0000e+00  0.0000e+00 
1.0610e+03     0.0000e+00  0.0000e+00     0.0000e+00  0.0000e+00     0.0000e+00  0.0000e+00     0.0000e+00  0.0000e+00 
1.1905e+03     0.0000e+00  0.0000e+00     0.0000e+00  0.0000e+00     0.0000e+00  0.0000e+00     0.0000e+00  0.0000e+00 
1.3357e+03     0.0000e+00  0.0000e+00     0.0000e+00  0.0000e+00     0.0000e+00  0.0000e+00     0.0000e+00  0.0000e+00 
1.4987e+03     0.0000e+00  0.0000e+00     0.0000e+00  0.0000e+00     0.0000e+00  0.0000e+00     0.0000e+00  0.0000e+00 
1.6816e+03     0.0000e+00  0.0000e+00     0.0000e+00  0.0000e+00     0.0000e+00  0.0000e+00     0.0000e+00  0.0000e+00 
1.8868e+03     0.0000e+00  0.0000e+00     0.0000e+00  0.0000e+00     0.0000e+00  0.0000e+00     0.0000e+00  0.0000e+00 
2.1170e+03     0.0000e+00  0.0000e+00     0.0000e+00  0.0000e+00     0.0000e+00  0.0000e+00     0.0000e+00  0.0000e+00 
2.3753e+03     0.0000e+00  0.0000e+00     0.0000e+00  0.0000e+00     0.0000e+00  0.0000e+00     0.0000e+00  0.0000e+00 
2.6651e+03     0.0000e+00  0.0000e+00     0.0000e+00  0.0000e+00     0.0000e+00  0.0000e+00     0.0000e+00  0.0000e+00 
2.9903e+03     0.0000e+00  0.0000e+00     0.0000e+00  0.0000e+00     0.0000e+00  0.0000e+00     0.0000e+00  0.0000e+00 
3.3552e+03     0.0000e+00  0.0000e+00     0.0000e+00  0.0000e+00     0.0000e+00  0.0000e+00     0.0000e+00  0.0000e+00 
3.7646e+03     0.0000e+00  0.0000e+00     0.0000e+00  0.0000e+00     0.0000e+00  0.0000e+00     0.0000e+00  0.0000e+00 
4.2240e+03     0.0000e+00  0.0000e+00     0.0000e+00  0.0000e+00     0.0000e+00  0.0000e+00     0.0000e+00  0.0000e+00 
4.7394e+03     0.0000e+00  0.0000e+00     0.0000e+00  0.0000e+00     0.0000e+00  0.0000e+00     0.0000e+00  0.0000e+00 
5.3176e+03     0.0000e+00  0.0000e+00     0.0000e+00  0.0000e+00     0.0000e+00  0.0000e+00     0.0000e+00  0.0000e+00 
5.9665e+03     0.0000e+00  0.0000e+00     0.0000e+00  0.0000e+00     0.0000e+00  0.0000e+00     0.0000e+00  0.0000e+00 
6.6945e+03     0.0000e+00  0.0000e+00     0.0000e+00  0.0000e+00     0.0000e+00  0.0000e+00     0.0000e+00  0.0000e+00 
7.5114e+03     0.0000e+00  0.0000e+00     0.0000e+00  0.0000e+00     0.0000e+00  0.0000e+00     0.0000e+00  0.0000e+00 
8.4279e+03     0.0000e+00  0.0000e+00     0.0000e+00  0.0000e+00     0.0000e+00  0.0000e+00     0.0000e+00  0.0000e+00 
9.4563e+03     0.0000e+00  0.0000e+00     0.0000e+00  0.0000e+00     0.0000e+00  0.0000e+00     0.0000e+00  0.0000e+00 
