yF = 4.8999e+00 (std: 0.0000e+00) keV/um
yD = 2.3623e+01 (std: 0.0000e+00) keV/um
y (keV/um)     f(y)(std)                  yf(y)(std)                 d(y)(std)                  yd(y)(std)  
1.0610e-01     2.5088e+01  0.0000e+00     2.6619e+00  0.0000e+00     5.4325e-01  0.0000e+00     5.7639e-02  0.0000e+00 
1.1905e-01     1.8864e+00  0.0000e+00     2.2458e-01  0.0000e+00     4.5832e-02  0.0000e+00     5.4562e-03  0.0000e+00 
1.3357e-01     5.2700e-01  0.0000e+00     7.0394e-02  0.0000e+00     1.4366e-02  0.0000e+00     1.9190e-03  0.0000e+00 
1.4987e-01     2.8480e+00  0.0000e+00     4.2683e-01  0.0000e+00     8.7109e-02  0.0000e+00     1.3055e-02  0.0000e+00 
1.6816e-01     8.2926e-01  0.0000e+00     1.3945e-01  0.0000e+00     2.8459e-02  0.0000e+00     4.7857e-03  0.0000e+00 
1.8868e-01     5.9789e-01  0.0000e+00     1.1281e-01  0.0000e+00     2.3023e-02  0.0000e+00     4.3438e-03  0.0000e+00 
2.1170e-01     6.2918e-01  0.0000e+00     1.3320e-01  0.0000e+00     2.7184e-02  0.0000e+00     5.7547e-03  0.0000e+00 
2.3753e-01     5.9021e-01  0.0000e+00     1.4019e-01  0.0000e+00     2.8611e-02  0.0000e+00     6.7960e-03  0.0000e+00 
2.6651e-01     2.6469e-01  0.0000e+00     7.0543e-02  0.0000e+00     1.4397e-02  0.0000e+00     3.8369e-03  0.0000e+00 
2.9903e-01     2.2396e-01  0.0000e+00     6.6971e-02  0.0000e+00     1.3668e-02  0.0000e+00     4.0871e-03  0.0000e+00 
3.3552e-01     1.3116e+00  0.0000e+00     4.4007e-01  0.0000e+00     8.9812e-02  0.0000e+00     3.0134e-02  0.0000e+00 
3.7646e-01     8.5588e-01  0.0000e+00     3.2220e-01  0.0000e+00     6.5757e-02  0.0000e+00     2.4755e-02  0.0000e+00 
4.2240e-01     3.8510e-01  0.0000e+00     1.6266e-01  0.0000e+00     3.3197e-02  0.0000e+00     1.4022e-02  0.0000e+00 
4.7394e-01     3.7242e-01  0.0000e+00     1.7651e-01  0.0000e+00     3.6022e-02  0.0000e+00     1.7072e-02  0.0000e+00 
5.3176e-01     2.4321e-01  0.0000e+00     1.2933e-01  0.0000e+00     2.6394e-02  0.0000e+00     1.4035e-02  0.0000e+00 
5.9665e-01     1.2297e-01  0.0000e+00     7.3370e-02  0.0000e+00     1.4974e-02  0.0000e+00     8.9341e-03  0.0000e+00 
6.6945e-01     2.1542e-01  0.0000e+00     1.4421e-01  0.0000e+00     2.9431e-02  0.0000e+00     1.9703e-02  0.0000e+00 
7.5114e-01     1.9080e-01  0.0000e+00     1.4332e-01  0.0000e+00     2.9249e-02  0.0000e+00     2.1970e-02  0.0000e+00 
8.4279e-01     9.1648e-02  0.0000e+00     7.7240e-02  0.0000e+00     1.5763e-02  0.0000e+00     1.3285e-02  0.0000e+00 
9.4563e-01     4.9260e-02  0.0000e+00     4.6582e-02  0.0000e+00     9.5067e-03  0.0000e+00     8.9897e-03  0.0000e+00 
1.0610e+00     4.1519e-02  0.0000e+00     4.4052e-02  0.0000e+00     8.9903e-03  0.0000e+00     9.5388e-03  0.0000e+00 
1.1905e+00     2.1877e-02  0.0000e+00     2.6044e-02  0.0000e+00     5.3152e-03  0.0000e+00     6.3276e-03  0.0000e+00 
1.3357e+00     1.1142e-02  0.0000e+00     1.4882e-02  0.0000e+00     3.0373e-03  0.0000e+00     4.0570e-03  0.0000e+00 
1.4987e+00     6.4546e-03  0.0000e+00     9.6736e-03  0.0000e+00     1.9742e-03  0.0000e+00     2.9588e-03  0.0000e+00 
1.6816e+00     3.3631e-03  0.0000e+00     5.6553e-03  0.0000e+00     1.1542e-03  0.0000e+00     1.9408e-03  0.0000e+00 
1.8868e+00     1.2620e-03  0.0000e+00     2.3812e-03  0.0000e+00     4.8596e-04  0.0000e+00     9.1690e-04  0.0000e+00 
2.1170e+00     4.2180e-04  0.0000e+00     8.9294e-04  0.0000e+00     1.8224e-04  0.0000e+00     3.8579e-04  0.0000e+00 
2.3753e+00     1.2531e-04  0.0000e+00     2.9765e-04  0.0000e+00     6.0745e-05  0.0000e+00     1.4429e-04  0.0000e+00 
2.6651e+00     0.0000e+00  0.0000e+00     0.0000e+00  0.0000e+00     0.0000e+00  0.0000e+00     0.0000e+00  0.0000e+00 
2.9903e+00     0.0000e+00  0.0000e+00     0.0000e+00  0.0000e+00     0.0000e+00  0.0000e+00     0.0000e+00  0.0000e+00 
3.3552e+00     0.0000e+00  0.0000e+00     0.0000e+00  0.0000e+00     0.0000e+00  0.0000e+00     0.0000e+00  0.0000e+00 
3.7646e+00     0.0000e+00  0.0000e+00     0.0000e+00  0.0000e+00     0.0000e+00  0.0000e+00     0.0000e+00  0.0000e+00 
4.2240e+00     0.0000e+00  0.0000e+00     0.0000e+00  0.0000e+00     0.0000e+00  0.0000e+00     0.0000e+00  0.0000e+00 
4.7394e+00     0.0000e+00  0.0000e+00     0.0000e+00  0.0000e+00     0.0000e+00  0.0000e+00     0.0000e+00  0.0000e+00 
5.3176e+00     0.0000e+00  0.0000e+00     0.0000e+00  0.0000e+00     0.0000e+00  0.0000e+00     0.0000e+00  0.0000e+00 
5.9665e+00     1.1332e-01  0.0000e+00     6.7611e-01  0.0000e+00     1.3798e-01  0.0000e+00     8.2328e-01  0.0000e+00 
6.6945e+00     2.2564e-02  0.0000e+00     1.5106e-01  0.0000e+00     3.0828e-02  0.0000e+00     2.0638e-01  0.0000e+00 
7.5114e+00     5.6071e-03  0.0000e+00     4.2117e-02  0.0000e+00     8.5955e-03  0.0000e+00     6.4564e-02  0.0000e+00 
8.4279e+00     3.0037e-02  0.0000e+00     2.5315e-01  0.0000e+00     5.1664e-02  0.0000e+00     4.3542e-01  0.0000e+00 
9.4563e+00     1.7438e-02  0.0000e+00     1.6490e-01  0.0000e+00     3.3653e-02  0.0000e+00     3.1823e-01  0.0000e+00 
1.0610e+01     2.7324e-02  0.0000e+00     2.8991e-01  0.0000e+00     5.9166e-02  0.0000e+00     6.2776e-01  0.0000e+00 
1.1905e+01     1.7952e-02  0.0000e+00     2.1371e-01  0.0000e+00     4.3615e-02  0.0000e+00     5.1923e-01  0.0000e+00 
1.3357e+01     1.3470e-02  0.0000e+00     1.7993e-01  0.0000e+00     3.6721e-02  0.0000e+00     4.9049e-01  0.0000e+00 
1.4987e+01     7.7256e-03  0.0000e+00     1.1578e-01  0.0000e+00     2.3630e-02  0.0000e+00     3.5415e-01  0.0000e+00 
1.6816e+01     5.5314e-03  0.0000e+00     9.3015e-02  0.0000e+00     1.8983e-02  0.0000e+00     3.1921e-01  0.0000e+00 
1.8868e+01     4.2831e-03  0.0000e+00     8.0811e-02  0.0000e+00     1.6492e-02  0.0000e+00     3.1117e-01  0.0000e+00 
2.1170e+01     4.5132e-03  0.0000e+00     9.5545e-02  0.0000e+00     1.9499e-02  0.0000e+00     4.1280e-01  0.0000e+00 
2.3753e+01     4.1289e-03  0.0000e+00     9.8075e-02  0.0000e+00     2.0016e-02  0.0000e+00     4.7543e-01  0.0000e+00 
2.6651e+01     2.8032e-03  0.0000e+00     7.4710e-02  0.0000e+00     1.5247e-02  0.0000e+00     4.0636e-01  0.0000e+00 
2.9903e+01     1.9758e-03  0.0000e+00     5.9083e-02  0.0000e+00     1.2058e-02  0.0000e+00     3.6057e-01  0.0000e+00 
3.3552e+01     1.7521e-03  0.0000e+00     5.8785e-02  0.0000e+00     1.1997e-02  0.0000e+00     4.0253e-01  0.0000e+00 
3.7646e+01     1.2927e-03  0.0000e+00     4.8665e-02  0.0000e+00     9.9319e-03  0.0000e+00     3.7390e-01  0.0000e+00 
4.2240e+01     9.0902e-04  0.0000e+00     3.8397e-02  0.0000e+00     7.8362e-03  0.0000e+00     3.3100e-01  0.0000e+00 
4.7394e+01     6.5002e-04  0.0000e+00     3.0807e-02  0.0000e+00     6.2872e-03  0.0000e+00     2.9797e-01  0.0000e+00 
5.3176e+01     4.4779e-04  0.0000e+00     2.3812e-02  0.0000e+00     4.8596e-03  0.0000e+00     2.5842e-01  0.0000e+00 
5.9665e+01     2.4694e-04  0.0000e+00     1.4734e-02  0.0000e+00     3.0069e-03  0.0000e+00     1.7941e-01  0.0000e+00 
6.6945e+01     1.4672e-04  0.0000e+00     9.8224e-03  0.0000e+00     2.0046e-03  0.0000e+00     1.3420e-01  0.0000e+00 
7.5114e+01     9.9066e-05  0.0000e+00     7.4412e-03  0.0000e+00     1.5186e-03  0.0000e+00     1.1407e-01  0.0000e+00 
8.4279e+01     5.2975e-05  0.0000e+00     4.4647e-03  0.0000e+00     9.1118e-04  0.0000e+00     7.6793e-02  0.0000e+00 
9.4563e+01     2.0460e-05  0.0000e+00     1.9347e-03  0.0000e+00     3.9485e-04  0.0000e+00     3.7338e-02  0.0000e+00 
1.0610e+02     1.4027e-05  0.0000e+00     1.4882e-03  0.0000e+00     3.0373e-04  0.0000e+00     3.2226e-02  0.0000e+00 
1.1905e+02     7.5008e-06  0.0000e+00     8.9294e-04  0.0000e+00     1.8224e-04  0.0000e+00     2.1695e-02  0.0000e+00 
1.3357e+02     1.1142e-06  0.0000e+00     1.4882e-04  0.0000e+00     3.0373e-05  0.0000e+00     4.0570e-03  0.0000e+00 
1.4987e+02     0.0000e+00  0.0000e+00     0.0000e+00  0.0000e+00     0.0000e+00  0.0000e+00     0.0000e+00  0.0000e+00 
1.6816e+02     0.0000e+00  0.0000e+00     0.0000e+00  0.0000e+00     0.0000e+00  0.0000e+00     0.0000e+00  0.0000e+00 
1.8868e+02     0.0000e+00  0.0000e+00     0.0000e+00  0.0000e+00     0.0000e+00  0.0000e+00     0.0000e+00  0.0000e+00 
2.1170e+02     0.0000e+00  0.0000e+00     0.0000e+00  0.0000e+00     0.0000e+00  0.0000e+00     0.0000e+00  0.0000e+00 
2.3753e+02     0.0000e+00  0.0000e+00     0.0000e+00  0.0000e+00     0.0000e+00  0.0000e+00     0.0000e+00  0.0000e+00 
2.6651e+02     0.0000e+00  0.0000e+00     0.0000e+00  0.0000e+00     0.0000e+00  0.0000e+00     0.0000e+00  0.0000e+00 
2.9903e+02     0.0000e+00  0.0000e+00     0.0000e+00  0.0000e+00     0.0000e+00  0.0000e+00     0.0000e+00  0.0000e+00 
3.3552e+02     0.0000e+00  0.0000e+00     0.0000e+00  0.0000e+00     0.0000e+00  0.0000e+00     0.0000e+00  0.0000e+00 
3.7646e+02     0.0000e+00  0.0000e+00     0.0000e+00  0.0000e+00     0.0000e+00  0.0000e+00     0.0000e+00  0.0000e+00 
4.2240e+02     0.0000e+00  0.0000e+00     0.0000e+00  0.0000e+00     0.0000e+00  0.0000e+00     0.0000e+00  0.0000e+00 
4.7394e+02     0.0000e+00  0.0000e+00     0.0000e+00  0.0000e+00     0.0000e+00  0.0000e+00     0.0000e+00  0.0000e+00 
5.3176e+02     0.0000e+00  0.0000e+00     0.0000e+00  0.0000e+00     0.0000e+00  0.0000e+00     0.0000e+00  0.0000e+00 
5.9665e+02     0.0000e+00  0.0000e+00     0.0000e+00  0.0000e+00     0.0000e+00  0.0000e+00     0.0000e+00  0.0000e+00 
6.6945e+02     0.0000e+00  0.0000e+00     0.0000e+00  0.0000e+00     0.0000e+00  0.0000e+00     0.0000e+00  0.0000e+00 
7.5114e+02     0.0000e+00  0.0000e+00     0.0000e+00  0.0000e+00     0.0000e+00  0.0000e+00     0.0000e+00  0.0000e+00 
8.4279e+02     0.0000e+00  0.0000e+00     0.0000e+00  0.0000e+00     0.0000e+00  0.0000e+00     0.0000e+00  0.0000e+00 
9.4563e+02     0.0000e+00  0.0000e+00     0.0000e+00  0.0000e+00     0.0000e+00  0.0000e+00     0.0000e+00  0.0000e+00 
1.0610e+03     0.0000e+00  0.0000e+00     0.0000e+00  0.0000e+00     0.0000e+00  0.0000e+00     0.0000e+00  0.0000e+00 
1.1905e+03     0.0000e+00  0.0000e+00     0.0000e+00  0.0000e+00     0.0000e+00  0.0000e+00     0.0000e+00  0.0000e+00 
1.3357e+03     0.0000e+00  0.0000e+00     0.0000e+00  0.0000e+00     0.0000e+00  0.0000e+00     0.0000e+00  0.0000e+00 
1.4987e+03     0.0000e+00  0.0000e+00     0.0000e+00  0.0000e+00     0.0000e+00  0.0000e+00     0.0000e+00  0.0000e+00 
1.6816e+03     0.0000e+00  0.0000e+00     0.0000e+00  0.0000e+00     0.0000e+00  0.0000e+00     0.0000e+00  0.0000e+00 
1.8868e+03     0.0000e+00  0.0000e+00     0.0000e+00  0.0000e+00     0.0000e+00  0.0000e+00     0.0000e+00  0.0000e+00 
2.1170e+03     0.0000e+00  0.0000e+00     0.0000e+00  0.0000e+00     0.0000e+00  0.0000e+00     0.0000e+00  0.0000e+00 
2.3753e+03     0.0000e+00  0.0000e+00     0.0000e+00  0.0000e+00     0.0000e+00  0.0000e+00     0.0000e+00  0.0000e+00 
2.6651e+03     0.0000e+00  0.0000e+00     0.0000e+00  0.0000e+00     0.0000e+00  0.0000e+00     0.0000e+00  0.0000e+00 
2.9903e+03     0.0000e+00  0.0000e+00     0.0000e+00  0.0000e+00     0.0000e+00  0.0000e+00     0.0000e+00  0.0000e+00 
3.3552e+03     0.0000e+00  0.0000e+00     0.0000e+00  0.0000e+00     0.0000e+00  0.0000e+00     0.0000e+00  0.0000e+00 
3.7646e+03     0.0000e+00  0.0000e+00     0.0000e+00  0.0000e+00     0.0000e+00  0.0000e+00     0.0000e+00  0.0000e+00 
4.2240e+03     0.0000e+00  0.0000e+00     0.0000e+00  0.0000e+00     0.0000e+00  0.0000e+00     0.0000e+00  0.0000e+00 
4.7394e+03     0.0000e+00  0.0000e+00     0.0000e+00  0.0000e+00     0.0000e+00  0.0000e+00     0.0000e+00  0.0000e+00 
5.3176e+03     0.0000e+00  0.0000e+00     0.0000e+00  0.0000e+00     0.0000e+00  0.0000e+00     0.0000e+00  0.0000e+00 
5.9665e+03     0.0000e+00  0.0000e+00     0.0000e+00  0.0000e+00     0.0000e+00  0.0000e+00     0.0000e+00  0.0000e+00 
6.6945e+03     0.0000e+00  0.0000e+00     0.0000e+00  0.0000e+00     0.0000e+00  0.0000e+00     0.0000e+00  0.0000e+00 
7.5114e+03     0.0000e+00  0.0000e+00     0.0000e+00  0.0000e+00     0.0000e+00  0.0000e+00     0.0000e+00  0.0000e+00 
8.4279e+03     0.0000e+00  0.0000e+00     0.0000e+00  0.0000e+00     0.0000e+00  0.0000e+00     0.0000e+00  0.0000e+00 
9.4563e+03     0.0000e+00  0.0000e+00     0.0000e+00  0.0000e+00     0.0000e+00  0.0000e+00     0.0000e+00  0.0000e+00 
