yF = 3.5418e+00 (std: 0.0000e+00) keV/um
yD = 1.9846e+01 (std: 0.0000e+00) keV/um
y (keV/um)     f(y)(std)                  yf(y)(std)                 d(y)(std)                  yd(y)(std)  
1.0610e-01     2.7370e+01  0.0000e+00     2.9039e+00  0.0000e+00     8.1991e-01  0.0000e+00     8.6993e-02  0.0000e+00 
1.1905e-01     1.9698e+00  0.0000e+00     2.3450e-01  0.0000e+00     6.6209e-02  0.0000e+00     7.8820e-03  0.0000e+00 
1.3357e-01     7.1448e-01  0.0000e+00     9.5435e-02  0.0000e+00     2.6945e-02  0.0000e+00     3.5992e-03  0.0000e+00 
1.4987e-01     3.1657e+00  0.0000e+00     4.7445e-01  0.0000e+00     1.3396e-01  0.0000e+00     2.0076e-02  0.0000e+00 
1.6816e-01     8.4319e-01  0.0000e+00     1.4179e-01  0.0000e+00     4.0033e-02  0.0000e+00     6.7319e-03  0.0000e+00 
1.8868e-01     4.6246e-01  0.0000e+00     8.7255e-02  0.0000e+00     2.4636e-02  0.0000e+00     4.6482e-03  0.0000e+00 
2.1170e-01     7.2129e-01  0.0000e+00     1.5270e-01  0.0000e+00     4.3113e-02  0.0000e+00     9.1269e-03  0.0000e+00 
2.3753e-01     7.8060e-01  0.0000e+00     1.8542e-01  0.0000e+00     5.2351e-02  0.0000e+00     1.2435e-02  0.0000e+00 
2.6651e-01     3.0693e-01  0.0000e+00     8.1801e-02  0.0000e+00     2.3096e-02  0.0000e+00     6.1554e-03  0.0000e+00 
2.9903e-01     2.2796e-01  0.0000e+00     6.8168e-02  0.0000e+00     1.9247e-02  0.0000e+00     5.7554e-03  0.0000e+00 
3.3552e-01     1.4791e+00  0.0000e+00     4.9626e-01  0.0000e+00     1.4012e-01  0.0000e+00     4.7012e-02  0.0000e+00 
3.7646e-01     9.8505e-01  0.0000e+00     3.7083e-01  0.0000e+00     1.0470e-01  0.0000e+00     3.9416e-02  0.0000e+00 
4.2240e-01     5.0352e-01  0.0000e+00     2.1268e-01  0.0000e+00     6.0050e-02  0.0000e+00     2.5365e-02  0.0000e+00 
4.7394e-01     3.9698e-01  0.0000e+00     1.8814e-01  0.0000e+00     5.3121e-02  0.0000e+00     2.5176e-02  0.0000e+00 
5.3176e-01     2.1023e-01  0.0000e+00     1.1180e-01  0.0000e+00     3.1565e-02  0.0000e+00     1.6785e-02  0.0000e+00 
5.9665e-01     1.2339e-01  0.0000e+00     7.3621e-02  0.0000e+00     2.0786e-02  0.0000e+00     1.2402e-02  0.0000e+00 
6.6945e-01     2.0773e-01  0.0000e+00     1.3906e-01  0.0000e+00     3.9263e-02  0.0000e+00     2.6285e-02  0.0000e+00 
7.5114e-01     1.7425e-01  0.0000e+00     1.3088e-01  0.0000e+00     3.6954e-02  0.0000e+00     2.7757e-02  0.0000e+00 
8.4279e-01     5.8236e-02  0.0000e+00     4.9081e-02  0.0000e+00     1.3858e-02  0.0000e+00     1.1679e-02  0.0000e+00 
9.4563e-01     3.1719e-02  0.0000e+00     2.9994e-02  0.0000e+00     8.4685e-03  0.0000e+00     8.0081e-03  0.0000e+00 
1.0610e+00     5.1398e-02  0.0000e+00     5.4534e-02  0.0000e+00     1.5397e-02  0.0000e+00     1.6337e-02  0.0000e+00 
1.1905e+00     1.8324e-02  0.0000e+00     2.1814e-02  0.0000e+00     6.1589e-03  0.0000e+00     7.3320e-03  0.0000e+00 
1.3357e+00     6.1241e-03  0.0000e+00     8.1801e-03  0.0000e+00     2.3096e-03  0.0000e+00     3.0850e-03  0.0000e+00 
1.4987e+00     3.6387e-03  0.0000e+00     5.4534e-03  0.0000e+00     1.5397e-03  0.0000e+00     2.3076e-03  0.0000e+00 
1.6816e+00     1.6215e-03  0.0000e+00     2.7267e-03  0.0000e+00     7.6987e-04  0.0000e+00     1.2946e-03  0.0000e+00 
1.8868e+00     0.0000e+00  0.0000e+00     0.0000e+00  0.0000e+00     0.0000e+00  0.0000e+00     0.0000e+00  0.0000e+00 
2.1170e+00     1.2880e-03  0.0000e+00     2.7267e-03  0.0000e+00     7.6987e-04  0.0000e+00     1.6298e-03  0.0000e+00 
2.3753e+00     0.0000e+00  0.0000e+00     0.0000e+00  0.0000e+00     0.0000e+00  0.0000e+00     0.0000e+00  0.0000e+00 
2.6651e+00     0.0000e+00  0.0000e+00     0.0000e+00  0.0000e+00     0.0000e+00  0.0000e+00     0.0000e+00  0.0000e+00 
2.9903e+00     0.0000e+00  0.0000e+00     0.0000e+00  0.0000e+00     0.0000e+00  0.0000e+00     0.0000e+00  0.0000e+00 
3.3552e+00     0.0000e+00  0.0000e+00     0.0000e+00  0.0000e+00     0.0000e+00  0.0000e+00     0.0000e+00  0.0000e+00 
3.7646e+00     0.0000e+00  0.0000e+00     0.0000e+00  0.0000e+00     0.0000e+00  0.0000e+00     0.0000e+00  0.0000e+00 
4.2240e+00     0.0000e+00  0.0000e+00     0.0000e+00  0.0000e+00     0.0000e+00  0.0000e+00     0.0000e+00  0.0000e+00 
4.7394e+00     0.0000e+00  0.0000e+00     0.0000e+00  0.0000e+00     0.0000e+00  0.0000e+00     0.0000e+00  0.0000e+00 
5.3176e+00     0.0000e+00  0.0000e+00     0.0000e+00  0.0000e+00     0.0000e+00  0.0000e+00     0.0000e+00  0.0000e+00 
5.9665e+00     1.4030e-01  0.0000e+00     8.3710e-01  0.0000e+00     2.3635e-01  0.0000e+00     1.4102e+00  0.0000e+00 
6.6945e+00     2.0365e-02  0.0000e+00     1.3634e-01  0.0000e+00     3.8493e-02  0.0000e+00     2.5769e-01  0.0000e+00 
7.5114e+00     6.5342e-03  0.0000e+00     4.9081e-02  0.0000e+00     1.3858e-02  0.0000e+00     1.0409e-01  0.0000e+00 
8.4279e+00     2.2000e-02  0.0000e+00     1.8542e-01  0.0000e+00     5.2351e-02  0.0000e+00     4.4121e-01  0.0000e+00 
9.4563e+00     1.3841e-02  0.0000e+00     1.3088e-01  0.0000e+00     3.6954e-02  0.0000e+00     3.4944e-01  0.0000e+00 
1.0610e+01     2.2358e-02  0.0000e+00     2.3722e-01  0.0000e+00     6.6978e-02  0.0000e+00     7.1065e-01  0.0000e+00 
1.1905e+01     1.2139e-02  0.0000e+00     1.4452e-01  0.0000e+00     4.0803e-02  0.0000e+00     4.8575e-01  0.0000e+00 
1.3357e+01     1.0411e-02  0.0000e+00     1.3906e-01  0.0000e+00     3.9263e-02  0.0000e+00     5.2445e-01  0.0000e+00 
1.4987e+01     4.5484e-03  0.0000e+00     6.8168e-02  0.0000e+00     1.9247e-02  0.0000e+00     2.8845e-01  0.0000e+00 
1.6816e+01     4.7024e-03  0.0000e+00     7.9075e-02  0.0000e+00     2.2326e-02  0.0000e+00     3.7543e-01  0.0000e+00 
1.8868e+01     2.6013e-03  0.0000e+00     4.9081e-02  0.0000e+00     1.3858e-02  0.0000e+00     2.6146e-01  0.0000e+00 
2.1170e+01     2.0608e-03  0.0000e+00     4.3627e-02  0.0000e+00     1.2318e-02  0.0000e+00     2.6077e-01  0.0000e+00 
2.3753e+01     1.7219e-03  0.0000e+00     4.0901e-02  0.0000e+00     1.1548e-02  0.0000e+00     2.7430e-01  0.0000e+00 
2.6651e+01     2.0462e-03  0.0000e+00     5.4534e-02  0.0000e+00     1.5397e-02  0.0000e+00     4.1036e-01  0.0000e+00 
2.9903e+01     1.2766e-03  0.0000e+00     3.8174e-02  0.0000e+00     1.0778e-02  0.0000e+00     3.2230e-01  0.0000e+00 
3.3552e+01     4.0634e-04  0.0000e+00     1.3634e-02  0.0000e+00     3.8493e-03  0.0000e+00     1.2915e-01  0.0000e+00 
3.7646e+01     1.0140e-03  0.0000e+00     3.8174e-02  0.0000e+00     1.0778e-02  0.0000e+00     4.0575e-01  0.0000e+00 
4.2240e+01     9.0375e-04  0.0000e+00     3.8174e-02  0.0000e+00     1.0778e-02  0.0000e+00     4.5526e-01  0.0000e+00 
4.7394e+01     3.4520e-04  0.0000e+00     1.6360e-02  0.0000e+00     4.6192e-03  0.0000e+00     2.1892e-01  0.0000e+00 
5.3176e+01     2.5638e-04  0.0000e+00     1.3634e-02  0.0000e+00     3.8493e-03  0.0000e+00     2.0469e-01  0.0000e+00 
5.9665e+01     1.3710e-04  0.0000e+00     8.1801e-03  0.0000e+00     2.3096e-03  0.0000e+00     1.3780e-01  0.0000e+00 
6.6945e+01     4.0731e-05  0.0000e+00     2.7267e-03  0.0000e+00     7.6987e-04  0.0000e+00     5.1539e-02  0.0000e+00 
7.5114e+01     7.2602e-05  0.0000e+00     5.4534e-03  0.0000e+00     1.5397e-03  0.0000e+00     1.1566e-01  0.0000e+00 
8.4279e+01     3.2353e-05  0.0000e+00     2.7267e-03  0.0000e+00     7.6987e-04  0.0000e+00     6.4884e-02  0.0000e+00 
9.4563e+01     0.0000e+00  0.0000e+00     0.0000e+00  0.0000e+00     0.0000e+00  0.0000e+00     0.0000e+00  0.0000e+00 
1.0610e+02     0.0000e+00  0.0000e+00     0.0000e+00  0.0000e+00     0.0000e+00  0.0000e+00     0.0000e+00  0.0000e+00 
1.1905e+02     0.0000e+00  0.0000e+00     0.0000e+00  0.0000e+00     0.0000e+00  0.0000e+00     0.0000e+00  0.0000e+00 
1.3357e+02     0.0000e+00  0.0000e+00     0.0000e+00  0.0000e+00     0.0000e+00  0.0000e+00     0.0000e+00  0.0000e+00 
1.4987e+02     0.0000e+00  0.0000e+00     0.0000e+00  0.0000e+00     0.0000e+00  0.0000e+00     0.0000e+00  0.0000e+00 
1.6816e+02     0.0000e+00  0.0000e+00     0.0000e+00  0.0000e+00     0.0000e+00  0.0000e+00     0.0000e+00  0.0000e+00 
1.8868e+02     0.0000e+00  0.0000e+00     0.0000e+00  0.0000e+00     0.0000e+00  0.0000e+00     0.0000e+00  0.0000e+00 
2.1170e+02     0.0000e+00  0.0000e+00     0.0000e+00  0.0000e+00     0.0000e+00  0.0000e+00     0.0000e+00  0.0000e+00 
2.3753e+02     0.0000e+00  0.0000e+00     0.0000e+00  0.0000e+00     0.0000e+00  0.0000e+00     0.0000e+00  0.0000e+00 
2.6651e+02     0.0000e+00  0.0000e+00     0.0000e+00  0.0000e+00     0.0000e+00  0.0000e+00     0.0000e+00  0.0000e+00 
2.9903e+02     0.0000e+00  0.0000e+00     0.0000e+00  0.0000e+00     0.0000e+00  0.0000e+00     0.0000e+00  0.0000e+00 
3.3552e+02     0.0000e+00  0.0000e+00     0.0000e+00  0.0000e+00     0.0000e+00  0.0000e+00     0.0000e+00  0.0000e+00 
3.7646e+02     0.0000e+00  0.0000e+00     0.0000e+00  0.0000e+00     0.0000e+00  0.0000e+00     0.0000e+00  0.0000e+00 
4.2240e+02     0.0000e+00  0.0000e+00     0.0000e+00  0.0000e+00     0.0000e+00  0.0000e+00     0.0000e+00  0.0000e+00 
4.7394e+02     0.0000e+00  0.0000e+00     0.0000e+00  0.0000e+00     0.0000e+00  0.0000e+00     0.0000e+00  0.0000e+00 
5.3176e+02     0.0000e+00  0.0000e+00     0.0000e+00  0.0000e+00     0.0000e+00  0.0000e+00     0.0000e+00  0.0000e+00 
5.9665e+02     0.0000e+00  0.0000e+00     0.0000e+00  0.0000e+00     0.0000e+00  0.0000e+00     0.0000e+00  0.0000e+00 
6.6945e+02     0.0000e+00  0.0000e+00     0.0000e+00  0.0000e+00     0.0000e+00  0.0000e+00     0.0000e+00  0.0000e+00 
7.5114e+02     0.0000e+00  0.0000e+00     0.0000e+00  0.0000e+00     0.0000e+00  0.0000e+00     0.0000e+00  0.0000e+00 
8.4279e+02     0.0000e+00  0.0000e+00     0.0000e+00  0.0000e+00     0.0000e+00  0.0000e+00     0.0000e+00  0.0000e+00 
9.4563e+02     0.0000e+00  0.0000e+00     0.0000e+00  0.0000e+00     0.0000e+00  0.0000e+00     0.0000e+00  0.0000e+00 
1.0610e+03     0.0000e+00  0.0000e+00     0.0000e+00  0.0000e+00     0.0000e+00  0.0000e+00     0.0000e+00  0.0000e+00 
1.1905e+03     0.0000e+00  0.0000e+00     0.0000e+00  0.0000e+00     0.0000e+00  0.0000e+00     0.0000e+00  0.0000e+00 
1.3357e+03     0.0000e+00  0.0000e+00     0.0000e+00  0.0000e+00     0.0000e+00  0.0000e+00     0.0000e+00  0.0000e+00 
1.4987e+03     0.0000e+00  0.0000e+00     0.0000e+00  0.0000e+00     0.0000e+00  0.0000e+00     0.0000e+00  0.0000e+00 
1.6816e+03     0.0000e+00  0.0000e+00     0.0000e+00  0.0000e+00     0.0000e+00  0.0000e+00     0.0000e+00  0.0000e+00 
1.8868e+03     0.0000e+00  0.0000e+00     0.0000e+00  0.0000e+00     0.0000e+00  0.0000e+00     0.0000e+00  0.0000e+00 
2.1170e+03     0.0000e+00  0.0000e+00     0.0000e+00  0.0000e+00     0.0000e+00  0.0000e+00     0.0000e+00  0.0000e+00 
2.3753e+03     0.0000e+00  0.0000e+00     0.0000e+00  0.0000e+00     0.0000e+00  0.0000e+00     0.0000e+00  0.0000e+00 
2.6651e+03     0.0000e+00  0.0000e+00     0.0000e+00  0.0000e+00     0.0000e+00  0.0000e+00     0.0000e+00  0.0000e+00 
2.9903e+03     0.0000e+00  0.0000e+00     0.0000e+00  0.0000e+00     0.0000e+00  0.0000e+00     0.0000e+00  0.0000e+00 
3.3552e+03     0.0000e+00  0.0000e+00     0.0000e+00  0.0000e+00     0.0000e+00  0.0000e+00     0.0000e+00  0.0000e+00 
3.7646e+03     0.0000e+00  0.0000e+00     0.0000e+00  0.0000e+00     0.0000e+00  0.0000e+00     0.0000e+00  0.0000e+00 
4.2240e+03     0.0000e+00  0.0000e+00     0.0000e+00  0.0000e+00     0.0000e+00  0.0000e+00     0.0000e+00  0.0000e+00 
4.7394e+03     0.0000e+00  0.0000e+00     0.0000e+00  0.0000e+00     0.0000e+00  0.0000e+00     0.0000e+00  0.0000e+00 
5.3176e+03     0.0000e+00  0.0000e+00     0.0000e+00  0.0000e+00     0.0000e+00  0.0000e+00     0.0000e+00  0.0000e+00 
5.9665e+03     0.0000e+00  0.0000e+00     0.0000e+00  0.0000e+00     0.0000e+00  0.0000e+00     0.0000e+00  0.0000e+00 
6.6945e+03     0.0000e+00  0.0000e+00     0.0000e+00  0.0000e+00     0.0000e+00  0.0000e+00     0.0000e+00  0.0000e+00 
7.5114e+03     0.0000e+00  0.0000e+00     0.0000e+00  0.0000e+00     0.0000e+00  0.0000e+00     0.0000e+00  0.0000e+00 
8.4279e+03     0.0000e+00  0.0000e+00     0.0000e+00  0.0000e+00     0.0000e+00  0.0000e+00     0.0000e+00  0.0000e+00 
9.4563e+03     0.0000e+00  0.0000e+00     0.0000e+00  0.0000e+00     0.0000e+00  0.0000e+00     0.0000e+00  0.0000e+00 
