yF = 1.6794e+01 (std: 0.0000e+00) keV/um
yD = 3.9970e+01 (std: 0.0000e+00) keV/um
y (keV/um)     f(y)(std)                  yf(y)(std)                 d(y)(std)                  yd(y)(std)  
1.0610e-01     8.8732e+00  0.0000e+00     9.4146e-01  0.0000e+00     5.6059e-02  0.0000e+00     5.9480e-03  0.0000e+00 
1.1905e-01     8.6475e-01  0.0000e+00     1.0295e-01  0.0000e+00     6.1299e-03  0.0000e+00     7.2975e-04  0.0000e+00 
1.3357e-01     3.5415e-01  0.0000e+00     4.7305e-02  0.0000e+00     2.8168e-03  0.0000e+00     3.7625e-04  0.0000e+00 
1.4987e-01     1.1343e+00  0.0000e+00     1.6999e-01  0.0000e+00     1.0122e-02  0.0000e+00     1.5170e-03  0.0000e+00 
1.6816e-01     4.9466e-01  0.0000e+00     8.3181e-02  0.0000e+00     4.9530e-03  0.0000e+00     8.3290e-04  0.0000e+00 
1.8868e-01     3.8923e-01  0.0000e+00     7.3438e-02  0.0000e+00     4.3729e-03  0.0000e+00     8.2507e-04  0.0000e+00 
2.1170e-01     3.9255e-01  0.0000e+00     8.3103e-02  0.0000e+00     4.9484e-03  0.0000e+00     1.0476e-03  0.0000e+00 
2.3753e-01     3.7489e-01  0.0000e+00     8.9047e-02  0.0000e+00     5.3023e-03  0.0000e+00     1.2595e-03  0.0000e+00 
2.6651e-01     2.1845e-01  0.0000e+00     5.8221e-02  0.0000e+00     3.4668e-03  0.0000e+00     9.2395e-04  0.0000e+00 
2.9903e-01     1.8992e-01  0.0000e+00     5.6791e-02  0.0000e+00     3.3816e-03  0.0000e+00     1.0112e-03  0.0000e+00 
3.3552e-01     5.1721e-01  0.0000e+00     1.7353e-01  0.0000e+00     1.0333e-02  0.0000e+00     3.4670e-03  0.0000e+00 
3.7646e-01     4.2686e-01  0.0000e+00     1.6070e-01  0.0000e+00     9.5688e-03  0.0000e+00     3.6023e-03  0.0000e+00 
4.2240e-01     2.5679e-01  0.0000e+00     1.0846e-01  0.0000e+00     6.4586e-03  0.0000e+00     2.7281e-03  0.0000e+00 
4.7394e-01     2.5802e-01  0.0000e+00     1.2229e-01  0.0000e+00     7.2815e-03  0.0000e+00     3.4510e-03  0.0000e+00 
5.3176e-01     2.0584e-01  0.0000e+00     1.0946e-01  0.0000e+00     6.5178e-03  0.0000e+00     3.4659e-03  0.0000e+00 
5.9665e-01     1.3380e-01  0.0000e+00     7.9829e-02  0.0000e+00     4.7534e-03  0.0000e+00     2.8361e-03  0.0000e+00 
6.6945e-01     1.3750e-01  0.0000e+00     9.2052e-02  0.0000e+00     5.4813e-03  0.0000e+00     3.6694e-03  0.0000e+00 
7.5114e-01     1.3359e-01  0.0000e+00     1.0034e-01  0.0000e+00     5.9749e-03  0.0000e+00     4.4880e-03  0.0000e+00 
8.4279e-01     9.0014e-02  0.0000e+00     7.5863e-02  0.0000e+00     4.5173e-03  0.0000e+00     3.8071e-03  0.0000e+00 
9.4563e-01     6.3554e-02  0.0000e+00     6.0098e-02  0.0000e+00     3.5786e-03  0.0000e+00     3.3840e-03  0.0000e+00 
1.0610e+00     4.8334e-02  0.0000e+00     5.1283e-02  0.0000e+00     3.0537e-03  0.0000e+00     3.2400e-03  0.0000e+00 
1.1905e+00     3.3608e-02  0.0000e+00     4.0010e-02  0.0000e+00     2.3824e-03  0.0000e+00     2.8362e-03  0.0000e+00 
1.3357e+00     2.2392e-02  0.0000e+00     2.9909e-02  0.0000e+00     1.7810e-03  0.0000e+00     2.3789e-03  0.0000e+00 
1.4987e+00     1.3665e-02  0.0000e+00     2.0480e-02  0.0000e+00     1.2195e-03  0.0000e+00     1.8276e-03  0.0000e+00 
1.6816e+00     7.7338e-03  0.0000e+00     1.3005e-02  0.0000e+00     7.7439e-04  0.0000e+00     1.3022e-03  0.0000e+00 
1.8868e+00     4.2873e-03  0.0000e+00     8.0891e-03  0.0000e+00     4.8167e-04  0.0000e+00     9.0879e-04  0.0000e+00 
2.1170e+00     2.2747e-03  0.0000e+00     4.8154e-03  0.0000e+00     2.8674e-04  0.0000e+00     6.0702e-04  0.0000e+00 
2.3753e+00     9.6426e-04  0.0000e+00     2.2904e-03  0.0000e+00     1.3638e-04  0.0000e+00     3.2395e-04  0.0000e+00 
2.6651e+00     3.7730e-04  0.0000e+00     1.0055e-03  0.0000e+00     5.9875e-05  0.0000e+00     1.5958e-04  0.0000e+00 
2.9903e+00     9.3407e-05  0.0000e+00     2.7932e-04  0.0000e+00     1.6632e-05  0.0000e+00     4.9735e-05  0.0000e+00 
3.3552e+00     4.3290e-05  0.0000e+00     1.4525e-04  0.0000e+00     8.6487e-06  0.0000e+00     2.9018e-05  0.0000e+00 
3.7646e+00     2.9678e-06  0.0000e+00     1.1173e-05  0.0000e+00     6.6528e-07  0.0000e+00     2.5045e-06  0.0000e+00 
4.2240e+00     1.3225e-05  0.0000e+00     5.5864e-05  0.0000e+00     3.3264e-06  0.0000e+00     1.4051e-05  0.0000e+00 
4.7394e+00     0.0000e+00  0.0000e+00     0.0000e+00  0.0000e+00     0.0000e+00  0.0000e+00     0.0000e+00  0.0000e+00 
5.3176e+00     0.0000e+00  0.0000e+00     0.0000e+00  0.0000e+00     0.0000e+00  0.0000e+00     0.0000e+00  0.0000e+00 
5.9665e+00     4.8876e-02  0.0000e+00     2.9162e-01  0.0000e+00     1.7365e-02  0.0000e+00     1.0361e-01  0.0000e+00 
6.6945e+00     2.5009e-02  0.0000e+00     1.6742e-01  0.0000e+00     9.9693e-03  0.0000e+00     6.6739e-02  0.0000e+00 
7.5114e+00     7.7288e-03  0.0000e+00     5.8054e-02  0.0000e+00     3.4568e-03  0.0000e+00     2.5965e-02  0.0000e+00 
8.4279e+00     3.6280e-02  0.0000e+00     3.0576e-01  0.0000e+00     1.8207e-02  0.0000e+00     1.5345e-01  0.0000e+00 
9.4563e+00     2.6050e-02  0.0000e+00     2.4634e-01  0.0000e+00     1.4668e-02  0.0000e+00     1.3871e-01  0.0000e+00 
1.0610e+01     3.7891e-02  0.0000e+00     4.0203e-01  0.0000e+00     2.3939e-02  0.0000e+00     2.5399e-01  0.0000e+00 
1.1905e+01     3.0211e-02  0.0000e+00     3.5965e-01  0.0000e+00     2.1415e-02  0.0000e+00     2.5495e-01  0.0000e+00 
1.3357e+01     2.4798e-02  0.0000e+00     3.3124e-01  0.0000e+00     1.9724e-02  0.0000e+00     2.6346e-01  0.0000e+00 
1.4987e+01     1.7948e-02  0.0000e+00     2.6898e-01  0.0000e+00     1.6017e-02  0.0000e+00     2.4004e-01  0.0000e+00 
1.6816e+01     1.5705e-02  0.0000e+00     2.6409e-01  0.0000e+00     1.5725e-02  0.0000e+00     2.6443e-01  0.0000e+00 
1.8868e+01     1.4421e-02  0.0000e+00     2.7209e-01  0.0000e+00     1.6202e-02  0.0000e+00     3.0569e-01  0.0000e+00 
2.1170e+01     1.4748e-02  0.0000e+00     3.1222e-01  0.0000e+00     1.8591e-02  0.0000e+00     3.9358e-01  0.0000e+00 
2.3753e+01     1.3642e-02  0.0000e+00     3.2403e-01  0.0000e+00     1.9295e-02  0.0000e+00     4.5830e-01  0.0000e+00 
2.6651e+01     1.1006e-02  0.0000e+00     2.9332e-01  0.0000e+00     1.7466e-02  0.0000e+00     4.6548e-01  0.0000e+00 
2.9903e+01     8.9936e-03  0.0000e+00     2.6894e-01  0.0000e+00     1.6014e-02  0.0000e+00     4.7887e-01  0.0000e+00 
3.3552e+01     8.1881e-03  0.0000e+00     2.7473e-01  0.0000e+00     1.6359e-02  0.0000e+00     5.4887e-01  0.0000e+00 
3.7646e+01     6.6898e-03  0.0000e+00     2.5184e-01  0.0000e+00     1.4996e-02  0.0000e+00     5.6455e-01  0.0000e+00 
4.2240e+01     5.3674e-03  0.0000e+00     2.2672e-01  0.0000e+00     1.3500e-02  0.0000e+00     5.7023e-01  0.0000e+00 
4.7394e+01     4.2920e-03  0.0000e+00     2.0341e-01  0.0000e+00     1.2112e-02  0.0000e+00     5.7404e-01  0.0000e+00 
5.3176e+01     3.2157e-03  0.0000e+00     1.7100e-01  0.0000e+00     1.0182e-02  0.0000e+00     5.4145e-01  0.0000e+00 
5.9665e+01     2.3124e-03  0.0000e+00     1.3797e-01  0.0000e+00     8.2156e-03  0.0000e+00     4.9018e-01  0.0000e+00 
6.6945e+01     1.5556e-03  0.0000e+00     1.0414e-01  0.0000e+00     6.2011e-03  0.0000e+00     4.1513e-01  0.0000e+00 
7.5114e+01     1.0210e-03  0.0000e+00     7.6690e-02  0.0000e+00     4.5665e-03  0.0000e+00     3.4301e-01  0.0000e+00 
8.4279e+01     6.1856e-04  0.0000e+00     5.2132e-02  0.0000e+00     3.1042e-03  0.0000e+00     2.6162e-01  0.0000e+00 
9.4563e+01     3.5528e-04  0.0000e+00     3.3596e-02  0.0000e+00     2.0005e-03  0.0000e+00     1.8917e-01  0.0000e+00 
1.0610e+02     1.8123e-04  0.0000e+00     1.9228e-02  0.0000e+00     1.1450e-03  0.0000e+00     1.2148e-01  0.0000e+00 
1.1905e+02     8.7469e-05  0.0000e+00     1.0413e-02  0.0000e+00     6.2004e-04  0.0000e+00     7.3815e-02  0.0000e+00 
1.3357e+02     3.6887e-05  0.0000e+00     4.9272e-03  0.0000e+00     2.9339e-04  0.0000e+00     3.9189e-02  0.0000e+00 
1.4987e+02     1.4313e-05  0.0000e+00     2.1452e-03  0.0000e+00     1.2773e-04  0.0000e+00     1.9144e-02  0.0000e+00 
1.6816e+02     5.3818e-06  0.0000e+00     9.0499e-04  0.0000e+00     5.3888e-05  0.0000e+00     9.0617e-03  0.0000e+00 
1.8868e+02     1.1843e-06  0.0000e+00     2.2345e-04  0.0000e+00     1.3306e-05  0.0000e+00     2.5105e-03  0.0000e+00 
2.1170e+02     5.2776e-07  0.0000e+00     1.1173e-04  0.0000e+00     6.6528e-06  0.0000e+00     1.4084e-03  0.0000e+00 
2.3753e+02     9.4074e-08  0.0000e+00     2.2345e-05  0.0000e+00     1.3306e-06  0.0000e+00     3.1605e-04  0.0000e+00 
2.6651e+02     0.0000e+00  0.0000e+00     0.0000e+00  0.0000e+00     0.0000e+00  0.0000e+00     0.0000e+00  0.0000e+00 
2.9903e+02     0.0000e+00  0.0000e+00     0.0000e+00  0.0000e+00     0.0000e+00  0.0000e+00     0.0000e+00  0.0000e+00 
3.3552e+02     0.0000e+00  0.0000e+00     0.0000e+00  0.0000e+00     0.0000e+00  0.0000e+00     0.0000e+00  0.0000e+00 
3.7646e+02     0.0000e+00  0.0000e+00     0.0000e+00  0.0000e+00     0.0000e+00  0.0000e+00     0.0000e+00  0.0000e+00 
4.2240e+02     0.0000e+00  0.0000e+00     0.0000e+00  0.0000e+00     0.0000e+00  0.0000e+00     0.0000e+00  0.0000e+00 
4.7394e+02     0.0000e+00  0.0000e+00     0.0000e+00  0.0000e+00     0.0000e+00  0.0000e+00     0.0000e+00  0.0000e+00 
5.3176e+02     0.0000e+00  0.0000e+00     0.0000e+00  0.0000e+00     0.0000e+00  0.0000e+00     0.0000e+00  0.0000e+00 
5.9665e+02     0.0000e+00  0.0000e+00     0.0000e+00  0.0000e+00     0.0000e+00  0.0000e+00     0.0000e+00  0.0000e+00 
6.6945e+02     0.0000e+00  0.0000e+00     0.0000e+00  0.0000e+00     0.0000e+00  0.0000e+00     0.0000e+00  0.0000e+00 
7.5114e+02     0.0000e+00  0.0000e+00     0.0000e+00  0.0000e+00     0.0000e+00  0.0000e+00     0.0000e+00  0.0000e+00 
8.4279e+02     0.0000e+00  0.0000e+00     0.0000e+00  0.0000e+00     0.0000e+00  0.0000e+00     0.0000e+00  0.0000e+00 
9.4563e+02     0.0000e+00  0.0000e+00     0.0000e+00  0.0000e+00     0.0000e+00  0.0000e+00     0.0000e+00  0.0000e+00 
1.0610e+03     0.0000e+00  0.0000e+00     0.0000e+00  0.0000e+00     0.0000e+00  0.0000e+00     0.0000e+00  0.0000e+00 
1.1905e+03     0.0000e+00  0.0000e+00     0.0000e+00  0.0000e+00     0.0000e+00  0.0000e+00     0.0000e+00  0.0000e+00 
1.3357e+03     0.0000e+00  0.0000e+00     0.0000e+00  0.0000e+00     0.0000e+00  0.0000e+00     0.0000e+00  0.0000e+00 
1.4987e+03     0.0000e+00  0.0000e+00     0.0000e+00  0.0000e+00     0.0000e+00  0.0000e+00     0.0000e+00  0.0000e+00 
1.6816e+03     0.0000e+00  0.0000e+00     0.0000e+00  0.0000e+00     0.0000e+00  0.0000e+00     0.0000e+00  0.0000e+00 
1.8868e+03     0.0000e+00  0.0000e+00     0.0000e+00  0.0000e+00     0.0000e+00  0.0000e+00     0.0000e+00  0.0000e+00 
2.1170e+03     0.0000e+00  0.0000e+00     0.0000e+00  0.0000e+00     0.0000e+00  0.0000e+00     0.0000e+00  0.0000e+00 
2.3753e+03     0.0000e+00  0.0000e+00     0.0000e+00  0.0000e+00     0.0000e+00  0.0000e+00     0.0000e+00  0.0000e+00 
2.6651e+03     0.0000e+00  0.0000e+00     0.0000e+00  0.0000e+00     0.0000e+00  0.0000e+00     0.0000e+00  0.0000e+00 
2.9903e+03     0.0000e+00  0.0000e+00     0.0000e+00  0.0000e+00     0.0000e+00  0.0000e+00     0.0000e+00  0.0000e+00 
3.3552e+03     0.0000e+00  0.0000e+00     0.0000e+00  0.0000e+00     0.0000e+00  0.0000e+00     0.0000e+00  0.0000e+00 
3.7646e+03     0.0000e+00  0.0000e+00     0.0000e+00  0.0000e+00     0.0000e+00  0.0000e+00     0.0000e+00  0.0000e+00 
4.2240e+03     0.0000e+00  0.0000e+00     0.0000e+00  0.0000e+00     0.0000e+00  0.0000e+00     0.0000e+00  0.0000e+00 
4.7394e+03     0.0000e+00  0.0000e+00     0.0000e+00  0.0000e+00     0.0000e+00  0.0000e+00     0.0000e+00  0.0000e+00 
5.3176e+03     0.0000e+00  0.0000e+00     0.0000e+00  0.0000e+00     0.0000e+00  0.0000e+00     0.0000e+00  0.0000e+00 
5.9665e+03     0.0000e+00  0.0000e+00     0.0000e+00  0.0000e+00     0.0000e+00  0.0000e+00     0.0000e+00  0.0000e+00 
6.6945e+03     0.0000e+00  0.0000e+00     0.0000e+00  0.0000e+00     0.0000e+00  0.0000e+00     0.0000e+00  0.0000e+00 
7.5114e+03     0.0000e+00  0.0000e+00     0.0000e+00  0.0000e+00     0.0000e+00  0.0000e+00     0.0000e+00  0.0000e+00 
8.4279e+03     0.0000e+00  0.0000e+00     0.0000e+00  0.0000e+00     0.0000e+00  0.0000e+00     0.0000e+00  0.0000e+00 
9.4563e+03     0.0000e+00  0.0000e+00     0.0000e+00  0.0000e+00     0.0000e+00  0.0000e+00     0.0000e+00  0.0000e+00 
