yF = 1.5543e+02 (std: 0.0000e+00) keV/um
yD = 1.8942e+02 (std: 0.0000e+00) keV/um
y (keV/um)     f(y)(std)                  yf(y)(std)                 d(y)(std)                  yd(y)(std)  
1.0610e-01     1.4261e-02  0.0000e+00     1.5131e-03  0.0000e+00     9.7352e-06  0.0000e+00     1.0329e-06  0.0000e+00 
1.1905e-01     1.4610e-03  0.0000e+00     1.7392e-04  0.0000e+00     1.1190e-06  0.0000e+00     1.3321e-07  0.0000e+00 
1.3357e-01     9.1147e-04  0.0000e+00     1.2175e-04  0.0000e+00     7.8329e-07  0.0000e+00     1.0463e-07  0.0000e+00 
1.4987e-01     1.7407e-03  0.0000e+00     2.6089e-04  0.0000e+00     1.6785e-06  0.0000e+00     2.5156e-07  0.0000e+00 
1.6816e-01     1.5514e-03  0.0000e+00     2.6089e-04  0.0000e+00     1.6785e-06  0.0000e+00     2.8225e-07  0.0000e+00 
1.8868e-01     9.2181e-04  0.0000e+00     1.7392e-04  0.0000e+00     1.1190e-06  0.0000e+00     2.1113e-07  0.0000e+00 
2.1170e-01     9.8588e-04  0.0000e+00     2.0871e-04  0.0000e+00     1.3428e-06  0.0000e+00     2.8427e-07  0.0000e+00 
2.3753e-01     9.1528e-04  0.0000e+00     2.1741e-04  0.0000e+00     1.3987e-06  0.0000e+00     3.3224e-07  0.0000e+00 
2.6651e-01     7.1785e-04  0.0000e+00     1.9132e-04  0.0000e+00     1.2309e-06  0.0000e+00     3.2805e-07  0.0000e+00 
2.9903e-01     4.9438e-04  0.0000e+00     1.4784e-04  0.0000e+00     9.5114e-07  0.0000e+00     2.8442e-07  0.0000e+00 
3.3552e-01     7.2572e-04  0.0000e+00     2.4349e-04  0.0000e+00     1.5666e-06  0.0000e+00     5.2562e-07  0.0000e+00 
3.7646e-01     9.0090e-04  0.0000e+00     3.3915e-04  0.0000e+00     2.1820e-06  0.0000e+00     8.2145e-07  0.0000e+00 
4.2240e-01     6.7940e-04  0.0000e+00     2.8698e-04  0.0000e+00     1.8463e-06  0.0000e+00     7.7988e-07  0.0000e+00 
4.7394e-01     7.8901e-04  0.0000e+00     3.7394e-04  0.0000e+00     2.4058e-06  0.0000e+00     1.1402e-06  0.0000e+00 
5.3176e-01     5.3967e-04  0.0000e+00     2.8698e-04  0.0000e+00     1.8463e-06  0.0000e+00     9.8181e-07  0.0000e+00 
5.9665e-01     5.2470e-04  0.0000e+00     3.1306e-04  0.0000e+00     2.0142e-06  0.0000e+00     1.2018e-06  0.0000e+00 
6.6945e-01     2.7279e-04  0.0000e+00     1.8262e-04  0.0000e+00     1.1749e-06  0.0000e+00     7.8656e-07  0.0000e+00 
7.5114e-01     3.0101e-04  0.0000e+00     2.2610e-04  0.0000e+00     1.4547e-06  0.0000e+00     1.0927e-06  0.0000e+00 
8.4279e-01     1.7541e-04  0.0000e+00     1.4784e-04  0.0000e+00     9.5114e-07  0.0000e+00     8.0161e-07  0.0000e+00 
9.4563e-01     1.8393e-04  0.0000e+00     1.7392e-04  0.0000e+00     1.1190e-06  0.0000e+00     1.0581e-06  0.0000e+00 
1.0610e+00     5.7373e-05  0.0000e+00     6.0874e-05  0.0000e+00     3.9165e-07  0.0000e+00     4.1554e-07  0.0000e+00 
1.1905e+00     1.0957e-04  0.0000e+00     1.3044e-04  0.0000e+00     8.3924e-07  0.0000e+00     9.9909e-07  0.0000e+00 
1.3357e+00     5.2084e-05  0.0000e+00     6.9570e-05  0.0000e+00     4.4760e-07  0.0000e+00     5.9787e-07  0.0000e+00 
1.4987e+00     2.9012e-05  0.0000e+00     4.3481e-05  0.0000e+00     2.7975e-07  0.0000e+00     4.1926e-07  0.0000e+00 
1.6816e+00     3.6200e-05  0.0000e+00     6.0874e-05  0.0000e+00     3.9165e-07  0.0000e+00     6.5859e-07  0.0000e+00 
1.8868e+00     9.2181e-06  0.0000e+00     1.7392e-05  0.0000e+00     1.1190e-07  0.0000e+00     2.1113e-07  0.0000e+00 
2.1170e+00     1.2323e-05  0.0000e+00     2.6089e-05  0.0000e+00     1.6785e-07  0.0000e+00     3.5533e-07  0.0000e+00 
2.3753e+00     3.6611e-06  0.0000e+00     8.6962e-06  0.0000e+00     5.5949e-08  0.0000e+00     1.3290e-07  0.0000e+00 
2.6651e+00     0.0000e+00  0.0000e+00     0.0000e+00  0.0000e+00     0.0000e+00  0.0000e+00     0.0000e+00  0.0000e+00 
2.9903e+00     0.0000e+00  0.0000e+00     0.0000e+00  0.0000e+00     0.0000e+00  0.0000e+00     0.0000e+00  0.0000e+00 
3.3552e+00     0.0000e+00  0.0000e+00     0.0000e+00  0.0000e+00     0.0000e+00  0.0000e+00     0.0000e+00  0.0000e+00 
3.7646e+00     0.0000e+00  0.0000e+00     0.0000e+00  0.0000e+00     0.0000e+00  0.0000e+00     0.0000e+00  0.0000e+00 
4.2240e+00     6.1558e-04  0.0000e+00     2.6002e-03  0.0000e+00     1.6729e-05  0.0000e+00     7.0662e-05  0.0000e+00 
4.7394e+00     8.0002e-04  0.0000e+00     3.7916e-03  0.0000e+00     2.4394e-05  0.0000e+00     1.1561e-04  0.0000e+00 
5.3176e+00     7.3100e-04  0.0000e+00     3.8872e-03  0.0000e+00     2.5009e-05  0.0000e+00     1.3299e-04  0.0000e+00 
5.9665e+00     2.0842e-04  0.0000e+00     1.2436e-03  0.0000e+00     8.0008e-06  0.0000e+00     4.7737e-05  0.0000e+00 
6.6945e+00     5.1960e-05  0.0000e+00     3.4785e-04  0.0000e+00     2.2380e-06  0.0000e+00     1.4982e-05  0.0000e+00 
7.5114e+00     2.0839e-05  0.0000e+00     1.5653e-04  0.0000e+00     1.0071e-06  0.0000e+00     7.5646e-06  0.0000e+00 
8.4279e+00     3.8384e-04  0.0000e+00     3.2350e-03  0.0000e+00     2.0813e-05  0.0000e+00     1.7541e-04  0.0000e+00 
9.4563e+00     7.2191e-04  0.0000e+00     6.8266e-03  0.0000e+00     4.3920e-05  0.0000e+00     4.1532e-04  0.0000e+00 
1.0610e+01     5.9259e-04  0.0000e+00     6.2874e-03  0.0000e+00     4.0451e-05  0.0000e+00     4.2919e-04  0.0000e+00 
1.1905e+01     2.4690e-04  0.0000e+00     2.9393e-03  0.0000e+00     1.8911e-05  0.0000e+00     2.2513e-04  0.0000e+00 
1.3357e+01     6.8816e-04  0.0000e+00     9.1919e-03  0.0000e+00     5.9139e-05  0.0000e+00     7.8993e-04  0.0000e+00 
1.4987e+01     8.6631e-04  0.0000e+00     1.2983e-02  0.0000e+00     8.3532e-05  0.0000e+00     1.2519e-03  0.0000e+00 
1.6816e+01     6.1282e-04  0.0000e+00     1.0305e-02  0.0000e+00     6.6300e-05  0.0000e+00     1.1149e-03  0.0000e+00 
1.8868e+01     9.2873e-04  0.0000e+00     1.7523e-02  0.0000e+00     1.1274e-04  0.0000e+00     2.1271e-03  0.0000e+00 
2.1170e+01     8.9510e-04  0.0000e+00     1.8949e-02  0.0000e+00     1.2191e-04  0.0000e+00     2.5809e-03  0.0000e+00 
2.3753e+01     1.0603e-03  0.0000e+00     2.5184e-02  0.0000e+00     1.6203e-04  0.0000e+00     3.8487e-03  0.0000e+00 
2.6651e+01     1.1606e-03  0.0000e+00     3.0933e-02  0.0000e+00     1.9901e-04  0.0000e+00     5.3039e-03  0.0000e+00 
2.9903e+01     1.3523e-03  0.0000e+00     4.0438e-02  0.0000e+00     2.6016e-04  0.0000e+00     7.7798e-03  0.0000e+00 
3.3552e+01     1.5302e-03  0.0000e+00     5.1343e-02  0.0000e+00     3.3033e-04  0.0000e+00     1.1083e-02  0.0000e+00 
3.7646e+01     1.6932e-03  0.0000e+00     6.3743e-02  0.0000e+00     4.1011e-04  0.0000e+00     1.5439e-02  0.0000e+00 
4.2240e+01     1.9536e-03  0.0000e+00     8.2519e-02  0.0000e+00     5.3090e-04  0.0000e+00     2.2425e-02  0.0000e+00 
4.7394e+01     2.1331e-03  0.0000e+00     1.0109e-01  0.0000e+00     6.5041e-04  0.0000e+00     3.0825e-02  0.0000e+00 
5.3176e+01     2.4722e-03  0.0000e+00     1.3146e-01  0.0000e+00     8.4579e-04  0.0000e+00     4.4976e-02  0.0000e+00 
5.9665e+01     2.7540e-03  0.0000e+00     1.6432e-01  0.0000e+00     1.0572e-03  0.0000e+00     6.3076e-02  0.0000e+00 
6.6945e+01     3.1701e-03  0.0000e+00     2.1222e-01  0.0000e+00     1.3654e-03  0.0000e+00     9.1406e-02  0.0000e+00 
7.5114e+01     3.5349e-03  0.0000e+00     2.6552e-01  0.0000e+00     1.7083e-03  0.0000e+00     1.2832e-01  0.0000e+00 
8.4279e+01     4.0372e-03  0.0000e+00     3.4025e-01  0.0000e+00     2.1891e-03  0.0000e+00     1.8449e-01  0.0000e+00 
9.4563e+01     4.5198e-03  0.0000e+00     4.2740e-01  0.0000e+00     2.7498e-03  0.0000e+00     2.6003e-01  0.0000e+00 
1.0610e+02     4.9732e-03  0.0000e+00     5.2766e-01  0.0000e+00     3.3948e-03  0.0000e+00     3.6020e-01  0.0000e+00 
1.1905e+02     5.3762e-03  0.0000e+00     6.4002e-01  0.0000e+00     4.1177e-03  0.0000e+00     4.9020e-01  0.0000e+00 
1.3357e+02     5.6265e-03  0.0000e+00     7.5155e-01  0.0000e+00     4.8353e-03  0.0000e+00     6.4586e-01  0.0000e+00 
1.4987e+02     5.5538e-03  0.0000e+00     8.3235e-01  0.0000e+00     5.3551e-03  0.0000e+00     8.0258e-01  0.0000e+00 
1.6816e+02     5.1646e-03  0.0000e+00     8.6847e-01  0.0000e+00     5.5875e-03  0.0000e+00     9.3959e-01  0.0000e+00 
1.8868e+02     4.4630e-03  0.0000e+00     8.4206e-01  0.0000e+00     5.4176e-03  0.0000e+00     1.0222e+00  0.0000e+00 
2.1170e+02     3.5239e-03  0.0000e+00     7.4601e-01  0.0000e+00     4.7996e-03  0.0000e+00     1.0161e+00  0.0000e+00 
2.3753e+02     2.4807e-03  0.0000e+00     5.8925e-01  0.0000e+00     3.7911e-03  0.0000e+00     9.0050e-01  0.0000e+00 
2.6651e+02     1.5182e-03  0.0000e+00     4.0462e-01  0.0000e+00     2.6032e-03  0.0000e+00     6.9379e-01  0.0000e+00 
2.9903e+02     8.2314e-04  0.0000e+00     2.4615e-01  0.0000e+00     1.5836e-03  0.0000e+00     4.7356e-01  0.0000e+00 
3.3552e+02     3.7530e-04  0.0000e+00     1.2592e-01  0.0000e+00     8.1015e-04  0.0000e+00     2.7182e-01  0.0000e+00 
3.7646e+02     1.4070e-04  0.0000e+00     5.2969e-02  0.0000e+00     3.4079e-04  0.0000e+00     1.2829e-01  0.0000e+00 
4.2240e+02     4.3646e-05  0.0000e+00     1.8436e-02  0.0000e+00     1.1861e-04  0.0000e+00     5.0101e-02  0.0000e+00 
4.7394e+02     1.1872e-05  0.0000e+00     5.6265e-03  0.0000e+00     3.6199e-05  0.0000e+00     1.7156e-02  0.0000e+00 
5.3176e+02     2.1587e-06  0.0000e+00     1.1479e-03  0.0000e+00     7.3853e-06  0.0000e+00     3.9273e-03  0.0000e+00 
5.9665e+02     4.8098e-07  0.0000e+00     2.8698e-04  0.0000e+00     1.8463e-06  0.0000e+00     1.1016e-03  0.0000e+00 
6.6945e+02     1.2990e-08  0.0000e+00     8.6962e-06  0.0000e+00     5.5949e-08  0.0000e+00     3.7455e-05  0.0000e+00 
7.5114e+02     0.0000e+00  0.0000e+00     0.0000e+00  0.0000e+00     0.0000e+00  0.0000e+00     0.0000e+00  0.0000e+00 
8.4279e+02     0.0000e+00  0.0000e+00     0.0000e+00  0.0000e+00     0.0000e+00  0.0000e+00     0.0000e+00  0.0000e+00 
9.4563e+02     0.0000e+00  0.0000e+00     0.0000e+00  0.0000e+00     0.0000e+00  0.0000e+00     0.0000e+00  0.0000e+00 
1.0610e+03     0.0000e+00  0.0000e+00     0.0000e+00  0.0000e+00     0.0000e+00  0.0000e+00     0.0000e+00  0.0000e+00 
1.1905e+03     0.0000e+00  0.0000e+00     0.0000e+00  0.0000e+00     0.0000e+00  0.0000e+00     0.0000e+00  0.0000e+00 
1.3357e+03     0.0000e+00  0.0000e+00     0.0000e+00  0.0000e+00     0.0000e+00  0.0000e+00     0.0000e+00  0.0000e+00 
1.4987e+03     0.0000e+00  0.0000e+00     0.0000e+00  0.0000e+00     0.0000e+00  0.0000e+00     0.0000e+00  0.0000e+00 
1.6816e+03     0.0000e+00  0.0000e+00     0.0000e+00  0.0000e+00     0.0000e+00  0.0000e+00     0.0000e+00  0.0000e+00 
1.8868e+03     0.0000e+00  0.0000e+00     0.0000e+00  0.0000e+00     0.0000e+00  0.0000e+00     0.0000e+00  0.0000e+00 
2.1170e+03     0.0000e+00  0.0000e+00     0.0000e+00  0.0000e+00     0.0000e+00  0.0000e+00     0.0000e+00  0.0000e+00 
2.3753e+03     0.0000e+00  0.0000e+00     0.0000e+00  0.0000e+00     0.0000e+00  0.0000e+00     0.0000e+00  0.0000e+00 
2.6651e+03     0.0000e+00  0.0000e+00     0.0000e+00  0.0000e+00     0.0000e+00  0.0000e+00     0.0000e+00  0.0000e+00 
2.9903e+03     0.0000e+00  0.0000e+00     0.0000e+00  0.0000e+00     0.0000e+00  0.0000e+00     0.0000e+00  0.0000e+00 
3.3552e+03     0.0000e+00  0.0000e+00     0.0000e+00  0.0000e+00     0.0000e+00  0.0000e+00     0.0000e+00  0.0000e+00 
3.7646e+03     0.0000e+00  0.0000e+00     0.0000e+00  0.0000e+00     0.0000e+00  0.0000e+00     0.0000e+00  0.0000e+00 
4.2240e+03     0.0000e+00  0.0000e+00     0.0000e+00  0.0000e+00     0.0000e+00  0.0000e+00     0.0000e+00  0.0000e+00 
4.7394e+03     0.0000e+00  0.0000e+00     0.0000e+00  0.0000e+00     0.0000e+00  0.0000e+00     0.0000e+00  0.0000e+00 
5.3176e+03     0.0000e+00  0.0000e+00     0.0000e+00  0.0000e+00     0.0000e+00  0.0000e+00     0.0000e+00  0.0000e+00 
5.9665e+03     0.0000e+00  0.0000e+00     0.0000e+00  0.0000e+00     0.0000e+00  0.0000e+00     0.0000e+00  0.0000e+00 
6.6945e+03     0.0000e+00  0.0000e+00     0.0000e+00  0.0000e+00     0.0000e+00  0.0000e+00     0.0000e+00  0.0000e+00 
7.5114e+03     0.0000e+00  0.0000e+00     0.0000e+00  0.0000e+00     0.0000e+00  0.0000e+00     0.0000e+00  0.0000e+00 
8.4279e+03     0.0000e+00  0.0000e+00     0.0000e+00  0.0000e+00     0.0000e+00  0.0000e+00     0.0000e+00  0.0000e+00 
9.4563e+03     0.0000e+00  0.0000e+00     0.0000e+00  0.0000e+00     0.0000e+00  0.0000e+00     0.0000e+00  0.0000e+00 
