yF = 3.9654e+00 (std: 0.0000e+00) keV/um
yD = 2.0941e+01 (std: 0.0000e+00) keV/um
y (keV/um)     f(y)(std)                  yf(y)(std)                 d(y)(std)                  yd(y)(std)  
1.0610e-01     2.6269e+01  0.0000e+00     2.7872e+00  0.0000e+00     7.0288e-01  0.0000e+00     7.4576e-02  0.0000e+00 
1.1905e-01     1.9936e+00  0.0000e+00     2.3733e-01  0.0000e+00     5.9850e-02  0.0000e+00     7.1250e-03  0.0000e+00 
1.3357e-01     5.5054e-01  0.0000e+00     7.3538e-02  0.0000e+00     1.8545e-02  0.0000e+00     2.4771e-03  0.0000e+00 
1.4987e-01     3.0187e+00  0.0000e+00     4.5242e-01  0.0000e+00     1.1409e-01  0.0000e+00     1.7099e-02  0.0000e+00 
1.6816e-01     8.5215e-01  0.0000e+00     1.4330e-01  0.0000e+00     3.6137e-02  0.0000e+00     6.0768e-03  0.0000e+00 
1.8868e-01     6.1698e-01  0.0000e+00     1.1641e-01  0.0000e+00     2.9357e-02  0.0000e+00     5.5390e-03  0.0000e+00 
2.1170e-01     6.3776e-01  0.0000e+00     1.3501e-01  0.0000e+00     3.4048e-02  0.0000e+00     7.2080e-03  0.0000e+00 
2.3753e-01     6.1001e-01  0.0000e+00     1.4490e-01  0.0000e+00     3.6540e-02  0.0000e+00     8.6794e-03  0.0000e+00 
2.6651e-01     2.8301e-01  0.0000e+00     7.5427e-02  0.0000e+00     1.9021e-02  0.0000e+00     5.0695e-03  0.0000e+00 
2.9903e-01     2.4252e-01  0.0000e+00     7.2520e-02  0.0000e+00     1.8288e-02  0.0000e+00     5.4689e-03  0.0000e+00 
3.3552e-01     1.4346e+00  0.0000e+00     4.8134e-01  0.0000e+00     1.2139e-01  0.0000e+00     4.0727e-02  0.0000e+00 
3.7646e-01     9.2613e-01  0.0000e+00     3.4865e-01  0.0000e+00     8.7924e-02  0.0000e+00     3.3100e-02  0.0000e+00 
4.2240e-01     4.2458e-01  0.0000e+00     1.7934e-01  0.0000e+00     4.5226e-02  0.0000e+00     1.9103e-02  0.0000e+00 
4.7394e-01     4.0539e-01  0.0000e+00     1.9213e-01  0.0000e+00     4.8452e-02  0.0000e+00     2.2963e-02  0.0000e+00 
5.3176e-01     2.5772e-01  0.0000e+00     1.3705e-01  0.0000e+00     3.4561e-02  0.0000e+00     1.8378e-02  0.0000e+00 
5.9665e-01     1.3397e-01  0.0000e+00     7.9932e-02  0.0000e+00     2.0158e-02  0.0000e+00     1.2027e-02  0.0000e+00 
6.6945e-01     2.1405e-01  0.0000e+00     1.4330e-01  0.0000e+00     3.6137e-02  0.0000e+00     2.4192e-02  0.0000e+00 
7.5114e-01     1.8748e-01  0.0000e+00     1.4083e-01  0.0000e+00     3.5514e-02  0.0000e+00     2.6676e-02  0.0000e+00 
8.4279e-01     8.7428e-02  0.0000e+00     7.3683e-02  0.0000e+00     1.8582e-02  0.0000e+00     1.5660e-02  0.0000e+00 
9.4563e-01     5.4559e-02  0.0000e+00     5.1593e-02  0.0000e+00     1.3011e-02  0.0000e+00     1.2303e-02  0.0000e+00 
1.0610e+00     3.7668e-02  0.0000e+00     3.9966e-02  0.0000e+00     1.0079e-02  0.0000e+00     1.0694e-02  0.0000e+00 
1.1905e+00     2.3805e-02  0.0000e+00     2.8340e-02  0.0000e+00     7.1468e-03  0.0000e+00     8.5081e-03  0.0000e+00 
1.3357e+00     1.2295e-02  0.0000e+00     1.6422e-02  0.0000e+00     4.1415e-03  0.0000e+00     5.5319e-03  0.0000e+00 
1.4987e+00     4.8485e-03  0.0000e+00     7.2666e-03  0.0000e+00     1.8325e-03  0.0000e+00     2.7464e-03  0.0000e+00 
1.6816e+00     2.4199e-03  0.0000e+00     4.0693e-03  0.0000e+00     1.0262e-03  0.0000e+00     1.7257e-03  0.0000e+00 
1.8868e+00     1.1554e-03  0.0000e+00     2.1800e-03  0.0000e+00     5.4975e-04  0.0000e+00     1.0373e-03  0.0000e+00 
2.1170e+00     6.1785e-04  0.0000e+00     1.3080e-03  0.0000e+00     3.2985e-04  0.0000e+00     6.9829e-04  0.0000e+00 
2.3753e+00     4.2829e-04  0.0000e+00     1.0173e-03  0.0000e+00     2.5655e-04  0.0000e+00     6.0939e-04  0.0000e+00 
2.6651e+00     0.0000e+00  0.0000e+00     0.0000e+00  0.0000e+00     0.0000e+00  0.0000e+00     0.0000e+00  0.0000e+00 
2.9903e+00     0.0000e+00  0.0000e+00     0.0000e+00  0.0000e+00     0.0000e+00  0.0000e+00     0.0000e+00  0.0000e+00 
3.3552e+00     0.0000e+00  0.0000e+00     0.0000e+00  0.0000e+00     0.0000e+00  0.0000e+00     0.0000e+00  0.0000e+00 
3.7646e+00     0.0000e+00  0.0000e+00     0.0000e+00  0.0000e+00     0.0000e+00  0.0000e+00     0.0000e+00  0.0000e+00 
4.2240e+00     0.0000e+00  0.0000e+00     0.0000e+00  0.0000e+00     0.0000e+00  0.0000e+00     0.0000e+00  0.0000e+00 
4.7394e+00     0.0000e+00  0.0000e+00     0.0000e+00  0.0000e+00     0.0000e+00  0.0000e+00     0.0000e+00  0.0000e+00 
5.3176e+00     0.0000e+00  0.0000e+00     0.0000e+00  0.0000e+00     0.0000e+00  0.0000e+00     0.0000e+00  0.0000e+00 
5.9665e+00     1.2649e-01  0.0000e+00     7.5471e-01  0.0000e+00     1.9032e-01  0.0000e+00     1.1356e+00  0.0000e+00 
6.6945e+00     2.4596e-02  0.0000e+00     1.6466e-01  0.0000e+00     4.1525e-02  0.0000e+00     2.7799e-01  0.0000e+00 
7.5114e+00     5.7077e-03  0.0000e+00     4.2873e-02  0.0000e+00     1.0812e-02  0.0000e+00     8.1212e-02  0.0000e+00 
8.4279e+00     2.5935e-02  0.0000e+00     2.1858e-01  0.0000e+00     5.5122e-02  0.0000e+00     4.6456e-01  0.0000e+00 
9.4563e+00     1.4477e-02  0.0000e+00     1.3690e-01  0.0000e+00     3.4525e-02  0.0000e+00     3.2647e-01  0.0000e+00 
1.0610e+01     2.2573e-02  0.0000e+00     2.3951e-01  0.0000e+00     6.0400e-02  0.0000e+00     6.4085e-01  0.0000e+00 
1.1905e+01     1.5846e-02  0.0000e+00     1.8864e-01  0.0000e+00     4.7572e-02  0.0000e+00     5.6633e-01  0.0000e+00 
1.3357e+01     1.1185e-02  0.0000e+00     1.4940e-01  0.0000e+00     3.7676e-02  0.0000e+00     5.0326e-01  0.0000e+00 
1.4987e+01     6.8073e-03  0.0000e+00     1.0202e-01  0.0000e+00     2.5728e-02  0.0000e+00     3.8560e-01  0.0000e+00 
1.6816e+01     4.0447e-03  0.0000e+00     6.8015e-02  0.0000e+00     1.7152e-02  0.0000e+00     2.8843e-01  0.0000e+00 
1.8868e+01     3.4354e-03  0.0000e+00     6.4818e-02  0.0000e+00     1.6346e-02  0.0000e+00     3.0841e-01  0.0000e+00 
2.1170e+01     3.3570e-03  0.0000e+00     7.1067e-02  0.0000e+00     1.7922e-02  0.0000e+00     3.7941e-01  0.0000e+00 
2.3753e+01     3.2611e-03  0.0000e+00     7.7462e-02  0.0000e+00     1.9535e-02  0.0000e+00     4.6401e-01  0.0000e+00 
2.6651e+01     1.8813e-03  0.0000e+00     5.0139e-02  0.0000e+00     1.2644e-02  0.0000e+00     3.3699e-01  0.0000e+00 
2.9903e+01     1.3462e-03  0.0000e+00     4.0257e-02  0.0000e+00     1.0152e-02  0.0000e+00     3.0358e-01  0.0000e+00 
3.3552e+01     1.2128e-03  0.0000e+00     4.0693e-02  0.0000e+00     1.0262e-02  0.0000e+00     3.4431e-01  0.0000e+00 
3.7646e+01     8.8791e-04  0.0000e+00     3.3426e-02  0.0000e+00     8.4296e-03  0.0000e+00     3.1734e-01  0.0000e+00 
4.2240e+01     5.8835e-04  0.0000e+00     2.4852e-02  0.0000e+00     6.2672e-03  0.0000e+00     2.6472e-01  0.0000e+00 
4.7394e+01     4.1091e-04  0.0000e+00     1.9474e-02  0.0000e+00     4.9111e-03  0.0000e+00     2.3276e-01  0.0000e+00 
5.3176e+01     2.5144e-04  0.0000e+00     1.3371e-02  0.0000e+00     3.3718e-03  0.0000e+00     1.7930e-01  0.0000e+00 
5.9665e+01     1.9243e-04  0.0000e+00     1.1481e-02  0.0000e+00     2.8954e-03  0.0000e+00     1.7275e-01  0.0000e+00 
6.6945e+01     1.1723e-04  0.0000e+00     7.8479e-03  0.0000e+00     1.9791e-03  0.0000e+00     1.3249e-01  0.0000e+00 
7.5114e+01     6.1914e-05  0.0000e+00     4.6506e-03  0.0000e+00     1.1728e-03  0.0000e+00     8.8094e-02  0.0000e+00 
8.4279e+01     1.8969e-05  0.0000e+00     1.5986e-03  0.0000e+00     4.0315e-04  0.0000e+00     3.3977e-02  0.0000e+00 
9.4563e+01     1.5369e-05  0.0000e+00     1.4533e-03  0.0000e+00     3.6650e-04  0.0000e+00     3.4657e-02  0.0000e+00 
1.0610e+02     4.1092e-06  0.0000e+00     4.3599e-04  0.0000e+00     1.0995e-04  0.0000e+00     1.1666e-02  0.0000e+00 
1.1905e+02     3.6624e-06  0.0000e+00     4.3599e-04  0.0000e+00     1.0995e-04  0.0000e+00     1.3089e-02  0.0000e+00 
1.3357e+02     0.0000e+00  0.0000e+00     0.0000e+00  0.0000e+00     0.0000e+00  0.0000e+00     0.0000e+00  0.0000e+00 
1.4987e+02     9.6971e-07  0.0000e+00     1.4533e-04  0.0000e+00     3.6650e-05  0.0000e+00     5.4928e-03  0.0000e+00 
1.6816e+02     8.6425e-07  0.0000e+00     1.4533e-04  0.0000e+00     3.6650e-05  0.0000e+00     6.1631e-03  0.0000e+00 
1.8868e+02     0.0000e+00  0.0000e+00     0.0000e+00  0.0000e+00     0.0000e+00  0.0000e+00     0.0000e+00  0.0000e+00 
2.1170e+02     0.0000e+00  0.0000e+00     0.0000e+00  0.0000e+00     0.0000e+00  0.0000e+00     0.0000e+00  0.0000e+00 
2.3753e+02     0.0000e+00  0.0000e+00     0.0000e+00  0.0000e+00     0.0000e+00  0.0000e+00     0.0000e+00  0.0000e+00 
2.6651e+02     0.0000e+00  0.0000e+00     0.0000e+00  0.0000e+00     0.0000e+00  0.0000e+00     0.0000e+00  0.0000e+00 
2.9903e+02     0.0000e+00  0.0000e+00     0.0000e+00  0.0000e+00     0.0000e+00  0.0000e+00     0.0000e+00  0.0000e+00 
3.3552e+02     0.0000e+00  0.0000e+00     0.0000e+00  0.0000e+00     0.0000e+00  0.0000e+00     0.0000e+00  0.0000e+00 
3.7646e+02     0.0000e+00  0.0000e+00     0.0000e+00  0.0000e+00     0.0000e+00  0.0000e+00     0.0000e+00  0.0000e+00 
4.2240e+02     0.0000e+00  0.0000e+00     0.0000e+00  0.0000e+00     0.0000e+00  0.0000e+00     0.0000e+00  0.0000e+00 
4.7394e+02     0.0000e+00  0.0000e+00     0.0000e+00  0.0000e+00     0.0000e+00  0.0000e+00     0.0000e+00  0.0000e+00 
5.3176e+02     0.0000e+00  0.0000e+00     0.0000e+00  0.0000e+00     0.0000e+00  0.0000e+00     0.0000e+00  0.0000e+00 
5.9665e+02     0.0000e+00  0.0000e+00     0.0000e+00  0.0000e+00     0.0000e+00  0.0000e+00     0.0000e+00  0.0000e+00 
6.6945e+02     0.0000e+00  0.0000e+00     0.0000e+00  0.0000e+00     0.0000e+00  0.0000e+00     0.0000e+00  0.0000e+00 
7.5114e+02     0.0000e+00  0.0000e+00     0.0000e+00  0.0000e+00     0.0000e+00  0.0000e+00     0.0000e+00  0.0000e+00 
8.4279e+02     0.0000e+00  0.0000e+00     0.0000e+00  0.0000e+00     0.0000e+00  0.0000e+00     0.0000e+00  0.0000e+00 
9.4563e+02     0.0000e+00  0.0000e+00     0.0000e+00  0.0000e+00     0.0000e+00  0.0000e+00     0.0000e+00  0.0000e+00 
1.0610e+03     0.0000e+00  0.0000e+00     0.0000e+00  0.0000e+00     0.0000e+00  0.0000e+00     0.0000e+00  0.0000e+00 
1.1905e+03     0.0000e+00  0.0000e+00     0.0000e+00  0.0000e+00     0.0000e+00  0.0000e+00     0.0000e+00  0.0000e+00 
1.3357e+03     0.0000e+00  0.0000e+00     0.0000e+00  0.0000e+00     0.0000e+00  0.0000e+00     0.0000e+00  0.0000e+00 
1.4987e+03     0.0000e+00  0.0000e+00     0.0000e+00  0.0000e+00     0.0000e+00  0.0000e+00     0.0000e+00  0.0000e+00 
1.6816e+03     0.0000e+00  0.0000e+00     0.0000e+00  0.0000e+00     0.0000e+00  0.0000e+00     0.0000e+00  0.0000e+00 
1.8868e+03     0.0000e+00  0.0000e+00     0.0000e+00  0.0000e+00     0.0000e+00  0.0000e+00     0.0000e+00  0.0000e+00 
2.1170e+03     0.0000e+00  0.0000e+00     0.0000e+00  0.0000e+00     0.0000e+00  0.0000e+00     0.0000e+00  0.0000e+00 
2.3753e+03     0.0000e+00  0.0000e+00     0.0000e+00  0.0000e+00     0.0000e+00  0.0000e+00     0.0000e+00  0.0000e+00 
2.6651e+03     0.0000e+00  0.0000e+00     0.0000e+00  0.0000e+00     0.0000e+00  0.0000e+00     0.0000e+00  0.0000e+00 
2.9903e+03     0.0000e+00  0.0000e+00     0.0000e+00  0.0000e+00     0.0000e+00  0.0000e+00     0.0000e+00  0.0000e+00 
3.3552e+03     0.0000e+00  0.0000e+00     0.0000e+00  0.0000e+00     0.0000e+00  0.0000e+00     0.0000e+00  0.0000e+00 
3.7646e+03     0.0000e+00  0.0000e+00     0.0000e+00  0.0000e+00     0.0000e+00  0.0000e+00     0.0000e+00  0.0000e+00 
4.2240e+03     0.0000e+00  0.0000e+00     0.0000e+00  0.0000e+00     0.0000e+00  0.0000e+00     0.0000e+00  0.0000e+00 
4.7394e+03     0.0000e+00  0.0000e+00     0.0000e+00  0.0000e+00     0.0000e+00  0.0000e+00     0.0000e+00  0.0000e+00 
5.3176e+03     0.0000e+00  0.0000e+00     0.0000e+00  0.0000e+00     0.0000e+00  0.0000e+00     0.0000e+00  0.0000e+00 
5.9665e+03     0.0000e+00  0.0000e+00     0.0000e+00  0.0000e+00     0.0000e+00  0.0000e+00     0.0000e+00  0.0000e+00 
6.6945e+03     0.0000e+00  0.0000e+00     0.0000e+00  0.0000e+00     0.0000e+00  0.0000e+00     0.0000e+00  0.0000e+00 
7.5114e+03     0.0000e+00  0.0000e+00     0.0000e+00  0.0000e+00     0.0000e+00  0.0000e+00     0.0000e+00  0.0000e+00 
8.4279e+03     0.0000e+00  0.0000e+00     0.0000e+00  0.0000e+00     0.0000e+00  0.0000e+00     0.0000e+00  0.0000e+00 
9.4563e+03     0.0000e+00  0.0000e+00     0.0000e+00  0.0000e+00     0.0000e+00  0.0000e+00     0.0000e+00  0.0000e+00 
