yF = 3.9244e+00 (std: 0.0000e+00) keV/um
yD = 2.0480e+01 (std: 0.0000e+00) keV/um
y (keV/um)     f(y)(std)                  yf(y)(std)                 d(y)(std)                  yd(y)(std)  
1.0610e-01     2.6255e+01  0.0000e+00     2.7857e+00  0.0000e+00     7.0983e-01  0.0000e+00     7.5314e-02  0.0000e+00 
1.1905e-01     1.8445e+00  0.0000e+00     2.1959e-01  0.0000e+00     5.5954e-02  0.0000e+00     6.6611e-03  0.0000e+00 
1.3357e-01     5.9325e-01  0.0000e+00     7.9242e-02  0.0000e+00     2.0192e-02  0.0000e+00     2.6971e-03  0.0000e+00 
1.4987e-01     2.9797e+00  0.0000e+00     4.4657e-01  0.0000e+00     1.1379e-01  0.0000e+00     1.7054e-02  0.0000e+00 
1.6816e-01     9.3212e-01  0.0000e+00     1.5674e-01  0.0000e+00     3.9941e-02  0.0000e+00     6.7163e-03  0.0000e+00 
1.8868e-01     6.3691e-01  0.0000e+00     1.2017e-01  0.0000e+00     3.0621e-02  0.0000e+00     5.7775e-03  0.0000e+00 
2.1170e-01     6.8213e-01  0.0000e+00     1.4441e-01  0.0000e+00     3.6797e-02  0.0000e+00     7.7899e-03  0.0000e+00 
2.3753e-01     6.2445e-01  0.0000e+00     1.4833e-01  0.0000e+00     3.7796e-02  0.0000e+00     8.9776e-03  0.0000e+00 
2.6651e-01     2.8099e-01  0.0000e+00     7.4888e-02  0.0000e+00     1.9083e-02  0.0000e+00     5.0858e-03  0.0000e+00 
2.9903e-01     2.5092e-01  0.0000e+00     7.5034e-02  0.0000e+00     1.9120e-02  0.0000e+00     5.7174e-03  0.0000e+00 
3.3552e-01     1.4011e+00  0.0000e+00     4.7008e-01  0.0000e+00     1.1978e-01  0.0000e+00     4.0190e-02  0.0000e+00 
3.7646e-01     9.4761e-01  0.0000e+00     3.5674e-01  0.0000e+00     9.0902e-02  0.0000e+00     3.4221e-02  0.0000e+00 
4.2240e-01     4.1266e-01  0.0000e+00     1.7430e-01  0.0000e+00     4.4415e-02  0.0000e+00     1.8761e-02  0.0000e+00 
4.7394e-01     4.0422e-01  0.0000e+00     1.9158e-01  0.0000e+00     4.8816e-02  0.0000e+00     2.3136e-02  0.0000e+00 
5.3176e-01     2.5109e-01  0.0000e+00     1.3352e-01  0.0000e+00     3.4023e-02  0.0000e+00     1.8092e-02  0.0000e+00 
5.9665e-01     1.2819e-01  0.0000e+00     7.6485e-02  0.0000e+00     1.9489e-02  0.0000e+00     1.1628e-02  0.0000e+00 
6.6945e-01     2.3305e-01  0.0000e+00     1.5602e-01  0.0000e+00     3.9756e-02  0.0000e+00     2.6614e-02  0.0000e+00 
7.5114e-01     1.8800e-01  0.0000e+00     1.4121e-01  0.0000e+00     3.5983e-02  0.0000e+00     2.7028e-02  0.0000e+00 
8.4279e-01     9.4024e-02  0.0000e+00     7.9242e-02  0.0000e+00     2.0192e-02  0.0000e+00     1.7018e-02  0.0000e+00 
9.4563e-01     5.4178e-02  0.0000e+00     5.1232e-02  0.0000e+00     1.3055e-02  0.0000e+00     1.2345e-02  0.0000e+00 
1.0610e+00     4.3088e-02  0.0000e+00     4.5717e-02  0.0000e+00     1.1649e-02  0.0000e+00     1.2360e-02  0.0000e+00 
1.1905e+00     2.2310e-02  0.0000e+00     2.6559e-02  0.0000e+00     6.7677e-03  0.0000e+00     8.0568e-03  0.0000e+00 
1.3357e+00     1.1083e-02  0.0000e+00     1.4804e-02  0.0000e+00     3.7722e-03  0.0000e+00     5.0386e-03  0.0000e+00 
1.4987e+00     5.2293e-03  0.0000e+00     7.8372e-03  0.0000e+00     1.9970e-03  0.0000e+00     2.9930e-03  0.0000e+00 
1.6816e+00     2.7618e-03  0.0000e+00     4.6442e-03  0.0000e+00     1.1834e-03  0.0000e+00     1.9900e-03  0.0000e+00 
1.8868e+00     8.4613e-04  0.0000e+00     1.5965e-03  0.0000e+00     4.0680e-04  0.0000e+00     7.6754e-04  0.0000e+00 
2.1170e+00     5.4845e-04  0.0000e+00     1.1611e-03  0.0000e+00     2.9586e-04  0.0000e+00     6.2632e-04  0.0000e+00 
2.3753e+00     1.2220e-04  0.0000e+00     2.9027e-04  0.0000e+00     7.3964e-05  0.0000e+00     1.7569e-04  0.0000e+00 
2.6651e+00     1.6337e-04  0.0000e+00     4.3540e-04  0.0000e+00     1.1095e-04  0.0000e+00     2.9569e-04  0.0000e+00 
2.9903e+00     0.0000e+00  0.0000e+00     0.0000e+00  0.0000e+00     0.0000e+00  0.0000e+00     0.0000e+00  0.0000e+00 
3.3552e+00     4.3256e-05  0.0000e+00     1.4513e-04  0.0000e+00     3.6982e-05  0.0000e+00     1.2408e-04  0.0000e+00 
3.7646e+00     0.0000e+00  0.0000e+00     0.0000e+00  0.0000e+00     0.0000e+00  0.0000e+00     0.0000e+00  0.0000e+00 
4.2240e+00     0.0000e+00  0.0000e+00     0.0000e+00  0.0000e+00     0.0000e+00  0.0000e+00     0.0000e+00  0.0000e+00 
4.7394e+00     0.0000e+00  0.0000e+00     0.0000e+00  0.0000e+00     0.0000e+00  0.0000e+00     0.0000e+00  0.0000e+00 
5.3176e+00     0.0000e+00  0.0000e+00     0.0000e+00  0.0000e+00     0.0000e+00  0.0000e+00     0.0000e+00  0.0000e+00 
5.9665e+00     1.2549e-01  0.0000e+00     7.4874e-01  0.0000e+00     1.9079e-01  0.0000e+00     1.1383e+00  0.0000e+00 
6.6945e+00     2.3717e-02  0.0000e+00     1.5878e-01  0.0000e+00     4.0458e-02  0.0000e+00     2.7085e-01  0.0000e+00 
7.5114e+00     6.2409e-03  0.0000e+00     4.6878e-02  0.0000e+00     1.1945e-02  0.0000e+00     8.9725e-02  0.0000e+00 
8.4279e+00     2.4470e-02  0.0000e+00     2.0623e-01  0.0000e+00     5.2551e-02  0.0000e+00     4.4290e-01  0.0000e+00 
9.4563e+00     1.4918e-02  0.0000e+00     1.4107e-01  0.0000e+00     3.5946e-02  0.0000e+00     3.3992e-01  0.0000e+00 
1.0610e+01     2.3746e-02  0.0000e+00     2.5195e-01  0.0000e+00     6.4201e-02  0.0000e+00     6.8117e-01  0.0000e+00 
1.1905e+01     1.5202e-02  0.0000e+00     1.8098e-01  0.0000e+00     4.6116e-02  0.0000e+00     5.4900e-01  0.0000e+00 
1.3357e+01     1.1126e-02  0.0000e+00     1.4862e-01  0.0000e+00     3.7870e-02  0.0000e+00     5.0584e-01  0.0000e+00 
1.4987e+01     6.7883e-03  0.0000e+00     1.0174e-01  0.0000e+00     2.5924e-02  0.0000e+00     3.8853e-01  0.0000e+00 
1.6816e+01     3.9011e-03  0.0000e+00     6.5600e-02  0.0000e+00     1.6716e-02  0.0000e+00     2.8109e-01  0.0000e+00 
1.8868e+01     3.3230e-03  0.0000e+00     6.2697e-02  0.0000e+00     1.5976e-02  0.0000e+00     3.0143e-01  0.0000e+00 
2.1170e+01     3.1741e-03  0.0000e+00     6.7196e-02  0.0000e+00     1.7123e-02  0.0000e+00     3.6248e-01  0.0000e+00 
2.3753e+01     3.5194e-03  0.0000e+00     8.3596e-02  0.0000e+00     2.1302e-02  0.0000e+00     5.0598e-01  0.0000e+00 
2.6651e+01     2.0149e-03  0.0000e+00     5.3699e-02  0.0000e+00     1.3683e-02  0.0000e+00     3.6468e-01  0.0000e+00 
2.9903e+01     1.3056e-03  0.0000e+00     3.9041e-02  0.0000e+00     9.9481e-03  0.0000e+00     2.9748e-01  0.0000e+00 
3.3552e+01     1.1679e-03  0.0000e+00     3.9186e-02  0.0000e+00     9.9851e-03  0.0000e+00     3.3502e-01  0.0000e+00 
3.7646e+01     8.5200e-04  0.0000e+00     3.2074e-02  0.0000e+00     8.1730e-03  0.0000e+00     3.0768e-01  0.0000e+00 
4.2240e+01     5.3601e-04  0.0000e+00     2.2641e-02  0.0000e+00     5.7692e-03  0.0000e+00     2.4369e-01  0.0000e+00 
4.7394e+01     4.8690e-04  0.0000e+00     2.3076e-02  0.0000e+00     5.8801e-03  0.0000e+00     2.7868e-01  0.0000e+00 
5.3176e+01     2.4836e-04  0.0000e+00     1.3207e-02  0.0000e+00     3.3654e-03  0.0000e+00     1.7896e-01  0.0000e+00 
5.9665e+01     1.7514e-04  0.0000e+00     1.0450e-02  0.0000e+00     2.6627e-03  0.0000e+00     1.5887e-01  0.0000e+00 
6.6945e+01     8.8885e-05  0.0000e+00     5.9504e-03  0.0000e+00     1.5163e-03  0.0000e+00     1.0151e-01  0.0000e+00 
7.5114e+01     4.8304e-05  0.0000e+00     3.6283e-03  0.0000e+00     9.2455e-04  0.0000e+00     6.9446e-02  0.0000e+00 
8.4279e+01     2.9275e-05  0.0000e+00     2.4673e-03  0.0000e+00     6.2869e-04  0.0000e+00     5.2986e-02  0.0000e+00 
9.4563e+01     9.2087e-06  0.0000e+00     8.7080e-04  0.0000e+00     2.2189e-04  0.0000e+00     2.0983e-02  0.0000e+00 
1.0610e+02     4.1036e-06  0.0000e+00     4.3540e-04  0.0000e+00     1.1095e-04  0.0000e+00     1.1771e-02  0.0000e+00 
1.1905e+02     3.6574e-06  0.0000e+00     4.3540e-04  0.0000e+00     1.1095e-04  0.0000e+00     1.3208e-02  0.0000e+00 
1.3357e+02     0.0000e+00  0.0000e+00     0.0000e+00  0.0000e+00     0.0000e+00  0.0000e+00     0.0000e+00  0.0000e+00 
1.4987e+02     0.0000e+00  0.0000e+00     0.0000e+00  0.0000e+00     0.0000e+00  0.0000e+00     0.0000e+00  0.0000e+00 
1.6816e+02     0.0000e+00  0.0000e+00     0.0000e+00  0.0000e+00     0.0000e+00  0.0000e+00     0.0000e+00  0.0000e+00 
1.8868e+02     0.0000e+00  0.0000e+00     0.0000e+00  0.0000e+00     0.0000e+00  0.0000e+00     0.0000e+00  0.0000e+00 
2.1170e+02     0.0000e+00  0.0000e+00     0.0000e+00  0.0000e+00     0.0000e+00  0.0000e+00     0.0000e+00  0.0000e+00 
2.3753e+02     0.0000e+00  0.0000e+00     0.0000e+00  0.0000e+00     0.0000e+00  0.0000e+00     0.0000e+00  0.0000e+00 
2.6651e+02     0.0000e+00  0.0000e+00     0.0000e+00  0.0000e+00     0.0000e+00  0.0000e+00     0.0000e+00  0.0000e+00 
2.9903e+02     0.0000e+00  0.0000e+00     0.0000e+00  0.0000e+00     0.0000e+00  0.0000e+00     0.0000e+00  0.0000e+00 
3.3552e+02     0.0000e+00  0.0000e+00     0.0000e+00  0.0000e+00     0.0000e+00  0.0000e+00     0.0000e+00  0.0000e+00 
3.7646e+02     0.0000e+00  0.0000e+00     0.0000e+00  0.0000e+00     0.0000e+00  0.0000e+00     0.0000e+00  0.0000e+00 
4.2240e+02     0.0000e+00  0.0000e+00     0.0000e+00  0.0000e+00     0.0000e+00  0.0000e+00     0.0000e+00  0.0000e+00 
4.7394e+02     0.0000e+00  0.0000e+00     0.0000e+00  0.0000e+00     0.0000e+00  0.0000e+00     0.0000e+00  0.0000e+00 
5.3176e+02     0.0000e+00  0.0000e+00     0.0000e+00  0.0000e+00     0.0000e+00  0.0000e+00     0.0000e+00  0.0000e+00 
5.9665e+02     0.0000e+00  0.0000e+00     0.0000e+00  0.0000e+00     0.0000e+00  0.0000e+00     0.0000e+00  0.0000e+00 
6.6945e+02     0.0000e+00  0.0000e+00     0.0000e+00  0.0000e+00     0.0000e+00  0.0000e+00     0.0000e+00  0.0000e+00 
7.5114e+02     0.0000e+00  0.0000e+00     0.0000e+00  0.0000e+00     0.0000e+00  0.0000e+00     0.0000e+00  0.0000e+00 
8.4279e+02     0.0000e+00  0.0000e+00     0.0000e+00  0.0000e+00     0.0000e+00  0.0000e+00     0.0000e+00  0.0000e+00 
9.4563e+02     0.0000e+00  0.0000e+00     0.0000e+00  0.0000e+00     0.0000e+00  0.0000e+00     0.0000e+00  0.0000e+00 
1.0610e+03     0.0000e+00  0.0000e+00     0.0000e+00  0.0000e+00     0.0000e+00  0.0000e+00     0.0000e+00  0.0000e+00 
1.1905e+03     0.0000e+00  0.0000e+00     0.0000e+00  0.0000e+00     0.0000e+00  0.0000e+00     0.0000e+00  0.0000e+00 
1.3357e+03     0.0000e+00  0.0000e+00     0.0000e+00  0.0000e+00     0.0000e+00  0.0000e+00     0.0000e+00  0.0000e+00 
1.4987e+03     0.0000e+00  0.0000e+00     0.0000e+00  0.0000e+00     0.0000e+00  0.0000e+00     0.0000e+00  0.0000e+00 
1.6816e+03     0.0000e+00  0.0000e+00     0.0000e+00  0.0000e+00     0.0000e+00  0.0000e+00     0.0000e+00  0.0000e+00 
1.8868e+03     0.0000e+00  0.0000e+00     0.0000e+00  0.0000e+00     0.0000e+00  0.0000e+00     0.0000e+00  0.0000e+00 
2.1170e+03     0.0000e+00  0.0000e+00     0.0000e+00  0.0000e+00     0.0000e+00  0.0000e+00     0.0000e+00  0.0000e+00 
2.3753e+03     0.0000e+00  0.0000e+00     0.0000e+00  0.0000e+00     0.0000e+00  0.0000e+00     0.0000e+00  0.0000e+00 
2.6651e+03     0.0000e+00  0.0000e+00     0.0000e+00  0.0000e+00     0.0000e+00  0.0000e+00     0.0000e+00  0.0000e+00 
2.9903e+03     0.0000e+00  0.0000e+00     0.0000e+00  0.0000e+00     0.0000e+00  0.0000e+00     0.0000e+00  0.0000e+00 
3.3552e+03     0.0000e+00  0.0000e+00     0.0000e+00  0.0000e+00     0.0000e+00  0.0000e+00     0.0000e+00  0.0000e+00 
3.7646e+03     0.0000e+00  0.0000e+00     0.0000e+00  0.0000e+00     0.0000e+00  0.0000e+00     0.0000e+00  0.0000e+00 
4.2240e+03     0.0000e+00  0.0000e+00     0.0000e+00  0.0000e+00     0.0000e+00  0.0000e+00     0.0000e+00  0.0000e+00 
4.7394e+03     0.0000e+00  0.0000e+00     0.0000e+00  0.0000e+00     0.0000e+00  0.0000e+00     0.0000e+00  0.0000e+00 
5.3176e+03     0.0000e+00  0.0000e+00     0.0000e+00  0.0000e+00     0.0000e+00  0.0000e+00     0.0000e+00  0.0000e+00 
5.9665e+03     0.0000e+00  0.0000e+00     0.0000e+00  0.0000e+00     0.0000e+00  0.0000e+00     0.0000e+00  0.0000e+00 
6.6945e+03     0.0000e+00  0.0000e+00     0.0000e+00  0.0000e+00     0.0000e+00  0.0000e+00     0.0000e+00  0.0000e+00 
7.5114e+03     0.0000e+00  0.0000e+00     0.0000e+00  0.0000e+00     0.0000e+00  0.0000e+00     0.0000e+00  0.0000e+00 
8.4279e+03     0.0000e+00  0.0000e+00     0.0000e+00  0.0000e+00     0.0000e+00  0.0000e+00     0.0000e+00  0.0000e+00 
9.4563e+03     0.0000e+00  0.0000e+00     0.0000e+00  0.0000e+00     0.0000e+00  0.0000e+00     0.0000e+00  0.0000e+00 
