yF = 1.5741e+01 (std: 0.0000e+00) keV/um
yD = 3.6778e+01 (std: 0.0000e+00) keV/um
y (keV/um)     f(y)(std)                  yf(y)(std)                 d(y)(std)                  yd(y)(std)  
1.0610e-01     7.7584e+00  0.0000e+00     8.2318e-01  0.0000e+00     5.2294e-02  0.0000e+00     5.5484e-03  0.0000e+00 
1.1905e-01     8.1373e-01  0.0000e+00     9.6872e-02  0.0000e+00     6.1539e-03  0.0000e+00     7.3261e-04  0.0000e+00 
1.3357e-01     3.6794e-01  0.0000e+00     4.9146e-02  0.0000e+00     3.1221e-03  0.0000e+00     4.1703e-04  0.0000e+00 
1.4987e-01     1.0694e+00  0.0000e+00     1.6027e-01  0.0000e+00     1.0182e-02  0.0000e+00     1.5259e-03  0.0000e+00 
1.6816e-01     4.9735e-01  0.0000e+00     8.3634e-02  0.0000e+00     5.3130e-03  0.0000e+00     8.9342e-04  0.0000e+00 
1.8868e-01     4.0923e-01  0.0000e+00     7.7212e-02  0.0000e+00     4.9050e-03  0.0000e+00     9.2546e-04  0.0000e+00 
2.1170e-01     4.0233e-01  0.0000e+00     8.5173e-02  0.0000e+00     5.4107e-03  0.0000e+00     1.1454e-03  0.0000e+00 
2.3753e-01     3.8781e-01  0.0000e+00     9.2117e-02  0.0000e+00     5.8519e-03  0.0000e+00     1.3900e-03  0.0000e+00 
2.6651e-01     2.3896e-01  0.0000e+00     6.3687e-02  0.0000e+00     4.0458e-03  0.0000e+00     1.0783e-03  0.0000e+00 
2.9903e-01     2.0938e-01  0.0000e+00     6.2612e-02  0.0000e+00     3.9775e-03  0.0000e+00     1.1894e-03  0.0000e+00 
3.3552e-01     4.9230e-01  0.0000e+00     1.6518e-01  0.0000e+00     1.0493e-02  0.0000e+00     3.5206e-03  0.0000e+00 
3.7646e-01     4.2595e-01  0.0000e+00     1.6035e-01  0.0000e+00     1.0187e-02  0.0000e+00     3.8349e-03  0.0000e+00 
4.2240e-01     2.7154e-01  0.0000e+00     1.1470e-01  0.0000e+00     7.2864e-03  0.0000e+00     3.0777e-03  0.0000e+00 
4.7394e-01     2.7529e-01  0.0000e+00     1.3047e-01  0.0000e+00     8.2884e-03  0.0000e+00     3.9282e-03  0.0000e+00 
5.3176e-01     2.2432e-01  0.0000e+00     1.1928e-01  0.0000e+00     7.5778e-03  0.0000e+00     4.0296e-03  0.0000e+00 
5.9665e-01     1.5142e-01  0.0000e+00     9.0342e-02  0.0000e+00     5.7391e-03  0.0000e+00     3.4242e-03  0.0000e+00 
6.6945e-01     1.4926e-01  0.0000e+00     9.9920e-02  0.0000e+00     6.3476e-03  0.0000e+00     4.2494e-03  0.0000e+00 
7.5114e-01     1.4527e-01  0.0000e+00     1.0911e-01  0.0000e+00     6.9317e-03  0.0000e+00     5.2066e-03  0.0000e+00 
8.4279e-01     1.0071e-01  0.0000e+00     8.4877e-02  0.0000e+00     5.3919e-03  0.0000e+00     4.5442e-03  0.0000e+00 
9.4563e-01     7.2742e-02  0.0000e+00     6.8787e-02  0.0000e+00     4.3698e-03  0.0000e+00     4.1322e-03  0.0000e+00 
1.0610e+00     5.4567e-02  0.0000e+00     5.7896e-02  0.0000e+00     3.6780e-03  0.0000e+00     3.9023e-03  0.0000e+00 
1.1905e+00     3.7289e-02  0.0000e+00     4.4392e-02  0.0000e+00     2.8200e-03  0.0000e+00     3.3572e-03  0.0000e+00 
1.3357e+00     2.5177e-02  0.0000e+00     3.3629e-02  0.0000e+00     2.1363e-03  0.0000e+00     2.8536e-03  0.0000e+00 
1.4987e+00     1.5705e-02  0.0000e+00     2.3537e-02  0.0000e+00     1.4952e-03  0.0000e+00     2.2409e-03  0.0000e+00 
1.6816e+00     9.0635e-03  0.0000e+00     1.5241e-02  0.0000e+00     9.6821e-04  0.0000e+00     1.6281e-03  0.0000e+00 
1.8868e+00     5.0140e-03  0.0000e+00     9.4603e-03  0.0000e+00     6.0098e-04  0.0000e+00     1.1339e-03  0.0000e+00 
2.1170e+00     2.2693e-03  0.0000e+00     4.8041e-03  0.0000e+00     3.0519e-04  0.0000e+00     6.4609e-04  0.0000e+00 
2.3753e+00     1.0507e-03  0.0000e+00     2.4958e-03  0.0000e+00     1.5855e-04  0.0000e+00     3.7660e-04  0.0000e+00 
2.6651e+00     4.2566e-04  0.0000e+00     1.1345e-03  0.0000e+00     7.2068e-05  0.0000e+00     1.9207e-04  0.0000e+00 
2.9903e+00     1.3525e-04  0.0000e+00     4.0446e-04  0.0000e+00     2.5694e-05  0.0000e+00     7.6833e-05  0.0000e+00 
3.3552e+00     4.4102e-05  0.0000e+00     1.4797e-04  0.0000e+00     9.4001e-06  0.0000e+00     3.1539e-05  0.0000e+00 
3.7646e+00     1.3102e-05  0.0000e+00     4.9324e-05  0.0000e+00     3.1334e-06  0.0000e+00     1.1796e-05  0.0000e+00 
4.2240e+00     0.0000e+00  0.0000e+00     0.0000e+00  0.0000e+00     0.0000e+00  0.0000e+00     0.0000e+00  0.0000e+00 
4.7394e+00     0.0000e+00  0.0000e+00     0.0000e+00  0.0000e+00     0.0000e+00  0.0000e+00     0.0000e+00  0.0000e+00 
5.3176e+00     1.8551e-06  0.0000e+00     9.8648e-06  0.0000e+00     6.2668e-07  0.0000e+00     3.3324e-06  0.0000e+00 
5.9665e+00     5.0282e-02  0.0000e+00     3.0001e-01  0.0000e+00     1.9058e-02  0.0000e+00     1.1371e-01  0.0000e+00 
6.6945e+00     2.8981e-02  0.0000e+00     1.9401e-01  0.0000e+00     1.2325e-02  0.0000e+00     8.2509e-02  0.0000e+00 
7.5114e+00     8.4157e-03  0.0000e+00     6.3214e-02  0.0000e+00     4.0157e-03  0.0000e+00     3.0164e-02  0.0000e+00 
8.4279e+00     3.6805e-02  0.0000e+00     3.1019e-01  0.0000e+00     1.9705e-02  0.0000e+00     1.6607e-01  0.0000e+00 
9.4563e+00     2.8407e-02  0.0000e+00     2.6863e-01  0.0000e+00     1.7065e-02  0.0000e+00     1.6137e-01  0.0000e+00 
1.0610e+01     4.0478e-02  0.0000e+00     4.2947e-01  0.0000e+00     2.7283e-02  0.0000e+00     2.8947e-01  0.0000e+00 
1.1905e+01     3.2162e-02  0.0000e+00     3.8288e-01  0.0000e+00     2.4323e-02  0.0000e+00     2.8956e-01  0.0000e+00 
1.3357e+01     2.7028e-02  0.0000e+00     3.6102e-01  0.0000e+00     2.2934e-02  0.0000e+00     3.0634e-01  0.0000e+00 
1.4987e+01     1.9340e-02  0.0000e+00     2.8985e-01  0.0000e+00     1.8413e-02  0.0000e+00     2.7596e-01  0.0000e+00 
1.6816e+01     1.5734e-02  0.0000e+00     2.6458e-01  0.0000e+00     1.6808e-02  0.0000e+00     2.8264e-01  0.0000e+00 
1.8868e+01     1.6355e-02  0.0000e+00     3.0858e-01  0.0000e+00     1.9603e-02  0.0000e+00     3.6986e-01  0.0000e+00 
2.1170e+01     1.5271e-02  0.0000e+00     3.2328e-01  0.0000e+00     2.0537e-02  0.0000e+00     4.3476e-01  0.0000e+00 
2.3753e+01     1.4081e-02  0.0000e+00     3.3448e-01  0.0000e+00     2.1248e-02  0.0000e+00     5.0471e-01  0.0000e+00 
2.6651e+01     1.1166e-02  0.0000e+00     2.9759e-01  0.0000e+00     1.8905e-02  0.0000e+00     5.0384e-01  0.0000e+00 
2.9903e+01     9.1300e-03  0.0000e+00     2.7302e-01  0.0000e+00     1.7344e-02  0.0000e+00     5.1864e-01  0.0000e+00 
3.3552e+01     7.7655e-03  0.0000e+00     2.6055e-01  0.0000e+00     1.6552e-02  0.0000e+00     5.5535e-01  0.0000e+00 
3.7646e+01     6.2235e-03  0.0000e+00     2.3429e-01  0.0000e+00     1.4884e-02  0.0000e+00     5.6031e-01  0.0000e+00 
4.2240e+01     4.8252e-03  0.0000e+00     2.0382e-01  0.0000e+00     1.2948e-02  0.0000e+00     5.4691e-01  0.0000e+00 
4.7394e+01     3.7319e-03  0.0000e+00     1.7687e-01  0.0000e+00     1.1236e-02  0.0000e+00     5.3250e-01  0.0000e+00 
5.3176e+01     2.7135e-03  0.0000e+00     1.4429e-01  0.0000e+00     9.1664e-03  0.0000e+00     4.8744e-01  0.0000e+00 
5.9665e+01     1.8957e-03  0.0000e+00     1.1311e-01  0.0000e+00     7.1855e-03  0.0000e+00     4.2872e-01  0.0000e+00 
6.6945e+01     1.2372e-03  0.0000e+00     8.2825e-02  0.0000e+00     5.2616e-03  0.0000e+00     3.5224e-01  0.0000e+00 
7.5114e+01     7.9324e-04  0.0000e+00     5.9583e-02  0.0000e+00     3.7851e-03  0.0000e+00     2.8431e-01  0.0000e+00 
8.4279e+01     4.7171e-04  0.0000e+00     3.9755e-02  0.0000e+00     2.5255e-03  0.0000e+00     2.1285e-01  0.0000e+00 
9.4563e+01     2.5287e-04  0.0000e+00     2.3912e-02  0.0000e+00     1.5191e-03  0.0000e+00     1.4365e-01  0.0000e+00 
1.0610e+02     1.2673e-04  0.0000e+00     1.3446e-02  0.0000e+00     8.5416e-04  0.0000e+00     9.0627e-02  0.0000e+00 
1.1905e+02     5.8171e-05  0.0000e+00     6.9251e-03  0.0000e+00     4.3993e-04  0.0000e+00     5.2372e-02  0.0000e+00 
1.3357e+02     2.3781e-05  0.0000e+00     3.1765e-03  0.0000e+00     2.0179e-04  0.0000e+00     2.6954e-02  0.0000e+00 
1.4987e+02     8.7543e-06  0.0000e+00     1.3120e-03  0.0000e+00     8.3348e-05  0.0000e+00     1.2491e-02  0.0000e+00 
1.6816e+02     2.5812e-06  0.0000e+00     4.3405e-04  0.0000e+00     2.7574e-05  0.0000e+00     4.6368e-03  0.0000e+00 
1.8868e+02     1.2025e-06  0.0000e+00     2.2689e-04  0.0000e+00     1.4414e-05  0.0000e+00     2.7195e-03  0.0000e+00 
2.1170e+02     9.3196e-08  0.0000e+00     1.9730e-05  0.0000e+00     1.2534e-06  0.0000e+00     2.6533e-04  0.0000e+00 
2.3753e+02     8.3061e-08  0.0000e+00     1.9730e-05  0.0000e+00     1.2534e-06  0.0000e+00     2.9771e-04  0.0000e+00 
2.6651e+02     0.0000e+00  0.0000e+00     0.0000e+00  0.0000e+00     0.0000e+00  0.0000e+00     0.0000e+00  0.0000e+00 
2.9903e+02     0.0000e+00  0.0000e+00     0.0000e+00  0.0000e+00     0.0000e+00  0.0000e+00     0.0000e+00  0.0000e+00 
3.3552e+02     0.0000e+00  0.0000e+00     0.0000e+00  0.0000e+00     0.0000e+00  0.0000e+00     0.0000e+00  0.0000e+00 
3.7646e+02     0.0000e+00  0.0000e+00     0.0000e+00  0.0000e+00     0.0000e+00  0.0000e+00     0.0000e+00  0.0000e+00 
4.2240e+02     0.0000e+00  0.0000e+00     0.0000e+00  0.0000e+00     0.0000e+00  0.0000e+00     0.0000e+00  0.0000e+00 
4.7394e+02     0.0000e+00  0.0000e+00     0.0000e+00  0.0000e+00     0.0000e+00  0.0000e+00     0.0000e+00  0.0000e+00 
5.3176e+02     0.0000e+00  0.0000e+00     0.0000e+00  0.0000e+00     0.0000e+00  0.0000e+00     0.0000e+00  0.0000e+00 
5.9665e+02     0.0000e+00  0.0000e+00     0.0000e+00  0.0000e+00     0.0000e+00  0.0000e+00     0.0000e+00  0.0000e+00 
6.6945e+02     0.0000e+00  0.0000e+00     0.0000e+00  0.0000e+00     0.0000e+00  0.0000e+00     0.0000e+00  0.0000e+00 
7.5114e+02     0.0000e+00  0.0000e+00     0.0000e+00  0.0000e+00     0.0000e+00  0.0000e+00     0.0000e+00  0.0000e+00 
8.4279e+02     0.0000e+00  0.0000e+00     0.0000e+00  0.0000e+00     0.0000e+00  0.0000e+00     0.0000e+00  0.0000e+00 
9.4563e+02     0.0000e+00  0.0000e+00     0.0000e+00  0.0000e+00     0.0000e+00  0.0000e+00     0.0000e+00  0.0000e+00 
1.0610e+03     0.0000e+00  0.0000e+00     0.0000e+00  0.0000e+00     0.0000e+00  0.0000e+00     0.0000e+00  0.0000e+00 
1.1905e+03     0.0000e+00  0.0000e+00     0.0000e+00  0.0000e+00     0.0000e+00  0.0000e+00     0.0000e+00  0.0000e+00 
1.3357e+03     0.0000e+00  0.0000e+00     0.0000e+00  0.0000e+00     0.0000e+00  0.0000e+00     0.0000e+00  0.0000e+00 
1.4987e+03     0.0000e+00  0.0000e+00     0.0000e+00  0.0000e+00     0.0000e+00  0.0000e+00     0.0000e+00  0.0000e+00 
1.6816e+03     0.0000e+00  0.0000e+00     0.0000e+00  0.0000e+00     0.0000e+00  0.0000e+00     0.0000e+00  0.0000e+00 
1.8868e+03     0.0000e+00  0.0000e+00     0.0000e+00  0.0000e+00     0.0000e+00  0.0000e+00     0.0000e+00  0.0000e+00 
2.1170e+03     0.0000e+00  0.0000e+00     0.0000e+00  0.0000e+00     0.0000e+00  0.0000e+00     0.0000e+00  0.0000e+00 
2.3753e+03     0.0000e+00  0.0000e+00     0.0000e+00  0.0000e+00     0.0000e+00  0.0000e+00     0.0000e+00  0.0000e+00 
2.6651e+03     0.0000e+00  0.0000e+00     0.0000e+00  0.0000e+00     0.0000e+00  0.0000e+00     0.0000e+00  0.0000e+00 
2.9903e+03     0.0000e+00  0.0000e+00     0.0000e+00  0.0000e+00     0.0000e+00  0.0000e+00     0.0000e+00  0.0000e+00 
3.3552e+03     0.0000e+00  0.0000e+00     0.0000e+00  0.0000e+00     0.0000e+00  0.0000e+00     0.0000e+00  0.0000e+00 
3.7646e+03     0.0000e+00  0.0000e+00     0.0000e+00  0.0000e+00     0.0000e+00  0.0000e+00     0.0000e+00  0.0000e+00 
4.2240e+03     0.0000e+00  0.0000e+00     0.0000e+00  0.0000e+00     0.0000e+00  0.0000e+00     0.0000e+00  0.0000e+00 
4.7394e+03     0.0000e+00  0.0000e+00     0.0000e+00  0.0000e+00     0.0000e+00  0.0000e+00     0.0000e+00  0.0000e+00 
5.3176e+03     0.0000e+00  0.0000e+00     0.0000e+00  0.0000e+00     0.0000e+00  0.0000e+00     0.0000e+00  0.0000e+00 
5.9665e+03     0.0000e+00  0.0000e+00     0.0000e+00  0.0000e+00     0.0000e+00  0.0000e+00     0.0000e+00  0.0000e+00 
6.6945e+03     0.0000e+00  0.0000e+00     0.0000e+00  0.0000e+00     0.0000e+00  0.0000e+00     0.0000e+00  0.0000e+00 
7.5114e+03     0.0000e+00  0.0000e+00     0.0000e+00  0.0000e+00     0.0000e+00  0.0000e+00     0.0000e+00  0.0000e+00 
8.4279e+03     0.0000e+00  0.0000e+00     0.0000e+00  0.0000e+00     0.0000e+00  0.0000e+00     0.0000e+00  0.0000e+00 
9.4563e+03     0.0000e+00  0.0000e+00     0.0000e+00  0.0000e+00     0.0000e+00  0.0000e+00     0.0000e+00  0.0000e+00 
