yF = 5.1264e+00 (std: 0.0000e+00) keV/um
yD = 2.4302e+01 (std: 0.0000e+00) keV/um
y (keV/um)     f(y)(std)                  yf(y)(std)                 d(y)(std)                  yd(y)(std)  
1.0610e-01     2.4431e+01  0.0000e+00     2.5922e+00  0.0000e+00     5.0565e-01  0.0000e+00     5.3650e-02  0.0000e+00 
1.1905e-01     1.8653e+00  0.0000e+00     2.2206e-01  0.0000e+00     4.3316e-02  0.0000e+00     5.1567e-03  0.0000e+00 
1.3357e-01     5.4184e-01  0.0000e+00     7.2375e-02  0.0000e+00     1.4118e-02  0.0000e+00     1.8858e-03  0.0000e+00 
1.4987e-01     2.7078e+00  0.0000e+00     4.0582e-01  0.0000e+00     7.9164e-02  0.0000e+00     1.1864e-02  0.0000e+00 
1.6816e-01     8.7719e-01  0.0000e+00     1.4751e-01  0.0000e+00     2.8774e-02  0.0000e+00     4.8386e-03  0.0000e+00 
1.8868e-01     5.9192e-01  0.0000e+00     1.1168e-01  0.0000e+00     2.1786e-02  0.0000e+00     4.1104e-03  0.0000e+00 
2.1170e-01     5.9058e-01  0.0000e+00     1.2503e-01  0.0000e+00     2.4388e-02  0.0000e+00     5.1630e-03  0.0000e+00 
2.3753e-01     6.0024e-01  0.0000e+00     1.4258e-01  0.0000e+00     2.7812e-02  0.0000e+00     6.6062e-03  0.0000e+00 
2.6651e-01     2.7483e-01  0.0000e+00     7.3246e-02  0.0000e+00     1.4288e-02  0.0000e+00     3.8079e-03  0.0000e+00 
2.9903e-01     2.3815e-01  0.0000e+00     7.1215e-02  0.0000e+00     1.3892e-02  0.0000e+00     4.1541e-03  0.0000e+00 
3.3552e-01     1.3025e+00  0.0000e+00     4.3701e-01  0.0000e+00     8.5247e-02  0.0000e+00     2.8602e-02  0.0000e+00 
3.7646e-01     8.7843e-01  0.0000e+00     3.3069e-01  0.0000e+00     6.4508e-02  0.0000e+00     2.4285e-02  0.0000e+00 
4.2240e-01     3.9282e-01  0.0000e+00     1.6593e-01  0.0000e+00     3.2367e-02  0.0000e+00     1.3672e-02  0.0000e+00 
4.7394e-01     4.0029e-01  0.0000e+00     1.8971e-01  0.0000e+00     3.7007e-02  0.0000e+00     1.7539e-02  0.0000e+00 
5.3176e-01     2.5284e-01  0.0000e+00     1.3445e-01  0.0000e+00     2.6228e-02  0.0000e+00     1.3947e-02  0.0000e+00 
5.9665e-01     1.3419e-01  0.0000e+00     8.0062e-02  0.0000e+00     1.5618e-02  0.0000e+00     9.3183e-03  0.0000e+00 
6.6945e-01     2.0149e-01  0.0000e+00     1.3489e-01  0.0000e+00     2.6312e-02  0.0000e+00     1.7615e-02  0.0000e+00 
7.5114e-01     1.7243e-01  0.0000e+00     1.2952e-01  0.0000e+00     2.5266e-02  0.0000e+00     1.8978e-02  0.0000e+00 
8.4279e-01     8.3639e-02  0.0000e+00     7.0490e-02  0.0000e+00     1.3750e-02  0.0000e+00     1.1589e-02  0.0000e+00 
9.4563e-01     5.3990e-02  0.0000e+00     5.1054e-02  0.0000e+00     9.9591e-03  0.0000e+00     9.4176e-03  0.0000e+00 
1.0610e+00     4.1694e-02  0.0000e+00     4.4237e-02  0.0000e+00     8.6293e-03  0.0000e+00     9.1558e-03  0.0000e+00 
1.1905e+00     2.2052e-02  0.0000e+00     2.6252e-02  0.0000e+00     5.1210e-03  0.0000e+00     6.0964e-03  0.0000e+00 
1.3357e+00     1.4550e-02  0.0000e+00     1.9435e-02  0.0000e+00     3.7913e-03  0.0000e+00     5.0641e-03  0.0000e+00 
1.4987e+00     5.3227e-03  0.0000e+00     7.9772e-03  0.0000e+00     1.5561e-03  0.0000e+00     2.3322e-03  0.0000e+00 
1.6816e+00     3.1913e-03  0.0000e+00     5.3665e-03  0.0000e+00     1.0468e-03  0.0000e+00     1.7603e-03  0.0000e+00 
1.8868e+00     8.4560e-04  0.0000e+00     1.5954e-03  0.0000e+00     3.1122e-04  0.0000e+00     5.8720e-04  0.0000e+00 
2.1170e+00     4.1108e-04  0.0000e+00     8.7024e-04  0.0000e+00     1.6976e-04  0.0000e+00     3.5938e-04  0.0000e+00 
2.3753e+00     2.4425e-04  0.0000e+00     5.8016e-04  0.0000e+00     1.1317e-04  0.0000e+00     2.6882e-04  0.0000e+00 
2.6651e+00     0.0000e+00  0.0000e+00     0.0000e+00  0.0000e+00     0.0000e+00  0.0000e+00     0.0000e+00  0.0000e+00 
2.9903e+00     0.0000e+00  0.0000e+00     0.0000e+00  0.0000e+00     0.0000e+00  0.0000e+00     0.0000e+00  0.0000e+00 
3.3552e+00     4.3229e-05  0.0000e+00     1.4504e-04  0.0000e+00     2.8293e-05  0.0000e+00     9.4929e-05  0.0000e+00 
3.7646e+00     0.0000e+00  0.0000e+00     0.0000e+00  0.0000e+00     0.0000e+00  0.0000e+00     0.0000e+00  0.0000e+00 
4.2240e+00     0.0000e+00  0.0000e+00     0.0000e+00  0.0000e+00     0.0000e+00  0.0000e+00     0.0000e+00  0.0000e+00 
4.7394e+00     0.0000e+00  0.0000e+00     0.0000e+00  0.0000e+00     0.0000e+00  0.0000e+00     0.0000e+00  0.0000e+00 
5.3176e+00     0.0000e+00  0.0000e+00     0.0000e+00  0.0000e+00     0.0000e+00  0.0000e+00     0.0000e+00  0.0000e+00 
5.9665e+00     1.1420e-01  0.0000e+00     6.8140e-01  0.0000e+00     1.3292e-01  0.0000e+00     7.9307e-01  0.0000e+00 
6.6945e+00     2.1926e-02  0.0000e+00     1.4678e-01  0.0000e+00     2.8632e-02  0.0000e+00     1.9168e-01  0.0000e+00 
7.5114e+00     6.4108e-03  0.0000e+00     4.8154e-02  0.0000e+00     9.3932e-03  0.0000e+00     7.0556e-02  0.0000e+00 
8.4279e+00     2.9342e-02  0.0000e+00     2.4729e-01  0.0000e+00     4.8239e-02  0.0000e+00     4.0656e-01  0.0000e+00 
9.4563e+00     1.6534e-02  0.0000e+00     1.5635e-01  0.0000e+00     3.0500e-02  0.0000e+00     2.8841e-01  0.0000e+00 
1.0610e+01     2.7969e-02  0.0000e+00     2.9675e-01  0.0000e+00     5.7887e-02  0.0000e+00     6.1419e-01  0.0000e+00 
1.1905e+01     1.8470e-02  0.0000e+00     2.1988e-01  0.0000e+00     4.2892e-02  0.0000e+00     5.1062e-01  0.0000e+00 
1.3357e+01     1.3399e-02  0.0000e+00     1.7898e-01  0.0000e+00     3.4913e-02  0.0000e+00     4.6635e-01  0.0000e+00 
1.4987e+01     8.8938e-03  0.0000e+00     1.3329e-01  0.0000e+00     2.6001e-02  0.0000e+00     3.8968e-01  0.0000e+00 
1.6816e+01     6.1584e-03  0.0000e+00     1.0356e-01  0.0000e+00     2.0201e-02  0.0000e+00     3.3970e-01  0.0000e+00 
1.8868e+01     4.7507e-03  0.0000e+00     8.9635e-02  0.0000e+00     1.7485e-02  0.0000e+00     3.2990e-01  0.0000e+00 
2.1170e+01     4.4465e-03  0.0000e+00     9.4131e-02  0.0000e+00     1.8362e-02  0.0000e+00     3.8872e-01  0.0000e+00 
2.3753e+01     4.5858e-03  0.0000e+00     1.0893e-01  0.0000e+00     2.1248e-02  0.0000e+00     5.0470e-01  0.0000e+00 
2.6651e+01     2.7156e-03  0.0000e+00     7.2375e-02  0.0000e+00     1.4118e-02  0.0000e+00     3.7627e-01  0.0000e+00 
2.9903e+01     2.0662e-03  0.0000e+00     6.1787e-02  0.0000e+00     1.2053e-02  0.0000e+00     3.6042e-01  0.0000e+00 
3.3552e+01     1.8934e-03  0.0000e+00     6.3528e-02  0.0000e+00     1.2392e-02  0.0000e+00     4.1579e-01  0.0000e+00 
3.7646e+01     1.3485e-03  0.0000e+00     5.0764e-02  0.0000e+00     9.9025e-03  0.0000e+00     3.7279e-01  0.0000e+00 
4.2240e+01     9.1682e-04  0.0000e+00     3.8726e-02  0.0000e+00     7.5542e-03  0.0000e+00     3.1909e-01  0.0000e+00 
4.7394e+01     6.6410e-04  0.0000e+00     3.1474e-02  0.0000e+00     6.1396e-03  0.0000e+00     2.9098e-01  0.0000e+00 
5.3176e+01     5.4278e-04  0.0000e+00     2.8863e-02  0.0000e+00     5.6303e-03  0.0000e+00     2.9940e-01  0.0000e+00 
5.9665e+01     3.0630e-04  0.0000e+00     1.8275e-02  0.0000e+00     3.5649e-03  0.0000e+00     2.1270e-01  0.0000e+00 
6.6945e+01     2.1449e-04  0.0000e+00     1.4359e-02  0.0000e+00     2.8010e-03  0.0000e+00     1.8751e-01  0.0000e+00 
7.5114e+01     8.4962e-05  0.0000e+00     6.3818e-03  0.0000e+00     1.2449e-03  0.0000e+00     9.3508e-02  0.0000e+00 
8.4279e+01     6.3676e-05  0.0000e+00     5.3665e-03  0.0000e+00     1.0468e-03  0.0000e+00     8.8226e-02  0.0000e+00 
9.4563e+01     2.1473e-05  0.0000e+00     2.0306e-03  0.0000e+00     3.9610e-04  0.0000e+00     3.7456e-02  0.0000e+00 
1.0610e+02     1.3670e-05  0.0000e+00     1.4504e-03  0.0000e+00     2.8293e-04  0.0000e+00     3.0019e-02  0.0000e+00 
1.1905e+02     4.8734e-06  0.0000e+00     5.8016e-04  0.0000e+00     1.1317e-04  0.0000e+00     1.3473e-02  0.0000e+00 
1.3357e+02     2.1717e-06  0.0000e+00     2.9008e-04  0.0000e+00     5.6586e-05  0.0000e+00     7.5583e-03  0.0000e+00 
1.4987e+02     9.6777e-07  0.0000e+00     1.4504e-04  0.0000e+00     2.8293e-05  0.0000e+00     4.2403e-03  0.0000e+00 
1.6816e+02     0.0000e+00  0.0000e+00     0.0000e+00  0.0000e+00     0.0000e+00  0.0000e+00     0.0000e+00  0.0000e+00 
1.8868e+02     0.0000e+00  0.0000e+00     0.0000e+00  0.0000e+00     0.0000e+00  0.0000e+00     0.0000e+00  0.0000e+00 
2.1170e+02     0.0000e+00  0.0000e+00     0.0000e+00  0.0000e+00     0.0000e+00  0.0000e+00     0.0000e+00  0.0000e+00 
2.3753e+02     0.0000e+00  0.0000e+00     0.0000e+00  0.0000e+00     0.0000e+00  0.0000e+00     0.0000e+00  0.0000e+00 
2.6651e+02     0.0000e+00  0.0000e+00     0.0000e+00  0.0000e+00     0.0000e+00  0.0000e+00     0.0000e+00  0.0000e+00 
2.9903e+02     0.0000e+00  0.0000e+00     0.0000e+00  0.0000e+00     0.0000e+00  0.0000e+00     0.0000e+00  0.0000e+00 
3.3552e+02     0.0000e+00  0.0000e+00     0.0000e+00  0.0000e+00     0.0000e+00  0.0000e+00     0.0000e+00  0.0000e+00 
3.7646e+02     0.0000e+00  0.0000e+00     0.0000e+00  0.0000e+00     0.0000e+00  0.0000e+00     0.0000e+00  0.0000e+00 
4.2240e+02     0.0000e+00  0.0000e+00     0.0000e+00  0.0000e+00     0.0000e+00  0.0000e+00     0.0000e+00  0.0000e+00 
4.7394e+02     0.0000e+00  0.0000e+00     0.0000e+00  0.0000e+00     0.0000e+00  0.0000e+00     0.0000e+00  0.0000e+00 
5.3176e+02     0.0000e+00  0.0000e+00     0.0000e+00  0.0000e+00     0.0000e+00  0.0000e+00     0.0000e+00  0.0000e+00 
5.9665e+02     0.0000e+00  0.0000e+00     0.0000e+00  0.0000e+00     0.0000e+00  0.0000e+00     0.0000e+00  0.0000e+00 
6.6945e+02     0.0000e+00  0.0000e+00     0.0000e+00  0.0000e+00     0.0000e+00  0.0000e+00     0.0000e+00  0.0000e+00 
7.5114e+02     0.0000e+00  0.0000e+00     0.0000e+00  0.0000e+00     0.0000e+00  0.0000e+00     0.0000e+00  0.0000e+00 
8.4279e+02     0.0000e+00  0.0000e+00     0.0000e+00  0.0000e+00     0.0000e+00  0.0000e+00     0.0000e+00  0.0000e+00 
9.4563e+02     0.0000e+00  0.0000e+00     0.0000e+00  0.0000e+00     0.0000e+00  0.0000e+00     0.0000e+00  0.0000e+00 
1.0610e+03     0.0000e+00  0.0000e+00     0.0000e+00  0.0000e+00     0.0000e+00  0.0000e+00     0.0000e+00  0.0000e+00 
1.1905e+03     0.0000e+00  0.0000e+00     0.0000e+00  0.0000e+00     0.0000e+00  0.0000e+00     0.0000e+00  0.0000e+00 
1.3357e+03     0.0000e+00  0.0000e+00     0.0000e+00  0.0000e+00     0.0000e+00  0.0000e+00     0.0000e+00  0.0000e+00 
1.4987e+03     0.0000e+00  0.0000e+00     0.0000e+00  0.0000e+00     0.0000e+00  0.0000e+00     0.0000e+00  0.0000e+00 
1.6816e+03     0.0000e+00  0.0000e+00     0.0000e+00  0.0000e+00     0.0000e+00  0.0000e+00     0.0000e+00  0.0000e+00 
1.8868e+03     0.0000e+00  0.0000e+00     0.0000e+00  0.0000e+00     0.0000e+00  0.0000e+00     0.0000e+00  0.0000e+00 
2.1170e+03     0.0000e+00  0.0000e+00     0.0000e+00  0.0000e+00     0.0000e+00  0.0000e+00     0.0000e+00  0.0000e+00 
2.3753e+03     0.0000e+00  0.0000e+00     0.0000e+00  0.0000e+00     0.0000e+00  0.0000e+00     0.0000e+00  0.0000e+00 
2.6651e+03     0.0000e+00  0.0000e+00     0.0000e+00  0.0000e+00     0.0000e+00  0.0000e+00     0.0000e+00  0.0000e+00 
2.9903e+03     0.0000e+00  0.0000e+00     0.0000e+00  0.0000e+00     0.0000e+00  0.0000e+00     0.0000e+00  0.0000e+00 
3.3552e+03     0.0000e+00  0.0000e+00     0.0000e+00  0.0000e+00     0.0000e+00  0.0000e+00     0.0000e+00  0.0000e+00 
3.7646e+03     0.0000e+00  0.0000e+00     0.0000e+00  0.0000e+00     0.0000e+00  0.0000e+00     0.0000e+00  0.0000e+00 
4.2240e+03     0.0000e+00  0.0000e+00     0.0000e+00  0.0000e+00     0.0000e+00  0.0000e+00     0.0000e+00  0.0000e+00 
4.7394e+03     0.0000e+00  0.0000e+00     0.0000e+00  0.0000e+00     0.0000e+00  0.0000e+00     0.0000e+00  0.0000e+00 
5.3176e+03     0.0000e+00  0.0000e+00     0.0000e+00  0.0000e+00     0.0000e+00  0.0000e+00     0.0000e+00  0.0000e+00 
5.9665e+03     0.0000e+00  0.0000e+00     0.0000e+00  0.0000e+00     0.0000e+00  0.0000e+00     0.0000e+00  0.0000e+00 
6.6945e+03     0.0000e+00  0.0000e+00     0.0000e+00  0.0000e+00     0.0000e+00  0.0000e+00     0.0000e+00  0.0000e+00 
7.5114e+03     0.0000e+00  0.0000e+00     0.0000e+00  0.0000e+00     0.0000e+00  0.0000e+00     0.0000e+00  0.0000e+00 
8.4279e+03     0.0000e+00  0.0000e+00     0.0000e+00  0.0000e+00     0.0000e+00  0.0000e+00     0.0000e+00  0.0000e+00 
9.4563e+03     0.0000e+00  0.0000e+00     0.0000e+00  0.0000e+00     0.0000e+00  0.0000e+00     0.0000e+00  0.0000e+00 
