yF = 3.7448e+00 (std: 0.0000e+00) keV/um
yD = 1.9345e+01 (std: 0.0000e+00) keV/um
y (keV/um)     f(y)(std)                  yf(y)(std)                 d(y)(std)                  yd(y)(std)  
1.0610e-01     2.7180e+01  0.0000e+00     2.8838e+00  0.0000e+00     7.7010e-01  0.0000e+00     8.1709e-02  0.0000e+00 
1.1905e-01     1.9610e+00  0.0000e+00     2.3345e-01  0.0000e+00     6.2342e-02  0.0000e+00     7.4216e-03  0.0000e+00 
1.3357e-01     7.4023e-01  0.0000e+00     9.8875e-02  0.0000e+00     2.6404e-02  0.0000e+00     3.5268e-03  0.0000e+00 
1.4987e-01     3.2986e+00  0.0000e+00     4.9437e-01  0.0000e+00     1.3202e-01  0.0000e+00     1.9786e-02  0.0000e+00 
1.6816e-01     9.7997e-01  0.0000e+00     1.6479e-01  0.0000e+00     4.4006e-02  0.0000e+00     7.4000e-03  0.0000e+00 
1.8868e-01     4.6582e-01  0.0000e+00     8.7889e-02  0.0000e+00     2.3470e-02  0.0000e+00     4.4282e-03  0.0000e+00 
2.1170e-01     5.3192e-01  0.0000e+00     1.1261e-01  0.0000e+00     3.0071e-02  0.0000e+00     6.3659e-03  0.0000e+00 
2.3753e-01     6.0127e-01  0.0000e+00     1.4282e-01  0.0000e+00     3.8138e-02  0.0000e+00     9.0590e-03  0.0000e+00 
2.6651e-01     2.5763e-01  0.0000e+00     6.8663e-02  0.0000e+00     1.8336e-02  0.0000e+00     4.8867e-03  0.0000e+00 
2.9903e-01     2.6636e-01  0.0000e+00     7.9649e-02  0.0000e+00     2.1270e-02  0.0000e+00     6.3603e-03  0.0000e+00 
3.3552e-01     1.4980e+00  0.0000e+00     5.0261e-01  0.0000e+00     1.3422e-01  0.0000e+00     4.5033e-02  0.0000e+00 
3.7646e-01     8.9736e-01  0.0000e+00     3.3782e-01  0.0000e+00     9.0212e-02  0.0000e+00     3.3961e-02  0.0000e+00 
4.2240e-01     3.8363e-01  0.0000e+00     1.6204e-01  0.0000e+00     4.3272e-02  0.0000e+00     1.8278e-02  0.0000e+00 
4.7394e-01     4.1145e-01  0.0000e+00     1.9500e-01  0.0000e+00     5.2074e-02  0.0000e+00     2.4680e-02  0.0000e+00 
5.3176e-01     2.0143e-01  0.0000e+00     1.0711e-01  0.0000e+00     2.8604e-02  0.0000e+00     1.5211e-02  0.0000e+00 
5.9665e-01     1.3810e-01  0.0000e+00     8.2396e-02  0.0000e+00     2.2003e-02  0.0000e+00     1.3128e-02  0.0000e+00 
6.6945e-01     2.2975e-01  0.0000e+00     1.5381e-01  0.0000e+00     4.1072e-02  0.0000e+00     2.7496e-02  0.0000e+00 
7.5114e-01     1.4992e-01  0.0000e+00     1.1261e-01  0.0000e+00     3.0071e-02  0.0000e+00     2.2587e-02  0.0000e+00 
8.4279e-01     9.1248e-02  0.0000e+00     7.6903e-02  0.0000e+00     2.0536e-02  0.0000e+00     1.7308e-02  0.0000e+00 
9.4563e-01     4.9376e-02  0.0000e+00     4.6691e-02  0.0000e+00     1.2468e-02  0.0000e+00     1.1790e-02  0.0000e+00 
1.0610e+00     3.8829e-02  0.0000e+00     4.1198e-02  0.0000e+00     1.1001e-02  0.0000e+00     1.1673e-02  0.0000e+00 
1.1905e+00     1.6150e-02  0.0000e+00     1.9226e-02  0.0000e+00     5.1340e-03  0.0000e+00     6.1119e-03  0.0000e+00 
1.3357e+00     1.0281e-02  0.0000e+00     1.3733e-02  0.0000e+00     3.6672e-03  0.0000e+00     4.8983e-03  0.0000e+00 
1.4987e+00     3.6652e-03  0.0000e+00     5.4930e-03  0.0000e+00     1.4669e-03  0.0000e+00     2.1984e-03  0.0000e+00 
1.6816e+00     0.0000e+00  0.0000e+00     0.0000e+00  0.0000e+00     0.0000e+00  0.0000e+00     0.0000e+00  0.0000e+00 
1.8868e+00     1.4557e-03  0.0000e+00     2.7465e-03  0.0000e+00     7.3343e-04  0.0000e+00     1.3838e-03  0.0000e+00 
2.1170e+00     0.0000e+00  0.0000e+00     0.0000e+00  0.0000e+00     0.0000e+00  0.0000e+00     0.0000e+00  0.0000e+00 
2.3753e+00     0.0000e+00  0.0000e+00     0.0000e+00  0.0000e+00     0.0000e+00  0.0000e+00     0.0000e+00  0.0000e+00 
2.6651e+00     0.0000e+00  0.0000e+00     0.0000e+00  0.0000e+00     0.0000e+00  0.0000e+00     0.0000e+00  0.0000e+00 
2.9903e+00     0.0000e+00  0.0000e+00     0.0000e+00  0.0000e+00     0.0000e+00  0.0000e+00     0.0000e+00  0.0000e+00 
3.3552e+00     0.0000e+00  0.0000e+00     0.0000e+00  0.0000e+00     0.0000e+00  0.0000e+00     0.0000e+00  0.0000e+00 
3.7646e+00     0.0000e+00  0.0000e+00     0.0000e+00  0.0000e+00     0.0000e+00  0.0000e+00     0.0000e+00  0.0000e+00 
4.2240e+00     0.0000e+00  0.0000e+00     0.0000e+00  0.0000e+00     0.0000e+00  0.0000e+00     0.0000e+00  0.0000e+00 
4.7394e+00     0.0000e+00  0.0000e+00     0.0000e+00  0.0000e+00     0.0000e+00  0.0000e+00     0.0000e+00  0.0000e+00 
5.3176e+00     0.0000e+00  0.0000e+00     0.0000e+00  0.0000e+00     0.0000e+00  0.0000e+00     0.0000e+00  0.0000e+00 
5.9665e+00     1.1968e-01  0.0000e+00     7.1410e-01  0.0000e+00     1.9069e-01  0.0000e+00     1.1378e+00  0.0000e+00 
6.6945e+00     2.7488e-02  0.0000e+00     1.8402e-01  0.0000e+00     4.9140e-02  0.0000e+00     3.2897e-01  0.0000e+00 
7.5114e+00     7.3130e-03  0.0000e+00     5.4930e-02  0.0000e+00     1.4669e-02  0.0000e+00     1.1018e-01  0.0000e+00 
8.4279e+00     2.6071e-02  0.0000e+00     2.1972e-01  0.0000e+00     5.8675e-02  0.0000e+00     4.9450e-01  0.0000e+00 
9.4563e+00     1.4232e-02  0.0000e+00     1.3458e-01  0.0000e+00     3.5938e-02  0.0000e+00     3.3984e-01  0.0000e+00 
1.0610e+01     2.4592e-02  0.0000e+00     2.6092e-01  0.0000e+00     6.9676e-02  0.0000e+00     7.3927e-01  0.0000e+00 
1.1905e+01     1.4073e-02  0.0000e+00     1.6754e-01  0.0000e+00     4.4739e-02  0.0000e+00     5.3261e-01  0.0000e+00 
1.3357e+01     1.0692e-02  0.0000e+00     1.4282e-01  0.0000e+00     3.8138e-02  0.0000e+00     5.0943e-01  0.0000e+00 
1.4987e+01     6.4140e-03  0.0000e+00     9.6128e-02  0.0000e+00     2.5670e-02  0.0000e+00     3.8472e-01  0.0000e+00 
1.6816e+01     4.2466e-03  0.0000e+00     7.1410e-02  0.0000e+00     1.9069e-02  0.0000e+00     3.2067e-01  0.0000e+00 
1.8868e+01     3.3480e-03  0.0000e+00     6.3170e-02  0.0000e+00     1.6869e-02  0.0000e+00     3.1828e-01  0.0000e+00 
2.1170e+01     3.3732e-03  0.0000e+00     7.1410e-02  0.0000e+00     1.9069e-02  0.0000e+00     4.0369e-01  0.0000e+00 
2.3753e+01     1.9657e-03  0.0000e+00     4.6691e-02  0.0000e+00     1.2468e-02  0.0000e+00     2.9616e-01  0.0000e+00 
2.6651e+01     2.3702e-03  0.0000e+00     6.3170e-02  0.0000e+00     1.6869e-02  0.0000e+00     4.4958e-01  0.0000e+00 
2.9903e+01     1.1022e-03  0.0000e+00     3.2958e-02  0.0000e+00     8.8012e-03  0.0000e+00     2.6318e-01  0.0000e+00 
3.3552e+01     1.5553e-03  0.0000e+00     5.2184e-02  0.0000e+00     1.3935e-02  0.0000e+00     4.6755e-01  0.0000e+00 
3.7646e+01     8.7548e-04  0.0000e+00     3.2958e-02  0.0000e+00     8.8012e-03  0.0000e+00     3.3133e-01  0.0000e+00 
4.2240e+01     5.2018e-04  0.0000e+00     2.1972e-02  0.0000e+00     5.8675e-03  0.0000e+00     2.4784e-01  0.0000e+00 
4.7394e+01     3.4771e-04  0.0000e+00     1.6479e-02  0.0000e+00     4.4006e-03  0.0000e+00     2.0856e-01  0.0000e+00 
5.3176e+01     1.0330e-04  0.0000e+00     5.4930e-03  0.0000e+00     1.4669e-03  0.0000e+00     7.8003e-02  0.0000e+00 
5.9665e+01     4.6032e-05  0.0000e+00     2.7465e-03  0.0000e+00     7.3343e-04  0.0000e+00     4.3760e-02  0.0000e+00 
6.6945e+01     4.1026e-05  0.0000e+00     2.7465e-03  0.0000e+00     7.3343e-04  0.0000e+00     4.9100e-02  0.0000e+00 
7.5114e+01     7.3130e-05  0.0000e+00     5.4930e-03  0.0000e+00     1.4669e-03  0.0000e+00     1.1018e-01  0.0000e+00 
8.4279e+01     6.5177e-05  0.0000e+00     5.4930e-03  0.0000e+00     1.4669e-03  0.0000e+00     1.2363e-01  0.0000e+00 
9.4563e+01     0.0000e+00  0.0000e+00     0.0000e+00  0.0000e+00     0.0000e+00  0.0000e+00     0.0000e+00  0.0000e+00 
1.0610e+02     0.0000e+00  0.0000e+00     0.0000e+00  0.0000e+00     0.0000e+00  0.0000e+00     0.0000e+00  0.0000e+00 
1.1905e+02     0.0000e+00  0.0000e+00     0.0000e+00  0.0000e+00     0.0000e+00  0.0000e+00     0.0000e+00  0.0000e+00 
1.3357e+02     0.0000e+00  0.0000e+00     0.0000e+00  0.0000e+00     0.0000e+00  0.0000e+00     0.0000e+00  0.0000e+00 
1.4987e+02     0.0000e+00  0.0000e+00     0.0000e+00  0.0000e+00     0.0000e+00  0.0000e+00     0.0000e+00  0.0000e+00 
1.6816e+02     0.0000e+00  0.0000e+00     0.0000e+00  0.0000e+00     0.0000e+00  0.0000e+00     0.0000e+00  0.0000e+00 
1.8868e+02     0.0000e+00  0.0000e+00     0.0000e+00  0.0000e+00     0.0000e+00  0.0000e+00     0.0000e+00  0.0000e+00 
2.1170e+02     0.0000e+00  0.0000e+00     0.0000e+00  0.0000e+00     0.0000e+00  0.0000e+00     0.0000e+00  0.0000e+00 
2.3753e+02     0.0000e+00  0.0000e+00     0.0000e+00  0.0000e+00     0.0000e+00  0.0000e+00     0.0000e+00  0.0000e+00 
2.6651e+02     0.0000e+00  0.0000e+00     0.0000e+00  0.0000e+00     0.0000e+00  0.0000e+00     0.0000e+00  0.0000e+00 
2.9903e+02     0.0000e+00  0.0000e+00     0.0000e+00  0.0000e+00     0.0000e+00  0.0000e+00     0.0000e+00  0.0000e+00 
3.3552e+02     0.0000e+00  0.0000e+00     0.0000e+00  0.0000e+00     0.0000e+00  0.0000e+00     0.0000e+00  0.0000e+00 
3.7646e+02     0.0000e+00  0.0000e+00     0.0000e+00  0.0000e+00     0.0000e+00  0.0000e+00     0.0000e+00  0.0000e+00 
4.2240e+02     0.0000e+00  0.0000e+00     0.0000e+00  0.0000e+00     0.0000e+00  0.0000e+00     0.0000e+00  0.0000e+00 
4.7394e+02     0.0000e+00  0.0000e+00     0.0000e+00  0.0000e+00     0.0000e+00  0.0000e+00     0.0000e+00  0.0000e+00 
5.3176e+02     0.0000e+00  0.0000e+00     0.0000e+00  0.0000e+00     0.0000e+00  0.0000e+00     0.0000e+00  0.0000e+00 
5.9665e+02     0.0000e+00  0.0000e+00     0.0000e+00  0.0000e+00     0.0000e+00  0.0000e+00     0.0000e+00  0.0000e+00 
6.6945e+02     0.0000e+00  0.0000e+00     0.0000e+00  0.0000e+00     0.0000e+00  0.0000e+00     0.0000e+00  0.0000e+00 
7.5114e+02     0.0000e+00  0.0000e+00     0.0000e+00  0.0000e+00     0.0000e+00  0.0000e+00     0.0000e+00  0.0000e+00 
8.4279e+02     0.0000e+00  0.0000e+00     0.0000e+00  0.0000e+00     0.0000e+00  0.0000e+00     0.0000e+00  0.0000e+00 
9.4563e+02     0.0000e+00  0.0000e+00     0.0000e+00  0.0000e+00     0.0000e+00  0.0000e+00     0.0000e+00  0.0000e+00 
1.0610e+03     0.0000e+00  0.0000e+00     0.0000e+00  0.0000e+00     0.0000e+00  0.0000e+00     0.0000e+00  0.0000e+00 
1.1905e+03     0.0000e+00  0.0000e+00     0.0000e+00  0.0000e+00     0.0000e+00  0.0000e+00     0.0000e+00  0.0000e+00 
1.3357e+03     0.0000e+00  0.0000e+00     0.0000e+00  0.0000e+00     0.0000e+00  0.0000e+00     0.0000e+00  0.0000e+00 
1.4987e+03     0.0000e+00  0.0000e+00     0.0000e+00  0.0000e+00     0.0000e+00  0.0000e+00     0.0000e+00  0.0000e+00 
1.6816e+03     0.0000e+00  0.0000e+00     0.0000e+00  0.0000e+00     0.0000e+00  0.0000e+00     0.0000e+00  0.0000e+00 
1.8868e+03     0.0000e+00  0.0000e+00     0.0000e+00  0.0000e+00     0.0000e+00  0.0000e+00     0.0000e+00  0.0000e+00 
2.1170e+03     0.0000e+00  0.0000e+00     0.0000e+00  0.0000e+00     0.0000e+00  0.0000e+00     0.0000e+00  0.0000e+00 
2.3753e+03     0.0000e+00  0.0000e+00     0.0000e+00  0.0000e+00     0.0000e+00  0.0000e+00     0.0000e+00  0.0000e+00 
2.6651e+03     0.0000e+00  0.0000e+00     0.0000e+00  0.0000e+00     0.0000e+00  0.0000e+00     0.0000e+00  0.0000e+00 
2.9903e+03     0.0000e+00  0.0000e+00     0.0000e+00  0.0000e+00     0.0000e+00  0.0000e+00     0.0000e+00  0.0000e+00 
3.3552e+03     0.0000e+00  0.0000e+00     0.0000e+00  0.0000e+00     0.0000e+00  0.0000e+00     0.0000e+00  0.0000e+00 
3.7646e+03     0.0000e+00  0.0000e+00     0.0000e+00  0.0000e+00     0.0000e+00  0.0000e+00     0.0000e+00  0.0000e+00 
4.2240e+03     0.0000e+00  0.0000e+00     0.0000e+00  0.0000e+00     0.0000e+00  0.0000e+00     0.0000e+00  0.0000e+00 
4.7394e+03     0.0000e+00  0.0000e+00     0.0000e+00  0.0000e+00     0.0000e+00  0.0000e+00     0.0000e+00  0.0000e+00 
5.3176e+03     0.0000e+00  0.0000e+00     0.0000e+00  0.0000e+00     0.0000e+00  0.0000e+00     0.0000e+00  0.0000e+00 
5.9665e+03     0.0000e+00  0.0000e+00     0.0000e+00  0.0000e+00     0.0000e+00  0.0000e+00     0.0000e+00  0.0000e+00 
6.6945e+03     0.0000e+00  0.0000e+00     0.0000e+00  0.0000e+00     0.0000e+00  0.0000e+00     0.0000e+00  0.0000e+00 
7.5114e+03     0.0000e+00  0.0000e+00     0.0000e+00  0.0000e+00     0.0000e+00  0.0000e+00     0.0000e+00  0.0000e+00 
8.4279e+03     0.0000e+00  0.0000e+00     0.0000e+00  0.0000e+00     0.0000e+00  0.0000e+00     0.0000e+00  0.0000e+00 
9.4563e+03     0.0000e+00  0.0000e+00     0.0000e+00  0.0000e+00     0.0000e+00  0.0000e+00     0.0000e+00  0.0000e+00 
