yF = 7.2852e+00 (std: 0.0000e+00) keV/um
yD = 2.3844e+01 (std: 0.0000e+00) keV/um
y (keV/um)     f(y)(std)                  yf(y)(std)                 d(y)(std)                  yd(y)(std)  
1.0610e-01     2.1343e+01  0.0000e+00     2.2645e+00  0.0000e+00     3.1084e-01  0.0000e+00     3.2980e-02  0.0000e+00 
1.1905e-01     1.5384e+00  0.0000e+00     1.8314e-01  0.0000e+00     2.5139e-02  0.0000e+00     2.9927e-03  0.0000e+00 
1.3357e-01     4.6456e-01  0.0000e+00     6.2053e-02  0.0000e+00     8.5177e-03  0.0000e+00     1.1377e-03  0.0000e+00 
1.4987e-01     2.3051e+00  0.0000e+00     3.4546e-01  0.0000e+00     4.7419e-02  0.0000e+00     7.1068e-03  0.0000e+00 
1.6816e-01     7.1765e-01  0.0000e+00     1.2068e-01  0.0000e+00     1.6565e-02  0.0000e+00     2.7855e-03  0.0000e+00 
1.8868e-01     4.6608e-01  0.0000e+00     8.7939e-02  0.0000e+00     1.2071e-02  0.0000e+00     2.2775e-03  0.0000e+00 
2.1170e-01     5.0553e-01  0.0000e+00     1.0702e-01  0.0000e+00     1.4690e-02  0.0000e+00     3.1099e-03  0.0000e+00 
2.3753e-01     4.6757e-01  0.0000e+00     1.1106e-01  0.0000e+00     1.5245e-02  0.0000e+00     3.6211e-03  0.0000e+00 
2.6651e-01     2.1038e-01  0.0000e+00     5.6068e-02  0.0000e+00     7.6961e-03  0.0000e+00     2.0511e-03  0.0000e+00 
2.9903e-01     1.9160e-01  0.0000e+00     5.7296e-02  0.0000e+00     7.8646e-03  0.0000e+00     2.3518e-03  0.0000e+00 
3.3552e-01     1.0289e+00  0.0000e+00     3.4521e-01  0.0000e+00     4.7384e-02  0.0000e+00     1.5898e-02  0.0000e+00 
3.7646e-01     6.8284e-01  0.0000e+00     2.5706e-01  0.0000e+00     3.5285e-02  0.0000e+00     1.3284e-02  0.0000e+00 
4.2240e-01     3.0738e-01  0.0000e+00     1.2984e-01  0.0000e+00     1.7822e-02  0.0000e+00     7.5278e-03  0.0000e+00 
4.7394e-01     2.8647e-01  0.0000e+00     1.3577e-01  0.0000e+00     1.8636e-02  0.0000e+00     8.8324e-03  0.0000e+00 
5.3176e-01     1.8731e-01  0.0000e+00     9.9602e-02  0.0000e+00     1.3672e-02  0.0000e+00     7.2702e-03  0.0000e+00 
5.9665e-01     9.7315e-02  0.0000e+00     5.8063e-02  0.0000e+00     7.9700e-03  0.0000e+00     4.7553e-03  0.0000e+00 
6.6945e-01     1.5642e-01  0.0000e+00     1.0472e-01  0.0000e+00     1.4374e-02  0.0000e+00     9.6227e-03  0.0000e+00 
7.5114e-01     1.3587e-01  0.0000e+00     1.0206e-01  0.0000e+00     1.4009e-02  0.0000e+00     1.0523e-02  0.0000e+00 
8.4279e-01     5.9425e-02  0.0000e+00     5.0083e-02  0.0000e+00     6.8745e-03  0.0000e+00     5.7938e-03  0.0000e+00 
9.4563e-01     3.8897e-02  0.0000e+00     3.6782e-02  0.0000e+00     5.0488e-03  0.0000e+00     4.7743e-03  0.0000e+00 
1.0610e+00     2.9797e-02  0.0000e+00     3.1615e-02  0.0000e+00     4.3396e-03  0.0000e+00     4.6043e-03  0.0000e+00 
1.1905e+00     1.7361e-02  0.0000e+00     2.0667e-02  0.0000e+00     2.8369e-03  0.0000e+00     3.3772e-03  0.0000e+00 
1.3357e+00     9.3832e-03  0.0000e+00     1.2533e-02  0.0000e+00     1.7204e-03  0.0000e+00     2.2980e-03  0.0000e+00 
1.4987e+00     4.5739e-03  0.0000e+00     6.8550e-03  0.0000e+00     9.4095e-04  0.0000e+00     1.4102e-03  0.0000e+00 
1.6816e+00     2.8292e-03  0.0000e+00     4.7576e-03  0.0000e+00     6.5304e-04  0.0000e+00     1.0982e-03  0.0000e+00 
1.8868e+00     9.2186e-04  0.0000e+00     1.7393e-03  0.0000e+00     2.3875e-04  0.0000e+00     4.5046e-04  0.0000e+00 
2.1170e+00     4.1080e-04  0.0000e+00     8.6967e-04  0.0000e+00     1.1937e-04  0.0000e+00     2.5271e-04  0.0000e+00 
2.3753e+00     1.7230e-04  0.0000e+00     4.0925e-04  0.0000e+00     5.6176e-05  0.0000e+00     1.3343e-04  0.0000e+00 
2.6651e+00     1.9195e-05  0.0000e+00     5.1157e-05  0.0000e+00     7.0220e-06  0.0000e+00     1.8715e-05  0.0000e+00 
2.9903e+00     1.7107e-05  0.0000e+00     5.1157e-05  0.0000e+00     7.0220e-06  0.0000e+00     2.0998e-05  0.0000e+00 
3.3552e+00     1.5247e-05  0.0000e+00     5.1157e-05  0.0000e+00     7.0220e-06  0.0000e+00     2.3560e-05  0.0000e+00 
3.7646e+00     0.0000e+00  0.0000e+00     0.0000e+00  0.0000e+00     0.0000e+00  0.0000e+00     0.0000e+00  0.0000e+00 
4.2240e+00     0.0000e+00  0.0000e+00     0.0000e+00  0.0000e+00     0.0000e+00  0.0000e+00     0.0000e+00  0.0000e+00 
4.7394e+00     0.0000e+00  0.0000e+00     0.0000e+00  0.0000e+00     0.0000e+00  0.0000e+00     0.0000e+00  0.0000e+00 
5.3176e+00     0.0000e+00  0.0000e+00     0.0000e+00  0.0000e+00     0.0000e+00  0.0000e+00     0.0000e+00  0.0000e+00 
5.9665e+00     6.7529e-02  0.0000e+00     4.0291e-01  0.0000e+00     5.5305e-02  0.0000e+00     3.2998e-01  0.0000e+00 
6.6945e+00     1.7599e-02  0.0000e+00     1.1781e-01  0.0000e+00     1.6172e-02  0.0000e+00     1.0826e-01  0.0000e+00 
7.5114e+00     6.4292e-03  0.0000e+00     4.8292e-02  0.0000e+00     6.6288e-03  0.0000e+00     4.9791e-02  0.0000e+00 
8.4279e+00     4.5707e-02  0.0000e+00     3.8521e-01  0.0000e+00     5.2876e-02  0.0000e+00     4.4563e-01  0.0000e+00 
9.4563e+00     2.3738e-02  0.0000e+00     2.2448e-01  0.0000e+00     3.0812e-02  0.0000e+00     2.9137e-01  0.0000e+00 
1.0610e+01     4.1431e-02  0.0000e+00     4.3959e-01  0.0000e+00     6.0340e-02  0.0000e+00     6.4021e-01  0.0000e+00 
1.1905e+01     2.9350e-02  0.0000e+00     3.4940e-01  0.0000e+00     4.7960e-02  0.0000e+00     5.7095e-01  0.0000e+00 
1.3357e+01     3.9616e-02  0.0000e+00     5.2917e-01  0.0000e+00     7.2635e-02  0.0000e+00     9.7021e-01  0.0000e+00 
1.4987e+01     1.5637e-02  0.0000e+00     2.3435e-01  0.0000e+00     3.2168e-02  0.0000e+00     4.8210e-01  0.0000e+00 
1.6816e+01     1.0100e-02  0.0000e+00     1.6984e-01  0.0000e+00     2.3313e-02  0.0000e+00     3.9203e-01  0.0000e+00 
1.8868e+01     7.9063e-03  0.0000e+00     1.4917e-01  0.0000e+00     2.0476e-02  0.0000e+00     3.8634e-01  0.0000e+00 
2.1170e+01     7.7255e-03  0.0000e+00     1.6355e-01  0.0000e+00     2.2449e-02  0.0000e+00     4.7525e-01  0.0000e+00 
2.3753e+01     5.7719e-03  0.0000e+00     1.3710e-01  0.0000e+00     1.8819e-02  0.0000e+00     4.4701e-01  0.0000e+00 
2.6651e+01     3.7180e-03  0.0000e+00     9.9091e-02  0.0000e+00     1.3602e-02  0.0000e+00     3.6250e-01  0.0000e+00 
2.9903e+01     3.9946e-03  0.0000e+00     1.1945e-01  0.0000e+00     1.6396e-02  0.0000e+00     4.9030e-01  0.0000e+00 
3.3552e+01     2.3968e-03  0.0000e+00     8.0419e-02  0.0000e+00     1.1039e-02  0.0000e+00     3.7037e-01  0.0000e+00 
3.7646e+01     1.8236e-03  0.0000e+00     6.8652e-02  0.0000e+00     9.4235e-03  0.0000e+00     3.5476e-01  0.0000e+00 
4.2240e+01     1.1615e-03  0.0000e+00     4.9059e-02  0.0000e+00     6.7341e-03  0.0000e+00     2.8444e-01  0.0000e+00 
4.7394e+01     9.5635e-04  0.0000e+00     4.5325e-02  0.0000e+00     6.2215e-03  0.0000e+00     2.9486e-01  0.0000e+00 
5.3176e+01     5.4643e-04  0.0000e+00     2.9057e-02  0.0000e+00     3.9885e-03  0.0000e+00     2.1209e-01  0.0000e+00 
5.9665e+01     3.8583e-04  0.0000e+00     2.3021e-02  0.0000e+00     3.1599e-03  0.0000e+00     1.8853e-01  0.0000e+00 
6.6945e+01     2.4682e-04  0.0000e+00     1.6524e-02  0.0000e+00     2.2681e-03  0.0000e+00     1.5184e-01  0.0000e+00 
7.5114e+01     1.2804e-04  0.0000e+00     9.6175e-03  0.0000e+00     1.3201e-03  0.0000e+00     9.9160e-02  0.0000e+00 
8.4279e+01     6.0699e-05  0.0000e+00     5.1157e-03  0.0000e+00     7.0220e-04  0.0000e+00     5.9181e-02  0.0000e+00 
9.4563e+01     2.7049e-05  0.0000e+00     2.5578e-03  0.0000e+00     3.5110e-04  0.0000e+00     3.3201e-02  0.0000e+00 
1.0610e+02     1.7357e-05  0.0000e+00     1.8416e-03  0.0000e+00     2.5279e-04  0.0000e+00     2.6821e-02  0.0000e+00 
1.1905e+02     2.1486e-06  0.0000e+00     2.5578e-04  0.0000e+00     3.5110e-05  0.0000e+00     4.1797e-03  0.0000e+00 
1.3357e+02     3.4469e-06  0.0000e+00     4.6041e-04  0.0000e+00     6.3198e-05  0.0000e+00     8.4415e-03  0.0000e+00 
1.4987e+02     6.8268e-07  0.0000e+00     1.0231e-04  0.0000e+00     1.4044e-05  0.0000e+00     2.1048e-03  0.0000e+00 
1.6816e+02     3.0422e-07  0.0000e+00     5.1157e-05  0.0000e+00     7.0220e-06  0.0000e+00     1.1808e-03  0.0000e+00 
1.8868e+02     0.0000e+00  0.0000e+00     0.0000e+00  0.0000e+00     0.0000e+00  0.0000e+00     0.0000e+00  0.0000e+00 
2.1170e+02     0.0000e+00  0.0000e+00     0.0000e+00  0.0000e+00     0.0000e+00  0.0000e+00     0.0000e+00  0.0000e+00 
2.3753e+02     0.0000e+00  0.0000e+00     0.0000e+00  0.0000e+00     0.0000e+00  0.0000e+00     0.0000e+00  0.0000e+00 
2.6651e+02     0.0000e+00  0.0000e+00     0.0000e+00  0.0000e+00     0.0000e+00  0.0000e+00     0.0000e+00  0.0000e+00 
2.9903e+02     0.0000e+00  0.0000e+00     0.0000e+00  0.0000e+00     0.0000e+00  0.0000e+00     0.0000e+00  0.0000e+00 
3.3552e+02     0.0000e+00  0.0000e+00     0.0000e+00  0.0000e+00     0.0000e+00  0.0000e+00     0.0000e+00  0.0000e+00 
3.7646e+02     0.0000e+00  0.0000e+00     0.0000e+00  0.0000e+00     0.0000e+00  0.0000e+00     0.0000e+00  0.0000e+00 
4.2240e+02     0.0000e+00  0.0000e+00     0.0000e+00  0.0000e+00     0.0000e+00  0.0000e+00     0.0000e+00  0.0000e+00 
4.7394e+02     0.0000e+00  0.0000e+00     0.0000e+00  0.0000e+00     0.0000e+00  0.0000e+00     0.0000e+00  0.0000e+00 
5.3176e+02     0.0000e+00  0.0000e+00     0.0000e+00  0.0000e+00     0.0000e+00  0.0000e+00     0.0000e+00  0.0000e+00 
5.9665e+02     0.0000e+00  0.0000e+00     0.0000e+00  0.0000e+00     0.0000e+00  0.0000e+00     0.0000e+00  0.0000e+00 
6.6945e+02     0.0000e+00  0.0000e+00     0.0000e+00  0.0000e+00     0.0000e+00  0.0000e+00     0.0000e+00  0.0000e+00 
7.5114e+02     0.0000e+00  0.0000e+00     0.0000e+00  0.0000e+00     0.0000e+00  0.0000e+00     0.0000e+00  0.0000e+00 
8.4279e+02     0.0000e+00  0.0000e+00     0.0000e+00  0.0000e+00     0.0000e+00  0.0000e+00     0.0000e+00  0.0000e+00 
9.4563e+02     0.0000e+00  0.0000e+00     0.0000e+00  0.0000e+00     0.0000e+00  0.0000e+00     0.0000e+00  0.0000e+00 
1.0610e+03     0.0000e+00  0.0000e+00     0.0000e+00  0.0000e+00     0.0000e+00  0.0000e+00     0.0000e+00  0.0000e+00 
1.1905e+03     0.0000e+00  0.0000e+00     0.0000e+00  0.0000e+00     0.0000e+00  0.0000e+00     0.0000e+00  0.0000e+00 
1.3357e+03     0.0000e+00  0.0000e+00     0.0000e+00  0.0000e+00     0.0000e+00  0.0000e+00     0.0000e+00  0.0000e+00 
1.4987e+03     0.0000e+00  0.0000e+00     0.0000e+00  0.0000e+00     0.0000e+00  0.0000e+00     0.0000e+00  0.0000e+00 
1.6816e+03     0.0000e+00  0.0000e+00     0.0000e+00  0.0000e+00     0.0000e+00  0.0000e+00     0.0000e+00  0.0000e+00 
1.8868e+03     0.0000e+00  0.0000e+00     0.0000e+00  0.0000e+00     0.0000e+00  0.0000e+00     0.0000e+00  0.0000e+00 
2.1170e+03     0.0000e+00  0.0000e+00     0.0000e+00  0.0000e+00     0.0000e+00  0.0000e+00     0.0000e+00  0.0000e+00 
2.3753e+03     0.0000e+00  0.0000e+00     0.0000e+00  0.0000e+00     0.0000e+00  0.0000e+00     0.0000e+00  0.0000e+00 
2.6651e+03     0.0000e+00  0.0000e+00     0.0000e+00  0.0000e+00     0.0000e+00  0.0000e+00     0.0000e+00  0.0000e+00 
2.9903e+03     0.0000e+00  0.0000e+00     0.0000e+00  0.0000e+00     0.0000e+00  0.0000e+00     0.0000e+00  0.0000e+00 
3.3552e+03     0.0000e+00  0.0000e+00     0.0000e+00  0.0000e+00     0.0000e+00  0.0000e+00     0.0000e+00  0.0000e+00 
3.7646e+03     0.0000e+00  0.0000e+00     0.0000e+00  0.0000e+00     0.0000e+00  0.0000e+00     0.0000e+00  0.0000e+00 
4.2240e+03     0.0000e+00  0.0000e+00     0.0000e+00  0.0000e+00     0.0000e+00  0.0000e+00     0.0000e+00  0.0000e+00 
4.7394e+03     0.0000e+00  0.0000e+00     0.0000e+00  0.0000e+00     0.0000e+00  0.0000e+00     0.0000e+00  0.0000e+00 
5.3176e+03     0.0000e+00  0.0000e+00     0.0000e+00  0.0000e+00     0.0000e+00  0.0000e+00     0.0000e+00  0.0000e+00 
5.9665e+03     0.0000e+00  0.0000e+00     0.0000e+00  0.0000e+00     0.0000e+00  0.0000e+00     0.0000e+00  0.0000e+00 
6.6945e+03     0.0000e+00  0.0000e+00     0.0000e+00  0.0000e+00     0.0000e+00  0.0000e+00     0.0000e+00  0.0000e+00 
7.5114e+03     0.0000e+00  0.0000e+00     0.0000e+00  0.0000e+00     0.0000e+00  0.0000e+00     0.0000e+00  0.0000e+00 
8.4279e+03     0.0000e+00  0.0000e+00     0.0000e+00  0.0000e+00     0.0000e+00  0.0000e+00     0.0000e+00  0.0000e+00 
9.4563e+03     0.0000e+00  0.0000e+00     0.0000e+00  0.0000e+00     0.0000e+00  0.0000e+00     0.0000e+00  0.0000e+00 
