yF = 2.3104e+01 (std: 0.0000e+00) keV/um
yD = 4.5156e+01 (std: 0.0000e+00) keV/um
y (keV/um)     f(y)(std)                  yf(y)(std)                 d(y)(std)                  yd(y)(std)  
1.0610e-01     3.5309e+00  0.0000e+00     3.7463e-01  0.0000e+00     1.6215e-02  0.0000e+00     1.7204e-03  0.0000e+00 
1.1905e-01     4.2806e-01  0.0000e+00     5.0960e-02  0.0000e+00     2.2057e-03  0.0000e+00     2.6258e-04  0.0000e+00 
1.3357e-01     2.2563e-01  0.0000e+00     3.0138e-02  0.0000e+00     1.3044e-03  0.0000e+00     1.7424e-04  0.0000e+00 
1.4987e-01     5.5429e-01  0.0000e+00     8.3072e-02  0.0000e+00     3.5956e-03  0.0000e+00     5.3888e-04  0.0000e+00 
1.6816e-01     3.0079e-01  0.0000e+00     5.0581e-02  0.0000e+00     2.1893e-03  0.0000e+00     3.6815e-04  0.0000e+00 
1.8868e-01     2.6378e-01  0.0000e+00     4.9769e-02  0.0000e+00     2.1542e-03  0.0000e+00     4.0644e-04  0.0000e+00 
2.1170e-01     2.6355e-01  0.0000e+00     5.5793e-02  0.0000e+00     2.4149e-03  0.0000e+00     5.1123e-04  0.0000e+00 
2.3753e-01     2.5326e-01  0.0000e+00     6.0158e-02  0.0000e+00     2.6038e-03  0.0000e+00     6.1849e-04  0.0000e+00 
2.6651e-01     1.7696e-01  0.0000e+00     4.7163e-02  0.0000e+00     2.0414e-03  0.0000e+00     5.4405e-04  0.0000e+00 
2.9903e-01     1.5277e-01  0.0000e+00     4.5684e-02  0.0000e+00     1.9774e-03  0.0000e+00     5.9129e-04  0.0000e+00 
3.3552e-01     2.7310e-01  0.0000e+00     9.1630e-02  0.0000e+00     3.9660e-03  0.0000e+00     1.3307e-03  0.0000e+00 
3.7646e-01     2.6105e-01  0.0000e+00     9.8276e-02  0.0000e+00     4.2537e-03  0.0000e+00     1.6013e-03  0.0000e+00 
4.2240e-01     1.8629e-01  0.0000e+00     7.8689e-02  0.0000e+00     3.4059e-03  0.0000e+00     1.4386e-03  0.0000e+00 
4.7394e-01     1.8870e-01  0.0000e+00     8.9430e-02  0.0000e+00     3.8708e-03  0.0000e+00     1.8345e-03  0.0000e+00 
5.3176e-01     1.7623e-01  0.0000e+00     9.3713e-02  0.0000e+00     4.0562e-03  0.0000e+00     2.1569e-03  0.0000e+00 
5.9665e-01     1.2835e-01  0.0000e+00     7.6579e-02  0.0000e+00     3.3146e-03  0.0000e+00     1.9776e-03  0.0000e+00 
6.6945e-01     1.1761e-01  0.0000e+00     7.8734e-02  0.0000e+00     3.4079e-03  0.0000e+00     2.2814e-03  0.0000e+00 
7.5114e-01     1.1873e-01  0.0000e+00     8.9186e-02  0.0000e+00     3.8603e-03  0.0000e+00     2.8996e-03  0.0000e+00 
8.4279e-01     8.8446e-02  0.0000e+00     7.4541e-02  0.0000e+00     3.2264e-03  0.0000e+00     2.7192e-03  0.0000e+00 
9.4563e-01     7.0998e-02  0.0000e+00     6.7138e-02  0.0000e+00     2.9059e-03  0.0000e+00     2.7479e-03  0.0000e+00 
1.0610e+00     5.4387e-02  0.0000e+00     5.7705e-02  0.0000e+00     2.4977e-03  0.0000e+00     2.6500e-03  0.0000e+00 
1.1905e+00     4.0488e-02  0.0000e+00     4.8200e-02  0.0000e+00     2.0863e-03  0.0000e+00     2.4836e-03  0.0000e+00 
1.3357e+00     2.8652e-02  0.0000e+00     3.8272e-02  0.0000e+00     1.6565e-03  0.0000e+00     2.2127e-03  0.0000e+00 
1.4987e+00     1.9014e-02  0.0000e+00     2.8496e-02  0.0000e+00     1.2334e-03  0.0000e+00     1.8485e-03  0.0000e+00 
1.6816e+00     1.1894e-02  0.0000e+00     2.0001e-02  0.0000e+00     8.6573e-04  0.0000e+00     1.4558e-03  0.0000e+00 
1.8868e+00     7.0354e-03  0.0000e+00     1.3274e-02  0.0000e+00     5.7455e-04  0.0000e+00     1.0840e-03  0.0000e+00 
2.1170e+00     3.9317e-03  0.0000e+00     8.3234e-03  0.0000e+00     3.6026e-04  0.0000e+00     7.6268e-04  0.0000e+00 
2.3753e+00     1.8793e-03  0.0000e+00     4.4638e-03  0.0000e+00     1.9321e-04  0.0000e+00     4.5893e-04  0.0000e+00 
2.6651e+00     8.0530e-04  0.0000e+00     2.1462e-03  0.0000e+00     9.2896e-05  0.0000e+00     2.4758e-04  0.0000e+00 
2.9903e+00     3.2268e-04  0.0000e+00     9.6491e-04  0.0000e+00     4.1764e-05  0.0000e+00     1.2489e-04  0.0000e+00 
3.3552e+00     8.8694e-05  0.0000e+00     2.9759e-04  0.0000e+00     1.2881e-05  0.0000e+00     4.3217e-05  0.0000e+00 
3.7646e+00     3.3536e-05  0.0000e+00     1.2625e-04  0.0000e+00     5.4645e-06  0.0000e+00     2.0572e-05  0.0000e+00 
4.2240e+00     1.2810e-05  0.0000e+00     5.4107e-05  0.0000e+00     2.3419e-06  0.0000e+00     9.8921e-06  0.0000e+00 
4.7394e+00     1.9027e-06  0.0000e+00     9.0178e-06  0.0000e+00     3.9032e-07  0.0000e+00     1.8499e-06  0.0000e+00 
5.3176e+00     0.0000e+00  0.0000e+00     0.0000e+00  0.0000e+00     0.0000e+00  0.0000e+00     0.0000e+00  0.0000e+00 
5.9665e+00     3.3931e-02  0.0000e+00     2.0245e-01  0.0000e+00     8.7627e-03  0.0000e+00     5.2282e-02  0.0000e+00 
6.6945e+00     2.7849e-02  0.0000e+00     1.8643e-01  0.0000e+00     8.0695e-03  0.0000e+00     5.4021e-02  0.0000e+00 
7.5114e+00     9.0114e-03  0.0000e+00     6.7688e-02  0.0000e+00     2.9297e-03  0.0000e+00     2.2006e-02  0.0000e+00 
8.4279e+00     2.7522e-02  0.0000e+00     2.3196e-01  0.0000e+00     1.0040e-02  0.0000e+00     8.4614e-02  0.0000e+00 
9.4563e+00     2.6334e-02  0.0000e+00     2.4902e-01  0.0000e+00     1.0778e-02  0.0000e+00     1.0192e-01  0.0000e+00 
1.0610e+01     3.3497e-02  0.0000e+00     3.5541e-01  0.0000e+00     1.5383e-02  0.0000e+00     1.6322e-01  0.0000e+00 
1.1905e+01     2.7747e-02  0.0000e+00     3.3032e-01  0.0000e+00     1.4297e-02  0.0000e+00     1.7021e-01  0.0000e+00 
1.3357e+01     2.4536e-02  0.0000e+00     3.2773e-01  0.0000e+00     1.4185e-02  0.0000e+00     1.8948e-01  0.0000e+00 
1.4987e+01     1.9470e-02  0.0000e+00     2.9180e-01  0.0000e+00     1.2630e-02  0.0000e+00     1.8929e-01  0.0000e+00 
1.6816e+01     1.7302e-02  0.0000e+00     2.9094e-01  0.0000e+00     1.2593e-02  0.0000e+00     2.1176e-01  0.0000e+00 
1.8868e+01     1.7350e-02  0.0000e+00     3.2736e-01  0.0000e+00     1.4169e-02  0.0000e+00     2.6734e-01  0.0000e+00 
2.1170e+01     1.7834e-02  0.0000e+00     3.7754e-01  0.0000e+00     1.6341e-02  0.0000e+00     3.4594e-01  0.0000e+00 
2.3753e+01     1.6897e-02  0.0000e+00     4.0136e-01  0.0000e+00     1.7372e-02  0.0000e+00     4.1265e-01  0.0000e+00 
2.6651e+01     1.4454e-02  0.0000e+00     3.8521e-01  0.0000e+00     1.6673e-02  0.0000e+00     4.4436e-01  0.0000e+00 
2.9903e+01     1.2301e-02  0.0000e+00     3.6784e-01  0.0000e+00     1.5921e-02  0.0000e+00     4.7609e-01  0.0000e+00 
3.3552e+01     1.1304e-02  0.0000e+00     3.7929e-01  0.0000e+00     1.6417e-02  0.0000e+00     5.5082e-01  0.0000e+00 
3.7646e+01     9.5144e-03  0.0000e+00     3.5818e-01  0.0000e+00     1.5503e-02  0.0000e+00     5.8363e-01  0.0000e+00 
4.2240e+01     7.7258e-03  0.0000e+00     3.2634e-01  0.0000e+00     1.4125e-02  0.0000e+00     5.9663e-01  0.0000e+00 
4.7394e+01     6.3110e-03  0.0000e+00     2.9910e-01  0.0000e+00     1.2946e-02  0.0000e+00     6.1356e-01  0.0000e+00 
5.3176e+01     4.9617e-03  0.0000e+00     2.6384e-01  0.0000e+00     1.1420e-02  0.0000e+00     6.0727e-01  0.0000e+00 
5.9665e+01     3.7064e-03  0.0000e+00     2.2114e-01  0.0000e+00     9.5718e-03  0.0000e+00     5.7110e-01  0.0000e+00 
6.6945e+01     2.6530e-03  0.0000e+00     1.7761e-01  0.0000e+00     7.6873e-03  0.0000e+00     5.1463e-01  0.0000e+00 
7.5114e+01     1.7717e-03  0.0000e+00     1.3308e-01  0.0000e+00     5.7599e-03  0.0000e+00     4.3265e-01  0.0000e+00 
8.4279e+01     1.1462e-03  0.0000e+00     9.6599e-02  0.0000e+00     4.1811e-03  0.0000e+00     3.5238e-01  0.0000e+00 
9.4563e+01     6.5925e-04  0.0000e+00     6.2340e-02  0.0000e+00     2.6983e-03  0.0000e+00     2.5516e-01  0.0000e+00 
1.0610e+02     3.6258e-04  0.0000e+00     3.8470e-02  0.0000e+00     1.6651e-03  0.0000e+00     1.7667e-01  0.0000e+00 
1.1905e+02     1.7665e-04  0.0000e+00     2.1030e-02  0.0000e+00     9.1022e-04  0.0000e+00     1.0836e-01  0.0000e+00 
1.3357e+02     7.7234e-05  0.0000e+00     1.0316e-02  0.0000e+00     4.4653e-04  0.0000e+00     5.9644e-02  0.0000e+00 
1.4987e+02     2.8581e-05  0.0000e+00     4.2835e-03  0.0000e+00     1.8540e-04  0.0000e+00     2.7786e-02  0.0000e+00 
1.6816e+02     1.0886e-05  0.0000e+00     1.8306e-03  0.0000e+00     7.9235e-05  0.0000e+00     1.3324e-02  0.0000e+00 
1.8868e+02     3.3934e-06  0.0000e+00     6.4026e-04  0.0000e+00     2.7713e-05  0.0000e+00     5.2287e-03  0.0000e+00 
2.1170e+02     5.9636e-07  0.0000e+00     1.2625e-04  0.0000e+00     5.4645e-06  0.0000e+00     1.1568e-03  0.0000e+00 
2.3753e+02     7.5930e-08  0.0000e+00     1.8036e-05  0.0000e+00     7.8064e-07  0.0000e+00     1.8543e-04  0.0000e+00 
2.6651e+02     0.0000e+00  0.0000e+00     0.0000e+00  0.0000e+00     0.0000e+00  0.0000e+00     0.0000e+00  0.0000e+00 
2.9903e+02     0.0000e+00  0.0000e+00     0.0000e+00  0.0000e+00     0.0000e+00  0.0000e+00     0.0000e+00  0.0000e+00 
3.3552e+02     0.0000e+00  0.0000e+00     0.0000e+00  0.0000e+00     0.0000e+00  0.0000e+00     0.0000e+00  0.0000e+00 
3.7646e+02     0.0000e+00  0.0000e+00     0.0000e+00  0.0000e+00     0.0000e+00  0.0000e+00     0.0000e+00  0.0000e+00 
4.2240e+02     0.0000e+00  0.0000e+00     0.0000e+00  0.0000e+00     0.0000e+00  0.0000e+00     0.0000e+00  0.0000e+00 
4.7394e+02     0.0000e+00  0.0000e+00     0.0000e+00  0.0000e+00     0.0000e+00  0.0000e+00     0.0000e+00  0.0000e+00 
5.3176e+02     0.0000e+00  0.0000e+00     0.0000e+00  0.0000e+00     0.0000e+00  0.0000e+00     0.0000e+00  0.0000e+00 
5.9665e+02     0.0000e+00  0.0000e+00     0.0000e+00  0.0000e+00     0.0000e+00  0.0000e+00     0.0000e+00  0.0000e+00 
6.6945e+02     0.0000e+00  0.0000e+00     0.0000e+00  0.0000e+00     0.0000e+00  0.0000e+00     0.0000e+00  0.0000e+00 
7.5114e+02     0.0000e+00  0.0000e+00     0.0000e+00  0.0000e+00     0.0000e+00  0.0000e+00     0.0000e+00  0.0000e+00 
8.4279e+02     0.0000e+00  0.0000e+00     0.0000e+00  0.0000e+00     0.0000e+00  0.0000e+00     0.0000e+00  0.0000e+00 
9.4563e+02     0.0000e+00  0.0000e+00     0.0000e+00  0.0000e+00     0.0000e+00  0.0000e+00     0.0000e+00  0.0000e+00 
1.0610e+03     0.0000e+00  0.0000e+00     0.0000e+00  0.0000e+00     0.0000e+00  0.0000e+00     0.0000e+00  0.0000e+00 
1.1905e+03     0.0000e+00  0.0000e+00     0.0000e+00  0.0000e+00     0.0000e+00  0.0000e+00     0.0000e+00  0.0000e+00 
1.3357e+03     0.0000e+00  0.0000e+00     0.0000e+00  0.0000e+00     0.0000e+00  0.0000e+00     0.0000e+00  0.0000e+00 
1.4987e+03     0.0000e+00  0.0000e+00     0.0000e+00  0.0000e+00     0.0000e+00  0.0000e+00     0.0000e+00  0.0000e+00 
1.6816e+03     0.0000e+00  0.0000e+00     0.0000e+00  0.0000e+00     0.0000e+00  0.0000e+00     0.0000e+00  0.0000e+00 
1.8868e+03     0.0000e+00  0.0000e+00     0.0000e+00  0.0000e+00     0.0000e+00  0.0000e+00     0.0000e+00  0.0000e+00 
2.1170e+03     0.0000e+00  0.0000e+00     0.0000e+00  0.0000e+00     0.0000e+00  0.0000e+00     0.0000e+00  0.0000e+00 
2.3753e+03     0.0000e+00  0.0000e+00     0.0000e+00  0.0000e+00     0.0000e+00  0.0000e+00     0.0000e+00  0.0000e+00 
2.6651e+03     0.0000e+00  0.0000e+00     0.0000e+00  0.0000e+00     0.0000e+00  0.0000e+00     0.0000e+00  0.0000e+00 
2.9903e+03     0.0000e+00  0.0000e+00     0.0000e+00  0.0000e+00     0.0000e+00  0.0000e+00     0.0000e+00  0.0000e+00 
3.3552e+03     0.0000e+00  0.0000e+00     0.0000e+00  0.0000e+00     0.0000e+00  0.0000e+00     0.0000e+00  0.0000e+00 
3.7646e+03     0.0000e+00  0.0000e+00     0.0000e+00  0.0000e+00     0.0000e+00  0.0000e+00     0.0000e+00  0.0000e+00 
4.2240e+03     0.0000e+00  0.0000e+00     0.0000e+00  0.0000e+00     0.0000e+00  0.0000e+00     0.0000e+00  0.0000e+00 
4.7394e+03     0.0000e+00  0.0000e+00     0.0000e+00  0.0000e+00     0.0000e+00  0.0000e+00     0.0000e+00  0.0000e+00 
5.3176e+03     0.0000e+00  0.0000e+00     0.0000e+00  0.0000e+00     0.0000e+00  0.0000e+00     0.0000e+00  0.0000e+00 
5.9665e+03     0.0000e+00  0.0000e+00     0.0000e+00  0.0000e+00     0.0000e+00  0.0000e+00     0.0000e+00  0.0000e+00 
6.6945e+03     0.0000e+00  0.0000e+00     0.0000e+00  0.0000e+00     0.0000e+00  0.0000e+00     0.0000e+00  0.0000e+00 
7.5114e+03     0.0000e+00  0.0000e+00     0.0000e+00  0.0000e+00     0.0000e+00  0.0000e+00     0.0000e+00  0.0000e+00 
8.4279e+03     0.0000e+00  0.0000e+00     0.0000e+00  0.0000e+00     0.0000e+00  0.0000e+00     0.0000e+00  0.0000e+00 
9.4563e+03     0.0000e+00  0.0000e+00     0.0000e+00  0.0000e+00     0.0000e+00  0.0000e+00     0.0000e+00  0.0000e+00 
