yF = 4.2696e+00 (std: 0.0000e+00) keV/um
yD = 2.0757e+01 (std: 0.0000e+00) keV/um
y (keV/um)     f(y)(std)                  yf(y)(std)                 d(y)(std)                  yd(y)(std)  
1.0610e-01     2.6074e+01  0.0000e+00     2.7665e+00  0.0000e+00     6.4795e-01  0.0000e+00     6.8749e-02  0.0000e+00 
1.1905e-01     2.0067e+00  0.0000e+00     2.3889e-01  0.0000e+00     5.5952e-02  0.0000e+00     6.6609e-03  0.0000e+00 
1.3357e-01     5.5128e-01  0.0000e+00     7.3636e-02  0.0000e+00     1.7247e-02  0.0000e+00     2.3037e-03  0.0000e+00 
1.4987e-01     2.8051e+00  0.0000e+00     4.2041e-01  0.0000e+00     9.8467e-02  0.0000e+00     1.4757e-02  0.0000e+00 
1.6816e-01     8.9107e-01  0.0000e+00     1.4984e-01  0.0000e+00     3.5095e-02  0.0000e+00     5.9015e-03  0.0000e+00 
1.8868e-01     5.3096e-01  0.0000e+00     1.0018e-01  0.0000e+00     2.3464e-02  0.0000e+00     4.4270e-03  0.0000e+00 
2.1170e-01     6.4107e-01  0.0000e+00     1.3571e-01  0.0000e+00     3.1786e-02  0.0000e+00     6.7291e-03  0.0000e+00 
2.3753e-01     6.2722e-01  0.0000e+00     1.4898e-01  0.0000e+00     3.4895e-02  0.0000e+00     8.2885e-03  0.0000e+00 
2.6651e-01     2.4738e-01  0.0000e+00     6.5930e-02  0.0000e+00     1.5442e-02  0.0000e+00     4.1155e-03  0.0000e+00 
2.9903e-01     2.4482e-01  0.0000e+00     7.3208e-02  0.0000e+00     1.7146e-02  0.0000e+00     5.1274e-03  0.0000e+00 
3.3552e-01     1.3436e+00  0.0000e+00     4.5081e-01  0.0000e+00     1.0559e-01  0.0000e+00     3.5426e-02  0.0000e+00 
3.7646e-01     9.0864e-01  0.0000e+00     3.4207e-01  0.0000e+00     8.0117e-02  0.0000e+00     3.0161e-02  0.0000e+00 
4.2240e-01     3.9021e-01  0.0000e+00     1.6482e-01  0.0000e+00     3.8605e-02  0.0000e+00     1.6306e-02  0.0000e+00 
4.7394e-01     3.8933e-01  0.0000e+00     1.8452e-01  0.0000e+00     4.3217e-02  0.0000e+00     2.0482e-02  0.0000e+00 
5.3176e-01     2.3509e-01  0.0000e+00     1.2501e-01  0.0000e+00     2.9279e-02  0.0000e+00     1.5570e-02  0.0000e+00 
5.9665e-01     1.3131e-01  0.0000e+00     7.8345e-02  0.0000e+00     1.8350e-02  0.0000e+00     1.0948e-02  0.0000e+00 
6.6945e-01     1.9953e-01  0.0000e+00     1.3357e-01  0.0000e+00     3.1285e-02  0.0000e+00     2.0944e-02  0.0000e+00 
7.5114e-01     1.8524e-01  0.0000e+00     1.3914e-01  0.0000e+00     3.2588e-02  0.0000e+00     2.4478e-02  0.0000e+00 
8.4279e-01     8.7880e-02  0.0000e+00     7.4064e-02  0.0000e+00     1.7347e-02  0.0000e+00     1.4620e-02  0.0000e+00 
9.4563e-01     4.6179e-02  0.0000e+00     4.3668e-02  0.0000e+00     1.0228e-02  0.0000e+00     9.6716e-03  0.0000e+00 
1.0610e+00     3.4297e-02  0.0000e+00     3.6390e-02  0.0000e+00     8.5231e-03  0.0000e+00     9.0431e-03  0.0000e+00 
1.1905e+00     1.3666e-02  0.0000e+00     1.6268e-02  0.0000e+00     3.8103e-03  0.0000e+00     4.5361e-03  0.0000e+00 
1.3357e+00     8.9743e-03  0.0000e+00     1.1987e-02  0.0000e+00     2.8076e-03  0.0000e+00     3.7502e-03  0.0000e+00 
1.4987e+00     6.5701e-03  0.0000e+00     9.8467e-03  0.0000e+00     2.3062e-03  0.0000e+00     3.4564e-03  0.0000e+00 
1.6816e+00     2.5459e-03  0.0000e+00     4.2812e-03  0.0000e+00     1.0027e-03  0.0000e+00     1.6862e-03  0.0000e+00 
1.8868e+00     6.8071e-04  0.0000e+00     1.2844e-03  0.0000e+00     3.0081e-04  0.0000e+00     5.6757e-04  0.0000e+00 
2.1170e+00     4.0446e-04  0.0000e+00     8.5623e-04  0.0000e+00     2.0054e-04  0.0000e+00     4.2455e-04  0.0000e+00 
2.3753e+00     0.0000e+00  0.0000e+00     0.0000e+00  0.0000e+00     0.0000e+00  0.0000e+00     0.0000e+00  0.0000e+00 
2.6651e+00     0.0000e+00  0.0000e+00     0.0000e+00  0.0000e+00     0.0000e+00  0.0000e+00     0.0000e+00  0.0000e+00 
2.9903e+00     0.0000e+00  0.0000e+00     0.0000e+00  0.0000e+00     0.0000e+00  0.0000e+00     0.0000e+00  0.0000e+00 
3.3552e+00     0.0000e+00  0.0000e+00     0.0000e+00  0.0000e+00     0.0000e+00  0.0000e+00     0.0000e+00  0.0000e+00 
3.7646e+00     0.0000e+00  0.0000e+00     0.0000e+00  0.0000e+00     0.0000e+00  0.0000e+00     0.0000e+00  0.0000e+00 
4.2240e+00     0.0000e+00  0.0000e+00     0.0000e+00  0.0000e+00     0.0000e+00  0.0000e+00     0.0000e+00  0.0000e+00 
4.7394e+00     0.0000e+00  0.0000e+00     0.0000e+00  0.0000e+00     0.0000e+00  0.0000e+00     0.0000e+00  0.0000e+00 
5.3176e+00     0.0000e+00  0.0000e+00     0.0000e+00  0.0000e+00     0.0000e+00  0.0000e+00     0.0000e+00  0.0000e+00 
5.9665e+00     1.1287e-01  0.0000e+00     6.7343e-01  0.0000e+00     1.5773e-01  0.0000e+00     9.4108e-01  0.0000e+00 
6.6945e+00     2.1743e-02  0.0000e+00     1.4556e-01  0.0000e+00     3.4092e-02  0.0000e+00     2.2823e-01  0.0000e+00 
7.5114e+00     5.9846e-03  0.0000e+00     4.4952e-02  0.0000e+00     1.0529e-02  0.0000e+00     7.9084e-02  0.0000e+00 
8.4279e+00     2.4738e-02  0.0000e+00     2.0849e-01  0.0000e+00     4.8832e-02  0.0000e+00     4.1155e-01  0.0000e+00 
9.4563e+00     1.3854e-02  0.0000e+00     1.3100e-01  0.0000e+00     3.0683e-02  0.0000e+00     2.9015e-01  0.0000e+00 
1.0610e+01     5.0760e-02  0.0000e+00     5.3857e-01  0.0000e+00     1.2614e-01  0.0000e+00     1.3384e+00  0.0000e+00 
1.1905e+01     1.4457e-02  0.0000e+00     1.7210e-01  0.0000e+00     4.0309e-02  0.0000e+00     4.7987e-01  0.0000e+00 
1.3357e+01     9.0705e-03  0.0000e+00     1.2116e-01  0.0000e+00     2.8377e-02  0.0000e+00     3.7904e-01  0.0000e+00 
1.4987e+01     6.6272e-03  0.0000e+00     9.9323e-02  0.0000e+00     2.3263e-02  0.0000e+00     3.4865e-01  0.0000e+00 
1.6816e+01     5.3973e-03  0.0000e+00     9.0761e-02  0.0000e+00     2.1258e-02  0.0000e+00     3.5746e-01  0.0000e+00 
1.8868e+01     3.4489e-03  0.0000e+00     6.5074e-02  0.0000e+00     1.5241e-02  0.0000e+00     2.8757e-01  0.0000e+00 
2.1170e+01     3.3772e-03  0.0000e+00     7.1496e-02  0.0000e+00     1.6745e-02  0.0000e+00     3.5450e-01  0.0000e+00 
2.3753e+01     3.2983e-03  0.0000e+00     7.8345e-02  0.0000e+00     1.8350e-02  0.0000e+00     4.3586e-01  0.0000e+00 
2.6651e+01     1.9598e-03  0.0000e+00     5.2230e-02  0.0000e+00     1.2233e-02  0.0000e+00     3.2603e-01  0.0000e+00 
2.9903e+01     1.5462e-03  0.0000e+00     4.6237e-02  0.0000e+00     1.0829e-02  0.0000e+00     3.2383e-01  0.0000e+00 
3.3552e+01     1.5439e-03  0.0000e+00     5.1802e-02  0.0000e+00     1.2133e-02  0.0000e+00     4.0708e-01  0.0000e+00 
3.7646e+01     7.8468e-04  0.0000e+00     2.9540e-02  0.0000e+00     6.9187e-03  0.0000e+00     2.6046e-01  0.0000e+00 
4.2240e+01     6.1826e-04  0.0000e+00     2.6115e-02  0.0000e+00     6.1166e-03  0.0000e+00     2.5836e-01  0.0000e+00 
4.7394e+01     4.0650e-04  0.0000e+00     1.9265e-02  0.0000e+00     4.5122e-03  0.0000e+00     2.1385e-01  0.0000e+00 
5.3176e+01     2.0932e-04  0.0000e+00     1.1131e-02  0.0000e+00     2.6071e-03  0.0000e+00     1.3863e-01  0.0000e+00 
5.9665e+01     1.6503e-04  0.0000e+00     9.8467e-03  0.0000e+00     2.3062e-03  0.0000e+00     1.3760e-01  0.0000e+00 
6.6945e+01     9.5926e-05  0.0000e+00     6.4218e-03  0.0000e+00     1.5041e-03  0.0000e+00     1.0069e-01  0.0000e+00 
7.5114e+01     6.8395e-05  0.0000e+00     5.1374e-03  0.0000e+00     1.2033e-03  0.0000e+00     9.0381e-02  0.0000e+00 
8.4279e+01     4.0638e-05  0.0000e+00     3.4249e-03  0.0000e+00     8.0217e-04  0.0000e+00     6.7606e-02  0.0000e+00 
9.4563e+01     3.1691e-05  0.0000e+00     2.9968e-03  0.0000e+00     7.0190e-04  0.0000e+00     6.6374e-02  0.0000e+00 
1.0610e+02     4.0350e-06  0.0000e+00     4.2812e-04  0.0000e+00     1.0027e-04  0.0000e+00     1.0639e-02  0.0000e+00 
1.1905e+02     0.0000e+00  0.0000e+00     0.0000e+00  0.0000e+00     0.0000e+00  0.0000e+00     0.0000e+00  0.0000e+00 
1.3357e+02     3.2051e-06  0.0000e+00     4.2812e-04  0.0000e+00     1.0027e-04  0.0000e+00     1.3394e-02  0.0000e+00 
1.4987e+02     0.0000e+00  0.0000e+00     0.0000e+00  0.0000e+00     0.0000e+00  0.0000e+00     0.0000e+00  0.0000e+00 
1.6816e+02     0.0000e+00  0.0000e+00     0.0000e+00  0.0000e+00     0.0000e+00  0.0000e+00     0.0000e+00  0.0000e+00 
1.8868e+02     0.0000e+00  0.0000e+00     0.0000e+00  0.0000e+00     0.0000e+00  0.0000e+00     0.0000e+00  0.0000e+00 
2.1170e+02     0.0000e+00  0.0000e+00     0.0000e+00  0.0000e+00     0.0000e+00  0.0000e+00     0.0000e+00  0.0000e+00 
2.3753e+02     0.0000e+00  0.0000e+00     0.0000e+00  0.0000e+00     0.0000e+00  0.0000e+00     0.0000e+00  0.0000e+00 
2.6651e+02     0.0000e+00  0.0000e+00     0.0000e+00  0.0000e+00     0.0000e+00  0.0000e+00     0.0000e+00  0.0000e+00 
2.9903e+02     0.0000e+00  0.0000e+00     0.0000e+00  0.0000e+00     0.0000e+00  0.0000e+00     0.0000e+00  0.0000e+00 
3.3552e+02     0.0000e+00  0.0000e+00     0.0000e+00  0.0000e+00     0.0000e+00  0.0000e+00     0.0000e+00  0.0000e+00 
3.7646e+02     0.0000e+00  0.0000e+00     0.0000e+00  0.0000e+00     0.0000e+00  0.0000e+00     0.0000e+00  0.0000e+00 
4.2240e+02     0.0000e+00  0.0000e+00     0.0000e+00  0.0000e+00     0.0000e+00  0.0000e+00     0.0000e+00  0.0000e+00 
4.7394e+02     0.0000e+00  0.0000e+00     0.0000e+00  0.0000e+00     0.0000e+00  0.0000e+00     0.0000e+00  0.0000e+00 
5.3176e+02     0.0000e+00  0.0000e+00     0.0000e+00  0.0000e+00     0.0000e+00  0.0000e+00     0.0000e+00  0.0000e+00 
5.9665e+02     0.0000e+00  0.0000e+00     0.0000e+00  0.0000e+00     0.0000e+00  0.0000e+00     0.0000e+00  0.0000e+00 
6.6945e+02     0.0000e+00  0.0000e+00     0.0000e+00  0.0000e+00     0.0000e+00  0.0000e+00     0.0000e+00  0.0000e+00 
7.5114e+02     0.0000e+00  0.0000e+00     0.0000e+00  0.0000e+00     0.0000e+00  0.0000e+00     0.0000e+00  0.0000e+00 
8.4279e+02     0.0000e+00  0.0000e+00     0.0000e+00  0.0000e+00     0.0000e+00  0.0000e+00     0.0000e+00  0.0000e+00 
9.4563e+02     0.0000e+00  0.0000e+00     0.0000e+00  0.0000e+00     0.0000e+00  0.0000e+00     0.0000e+00  0.0000e+00 
1.0610e+03     0.0000e+00  0.0000e+00     0.0000e+00  0.0000e+00     0.0000e+00  0.0000e+00     0.0000e+00  0.0000e+00 
1.1905e+03     0.0000e+00  0.0000e+00     0.0000e+00  0.0000e+00     0.0000e+00  0.0000e+00     0.0000e+00  0.0000e+00 
1.3357e+03     0.0000e+00  0.0000e+00     0.0000e+00  0.0000e+00     0.0000e+00  0.0000e+00     0.0000e+00  0.0000e+00 
1.4987e+03     0.0000e+00  0.0000e+00     0.0000e+00  0.0000e+00     0.0000e+00  0.0000e+00     0.0000e+00  0.0000e+00 
1.6816e+03     0.0000e+00  0.0000e+00     0.0000e+00  0.0000e+00     0.0000e+00  0.0000e+00     0.0000e+00  0.0000e+00 
1.8868e+03     0.0000e+00  0.0000e+00     0.0000e+00  0.0000e+00     0.0000e+00  0.0000e+00     0.0000e+00  0.0000e+00 
2.1170e+03     0.0000e+00  0.0000e+00     0.0000e+00  0.0000e+00     0.0000e+00  0.0000e+00     0.0000e+00  0.0000e+00 
2.3753e+03     0.0000e+00  0.0000e+00     0.0000e+00  0.0000e+00     0.0000e+00  0.0000e+00     0.0000e+00  0.0000e+00 
2.6651e+03     0.0000e+00  0.0000e+00     0.0000e+00  0.0000e+00     0.0000e+00  0.0000e+00     0.0000e+00  0.0000e+00 
2.9903e+03     0.0000e+00  0.0000e+00     0.0000e+00  0.0000e+00     0.0000e+00  0.0000e+00     0.0000e+00  0.0000e+00 
3.3552e+03     0.0000e+00  0.0000e+00     0.0000e+00  0.0000e+00     0.0000e+00  0.0000e+00     0.0000e+00  0.0000e+00 
3.7646e+03     0.0000e+00  0.0000e+00     0.0000e+00  0.0000e+00     0.0000e+00  0.0000e+00     0.0000e+00  0.0000e+00 
4.2240e+03     0.0000e+00  0.0000e+00     0.0000e+00  0.0000e+00     0.0000e+00  0.0000e+00     0.0000e+00  0.0000e+00 
4.7394e+03     0.0000e+00  0.0000e+00     0.0000e+00  0.0000e+00     0.0000e+00  0.0000e+00     0.0000e+00  0.0000e+00 
5.3176e+03     0.0000e+00  0.0000e+00     0.0000e+00  0.0000e+00     0.0000e+00  0.0000e+00     0.0000e+00  0.0000e+00 
5.9665e+03     0.0000e+00  0.0000e+00     0.0000e+00  0.0000e+00     0.0000e+00  0.0000e+00     0.0000e+00  0.0000e+00 
6.6945e+03     0.0000e+00  0.0000e+00     0.0000e+00  0.0000e+00     0.0000e+00  0.0000e+00     0.0000e+00  0.0000e+00 
7.5114e+03     0.0000e+00  0.0000e+00     0.0000e+00  0.0000e+00     0.0000e+00  0.0000e+00     0.0000e+00  0.0000e+00 
8.4279e+03     0.0000e+00  0.0000e+00     0.0000e+00  0.0000e+00     0.0000e+00  0.0000e+00     0.0000e+00  0.0000e+00 
9.4563e+03     0.0000e+00  0.0000e+00     0.0000e+00  0.0000e+00     0.0000e+00  0.0000e+00     0.0000e+00  0.0000e+00 
