yF = 1.2181e+02 (std: 0.0000e+00) keV/um
yD = 1.4046e+02 (std: 0.0000e+00) keV/um
y (keV/um)     f(y)(std)                  yf(y)(std)                 d(y)(std)                  yd(y)(std)  
1.0610e-01     3.1143e-03  0.0000e+00     3.3043e-04  0.0000e+00     2.7126e-06  0.0000e+00     2.8781e-07  0.0000e+00 
1.1905e-01     7.3043e-04  0.0000e+00     8.6956e-05  0.0000e+00     7.1385e-07  0.0000e+00     8.4981e-08  0.0000e+00 
1.3357e-01     3.9060e-04  0.0000e+00     5.2174e-05  0.0000e+00     4.2831e-07  0.0000e+00     5.7210e-08  0.0000e+00 
1.4987e-01     4.6416e-04  0.0000e+00     6.9565e-05  0.0000e+00     5.7108e-07  0.0000e+00     8.5588e-08  0.0000e+00 
1.6816e-01     3.6198e-04  0.0000e+00     6.0869e-05  0.0000e+00     4.9969e-07  0.0000e+00     8.4028e-08  0.0000e+00 
1.8868e-01     2.3044e-04  0.0000e+00     4.3478e-05  0.0000e+00     3.5692e-07  0.0000e+00     6.7343e-08  0.0000e+00 
2.1170e-01     2.4645e-04  0.0000e+00     5.2174e-05  0.0000e+00     4.2831e-07  0.0000e+00     9.0672e-08  0.0000e+00 
2.3753e-01     5.1252e-04  0.0000e+00     1.2174e-04  0.0000e+00     9.9938e-07  0.0000e+00     2.3738e-07  0.0000e+00 
2.6651e-01     2.9365e-04  0.0000e+00     7.8260e-05  0.0000e+00     6.4246e-07  0.0000e+00     1.7122e-07  0.0000e+00 
2.9903e-01     1.1632e-04  0.0000e+00     3.4782e-05  0.0000e+00     2.8554e-07  0.0000e+00     8.5385e-08  0.0000e+00 
3.3552e-01     3.3692e-04  0.0000e+00     1.1304e-04  0.0000e+00     9.2800e-07  0.0000e+00     3.1136e-07  0.0000e+00 
3.7646e-01     1.8479e-04  0.0000e+00     6.9565e-05  0.0000e+00     5.7108e-07  0.0000e+00     2.1499e-07  0.0000e+00 
4.2240e-01     1.6469e-04  0.0000e+00     6.9565e-05  0.0000e+00     5.7108e-07  0.0000e+00     2.4122e-07  0.0000e+00 
4.7394e-01     3.1191e-04  0.0000e+00     1.4783e-04  0.0000e+00     1.2135e-06  0.0000e+00     5.7514e-07  0.0000e+00 
5.3176e-01     1.6352e-04  0.0000e+00     8.6956e-05  0.0000e+00     7.1385e-07  0.0000e+00     3.7960e-07  0.0000e+00 
5.9665e-01     1.6031e-04  0.0000e+00     9.5652e-05  0.0000e+00     7.8523e-07  0.0000e+00     4.6851e-07  0.0000e+00 
6.6945e-01     3.8967e-05  0.0000e+00     2.6087e-05  0.0000e+00     2.1415e-07  0.0000e+00     1.4337e-07  0.0000e+00 
7.5114e-01     1.3892e-04  0.0000e+00     1.0435e-04  0.0000e+00     8.5662e-07  0.0000e+00     6.4344e-07  0.0000e+00 
8.4279e-01     1.0318e-04  0.0000e+00     8.6956e-05  0.0000e+00     7.1385e-07  0.0000e+00     6.0162e-07  0.0000e+00 
9.4563e-01     4.5978e-05  0.0000e+00     4.3478e-05  0.0000e+00     3.5692e-07  0.0000e+00     3.3752e-07  0.0000e+00 
1.0610e+00     4.0978e-05  0.0000e+00     4.3478e-05  0.0000e+00     3.5692e-07  0.0000e+00     3.7870e-07  0.0000e+00 
1.1905e+00     5.1130e-05  0.0000e+00     6.0869e-05  0.0000e+00     4.9969e-07  0.0000e+00     5.9487e-07  0.0000e+00 
1.3357e+00     4.5570e-05  0.0000e+00     6.0869e-05  0.0000e+00     4.9969e-07  0.0000e+00     6.6745e-07  0.0000e+00 
1.4987e+00     1.7406e-05  0.0000e+00     2.6087e-05  0.0000e+00     2.1415e-07  0.0000e+00     3.2096e-07  0.0000e+00 
1.6816e+00     5.1711e-06  0.0000e+00     8.6956e-06  0.0000e+00     7.1385e-08  0.0000e+00     1.2004e-07  0.0000e+00 
1.8868e+00     0.0000e+00  0.0000e+00     0.0000e+00  0.0000e+00     0.0000e+00  0.0000e+00     0.0000e+00  0.0000e+00 
2.1170e+00     1.6430e-05  0.0000e+00     3.4782e-05  0.0000e+00     2.8554e-07  0.0000e+00     6.0448e-07  0.0000e+00 
2.3753e+00     0.0000e+00  0.0000e+00     0.0000e+00  0.0000e+00     0.0000e+00  0.0000e+00     0.0000e+00  0.0000e+00 
2.6651e+00     0.0000e+00  0.0000e+00     0.0000e+00  0.0000e+00     0.0000e+00  0.0000e+00     0.0000e+00  0.0000e+00 
2.9903e+00     0.0000e+00  0.0000e+00     0.0000e+00  0.0000e+00     0.0000e+00  0.0000e+00     0.0000e+00  0.0000e+00 
3.3552e+00     0.0000e+00  0.0000e+00     0.0000e+00  0.0000e+00     0.0000e+00  0.0000e+00     0.0000e+00  0.0000e+00 
3.7646e+00     0.0000e+00  0.0000e+00     0.0000e+00  0.0000e+00     0.0000e+00  0.0000e+00     0.0000e+00  0.0000e+00 
4.2240e+00     0.0000e+00  0.0000e+00     0.0000e+00  0.0000e+00     0.0000e+00  0.0000e+00     0.0000e+00  0.0000e+00 
4.7394e+00     0.0000e+00  0.0000e+00     0.0000e+00  0.0000e+00     0.0000e+00  0.0000e+00     0.0000e+00  0.0000e+00 
5.3176e+00     0.0000e+00  0.0000e+00     0.0000e+00  0.0000e+00     0.0000e+00  0.0000e+00     0.0000e+00  0.0000e+00 
5.9665e+00     2.0404e-05  0.0000e+00     1.2174e-04  0.0000e+00     9.9938e-07  0.0000e+00     5.9628e-06  0.0000e+00 
6.6945e+00     3.6370e-05  0.0000e+00     2.4348e-04  0.0000e+00     1.9988e-06  0.0000e+00     1.3381e-05  0.0000e+00 
7.5114e+00     1.3892e-05  0.0000e+00     1.0435e-04  0.0000e+00     8.5662e-07  0.0000e+00     6.4344e-06  0.0000e+00 
8.4279e+00     2.5794e-04  0.0000e+00     2.1739e-03  0.0000e+00     1.7846e-05  0.0000e+00     1.5041e-04  0.0000e+00 
9.4563e+00     1.8851e-04  0.0000e+00     1.7826e-03  0.0000e+00     1.4634e-05  0.0000e+00     1.3838e-04  0.0000e+00 
1.0610e+01     2.5570e-04  0.0000e+00     2.7130e-03  0.0000e+00     2.2272e-05  0.0000e+00     2.3631e-04  0.0000e+00 
1.1905e+01     1.6362e-04  0.0000e+00     1.9478e-03  0.0000e+00     1.5990e-05  0.0000e+00     1.9036e-04  0.0000e+00 
1.3357e+01     1.6861e-04  0.0000e+00     2.2522e-03  0.0000e+00     1.8489e-05  0.0000e+00     2.4696e-04  0.0000e+00 
1.4987e+01     1.1894e-04  0.0000e+00     1.7826e-03  0.0000e+00     1.4634e-05  0.0000e+00     2.1932e-04  0.0000e+00 
1.6816e+01     2.8234e-04  0.0000e+00     4.7478e-03  0.0000e+00     3.8976e-05  0.0000e+00     6.5541e-04  0.0000e+00 
1.8868e+01     4.3322e-04  0.0000e+00     8.1739e-03  0.0000e+00     6.7102e-05  0.0000e+00     1.2661e-03  0.0000e+00 
2.1170e+01     4.9824e-04  0.0000e+00     1.0548e-02  0.0000e+00     8.6590e-05  0.0000e+00     1.8331e-03  0.0000e+00 
2.3753e+01     5.5645e-04  0.0000e+00     1.3217e-02  0.0000e+00     1.0850e-04  0.0000e+00     2.5773e-03  0.0000e+00 
2.6651e+01     7.0638e-04  0.0000e+00     1.8826e-02  0.0000e+00     1.5455e-04  0.0000e+00     4.1189e-03  0.0000e+00 
2.9903e+01     9.9567e-04  0.0000e+00     2.9774e-02  0.0000e+00     2.4442e-04  0.0000e+00     7.3090e-03  0.0000e+00 
3.3552e+01     1.2590e-03  0.0000e+00     4.2243e-02  0.0000e+00     3.4679e-04  0.0000e+00     1.1635e-02  0.0000e+00 
3.7646e+01     1.5608e-03  0.0000e+00     5.8756e-02  0.0000e+00     4.8235e-04  0.0000e+00     1.8158e-02  0.0000e+00 
4.2240e+01     2.0836e-03  0.0000e+00     8.8008e-02  0.0000e+00     7.2248e-04  0.0000e+00     3.0517e-02  0.0000e+00 
4.7394e+01     2.6000e-03  0.0000e+00     1.2323e-01  0.0000e+00     1.0116e-03  0.0000e+00     4.7943e-02  0.0000e+00 
5.3176e+01     3.3566e-03  0.0000e+00     1.7849e-01  0.0000e+00     1.4653e-03  0.0000e+00     7.7920e-02  0.0000e+00 
5.9665e+01     4.1932e-03  0.0000e+00     2.5019e-01  0.0000e+00     2.0539e-03  0.0000e+00     1.2254e-01  0.0000e+00 
6.6945e+01     5.2629e-03  0.0000e+00     3.5233e-01  0.0000e+00     2.8924e-03  0.0000e+00     1.9363e-01  0.0000e+00 
7.5114e+01     6.2856e-03  0.0000e+00     4.7214e-01  0.0000e+00     3.8759e-03  0.0000e+00     2.9113e-01  0.0000e+00 
8.4279e+01     7.2897e-03  0.0000e+00     6.1437e-01  0.0000e+00     5.0435e-03  0.0000e+00     4.2506e-01  0.0000e+00 
9.4563e+01     8.1130e-03  0.0000e+00     7.6719e-01  0.0000e+00     6.2980e-03  0.0000e+00     5.9556e-01  0.0000e+00 
1.0610e+02     8.5073e-03  0.0000e+00     9.0263e-01  0.0000e+00     7.4099e-03  0.0000e+00     7.8620e-01  0.0000e+00 
1.1905e+02     8.3733e-03  0.0000e+00     9.9682e-01  0.0000e+00     8.1832e-03  0.0000e+00     9.7418e-01  0.0000e+00 
1.3357e+02     7.5693e-03  0.0000e+00     1.0111e+00  0.0000e+00     8.3000e-03  0.0000e+00     1.1087e+00  0.0000e+00 
1.4987e+02     6.1833e-03  0.0000e+00     9.2670e-01  0.0000e+00     7.6075e-03  0.0000e+00     1.1402e+00  0.0000e+00 
1.6816e+02     4.4564e-03  0.0000e+00     7.4938e-01  0.0000e+00     6.1519e-03  0.0000e+00     1.0345e+00  0.0000e+00 
1.8868e+02     2.7840e-03  0.0000e+00     5.2528e-01  0.0000e+00     4.3121e-03  0.0000e+00     8.1360e-01  0.0000e+00 
2.1170e+02     1.4591e-03  0.0000e+00     3.0889e-01  0.0000e+00     2.5357e-03  0.0000e+00     5.3681e-01  0.0000e+00 
2.3753e+02     6.3512e-04  0.0000e+00     1.5086e-01  0.0000e+00     1.2385e-03  0.0000e+00     2.9417e-01  0.0000e+00 
2.6651e+02     2.1227e-04  0.0000e+00     5.6574e-02  0.0000e+00     4.6443e-04  0.0000e+00     1.2378e-01  0.0000e+00 
2.9903e+02     5.3389e-05  0.0000e+00     1.5965e-02  0.0000e+00     1.3106e-04  0.0000e+00     3.9192e-02  0.0000e+00 
3.3552e+02     1.0263e-05  0.0000e+00     3.4435e-03  0.0000e+00     2.8268e-05  0.0000e+00     9.4846e-03  0.0000e+00 
3.7646e+02     1.3397e-06  0.0000e+00     5.0434e-04  0.0000e+00     4.1403e-06  0.0000e+00     1.5587e-03  0.0000e+00 
4.2240e+02     6.1759e-08  0.0000e+00     2.6087e-05  0.0000e+00     2.1415e-07  0.0000e+00     9.0458e-05  0.0000e+00 
4.7394e+02     1.8348e-08  0.0000e+00     8.6956e-06  0.0000e+00     7.1385e-08  0.0000e+00     3.3832e-05  0.0000e+00 
5.3176e+02     0.0000e+00  0.0000e+00     0.0000e+00  0.0000e+00     0.0000e+00  0.0000e+00     0.0000e+00  0.0000e+00 
5.9665e+02     0.0000e+00  0.0000e+00     0.0000e+00  0.0000e+00     0.0000e+00  0.0000e+00     0.0000e+00  0.0000e+00 
6.6945e+02     0.0000e+00  0.0000e+00     0.0000e+00  0.0000e+00     0.0000e+00  0.0000e+00     0.0000e+00  0.0000e+00 
7.5114e+02     0.0000e+00  0.0000e+00     0.0000e+00  0.0000e+00     0.0000e+00  0.0000e+00     0.0000e+00  0.0000e+00 
8.4279e+02     0.0000e+00  0.0000e+00     0.0000e+00  0.0000e+00     0.0000e+00  0.0000e+00     0.0000e+00  0.0000e+00 
9.4563e+02     0.0000e+00  0.0000e+00     0.0000e+00  0.0000e+00     0.0000e+00  0.0000e+00     0.0000e+00  0.0000e+00 
1.0610e+03     0.0000e+00  0.0000e+00     0.0000e+00  0.0000e+00     0.0000e+00  0.0000e+00     0.0000e+00  0.0000e+00 
1.1905e+03     0.0000e+00  0.0000e+00     0.0000e+00  0.0000e+00     0.0000e+00  0.0000e+00     0.0000e+00  0.0000e+00 
1.3357e+03     0.0000e+00  0.0000e+00     0.0000e+00  0.0000e+00     0.0000e+00  0.0000e+00     0.0000e+00  0.0000e+00 
1.4987e+03     0.0000e+00  0.0000e+00     0.0000e+00  0.0000e+00     0.0000e+00  0.0000e+00     0.0000e+00  0.0000e+00 
1.6816e+03     0.0000e+00  0.0000e+00     0.0000e+00  0.0000e+00     0.0000e+00  0.0000e+00     0.0000e+00  0.0000e+00 
1.8868e+03     0.0000e+00  0.0000e+00     0.0000e+00  0.0000e+00     0.0000e+00  0.0000e+00     0.0000e+00  0.0000e+00 
2.1170e+03     0.0000e+00  0.0000e+00     0.0000e+00  0.0000e+00     0.0000e+00  0.0000e+00     0.0000e+00  0.0000e+00 
2.3753e+03     0.0000e+00  0.0000e+00     0.0000e+00  0.0000e+00     0.0000e+00  0.0000e+00     0.0000e+00  0.0000e+00 
2.6651e+03     0.0000e+00  0.0000e+00     0.0000e+00  0.0000e+00     0.0000e+00  0.0000e+00     0.0000e+00  0.0000e+00 
2.9903e+03     0.0000e+00  0.0000e+00     0.0000e+00  0.0000e+00     0.0000e+00  0.0000e+00     0.0000e+00  0.0000e+00 
3.3552e+03     0.0000e+00  0.0000e+00     0.0000e+00  0.0000e+00     0.0000e+00  0.0000e+00     0.0000e+00  0.0000e+00 
3.7646e+03     0.0000e+00  0.0000e+00     0.0000e+00  0.0000e+00     0.0000e+00  0.0000e+00     0.0000e+00  0.0000e+00 
4.2240e+03     0.0000e+00  0.0000e+00     0.0000e+00  0.0000e+00     0.0000e+00  0.0000e+00     0.0000e+00  0.0000e+00 
4.7394e+03     0.0000e+00  0.0000e+00     0.0000e+00  0.0000e+00     0.0000e+00  0.0000e+00     0.0000e+00  0.0000e+00 
5.3176e+03     0.0000e+00  0.0000e+00     0.0000e+00  0.0000e+00     0.0000e+00  0.0000e+00     0.0000e+00  0.0000e+00 
5.9665e+03     0.0000e+00  0.0000e+00     0.0000e+00  0.0000e+00     0.0000e+00  0.0000e+00     0.0000e+00  0.0000e+00 
6.6945e+03     0.0000e+00  0.0000e+00     0.0000e+00  0.0000e+00     0.0000e+00  0.0000e+00     0.0000e+00  0.0000e+00 
7.5114e+03     0.0000e+00  0.0000e+00     0.0000e+00  0.0000e+00     0.0000e+00  0.0000e+00     0.0000e+00  0.0000e+00 
8.4279e+03     0.0000e+00  0.0000e+00     0.0000e+00  0.0000e+00     0.0000e+00  0.0000e+00     0.0000e+00  0.0000e+00 
9.4563e+03     0.0000e+00  0.0000e+00     0.0000e+00  0.0000e+00     0.0000e+00  0.0000e+00     0.0000e+00  0.0000e+00 
