yF = 9.2236e+01 (std: 0.0000e+00) keV/um
yD = 1.3202e+02 (std: 0.0000e+00) keV/um
y (keV/um)     f(y)(std)                  yf(y)(std)                 d(y)(std)                  yd(y)(std)  
1.0610e-01     7.0076e-01  0.0000e+00     7.4351e-02  0.0000e+00     8.0610e-04  0.0000e+00     8.5528e-05  0.0000e+00 
1.1905e-01     5.2280e-02  0.0000e+00     6.2238e-03  0.0000e+00     6.7477e-05  0.0000e+00     8.0329e-06  0.0000e+00 
1.3357e-01     1.6058e-02  0.0000e+00     2.1449e-03  0.0000e+00     2.3255e-05  0.0000e+00     3.1062e-06  0.0000e+00 
1.4987e-01     5.7892e-02  0.0000e+00     8.6764e-03  0.0000e+00     9.4067e-05  0.0000e+00     1.4098e-05  0.0000e+00 
1.6816e-01     2.3211e-02  0.0000e+00     3.9031e-03  0.0000e+00     4.2316e-05  0.0000e+00     7.1158e-06  0.0000e+00 
1.8868e-01     1.3977e-02  0.0000e+00     2.6372e-03  0.0000e+00     2.8592e-05  0.0000e+00     5.3946e-06  0.0000e+00 
2.1170e-01     1.5530e-02  0.0000e+00     3.2877e-03  0.0000e+00     3.5645e-05  0.0000e+00     7.5459e-06  0.0000e+00 
2.3753e-01     1.4581e-02  0.0000e+00     3.4635e-03  0.0000e+00     3.7551e-05  0.0000e+00     8.9194e-06  0.0000e+00 
2.6651e-01     7.4214e-03  0.0000e+00     1.9779e-03  0.0000e+00     2.1444e-05  0.0000e+00     5.7151e-06  0.0000e+00 
2.9903e-01     6.0264e-03  0.0000e+00     1.8021e-03  0.0000e+00     1.9538e-05  0.0000e+00     5.8425e-06  0.0000e+00 
3.3552e-01     2.0803e-02  0.0000e+00     6.9798e-03  0.0000e+00     7.5673e-05  0.0000e+00     2.5390e-05  0.0000e+00 
3.7646e-01     1.3917e-02  0.0000e+00     5.2392e-03  0.0000e+00     5.6803e-05  0.0000e+00     2.1384e-05  0.0000e+00 
4.2240e-01     7.6378e-03  0.0000e+00     3.2262e-03  0.0000e+00     3.4977e-05  0.0000e+00     1.4774e-05  0.0000e+00 
4.7394e-01     6.5846e-03  0.0000e+00     3.1207e-03  0.0000e+00     3.3834e-05  0.0000e+00     1.6035e-05  0.0000e+00 
5.3176e-01     4.8436e-03  0.0000e+00     2.5757e-03  0.0000e+00     2.7925e-05  0.0000e+00     1.4849e-05  0.0000e+00 
5.9665e-01     2.5783e-03  0.0000e+00     1.5384e-03  0.0000e+00     1.6679e-05  0.0000e+00     9.9513e-06  0.0000e+00 
6.6945e-01     3.2171e-03  0.0000e+00     2.1537e-03  0.0000e+00     2.3350e-05  0.0000e+00     1.5632e-05  0.0000e+00 
7.5114e-01     2.6449e-03  0.0000e+00     1.9867e-03  0.0000e+00     2.1539e-05  0.0000e+00     1.6179e-05  0.0000e+00 
8.4279e-01     1.6793e-03  0.0000e+00     1.4153e-03  0.0000e+00     1.5344e-05  0.0000e+00     1.2932e-05  0.0000e+00 
9.4563e-01     9.8539e-04  0.0000e+00     9.3181e-04  0.0000e+00     1.0102e-05  0.0000e+00     9.5532e-06  0.0000e+00 
1.0610e+00     6.9596e-04  0.0000e+00     7.3842e-04  0.0000e+00     8.0057e-06  0.0000e+00     8.4942e-06  0.0000e+00 
1.1905e+00     5.0951e-04  0.0000e+00     6.0656e-04  0.0000e+00     6.5761e-06  0.0000e+00     7.8287e-06  0.0000e+00 
1.3357e+00     2.6983e-04  0.0000e+00     3.6042e-04  0.0000e+00     3.9076e-06  0.0000e+00     5.2195e-06  0.0000e+00 
1.4987e+00     1.7596e-04  0.0000e+00     2.6372e-04  0.0000e+00     2.8592e-06  0.0000e+00     4.2851e-06  0.0000e+00 
1.6816e+00     7.3186e-05  0.0000e+00     1.2307e-04  0.0000e+00     1.3343e-06  0.0000e+00     2.2437e-06  0.0000e+00 
1.8868e+00     3.7273e-05  0.0000e+00     7.0325e-05  0.0000e+00     7.6245e-07  0.0000e+00     1.4386e-06  0.0000e+00 
2.1170e+00     1.2457e-05  0.0000e+00     2.6372e-05  0.0000e+00     2.8592e-07  0.0000e+00     6.0529e-07  0.0000e+00 
2.3753e+00     3.1457e-04  0.0000e+00     7.4721e-04  0.0000e+00     8.1010e-06  0.0000e+00     1.9242e-05  0.0000e+00 
2.6651e+00     3.4303e-04  0.0000e+00     9.1423e-04  0.0000e+00     9.9119e-06  0.0000e+00     2.6416e-05  0.0000e+00 
2.9903e+00     1.3817e-04  0.0000e+00     4.1316e-04  0.0000e+00     4.4794e-06  0.0000e+00     1.3395e-05  0.0000e+00 
3.3552e+00     4.1920e-05  0.0000e+00     1.4065e-04  0.0000e+00     1.5249e-06  0.0000e+00     5.1164e-06  0.0000e+00 
3.7646e+00     1.4010e-05  0.0000e+00     5.2744e-05  0.0000e+00     5.7184e-07  0.0000e+00     2.1527e-06  0.0000e+00 
4.2240e+00     4.1623e-06  0.0000e+00     1.7581e-05  0.0000e+00     1.9061e-07  0.0000e+00     8.0514e-07  0.0000e+00 
4.7394e+00     1.1129e-05  0.0000e+00     5.2744e-05  0.0000e+00     5.7184e-07  0.0000e+00     2.7101e-06  0.0000e+00 
5.3176e+00     1.6531e-05  0.0000e+00     8.7907e-05  0.0000e+00     9.5306e-07  0.0000e+00     5.0681e-06  0.0000e+00 
5.9665e+00     9.0168e-04  0.0000e+00     5.3799e-03  0.0000e+00     5.8328e-05  0.0000e+00     3.4801e-04  0.0000e+00 
6.6945e+00     9.4807e-04  0.0000e+00     6.3469e-03  0.0000e+00     6.8811e-05  0.0000e+00     4.6066e-04  0.0000e+00 
7.5114e+00     6.0622e-04  0.0000e+00     4.5536e-03  0.0000e+00     4.9369e-05  0.0000e+00     3.7083e-04  0.0000e+00 
8.4279e+00     1.0518e-02  0.0000e+00     8.8645e-02  0.0000e+00     9.6107e-04  0.0000e+00     8.0998e-03  0.0000e+00 
9.4563e+00     4.2669e-03  0.0000e+00     4.0349e-02  0.0000e+00     4.3746e-04  0.0000e+00     4.1367e-03  0.0000e+00 
1.0610e+01     8.0217e-03  0.0000e+00     8.5111e-02  0.0000e+00     9.2276e-04  0.0000e+00     9.7905e-03  0.0000e+00 
1.1905e+01     4.4216e-03  0.0000e+00     5.2638e-02  0.0000e+00     5.7069e-04  0.0000e+00     6.7940e-03  0.0000e+00 
1.3357e+01     4.1251e-03  0.0000e+00     5.5100e-02  0.0000e+00     5.9738e-04  0.0000e+00     7.9794e-03  0.0000e+00 
1.4987e+01     3.2559e-03  0.0000e+00     4.8797e-02  0.0000e+00     5.2905e-04  0.0000e+00     7.9289e-03  0.0000e+00 
1.6816e+01     5.1345e-03  0.0000e+00     8.6342e-02  0.0000e+00     9.3610e-04  0.0000e+00     1.5741e-02  0.0000e+00 
1.8868e+01     5.0463e-03  0.0000e+00     9.5212e-02  0.0000e+00     1.0323e-03  0.0000e+00     1.9476e-02  0.0000e+00 
2.1170e+01     5.9263e-03  0.0000e+00     1.2546e-01  0.0000e+00     1.3602e-03  0.0000e+00     2.8796e-02  0.0000e+00 
2.3753e+01     5.7733e-03  0.0000e+00     1.3713e-01  0.0000e+00     1.4868e-03  0.0000e+00     3.5316e-02  0.0000e+00 
2.6651e+01     5.3602e-03  0.0000e+00     1.4286e-01  0.0000e+00     1.5488e-03  0.0000e+00     4.1278e-02  0.0000e+00 
2.9903e+01     5.9041e-03  0.0000e+00     1.7655e-01  0.0000e+00     1.9141e-03  0.0000e+00     5.7239e-02  0.0000e+00 
3.3552e+01     6.4824e-03  0.0000e+00     2.1750e-01  0.0000e+00     2.3581e-03  0.0000e+00     7.9118e-02  0.0000e+00 
3.7646e+01     6.3131e-03  0.0000e+00     2.3766e-01  0.0000e+00     2.5767e-03  0.0000e+00     9.7003e-02  0.0000e+00 
4.2240e+01     6.8218e-03  0.0000e+00     2.8815e-01  0.0000e+00     3.1240e-03  0.0000e+00     1.3196e-01  0.0000e+00 
4.7394e+01     6.9788e-03  0.0000e+00     3.3075e-01  0.0000e+00     3.5859e-03  0.0000e+00     1.6995e-01  0.0000e+00 
5.3176e+01     7.1626e-03  0.0000e+00     3.8088e-01  0.0000e+00     4.1294e-03  0.0000e+00     2.1959e-01  0.0000e+00 
5.9665e+01     7.2126e-03  0.0000e+00     4.3034e-01  0.0000e+00     4.6656e-03  0.0000e+00     2.7837e-01  0.0000e+00 
6.6945e+01     7.2259e-03  0.0000e+00     4.8374e-01  0.0000e+00     5.2446e-03  0.0000e+00     3.5110e-01  0.0000e+00 
7.5114e+01     7.0529e-03  0.0000e+00     5.2977e-01  0.0000e+00     5.7436e-03  0.0000e+00     4.3143e-01  0.0000e+00 
8.4279e+01     6.7020e-03  0.0000e+00     5.6483e-01  0.0000e+00     6.1238e-03  0.0000e+00     5.1611e-01  0.0000e+00 
9.4563e+01     6.2601e-03  0.0000e+00     5.9197e-01  0.0000e+00     6.4180e-03  0.0000e+00     6.0691e-01  0.0000e+00 
1.0610e+02     5.6357e-03  0.0000e+00     5.9795e-01  0.0000e+00     6.4828e-03  0.0000e+00     6.8784e-01  0.0000e+00 
1.1905e+02     4.8606e-03  0.0000e+00     5.7864e-01  0.0000e+00     6.2735e-03  0.0000e+00     7.4684e-01  0.0000e+00 
1.3357e+02     3.9800e-03  0.0000e+00     5.3162e-01  0.0000e+00     5.7638e-03  0.0000e+00     7.6988e-01  0.0000e+00 
1.4987e+02     3.1272e-03  0.0000e+00     4.6867e-01  0.0000e+00     5.0813e-03  0.0000e+00     7.6154e-01  0.0000e+00 
1.6816e+02     2.2965e-03  0.0000e+00     3.8618e-01  0.0000e+00     4.1869e-03  0.0000e+00     7.0406e-01  0.0000e+00 
1.8868e+02     1.5638e-03  0.0000e+00     2.9505e-01  0.0000e+00     3.1989e-03  0.0000e+00     6.0355e-01  0.0000e+00 
2.1170e+02     9.7354e-04  0.0000e+00     2.0610e-01  0.0000e+00     2.2345e-03  0.0000e+00     4.7303e-01  0.0000e+00 
2.3753e+02     5.6112e-04  0.0000e+00     1.3328e-01  0.0000e+00     1.4450e-03  0.0000e+00     3.4324e-01  0.0000e+00 
2.6651e+02     2.9115e-04  0.0000e+00     7.7595e-02  0.0000e+00     8.4127e-04  0.0000e+00     2.2421e-01  0.0000e+00 
2.9903e+02     1.3346e-04  0.0000e+00     3.9910e-02  0.0000e+00     4.3269e-04  0.0000e+00     1.2939e-01  0.0000e+00 
3.3552e+02     5.7300e-05  0.0000e+00     1.9225e-02  0.0000e+00     2.0844e-04  0.0000e+00     6.9934e-02  0.0000e+00 
3.7646e+02     2.1973e-05  0.0000e+00     8.2720e-03  0.0000e+00     8.9683e-05  0.0000e+00     3.3762e-02  0.0000e+00 
4.2240e+02     7.4297e-06  0.0000e+00     3.1383e-03  0.0000e+00     3.4024e-05  0.0000e+00     1.4372e-02  0.0000e+00 
4.7394e+02     2.3742e-06  0.0000e+00     1.1252e-03  0.0000e+00     1.2199e-05  0.0000e+00     5.7816e-03  0.0000e+00 
5.3176e+02     6.1165e-07  0.0000e+00     3.2525e-04  0.0000e+00     3.5263e-06  0.0000e+00     1.8752e-03  0.0000e+00 
5.9665e+02     7.3667e-08  0.0000e+00     4.3953e-05  0.0000e+00     4.7653e-07  0.0000e+00     2.8432e-04  0.0000e+00 
6.6945e+02     3.9393e-08  0.0000e+00     2.6372e-05  0.0000e+00     2.8592e-07  0.0000e+00     1.9141e-04  0.0000e+00 
7.5114e+02     0.0000e+00  0.0000e+00     0.0000e+00  0.0000e+00     0.0000e+00  0.0000e+00     0.0000e+00  0.0000e+00 
8.4279e+02     0.0000e+00  0.0000e+00     0.0000e+00  0.0000e+00     0.0000e+00  0.0000e+00     0.0000e+00  0.0000e+00 
9.4563e+02     0.0000e+00  0.0000e+00     0.0000e+00  0.0000e+00     0.0000e+00  0.0000e+00     0.0000e+00  0.0000e+00 
1.0610e+03     0.0000e+00  0.0000e+00     0.0000e+00  0.0000e+00     0.0000e+00  0.0000e+00     0.0000e+00  0.0000e+00 
1.1905e+03     0.0000e+00  0.0000e+00     0.0000e+00  0.0000e+00     0.0000e+00  0.0000e+00     0.0000e+00  0.0000e+00 
1.3357e+03     0.0000e+00  0.0000e+00     0.0000e+00  0.0000e+00     0.0000e+00  0.0000e+00     0.0000e+00  0.0000e+00 
1.4987e+03     0.0000e+00  0.0000e+00     0.0000e+00  0.0000e+00     0.0000e+00  0.0000e+00     0.0000e+00  0.0000e+00 
1.6816e+03     0.0000e+00  0.0000e+00     0.0000e+00  0.0000e+00     0.0000e+00  0.0000e+00     0.0000e+00  0.0000e+00 
1.8868e+03     0.0000e+00  0.0000e+00     0.0000e+00  0.0000e+00     0.0000e+00  0.0000e+00     0.0000e+00  0.0000e+00 
2.1170e+03     0.0000e+00  0.0000e+00     0.0000e+00  0.0000e+00     0.0000e+00  0.0000e+00     0.0000e+00  0.0000e+00 
2.3753e+03     0.0000e+00  0.0000e+00     0.0000e+00  0.0000e+00     0.0000e+00  0.0000e+00     0.0000e+00  0.0000e+00 
2.6651e+03     0.0000e+00  0.0000e+00     0.0000e+00  0.0000e+00     0.0000e+00  0.0000e+00     0.0000e+00  0.0000e+00 
2.9903e+03     0.0000e+00  0.0000e+00     0.0000e+00  0.0000e+00     0.0000e+00  0.0000e+00     0.0000e+00  0.0000e+00 
3.3552e+03     0.0000e+00  0.0000e+00     0.0000e+00  0.0000e+00     0.0000e+00  0.0000e+00     0.0000e+00  0.0000e+00 
3.7646e+03     0.0000e+00  0.0000e+00     0.0000e+00  0.0000e+00     0.0000e+00  0.0000e+00     0.0000e+00  0.0000e+00 
4.2240e+03     0.0000e+00  0.0000e+00     0.0000e+00  0.0000e+00     0.0000e+00  0.0000e+00     0.0000e+00  0.0000e+00 
4.7394e+03     0.0000e+00  0.0000e+00     0.0000e+00  0.0000e+00     0.0000e+00  0.0000e+00     0.0000e+00  0.0000e+00 
5.3176e+03     0.0000e+00  0.0000e+00     0.0000e+00  0.0000e+00     0.0000e+00  0.0000e+00     0.0000e+00  0.0000e+00 
5.9665e+03     0.0000e+00  0.0000e+00     0.0000e+00  0.0000e+00     0.0000e+00  0.0000e+00     0.0000e+00  0.0000e+00 
6.6945e+03     0.0000e+00  0.0000e+00     0.0000e+00  0.0000e+00     0.0000e+00  0.0000e+00     0.0000e+00  0.0000e+00 
7.5114e+03     0.0000e+00  0.0000e+00     0.0000e+00  0.0000e+00     0.0000e+00  0.0000e+00     0.0000e+00  0.0000e+00 
8.4279e+03     0.0000e+00  0.0000e+00     0.0000e+00  0.0000e+00     0.0000e+00  0.0000e+00     0.0000e+00  0.0000e+00 
9.4563e+03     0.0000e+00  0.0000e+00     0.0000e+00  0.0000e+00     0.0000e+00  0.0000e+00     0.0000e+00  0.0000e+00 
