yF = 1.4693e+01 (std: 0.0000e+00) keV/um
yD = 3.5157e+01 (std: 0.0000e+00) keV/um
y (keV/um)     f(y)(std)                  yf(y)(std)                 d(y)(std)                  yd(y)(std)  
1.0610e-01     8.4155e+00  0.0000e+00     8.9289e-01  0.0000e+00     6.0770e-02  0.0000e+00     6.4477e-03  0.0000e+00 
1.1905e-01     8.8258e-01  0.0000e+00     1.0507e-01  0.0000e+00     7.1509e-03  0.0000e+00     8.5129e-04  0.0000e+00 
1.3357e-01     3.7799e-01  0.0000e+00     5.0489e-02  0.0000e+00     3.4362e-03  0.0000e+00     4.5899e-04  0.0000e+00 
1.4987e-01     1.1377e+00  0.0000e+00     1.7052e-01  0.0000e+00     1.1605e-02  0.0000e+00     1.7393e-03  0.0000e+00 
1.6816e-01     5.2770e-01  0.0000e+00     8.8737e-02  0.0000e+00     6.0394e-03  0.0000e+00     1.0156e-03  0.0000e+00 
1.8868e-01     4.3147e-01  0.0000e+00     8.1408e-02  0.0000e+00     5.5406e-03  0.0000e+00     1.0454e-03  0.0000e+00 
2.1170e-01     4.2423e-01  0.0000e+00     8.9810e-02  0.0000e+00     6.1124e-03  0.0000e+00     1.2940e-03  0.0000e+00 
2.3753e-01     4.1220e-01  0.0000e+00     9.7910e-02  0.0000e+00     6.6637e-03  0.0000e+00     1.5828e-03  0.0000e+00 
2.6651e-01     2.5448e-01  0.0000e+00     6.7823e-02  0.0000e+00     4.6160e-03  0.0000e+00     1.2302e-03  0.0000e+00 
2.9903e-01     2.1367e-01  0.0000e+00     6.3893e-02  0.0000e+00     4.3485e-03  0.0000e+00     1.3004e-03  0.0000e+00 
3.3552e-01     5.2157e-01  0.0000e+00     1.7500e-01  0.0000e+00     1.1910e-02  0.0000e+00     3.9961e-03  0.0000e+00 
3.7646e-01     4.4639e-01  0.0000e+00     1.6805e-01  0.0000e+00     1.1437e-02  0.0000e+00     4.3057e-03  0.0000e+00 
4.2240e-01     2.8323e-01  0.0000e+00     1.1964e-01  0.0000e+00     8.1423e-03  0.0000e+00     3.4393e-03  0.0000e+00 
4.7394e-01     2.8501e-01  0.0000e+00     1.3508e-01  0.0000e+00     9.1931e-03  0.0000e+00     4.3569e-03  0.0000e+00 
5.3176e-01     2.3333e-01  0.0000e+00     1.2408e-01  0.0000e+00     8.4446e-03  0.0000e+00     4.4905e-03  0.0000e+00 
5.9665e-01     1.5298e-01  0.0000e+00     9.1273e-02  0.0000e+00     6.2120e-03  0.0000e+00     3.7064e-03  0.0000e+00 
6.6945e-01     1.5499e-01  0.0000e+00     1.0376e-01  0.0000e+00     7.0615e-03  0.0000e+00     4.7273e-03  0.0000e+00 
7.5114e-01     1.4962e-01  0.0000e+00     1.1239e-01  0.0000e+00     7.6490e-03  0.0000e+00     5.7454e-03  0.0000e+00 
8.4279e-01     1.0280e-01  0.0000e+00     8.6642e-02  0.0000e+00     5.8968e-03  0.0000e+00     4.9697e-03  0.0000e+00 
9.4563e-01     7.4024e-02  0.0000e+00     6.9999e-02  0.0000e+00     4.7641e-03  0.0000e+00     4.5050e-03  0.0000e+00 
1.0610e+00     5.5977e-02  0.0000e+00     5.9392e-02  0.0000e+00     4.0422e-03  0.0000e+00     4.2888e-03  0.0000e+00 
1.1905e+00     3.8436e-02  0.0000e+00     4.5757e-02  0.0000e+00     3.1142e-03  0.0000e+00     3.7074e-03  0.0000e+00 
1.3357e+00     2.5212e-02  0.0000e+00     3.3676e-02  0.0000e+00     2.2920e-03  0.0000e+00     3.0615e-03  0.0000e+00 
1.4987e+00     1.5453e-02  0.0000e+00     2.3159e-02  0.0000e+00     1.5762e-03  0.0000e+00     2.3623e-03  0.0000e+00 
1.6816e+00     9.1040e-03  0.0000e+00     1.5309e-02  0.0000e+00     1.0419e-03  0.0000e+00     1.7521e-03  0.0000e+00 
1.8868e+00     4.6441e-03  0.0000e+00     8.7624e-03  0.0000e+00     5.9636e-04  0.0000e+00     1.1252e-03  0.0000e+00 
2.1170e+00     2.2164e-03  0.0000e+00     4.6920e-03  0.0000e+00     3.1933e-04  0.0000e+00     6.7603e-04  0.0000e+00 
2.3753e+00     1.0341e-03  0.0000e+00     2.4563e-03  0.0000e+00     1.6717e-04  0.0000e+00     3.9709e-04  0.0000e+00 
2.6651e+00     4.0251e-04  0.0000e+00     1.0727e-03  0.0000e+00     7.3010e-05  0.0000e+00     1.9458e-04  0.0000e+00 
2.9903e+00     1.2070e-04  0.0000e+00     3.6092e-04  0.0000e+00     2.4564e-05  0.0000e+00     7.3455e-05  0.0000e+00 
3.3552e+00     4.7809e-05  0.0000e+00     1.6041e-04  0.0000e+00     1.0917e-05  0.0000e+00     3.6630e-05  0.0000e+00 
3.7646e+00     1.8642e-05  0.0000e+00     7.0180e-05  0.0000e+00     4.7764e-06  0.0000e+00     1.7981e-05  0.0000e+00 
4.2240e+00     2.3735e-06  0.0000e+00     1.0026e-05  0.0000e+00     6.8234e-07  0.0000e+00     2.8822e-06  0.0000e+00 
4.7394e+00     0.0000e+00  0.0000e+00     0.0000e+00  0.0000e+00     0.0000e+00  0.0000e+00     0.0000e+00  0.0000e+00 
5.3176e+00     0.0000e+00  0.0000e+00     0.0000e+00  0.0000e+00     0.0000e+00  0.0000e+00     0.0000e+00  0.0000e+00 
5.9665e+00     5.2688e-02  0.0000e+00     3.1436e-01  0.0000e+00     2.1395e-02  0.0000e+00     1.2766e-01  0.0000e+00 
6.6945e+00     2.9739e-02  0.0000e+00     1.9909e-01  0.0000e+00     1.3550e-02  0.0000e+00     9.0710e-02  0.0000e+00 
7.5114e+00     8.7625e-03  0.0000e+00     6.5818e-02  0.0000e+00     4.4795e-03  0.0000e+00     3.3647e-02  0.0000e+00 
8.4279e+00     3.6628e-02  0.0000e+00     3.0870e-01  0.0000e+00     2.1010e-02  0.0000e+00     1.7707e-01  0.0000e+00 
9.4563e+00     3.0341e-02  0.0000e+00     2.8691e-01  0.0000e+00     1.9527e-02  0.0000e+00     1.8465e-01  0.0000e+00 
1.0610e+01     4.1847e-02  0.0000e+00     4.4401e-01  0.0000e+00     3.0219e-02  0.0000e+00     3.2062e-01  0.0000e+00 
1.1905e+01     3.0747e-02  0.0000e+00     3.6604e-01  0.0000e+00     2.4912e-02  0.0000e+00     2.9657e-01  0.0000e+00 
1.3357e+01     2.5011e-02  0.0000e+00     3.3408e-01  0.0000e+00     2.2738e-02  0.0000e+00     3.0371e-01  0.0000e+00 
1.4987e+01     1.8434e-02  0.0000e+00     2.7628e-01  0.0000e+00     1.8803e-02  0.0000e+00     2.8181e-01  0.0000e+00 
1.6816e+01     2.0008e-02  0.0000e+00     3.3645e-01  0.0000e+00     2.2899e-02  0.0000e+00     3.8506e-01  0.0000e+00 
1.8868e+01     1.5465e-02  0.0000e+00     2.9180e-01  0.0000e+00     1.9859e-02  0.0000e+00     3.7470e-01  0.0000e+00 
2.1170e+01     1.4214e-02  0.0000e+00     3.0091e-01  0.0000e+00     2.0480e-02  0.0000e+00     4.3355e-01  0.0000e+00 
2.3753e+01     1.3769e-02  0.0000e+00     3.2705e-01  0.0000e+00     2.2259e-02  0.0000e+00     5.2871e-01  0.0000e+00 
2.6651e+01     1.0865e-02  0.0000e+00     2.8957e-01  0.0000e+00     1.9708e-02  0.0000e+00     5.2524e-01  0.0000e+00 
2.9903e+01     8.4012e-03  0.0000e+00     2.5122e-01  0.0000e+00     1.7098e-02  0.0000e+00     5.1129e-01  0.0000e+00 
3.3552e+01     7.1654e-03  0.0000e+00     2.4041e-01  0.0000e+00     1.6362e-02  0.0000e+00     5.4899e-01  0.0000e+00 
3.7646e+01     5.7263e-03  0.0000e+00     2.1557e-01  0.0000e+00     1.4672e-02  0.0000e+00     5.5233e-01  0.0000e+00 
4.2240e+01     4.3350e-03  0.0000e+00     1.8311e-01  0.0000e+00     1.2462e-02  0.0000e+00     5.2640e-01  0.0000e+00 
4.7394e+01     3.3045e-03  0.0000e+00     1.5661e-01  0.0000e+00     1.0659e-02  0.0000e+00     5.0516e-01  0.0000e+00 
5.3176e+01     2.3722e-03  0.0000e+00     1.2614e-01  0.0000e+00     8.5852e-03  0.0000e+00     4.5653e-01  0.0000e+00 
5.9665e+01     1.6234e-03  0.0000e+00     9.6858e-02  0.0000e+00     6.5921e-03  0.0000e+00     3.9331e-01  0.0000e+00 
6.6945e+01     1.1139e-03  0.0000e+00     7.4571e-02  0.0000e+00     5.0752e-03  0.0000e+00     3.3976e-01  0.0000e+00 
7.5114e+01     6.5242e-04  0.0000e+00     4.9005e-02  0.0000e+00     3.3353e-03  0.0000e+00     2.5052e-01  0.0000e+00 
8.4279e+01     3.8697e-04  0.0000e+00     3.2613e-02  0.0000e+00     2.2196e-03  0.0000e+00     1.8707e-01  0.0000e+00 
9.4563e+01     2.0059e-04  0.0000e+00     1.8969e-02  0.0000e+00     1.2910e-03  0.0000e+00     1.2208e-01  0.0000e+00 
1.0610e+02     1.0158e-04  0.0000e+00     1.0778e-02  0.0000e+00     7.3351e-04  0.0000e+00     7.7826e-02  0.0000e+00 
1.1905e+02     4.2782e-05  0.0000e+00     5.0930e-03  0.0000e+00     3.4663e-04  0.0000e+00     4.1265e-02  0.0000e+00 
1.3357e+02     1.9065e-05  0.0000e+00     2.5465e-03  0.0000e+00     1.7331e-04  0.0000e+00     2.3150e-02  0.0000e+00 
1.4987e+02     6.9571e-06  0.0000e+00     1.0427e-03  0.0000e+00     7.0963e-05  0.0000e+00     1.0635e-02  0.0000e+00 
1.6816e+02     2.3848e-06  0.0000e+00     4.0103e-04  0.0000e+00     2.7293e-05  0.0000e+00     4.5896e-03  0.0000e+00 
1.8868e+02     6.9077e-07  0.0000e+00     1.3033e-04  0.0000e+00     8.8704e-06  0.0000e+00     1.6736e-03  0.0000e+00 
2.1170e+02     9.4716e-08  0.0000e+00     2.0051e-05  0.0000e+00     1.3647e-06  0.0000e+00     2.8890e-04  0.0000e+00 
2.3753e+02     0.0000e+00  0.0000e+00     0.0000e+00  0.0000e+00     0.0000e+00  0.0000e+00     0.0000e+00  0.0000e+00 
2.6651e+02     0.0000e+00  0.0000e+00     0.0000e+00  0.0000e+00     0.0000e+00  0.0000e+00     0.0000e+00  0.0000e+00 
2.9903e+02     0.0000e+00  0.0000e+00     0.0000e+00  0.0000e+00     0.0000e+00  0.0000e+00     0.0000e+00  0.0000e+00 
3.3552e+02     0.0000e+00  0.0000e+00     0.0000e+00  0.0000e+00     0.0000e+00  0.0000e+00     0.0000e+00  0.0000e+00 
3.7646e+02     0.0000e+00  0.0000e+00     0.0000e+00  0.0000e+00     0.0000e+00  0.0000e+00     0.0000e+00  0.0000e+00 
4.2240e+02     0.0000e+00  0.0000e+00     0.0000e+00  0.0000e+00     0.0000e+00  0.0000e+00     0.0000e+00  0.0000e+00 
4.7394e+02     0.0000e+00  0.0000e+00     0.0000e+00  0.0000e+00     0.0000e+00  0.0000e+00     0.0000e+00  0.0000e+00 
5.3176e+02     0.0000e+00  0.0000e+00     0.0000e+00  0.0000e+00     0.0000e+00  0.0000e+00     0.0000e+00  0.0000e+00 
5.9665e+02     0.0000e+00  0.0000e+00     0.0000e+00  0.0000e+00     0.0000e+00  0.0000e+00     0.0000e+00  0.0000e+00 
6.6945e+02     0.0000e+00  0.0000e+00     0.0000e+00  0.0000e+00     0.0000e+00  0.0000e+00     0.0000e+00  0.0000e+00 
7.5114e+02     0.0000e+00  0.0000e+00     0.0000e+00  0.0000e+00     0.0000e+00  0.0000e+00     0.0000e+00  0.0000e+00 
8.4279e+02     0.0000e+00  0.0000e+00     0.0000e+00  0.0000e+00     0.0000e+00  0.0000e+00     0.0000e+00  0.0000e+00 
9.4563e+02     0.0000e+00  0.0000e+00     0.0000e+00  0.0000e+00     0.0000e+00  0.0000e+00     0.0000e+00  0.0000e+00 
1.0610e+03     0.0000e+00  0.0000e+00     0.0000e+00  0.0000e+00     0.0000e+00  0.0000e+00     0.0000e+00  0.0000e+00 
1.1905e+03     0.0000e+00  0.0000e+00     0.0000e+00  0.0000e+00     0.0000e+00  0.0000e+00     0.0000e+00  0.0000e+00 
1.3357e+03     0.0000e+00  0.0000e+00     0.0000e+00  0.0000e+00     0.0000e+00  0.0000e+00     0.0000e+00  0.0000e+00 
1.4987e+03     0.0000e+00  0.0000e+00     0.0000e+00  0.0000e+00     0.0000e+00  0.0000e+00     0.0000e+00  0.0000e+00 
1.6816e+03     0.0000e+00  0.0000e+00     0.0000e+00  0.0000e+00     0.0000e+00  0.0000e+00     0.0000e+00  0.0000e+00 
1.8868e+03     0.0000e+00  0.0000e+00     0.0000e+00  0.0000e+00     0.0000e+00  0.0000e+00     0.0000e+00  0.0000e+00 
2.1170e+03     0.0000e+00  0.0000e+00     0.0000e+00  0.0000e+00     0.0000e+00  0.0000e+00     0.0000e+00  0.0000e+00 
2.3753e+03     0.0000e+00  0.0000e+00     0.0000e+00  0.0000e+00     0.0000e+00  0.0000e+00     0.0000e+00  0.0000e+00 
2.6651e+03     0.0000e+00  0.0000e+00     0.0000e+00  0.0000e+00     0.0000e+00  0.0000e+00     0.0000e+00  0.0000e+00 
2.9903e+03     0.0000e+00  0.0000e+00     0.0000e+00  0.0000e+00     0.0000e+00  0.0000e+00     0.0000e+00  0.0000e+00 
3.3552e+03     0.0000e+00  0.0000e+00     0.0000e+00  0.0000e+00     0.0000e+00  0.0000e+00     0.0000e+00  0.0000e+00 
3.7646e+03     0.0000e+00  0.0000e+00     0.0000e+00  0.0000e+00     0.0000e+00  0.0000e+00     0.0000e+00  0.0000e+00 
4.2240e+03     0.0000e+00  0.0000e+00     0.0000e+00  0.0000e+00     0.0000e+00  0.0000e+00     0.0000e+00  0.0000e+00 
4.7394e+03     0.0000e+00  0.0000e+00     0.0000e+00  0.0000e+00     0.0000e+00  0.0000e+00     0.0000e+00  0.0000e+00 
5.3176e+03     0.0000e+00  0.0000e+00     0.0000e+00  0.0000e+00     0.0000e+00  0.0000e+00     0.0000e+00  0.0000e+00 
5.9665e+03     0.0000e+00  0.0000e+00     0.0000e+00  0.0000e+00     0.0000e+00  0.0000e+00     0.0000e+00  0.0000e+00 
6.6945e+03     0.0000e+00  0.0000e+00     0.0000e+00  0.0000e+00     0.0000e+00  0.0000e+00     0.0000e+00  0.0000e+00 
7.5114e+03     0.0000e+00  0.0000e+00     0.0000e+00  0.0000e+00     0.0000e+00  0.0000e+00     0.0000e+00  0.0000e+00 
8.4279e+03     0.0000e+00  0.0000e+00     0.0000e+00  0.0000e+00     0.0000e+00  0.0000e+00     0.0000e+00  0.0000e+00 
9.4563e+03     0.0000e+00  0.0000e+00     0.0000e+00  0.0000e+00     0.0000e+00  0.0000e+00     0.0000e+00  0.0000e+00 
