yF = 1.0194e+02 (std: 0.0000e+00) keV/um
yD = 1.1866e+02 (std: 0.0000e+00) keV/um
y (keV/um)     f(y)(std)                  yf(y)(std)                 d(y)(std)                  yd(y)(std)  
1.0610e-01     4.7535e-03  0.0000e+00     5.0435e-04  0.0000e+00     4.9473e-06  0.0000e+00     5.2491e-07  0.0000e+00 
1.1905e-01     5.8435e-04  0.0000e+00     6.9565e-05  0.0000e+00     6.8238e-07  0.0000e+00     8.1235e-08  0.0000e+00 
1.3357e-01     2.6040e-04  0.0000e+00     3.4783e-05  0.0000e+00     3.4119e-07  0.0000e+00     4.5574e-08  0.0000e+00 
1.4987e-01     1.2765e-03  0.0000e+00     1.9130e-04  0.0000e+00     1.8765e-06  0.0000e+00     2.8124e-07  0.0000e+00 
1.6816e-01     8.7909e-04  0.0000e+00     1.4783e-04  0.0000e+00     1.4501e-06  0.0000e+00     2.4384e-07  0.0000e+00 
1.8868e-01     6.9131e-04  0.0000e+00     1.3043e-04  0.0000e+00     1.2795e-06  0.0000e+00     2.4141e-07  0.0000e+00 
2.1170e-01     4.1075e-04  0.0000e+00     8.6956e-05  0.0000e+00     8.5298e-07  0.0000e+00     1.8057e-07  0.0000e+00 
2.3753e-01     5.4913e-04  0.0000e+00     1.3043e-04  0.0000e+00     1.2795e-06  0.0000e+00     3.0391e-07  0.0000e+00 
2.6651e-01     5.8729e-04  0.0000e+00     1.5652e-04  0.0000e+00     1.5354e-06  0.0000e+00     4.0919e-07  0.0000e+00 
2.9903e-01     4.9435e-04  0.0000e+00     1.4783e-04  0.0000e+00     1.4501e-06  0.0000e+00     4.3362e-07  0.0000e+00 
3.3552e-01     3.8875e-04  0.0000e+00     1.3043e-04  0.0000e+00     1.2795e-06  0.0000e+00     4.2929e-07  0.0000e+00 
3.7646e-01     4.6197e-04  0.0000e+00     1.7391e-04  0.0000e+00     1.7060e-06  0.0000e+00     6.4222e-07  0.0000e+00 
4.2240e-01     1.8528e-04  0.0000e+00     7.8261e-05  0.0000e+00     7.6768e-07  0.0000e+00     3.2426e-07  0.0000e+00 
4.7394e-01     3.8530e-04  0.0000e+00     1.8261e-04  0.0000e+00     1.7912e-06  0.0000e+00     8.4894e-07  0.0000e+00 
5.3176e-01     3.5975e-04  0.0000e+00     1.9130e-04  0.0000e+00     1.8765e-06  0.0000e+00     9.9788e-07  0.0000e+00 
5.9665e-01     1.6032e-04  0.0000e+00     9.5652e-05  0.0000e+00     9.3827e-07  0.0000e+00     5.5982e-07  0.0000e+00 
6.6945e-01     2.2082e-04  0.0000e+00     1.4783e-04  0.0000e+00     1.4501e-06  0.0000e+00     9.7074e-07  0.0000e+00 
7.5114e-01     2.0838e-04  0.0000e+00     1.5652e-04  0.0000e+00     1.5354e-06  0.0000e+00     1.1533e-06  0.0000e+00 
8.4279e-01     9.2859e-05  0.0000e+00     7.8261e-05  0.0000e+00     7.6768e-07  0.0000e+00     6.4699e-07  0.0000e+00 
9.4563e-01     1.1954e-04  0.0000e+00     1.1304e-04  0.0000e+00     1.1089e-06  0.0000e+00     1.0486e-06  0.0000e+00 
1.0610e+00     4.0978e-05  0.0000e+00     4.3478e-05  0.0000e+00     4.2649e-07  0.0000e+00     4.5251e-07  0.0000e+00 
1.1905e+00     2.9217e-05  0.0000e+00     3.4783e-05  0.0000e+00     3.4119e-07  0.0000e+00     4.0618e-07  0.0000e+00 
1.3357e+00     2.6040e-05  0.0000e+00     3.4783e-05  0.0000e+00     3.4119e-07  0.0000e+00     4.5574e-07  0.0000e+00 
1.4987e+00     0.0000e+00  0.0000e+00     0.0000e+00  0.0000e+00     0.0000e+00  0.0000e+00     0.0000e+00  0.0000e+00 
1.6816e+00     1.0342e-05  0.0000e+00     1.7391e-05  0.0000e+00     1.7060e-07  0.0000e+00     2.8687e-07  0.0000e+00 
1.8868e+00     0.0000e+00  0.0000e+00     0.0000e+00  0.0000e+00     0.0000e+00  0.0000e+00     0.0000e+00  0.0000e+00 
2.1170e+00     8.2151e-06  0.0000e+00     1.7391e-05  0.0000e+00     1.7060e-07  0.0000e+00     3.6115e-07  0.0000e+00 
2.3753e+00     0.0000e+00  0.0000e+00     0.0000e+00  0.0000e+00     0.0000e+00  0.0000e+00     0.0000e+00  0.0000e+00 
2.6651e+00     0.0000e+00  0.0000e+00     0.0000e+00  0.0000e+00     0.0000e+00  0.0000e+00     0.0000e+00  0.0000e+00 
2.9903e+00     0.0000e+00  0.0000e+00     0.0000e+00  0.0000e+00     0.0000e+00  0.0000e+00     0.0000e+00  0.0000e+00 
3.3552e+00     0.0000e+00  0.0000e+00     0.0000e+00  0.0000e+00     0.0000e+00  0.0000e+00     0.0000e+00  0.0000e+00 
3.7646e+00     0.0000e+00  0.0000e+00     0.0000e+00  0.0000e+00     0.0000e+00  0.0000e+00     0.0000e+00  0.0000e+00 
4.2240e+00     0.0000e+00  0.0000e+00     0.0000e+00  0.0000e+00     0.0000e+00  0.0000e+00     0.0000e+00  0.0000e+00 
4.7394e+00     0.0000e+00  0.0000e+00     0.0000e+00  0.0000e+00     0.0000e+00  0.0000e+00     0.0000e+00  0.0000e+00 
5.3176e+00     0.0000e+00  0.0000e+00     0.0000e+00  0.0000e+00     0.0000e+00  0.0000e+00     0.0000e+00  0.0000e+00 
5.9665e+00     2.9148e-05  0.0000e+00     1.7391e-04  0.0000e+00     1.7060e-06  0.0000e+00     1.0179e-05  0.0000e+00 
6.6945e+00     5.3256e-05  0.0000e+00     3.5652e-04  0.0000e+00     3.4972e-06  0.0000e+00     2.3412e-05  0.0000e+00 
7.5114e+00     2.4311e-05  0.0000e+00     1.8261e-04  0.0000e+00     1.7912e-06  0.0000e+00     1.3455e-05  0.0000e+00 
8.4279e+00     4.7461e-04  0.0000e+00     4.0000e-03  0.0000e+00     3.9237e-05  0.0000e+00     3.3068e-04  0.0000e+00 
9.4563e+00     3.6691e-04  0.0000e+00     3.4696e-03  0.0000e+00     3.4034e-05  0.0000e+00     3.2183e-04  0.0000e+00 
1.0610e+01     4.7289e-04  0.0000e+00     5.0174e-03  0.0000e+00     4.9217e-05  0.0000e+00     5.2219e-04  0.0000e+00 
1.1905e+01     3.1044e-04  0.0000e+00     3.6956e-03  0.0000e+00     3.6251e-05  0.0000e+00     4.3156e-04  0.0000e+00 
1.3357e+01     2.8188e-04  0.0000e+00     3.7652e-03  0.0000e+00     3.6934e-05  0.0000e+00     4.9334e-04  0.0000e+00 
1.4987e+01     2.2454e-04  0.0000e+00     3.3652e-03  0.0000e+00     3.3010e-05  0.0000e+00     4.9473e-04  0.0000e+00 
1.6816e+01     5.1659e-04  0.0000e+00     8.6869e-03  0.0000e+00     8.5212e-05  0.0000e+00     1.4329e-03  0.0000e+00 
1.8868e+01     8.6737e-04  0.0000e+00     1.6365e-02  0.0000e+00     1.6053e-04  0.0000e+00     3.0288e-03  0.0000e+00 
2.1170e+01     1.0335e-03  0.0000e+00     2.1878e-02  0.0000e+00     2.1461e-04  0.0000e+00     4.5432e-03  0.0000e+00 
2.3753e+01     9.9063e-04  0.0000e+00     2.3530e-02  0.0000e+00     2.3082e-04  0.0000e+00     5.4826e-03  0.0000e+00 
2.6651e+01     1.3390e-03  0.0000e+00     3.5687e-02  0.0000e+00     3.5006e-04  0.0000e+00     9.3296e-03  0.0000e+00 
2.9903e+01     1.9556e-03  0.0000e+00     5.8478e-02  0.0000e+00     5.7363e-04  0.0000e+00     1.7153e-02  0.0000e+00 
3.3552e+01     2.3533e-03  0.0000e+00     7.8956e-02  0.0000e+00     7.7450e-04  0.0000e+00     2.5986e-02  0.0000e+00 
3.7646e+01     2.9173e-03  0.0000e+00     1.0983e-01  0.0000e+00     1.0773e-03  0.0000e+00     4.0556e-02  0.0000e+00 
4.2240e+01     3.8548e-03  0.0000e+00     1.6283e-01  0.0000e+00     1.5972e-03  0.0000e+00     6.7465e-02  0.0000e+00 
4.7394e+01     4.7240e-03  0.0000e+00     2.2389e-01  0.0000e+00     2.1962e-03  0.0000e+00     1.0408e-01  0.0000e+00 
5.3176e+01     5.9905e-03  0.0000e+00     3.1856e-01  0.0000e+00     3.1248e-03  0.0000e+00     1.6617e-01  0.0000e+00 
5.9665e+01     7.1040e-03  0.0000e+00     4.2386e-01  0.0000e+00     4.1577e-03  0.0000e+00     2.4807e-01  0.0000e+00 
6.6945e+01     8.3200e-03  0.0000e+00     5.5698e-01  0.0000e+00     5.4636e-03  0.0000e+00     3.6576e-01  0.0000e+00 
7.5114e+01     9.2351e-03  0.0000e+00     6.9369e-01  0.0000e+00     6.8045e-03  0.0000e+00     5.1111e-01  0.0000e+00 
8.4279e+01     9.8675e-03  0.0000e+00     8.3162e-01  0.0000e+00     8.1576e-03  0.0000e+00     6.8751e-01  0.0000e+00 
9.4563e+01     9.9473e-03  0.0000e+00     9.4064e-01  0.0000e+00     9.2270e-03  0.0000e+00     8.7253e-01  0.0000e+00 
1.0610e+02     9.2254e-03  0.0000e+00     9.7882e-01  0.0000e+00     9.6015e-03  0.0000e+00     1.0187e+00  0.0000e+00 
1.1905e+02     7.9336e-03  0.0000e+00     9.4448e-01  0.0000e+00     9.2646e-03  0.0000e+00     1.1029e+00  0.0000e+00 
1.3357e+02     6.0905e-03  0.0000e+00     8.1353e-01  0.0000e+00     7.9801e-03  0.0000e+00     1.0659e+00  0.0000e+00 
1.4987e+02     4.1540e-03  0.0000e+00     6.2257e-01  0.0000e+00     6.1070e-03  0.0000e+00     9.1526e-01  0.0000e+00 
1.6816e+02     2.4535e-03  0.0000e+00     4.1258e-01  0.0000e+00     4.0471e-03  0.0000e+00     6.8056e-01  0.0000e+00 
1.8868e+02     1.2174e-03  0.0000e+00     2.2970e-01  0.0000e+00     2.2531e-03  0.0000e+00     4.2511e-01  0.0000e+00 
2.1170e+02     5.0330e-04  0.0000e+00     1.0655e-01  0.0000e+00     1.0452e-03  0.0000e+00     2.2126e-01  0.0000e+00 
2.3753e+02     1.6693e-04  0.0000e+00     3.9652e-02  0.0000e+00     3.8896e-04  0.0000e+00     9.2389e-02  0.0000e+00 
2.6651e+02     4.3949e-05  0.0000e+00     1.1713e-02  0.0000e+00     1.1490e-04  0.0000e+00     3.0621e-02  0.0000e+00 
2.9903e+02     9.6834e-06  0.0000e+00     2.8956e-03  0.0000e+00     2.8404e-05  0.0000e+00     8.4938e-03  0.0000e+00 
3.3552e+02     1.0108e-06  0.0000e+00     3.3913e-04  0.0000e+00     3.3266e-06  0.0000e+00     1.1161e-03  0.0000e+00 
3.7646e+02     1.6169e-07  0.0000e+00     6.0869e-05  0.0000e+00     5.9708e-07  0.0000e+00     2.2478e-04  0.0000e+00 
4.2240e+02     0.0000e+00  0.0000e+00     0.0000e+00  0.0000e+00     0.0000e+00  0.0000e+00     0.0000e+00  0.0000e+00 
4.7394e+02     0.0000e+00  0.0000e+00     0.0000e+00  0.0000e+00     0.0000e+00  0.0000e+00     0.0000e+00  0.0000e+00 
5.3176e+02     0.0000e+00  0.0000e+00     0.0000e+00  0.0000e+00     0.0000e+00  0.0000e+00     0.0000e+00  0.0000e+00 
5.9665e+02     0.0000e+00  0.0000e+00     0.0000e+00  0.0000e+00     0.0000e+00  0.0000e+00     0.0000e+00  0.0000e+00 
6.6945e+02     0.0000e+00  0.0000e+00     0.0000e+00  0.0000e+00     0.0000e+00  0.0000e+00     0.0000e+00  0.0000e+00 
7.5114e+02     0.0000e+00  0.0000e+00     0.0000e+00  0.0000e+00     0.0000e+00  0.0000e+00     0.0000e+00  0.0000e+00 
8.4279e+02     0.0000e+00  0.0000e+00     0.0000e+00  0.0000e+00     0.0000e+00  0.0000e+00     0.0000e+00  0.0000e+00 
9.4563e+02     0.0000e+00  0.0000e+00     0.0000e+00  0.0000e+00     0.0000e+00  0.0000e+00     0.0000e+00  0.0000e+00 
1.0610e+03     0.0000e+00  0.0000e+00     0.0000e+00  0.0000e+00     0.0000e+00  0.0000e+00     0.0000e+00  0.0000e+00 
1.1905e+03     0.0000e+00  0.0000e+00     0.0000e+00  0.0000e+00     0.0000e+00  0.0000e+00     0.0000e+00  0.0000e+00 
1.3357e+03     0.0000e+00  0.0000e+00     0.0000e+00  0.0000e+00     0.0000e+00  0.0000e+00     0.0000e+00  0.0000e+00 
1.4987e+03     0.0000e+00  0.0000e+00     0.0000e+00  0.0000e+00     0.0000e+00  0.0000e+00     0.0000e+00  0.0000e+00 
1.6816e+03     0.0000e+00  0.0000e+00     0.0000e+00  0.0000e+00     0.0000e+00  0.0000e+00     0.0000e+00  0.0000e+00 
1.8868e+03     0.0000e+00  0.0000e+00     0.0000e+00  0.0000e+00     0.0000e+00  0.0000e+00     0.0000e+00  0.0000e+00 
2.1170e+03     0.0000e+00  0.0000e+00     0.0000e+00  0.0000e+00     0.0000e+00  0.0000e+00     0.0000e+00  0.0000e+00 
2.3753e+03     0.0000e+00  0.0000e+00     0.0000e+00  0.0000e+00     0.0000e+00  0.0000e+00     0.0000e+00  0.0000e+00 
2.6651e+03     0.0000e+00  0.0000e+00     0.0000e+00  0.0000e+00     0.0000e+00  0.0000e+00     0.0000e+00  0.0000e+00 
2.9903e+03     0.0000e+00  0.0000e+00     0.0000e+00  0.0000e+00     0.0000e+00  0.0000e+00     0.0000e+00  0.0000e+00 
3.3552e+03     0.0000e+00  0.0000e+00     0.0000e+00  0.0000e+00     0.0000e+00  0.0000e+00     0.0000e+00  0.0000e+00 
3.7646e+03     0.0000e+00  0.0000e+00     0.0000e+00  0.0000e+00     0.0000e+00  0.0000e+00     0.0000e+00  0.0000e+00 
4.2240e+03     0.0000e+00  0.0000e+00     0.0000e+00  0.0000e+00     0.0000e+00  0.0000e+00     0.0000e+00  0.0000e+00 
4.7394e+03     0.0000e+00  0.0000e+00     0.0000e+00  0.0000e+00     0.0000e+00  0.0000e+00     0.0000e+00  0.0000e+00 
5.3176e+03     0.0000e+00  0.0000e+00     0.0000e+00  0.0000e+00     0.0000e+00  0.0000e+00     0.0000e+00  0.0000e+00 
5.9665e+03     0.0000e+00  0.0000e+00     0.0000e+00  0.0000e+00     0.0000e+00  0.0000e+00     0.0000e+00  0.0000e+00 
6.6945e+03     0.0000e+00  0.0000e+00     0.0000e+00  0.0000e+00     0.0000e+00  0.0000e+00     0.0000e+00  0.0000e+00 
7.5114e+03     0.0000e+00  0.0000e+00     0.0000e+00  0.0000e+00     0.0000e+00  0.0000e+00     0.0000e+00  0.0000e+00 
8.4279e+03     0.0000e+00  0.0000e+00     0.0000e+00  0.0000e+00     0.0000e+00  0.0000e+00     0.0000e+00  0.0000e+00 
9.4563e+03     0.0000e+00  0.0000e+00     0.0000e+00  0.0000e+00     0.0000e+00  0.0000e+00     0.0000e+00  0.0000e+00 
