yF = 1.0198e+02 (std: 0.0000e+00) keV/um
yD = 1.1871e+02 (std: 0.0000e+00) keV/um
y (keV/um)     f(y)(std)                  yf(y)(std)                 d(y)(std)                  yd(y)(std)  
1.0610e-01     4.9993e-03  0.0000e+00     5.3043e-04  0.0000e+00     5.2012e-06  0.0000e+00     5.5185e-07  0.0000e+00 
1.1905e-01     1.0957e-03  0.0000e+00     1.3043e-04  0.0000e+00     1.2790e-06  0.0000e+00     1.5226e-07  0.0000e+00 
1.3357e-01     7.8120e-04  0.0000e+00     1.0435e-04  0.0000e+00     1.0232e-06  0.0000e+00     1.3667e-07  0.0000e+00 
1.4987e-01     1.1024e-03  0.0000e+00     1.6522e-04  0.0000e+00     1.6200e-06  0.0000e+00     2.4280e-07  0.0000e+00 
1.6816e-01     6.2053e-04  0.0000e+00     1.0435e-04  0.0000e+00     1.0232e-06  0.0000e+00     1.7206e-07  0.0000e+00 
1.8868e-01     8.2957e-04  0.0000e+00     1.5652e-04  0.0000e+00     1.5348e-06  0.0000e+00     2.8958e-07  0.0000e+00 
2.1170e-01     6.5721e-04  0.0000e+00     1.3913e-04  0.0000e+00     1.3643e-06  0.0000e+00     2.8881e-07  0.0000e+00 
2.3753e-01     5.4913e-04  0.0000e+00     1.3043e-04  0.0000e+00     1.2790e-06  0.0000e+00     3.0380e-07  0.0000e+00 
2.6651e-01     3.9153e-04  0.0000e+00     1.0435e-04  0.0000e+00     1.0232e-06  0.0000e+00     2.7269e-07  0.0000e+00 
2.9903e-01     3.1987e-04  0.0000e+00     9.5652e-05  0.0000e+00     9.3792e-07  0.0000e+00     2.8047e-07  0.0000e+00 
3.3552e-01     4.9242e-04  0.0000e+00     1.6522e-04  0.0000e+00     1.6200e-06  0.0000e+00     5.4356e-07  0.0000e+00 
3.7646e-01     3.4648e-04  0.0000e+00     1.3043e-04  0.0000e+00     1.2790e-06  0.0000e+00     4.8149e-07  0.0000e+00 
4.2240e-01     2.4704e-04  0.0000e+00     1.0435e-04  0.0000e+00     1.0232e-06  0.0000e+00     4.3219e-07  0.0000e+00 
4.7394e-01     2.2017e-04  0.0000e+00     1.0435e-04  0.0000e+00     1.0232e-06  0.0000e+00     4.8493e-07  0.0000e+00 
5.3176e-01     2.7799e-04  0.0000e+00     1.4783e-04  0.0000e+00     1.4495e-06  0.0000e+00     7.7080e-07  0.0000e+00 
5.9665e-01     3.2063e-04  0.0000e+00     1.9130e-04  0.0000e+00     1.8758e-06  0.0000e+00     1.1192e-06  0.0000e+00 
6.6945e-01     1.5587e-04  0.0000e+00     1.0435e-04  0.0000e+00     1.0232e-06  0.0000e+00     6.8498e-07  0.0000e+00 
7.5114e-01     1.9680e-04  0.0000e+00     1.4783e-04  0.0000e+00     1.4495e-06  0.0000e+00     1.0888e-06  0.0000e+00 
8.4279e-01     1.9604e-04  0.0000e+00     1.6522e-04  0.0000e+00     1.6200e-06  0.0000e+00     1.3654e-06  0.0000e+00 
9.4563e-01     1.0115e-04  0.0000e+00     9.5652e-05  0.0000e+00     9.3792e-07  0.0000e+00     8.8692e-07  0.0000e+00 
1.0610e+00     8.1956e-05  0.0000e+00     8.6956e-05  0.0000e+00     8.5266e-07  0.0000e+00     9.0468e-07  0.0000e+00 
1.1905e+00     4.3826e-05  0.0000e+00     5.2174e-05  0.0000e+00     5.1159e-07  0.0000e+00     6.0904e-07  0.0000e+00 
1.3357e+00     3.9060e-05  0.0000e+00     5.2174e-05  0.0000e+00     5.1159e-07  0.0000e+00     6.8335e-07  0.0000e+00 
1.4987e+00     2.3208e-05  0.0000e+00     3.4782e-05  0.0000e+00     3.4106e-07  0.0000e+00     5.1116e-07  0.0000e+00 
1.6816e+00     5.1711e-06  0.0000e+00     8.6956e-06  0.0000e+00     8.5266e-08  0.0000e+00     1.4338e-07  0.0000e+00 
1.8868e+00     0.0000e+00  0.0000e+00     0.0000e+00  0.0000e+00     0.0000e+00  0.0000e+00     0.0000e+00  0.0000e+00 
2.1170e+00     0.0000e+00  0.0000e+00     0.0000e+00  0.0000e+00     0.0000e+00  0.0000e+00     0.0000e+00  0.0000e+00 
2.3753e+00     3.6608e-06  0.0000e+00     8.6956e-06  0.0000e+00     8.5266e-08  0.0000e+00     2.0253e-07  0.0000e+00 
2.6651e+00     0.0000e+00  0.0000e+00     0.0000e+00  0.0000e+00     0.0000e+00  0.0000e+00     0.0000e+00  0.0000e+00 
2.9903e+00     0.0000e+00  0.0000e+00     0.0000e+00  0.0000e+00     0.0000e+00  0.0000e+00     0.0000e+00  0.0000e+00 
3.3552e+00     0.0000e+00  0.0000e+00     0.0000e+00  0.0000e+00     0.0000e+00  0.0000e+00     0.0000e+00  0.0000e+00 
3.7646e+00     0.0000e+00  0.0000e+00     0.0000e+00  0.0000e+00     0.0000e+00  0.0000e+00     0.0000e+00  0.0000e+00 
4.2240e+00     0.0000e+00  0.0000e+00     0.0000e+00  0.0000e+00     0.0000e+00  0.0000e+00     0.0000e+00  0.0000e+00 
4.7394e+00     0.0000e+00  0.0000e+00     0.0000e+00  0.0000e+00     0.0000e+00  0.0000e+00     0.0000e+00  0.0000e+00 
5.3176e+00     0.0000e+00  0.0000e+00     0.0000e+00  0.0000e+00     0.0000e+00  0.0000e+00     0.0000e+00  0.0000e+00 
5.9665e+00     4.2265e-05  0.0000e+00     2.5217e-04  0.0000e+00     2.4727e-06  0.0000e+00     1.4753e-05  0.0000e+00 
6.6945e+00     4.8060e-05  0.0000e+00     3.2174e-04  0.0000e+00     3.1548e-06  0.0000e+00     2.1120e-05  0.0000e+00 
7.5114e+00     2.4311e-05  0.0000e+00     1.8261e-04  0.0000e+00     1.7906e-06  0.0000e+00     1.3450e-05  0.0000e+00 
8.4279e+00     4.8596e-04  0.0000e+00     4.0956e-03  0.0000e+00     4.0160e-05  0.0000e+00     3.3847e-04  0.0000e+00 
9.4563e+00     3.6415e-04  0.0000e+00     3.4435e-03  0.0000e+00     3.3765e-05  0.0000e+00     3.1929e-04  0.0000e+00 
1.0610e+01     4.5240e-04  0.0000e+00     4.8000e-03  0.0000e+00     4.7067e-05  0.0000e+00     4.9938e-04  0.0000e+00 
1.1905e+01     2.9436e-04  0.0000e+00     3.5043e-03  0.0000e+00     3.4362e-05  0.0000e+00     4.0907e-04  0.0000e+00 
1.3357e+01     2.8123e-04  0.0000e+00     3.7565e-03  0.0000e+00     3.6835e-05  0.0000e+00     4.9201e-04  0.0000e+00 
1.4987e+01     2.2802e-04  0.0000e+00     3.4174e-03  0.0000e+00     3.3509e-05  0.0000e+00     5.0221e-04  0.0000e+00 
1.6816e+01     4.8970e-04  0.0000e+00     8.2347e-03  0.0000e+00     8.0747e-05  0.0000e+00     1.3578e-03  0.0000e+00 
1.8868e+01     8.9455e-04  0.0000e+00     1.6878e-02  0.0000e+00     1.6550e-04  0.0000e+00     3.1226e-03  0.0000e+00 
2.1170e+01     1.0528e-03  0.0000e+00     2.2287e-02  0.0000e+00     2.1854e-04  0.0000e+00     4.6264e-03  0.0000e+00 
2.3753e+01     9.9026e-04  0.0000e+00     2.3522e-02  0.0000e+00     2.3064e-04  0.0000e+00     5.4785e-03  0.0000e+00 
2.6651e+01     1.3015e-03  0.0000e+00     3.4687e-02  0.0000e+00     3.4012e-04  0.0000e+00     9.0648e-03  0.0000e+00 
2.9903e+01     1.9341e-03  0.0000e+00     5.7835e-02  0.0000e+00     5.6710e-04  0.0000e+00     1.6958e-02  0.0000e+00 
3.3552e+01     2.3818e-03  0.0000e+00     7.9913e-02  0.0000e+00     7.8359e-04  0.0000e+00     2.6291e-02  0.0000e+00 
3.7646e+01     2.9409e-03  0.0000e+00     1.1071e-01  0.0000e+00     1.0856e-03  0.0000e+00     4.0869e-02  0.0000e+00 
4.2240e+01     3.9137e-03  0.0000e+00     1.6531e-01  0.0000e+00     1.6210e-03  0.0000e+00     6.8470e-02  0.0000e+00 
4.7394e+01     4.7067e-03  0.0000e+00     2.2307e-01  0.0000e+00     2.1873e-03  0.0000e+00     1.0366e-01  0.0000e+00 
5.3176e+01     5.9042e-03  0.0000e+00     3.1396e-01  0.0000e+00     3.0786e-03  0.0000e+00     1.6371e-01  0.0000e+00 
5.9665e+01     7.0603e-03  0.0000e+00     4.2125e-01  0.0000e+00     4.1306e-03  0.0000e+00     2.4645e-01  0.0000e+00 
6.6945e+01     8.2747e-03  0.0000e+00     5.5395e-01  0.0000e+00     5.4319e-03  0.0000e+00     3.6364e-01  0.0000e+00 
7.5114e+01     9.3232e-03  0.0000e+00     7.0030e-01  0.0000e+00     6.8669e-03  0.0000e+00     5.1580e-01  0.0000e+00 
8.4279e+01     9.8851e-03  0.0000e+00     8.3311e-01  0.0000e+00     8.1691e-03  0.0000e+00     6.8849e-01  0.0000e+00 
9.4563e+01     9.9317e-03  0.0000e+00     9.3917e-01  0.0000e+00     9.2091e-03  0.0000e+00     8.7084e-01  0.0000e+00 
1.0610e+02     9.2506e-03  0.0000e+00     9.8150e-01  0.0000e+00     9.6242e-03  0.0000e+00     1.0211e+00  0.0000e+00 
1.1905e+02     7.8994e-03  0.0000e+00     9.4040e-01  0.0000e+00     9.2212e-03  0.0000e+00     1.0978e+00  0.0000e+00 
1.3357e+02     6.0972e-03  0.0000e+00     8.1442e-01  0.0000e+00     7.9859e-03  0.0000e+00     1.0667e+00  0.0000e+00 
1.4987e+02     4.1436e-03  0.0000e+00     6.2101e-01  0.0000e+00     6.0893e-03  0.0000e+00     9.1262e-01  0.0000e+00 
1.6816e+02     2.4612e-03  0.0000e+00     4.1387e-01  0.0000e+00     4.0582e-03  0.0000e+00     6.8243e-01  0.0000e+00 
1.8868e+02     1.2200e-03  0.0000e+00     2.3019e-01  0.0000e+00     2.2572e-03  0.0000e+00     4.2587e-01  0.0000e+00 
2.1170e+02     5.0654e-04  0.0000e+00     1.0723e-01  0.0000e+00     1.0515e-03  0.0000e+00     2.2260e-01  0.0000e+00 
2.3753e+02     1.7202e-04  0.0000e+00     4.0861e-02  0.0000e+00     4.0066e-04  0.0000e+00     9.5170e-02  0.0000e+00 
2.6651e+02     4.4112e-05  0.0000e+00     1.1756e-02  0.0000e+00     1.1528e-04  0.0000e+00     3.0723e-02  0.0000e+00 
2.9903e+02     8.4620e-06  0.0000e+00     2.5304e-03  0.0000e+00     2.4812e-05  0.0000e+00     7.4197e-03  0.0000e+00 
3.3552e+02     1.1922e-06  0.0000e+00     4.0000e-04  0.0000e+00     3.9222e-06  0.0000e+00     1.3160e-03  0.0000e+00 
3.7646e+02     2.0789e-07  0.0000e+00     7.8261e-05  0.0000e+00     7.6739e-07  0.0000e+00     2.8889e-04  0.0000e+00 
4.2240e+02     0.0000e+00  0.0000e+00     0.0000e+00  0.0000e+00     0.0000e+00  0.0000e+00     0.0000e+00  0.0000e+00 
4.7394e+02     0.0000e+00  0.0000e+00     0.0000e+00  0.0000e+00     0.0000e+00  0.0000e+00     0.0000e+00  0.0000e+00 
5.3176e+02     0.0000e+00  0.0000e+00     0.0000e+00  0.0000e+00     0.0000e+00  0.0000e+00     0.0000e+00  0.0000e+00 
5.9665e+02     0.0000e+00  0.0000e+00     0.0000e+00  0.0000e+00     0.0000e+00  0.0000e+00     0.0000e+00  0.0000e+00 
6.6945e+02     0.0000e+00  0.0000e+00     0.0000e+00  0.0000e+00     0.0000e+00  0.0000e+00     0.0000e+00  0.0000e+00 
7.5114e+02     0.0000e+00  0.0000e+00     0.0000e+00  0.0000e+00     0.0000e+00  0.0000e+00     0.0000e+00  0.0000e+00 
8.4279e+02     0.0000e+00  0.0000e+00     0.0000e+00  0.0000e+00     0.0000e+00  0.0000e+00     0.0000e+00  0.0000e+00 
9.4563e+02     0.0000e+00  0.0000e+00     0.0000e+00  0.0000e+00     0.0000e+00  0.0000e+00     0.0000e+00  0.0000e+00 
1.0610e+03     0.0000e+00  0.0000e+00     0.0000e+00  0.0000e+00     0.0000e+00  0.0000e+00     0.0000e+00  0.0000e+00 
1.1905e+03     0.0000e+00  0.0000e+00     0.0000e+00  0.0000e+00     0.0000e+00  0.0000e+00     0.0000e+00  0.0000e+00 
1.3357e+03     0.0000e+00  0.0000e+00     0.0000e+00  0.0000e+00     0.0000e+00  0.0000e+00     0.0000e+00  0.0000e+00 
1.4987e+03     0.0000e+00  0.0000e+00     0.0000e+00  0.0000e+00     0.0000e+00  0.0000e+00     0.0000e+00  0.0000e+00 
1.6816e+03     0.0000e+00  0.0000e+00     0.0000e+00  0.0000e+00     0.0000e+00  0.0000e+00     0.0000e+00  0.0000e+00 
1.8868e+03     0.0000e+00  0.0000e+00     0.0000e+00  0.0000e+00     0.0000e+00  0.0000e+00     0.0000e+00  0.0000e+00 
2.1170e+03     0.0000e+00  0.0000e+00     0.0000e+00  0.0000e+00     0.0000e+00  0.0000e+00     0.0000e+00  0.0000e+00 
2.3753e+03     0.0000e+00  0.0000e+00     0.0000e+00  0.0000e+00     0.0000e+00  0.0000e+00     0.0000e+00  0.0000e+00 
2.6651e+03     0.0000e+00  0.0000e+00     0.0000e+00  0.0000e+00     0.0000e+00  0.0000e+00     0.0000e+00  0.0000e+00 
2.9903e+03     0.0000e+00  0.0000e+00     0.0000e+00  0.0000e+00     0.0000e+00  0.0000e+00     0.0000e+00  0.0000e+00 
3.3552e+03     0.0000e+00  0.0000e+00     0.0000e+00  0.0000e+00     0.0000e+00  0.0000e+00     0.0000e+00  0.0000e+00 
3.7646e+03     0.0000e+00  0.0000e+00     0.0000e+00  0.0000e+00     0.0000e+00  0.0000e+00     0.0000e+00  0.0000e+00 
4.2240e+03     0.0000e+00  0.0000e+00     0.0000e+00  0.0000e+00     0.0000e+00  0.0000e+00     0.0000e+00  0.0000e+00 
4.7394e+03     0.0000e+00  0.0000e+00     0.0000e+00  0.0000e+00     0.0000e+00  0.0000e+00     0.0000e+00  0.0000e+00 
5.3176e+03     0.0000e+00  0.0000e+00     0.0000e+00  0.0000e+00     0.0000e+00  0.0000e+00     0.0000e+00  0.0000e+00 
5.9665e+03     0.0000e+00  0.0000e+00     0.0000e+00  0.0000e+00     0.0000e+00  0.0000e+00     0.0000e+00  0.0000e+00 
6.6945e+03     0.0000e+00  0.0000e+00     0.0000e+00  0.0000e+00     0.0000e+00  0.0000e+00     0.0000e+00  0.0000e+00 
7.5114e+03     0.0000e+00  0.0000e+00     0.0000e+00  0.0000e+00     0.0000e+00  0.0000e+00     0.0000e+00  0.0000e+00 
8.4279e+03     0.0000e+00  0.0000e+00     0.0000e+00  0.0000e+00     0.0000e+00  0.0000e+00     0.0000e+00  0.0000e+00 
9.4563e+03     0.0000e+00  0.0000e+00     0.0000e+00  0.0000e+00     0.0000e+00  0.0000e+00     0.0000e+00  0.0000e+00 
