yF = 1.5990e+01 (std: 0.0000e+00) keV/um
yD = 2.5839e+01 (std: 0.0000e+00) keV/um
y (keV/um)     f(y)(std)                  yf(y)(std)                 d(y)(std)                  yd(y)(std)  
1.0610e-01     8.0389e+00  0.0000e+00     8.5294e-01  0.0000e+00     5.3341e-02  0.0000e+00     5.6596e-03  0.0000e+00 
1.1905e-01     4.5279e-01  0.0000e+00     5.3903e-02  0.0000e+00     3.3710e-03  0.0000e+00     4.0131e-04  0.0000e+00 
1.3357e-01     1.2531e-01  0.0000e+00     1.6739e-02  0.0000e+00     1.0468e-03  0.0000e+00     1.3983e-04  0.0000e+00 
1.4987e-01     6.0791e-01  0.0000e+00     9.1108e-02  0.0000e+00     5.6977e-03  0.0000e+00     8.5392e-04  0.0000e+00 
1.6816e-01     1.7398e-01  0.0000e+00     2.9256e-02  0.0000e+00     1.8296e-03  0.0000e+00     3.0767e-04  0.0000e+00 
1.8868e-01     1.0075e-01  0.0000e+00     1.9010e-02  0.0000e+00     1.1888e-03  0.0000e+00     2.2431e-04  0.0000e+00 
2.1170e-01     1.1169e-01  0.0000e+00     2.3645e-02  0.0000e+00     1.4787e-03  0.0000e+00     3.1305e-04  0.0000e+00 
2.3753e-01     1.0354e-01  0.0000e+00     2.4594e-02  0.0000e+00     1.5380e-03  0.0000e+00     3.6533e-04  0.0000e+00 
2.6651e-01     4.5563e-02  0.0000e+00     1.2143e-02  0.0000e+00     7.5942e-04  0.0000e+00     2.0239e-04  0.0000e+00 
2.9903e-01     3.5605e-02  0.0000e+00     1.0647e-02  0.0000e+00     6.6585e-04  0.0000e+00     1.9911e-04  0.0000e+00 
3.3552e-01     2.0489e-01  0.0000e+00     6.8745e-02  0.0000e+00     4.2992e-03  0.0000e+00     1.4425e-03  0.0000e+00 
3.7646e-01     1.1607e-01  0.0000e+00     4.3697e-02  0.0000e+00     2.7327e-03  0.0000e+00     1.0288e-03  0.0000e+00 
4.2240e-01     5.4524e-02  0.0000e+00     2.3031e-02  0.0000e+00     1.4403e-03  0.0000e+00     6.0838e-04  0.0000e+00 
4.7394e-01     4.7129e-02  0.0000e+00     2.2336e-02  0.0000e+00     1.3969e-03  0.0000e+00     6.6202e-04  0.0000e+00 
5.3176e-01     3.2131e-02  0.0000e+00     1.7086e-02  0.0000e+00     1.0685e-03  0.0000e+00     5.6821e-04  0.0000e+00 
5.9665e-01     1.6322e-02  0.0000e+00     9.7386e-03  0.0000e+00     6.0904e-04  0.0000e+00     3.6338e-04  0.0000e+00 
6.6945e-01     2.1432e-02  0.0000e+00     1.4347e-02  0.0000e+00     8.9726e-04  0.0000e+00     6.0067e-04  0.0000e+00 
7.5114e-01     1.9955e-02  0.0000e+00     1.4989e-02  0.0000e+00     9.3736e-04  0.0000e+00     7.0409e-04  0.0000e+00 
8.4279e-01     9.3361e-03  0.0000e+00     7.8684e-03  0.0000e+00     4.9207e-04  0.0000e+00     4.1472e-04  0.0000e+00 
9.4563e-01     5.3824e-03  0.0000e+00     5.0897e-03  0.0000e+00     3.1830e-04  0.0000e+00     3.0100e-04  0.0000e+00 
1.0610e+00     4.3564e-03  0.0000e+00     4.6222e-03  0.0000e+00     2.8906e-04  0.0000e+00     3.0670e-04  0.0000e+00 
1.1905e+00     2.1770e-03  0.0000e+00     2.5916e-03  0.0000e+00     1.6208e-04  0.0000e+00     1.9295e-04  0.0000e+00 
1.3357e+00     1.3702e-03  0.0000e+00     1.8302e-03  0.0000e+00     1.1446e-04  0.0000e+00     1.5288e-04  0.0000e+00 
1.4987e+00     7.7548e-04  0.0000e+00     1.1622e-03  0.0000e+00     7.2683e-05  0.0000e+00     1.0893e-04  0.0000e+00 
1.6816e+00     3.6543e-04  0.0000e+00     6.1451e-04  0.0000e+00     3.8430e-05  0.0000e+00     6.4624e-05  0.0000e+00 
1.8868e+00     1.0620e-04  0.0000e+00     2.0038e-04  0.0000e+00     1.2532e-05  0.0000e+00     2.3644e-05  0.0000e+00 
2.1170e+00     8.8345e-05  0.0000e+00     1.8702e-04  0.0000e+00     1.1696e-05  0.0000e+00     2.4761e-05  0.0000e+00 
2.3753e+00     1.1248e-05  0.0000e+00     2.6718e-05  0.0000e+00     1.6709e-06  0.0000e+00     3.9689e-06  0.0000e+00 
2.6651e+00     0.0000e+00  0.0000e+00     0.0000e+00  0.0000e+00     0.0000e+00  0.0000e+00     0.0000e+00  0.0000e+00 
2.9903e+00     4.4674e-06  0.0000e+00     1.3359e-05  0.0000e+00     8.3544e-07  0.0000e+00     2.4982e-06  0.0000e+00 
3.3552e+00     0.0000e+00  0.0000e+00     0.0000e+00  0.0000e+00     0.0000e+00  0.0000e+00     0.0000e+00  0.0000e+00 
3.7646e+00     0.0000e+00  0.0000e+00     0.0000e+00  0.0000e+00     0.0000e+00  0.0000e+00     0.0000e+00  0.0000e+00 
4.2240e+00     3.1627e-06  0.0000e+00     1.3359e-05  0.0000e+00     8.3544e-07  0.0000e+00     3.5289e-06  0.0000e+00 
4.7394e+00     0.0000e+00  0.0000e+00     0.0000e+00  0.0000e+00     0.0000e+00  0.0000e+00     0.0000e+00  0.0000e+00 
5.3176e+00     0.0000e+00  0.0000e+00     0.0000e+00  0.0000e+00     0.0000e+00  0.0000e+00     0.0000e+00  0.0000e+00 
5.9665e+00     8.6649e-03  0.0000e+00     5.1699e-02  0.0000e+00     3.2332e-03  0.0000e+00     1.9291e-02  0.0000e+00 
6.6945e+00     6.2978e-03  0.0000e+00     4.2161e-02  0.0000e+00     2.6367e-03  0.0000e+00     1.7651e-02  0.0000e+00 
7.5114e+00     5.0136e-03  0.0000e+00     3.7659e-02  0.0000e+00     2.3551e-03  0.0000e+00     1.7690e-02  0.0000e+00 
8.4279e+00     1.2950e-01  0.0000e+00     1.0914e+00  0.0000e+00     6.8253e-02  0.0000e+00     5.7523e-01  0.0000e+00 
9.4563e+00     2.7785e-02  0.0000e+00     2.6274e-01  0.0000e+00     1.6431e-02  0.0000e+00     1.5538e-01  0.0000e+00 
1.0610e+01     8.7351e-02  0.0000e+00     9.2680e-01  0.0000e+00     5.7960e-02  0.0000e+00     6.1496e-01  0.0000e+00 
1.1905e+01     4.4253e-02  0.0000e+00     5.2682e-01  0.0000e+00     3.2946e-02  0.0000e+00     3.9222e-01  0.0000e+00 
1.3357e+01     3.7490e-02  0.0000e+00     5.0077e-01  0.0000e+00     3.1317e-02  0.0000e+00     4.1832e-01  0.0000e+00 
1.4987e+01     2.0774e-02  0.0000e+00     3.1134e-01  0.0000e+00     1.9471e-02  0.0000e+00     2.9181e-01  0.0000e+00 
1.6816e+01     1.9683e-02  0.0000e+00     3.3099e-01  0.0000e+00     2.0700e-02  0.0000e+00     3.4808e-01  0.0000e+00 
1.8868e+01     2.2551e-02  0.0000e+00     4.2548e-01  0.0000e+00     2.6609e-02  0.0000e+00     5.0205e-01  0.0000e+00 
2.1170e+01     2.6740e-02  0.0000e+00     5.6608e-01  0.0000e+00     3.5402e-02  0.0000e+00     7.4945e-01  0.0000e+00 
2.3753e+01     2.7786e-02  0.0000e+00     6.6000e-01  0.0000e+00     4.1275e-02  0.0000e+00     9.8041e-01  0.0000e+00 
2.6651e+01     1.2292e-02  0.0000e+00     3.2760e-01  0.0000e+00     2.0488e-02  0.0000e+00     5.4602e-01  0.0000e+00 
2.9903e+01     1.2810e-02  0.0000e+00     3.8307e-01  0.0000e+00     2.3956e-02  0.0000e+00     7.1637e-01  0.0000e+00 
3.3552e+01     8.2299e-03  0.0000e+00     2.7613e-01  0.0000e+00     1.7269e-02  0.0000e+00     5.7940e-01  0.0000e+00 
3.7646e+01     5.5868e-03  0.0000e+00     2.1032e-01  0.0000e+00     1.3153e-02  0.0000e+00     4.9516e-01  0.0000e+00 
4.2240e+01     3.7651e-03  0.0000e+00     1.5904e-01  0.0000e+00     9.9459e-03  0.0000e+00     4.2011e-01  0.0000e+00 
4.7394e+01     1.8973e-03  0.0000e+00     8.9919e-02  0.0000e+00     5.6234e-03  0.0000e+00     2.6651e-01  0.0000e+00 
5.3176e+01     9.0137e-04  0.0000e+00     4.7932e-02  0.0000e+00     2.9976e-03  0.0000e+00     1.5940e-01  0.0000e+00 
5.9665e+01     6.2244e-04  0.0000e+00     3.7138e-02  0.0000e+00     2.3225e-03  0.0000e+00     1.3857e-01  0.0000e+00 
6.6945e+01     3.8353e-04  0.0000e+00     2.5676e-02  0.0000e+00     1.6057e-03  0.0000e+00     1.0749e-01  0.0000e+00 
7.5114e+01     2.2124e-04  0.0000e+00     1.6618e-02  0.0000e+00     1.0393e-03  0.0000e+00     7.8065e-02  0.0000e+00 
8.4279e+01     1.1634e-04  0.0000e+00     9.8054e-03  0.0000e+00     6.1321e-04  0.0000e+00     5.1681e-02  0.0000e+00 
9.4563e+01     4.6195e-05  0.0000e+00     4.3684e-03  0.0000e+00     2.7319e-04  0.0000e+00     2.5833e-02  0.0000e+00 
1.0610e+02     1.3094e-05  0.0000e+00     1.3893e-03  0.0000e+00     8.6886e-05  0.0000e+00     9.2187e-03  0.0000e+00 
1.1905e+02     2.4687e-06  0.0000e+00     2.9390e-04  0.0000e+00     1.8380e-05  0.0000e+00     2.1881e-03  0.0000e+00 
1.3357e+02     6.0007e-07  0.0000e+00     8.0153e-05  0.0000e+00     5.0126e-06  0.0000e+00     6.6955e-04  0.0000e+00 
1.4987e+02     0.0000e+00  0.0000e+00     0.0000e+00  0.0000e+00     0.0000e+00  0.0000e+00     0.0000e+00  0.0000e+00 
1.6816e+02     0.0000e+00  0.0000e+00     0.0000e+00  0.0000e+00     0.0000e+00  0.0000e+00     0.0000e+00  0.0000e+00 
1.8868e+02     0.0000e+00  0.0000e+00     0.0000e+00  0.0000e+00     0.0000e+00  0.0000e+00     0.0000e+00  0.0000e+00 
2.1170e+02     0.0000e+00  0.0000e+00     0.0000e+00  0.0000e+00     0.0000e+00  0.0000e+00     0.0000e+00  0.0000e+00 
2.3753e+02     0.0000e+00  0.0000e+00     0.0000e+00  0.0000e+00     0.0000e+00  0.0000e+00     0.0000e+00  0.0000e+00 
2.6651e+02     0.0000e+00  0.0000e+00     0.0000e+00  0.0000e+00     0.0000e+00  0.0000e+00     0.0000e+00  0.0000e+00 
2.9903e+02     0.0000e+00  0.0000e+00     0.0000e+00  0.0000e+00     0.0000e+00  0.0000e+00     0.0000e+00  0.0000e+00 
3.3552e+02     0.0000e+00  0.0000e+00     0.0000e+00  0.0000e+00     0.0000e+00  0.0000e+00     0.0000e+00  0.0000e+00 
3.7646e+02     0.0000e+00  0.0000e+00     0.0000e+00  0.0000e+00     0.0000e+00  0.0000e+00     0.0000e+00  0.0000e+00 
4.2240e+02     0.0000e+00  0.0000e+00     0.0000e+00  0.0000e+00     0.0000e+00  0.0000e+00     0.0000e+00  0.0000e+00 
4.7394e+02     0.0000e+00  0.0000e+00     0.0000e+00  0.0000e+00     0.0000e+00  0.0000e+00     0.0000e+00  0.0000e+00 
5.3176e+02     0.0000e+00  0.0000e+00     0.0000e+00  0.0000e+00     0.0000e+00  0.0000e+00     0.0000e+00  0.0000e+00 
5.9665e+02     0.0000e+00  0.0000e+00     0.0000e+00  0.0000e+00     0.0000e+00  0.0000e+00     0.0000e+00  0.0000e+00 
6.6945e+02     0.0000e+00  0.0000e+00     0.0000e+00  0.0000e+00     0.0000e+00  0.0000e+00     0.0000e+00  0.0000e+00 
7.5114e+02     0.0000e+00  0.0000e+00     0.0000e+00  0.0000e+00     0.0000e+00  0.0000e+00     0.0000e+00  0.0000e+00 
8.4279e+02     0.0000e+00  0.0000e+00     0.0000e+00  0.0000e+00     0.0000e+00  0.0000e+00     0.0000e+00  0.0000e+00 
9.4563e+02     0.0000e+00  0.0000e+00     0.0000e+00  0.0000e+00     0.0000e+00  0.0000e+00     0.0000e+00  0.0000e+00 
1.0610e+03     0.0000e+00  0.0000e+00     0.0000e+00  0.0000e+00     0.0000e+00  0.0000e+00     0.0000e+00  0.0000e+00 
1.1905e+03     0.0000e+00  0.0000e+00     0.0000e+00  0.0000e+00     0.0000e+00  0.0000e+00     0.0000e+00  0.0000e+00 
1.3357e+03     0.0000e+00  0.0000e+00     0.0000e+00  0.0000e+00     0.0000e+00  0.0000e+00     0.0000e+00  0.0000e+00 
1.4987e+03     0.0000e+00  0.0000e+00     0.0000e+00  0.0000e+00     0.0000e+00  0.0000e+00     0.0000e+00  0.0000e+00 
1.6816e+03     0.0000e+00  0.0000e+00     0.0000e+00  0.0000e+00     0.0000e+00  0.0000e+00     0.0000e+00  0.0000e+00 
1.8868e+03     0.0000e+00  0.0000e+00     0.0000e+00  0.0000e+00     0.0000e+00  0.0000e+00     0.0000e+00  0.0000e+00 
2.1170e+03     0.0000e+00  0.0000e+00     0.0000e+00  0.0000e+00     0.0000e+00  0.0000e+00     0.0000e+00  0.0000e+00 
2.3753e+03     0.0000e+00  0.0000e+00     0.0000e+00  0.0000e+00     0.0000e+00  0.0000e+00     0.0000e+00  0.0000e+00 
2.6651e+03     0.0000e+00  0.0000e+00     0.0000e+00  0.0000e+00     0.0000e+00  0.0000e+00     0.0000e+00  0.0000e+00 
2.9903e+03     0.0000e+00  0.0000e+00     0.0000e+00  0.0000e+00     0.0000e+00  0.0000e+00     0.0000e+00  0.0000e+00 
3.3552e+03     0.0000e+00  0.0000e+00     0.0000e+00  0.0000e+00     0.0000e+00  0.0000e+00     0.0000e+00  0.0000e+00 
3.7646e+03     0.0000e+00  0.0000e+00     0.0000e+00  0.0000e+00     0.0000e+00  0.0000e+00     0.0000e+00  0.0000e+00 
4.2240e+03     0.0000e+00  0.0000e+00     0.0000e+00  0.0000e+00     0.0000e+00  0.0000e+00     0.0000e+00  0.0000e+00 
4.7394e+03     0.0000e+00  0.0000e+00     0.0000e+00  0.0000e+00     0.0000e+00  0.0000e+00     0.0000e+00  0.0000e+00 
5.3176e+03     0.0000e+00  0.0000e+00     0.0000e+00  0.0000e+00     0.0000e+00  0.0000e+00     0.0000e+00  0.0000e+00 
5.9665e+03     0.0000e+00  0.0000e+00     0.0000e+00  0.0000e+00     0.0000e+00  0.0000e+00     0.0000e+00  0.0000e+00 
6.6945e+03     0.0000e+00  0.0000e+00     0.0000e+00  0.0000e+00     0.0000e+00  0.0000e+00     0.0000e+00  0.0000e+00 
7.5114e+03     0.0000e+00  0.0000e+00     0.0000e+00  0.0000e+00     0.0000e+00  0.0000e+00     0.0000e+00  0.0000e+00 
8.4279e+03     0.0000e+00  0.0000e+00     0.0000e+00  0.0000e+00     0.0000e+00  0.0000e+00     0.0000e+00  0.0000e+00 
9.4563e+03     0.0000e+00  0.0000e+00     0.0000e+00  0.0000e+00     0.0000e+00  0.0000e+00     0.0000e+00  0.0000e+00 
