yF = 1.5745e+01 (std: 0.0000e+00) keV/um
yD = 3.6752e+01 (std: 0.0000e+00) keV/um
y (keV/um)     f(y)(std)                  yf(y)(std)                 d(y)(std)                  yd(y)(std)  
1.0610e-01     7.7976e+00  0.0000e+00     8.2733e-01  0.0000e+00     5.2546e-02  0.0000e+00     5.5752e-03  0.0000e+00 
1.1905e-01     8.0775e-01  0.0000e+00     9.6161e-02  0.0000e+00     6.1074e-03  0.0000e+00     7.2707e-04  0.0000e+00 
1.3357e-01     3.5907e-01  0.0000e+00     4.7962e-02  0.0000e+00     3.0462e-03  0.0000e+00     4.0689e-04  0.0000e+00 
1.4987e-01     1.0718e+00  0.0000e+00     1.6063e-01  0.0000e+00     1.0202e-02  0.0000e+00     1.5290e-03  0.0000e+00 
1.6816e-01     5.0210e-01  0.0000e+00     8.4432e-02  0.0000e+00     5.3625e-03  0.0000e+00     9.0175e-04  0.0000e+00 
1.8868e-01     3.9903e-01  0.0000e+00     7.5287e-02  0.0000e+00     4.7817e-03  0.0000e+00     9.0219e-04  0.0000e+00 
2.1170e-01     4.0321e-01  0.0000e+00     8.5359e-02  0.0000e+00     5.4214e-03  0.0000e+00     1.1477e-03  0.0000e+00 
2.3753e-01     3.9018e-01  0.0000e+00     9.2679e-02  0.0000e+00     5.8863e-03  0.0000e+00     1.3982e-03  0.0000e+00 
2.6651e-01     2.4063e-01  0.0000e+00     6.4130e-02  0.0000e+00     4.0731e-03  0.0000e+00     1.0855e-03  0.0000e+00 
2.9903e-01     2.1050e-01  0.0000e+00     6.2947e-02  0.0000e+00     3.9979e-03  0.0000e+00     1.1955e-03  0.0000e+00 
3.3552e-01     4.8876e-01  0.0000e+00     1.6399e-01  0.0000e+00     1.0415e-02  0.0000e+00     3.4946e-03  0.0000e+00 
3.7646e-01     4.2615e-01  0.0000e+00     1.6043e-01  0.0000e+00     1.0189e-02  0.0000e+00     3.8359e-03  0.0000e+00 
4.2240e-01     2.6703e-01  0.0000e+00     1.1279e-01  0.0000e+00     7.1637e-03  0.0000e+00     3.0259e-03  0.0000e+00 
4.7394e-01     2.6844e-01  0.0000e+00     1.2722e-01  0.0000e+00     8.0804e-03  0.0000e+00     3.8296e-03  0.0000e+00 
5.3176e-01     2.3007e-01  0.0000e+00     1.2234e-01  0.0000e+00     7.7702e-03  0.0000e+00     4.1319e-03  0.0000e+00 
5.9665e-01     1.5083e-01  0.0000e+00     8.9996e-02  0.0000e+00     5.7158e-03  0.0000e+00     3.4103e-03  0.0000e+00 
6.6945e-01     1.4557e-01  0.0000e+00     9.7453e-02  0.0000e+00     6.1895e-03  0.0000e+00     4.1436e-03  0.0000e+00 
7.5114e-01     1.4442e-01  0.0000e+00     1.0848e-01  0.0000e+00     6.8900e-03  0.0000e+00     5.1753e-03  0.0000e+00 
8.4279e-01     1.0042e-01  0.0000e+00     8.4629e-02  0.0000e+00     5.3750e-03  0.0000e+00     4.5300e-03  0.0000e+00 
9.4563e-01     7.1198e-02  0.0000e+00     6.7326e-02  0.0000e+00     4.2761e-03  0.0000e+00     4.0436e-03  0.0000e+00 
1.0610e+00     5.5701e-02  0.0000e+00     5.9099e-02  0.0000e+00     3.7535e-03  0.0000e+00     3.9825e-03  0.0000e+00 
1.1905e+00     3.8846e-02  0.0000e+00     4.6246e-02  0.0000e+00     2.9372e-03  0.0000e+00     3.4966e-03  0.0000e+00 
1.3357e+00     2.5723e-02  0.0000e+00     3.4359e-02  0.0000e+00     2.1822e-03  0.0000e+00     2.9148e-03  0.0000e+00 
1.4987e+00     1.5698e-02  0.0000e+00     2.3527e-02  0.0000e+00     1.4943e-03  0.0000e+00     2.2395e-03  0.0000e+00 
1.6816e+00     8.7466e-03  0.0000e+00     1.4708e-02  0.0000e+00     9.3416e-04  0.0000e+00     1.5709e-03  0.0000e+00 
1.8868e+00     4.6532e-03  0.0000e+00     8.7796e-03  0.0000e+00     5.5761e-04  0.0000e+00     1.0521e-03  0.0000e+00 
2.1170e+00     2.2320e-03  0.0000e+00     4.7252e-03  0.0000e+00     3.0011e-04  0.0000e+00     6.3533e-04  0.0000e+00 
2.3753e+00     1.0549e-03  0.0000e+00     2.5056e-03  0.0000e+00     1.5914e-04  0.0000e+00     3.7800e-04  0.0000e+00 
2.6651e+00     4.0345e-04  0.0000e+00     1.0753e-03  0.0000e+00     6.8292e-05  0.0000e+00     1.8201e-04  0.0000e+00 
2.9903e+00     1.5175e-04  0.0000e+00     4.5378e-04  0.0000e+00     2.8820e-05  0.0000e+00     8.6182e-05  0.0000e+00 
3.3552e+00     2.9401e-05  0.0000e+00     9.8647e-05  0.0000e+00     6.2653e-06  0.0000e+00     2.1021e-05  0.0000e+00 
3.7646e+00     2.0963e-05  0.0000e+00     7.8917e-05  0.0000e+00     5.0122e-06  0.0000e+00     1.8869e-05  0.0000e+00 
4.2240e+00     2.3354e-06  0.0000e+00     9.8647e-06  0.0000e+00     6.2653e-07  0.0000e+00     2.6464e-06  0.0000e+00 
4.7394e+00     4.1629e-06  0.0000e+00     1.9729e-05  0.0000e+00     1.2531e-06  0.0000e+00     5.9387e-06  0.0000e+00 
5.3176e+00     0.0000e+00  0.0000e+00     0.0000e+00  0.0000e+00     0.0000e+00  0.0000e+00     0.0000e+00  0.0000e+00 
5.9665e+00     5.0196e-02  0.0000e+00     2.9949e-01  0.0000e+00     1.9021e-02  0.0000e+00     1.1349e-01  0.0000e+00 
6.6945e+00     2.8699e-02  0.0000e+00     1.9212e-01  0.0000e+00     1.2202e-02  0.0000e+00     8.1689e-02  0.0000e+00 
7.5114e+00     8.5483e-03  0.0000e+00     6.4209e-02  0.0000e+00     4.0781e-03  0.0000e+00     3.0632e-02  0.0000e+00 
8.4279e+00     3.6737e-02  0.0000e+00     3.0961e-01  0.0000e+00     1.9664e-02  0.0000e+00     1.6573e-01  0.0000e+00 
9.4563e+00     2.8560e-02  0.0000e+00     2.7008e-01  0.0000e+00     1.7153e-02  0.0000e+00     1.6220e-01  0.0000e+00 
1.0610e+01     4.0683e-02  0.0000e+00     4.3165e-01  0.0000e+00     2.7415e-02  0.0000e+00     2.9088e-01  0.0000e+00 
1.1905e+01     3.2096e-02  0.0000e+00     3.8210e-01  0.0000e+00     2.4268e-02  0.0000e+00     2.8890e-01  0.0000e+00 
1.3357e+01     2.6998e-02  0.0000e+00     3.6062e-01  0.0000e+00     2.2904e-02  0.0000e+00     3.0594e-01  0.0000e+00 
1.4987e+01     1.9420e-02  0.0000e+00     2.9106e-01  0.0000e+00     1.8486e-02  0.0000e+00     2.7705e-01  0.0000e+00 
1.6816e+01     1.5747e-02  0.0000e+00     2.6481e-01  0.0000e+00     1.6819e-02  0.0000e+00     2.8282e-01  0.0000e+00 
1.8868e+01     1.6403e-02  0.0000e+00     3.0948e-01  0.0000e+00     1.9656e-02  0.0000e+00     3.7087e-01  0.0000e+00 
2.1170e+01     1.5304e-02  0.0000e+00     3.2399e-01  0.0000e+00     2.0577e-02  0.0000e+00     4.3562e-01  0.0000e+00 
2.3753e+01     1.4070e-02  0.0000e+00     3.3421e-01  0.0000e+00     2.1226e-02  0.0000e+00     5.0419e-01  0.0000e+00 
2.6651e+01     1.1163e-02  0.0000e+00     2.9750e-01  0.0000e+00     1.8895e-02  0.0000e+00     5.0357e-01  0.0000e+00 
2.9903e+01     9.0402e-03  0.0000e+00     2.7033e-01  0.0000e+00     1.7169e-02  0.0000e+00     5.1342e-01  0.0000e+00 
3.3552e+01     7.7925e-03  0.0000e+00     2.6145e-01  0.0000e+00     1.6606e-02  0.0000e+00     5.5715e-01  0.0000e+00 
3.7646e+01     6.3204e-03  0.0000e+00     2.3794e-01  0.0000e+00     1.5112e-02  0.0000e+00     5.6890e-01  0.0000e+00 
4.2240e+01     4.8327e-03  0.0000e+00     2.0413e-01  0.0000e+00     1.2965e-02  0.0000e+00     5.4763e-01  0.0000e+00 
4.7394e+01     3.6866e-03  0.0000e+00     1.7472e-01  0.0000e+00     1.1097e-02  0.0000e+00     5.2593e-01  0.0000e+00 
5.3176e+01     2.6808e-03  0.0000e+00     1.4255e-01  0.0000e+00     9.0540e-03  0.0000e+00     4.8146e-01  0.0000e+00 
5.9665e+01     1.9068e-03  0.0000e+00     1.1377e-01  0.0000e+00     7.2258e-03  0.0000e+00     4.3113e-01  0.0000e+00 
6.6945e+01     1.2606e-03  0.0000e+00     8.4392e-02  0.0000e+00     5.3600e-03  0.0000e+00     3.5882e-01  0.0000e+00 
7.5114e+01     7.9297e-04  0.0000e+00     5.9563e-02  0.0000e+00     3.7830e-03  0.0000e+00     2.8415e-01  0.0000e+00 
8.4279e+01     4.6433e-04  0.0000e+00     3.9133e-02  0.0000e+00     2.4854e-03  0.0000e+00     2.0947e-01  0.0000e+00 
9.4563e+01     2.4984e-04  0.0000e+00     2.3626e-02  0.0000e+00     1.5005e-03  0.0000e+00     1.4189e-01  0.0000e+00 
1.0610e+02     1.2505e-04  0.0000e+00     1.3268e-02  0.0000e+00     8.4268e-04  0.0000e+00     8.9409e-02  0.0000e+00 
1.1905e+02     6.0739e-05  0.0000e+00     7.2308e-03  0.0000e+00     4.5925e-04  0.0000e+00     5.4672e-02  0.0000e+00 
1.3357e+02     2.5405e-05  0.0000e+00     3.3935e-03  0.0000e+00     2.1553e-04  0.0000e+00     2.8789e-02  0.0000e+00 
1.4987e+02     7.8985e-06  0.0000e+00     1.1838e-03  0.0000e+00     7.5184e-05  0.0000e+00     1.1268e-02  0.0000e+00 
1.6816e+02     2.4638e-06  0.0000e+00     4.1432e-04  0.0000e+00     2.6314e-05  0.0000e+00     4.4250e-03  0.0000e+00 
1.8868e+02     8.3653e-07  0.0000e+00     1.5783e-04  0.0000e+00     1.0024e-05  0.0000e+00     1.8914e-03  0.0000e+00 
2.1170e+02     9.3195e-08  0.0000e+00     1.9729e-05  0.0000e+00     1.2531e-06  0.0000e+00     2.6527e-04  0.0000e+00 
2.3753e+02     4.1530e-08  0.0000e+00     9.8647e-06  0.0000e+00     6.2653e-07  0.0000e+00     1.4882e-04  0.0000e+00 
2.6651e+02     0.0000e+00  0.0000e+00     0.0000e+00  0.0000e+00     0.0000e+00  0.0000e+00     0.0000e+00  0.0000e+00 
2.9903e+02     0.0000e+00  0.0000e+00     0.0000e+00  0.0000e+00     0.0000e+00  0.0000e+00     0.0000e+00  0.0000e+00 
3.3552e+02     0.0000e+00  0.0000e+00     0.0000e+00  0.0000e+00     0.0000e+00  0.0000e+00     0.0000e+00  0.0000e+00 
3.7646e+02     0.0000e+00  0.0000e+00     0.0000e+00  0.0000e+00     0.0000e+00  0.0000e+00     0.0000e+00  0.0000e+00 
4.2240e+02     0.0000e+00  0.0000e+00     0.0000e+00  0.0000e+00     0.0000e+00  0.0000e+00     0.0000e+00  0.0000e+00 
4.7394e+02     0.0000e+00  0.0000e+00     0.0000e+00  0.0000e+00     0.0000e+00  0.0000e+00     0.0000e+00  0.0000e+00 
5.3176e+02     0.0000e+00  0.0000e+00     0.0000e+00  0.0000e+00     0.0000e+00  0.0000e+00     0.0000e+00  0.0000e+00 
5.9665e+02     0.0000e+00  0.0000e+00     0.0000e+00  0.0000e+00     0.0000e+00  0.0000e+00     0.0000e+00  0.0000e+00 
6.6945e+02     0.0000e+00  0.0000e+00     0.0000e+00  0.0000e+00     0.0000e+00  0.0000e+00     0.0000e+00  0.0000e+00 
7.5114e+02     0.0000e+00  0.0000e+00     0.0000e+00  0.0000e+00     0.0000e+00  0.0000e+00     0.0000e+00  0.0000e+00 
8.4279e+02     0.0000e+00  0.0000e+00     0.0000e+00  0.0000e+00     0.0000e+00  0.0000e+00     0.0000e+00  0.0000e+00 
9.4563e+02     0.0000e+00  0.0000e+00     0.0000e+00  0.0000e+00     0.0000e+00  0.0000e+00     0.0000e+00  0.0000e+00 
1.0610e+03     0.0000e+00  0.0000e+00     0.0000e+00  0.0000e+00     0.0000e+00  0.0000e+00     0.0000e+00  0.0000e+00 
1.1905e+03     0.0000e+00  0.0000e+00     0.0000e+00  0.0000e+00     0.0000e+00  0.0000e+00     0.0000e+00  0.0000e+00 
1.3357e+03     0.0000e+00  0.0000e+00     0.0000e+00  0.0000e+00     0.0000e+00  0.0000e+00     0.0000e+00  0.0000e+00 
1.4987e+03     0.0000e+00  0.0000e+00     0.0000e+00  0.0000e+00     0.0000e+00  0.0000e+00     0.0000e+00  0.0000e+00 
1.6816e+03     0.0000e+00  0.0000e+00     0.0000e+00  0.0000e+00     0.0000e+00  0.0000e+00     0.0000e+00  0.0000e+00 
1.8868e+03     0.0000e+00  0.0000e+00     0.0000e+00  0.0000e+00     0.0000e+00  0.0000e+00     0.0000e+00  0.0000e+00 
2.1170e+03     0.0000e+00  0.0000e+00     0.0000e+00  0.0000e+00     0.0000e+00  0.0000e+00     0.0000e+00  0.0000e+00 
2.3753e+03     0.0000e+00  0.0000e+00     0.0000e+00  0.0000e+00     0.0000e+00  0.0000e+00     0.0000e+00  0.0000e+00 
2.6651e+03     0.0000e+00  0.0000e+00     0.0000e+00  0.0000e+00     0.0000e+00  0.0000e+00     0.0000e+00  0.0000e+00 
2.9903e+03     0.0000e+00  0.0000e+00     0.0000e+00  0.0000e+00     0.0000e+00  0.0000e+00     0.0000e+00  0.0000e+00 
3.3552e+03     0.0000e+00  0.0000e+00     0.0000e+00  0.0000e+00     0.0000e+00  0.0000e+00     0.0000e+00  0.0000e+00 
3.7646e+03     0.0000e+00  0.0000e+00     0.0000e+00  0.0000e+00     0.0000e+00  0.0000e+00     0.0000e+00  0.0000e+00 
4.2240e+03     0.0000e+00  0.0000e+00     0.0000e+00  0.0000e+00     0.0000e+00  0.0000e+00     0.0000e+00  0.0000e+00 
4.7394e+03     0.0000e+00  0.0000e+00     0.0000e+00  0.0000e+00     0.0000e+00  0.0000e+00     0.0000e+00  0.0000e+00 
5.3176e+03     0.0000e+00  0.0000e+00     0.0000e+00  0.0000e+00     0.0000e+00  0.0000e+00     0.0000e+00  0.0000e+00 
5.9665e+03     0.0000e+00  0.0000e+00     0.0000e+00  0.0000e+00     0.0000e+00  0.0000e+00     0.0000e+00  0.0000e+00 
6.6945e+03     0.0000e+00  0.0000e+00     0.0000e+00  0.0000e+00     0.0000e+00  0.0000e+00     0.0000e+00  0.0000e+00 
7.5114e+03     0.0000e+00  0.0000e+00     0.0000e+00  0.0000e+00     0.0000e+00  0.0000e+00     0.0000e+00  0.0000e+00 
8.4279e+03     0.0000e+00  0.0000e+00     0.0000e+00  0.0000e+00     0.0000e+00  0.0000e+00     0.0000e+00  0.0000e+00 
9.4563e+03     0.0000e+00  0.0000e+00     0.0000e+00  0.0000e+00     0.0000e+00  0.0000e+00     0.0000e+00  0.0000e+00 
