yF = 5.4727e+00 (std: 0.0000e+00) keV/um
yD = 2.4062e+01 (std: 0.0000e+00) keV/um
y (keV/um)     f(y)(std)                  yf(y)(std)                 d(y)(std)                  yd(y)(std)  
1.0610e-01     2.2071e+01  0.0000e+00     2.3418e+00  0.0000e+00     4.2791e-01  0.0000e+00     4.5401e-02  0.0000e+00 
1.1905e-01     1.7816e+00  0.0000e+00     2.1210e-01  0.0000e+00     3.8756e-02  0.0000e+00     4.6138e-03  0.0000e+00 
1.3357e-01     5.8476e-01  0.0000e+00     7.8109e-02  0.0000e+00     1.4272e-02  0.0000e+00     1.9064e-03  0.0000e+00 
1.4987e-01     2.5880e+00  0.0000e+00     3.8787e-01  0.0000e+00     7.0873e-02  0.0000e+00     1.0622e-02  0.0000e+00 
1.6816e-01     8.7481e-01  0.0000e+00     1.4711e-01  0.0000e+00     2.6880e-02  0.0000e+00     4.5201e-03  0.0000e+00 
1.8868e-01     6.1139e-01  0.0000e+00     1.1535e-01  0.0000e+00     2.1078e-02  0.0000e+00     3.9770e-03  0.0000e+00 
2.1170e-01     6.4689e-01  0.0000e+00     1.3695e-01  0.0000e+00     2.5024e-02  0.0000e+00     5.2975e-03  0.0000e+00 
2.3753e-01     6.0211e-01  0.0000e+00     1.4302e-01  0.0000e+00     2.6133e-02  0.0000e+00     6.2075e-03  0.0000e+00 
2.6651e-01     3.0851e-01  0.0000e+00     8.2223e-02  0.0000e+00     1.5024e-02  0.0000e+00     4.0042e-03  0.0000e+00 
2.9903e-01     2.6619e-01  0.0000e+00     7.9600e-02  0.0000e+00     1.4545e-02  0.0000e+00     4.3494e-03  0.0000e+00 
3.3552e-01     1.2035e+00  0.0000e+00     4.0380e-01  0.0000e+00     7.3784e-02  0.0000e+00     2.4756e-02  0.0000e+00 
3.7646e-01     8.4746e-01  0.0000e+00     3.1903e-01  0.0000e+00     5.8296e-02  0.0000e+00     2.1946e-02  0.0000e+00 
4.2240e-01     4.1965e-01  0.0000e+00     1.7726e-01  0.0000e+00     3.2389e-02  0.0000e+00     1.3681e-02  0.0000e+00 
4.7394e-01     4.0786e-01  0.0000e+00     1.9330e-01  0.0000e+00     3.5320e-02  0.0000e+00     1.6740e-02  0.0000e+00 
5.3176e-01     2.7674e-01  0.0000e+00     1.4716e-01  0.0000e+00     2.6890e-02  0.0000e+00     1.4299e-02  0.0000e+00 
5.9665e-01     1.5201e-01  0.0000e+00     9.0699e-02  0.0000e+00     1.6573e-02  0.0000e+00     9.8883e-03  0.0000e+00 
6.6945e-01     2.1553e-01  0.0000e+00     1.4429e-01  0.0000e+00     2.6365e-02  0.0000e+00     1.7650e-02  0.0000e+00 
7.5114e-01     1.9294e-01  0.0000e+00     1.4493e-01  0.0000e+00     2.6482e-02  0.0000e+00     1.9891e-02  0.0000e+00 
8.4279e-01     1.0382e-01  0.0000e+00     8.7496e-02  0.0000e+00     1.5988e-02  0.0000e+00     1.3474e-02  0.0000e+00 
9.4563e-01     6.3330e-02  0.0000e+00     5.9886e-02  0.0000e+00     1.0943e-02  0.0000e+00     1.0348e-02  0.0000e+00 
1.0610e+00     5.0666e-02  0.0000e+00     5.3757e-02  0.0000e+00     9.8227e-03  0.0000e+00     1.0422e-02  0.0000e+00 
1.1905e+00     2.8898e-02  0.0000e+00     3.4402e-02  0.0000e+00     6.2861e-03  0.0000e+00     7.4835e-03  0.0000e+00 
1.3357e+00     1.6371e-02  0.0000e+00     2.1867e-02  0.0000e+00     3.9957e-03  0.0000e+00     5.3372e-03  0.0000e+00 
1.4987e+00     8.6217e-03  0.0000e+00     1.2922e-02  0.0000e+00     2.3611e-03  0.0000e+00     3.5386e-03  0.0000e+00 
1.6816e+00     4.5317e-03  0.0000e+00     7.6204e-03  0.0000e+00     1.3924e-03  0.0000e+00     2.3415e-03  0.0000e+00 
1.8868e+00     1.9316e-03  0.0000e+00     3.6445e-03  0.0000e+00     6.6595e-04  0.0000e+00     1.2565e-03  0.0000e+00 
2.1170e+00     6.5211e-04  0.0000e+00     1.3805e-03  0.0000e+00     2.5225e-04  0.0000e+00     5.3402e-04  0.0000e+00 
2.3753e+00     2.6735e-04  0.0000e+00     6.3503e-04  0.0000e+00     1.1604e-04  0.0000e+00     2.7562e-04  0.0000e+00 
2.6651e+00     1.0360e-04  0.0000e+00     2.7610e-04  0.0000e+00     5.0451e-05  0.0000e+00     1.3446e-04  0.0000e+00 
2.9903e+00     2.7699e-05  0.0000e+00     8.2830e-05  0.0000e+00     1.5135e-05  0.0000e+00     4.5259e-05  0.0000e+00 
3.3552e+00     0.0000e+00  0.0000e+00     0.0000e+00  0.0000e+00     0.0000e+00  0.0000e+00     0.0000e+00  0.0000e+00 
3.7646e+00     7.3341e-06  0.0000e+00     2.7610e-05  0.0000e+00     5.0451e-06  0.0000e+00     1.8993e-05  0.0000e+00 
4.2240e+00     0.0000e+00  0.0000e+00     0.0000e+00  0.0000e+00     0.0000e+00  0.0000e+00     0.0000e+00  0.0000e+00 
4.7394e+00     0.0000e+00  0.0000e+00     0.0000e+00  0.0000e+00     0.0000e+00  0.0000e+00     0.0000e+00  0.0000e+00 
5.3176e+00     0.0000e+00  0.0000e+00     0.0000e+00  0.0000e+00     0.0000e+00  0.0000e+00     0.0000e+00  0.0000e+00 
5.9665e+00     1.0580e-01  0.0000e+00     6.3128e-01  0.0000e+00     1.1535e-01  0.0000e+00     6.8824e-01  0.0000e+00 
6.6945e+00     2.6556e-02  0.0000e+00     1.7778e-01  0.0000e+00     3.2485e-02  0.0000e+00     2.1747e-01  0.0000e+00 
7.5114e+00     6.8810e-03  0.0000e+00     5.1686e-02  0.0000e+00     9.4444e-03  0.0000e+00     7.0940e-02  0.0000e+00 
8.4279e+00     2.9386e-02  0.0000e+00     2.4766e-01  0.0000e+00     4.5254e-02  0.0000e+00     3.8140e-01  0.0000e+00 
9.4563e+00     1.9443e-02  0.0000e+00     1.8386e-01  0.0000e+00     3.3595e-02  0.0000e+00     3.1768e-01  0.0000e+00 
1.0610e+01     2.8778e-02  0.0000e+00     3.0534e-01  0.0000e+00     5.5793e-02  0.0000e+00     5.9197e-01  0.0000e+00 
1.1905e+01     2.1073e-02  0.0000e+00     2.5086e-01  0.0000e+00     4.5839e-02  0.0000e+00     5.4571e-01  0.0000e+00 
1.3357e+01     1.5687e-02  0.0000e+00     2.0953e-01  0.0000e+00     3.8287e-02  0.0000e+00     5.1141e-01  0.0000e+00 
1.4987e+01     9.9113e-03  0.0000e+00     1.4854e-01  0.0000e+00     2.7142e-02  0.0000e+00     4.0679e-01  0.0000e+00 
1.6816e+01     7.0306e-03  0.0000e+00     1.1823e-01  0.0000e+00     2.1603e-02  0.0000e+00     3.6327e-01  0.0000e+00 
1.8868e+01     5.3134e-03  0.0000e+00     1.0025e-01  0.0000e+00     1.8319e-02  0.0000e+00     3.4563e-01  0.0000e+00 
2.1170e+01     5.0786e-03  0.0000e+00     1.0751e-01  0.0000e+00     1.9645e-02  0.0000e+00     4.1589e-01  0.0000e+00 
2.3753e+01     4.7425e-03  0.0000e+00     1.1265e-01  0.0000e+00     2.0584e-02  0.0000e+00     4.8893e-01  0.0000e+00 
2.6651e+01     3.1121e-03  0.0000e+00     8.2941e-02  0.0000e+00     1.5155e-02  0.0000e+00     4.0391e-01  0.0000e+00 
2.9903e+01     2.2621e-03  0.0000e+00     6.7645e-02  0.0000e+00     1.2360e-02  0.0000e+00     3.6962e-01  0.0000e+00 
3.3552e+01     1.8779e-03  0.0000e+00     6.3006e-02  0.0000e+00     1.1513e-02  0.0000e+00     3.8628e-01  0.0000e+00 
3.7646e+01     1.4470e-03  0.0000e+00     5.4475e-02  0.0000e+00     9.9539e-03  0.0000e+00     3.7473e-01  0.0000e+00 
4.2240e+01     9.9944e-04  0.0000e+00     4.2216e-02  0.0000e+00     7.7139e-03  0.0000e+00     3.2583e-01  0.0000e+00 
4.7394e+01     7.5676e-04  0.0000e+00     3.5865e-02  0.0000e+00     6.5535e-03  0.0000e+00     3.1060e-01  0.0000e+00 
5.3176e+01     4.9014e-04  0.0000e+00     2.6064e-02  0.0000e+00     4.7625e-03  0.0000e+00     2.5325e-01  0.0000e+00 
5.9665e+01     3.1791e-04  0.0000e+00     1.8968e-02  0.0000e+00     3.4660e-03  0.0000e+00     2.0680e-01  0.0000e+00 
6.6945e+01     1.8188e-04  0.0000e+00     1.2176e-02  0.0000e+00     2.2249e-03  0.0000e+00     1.4894e-01  0.0000e+00 
7.5114e+01     1.1579e-04  0.0000e+00     8.6972e-03  0.0000e+00     1.5892e-03  0.0000e+00     1.1937e-01  0.0000e+00 
8.4279e+01     5.4382e-05  0.0000e+00     4.5833e-03  0.0000e+00     8.3748e-04  0.0000e+00     7.0582e-02  0.0000e+00 
9.4563e+01     3.1825e-05  0.0000e+00     3.0095e-03  0.0000e+00     5.4991e-04  0.0000e+00     5.2001e-02  0.0000e+00 
1.0610e+02     1.3532e-05  0.0000e+00     1.4357e-03  0.0000e+00     2.6234e-04  0.0000e+00     2.7835e-02  0.0000e+00 
1.1905e+02     2.3193e-06  0.0000e+00     2.7610e-04  0.0000e+00     5.0451e-05  0.0000e+00     6.0060e-03  0.0000e+00 
1.3357e+02     1.4469e-06  0.0000e+00     1.9327e-04  0.0000e+00     3.5315e-05  0.0000e+00     4.7172e-03  0.0000e+00 
1.4987e+02     7.3690e-07  0.0000e+00     1.1044e-04  0.0000e+00     2.0180e-05  0.0000e+00     3.0244e-03  0.0000e+00 
1.6816e+02     3.2838e-07  0.0000e+00     5.5220e-05  0.0000e+00     1.0090e-05  0.0000e+00     1.6967e-03  0.0000e+00 
1.8868e+02     0.0000e+00  0.0000e+00     0.0000e+00  0.0000e+00     0.0000e+00  0.0000e+00     0.0000e+00  0.0000e+00 
2.1170e+02     0.0000e+00  0.0000e+00     0.0000e+00  0.0000e+00     0.0000e+00  0.0000e+00     0.0000e+00  0.0000e+00 
2.3753e+02     0.0000e+00  0.0000e+00     0.0000e+00  0.0000e+00     0.0000e+00  0.0000e+00     0.0000e+00  0.0000e+00 
2.6651e+02     0.0000e+00  0.0000e+00     0.0000e+00  0.0000e+00     0.0000e+00  0.0000e+00     0.0000e+00  0.0000e+00 
2.9903e+02     0.0000e+00  0.0000e+00     0.0000e+00  0.0000e+00     0.0000e+00  0.0000e+00     0.0000e+00  0.0000e+00 
3.3552e+02     0.0000e+00  0.0000e+00     0.0000e+00  0.0000e+00     0.0000e+00  0.0000e+00     0.0000e+00  0.0000e+00 
3.7646e+02     0.0000e+00  0.0000e+00     0.0000e+00  0.0000e+00     0.0000e+00  0.0000e+00     0.0000e+00  0.0000e+00 
4.2240e+02     0.0000e+00  0.0000e+00     0.0000e+00  0.0000e+00     0.0000e+00  0.0000e+00     0.0000e+00  0.0000e+00 
4.7394e+02     0.0000e+00  0.0000e+00     0.0000e+00  0.0000e+00     0.0000e+00  0.0000e+00     0.0000e+00  0.0000e+00 
5.3176e+02     0.0000e+00  0.0000e+00     0.0000e+00  0.0000e+00     0.0000e+00  0.0000e+00     0.0000e+00  0.0000e+00 
5.9665e+02     0.0000e+00  0.0000e+00     0.0000e+00  0.0000e+00     0.0000e+00  0.0000e+00     0.0000e+00  0.0000e+00 
6.6945e+02     0.0000e+00  0.0000e+00     0.0000e+00  0.0000e+00     0.0000e+00  0.0000e+00     0.0000e+00  0.0000e+00 
7.5114e+02     0.0000e+00  0.0000e+00     0.0000e+00  0.0000e+00     0.0000e+00  0.0000e+00     0.0000e+00  0.0000e+00 
8.4279e+02     0.0000e+00  0.0000e+00     0.0000e+00  0.0000e+00     0.0000e+00  0.0000e+00     0.0000e+00  0.0000e+00 
9.4563e+02     0.0000e+00  0.0000e+00     0.0000e+00  0.0000e+00     0.0000e+00  0.0000e+00     0.0000e+00  0.0000e+00 
1.0610e+03     0.0000e+00  0.0000e+00     0.0000e+00  0.0000e+00     0.0000e+00  0.0000e+00     0.0000e+00  0.0000e+00 
1.1905e+03     0.0000e+00  0.0000e+00     0.0000e+00  0.0000e+00     0.0000e+00  0.0000e+00     0.0000e+00  0.0000e+00 
1.3357e+03     0.0000e+00  0.0000e+00     0.0000e+00  0.0000e+00     0.0000e+00  0.0000e+00     0.0000e+00  0.0000e+00 
1.4987e+03     0.0000e+00  0.0000e+00     0.0000e+00  0.0000e+00     0.0000e+00  0.0000e+00     0.0000e+00  0.0000e+00 
1.6816e+03     0.0000e+00  0.0000e+00     0.0000e+00  0.0000e+00     0.0000e+00  0.0000e+00     0.0000e+00  0.0000e+00 
1.8868e+03     0.0000e+00  0.0000e+00     0.0000e+00  0.0000e+00     0.0000e+00  0.0000e+00     0.0000e+00  0.0000e+00 
2.1170e+03     0.0000e+00  0.0000e+00     0.0000e+00  0.0000e+00     0.0000e+00  0.0000e+00     0.0000e+00  0.0000e+00 
2.3753e+03     0.0000e+00  0.0000e+00     0.0000e+00  0.0000e+00     0.0000e+00  0.0000e+00     0.0000e+00  0.0000e+00 
2.6651e+03     0.0000e+00  0.0000e+00     0.0000e+00  0.0000e+00     0.0000e+00  0.0000e+00     0.0000e+00  0.0000e+00 
2.9903e+03     0.0000e+00  0.0000e+00     0.0000e+00  0.0000e+00     0.0000e+00  0.0000e+00     0.0000e+00  0.0000e+00 
3.3552e+03     0.0000e+00  0.0000e+00     0.0000e+00  0.0000e+00     0.0000e+00  0.0000e+00     0.0000e+00  0.0000e+00 
3.7646e+03     0.0000e+00  0.0000e+00     0.0000e+00  0.0000e+00     0.0000e+00  0.0000e+00     0.0000e+00  0.0000e+00 
4.2240e+03     0.0000e+00  0.0000e+00     0.0000e+00  0.0000e+00     0.0000e+00  0.0000e+00     0.0000e+00  0.0000e+00 
4.7394e+03     0.0000e+00  0.0000e+00     0.0000e+00  0.0000e+00     0.0000e+00  0.0000e+00     0.0000e+00  0.0000e+00 
5.3176e+03     0.0000e+00  0.0000e+00     0.0000e+00  0.0000e+00     0.0000e+00  0.0000e+00     0.0000e+00  0.0000e+00 
5.9665e+03     0.0000e+00  0.0000e+00     0.0000e+00  0.0000e+00     0.0000e+00  0.0000e+00     0.0000e+00  0.0000e+00 
6.6945e+03     0.0000e+00  0.0000e+00     0.0000e+00  0.0000e+00     0.0000e+00  0.0000e+00     0.0000e+00  0.0000e+00 
7.5114e+03     0.0000e+00  0.0000e+00     0.0000e+00  0.0000e+00     0.0000e+00  0.0000e+00     0.0000e+00  0.0000e+00 
8.4279e+03     0.0000e+00  0.0000e+00     0.0000e+00  0.0000e+00     0.0000e+00  0.0000e+00     0.0000e+00  0.0000e+00 
9.4563e+03     0.0000e+00  0.0000e+00     0.0000e+00  0.0000e+00     0.0000e+00  0.0000e+00     0.0000e+00  0.0000e+00 
