yF = 4.2385e+00 (std: 0.0000e+00) keV/um
yD = 2.1000e+01 (std: 0.0000e+00) keV/um
y (keV/um)     f(y)(std)                  yf(y)(std)                 d(y)(std)                  yd(y)(std)  
1.0610e-01     2.5957e+01  0.0000e+00     2.7540e+00  0.0000e+00     6.4976e-01  0.0000e+00     6.8940e-02  0.0000e+00 
1.1905e-01     1.9366e+00  0.0000e+00     2.3055e-01  0.0000e+00     5.4394e-02  0.0000e+00     6.4754e-03  0.0000e+00 
1.3357e-01     6.0880e-01  0.0000e+00     8.1319e-02  0.0000e+00     1.9186e-02  0.0000e+00     2.5627e-03  0.0000e+00 
1.4987e-01     2.9640e+00  0.0000e+00     4.4423e-01  0.0000e+00     1.0481e-01  0.0000e+00     1.5708e-02  0.0000e+00 
1.6816e-01     7.9483e-01  0.0000e+00     1.3366e-01  0.0000e+00     3.1534e-02  0.0000e+00     5.3027e-03  0.0000e+00 
1.8868e-01     6.2127e-01  0.0000e+00     1.1722e-01  0.0000e+00     2.7656e-02  0.0000e+00     5.2181e-03  0.0000e+00 
2.1170e-01     6.1501e-01  0.0000e+00     1.3020e-01  0.0000e+00     3.0718e-02  0.0000e+00     6.5029e-03  0.0000e+00 
2.3753e-01     5.8637e-01  0.0000e+00     1.3928e-01  0.0000e+00     3.2861e-02  0.0000e+00     7.8054e-03  0.0000e+00 
2.6651e-01     2.4182e-01  0.0000e+00     6.4449e-02  0.0000e+00     1.5206e-02  0.0000e+00     4.0525e-03  0.0000e+00 
2.9903e-01     2.2999e-01  0.0000e+00     6.8775e-02  0.0000e+00     1.6226e-02  0.0000e+00     4.8522e-03  0.0000e+00 
3.3552e-01     1.4233e+00  0.0000e+00     4.7753e-01  0.0000e+00     1.1267e-01  0.0000e+00     3.7801e-02  0.0000e+00 
3.7646e-01     9.4102e-01  0.0000e+00     3.5426e-01  0.0000e+00     8.3580e-02  0.0000e+00     3.1465e-02  0.0000e+00 
4.2240e-01     3.6865e-01  0.0000e+00     1.5572e-01  0.0000e+00     3.6739e-02  0.0000e+00     1.5518e-02  0.0000e+00 
4.7394e-01     3.6233e-01  0.0000e+00     1.7172e-01  0.0000e+00     4.0515e-02  0.0000e+00     1.9201e-02  0.0000e+00 
5.3176e-01     2.5297e-01  0.0000e+00     1.3452e-01  0.0000e+00     3.1738e-02  0.0000e+00     1.6877e-02  0.0000e+00 
5.9665e-01     1.2759e-01  0.0000e+00     7.6128e-02  0.0000e+00     1.7961e-02  0.0000e+00     1.0716e-02  0.0000e+00 
6.6945e-01     2.1903e-01  0.0000e+00     1.4663e-01  0.0000e+00     3.4596e-02  0.0000e+00     2.3160e-02  0.0000e+00 
7.5114e-01     1.7045e-01  0.0000e+00     1.2803e-01  0.0000e+00     3.0207e-02  0.0000e+00     2.2690e-02  0.0000e+00 
8.4279e-01     8.5196e-02  0.0000e+00     7.1803e-02  0.0000e+00     1.6941e-02  0.0000e+00     1.4277e-02  0.0000e+00 
9.4563e-01     5.6262e-02  0.0000e+00     5.3203e-02  0.0000e+00     1.2552e-02  0.0000e+00     1.1870e-02  0.0000e+00 
1.0610e+00     3.9544e-02  0.0000e+00     4.1957e-02  0.0000e+00     9.8990e-03  0.0000e+00     1.0503e-02  0.0000e+00 
1.1905e+00     1.7077e-02  0.0000e+00     2.0330e-02  0.0000e+00     4.7964e-03  0.0000e+00     5.7100e-03  0.0000e+00 
1.3357e+00     1.1010e-02  0.0000e+00     1.4707e-02  0.0000e+00     3.4698e-03  0.0000e+00     4.6347e-03  0.0000e+00 
1.4987e+00     5.1950e-03  0.0000e+00     7.7858e-03  0.0000e+00     1.8369e-03  0.0000e+00     2.7530e-03  0.0000e+00 
1.6816e+00     3.6012e-03  0.0000e+00     6.0557e-03  0.0000e+00     1.4287e-03  0.0000e+00     2.4025e-03  0.0000e+00 
1.8868e+00     1.1463e-03  0.0000e+00     2.1627e-03  0.0000e+00     5.1026e-04  0.0000e+00     9.6274e-04  0.0000e+00 
2.1170e+00     0.0000e+00  0.0000e+00     0.0000e+00  0.0000e+00     0.0000e+00  0.0000e+00     0.0000e+00  0.0000e+00 
2.3753e+00     0.0000e+00  0.0000e+00     0.0000e+00  0.0000e+00     0.0000e+00  0.0000e+00     0.0000e+00  0.0000e+00 
2.6651e+00     1.6230e-04  0.0000e+00     4.3255e-04  0.0000e+00     1.0205e-04  0.0000e+00     2.7198e-04  0.0000e+00 
2.9903e+00     0.0000e+00  0.0000e+00     0.0000e+00  0.0000e+00     0.0000e+00  0.0000e+00     0.0000e+00  0.0000e+00 
3.3552e+00     0.0000e+00  0.0000e+00     0.0000e+00  0.0000e+00     0.0000e+00  0.0000e+00     0.0000e+00  0.0000e+00 
3.7646e+00     0.0000e+00  0.0000e+00     0.0000e+00  0.0000e+00     0.0000e+00  0.0000e+00     0.0000e+00  0.0000e+00 
4.2240e+00     0.0000e+00  0.0000e+00     0.0000e+00  0.0000e+00     0.0000e+00  0.0000e+00     0.0000e+00  0.0000e+00 
4.7394e+00     0.0000e+00  0.0000e+00     0.0000e+00  0.0000e+00     0.0000e+00  0.0000e+00     0.0000e+00  0.0000e+00 
5.3176e+00     0.0000e+00  0.0000e+00     0.0000e+00  0.0000e+00     0.0000e+00  0.0000e+00     0.0000e+00  0.0000e+00 
5.9665e+00     1.1367e-01  0.0000e+00     6.7823e-01  0.0000e+00     1.6002e-01  0.0000e+00     9.5474e-01  0.0000e+00 
6.6945e+00     2.0547e-02  0.0000e+00     1.3755e-01  0.0000e+00     3.2452e-02  0.0000e+00     2.1725e-01  0.0000e+00 
7.5114e+00     6.2768e-03  0.0000e+00     4.7148e-02  0.0000e+00     1.1124e-02  0.0000e+00     8.3554e-02  0.0000e+00 
8.4279e+00     2.2172e-02  0.0000e+00     1.8686e-01  0.0000e+00     4.4086e-02  0.0000e+00     3.7156e-01  0.0000e+00 
9.4563e+00     1.5964e-02  0.0000e+00     1.5096e-01  0.0000e+00     3.5616e-02  0.0000e+00     3.3679e-01  0.0000e+00 
1.0610e+01     4.8065e-02  0.0000e+00     5.0997e-01  0.0000e+00     1.2032e-01  0.0000e+00     1.2766e+00  0.0000e+00 
1.1905e+01     1.4243e-02  0.0000e+00     1.6956e-01  0.0000e+00     4.0004e-02  0.0000e+00     4.7624e-01  0.0000e+00 
1.3357e+01     1.0039e-02  0.0000e+00     1.3409e-01  0.0000e+00     3.1636e-02  0.0000e+00     4.2257e-01  0.0000e+00 
1.4987e+01     5.8588e-03  0.0000e+00     8.7807e-02  0.0000e+00     2.0717e-02  0.0000e+00     3.1048e-01  0.0000e+00 
1.6816e+01     5.7361e-03  0.0000e+00     9.6458e-02  0.0000e+00     2.2758e-02  0.0000e+00     3.8269e-01  0.0000e+00 
1.8868e+01     3.6222e-03  0.0000e+00     6.8342e-02  0.0000e+00     1.6124e-02  0.0000e+00     3.0423e-01  0.0000e+00 
2.1170e+01     3.1670e-03  0.0000e+00     6.7045e-02  0.0000e+00     1.5818e-02  0.0000e+00     3.3487e-01  0.0000e+00 
2.3753e+01     2.8044e-03  0.0000e+00     6.6612e-02  0.0000e+00     1.5716e-02  0.0000e+00     3.7330e-01  0.0000e+00 
2.6651e+01     1.9800e-03  0.0000e+00     5.2771e-02  0.0000e+00     1.2450e-02  0.0000e+00     3.3182e-01  0.0000e+00 
2.9903e+01     1.3163e-03  0.0000e+00     3.9362e-02  0.0000e+00     9.2867e-03  0.0000e+00     2.7770e-01  0.0000e+00 
3.3552e+01     1.2892e-03  0.0000e+00     4.3255e-02  0.0000e+00     1.0205e-02  0.0000e+00     3.4240e-01  0.0000e+00 
3.7646e+01     1.0915e-03  0.0000e+00     4.1092e-02  0.0000e+00     9.6949e-03  0.0000e+00     3.6498e-01  0.0000e+00 
4.2240e+01     6.0418e-04  0.0000e+00     2.5520e-02  0.0000e+00     6.0211e-03  0.0000e+00     2.5433e-01  0.0000e+00 
4.7394e+01     4.7459e-04  0.0000e+00     2.2492e-02  0.0000e+00     5.3067e-03  0.0000e+00     2.5150e-01  0.0000e+00 
5.3176e+01     2.7656e-04  0.0000e+00     1.4707e-02  0.0000e+00     3.4698e-03  0.0000e+00     1.8451e-01  0.0000e+00 
5.9665e+01     1.6674e-04  0.0000e+00     9.9486e-03  0.0000e+00     2.3472e-03  0.0000e+00     1.4004e-01  0.0000e+00 
6.6945e+01     1.2922e-04  0.0000e+00     8.6509e-03  0.0000e+00     2.0410e-03  0.0000e+00     1.3664e-01  0.0000e+00 
7.5114e+01     8.0620e-05  0.0000e+00     6.0557e-03  0.0000e+00     1.4287e-03  0.0000e+00     1.0732e-01  0.0000e+00 
8.4279e+01     2.0529e-05  0.0000e+00     1.7302e-03  0.0000e+00     4.0821e-04  0.0000e+00     3.4403e-02  0.0000e+00 
9.4563e+01     9.1484e-06  0.0000e+00     8.6509e-04  0.0000e+00     2.0410e-04  0.0000e+00     1.9301e-02  0.0000e+00 
1.0610e+02     8.1535e-06  0.0000e+00     8.6509e-04  0.0000e+00     2.0410e-04  0.0000e+00     2.1656e-02  0.0000e+00 
1.1905e+02     3.6334e-06  0.0000e+00     4.3255e-04  0.0000e+00     1.0205e-04  0.0000e+00     1.2149e-02  0.0000e+00 
1.3357e+02     3.2383e-06  0.0000e+00     4.3255e-04  0.0000e+00     1.0205e-04  0.0000e+00     1.3631e-02  0.0000e+00 
1.4987e+02     0.0000e+00  0.0000e+00     0.0000e+00  0.0000e+00     0.0000e+00  0.0000e+00     0.0000e+00  0.0000e+00 
1.6816e+02     0.0000e+00  0.0000e+00     0.0000e+00  0.0000e+00     0.0000e+00  0.0000e+00     0.0000e+00  0.0000e+00 
1.8868e+02     0.0000e+00  0.0000e+00     0.0000e+00  0.0000e+00     0.0000e+00  0.0000e+00     0.0000e+00  0.0000e+00 
2.1170e+02     0.0000e+00  0.0000e+00     0.0000e+00  0.0000e+00     0.0000e+00  0.0000e+00     0.0000e+00  0.0000e+00 
2.3753e+02     0.0000e+00  0.0000e+00     0.0000e+00  0.0000e+00     0.0000e+00  0.0000e+00     0.0000e+00  0.0000e+00 
2.6651e+02     0.0000e+00  0.0000e+00     0.0000e+00  0.0000e+00     0.0000e+00  0.0000e+00     0.0000e+00  0.0000e+00 
2.9903e+02     0.0000e+00  0.0000e+00     0.0000e+00  0.0000e+00     0.0000e+00  0.0000e+00     0.0000e+00  0.0000e+00 
3.3552e+02     0.0000e+00  0.0000e+00     0.0000e+00  0.0000e+00     0.0000e+00  0.0000e+00     0.0000e+00  0.0000e+00 
3.7646e+02     0.0000e+00  0.0000e+00     0.0000e+00  0.0000e+00     0.0000e+00  0.0000e+00     0.0000e+00  0.0000e+00 
4.2240e+02     0.0000e+00  0.0000e+00     0.0000e+00  0.0000e+00     0.0000e+00  0.0000e+00     0.0000e+00  0.0000e+00 
4.7394e+02     0.0000e+00  0.0000e+00     0.0000e+00  0.0000e+00     0.0000e+00  0.0000e+00     0.0000e+00  0.0000e+00 
5.3176e+02     0.0000e+00  0.0000e+00     0.0000e+00  0.0000e+00     0.0000e+00  0.0000e+00     0.0000e+00  0.0000e+00 
5.9665e+02     0.0000e+00  0.0000e+00     0.0000e+00  0.0000e+00     0.0000e+00  0.0000e+00     0.0000e+00  0.0000e+00 
6.6945e+02     0.0000e+00  0.0000e+00     0.0000e+00  0.0000e+00     0.0000e+00  0.0000e+00     0.0000e+00  0.0000e+00 
7.5114e+02     0.0000e+00  0.0000e+00     0.0000e+00  0.0000e+00     0.0000e+00  0.0000e+00     0.0000e+00  0.0000e+00 
8.4279e+02     0.0000e+00  0.0000e+00     0.0000e+00  0.0000e+00     0.0000e+00  0.0000e+00     0.0000e+00  0.0000e+00 
9.4563e+02     0.0000e+00  0.0000e+00     0.0000e+00  0.0000e+00     0.0000e+00  0.0000e+00     0.0000e+00  0.0000e+00 
1.0610e+03     0.0000e+00  0.0000e+00     0.0000e+00  0.0000e+00     0.0000e+00  0.0000e+00     0.0000e+00  0.0000e+00 
1.1905e+03     0.0000e+00  0.0000e+00     0.0000e+00  0.0000e+00     0.0000e+00  0.0000e+00     0.0000e+00  0.0000e+00 
1.3357e+03     0.0000e+00  0.0000e+00     0.0000e+00  0.0000e+00     0.0000e+00  0.0000e+00     0.0000e+00  0.0000e+00 
1.4987e+03     0.0000e+00  0.0000e+00     0.0000e+00  0.0000e+00     0.0000e+00  0.0000e+00     0.0000e+00  0.0000e+00 
1.6816e+03     0.0000e+00  0.0000e+00     0.0000e+00  0.0000e+00     0.0000e+00  0.0000e+00     0.0000e+00  0.0000e+00 
1.8868e+03     0.0000e+00  0.0000e+00     0.0000e+00  0.0000e+00     0.0000e+00  0.0000e+00     0.0000e+00  0.0000e+00 
2.1170e+03     0.0000e+00  0.0000e+00     0.0000e+00  0.0000e+00     0.0000e+00  0.0000e+00     0.0000e+00  0.0000e+00 
2.3753e+03     0.0000e+00  0.0000e+00     0.0000e+00  0.0000e+00     0.0000e+00  0.0000e+00     0.0000e+00  0.0000e+00 
2.6651e+03     0.0000e+00  0.0000e+00     0.0000e+00  0.0000e+00     0.0000e+00  0.0000e+00     0.0000e+00  0.0000e+00 
2.9903e+03     0.0000e+00  0.0000e+00     0.0000e+00  0.0000e+00     0.0000e+00  0.0000e+00     0.0000e+00  0.0000e+00 
3.3552e+03     0.0000e+00  0.0000e+00     0.0000e+00  0.0000e+00     0.0000e+00  0.0000e+00     0.0000e+00  0.0000e+00 
3.7646e+03     0.0000e+00  0.0000e+00     0.0000e+00  0.0000e+00     0.0000e+00  0.0000e+00     0.0000e+00  0.0000e+00 
4.2240e+03     0.0000e+00  0.0000e+00     0.0000e+00  0.0000e+00     0.0000e+00  0.0000e+00     0.0000e+00  0.0000e+00 
4.7394e+03     0.0000e+00  0.0000e+00     0.0000e+00  0.0000e+00     0.0000e+00  0.0000e+00     0.0000e+00  0.0000e+00 
5.3176e+03     0.0000e+00  0.0000e+00     0.0000e+00  0.0000e+00     0.0000e+00  0.0000e+00     0.0000e+00  0.0000e+00 
5.9665e+03     0.0000e+00  0.0000e+00     0.0000e+00  0.0000e+00     0.0000e+00  0.0000e+00     0.0000e+00  0.0000e+00 
6.6945e+03     0.0000e+00  0.0000e+00     0.0000e+00  0.0000e+00     0.0000e+00  0.0000e+00     0.0000e+00  0.0000e+00 
7.5114e+03     0.0000e+00  0.0000e+00     0.0000e+00  0.0000e+00     0.0000e+00  0.0000e+00     0.0000e+00  0.0000e+00 
8.4279e+03     0.0000e+00  0.0000e+00     0.0000e+00  0.0000e+00     0.0000e+00  0.0000e+00     0.0000e+00  0.0000e+00 
9.4563e+03     0.0000e+00  0.0000e+00     0.0000e+00  0.0000e+00     0.0000e+00  0.0000e+00     0.0000e+00  0.0000e+00 
