yF = 3.2790e+00 (std: 0.0000e+00) keV/um
yD = 2.1764e+01 (std: 0.0000e+00) keV/um
y (keV/um)     f(y)(std)                  yf(y)(std)                 d(y)(std)                  yd(y)(std)  
1.0610e-01     2.7978e+01  0.0000e+00     2.9685e+00  0.0000e+00     9.0531e-01  0.0000e+00     9.6054e-02  0.0000e+00 
1.1905e-01     2.0517e+00  0.0000e+00     2.4425e-01  0.0000e+00     7.4488e-02  0.0000e+00     8.8676e-03  0.0000e+00 
1.3357e-01     6.1037e-01  0.0000e+00     8.1529e-02  0.0000e+00     2.4864e-02  0.0000e+00     3.3211e-03  0.0000e+00 
1.4987e-01     3.1895e+00  0.0000e+00     4.7801e-01  0.0000e+00     1.4578e-01  0.0000e+00     2.1848e-02  0.0000e+00 
1.6816e-01     8.9523e-01  0.0000e+00     1.5054e-01  0.0000e+00     4.5910e-02  0.0000e+00     7.7202e-03  0.0000e+00 
1.8868e-01     6.0602e-01  0.0000e+00     1.1434e-01  0.0000e+00     3.4871e-02  0.0000e+00     6.5794e-03  0.0000e+00 
2.1170e-01     6.5518e-01  0.0000e+00     1.3870e-01  0.0000e+00     4.2299e-02  0.0000e+00     8.9547e-03  0.0000e+00 
2.3753e-01     6.6368e-01  0.0000e+00     1.5764e-01  0.0000e+00     4.8077e-02  0.0000e+00     1.1420e-02  0.0000e+00 
2.6651e-01     2.8814e-01  0.0000e+00     7.6792e-02  0.0000e+00     2.3419e-02  0.0000e+00     6.2416e-03  0.0000e+00 
2.9903e-01     2.5341e-01  0.0000e+00     7.5778e-02  0.0000e+00     2.3110e-02  0.0000e+00     6.9106e-03  0.0000e+00 
3.3552e-01     1.6122e+00  0.0000e+00     5.4093e-01  0.0000e+00     1.6497e-01  0.0000e+00     5.5350e-02  0.0000e+00 
3.7646e-01     1.1089e+00  0.0000e+00     4.1745e-01  0.0000e+00     1.2731e-01  0.0000e+00     4.7927e-02  0.0000e+00 
4.2240e-01     4.7173e-01  0.0000e+00     1.9925e-01  0.0000e+00     6.0767e-02  0.0000e+00     2.5668e-02  0.0000e+00 
4.7394e-01     4.1115e-01  0.0000e+00     1.9486e-01  0.0000e+00     5.9425e-02  0.0000e+00     2.8164e-02  0.0000e+00 
5.3176e-01     2.8819e-01  0.0000e+00     1.5325e-01  0.0000e+00     4.6736e-02  0.0000e+00     2.4852e-02  0.0000e+00 
5.9665e-01     1.2304e-01  0.0000e+00     7.3410e-02  0.0000e+00     2.2388e-02  0.0000e+00     1.3358e-02  0.0000e+00 
6.6945e-01     2.5266e-01  0.0000e+00     1.6915e-01  0.0000e+00     5.1585e-02  0.0000e+00     3.4533e-02  0.0000e+00 
7.5114e-01     2.1123e-01  0.0000e+00     1.5866e-01  0.0000e+00     4.8386e-02  0.0000e+00     3.6345e-02  0.0000e+00 
8.4279e-01     1.0195e-01  0.0000e+00     8.5926e-02  0.0000e+00     2.6205e-02  0.0000e+00     2.2085e-02  0.0000e+00 
9.4563e-01     5.9386e-02  0.0000e+00     5.6157e-02  0.0000e+00     1.7126e-02  0.0000e+00     1.6195e-02  0.0000e+00 
1.0610e+00     5.0058e-02  0.0000e+00     5.3112e-02  0.0000e+00     1.6198e-02  0.0000e+00     1.7186e-02  0.0000e+00 
1.1905e+00     2.2449e-02  0.0000e+00     2.6725e-02  0.0000e+00     8.1504e-03  0.0000e+00     9.7028e-03  0.0000e+00 
1.3357e+00     1.4183e-02  0.0000e+00     1.8944e-02  0.0000e+00     5.7775e-03  0.0000e+00     7.7171e-03  0.0000e+00 
1.4987e+00     6.0945e-03  0.0000e+00     9.1339e-03  0.0000e+00     2.7856e-03  0.0000e+00     4.1748e-03  0.0000e+00 
1.6816e+00     1.8106e-03  0.0000e+00     3.0446e-03  0.0000e+00     9.2852e-04  0.0000e+00     1.5614e-03  0.0000e+00 
1.8868e+00     1.6137e-03  0.0000e+00     3.0446e-03  0.0000e+00     9.2852e-04  0.0000e+00     1.7519e-03  0.0000e+00 
2.1170e+00     4.7940e-04  0.0000e+00     1.0149e-03  0.0000e+00     3.0951e-04  0.0000e+00     6.5522e-04  0.0000e+00 
2.3753e+00     1.4242e-04  0.0000e+00     3.3829e-04  0.0000e+00     1.0317e-04  0.0000e+00     2.4506e-04  0.0000e+00 
2.6651e+00     0.0000e+00  0.0000e+00     0.0000e+00  0.0000e+00     0.0000e+00  0.0000e+00     0.0000e+00  0.0000e+00 
2.9903e+00     0.0000e+00  0.0000e+00     0.0000e+00  0.0000e+00     0.0000e+00  0.0000e+00     0.0000e+00  0.0000e+00 
3.3552e+00     0.0000e+00  0.0000e+00     0.0000e+00  0.0000e+00     0.0000e+00  0.0000e+00     0.0000e+00  0.0000e+00 
3.7646e+00     0.0000e+00  0.0000e+00     0.0000e+00  0.0000e+00     0.0000e+00  0.0000e+00     0.0000e+00  0.0000e+00 
4.2240e+00     0.0000e+00  0.0000e+00     0.0000e+00  0.0000e+00     0.0000e+00  0.0000e+00     0.0000e+00  0.0000e+00 
4.7394e+00     0.0000e+00  0.0000e+00     0.0000e+00  0.0000e+00     0.0000e+00  0.0000e+00     0.0000e+00  0.0000e+00 
5.3176e+00     0.0000e+00  0.0000e+00     0.0000e+00  0.0000e+00     0.0000e+00  0.0000e+00     0.0000e+00  0.0000e+00 
5.9665e+00     1.0410e-01  0.0000e+00     6.2111e-01  0.0000e+00     1.8942e-01  0.0000e+00     1.1302e+00  0.0000e+00 
6.6945e+00     2.1830e-02  0.0000e+00     1.4614e-01  0.0000e+00     4.4569e-02  0.0000e+00     2.9837e-01  0.0000e+00 
7.5114e+00     6.3052e-03  0.0000e+00     4.7361e-02  0.0000e+00     1.4444e-02  0.0000e+00     1.0849e-01  0.0000e+00 
8.4279e+00     2.1876e-02  0.0000e+00     1.8437e-01  0.0000e+00     5.6227e-02  0.0000e+00     4.7388e-01  0.0000e+00 
9.4563e+00     1.1269e-02  0.0000e+00     1.0656e-01  0.0000e+00     3.2498e-02  0.0000e+00     3.0731e-01  0.0000e+00 
1.0610e+01     1.6867e-02  0.0000e+00     1.7896e-01  0.0000e+00     5.4576e-02  0.0000e+00     5.7906e-01  0.0000e+00 
1.1905e+01     1.2106e-02  0.0000e+00     1.4411e-01  0.0000e+00     4.3950e-02  0.0000e+00     5.2321e-01  0.0000e+00 
1.3357e+01     8.5857e-03  0.0000e+00     1.1468e-01  0.0000e+00     3.4974e-02  0.0000e+00     4.6716e-01  0.0000e+00 
1.4987e+01     4.9433e-03  0.0000e+00     7.4086e-02  0.0000e+00     2.2594e-02  0.0000e+00     3.3862e-01  0.0000e+00 
1.6816e+01     3.3999e-03  0.0000e+00     5.7172e-02  0.0000e+00     1.7436e-02  0.0000e+00     2.9319e-01  0.0000e+00 
1.8868e+01     2.9225e-03  0.0000e+00     5.5142e-02  0.0000e+00     1.6817e-02  0.0000e+00     3.1729e-01  0.0000e+00 
2.1170e+01     2.4609e-03  0.0000e+00     5.2097e-02  0.0000e+00     1.5888e-02  0.0000e+00     3.3635e-01  0.0000e+00 
2.3753e+01     2.3072e-03  0.0000e+00     5.4803e-02  0.0000e+00     1.6713e-02  0.0000e+00     3.9699e-01  0.0000e+00 
2.6651e+01     1.4851e-03  0.0000e+00     3.9580e-02  0.0000e+00     1.2071e-02  0.0000e+00     3.2170e-01  0.0000e+00 
2.9903e+01     1.0521e-03  0.0000e+00     3.1461e-02  0.0000e+00     9.5947e-03  0.0000e+00     2.8691e-01  0.0000e+00 
3.3552e+01     8.4694e-04  0.0000e+00     2.8417e-02  0.0000e+00     8.6662e-03  0.0000e+00     2.9077e-01  0.0000e+00 
3.7646e+01     6.5599e-04  0.0000e+00     2.4695e-02  0.0000e+00     7.5313e-03  0.0000e+00     2.8353e-01  0.0000e+00 
4.2240e+01     5.8465e-04  0.0000e+00     2.4695e-02  0.0000e+00     7.5313e-03  0.0000e+00     3.1812e-01  0.0000e+00 
4.7394e+01     3.6404e-04  0.0000e+00     1.7253e-02  0.0000e+00     5.2616e-03  0.0000e+00     2.4937e-01  0.0000e+00 
5.3176e+01     2.2902e-04  0.0000e+00     1.2179e-02  0.0000e+00     3.7141e-03  0.0000e+00     1.9750e-01  0.0000e+00 
5.9665e+01     2.0979e-04  0.0000e+00     1.2517e-02  0.0000e+00     3.8173e-03  0.0000e+00     2.2776e-01  0.0000e+00 
6.6945e+01     8.5906e-05  0.0000e+00     5.7510e-03  0.0000e+00     1.7539e-03  0.0000e+00     1.1741e-01  0.0000e+00 
7.5114e+01     5.8549e-05  0.0000e+00     4.3978e-03  0.0000e+00     1.3412e-03  0.0000e+00     1.0074e-01  0.0000e+00 
8.4279e+01     5.6196e-05  0.0000e+00     4.7361e-03  0.0000e+00     1.4444e-03  0.0000e+00     1.2173e-01  0.0000e+00 
9.4563e+01     1.7887e-05  0.0000e+00     1.6915e-03  0.0000e+00     5.1585e-04  0.0000e+00     4.8780e-02  0.0000e+00 
1.0610e+02     6.3768e-06  0.0000e+00     6.7659e-04  0.0000e+00     2.0634e-04  0.0000e+00     2.1893e-02  0.0000e+00 
1.1905e+02     0.0000e+00  0.0000e+00     0.0000e+00  0.0000e+00     0.0000e+00  0.0000e+00     0.0000e+00  0.0000e+00 
1.3357e+02     2.5326e-06  0.0000e+00     3.3829e-04  0.0000e+00     1.0317e-04  0.0000e+00     1.3781e-02  0.0000e+00 
1.4987e+02     0.0000e+00  0.0000e+00     0.0000e+00  0.0000e+00     0.0000e+00  0.0000e+00     0.0000e+00  0.0000e+00 
1.6816e+02     0.0000e+00  0.0000e+00     0.0000e+00  0.0000e+00     0.0000e+00  0.0000e+00     0.0000e+00  0.0000e+00 
1.8868e+02     0.0000e+00  0.0000e+00     0.0000e+00  0.0000e+00     0.0000e+00  0.0000e+00     0.0000e+00  0.0000e+00 
2.1170e+02     0.0000e+00  0.0000e+00     0.0000e+00  0.0000e+00     0.0000e+00  0.0000e+00     0.0000e+00  0.0000e+00 
2.3753e+02     0.0000e+00  0.0000e+00     0.0000e+00  0.0000e+00     0.0000e+00  0.0000e+00     0.0000e+00  0.0000e+00 
2.6651e+02     0.0000e+00  0.0000e+00     0.0000e+00  0.0000e+00     0.0000e+00  0.0000e+00     0.0000e+00  0.0000e+00 
2.9903e+02     0.0000e+00  0.0000e+00     0.0000e+00  0.0000e+00     0.0000e+00  0.0000e+00     0.0000e+00  0.0000e+00 
3.3552e+02     0.0000e+00  0.0000e+00     0.0000e+00  0.0000e+00     0.0000e+00  0.0000e+00     0.0000e+00  0.0000e+00 
3.7646e+02     0.0000e+00  0.0000e+00     0.0000e+00  0.0000e+00     0.0000e+00  0.0000e+00     0.0000e+00  0.0000e+00 
4.2240e+02     0.0000e+00  0.0000e+00     0.0000e+00  0.0000e+00     0.0000e+00  0.0000e+00     0.0000e+00  0.0000e+00 
4.7394e+02     0.0000e+00  0.0000e+00     0.0000e+00  0.0000e+00     0.0000e+00  0.0000e+00     0.0000e+00  0.0000e+00 
5.3176e+02     0.0000e+00  0.0000e+00     0.0000e+00  0.0000e+00     0.0000e+00  0.0000e+00     0.0000e+00  0.0000e+00 
5.9665e+02     0.0000e+00  0.0000e+00     0.0000e+00  0.0000e+00     0.0000e+00  0.0000e+00     0.0000e+00  0.0000e+00 
6.6945e+02     0.0000e+00  0.0000e+00     0.0000e+00  0.0000e+00     0.0000e+00  0.0000e+00     0.0000e+00  0.0000e+00 
7.5114e+02     0.0000e+00  0.0000e+00     0.0000e+00  0.0000e+00     0.0000e+00  0.0000e+00     0.0000e+00  0.0000e+00 
8.4279e+02     0.0000e+00  0.0000e+00     0.0000e+00  0.0000e+00     0.0000e+00  0.0000e+00     0.0000e+00  0.0000e+00 
9.4563e+02     0.0000e+00  0.0000e+00     0.0000e+00  0.0000e+00     0.0000e+00  0.0000e+00     0.0000e+00  0.0000e+00 
1.0610e+03     0.0000e+00  0.0000e+00     0.0000e+00  0.0000e+00     0.0000e+00  0.0000e+00     0.0000e+00  0.0000e+00 
1.1905e+03     0.0000e+00  0.0000e+00     0.0000e+00  0.0000e+00     0.0000e+00  0.0000e+00     0.0000e+00  0.0000e+00 
1.3357e+03     0.0000e+00  0.0000e+00     0.0000e+00  0.0000e+00     0.0000e+00  0.0000e+00     0.0000e+00  0.0000e+00 
1.4987e+03     0.0000e+00  0.0000e+00     0.0000e+00  0.0000e+00     0.0000e+00  0.0000e+00     0.0000e+00  0.0000e+00 
1.6816e+03     0.0000e+00  0.0000e+00     0.0000e+00  0.0000e+00     0.0000e+00  0.0000e+00     0.0000e+00  0.0000e+00 
1.8868e+03     0.0000e+00  0.0000e+00     0.0000e+00  0.0000e+00     0.0000e+00  0.0000e+00     0.0000e+00  0.0000e+00 
2.1170e+03     0.0000e+00  0.0000e+00     0.0000e+00  0.0000e+00     0.0000e+00  0.0000e+00     0.0000e+00  0.0000e+00 
2.3753e+03     0.0000e+00  0.0000e+00     0.0000e+00  0.0000e+00     0.0000e+00  0.0000e+00     0.0000e+00  0.0000e+00 
2.6651e+03     0.0000e+00  0.0000e+00     0.0000e+00  0.0000e+00     0.0000e+00  0.0000e+00     0.0000e+00  0.0000e+00 
2.9903e+03     0.0000e+00  0.0000e+00     0.0000e+00  0.0000e+00     0.0000e+00  0.0000e+00     0.0000e+00  0.0000e+00 
3.3552e+03     0.0000e+00  0.0000e+00     0.0000e+00  0.0000e+00     0.0000e+00  0.0000e+00     0.0000e+00  0.0000e+00 
3.7646e+03     0.0000e+00  0.0000e+00     0.0000e+00  0.0000e+00     0.0000e+00  0.0000e+00     0.0000e+00  0.0000e+00 
4.2240e+03     0.0000e+00  0.0000e+00     0.0000e+00  0.0000e+00     0.0000e+00  0.0000e+00     0.0000e+00  0.0000e+00 
4.7394e+03     0.0000e+00  0.0000e+00     0.0000e+00  0.0000e+00     0.0000e+00  0.0000e+00     0.0000e+00  0.0000e+00 
5.3176e+03     0.0000e+00  0.0000e+00     0.0000e+00  0.0000e+00     0.0000e+00  0.0000e+00     0.0000e+00  0.0000e+00 
5.9665e+03     0.0000e+00  0.0000e+00     0.0000e+00  0.0000e+00     0.0000e+00  0.0000e+00     0.0000e+00  0.0000e+00 
6.6945e+03     0.0000e+00  0.0000e+00     0.0000e+00  0.0000e+00     0.0000e+00  0.0000e+00     0.0000e+00  0.0000e+00 
7.5114e+03     0.0000e+00  0.0000e+00     0.0000e+00  0.0000e+00     0.0000e+00  0.0000e+00     0.0000e+00  0.0000e+00 
8.4279e+03     0.0000e+00  0.0000e+00     0.0000e+00  0.0000e+00     0.0000e+00  0.0000e+00     0.0000e+00  0.0000e+00 
9.4563e+03     0.0000e+00  0.0000e+00     0.0000e+00  0.0000e+00     0.0000e+00  0.0000e+00     0.0000e+00  0.0000e+00 
