yF = 5.1263e+00 (std: 0.0000e+00) keV/um
yD = 2.3034e+01 (std: 0.0000e+00) keV/um
y (keV/um)     f(y)(std)                  yf(y)(std)                 d(y)(std)                  yd(y)(std)  
1.0610e-01     2.2597e+01  0.0000e+00     2.3976e+00  0.0000e+00     4.6770e-01  0.0000e+00     4.9623e-02  0.0000e+00 
1.1905e-01     1.8072e+00  0.0000e+00     2.1514e-01  0.0000e+00     4.1968e-02  0.0000e+00     4.9962e-03  0.0000e+00 
1.3357e-01     6.0292e-01  0.0000e+00     8.0534e-02  0.0000e+00     1.5710e-02  0.0000e+00     2.0984e-03  0.0000e+00 
1.4987e-01     2.6487e+00  0.0000e+00     3.9696e-01  0.0000e+00     7.7435e-02  0.0000e+00     1.1605e-02  0.0000e+00 
1.6816e-01     8.9460e-01  0.0000e+00     1.5043e-01  0.0000e+00     2.9346e-02  0.0000e+00     4.9347e-03  0.0000e+00 
1.8868e-01     6.3533e-01  0.0000e+00     1.1987e-01  0.0000e+00     2.3384e-02  0.0000e+00     4.4120e-03  0.0000e+00 
2.1170e-01     6.5857e-01  0.0000e+00     1.3942e-01  0.0000e+00     2.7196e-02  0.0000e+00     5.7575e-03  0.0000e+00 
2.3753e-01     6.2631e-01  0.0000e+00     1.4877e-01  0.0000e+00     2.9020e-02  0.0000e+00     6.8932e-03  0.0000e+00 
2.6651e-01     3.0638e-01  0.0000e+00     8.1655e-02  0.0000e+00     1.5929e-02  0.0000e+00     4.2452e-03  0.0000e+00 
2.9903e-01     2.7261e-01  0.0000e+00     8.1519e-02  0.0000e+00     1.5902e-02  0.0000e+00     4.7552e-03  0.0000e+00 
3.3552e-01     1.2457e+00  0.0000e+00     4.1795e-01  0.0000e+00     8.1531e-02  0.0000e+00     2.7355e-02  0.0000e+00 
3.7646e-01     8.8780e-01  0.0000e+00     3.3422e-01  0.0000e+00     6.5197e-02  0.0000e+00     2.4544e-02  0.0000e+00 
4.2240e-01     4.1303e-01  0.0000e+00     1.7446e-01  0.0000e+00     3.4033e-02  0.0000e+00     1.4375e-02  0.0000e+00 
4.7394e-01     4.0342e-01  0.0000e+00     1.9119e-01  0.0000e+00     3.7297e-02  0.0000e+00     1.7676e-02  0.0000e+00 
5.3176e-01     2.8644e-01  0.0000e+00     1.5232e-01  0.0000e+00     2.9713e-02  0.0000e+00     1.5801e-02  0.0000e+00 
5.9665e-01     1.5078e-01  0.0000e+00     8.9966e-02  0.0000e+00     1.7550e-02  0.0000e+00     1.0471e-02  0.0000e+00 
6.6945e-01     2.1700e-01  0.0000e+00     1.4527e-01  0.0000e+00     2.8338e-02  0.0000e+00     1.8971e-02  0.0000e+00 
7.5114e-01     1.9449e-01  0.0000e+00     1.4609e-01  0.0000e+00     2.8498e-02  0.0000e+00     2.1406e-02  0.0000e+00 
8.4279e-01     1.0097e-01  0.0000e+00     8.5100e-02  0.0000e+00     1.6601e-02  0.0000e+00     1.3991e-02  0.0000e+00 
9.4563e-01     6.4380e-02  0.0000e+00     6.0879e-02  0.0000e+00     1.1876e-02  0.0000e+00     1.1230e-02  0.0000e+00 
1.0610e+00     4.9984e-02  0.0000e+00     5.3034e-02  0.0000e+00     1.0345e-02  0.0000e+00     1.0976e-02  0.0000e+00 
1.1905e+00     2.8566e-02  0.0000e+00     3.4007e-02  0.0000e+00     6.6338e-03  0.0000e+00     7.8974e-03  0.0000e+00 
1.3357e+00     1.7232e-02  0.0000e+00     2.3018e-02  0.0000e+00     4.4901e-03  0.0000e+00     5.9975e-03  0.0000e+00 
1.4987e+00     9.1019e-03  0.0000e+00     1.3641e-02  0.0000e+00     2.6610e-03  0.0000e+00     3.9881e-03  0.0000e+00 
1.6816e+00     4.8120e-03  0.0000e+00     8.0917e-03  0.0000e+00     1.5785e-03  0.0000e+00     2.6543e-03  0.0000e+00 
1.8868e+00     2.3327e-03  0.0000e+00     4.4012e-03  0.0000e+00     8.5856e-04  0.0000e+00     1.6199e-03  0.0000e+00 
2.1170e+00     9.4266e-04  0.0000e+00     1.9956e-03  0.0000e+00     3.8928e-04  0.0000e+00     8.2411e-04  0.0000e+00 
2.3753e+00     2.6470e-04  0.0000e+00     6.2875e-04  0.0000e+00     1.2265e-04  0.0000e+00     2.9133e-04  0.0000e+00 
2.6651e+00     1.5386e-04  0.0000e+00     4.1005e-04  0.0000e+00     7.9990e-05  0.0000e+00     2.1318e-04  0.0000e+00 
2.9903e+00     2.7425e-05  0.0000e+00     8.2011e-05  0.0000e+00     1.5998e-05  0.0000e+00     4.7839e-05  0.0000e+00 
3.3552e+00     0.0000e+00  0.0000e+00     0.0000e+00  0.0000e+00     0.0000e+00  0.0000e+00     0.0000e+00  0.0000e+00 
3.7646e+00     7.2616e-06  0.0000e+00     2.7337e-05  0.0000e+00     5.3326e-06  0.0000e+00     2.0075e-05  0.0000e+00 
4.2240e+00     6.4719e-06  0.0000e+00     2.7337e-05  0.0000e+00     5.3326e-06  0.0000e+00     2.2525e-05  0.0000e+00 
4.7394e+00     0.0000e+00  0.0000e+00     0.0000e+00  0.0000e+00     0.0000e+00  0.0000e+00     0.0000e+00  0.0000e+00 
5.3176e+00     5.1408e-06  0.0000e+00     2.7337e-05  0.0000e+00     5.3326e-06  0.0000e+00     2.8357e-05  0.0000e+00 
5.9665e+00     1.0661e-01  0.0000e+00     6.3607e-01  0.0000e+00     1.2408e-01  0.0000e+00     7.4032e-01  0.0000e+00 
6.6945e+00     2.6681e-02  0.0000e+00     1.7862e-01  0.0000e+00     3.4843e-02  0.0000e+00     2.3326e-01  0.0000e+00 
7.5114e+00     6.6419e-03  0.0000e+00     4.9890e-02  0.0000e+00     9.7321e-03  0.0000e+00     7.3101e-02  0.0000e+00 
8.4279e+00     2.6656e-02  0.0000e+00     2.2465e-01  0.0000e+00     4.3824e-02  0.0000e+00     3.6934e-01  0.0000e+00 
9.4563e+00     1.9294e-02  0.0000e+00     1.8245e-01  0.0000e+00     3.5590e-02  0.0000e+00     3.3655e-01  0.0000e+00 
1.0610e+01     2.7455e-02  0.0000e+00     2.9130e-01  0.0000e+00     5.6825e-02  0.0000e+00     6.0291e-01  0.0000e+00 
1.1905e+01     2.0694e-02  0.0000e+00     2.4636e-01  0.0000e+00     4.8058e-02  0.0000e+00     5.7211e-01  0.0000e+00 
1.3357e+01     1.5501e-02  0.0000e+00     2.0705e-01  0.0000e+00     4.0389e-02  0.0000e+00     5.3949e-01  0.0000e+00 
1.4987e+01     9.6217e-03  0.0000e+00     1.4420e-01  0.0000e+00     2.8130e-02  0.0000e+00     4.2158e-01  0.0000e+00 
1.6816e+01     6.5563e-03  0.0000e+00     1.1025e-01  0.0000e+00     2.1507e-02  0.0000e+00     3.6165e-01  0.0000e+00 
1.8868e+01     5.2666e-03  0.0000e+00     9.9370e-02  0.0000e+00     1.9384e-02  0.0000e+00     3.6573e-01  0.0000e+00 
2.1170e+01     4.6668e-03  0.0000e+00     9.8796e-02  0.0000e+00     1.9272e-02  0.0000e+00     4.0799e-01  0.0000e+00 
2.3753e+01     4.3008e-03  0.0000e+00     1.0216e-01  0.0000e+00     1.9928e-02  0.0000e+00     4.7335e-01  0.0000e+00 
2.6651e+01     2.7253e-03  0.0000e+00     7.2634e-02  0.0000e+00     1.4169e-02  0.0000e+00     3.7762e-01  0.0000e+00 
2.9903e+01     2.0642e-03  0.0000e+00     6.1727e-02  0.0000e+00     1.2041e-02  0.0000e+00     3.6007e-01  0.0000e+00 
3.3552e+01     1.7232e-03  0.0000e+00     5.7818e-02  0.0000e+00     1.1279e-02  0.0000e+00     3.7842e-01  0.0000e+00 
3.7646e+01     1.2867e-03  0.0000e+00     4.8441e-02  0.0000e+00     9.4494e-03  0.0000e+00     3.5573e-01  0.0000e+00 
4.2240e+01     9.1189e-04  0.0000e+00     3.8518e-02  0.0000e+00     7.5137e-03  0.0000e+00     3.1737e-01  0.0000e+00 
4.7394e+01     6.6736e-04  0.0000e+00     3.1629e-02  0.0000e+00     6.1699e-03  0.0000e+00     2.9241e-01  0.0000e+00 
5.3176e+01     4.1743e-04  0.0000e+00     2.2198e-02  0.0000e+00     4.3301e-03  0.0000e+00     2.3026e-01  0.0000e+00 
5.9665e+01     3.0102e-04  0.0000e+00     1.7960e-02  0.0000e+00     3.5035e-03  0.0000e+00     2.0904e-01  0.0000e+00 
6.6945e+01     1.6171e-04  0.0000e+00     1.0825e-02  0.0000e+00     2.1117e-03  0.0000e+00     1.4137e-01  0.0000e+00 
7.5114e+01     9.0985e-05  0.0000e+00     6.8342e-03  0.0000e+00     1.3332e-03  0.0000e+00     1.0014e-01  0.0000e+00 
8.4279e+01     4.7357e-05  0.0000e+00     3.9912e-03  0.0000e+00     7.7857e-04  0.0000e+00     6.5617e-02  0.0000e+00 
9.4563e+01     1.9080e-05  0.0000e+00     1.8042e-03  0.0000e+00     3.5195e-04  0.0000e+00     3.3282e-02  0.0000e+00 
1.0610e+02     6.6989e-06  0.0000e+00     7.1076e-04  0.0000e+00     1.3865e-04  0.0000e+00     1.4711e-02  0.0000e+00 
1.1905e+02     2.2963e-06  0.0000e+00     2.7337e-04  0.0000e+00     5.3326e-05  0.0000e+00     6.3484e-03  0.0000e+00 
1.3357e+02     1.0233e-06  0.0000e+00     1.3668e-04  0.0000e+00     2.6663e-05  0.0000e+00     3.5615e-03  0.0000e+00 
1.4987e+02     5.4721e-07  0.0000e+00     8.2011e-05  0.0000e+00     1.5998e-05  0.0000e+00     2.3976e-03  0.0000e+00 
1.6816e+02     0.0000e+00  0.0000e+00     0.0000e+00  0.0000e+00     0.0000e+00  0.0000e+00     0.0000e+00  0.0000e+00 
1.8868e+02     0.0000e+00  0.0000e+00     0.0000e+00  0.0000e+00     0.0000e+00  0.0000e+00     0.0000e+00  0.0000e+00 
2.1170e+02     0.0000e+00  0.0000e+00     0.0000e+00  0.0000e+00     0.0000e+00  0.0000e+00     0.0000e+00  0.0000e+00 
2.3753e+02     0.0000e+00  0.0000e+00     0.0000e+00  0.0000e+00     0.0000e+00  0.0000e+00     0.0000e+00  0.0000e+00 
2.6651e+02     0.0000e+00  0.0000e+00     0.0000e+00  0.0000e+00     0.0000e+00  0.0000e+00     0.0000e+00  0.0000e+00 
2.9903e+02     0.0000e+00  0.0000e+00     0.0000e+00  0.0000e+00     0.0000e+00  0.0000e+00     0.0000e+00  0.0000e+00 
3.3552e+02     0.0000e+00  0.0000e+00     0.0000e+00  0.0000e+00     0.0000e+00  0.0000e+00     0.0000e+00  0.0000e+00 
3.7646e+02     0.0000e+00  0.0000e+00     0.0000e+00  0.0000e+00     0.0000e+00  0.0000e+00     0.0000e+00  0.0000e+00 
4.2240e+02     0.0000e+00  0.0000e+00     0.0000e+00  0.0000e+00     0.0000e+00  0.0000e+00     0.0000e+00  0.0000e+00 
4.7394e+02     0.0000e+00  0.0000e+00     0.0000e+00  0.0000e+00     0.0000e+00  0.0000e+00     0.0000e+00  0.0000e+00 
5.3176e+02     0.0000e+00  0.0000e+00     0.0000e+00  0.0000e+00     0.0000e+00  0.0000e+00     0.0000e+00  0.0000e+00 
5.9665e+02     0.0000e+00  0.0000e+00     0.0000e+00  0.0000e+00     0.0000e+00  0.0000e+00     0.0000e+00  0.0000e+00 
6.6945e+02     0.0000e+00  0.0000e+00     0.0000e+00  0.0000e+00     0.0000e+00  0.0000e+00     0.0000e+00  0.0000e+00 
7.5114e+02     0.0000e+00  0.0000e+00     0.0000e+00  0.0000e+00     0.0000e+00  0.0000e+00     0.0000e+00  0.0000e+00 
8.4279e+02     0.0000e+00  0.0000e+00     0.0000e+00  0.0000e+00     0.0000e+00  0.0000e+00     0.0000e+00  0.0000e+00 
9.4563e+02     0.0000e+00  0.0000e+00     0.0000e+00  0.0000e+00     0.0000e+00  0.0000e+00     0.0000e+00  0.0000e+00 
1.0610e+03     0.0000e+00  0.0000e+00     0.0000e+00  0.0000e+00     0.0000e+00  0.0000e+00     0.0000e+00  0.0000e+00 
1.1905e+03     0.0000e+00  0.0000e+00     0.0000e+00  0.0000e+00     0.0000e+00  0.0000e+00     0.0000e+00  0.0000e+00 
1.3357e+03     0.0000e+00  0.0000e+00     0.0000e+00  0.0000e+00     0.0000e+00  0.0000e+00     0.0000e+00  0.0000e+00 
1.4987e+03     0.0000e+00  0.0000e+00     0.0000e+00  0.0000e+00     0.0000e+00  0.0000e+00     0.0000e+00  0.0000e+00 
1.6816e+03     0.0000e+00  0.0000e+00     0.0000e+00  0.0000e+00     0.0000e+00  0.0000e+00     0.0000e+00  0.0000e+00 
1.8868e+03     0.0000e+00  0.0000e+00     0.0000e+00  0.0000e+00     0.0000e+00  0.0000e+00     0.0000e+00  0.0000e+00 
2.1170e+03     0.0000e+00  0.0000e+00     0.0000e+00  0.0000e+00     0.0000e+00  0.0000e+00     0.0000e+00  0.0000e+00 
2.3753e+03     0.0000e+00  0.0000e+00     0.0000e+00  0.0000e+00     0.0000e+00  0.0000e+00     0.0000e+00  0.0000e+00 
2.6651e+03     0.0000e+00  0.0000e+00     0.0000e+00  0.0000e+00     0.0000e+00  0.0000e+00     0.0000e+00  0.0000e+00 
2.9903e+03     0.0000e+00  0.0000e+00     0.0000e+00  0.0000e+00     0.0000e+00  0.0000e+00     0.0000e+00  0.0000e+00 
3.3552e+03     0.0000e+00  0.0000e+00     0.0000e+00  0.0000e+00     0.0000e+00  0.0000e+00     0.0000e+00  0.0000e+00 
3.7646e+03     0.0000e+00  0.0000e+00     0.0000e+00  0.0000e+00     0.0000e+00  0.0000e+00     0.0000e+00  0.0000e+00 
4.2240e+03     0.0000e+00  0.0000e+00     0.0000e+00  0.0000e+00     0.0000e+00  0.0000e+00     0.0000e+00  0.0000e+00 
4.7394e+03     0.0000e+00  0.0000e+00     0.0000e+00  0.0000e+00     0.0000e+00  0.0000e+00     0.0000e+00  0.0000e+00 
5.3176e+03     0.0000e+00  0.0000e+00     0.0000e+00  0.0000e+00     0.0000e+00  0.0000e+00     0.0000e+00  0.0000e+00 
5.9665e+03     0.0000e+00  0.0000e+00     0.0000e+00  0.0000e+00     0.0000e+00  0.0000e+00     0.0000e+00  0.0000e+00 
6.6945e+03     0.0000e+00  0.0000e+00     0.0000e+00  0.0000e+00     0.0000e+00  0.0000e+00     0.0000e+00  0.0000e+00 
7.5114e+03     0.0000e+00  0.0000e+00     0.0000e+00  0.0000e+00     0.0000e+00  0.0000e+00     0.0000e+00  0.0000e+00 
8.4279e+03     0.0000e+00  0.0000e+00     0.0000e+00  0.0000e+00     0.0000e+00  0.0000e+00     0.0000e+00  0.0000e+00 
9.4563e+03     0.0000e+00  0.0000e+00     0.0000e+00  0.0000e+00     0.0000e+00  0.0000e+00     0.0000e+00  0.0000e+00 
