yF = 5.5510e+00 (std: 0.0000e+00) keV/um
yD = 2.4873e+01 (std: 0.0000e+00) keV/um
y (keV/um)     f(y)(std)                  yf(y)(std)                 d(y)(std)                  yd(y)(std)  
1.0610e-01     2.0747e+01  0.0000e+00     2.2013e+00  0.0000e+00     3.9656e-01  0.0000e+00     4.2076e-02  0.0000e+00 
1.1905e-01     1.7991e+00  0.0000e+00     2.1418e-01  0.0000e+00     3.8585e-02  0.0000e+00     4.5934e-03  0.0000e+00 
1.3357e-01     6.0593e-01  0.0000e+00     8.0936e-02  0.0000e+00     1.4581e-02  0.0000e+00     1.9476e-03  0.0000e+00 
1.4987e-01     2.4753e+00  0.0000e+00     3.7098e-01  0.0000e+00     6.6832e-02  0.0000e+00     1.0016e-02  0.0000e+00 
1.6816e-01     8.9007e-01  0.0000e+00     1.4967e-01  0.0000e+00     2.6963e-02  0.0000e+00     4.5341e-03  0.0000e+00 
1.8868e-01     6.5214e-01  0.0000e+00     1.2304e-01  0.0000e+00     2.2166e-02  0.0000e+00     4.1823e-03  0.0000e+00 
2.1170e-01     6.7819e-01  0.0000e+00     1.4357e-01  0.0000e+00     2.5865e-02  0.0000e+00     5.4755e-03  0.0000e+00 
2.3753e-01     6.5049e-01  0.0000e+00     1.5451e-01  0.0000e+00     2.7835e-02  0.0000e+00     6.6116e-03  0.0000e+00 
2.6651e-01     3.3099e-01  0.0000e+00     8.8213e-02  0.0000e+00     1.5892e-02  0.0000e+00     4.2353e-03  0.0000e+00 
2.9903e-01     2.9014e-01  0.0000e+00     8.6762e-02  0.0000e+00     1.5630e-02  0.0000e+00     4.6739e-03  0.0000e+00 
3.3552e-01     1.1855e+00  0.0000e+00     3.9776e-01  0.0000e+00     7.1656e-02  0.0000e+00     2.4042e-02  0.0000e+00 
3.7646e-01     8.7891e-01  0.0000e+00     3.3087e-01  0.0000e+00     5.9607e-02  0.0000e+00     2.2440e-02  0.0000e+00 
4.2240e-01     4.3556e-01  0.0000e+00     1.8398e-01  0.0000e+00     3.3143e-02  0.0000e+00     1.4000e-02  0.0000e+00 
4.7394e-01     4.3439e-01  0.0000e+00     2.0587e-01  0.0000e+00     3.7088e-02  0.0000e+00     1.7577e-02  0.0000e+00 
5.3176e-01     3.1085e-01  0.0000e+00     1.6530e-01  0.0000e+00     2.9779e-02  0.0000e+00     1.5835e-02  0.0000e+00 
5.9665e-01     1.7527e-01  0.0000e+00     1.0458e-01  0.0000e+00     1.8839e-02  0.0000e+00     1.1241e-02  0.0000e+00 
6.6945e-01     2.2932e-01  0.0000e+00     1.5352e-01  0.0000e+00     2.7657e-02  0.0000e+00     1.8515e-02  0.0000e+00 
7.5114e-01     2.1388e-01  0.0000e+00     1.6065e-01  0.0000e+00     2.8941e-02  0.0000e+00     2.1739e-02  0.0000e+00 
8.4279e-01     1.1932e-01  0.0000e+00     1.0056e-01  0.0000e+00     1.8116e-02  0.0000e+00     1.5268e-02  0.0000e+00 
9.4563e-01     7.9184e-02  0.0000e+00     7.4878e-02  0.0000e+00     1.3489e-02  0.0000e+00     1.2756e-02  0.0000e+00 
1.0610e+00     5.8718e-02  0.0000e+00     6.2300e-02  0.0000e+00     1.1223e-02  0.0000e+00     1.1908e-02  0.0000e+00 
1.1905e+00     3.5460e-02  0.0000e+00     4.2214e-02  0.0000e+00     7.6048e-03  0.0000e+00     9.0533e-03  0.0000e+00 
1.3357e+00     2.2297e-02  0.0000e+00     2.9783e-02  0.0000e+00     5.3654e-03  0.0000e+00     7.1667e-03  0.0000e+00 
1.4987e+00     1.2392e-02  0.0000e+00     1.8572e-02  0.0000e+00     3.3458e-03  0.0000e+00     5.0144e-03  0.0000e+00 
1.6816e+00     6.1664e-03  0.0000e+00     1.0369e-02  0.0000e+00     1.8680e-03  0.0000e+00     3.1413e-03  0.0000e+00 
1.8868e+00     3.0656e-03  0.0000e+00     5.7841e-03  0.0000e+00     1.0420e-03  0.0000e+00     1.9660e-03  0.0000e+00 
2.1170e+00     1.2916e-03  0.0000e+00     2.7343e-03  0.0000e+00     4.9259e-04  0.0000e+00     1.0428e-03  0.0000e+00 
2.3753e+00     4.7817e-04  0.0000e+00     1.1358e-03  0.0000e+00     2.0461e-04  0.0000e+00     4.8602e-04  0.0000e+00 
2.6651e+00     1.5784e-04  0.0000e+00     4.2066e-04  0.0000e+00     7.5782e-05  0.0000e+00     2.0197e-04  0.0000e+00 
2.9903e+00     7.7371e-05  0.0000e+00     2.3137e-04  0.0000e+00     4.1680e-05  0.0000e+00     1.2464e-04  0.0000e+00 
3.3552e+00     1.2538e-05  0.0000e+00     4.2066e-05  0.0000e+00     7.5782e-06  0.0000e+00     2.5427e-05  0.0000e+00 
3.7646e+00     0.0000e+00  0.0000e+00     0.0000e+00  0.0000e+00     0.0000e+00  0.0000e+00     0.0000e+00  0.0000e+00 
4.2240e+00     4.9795e-06  0.0000e+00     2.1033e-05  0.0000e+00     3.7891e-06  0.0000e+00     1.6005e-05  0.0000e+00 
4.7394e+00     0.0000e+00  0.0000e+00     0.0000e+00  0.0000e+00     0.0000e+00  0.0000e+00     0.0000e+00  0.0000e+00 
5.3176e+00     3.9554e-06  0.0000e+00     2.1033e-05  0.0000e+00     3.7891e-06  0.0000e+00     2.0149e-05  0.0000e+00 
5.9665e+00     9.3658e-02  0.0000e+00     5.5881e-01  0.0000e+00     1.0067e-01  0.0000e+00     6.0064e-01  0.0000e+00 
6.6945e+00     2.8789e-02  0.0000e+00     1.9273e-01  0.0000e+00     3.4720e-02  0.0000e+00     2.3243e-01  0.0000e+00 
7.5114e+00     7.3113e-03  0.0000e+00     5.4918e-02  0.0000e+00     9.8934e-03  0.0000e+00     7.4313e-02  0.0000e+00 
8.4279e+00     2.6524e-02  0.0000e+00     2.2354e-01  0.0000e+00     4.0271e-02  0.0000e+00     3.3940e-01  0.0000e+00 
9.4563e+00     2.5063e-02  0.0000e+00     2.3700e-01  0.0000e+00     4.2696e-02  0.0000e+00     4.0374e-01  0.0000e+00 
1.0610e+01     3.0204e-02  0.0000e+00     3.2046e-01  0.0000e+00     5.7731e-02  0.0000e+00     6.1253e-01  0.0000e+00 
1.1905e+01     1.9248e-02  0.0000e+00     2.2914e-01  0.0000e+00     4.1279e-02  0.0000e+00     4.9141e-01  0.0000e+00 
1.3357e+01     1.4660e-02  0.0000e+00     1.9582e-01  0.0000e+00     3.5277e-02  0.0000e+00     4.7120e-01  0.0000e+00 
1.4987e+01     9.4773e-03  0.0000e+00     1.4204e-01  0.0000e+00     2.5588e-02  0.0000e+00     3.8349e-01  0.0000e+00 
1.6816e+01     6.7118e-03  0.0000e+00     1.1286e-01  0.0000e+00     2.0332e-02  0.0000e+00     3.4191e-01  0.0000e+00 
1.8868e+01     5.6006e-03  0.0000e+00     1.0567e-01  0.0000e+00     1.9037e-02  0.0000e+00     3.5918e-01  0.0000e+00 
2.1170e+01     5.0989e-03  0.0000e+00     1.0794e-01  0.0000e+00     1.9446e-02  0.0000e+00     4.1167e-01  0.0000e+00 
2.3753e+01     4.4948e-03  0.0000e+00     1.0676e-01  0.0000e+00     1.9234e-02  0.0000e+00     4.5686e-01  0.0000e+00 
2.6651e+01     3.1434e-03  0.0000e+00     8.3775e-02  0.0000e+00     1.5092e-02  0.0000e+00     4.0222e-01  0.0000e+00 
2.9903e+01     2.3373e-03  0.0000e+00     6.9893e-02  0.0000e+00     1.2591e-02  0.0000e+00     3.7652e-01  0.0000e+00 
3.3552e+01     1.9634e-03  0.0000e+00     6.5876e-02  0.0000e+00     1.1868e-02  0.0000e+00     3.9818e-01  0.0000e+00 
3.7646e+01     1.4733e-03  0.0000e+00     5.5465e-02  0.0000e+00     9.9919e-03  0.0000e+00     3.7616e-01  0.0000e+00 
4.2240e+01     1.0666e-03  0.0000e+00     4.5053e-02  0.0000e+00     8.1163e-03  0.0000e+00     3.4283e-01  0.0000e+00 
4.7394e+01     8.1881e-04  0.0000e+00     3.8806e-02  0.0000e+00     6.9909e-03  0.0000e+00     3.3132e-01  0.0000e+00 
5.3176e+01     5.2765e-04  0.0000e+00     2.8058e-02  0.0000e+00     5.0547e-03  0.0000e+00     2.6879e-01  0.0000e+00 
5.9665e+01     3.5887e-04  0.0000e+00     2.1412e-02  0.0000e+00     3.8573e-03  0.0000e+00     2.3015e-01  0.0000e+00 
6.6945e+01     2.1553e-04  0.0000e+00     1.4429e-02  0.0000e+00     2.5993e-03  0.0000e+00     1.7401e-01  0.0000e+00 
7.5114e+01     1.1677e-04  0.0000e+00     8.7709e-03  0.0000e+00     1.5801e-03  0.0000e+00     1.1868e-01  0.0000e+00 
8.4279e+01     6.2891e-05  0.0000e+00     5.3004e-03  0.0000e+00     9.5486e-04  0.0000e+00     8.0474e-02  0.0000e+00 
9.4563e+01     3.4476e-05  0.0000e+00     3.2602e-03  0.0000e+00     5.8731e-04  0.0000e+00     5.5538e-02  0.0000e+00 
1.0610e+02     1.4868e-05  0.0000e+00     1.5775e-03  0.0000e+00     2.8418e-04  0.0000e+00     3.0152e-02  0.0000e+00 
1.1905e+02     8.3040e-06  0.0000e+00     9.8856e-04  0.0000e+00     1.7809e-04  0.0000e+00     2.1201e-02  0.0000e+00 
1.3357e+02     1.8896e-06  0.0000e+00     2.5240e-04  0.0000e+00     4.5469e-05  0.0000e+00     6.0735e-03  0.0000e+00 
1.4987e+02     2.8068e-07  0.0000e+00     4.2066e-05  0.0000e+00     7.5782e-06  0.0000e+00     1.1358e-03  0.0000e+00 
1.6816e+02     1.2508e-07  0.0000e+00     2.1033e-05  0.0000e+00     3.7891e-06  0.0000e+00     6.3717e-04  0.0000e+00 
1.8868e+02     1.1148e-07  0.0000e+00     2.1033e-05  0.0000e+00     3.7891e-06  0.0000e+00     7.1492e-04  0.0000e+00 
2.1170e+02     0.0000e+00  0.0000e+00     0.0000e+00  0.0000e+00     0.0000e+00  0.0000e+00     0.0000e+00  0.0000e+00 
2.3753e+02     0.0000e+00  0.0000e+00     0.0000e+00  0.0000e+00     0.0000e+00  0.0000e+00     0.0000e+00  0.0000e+00 
2.6651e+02     0.0000e+00  0.0000e+00     0.0000e+00  0.0000e+00     0.0000e+00  0.0000e+00     0.0000e+00  0.0000e+00 
2.9903e+02     0.0000e+00  0.0000e+00     0.0000e+00  0.0000e+00     0.0000e+00  0.0000e+00     0.0000e+00  0.0000e+00 
3.3552e+02     0.0000e+00  0.0000e+00     0.0000e+00  0.0000e+00     0.0000e+00  0.0000e+00     0.0000e+00  0.0000e+00 
3.7646e+02     0.0000e+00  0.0000e+00     0.0000e+00  0.0000e+00     0.0000e+00  0.0000e+00     0.0000e+00  0.0000e+00 
4.2240e+02     0.0000e+00  0.0000e+00     0.0000e+00  0.0000e+00     0.0000e+00  0.0000e+00     0.0000e+00  0.0000e+00 
4.7394e+02     0.0000e+00  0.0000e+00     0.0000e+00  0.0000e+00     0.0000e+00  0.0000e+00     0.0000e+00  0.0000e+00 
5.3176e+02     0.0000e+00  0.0000e+00     0.0000e+00  0.0000e+00     0.0000e+00  0.0000e+00     0.0000e+00  0.0000e+00 
5.9665e+02     0.0000e+00  0.0000e+00     0.0000e+00  0.0000e+00     0.0000e+00  0.0000e+00     0.0000e+00  0.0000e+00 
6.6945e+02     0.0000e+00  0.0000e+00     0.0000e+00  0.0000e+00     0.0000e+00  0.0000e+00     0.0000e+00  0.0000e+00 
7.5114e+02     0.0000e+00  0.0000e+00     0.0000e+00  0.0000e+00     0.0000e+00  0.0000e+00     0.0000e+00  0.0000e+00 
8.4279e+02     0.0000e+00  0.0000e+00     0.0000e+00  0.0000e+00     0.0000e+00  0.0000e+00     0.0000e+00  0.0000e+00 
9.4563e+02     0.0000e+00  0.0000e+00     0.0000e+00  0.0000e+00     0.0000e+00  0.0000e+00     0.0000e+00  0.0000e+00 
1.0610e+03     0.0000e+00  0.0000e+00     0.0000e+00  0.0000e+00     0.0000e+00  0.0000e+00     0.0000e+00  0.0000e+00 
1.1905e+03     0.0000e+00  0.0000e+00     0.0000e+00  0.0000e+00     0.0000e+00  0.0000e+00     0.0000e+00  0.0000e+00 
1.3357e+03     0.0000e+00  0.0000e+00     0.0000e+00  0.0000e+00     0.0000e+00  0.0000e+00     0.0000e+00  0.0000e+00 
1.4987e+03     0.0000e+00  0.0000e+00     0.0000e+00  0.0000e+00     0.0000e+00  0.0000e+00     0.0000e+00  0.0000e+00 
1.6816e+03     0.0000e+00  0.0000e+00     0.0000e+00  0.0000e+00     0.0000e+00  0.0000e+00     0.0000e+00  0.0000e+00 
1.8868e+03     0.0000e+00  0.0000e+00     0.0000e+00  0.0000e+00     0.0000e+00  0.0000e+00     0.0000e+00  0.0000e+00 
2.1170e+03     0.0000e+00  0.0000e+00     0.0000e+00  0.0000e+00     0.0000e+00  0.0000e+00     0.0000e+00  0.0000e+00 
2.3753e+03     0.0000e+00  0.0000e+00     0.0000e+00  0.0000e+00     0.0000e+00  0.0000e+00     0.0000e+00  0.0000e+00 
2.6651e+03     0.0000e+00  0.0000e+00     0.0000e+00  0.0000e+00     0.0000e+00  0.0000e+00     0.0000e+00  0.0000e+00 
2.9903e+03     0.0000e+00  0.0000e+00     0.0000e+00  0.0000e+00     0.0000e+00  0.0000e+00     0.0000e+00  0.0000e+00 
3.3552e+03     0.0000e+00  0.0000e+00     0.0000e+00  0.0000e+00     0.0000e+00  0.0000e+00     0.0000e+00  0.0000e+00 
3.7646e+03     0.0000e+00  0.0000e+00     0.0000e+00  0.0000e+00     0.0000e+00  0.0000e+00     0.0000e+00  0.0000e+00 
4.2240e+03     0.0000e+00  0.0000e+00     0.0000e+00  0.0000e+00     0.0000e+00  0.0000e+00     0.0000e+00  0.0000e+00 
4.7394e+03     0.0000e+00  0.0000e+00     0.0000e+00  0.0000e+00     0.0000e+00  0.0000e+00     0.0000e+00  0.0000e+00 
5.3176e+03     0.0000e+00  0.0000e+00     0.0000e+00  0.0000e+00     0.0000e+00  0.0000e+00     0.0000e+00  0.0000e+00 
5.9665e+03     0.0000e+00  0.0000e+00     0.0000e+00  0.0000e+00     0.0000e+00  0.0000e+00     0.0000e+00  0.0000e+00 
6.6945e+03     0.0000e+00  0.0000e+00     0.0000e+00  0.0000e+00     0.0000e+00  0.0000e+00     0.0000e+00  0.0000e+00 
7.5114e+03     0.0000e+00  0.0000e+00     0.0000e+00  0.0000e+00     0.0000e+00  0.0000e+00     0.0000e+00  0.0000e+00 
8.4279e+03     0.0000e+00  0.0000e+00     0.0000e+00  0.0000e+00     0.0000e+00  0.0000e+00     0.0000e+00  0.0000e+00 
9.4563e+03     0.0000e+00  0.0000e+00     0.0000e+00  0.0000e+00     0.0000e+00  0.0000e+00     0.0000e+00  0.0000e+00 
