yF = 5.1361e+00 (std: 0.0000e+00) keV/um
yD = 2.2979e+01 (std: 0.0000e+00) keV/um
y (keV/um)     f(y)(std)                  yf(y)(std)                 d(y)(std)                  yd(y)(std)  
1.0610e-01     2.2544e+01  0.0000e+00     2.3919e+00  0.0000e+00     4.6570e-01  0.0000e+00     4.9412e-02  0.0000e+00 
1.1905e-01     1.8588e+00  0.0000e+00     2.2129e-01  0.0000e+00     4.3084e-02  0.0000e+00     5.1291e-03  0.0000e+00 
1.3357e-01     6.0298e-01  0.0000e+00     8.0543e-02  0.0000e+00     1.5682e-02  0.0000e+00     2.0946e-03  0.0000e+00 
1.4987e-01     2.6687e+00  0.0000e+00     3.9996e-01  0.0000e+00     7.7871e-02  0.0000e+00     1.1671e-02  0.0000e+00 
1.6816e-01     8.7692e-01  0.0000e+00     1.4746e-01  0.0000e+00     2.8711e-02  0.0000e+00     4.8279e-03  0.0000e+00 
1.8868e-01     6.1312e-01  0.0000e+00     1.1568e-01  0.0000e+00     2.2523e-02  0.0000e+00     4.2496e-03  0.0000e+00 
2.1170e-01     6.5336e-01  0.0000e+00     1.3831e-01  0.0000e+00     2.6930e-02  0.0000e+00     5.7010e-03  0.0000e+00 
2.3753e-01     6.1644e-01  0.0000e+00     1.4642e-01  0.0000e+00     2.8509e-02  0.0000e+00     6.7716e-03  0.0000e+00 
2.6651e-01     3.0436e-01  0.0000e+00     8.1116e-02  0.0000e+00     1.5793e-02  0.0000e+00     4.2091e-03  0.0000e+00 
2.9903e-01     2.6268e-01  0.0000e+00     7.8549e-02  0.0000e+00     1.5293e-02  0.0000e+00     4.5733e-03  0.0000e+00 
3.3552e-01     1.2599e+00  0.0000e+00     4.2273e-01  0.0000e+00     8.2304e-02  0.0000e+00     2.7615e-02  0.0000e+00 
3.7646e-01     8.6833e-01  0.0000e+00     3.2689e-01  0.0000e+00     6.3646e-02  0.0000e+00     2.3960e-02  0.0000e+00 
4.2240e-01     4.1652e-01  0.0000e+00     1.7594e-01  0.0000e+00     3.4255e-02  0.0000e+00     1.4469e-02  0.0000e+00 
4.7394e-01     4.0499e-01  0.0000e+00     1.9194e-01  0.0000e+00     3.7370e-02  0.0000e+00     1.7711e-02  0.0000e+00 
5.3176e-01     2.7428e-01  0.0000e+00     1.4585e-01  0.0000e+00     2.8397e-02  0.0000e+00     1.5100e-02  0.0000e+00 
5.9665e-01     1.5421e-01  0.0000e+00     9.2010e-02  0.0000e+00     1.7914e-02  0.0000e+00     1.0688e-02  0.0000e+00 
6.6945e-01     2.2219e-01  0.0000e+00     1.4874e-01  0.0000e+00     2.8960e-02  0.0000e+00     1.9388e-02  0.0000e+00 
7.5114e-01     1.9428e-01  0.0000e+00     1.4593e-01  0.0000e+00     2.8413e-02  0.0000e+00     2.1342e-02  0.0000e+00 
8.4279e-01     1.0276e-01  0.0000e+00     8.6604e-02  0.0000e+00     1.6862e-02  0.0000e+00     1.4211e-02  0.0000e+00 
9.4563e-01     6.6378e-02  0.0000e+00     6.2769e-02  0.0000e+00     1.2221e-02  0.0000e+00     1.1556e-02  0.0000e+00 
1.0610e+00     5.0153e-02  0.0000e+00     5.3213e-02  0.0000e+00     1.0360e-02  0.0000e+00     1.0993e-02  0.0000e+00 
1.1905e+00     2.8576e-02  0.0000e+00     3.4019e-02  0.0000e+00     6.6235e-03  0.0000e+00     7.8850e-03  0.0000e+00 
1.3357e+00     1.6209e-02  0.0000e+00     2.1651e-02  0.0000e+00     4.2154e-03  0.0000e+00     5.6307e-03  0.0000e+00 
1.4987e+00     9.5459e-03  0.0000e+00     1.4307e-02  0.0000e+00     2.7855e-03  0.0000e+00     4.1746e-03  0.0000e+00 
1.6816e+00     4.4000e-03  0.0000e+00     7.3990e-03  0.0000e+00     1.4406e-03  0.0000e+00     2.4225e-03  0.0000e+00 
1.8868e+00     2.1127e-03  0.0000e+00     3.9862e-03  0.0000e+00     7.7610e-04  0.0000e+00     1.4643e-03  0.0000e+00 
2.1170e+00     9.6726e-04  0.0000e+00     2.0477e-03  0.0000e+00     3.9868e-04  0.0000e+00     8.4401e-04  0.0000e+00 
2.3753e+00     1.9540e-04  0.0000e+00     4.6414e-04  0.0000e+00     9.0368e-05  0.0000e+00     2.1465e-04  0.0000e+00 
2.6651e+00     1.1269e-04  0.0000e+00     3.0033e-04  0.0000e+00     5.8474e-05  0.0000e+00     1.5584e-04  0.0000e+00 
2.9903e+00     3.6521e-05  0.0000e+00     1.0921e-04  0.0000e+00     2.1263e-05  0.0000e+00     6.3584e-05  0.0000e+00 
3.3552e+00     8.1374e-06  0.0000e+00     2.7303e-05  0.0000e+00     5.3158e-06  0.0000e+00     1.7836e-05  0.0000e+00 
3.7646e+00     0.0000e+00  0.0000e+00     0.0000e+00  0.0000e+00     0.0000e+00  0.0000e+00     0.0000e+00  0.0000e+00 
4.2240e+00     0.0000e+00  0.0000e+00     0.0000e+00  0.0000e+00     0.0000e+00  0.0000e+00     0.0000e+00  0.0000e+00 
4.7394e+00     0.0000e+00  0.0000e+00     0.0000e+00  0.0000e+00     0.0000e+00  0.0000e+00     0.0000e+00  0.0000e+00 
5.3176e+00     0.0000e+00  0.0000e+00     0.0000e+00  0.0000e+00     0.0000e+00  0.0000e+00     0.0000e+00  0.0000e+00 
5.9665e+00     1.0684e-01  0.0000e+00     6.3749e-01  0.0000e+00     1.2412e-01  0.0000e+00     7.4055e-01  0.0000e+00 
6.6945e+00     2.7439e-02  0.0000e+00     1.8369e-01  0.0000e+00     3.5765e-02  0.0000e+00     2.3943e-01  0.0000e+00 
7.5114e+00     7.0043e-03  0.0000e+00     5.2612e-02  0.0000e+00     1.0244e-02  0.0000e+00     7.6943e-02  0.0000e+00 
8.4279e+00     2.6525e-02  0.0000e+00     2.2355e-01  0.0000e+00     4.3526e-02  0.0000e+00     3.6683e-01  0.0000e+00 
9.4563e+00     1.9858e-02  0.0000e+00     1.8779e-01  0.0000e+00     3.6562e-02  0.0000e+00     3.4574e-01  0.0000e+00 
1.0610e+01     2.7284e-02  0.0000e+00     2.8949e-01  0.0000e+00     5.6363e-02  0.0000e+00     5.9802e-01  0.0000e+00 
1.1905e+01     2.0517e-02  0.0000e+00     2.4425e-01  0.0000e+00     4.7555e-02  0.0000e+00     5.6613e-01  0.0000e+00 
1.3357e+01     1.5535e-02  0.0000e+00     2.0750e-01  0.0000e+00     4.0400e-02  0.0000e+00     5.3963e-01  0.0000e+00 
1.4987e+01     9.6989e-03  0.0000e+00     1.4536e-01  0.0000e+00     2.8301e-02  0.0000e+00     4.2415e-01  0.0000e+00 
1.6816e+01     6.4230e-03  0.0000e+00     1.0801e-01  0.0000e+00     2.1029e-02  0.0000e+00     3.5362e-01  0.0000e+00 
1.8868e+01     5.1833e-03  0.0000e+00     9.7798e-02  0.0000e+00     1.9041e-02  0.0000e+00     3.5926e-01  0.0000e+00 
2.1170e+01     4.7061e-03  0.0000e+00     9.9627e-02  0.0000e+00     1.9397e-02  0.0000e+00     4.1064e-01  0.0000e+00 
2.3753e+01     4.1529e-03  0.0000e+00     9.8644e-02  0.0000e+00     1.9206e-02  0.0000e+00     4.5620e-01  0.0000e+00 
2.6651e+01     2.8049e-03  0.0000e+00     7.4754e-02  0.0000e+00     1.4555e-02  0.0000e+00     3.8790e-01  0.0000e+00 
2.9903e+01     2.1274e-03  0.0000e+00     6.3615e-02  0.0000e+00     1.2386e-02  0.0000e+00     3.7038e-01  0.0000e+00 
3.3552e+01     1.7837e-03  0.0000e+00     5.9847e-02  0.0000e+00     1.1652e-02  0.0000e+00     3.9095e-01  0.0000e+00 
3.7646e+01     1.3170e-03  0.0000e+00     4.9581e-02  0.0000e+00     9.6535e-03  0.0000e+00     3.6341e-01  0.0000e+00 
4.2240e+01     9.1850e-04  0.0000e+00     3.8797e-02  0.0000e+00     7.5537e-03  0.0000e+00     3.1907e-01  0.0000e+00 
4.7394e+01     6.7690e-04  0.0000e+00     3.2081e-02  0.0000e+00     6.2460e-03  0.0000e+00     2.9602e-01  0.0000e+00 
5.3176e+01     4.1537e-04  0.0000e+00     2.2088e-02  0.0000e+00     4.3005e-03  0.0000e+00     2.2868e-01  0.0000e+00 
5.9665e+01     2.7273e-04  0.0000e+00     1.6272e-02  0.0000e+00     3.1682e-03  0.0000e+00     1.8903e-01  0.0000e+00 
6.6945e+01     1.6232e-04  0.0000e+00     1.0866e-02  0.0000e+00     2.1157e-03  0.0000e+00     1.4163e-01  0.0000e+00 
7.5114e+01     8.7963e-05  0.0000e+00     6.6072e-03  0.0000e+00     1.2864e-03  0.0000e+00     9.6628e-02  0.0000e+00 
8.4279e+01     4.6002e-05  0.0000e+00     3.8770e-03  0.0000e+00     7.5484e-04  0.0000e+00     6.3617e-02  0.0000e+00 
9.4563e+01     1.8478e-05  0.0000e+00     1.7474e-03  0.0000e+00     3.4021e-04  0.0000e+00     3.2171e-02  0.0000e+00 
1.0610e+02     7.4625e-06  0.0000e+00     7.9177e-04  0.0000e+00     1.5416e-04  0.0000e+00     1.6356e-02  0.0000e+00 
1.1905e+02     3.6695e-06  0.0000e+00     4.3684e-04  0.0000e+00     8.5052e-05  0.0000e+00     1.0125e-02  0.0000e+00 
1.3357e+02     4.0880e-07  0.0000e+00     5.4605e-05  0.0000e+00     1.0632e-05  0.0000e+00     1.4201e-03  0.0000e+00 
1.4987e+02     5.4652e-07  0.0000e+00     8.1908e-05  0.0000e+00     1.5947e-05  0.0000e+00     2.3901e-03  0.0000e+00 
1.6816e+02     0.0000e+00  0.0000e+00     0.0000e+00  0.0000e+00     0.0000e+00  0.0000e+00     0.0000e+00  0.0000e+00 
1.8868e+02     0.0000e+00  0.0000e+00     0.0000e+00  0.0000e+00     0.0000e+00  0.0000e+00     0.0000e+00  0.0000e+00 
2.1170e+02     0.0000e+00  0.0000e+00     0.0000e+00  0.0000e+00     0.0000e+00  0.0000e+00     0.0000e+00  0.0000e+00 
2.3753e+02     0.0000e+00  0.0000e+00     0.0000e+00  0.0000e+00     0.0000e+00  0.0000e+00     0.0000e+00  0.0000e+00 
2.6651e+02     0.0000e+00  0.0000e+00     0.0000e+00  0.0000e+00     0.0000e+00  0.0000e+00     0.0000e+00  0.0000e+00 
2.9903e+02     0.0000e+00  0.0000e+00     0.0000e+00  0.0000e+00     0.0000e+00  0.0000e+00     0.0000e+00  0.0000e+00 
3.3552e+02     0.0000e+00  0.0000e+00     0.0000e+00  0.0000e+00     0.0000e+00  0.0000e+00     0.0000e+00  0.0000e+00 
3.7646e+02     0.0000e+00  0.0000e+00     0.0000e+00  0.0000e+00     0.0000e+00  0.0000e+00     0.0000e+00  0.0000e+00 
4.2240e+02     0.0000e+00  0.0000e+00     0.0000e+00  0.0000e+00     0.0000e+00  0.0000e+00     0.0000e+00  0.0000e+00 
4.7394e+02     0.0000e+00  0.0000e+00     0.0000e+00  0.0000e+00     0.0000e+00  0.0000e+00     0.0000e+00  0.0000e+00 
5.3176e+02     0.0000e+00  0.0000e+00     0.0000e+00  0.0000e+00     0.0000e+00  0.0000e+00     0.0000e+00  0.0000e+00 
5.9665e+02     0.0000e+00  0.0000e+00     0.0000e+00  0.0000e+00     0.0000e+00  0.0000e+00     0.0000e+00  0.0000e+00 
6.6945e+02     0.0000e+00  0.0000e+00     0.0000e+00  0.0000e+00     0.0000e+00  0.0000e+00     0.0000e+00  0.0000e+00 
7.5114e+02     0.0000e+00  0.0000e+00     0.0000e+00  0.0000e+00     0.0000e+00  0.0000e+00     0.0000e+00  0.0000e+00 
8.4279e+02     0.0000e+00  0.0000e+00     0.0000e+00  0.0000e+00     0.0000e+00  0.0000e+00     0.0000e+00  0.0000e+00 
9.4563e+02     0.0000e+00  0.0000e+00     0.0000e+00  0.0000e+00     0.0000e+00  0.0000e+00     0.0000e+00  0.0000e+00 
1.0610e+03     0.0000e+00  0.0000e+00     0.0000e+00  0.0000e+00     0.0000e+00  0.0000e+00     0.0000e+00  0.0000e+00 
1.1905e+03     0.0000e+00  0.0000e+00     0.0000e+00  0.0000e+00     0.0000e+00  0.0000e+00     0.0000e+00  0.0000e+00 
1.3357e+03     0.0000e+00  0.0000e+00     0.0000e+00  0.0000e+00     0.0000e+00  0.0000e+00     0.0000e+00  0.0000e+00 
1.4987e+03     0.0000e+00  0.0000e+00     0.0000e+00  0.0000e+00     0.0000e+00  0.0000e+00     0.0000e+00  0.0000e+00 
1.6816e+03     0.0000e+00  0.0000e+00     0.0000e+00  0.0000e+00     0.0000e+00  0.0000e+00     0.0000e+00  0.0000e+00 
1.8868e+03     0.0000e+00  0.0000e+00     0.0000e+00  0.0000e+00     0.0000e+00  0.0000e+00     0.0000e+00  0.0000e+00 
2.1170e+03     0.0000e+00  0.0000e+00     0.0000e+00  0.0000e+00     0.0000e+00  0.0000e+00     0.0000e+00  0.0000e+00 
2.3753e+03     0.0000e+00  0.0000e+00     0.0000e+00  0.0000e+00     0.0000e+00  0.0000e+00     0.0000e+00  0.0000e+00 
2.6651e+03     0.0000e+00  0.0000e+00     0.0000e+00  0.0000e+00     0.0000e+00  0.0000e+00     0.0000e+00  0.0000e+00 
2.9903e+03     0.0000e+00  0.0000e+00     0.0000e+00  0.0000e+00     0.0000e+00  0.0000e+00     0.0000e+00  0.0000e+00 
3.3552e+03     0.0000e+00  0.0000e+00     0.0000e+00  0.0000e+00     0.0000e+00  0.0000e+00     0.0000e+00  0.0000e+00 
3.7646e+03     0.0000e+00  0.0000e+00     0.0000e+00  0.0000e+00     0.0000e+00  0.0000e+00     0.0000e+00  0.0000e+00 
4.2240e+03     0.0000e+00  0.0000e+00     0.0000e+00  0.0000e+00     0.0000e+00  0.0000e+00     0.0000e+00  0.0000e+00 
4.7394e+03     0.0000e+00  0.0000e+00     0.0000e+00  0.0000e+00     0.0000e+00  0.0000e+00     0.0000e+00  0.0000e+00 
5.3176e+03     0.0000e+00  0.0000e+00     0.0000e+00  0.0000e+00     0.0000e+00  0.0000e+00     0.0000e+00  0.0000e+00 
5.9665e+03     0.0000e+00  0.0000e+00     0.0000e+00  0.0000e+00     0.0000e+00  0.0000e+00     0.0000e+00  0.0000e+00 
6.6945e+03     0.0000e+00  0.0000e+00     0.0000e+00  0.0000e+00     0.0000e+00  0.0000e+00     0.0000e+00  0.0000e+00 
7.5114e+03     0.0000e+00  0.0000e+00     0.0000e+00  0.0000e+00     0.0000e+00  0.0000e+00     0.0000e+00  0.0000e+00 
8.4279e+03     0.0000e+00  0.0000e+00     0.0000e+00  0.0000e+00     0.0000e+00  0.0000e+00     0.0000e+00  0.0000e+00 
9.4563e+03     0.0000e+00  0.0000e+00     0.0000e+00  0.0000e+00     0.0000e+00  0.0000e+00     0.0000e+00  0.0000e+00 
