yF = 5.0122e+00 (std: 0.0000e+00) keV/um
yD = 2.3624e+01 (std: 0.0000e+00) keV/um
y (keV/um)     f(y)(std)                  yf(y)(std)                 d(y)(std)                  yd(y)(std)  
1.0610e-01     2.5245e+01  0.0000e+00     2.6785e+00  0.0000e+00     5.3439e-01  0.0000e+00     5.6699e-02  0.0000e+00 
1.1905e-01     1.9424e+00  0.0000e+00     2.3124e-01  0.0000e+00     4.6135e-02  0.0000e+00     5.4923e-03  0.0000e+00 
1.3357e-01     5.5338e-01  0.0000e+00     7.3917e-02  0.0000e+00     1.4747e-02  0.0000e+00     1.9698e-03  0.0000e+00 
1.4987e-01     2.6660e+00  0.0000e+00     3.9955e-01  0.0000e+00     7.9715e-02  0.0000e+00     1.1947e-02  0.0000e+00 
1.6816e-01     8.3607e-01  0.0000e+00     1.4059e-01  0.0000e+00     2.8050e-02  0.0000e+00     4.7168e-03  0.0000e+00 
1.8868e-01     5.7309e-01  0.0000e+00     1.0813e-01  0.0000e+00     2.1573e-02  0.0000e+00     4.0703e-03  0.0000e+00 
2.1170e-01     6.5821e-01  0.0000e+00     1.3934e-01  0.0000e+00     2.7801e-02  0.0000e+00     5.8854e-03  0.0000e+00 
2.3753e-01     5.8348e-01  0.0000e+00     1.3859e-01  0.0000e+00     2.7651e-02  0.0000e+00     6.5680e-03  0.0000e+00 
2.6651e-01     2.6704e-01  0.0000e+00     7.1170e-02  0.0000e+00     1.4199e-02  0.0000e+00     3.7843e-03  0.0000e+00 
2.9903e-01     2.2464e-01  0.0000e+00     6.7175e-02  0.0000e+00     1.3402e-02  0.0000e+00     4.0077e-03  0.0000e+00 
3.3552e-01     1.2928e+00  0.0000e+00     4.3376e-01  0.0000e+00     8.6541e-02  0.0000e+00     2.9036e-02  0.0000e+00 
3.7646e-01     8.9152e-01  0.0000e+00     3.3562e-01  0.0000e+00     6.6961e-02  0.0000e+00     2.5208e-02  0.0000e+00 
4.2240e-01     3.6181e-01  0.0000e+00     1.5283e-01  0.0000e+00     3.0491e-02  0.0000e+00     1.2879e-02  0.0000e+00 
4.7394e-01     3.8938e-01  0.0000e+00     1.8454e-01  0.0000e+00     3.6818e-02  0.0000e+00     1.7450e-02  0.0000e+00 
5.3176e-01     2.5734e-01  0.0000e+00     1.3685e-01  0.0000e+00     2.7302e-02  0.0000e+00     1.4518e-02  0.0000e+00 
5.9665e-01     1.1593e-01  0.0000e+00     6.9172e-02  0.0000e+00     1.3801e-02  0.0000e+00     8.2342e-03  0.0000e+00 
6.6945e-01     2.0740e-01  0.0000e+00     1.3884e-01  0.0000e+00     2.7701e-02  0.0000e+00     1.8544e-02  0.0000e+00 
7.5114e-01     1.6423e-01  0.0000e+00     1.2336e-01  0.0000e+00     2.4612e-02  0.0000e+00     1.8487e-02  0.0000e+00 
8.4279e-01     7.2594e-02  0.0000e+00     6.1181e-02  0.0000e+00     1.2206e-02  0.0000e+00     1.0287e-02  0.0000e+00 
9.4563e-01     4.6742e-02  0.0000e+00     4.4200e-02  0.0000e+00     8.8185e-03  0.0000e+00     8.3390e-03  0.0000e+00 
1.0610e+00     4.0011e-02  0.0000e+00     4.2452e-02  0.0000e+00     8.4697e-03  0.0000e+00     8.9865e-03  0.0000e+00 
1.1905e+00     1.5103e-02  0.0000e+00     1.7980e-02  0.0000e+00     3.5872e-03  0.0000e+00     4.2704e-03  0.0000e+00 
1.3357e+00     1.4582e-02  0.0000e+00     1.9478e-02  0.0000e+00     3.8861e-03  0.0000e+00     5.1908e-03  0.0000e+00 
1.4987e+00     8.3311e-03  0.0000e+00     1.2486e-02  0.0000e+00     2.4911e-03  0.0000e+00     3.7334e-03  0.0000e+00 
1.6816e+00     2.8215e-03  0.0000e+00     4.7447e-03  0.0000e+00     9.4662e-04  0.0000e+00     1.5918e-03  0.0000e+00 
1.8868e+00     1.3235e-03  0.0000e+00     2.4972e-03  0.0000e+00     4.9822e-04  0.0000e+00     9.4003e-04  0.0000e+00 
2.1170e+00     3.5388e-04  0.0000e+00     7.4916e-04  0.0000e+00     1.4947e-04  0.0000e+00     3.1642e-04  0.0000e+00 
2.3753e+00     1.0513e-04  0.0000e+00     2.4972e-04  0.0000e+00     4.9822e-05  0.0000e+00     1.1834e-04  0.0000e+00 
2.6651e+00     0.0000e+00  0.0000e+00     0.0000e+00  0.0000e+00     0.0000e+00  0.0000e+00     0.0000e+00  0.0000e+00 
2.9903e+00     0.0000e+00  0.0000e+00     0.0000e+00  0.0000e+00     0.0000e+00  0.0000e+00     0.0000e+00  0.0000e+00 
3.3552e+00     0.0000e+00  0.0000e+00     0.0000e+00  0.0000e+00     0.0000e+00  0.0000e+00     0.0000e+00  0.0000e+00 
3.7646e+00     0.0000e+00  0.0000e+00     0.0000e+00  0.0000e+00     0.0000e+00  0.0000e+00     0.0000e+00  0.0000e+00 
4.2240e+00     0.0000e+00  0.0000e+00     0.0000e+00  0.0000e+00     0.0000e+00  0.0000e+00     0.0000e+00  0.0000e+00 
4.7394e+00     0.0000e+00  0.0000e+00     0.0000e+00  0.0000e+00     0.0000e+00  0.0000e+00     0.0000e+00  0.0000e+00 
5.3176e+00     0.0000e+00  0.0000e+00     0.0000e+00  0.0000e+00     0.0000e+00  0.0000e+00     0.0000e+00  0.0000e+00 
5.9665e+00     1.0371e-01  0.0000e+00     6.1880e-01  0.0000e+00     1.2346e-01  0.0000e+00     7.3662e-01  0.0000e+00 
6.6945e+00     2.0665e-02  0.0000e+00     1.3834e-01  0.0000e+00     2.7601e-02  0.0000e+00     1.8478e-01  0.0000e+00 
7.5114e+00     5.9177e-03  0.0000e+00     4.4450e-02  0.0000e+00     8.8683e-03  0.0000e+00     6.6613e-02  0.0000e+00 
8.4279e+00     2.7171e-02  0.0000e+00     2.2899e-01  0.0000e+00     4.5687e-02  0.0000e+00     3.8504e-01  0.0000e+00 
9.4563e+00     1.6214e-02  0.0000e+00     1.5333e-01  0.0000e+00     3.0591e-02  0.0000e+00     2.8927e-01  0.0000e+00 
1.0610e+01     2.6690e-02  0.0000e+00     2.8318e-01  0.0000e+00     5.6498e-02  0.0000e+00     5.9945e-01  0.0000e+00 
1.1905e+01     1.8501e-02  0.0000e+00     2.2025e-01  0.0000e+00     4.3943e-02  0.0000e+00     5.2313e-01  0.0000e+00 
1.3357e+01     2.3668e-02  0.0000e+00     3.1614e-01  0.0000e+00     6.3075e-02  0.0000e+00     8.4251e-01  0.0000e+00 
1.4987e+01     9.0643e-03  0.0000e+00     1.3585e-01  0.0000e+00     2.7103e-02  0.0000e+00     4.0620e-01  0.0000e+00 
1.6816e+01     5.5688e-03  0.0000e+00     9.3645e-02  0.0000e+00     1.8683e-02  0.0000e+00     3.1417e-01  0.0000e+00 
1.8868e+01     4.3676e-03  0.0000e+00     8.2407e-02  0.0000e+00     1.6441e-02  0.0000e+00     3.1021e-01  0.0000e+00 
2.1170e+01     4.5768e-03  0.0000e+00     9.6891e-02  0.0000e+00     1.9331e-02  0.0000e+00     4.0923e-01  0.0000e+00 
2.3753e+01     4.0160e-03  0.0000e+00     9.5393e-02  0.0000e+00     1.9032e-02  0.0000e+00     4.5207e-01  0.0000e+00 
2.6651e+01     2.5767e-03  0.0000e+00     6.8673e-02  0.0000e+00     1.3701e-02  0.0000e+00     3.6515e-01  0.0000e+00 
2.9903e+01     1.8790e-03  0.0000e+00     5.6187e-02  0.0000e+00     1.1210e-02  0.0000e+00     3.3521e-01  0.0000e+00 
3.3552e+01     1.6151e-03  0.0000e+00     5.4189e-02  0.0000e+00     1.0811e-02  0.0000e+00     3.6274e-01  0.0000e+00 
3.7646e+01     1.2736e-03  0.0000e+00     4.7946e-02  0.0000e+00     9.5658e-03  0.0000e+00     3.6011e-01  0.0000e+00 
4.2240e+01     8.7497e-04  0.0000e+00     3.6958e-02  0.0000e+00     7.3736e-03  0.0000e+00     3.1146e-01  0.0000e+00 
4.7394e+01     5.3744e-04  0.0000e+00     2.5471e-02  0.0000e+00     5.0818e-03  0.0000e+00     2.4085e-01  0.0000e+00 
5.3176e+01     3.8508e-04  0.0000e+00     2.0477e-02  0.0000e+00     4.0854e-03  0.0000e+00     2.1725e-01  0.0000e+00 
5.9665e+01     3.3064e-04  0.0000e+00     1.9728e-02  0.0000e+00     3.9359e-03  0.0000e+00     2.3484e-01  0.0000e+00 
6.6945e+01     1.7905e-04  0.0000e+00     1.1987e-02  0.0000e+00     2.3915e-03  0.0000e+00     1.6010e-01  0.0000e+00 
7.5114e+01     8.6438e-05  0.0000e+00     6.4927e-03  0.0000e+00     1.2954e-03  0.0000e+00     9.7300e-02  0.0000e+00 
8.4279e+01     5.9260e-05  0.0000e+00     4.9944e-03  0.0000e+00     9.9644e-04  0.0000e+00     8.3979e-02  0.0000e+00 
9.4563e+01     2.6408e-05  0.0000e+00     2.4972e-03  0.0000e+00     4.9822e-04  0.0000e+00     4.7113e-02  0.0000e+00 
1.0610e+02     2.1182e-05  0.0000e+00     2.2475e-03  0.0000e+00     4.4840e-04  0.0000e+00     4.7575e-02  0.0000e+00 
1.1905e+02     2.0977e-06  0.0000e+00     2.4972e-04  0.0000e+00     4.9822e-05  0.0000e+00     5.9312e-03  0.0000e+00 
1.3357e+02     3.7391e-06  0.0000e+00     4.9944e-04  0.0000e+00     9.9644e-05  0.0000e+00     1.3310e-02  0.0000e+00 
1.4987e+02     0.0000e+00  0.0000e+00     0.0000e+00  0.0000e+00     0.0000e+00  0.0000e+00     0.0000e+00  0.0000e+00 
1.6816e+02     0.0000e+00  0.0000e+00     0.0000e+00  0.0000e+00     0.0000e+00  0.0000e+00     0.0000e+00  0.0000e+00 
1.8868e+02     0.0000e+00  0.0000e+00     0.0000e+00  0.0000e+00     0.0000e+00  0.0000e+00     0.0000e+00  0.0000e+00 
2.1170e+02     0.0000e+00  0.0000e+00     0.0000e+00  0.0000e+00     0.0000e+00  0.0000e+00     0.0000e+00  0.0000e+00 
2.3753e+02     0.0000e+00  0.0000e+00     0.0000e+00  0.0000e+00     0.0000e+00  0.0000e+00     0.0000e+00  0.0000e+00 
2.6651e+02     0.0000e+00  0.0000e+00     0.0000e+00  0.0000e+00     0.0000e+00  0.0000e+00     0.0000e+00  0.0000e+00 
2.9903e+02     0.0000e+00  0.0000e+00     0.0000e+00  0.0000e+00     0.0000e+00  0.0000e+00     0.0000e+00  0.0000e+00 
3.3552e+02     0.0000e+00  0.0000e+00     0.0000e+00  0.0000e+00     0.0000e+00  0.0000e+00     0.0000e+00  0.0000e+00 
3.7646e+02     0.0000e+00  0.0000e+00     0.0000e+00  0.0000e+00     0.0000e+00  0.0000e+00     0.0000e+00  0.0000e+00 
4.2240e+02     0.0000e+00  0.0000e+00     0.0000e+00  0.0000e+00     0.0000e+00  0.0000e+00     0.0000e+00  0.0000e+00 
4.7394e+02     0.0000e+00  0.0000e+00     0.0000e+00  0.0000e+00     0.0000e+00  0.0000e+00     0.0000e+00  0.0000e+00 
5.3176e+02     0.0000e+00  0.0000e+00     0.0000e+00  0.0000e+00     0.0000e+00  0.0000e+00     0.0000e+00  0.0000e+00 
5.9665e+02     0.0000e+00  0.0000e+00     0.0000e+00  0.0000e+00     0.0000e+00  0.0000e+00     0.0000e+00  0.0000e+00 
6.6945e+02     0.0000e+00  0.0000e+00     0.0000e+00  0.0000e+00     0.0000e+00  0.0000e+00     0.0000e+00  0.0000e+00 
7.5114e+02     0.0000e+00  0.0000e+00     0.0000e+00  0.0000e+00     0.0000e+00  0.0000e+00     0.0000e+00  0.0000e+00 
8.4279e+02     0.0000e+00  0.0000e+00     0.0000e+00  0.0000e+00     0.0000e+00  0.0000e+00     0.0000e+00  0.0000e+00 
9.4563e+02     0.0000e+00  0.0000e+00     0.0000e+00  0.0000e+00     0.0000e+00  0.0000e+00     0.0000e+00  0.0000e+00 
1.0610e+03     0.0000e+00  0.0000e+00     0.0000e+00  0.0000e+00     0.0000e+00  0.0000e+00     0.0000e+00  0.0000e+00 
1.1905e+03     0.0000e+00  0.0000e+00     0.0000e+00  0.0000e+00     0.0000e+00  0.0000e+00     0.0000e+00  0.0000e+00 
1.3357e+03     0.0000e+00  0.0000e+00     0.0000e+00  0.0000e+00     0.0000e+00  0.0000e+00     0.0000e+00  0.0000e+00 
1.4987e+03     0.0000e+00  0.0000e+00     0.0000e+00  0.0000e+00     0.0000e+00  0.0000e+00     0.0000e+00  0.0000e+00 
1.6816e+03     0.0000e+00  0.0000e+00     0.0000e+00  0.0000e+00     0.0000e+00  0.0000e+00     0.0000e+00  0.0000e+00 
1.8868e+03     0.0000e+00  0.0000e+00     0.0000e+00  0.0000e+00     0.0000e+00  0.0000e+00     0.0000e+00  0.0000e+00 
2.1170e+03     0.0000e+00  0.0000e+00     0.0000e+00  0.0000e+00     0.0000e+00  0.0000e+00     0.0000e+00  0.0000e+00 
2.3753e+03     0.0000e+00  0.0000e+00     0.0000e+00  0.0000e+00     0.0000e+00  0.0000e+00     0.0000e+00  0.0000e+00 
2.6651e+03     0.0000e+00  0.0000e+00     0.0000e+00  0.0000e+00     0.0000e+00  0.0000e+00     0.0000e+00  0.0000e+00 
2.9903e+03     0.0000e+00  0.0000e+00     0.0000e+00  0.0000e+00     0.0000e+00  0.0000e+00     0.0000e+00  0.0000e+00 
3.3552e+03     0.0000e+00  0.0000e+00     0.0000e+00  0.0000e+00     0.0000e+00  0.0000e+00     0.0000e+00  0.0000e+00 
3.7646e+03     0.0000e+00  0.0000e+00     0.0000e+00  0.0000e+00     0.0000e+00  0.0000e+00     0.0000e+00  0.0000e+00 
4.2240e+03     0.0000e+00  0.0000e+00     0.0000e+00  0.0000e+00     0.0000e+00  0.0000e+00     0.0000e+00  0.0000e+00 
4.7394e+03     0.0000e+00  0.0000e+00     0.0000e+00  0.0000e+00     0.0000e+00  0.0000e+00     0.0000e+00  0.0000e+00 
5.3176e+03     0.0000e+00  0.0000e+00     0.0000e+00  0.0000e+00     0.0000e+00  0.0000e+00     0.0000e+00  0.0000e+00 
5.9665e+03     0.0000e+00  0.0000e+00     0.0000e+00  0.0000e+00     0.0000e+00  0.0000e+00     0.0000e+00  0.0000e+00 
6.6945e+03     0.0000e+00  0.0000e+00     0.0000e+00  0.0000e+00     0.0000e+00  0.0000e+00     0.0000e+00  0.0000e+00 
7.5114e+03     0.0000e+00  0.0000e+00     0.0000e+00  0.0000e+00     0.0000e+00  0.0000e+00     0.0000e+00  0.0000e+00 
8.4279e+03     0.0000e+00  0.0000e+00     0.0000e+00  0.0000e+00     0.0000e+00  0.0000e+00     0.0000e+00  0.0000e+00 
9.4563e+03     0.0000e+00  0.0000e+00     0.0000e+00  0.0000e+00     0.0000e+00  0.0000e+00     0.0000e+00  0.0000e+00 
