yF = 5.0783e+00 (std: 0.0000e+00) keV/um
yD = 2.2277e+01 (std: 0.0000e+00) keV/um
y (keV/um)     f(y)(std)                  yf(y)(std)                 d(y)(std)                  yd(y)(std)  
1.0610e-01     2.3042e+01  0.0000e+00     2.4447e+00  0.0000e+00     4.8141e-01  0.0000e+00     5.1078e-02  0.0000e+00 
1.1905e-01     1.8436e+00  0.0000e+00     2.1947e-01  0.0000e+00     4.3217e-02  0.0000e+00     5.1449e-03  0.0000e+00 
1.3357e-01     7.0715e-01  0.0000e+00     9.4456e-02  0.0000e+00     1.8600e-02  0.0000e+00     2.4844e-03  0.0000e+00 
1.4987e-01     2.8361e+00  0.0000e+00     4.2505e-01  0.0000e+00     8.3699e-02  0.0000e+00     1.2544e-02  0.0000e+00 
1.6816e-01     7.9300e-01  0.0000e+00     1.3335e-01  0.0000e+00     2.6259e-02  0.0000e+00     4.4156e-03  0.0000e+00 
1.8868e-01     4.8590e-01  0.0000e+00     9.1678e-02  0.0000e+00     1.8053e-02  0.0000e+00     3.4061e-03  0.0000e+00 
2.1170e-01     5.5116e-01  0.0000e+00     1.1668e-01  0.0000e+00     2.2976e-02  0.0000e+00     4.8641e-03  0.0000e+00 
2.3753e-01     5.8479e-01  0.0000e+00     1.3891e-01  0.0000e+00     2.7353e-02  0.0000e+00     6.4971e-03  0.0000e+00 
2.6651e-01     2.1890e-01  0.0000e+00     5.8340e-02  0.0000e+00     1.1488e-02  0.0000e+00     3.0617e-03  0.0000e+00 
2.9903e-01     2.2297e-01  0.0000e+00     6.6675e-02  0.0000e+00     1.3129e-02  0.0000e+00     3.9261e-03  0.0000e+00 
3.3552e-01     1.5318e+00  0.0000e+00     5.1395e-01  0.0000e+00     1.0120e-01  0.0000e+00     3.3956e-02  0.0000e+00 
3.7646e-01     8.0437e-01  0.0000e+00     3.0281e-01  0.0000e+00     5.9629e-02  0.0000e+00     2.2448e-02  0.0000e+00 
4.2240e-01     3.9462e-01  0.0000e+00     1.6669e-01  0.0000e+00     3.2823e-02  0.0000e+00     1.3864e-02  0.0000e+00 
4.7394e-01     3.2240e-01  0.0000e+00     1.5280e-01  0.0000e+00     3.0088e-02  0.0000e+00     1.4260e-02  0.0000e+00 
5.3176e-01     2.4032e-01  0.0000e+00     1.2779e-01  0.0000e+00     2.5164e-02  0.0000e+00     1.3382e-02  0.0000e+00 
5.9665e-01     1.3503e-01  0.0000e+00     8.0565e-02  0.0000e+00     1.5865e-02  0.0000e+00     9.4656e-03  0.0000e+00 
6.6945e-01     2.6559e-01  0.0000e+00     1.7780e-01  0.0000e+00     3.5011e-02  0.0000e+00     2.3438e-02  0.0000e+00 
7.5114e-01     1.5534e-01  0.0000e+00     1.1668e-01  0.0000e+00     2.2976e-02  0.0000e+00     1.7258e-02  0.0000e+00 
8.4279e-01     9.8890e-02  0.0000e+00     8.3343e-02  0.0000e+00     1.6412e-02  0.0000e+00     1.3832e-02  0.0000e+00 
9.4563e-01     3.5254e-02  0.0000e+00     3.3337e-02  0.0000e+00     6.5646e-03  0.0000e+00     6.2077e-03  0.0000e+00 
1.0610e+00     3.9275e-02  0.0000e+00     4.1672e-02  0.0000e+00     8.2058e-03  0.0000e+00     8.7064e-03  0.0000e+00 
1.1905e+00     3.7338e-02  0.0000e+00     4.4450e-02  0.0000e+00     8.7529e-03  0.0000e+00     1.0420e-02  0.0000e+00 
1.3357e+00     4.1597e-03  0.0000e+00     5.5562e-03  0.0000e+00     1.0941e-03  0.0000e+00     1.4614e-03  0.0000e+00 
1.4987e+00     5.5610e-03  0.0000e+00     8.3343e-03  0.0000e+00     1.6412e-03  0.0000e+00     2.4596e-03  0.0000e+00 
1.6816e+00     3.3042e-03  0.0000e+00     5.5562e-03  0.0000e+00     1.0941e-03  0.0000e+00     1.8398e-03  0.0000e+00 
1.8868e+00     1.4724e-03  0.0000e+00     2.7781e-03  0.0000e+00     5.4705e-04  0.0000e+00     1.0322e-03  0.0000e+00 
2.1170e+00     0.0000e+00  0.0000e+00     0.0000e+00  0.0000e+00     0.0000e+00  0.0000e+00     0.0000e+00  0.0000e+00 
2.3753e+00     0.0000e+00  0.0000e+00     0.0000e+00  0.0000e+00     0.0000e+00  0.0000e+00     0.0000e+00  0.0000e+00 
2.6651e+00     0.0000e+00  0.0000e+00     0.0000e+00  0.0000e+00     0.0000e+00  0.0000e+00     0.0000e+00  0.0000e+00 
2.9903e+00     0.0000e+00  0.0000e+00     0.0000e+00  0.0000e+00     0.0000e+00  0.0000e+00     0.0000e+00  0.0000e+00 
3.3552e+00     0.0000e+00  0.0000e+00     0.0000e+00  0.0000e+00     0.0000e+00  0.0000e+00     0.0000e+00  0.0000e+00 
3.7646e+00     0.0000e+00  0.0000e+00     0.0000e+00  0.0000e+00     0.0000e+00  0.0000e+00     0.0000e+00  0.0000e+00 
4.2240e+00     0.0000e+00  0.0000e+00     0.0000e+00  0.0000e+00     0.0000e+00  0.0000e+00     0.0000e+00  0.0000e+00 
4.7394e+00     0.0000e+00  0.0000e+00     0.0000e+00  0.0000e+00     0.0000e+00  0.0000e+00     0.0000e+00  0.0000e+00 
5.3176e+00     0.0000e+00  0.0000e+00     0.0000e+00  0.0000e+00     0.0000e+00  0.0000e+00     0.0000e+00  0.0000e+00 
5.9665e+00     1.0430e-01  0.0000e+00     6.2230e-01  0.0000e+00     1.2254e-01  0.0000e+00     7.3113e-01  0.0000e+00 
6.6945e+00     1.9919e-02  0.0000e+00     1.3335e-01  0.0000e+00     2.6259e-02  0.0000e+00     1.7579e-01  0.0000e+00 
7.5114e+00     5.5478e-03  0.0000e+00     4.1672e-02  0.0000e+00     8.2058e-03  0.0000e+00     6.1637e-02  0.0000e+00 
8.4279e+00     2.5052e-02  0.0000e+00     2.1114e-01  0.0000e+00     4.1576e-02  0.0000e+00     3.5040e-01  0.0000e+00 
9.4563e+00     1.6158e-02  0.0000e+00     1.5280e-01  0.0000e+00     3.0088e-02  0.0000e+00     2.8452e-01  0.0000e+00 
1.0610e+01     6.0484e-02  0.0000e+00     6.4174e-01  0.0000e+00     1.2637e-01  0.0000e+00     1.3408e+00  0.0000e+00 
1.1905e+01     1.8669e-02  0.0000e+00     2.2225e-01  0.0000e+00     4.3764e-02  0.0000e+00     5.2100e-01  0.0000e+00 
1.3357e+01     1.3519e-02  0.0000e+00     1.8058e-01  0.0000e+00     3.5558e-02  0.0000e+00     4.7497e-01  0.0000e+00 
1.4987e+01     7.7854e-03  0.0000e+00     1.1668e-01  0.0000e+00     2.2976e-02  0.0000e+00     3.4435e-01  0.0000e+00 
1.6816e+01     7.4343e-03  0.0000e+00     1.2501e-01  0.0000e+00     2.4617e-02  0.0000e+00     4.1396e-01  0.0000e+00 
1.8868e+01     5.3007e-03  0.0000e+00     1.0001e-01  0.0000e+00     1.9694e-02  0.0000e+00     3.7158e-01  0.0000e+00 
2.1170e+01     4.4618e-03  0.0000e+00     9.4456e-02  0.0000e+00     1.8600e-02  0.0000e+00     3.9376e-01  0.0000e+00 
2.3753e+01     3.2748e-03  0.0000e+00     7.7787e-02  0.0000e+00     1.5317e-02  0.0000e+00     3.6384e-01  0.0000e+00 
2.6651e+01     1.8763e-03  0.0000e+00     5.0006e-02  0.0000e+00     9.8470e-03  0.0000e+00     2.6243e-01  0.0000e+00 
2.9903e+01     2.0439e-03  0.0000e+00     6.1118e-02  0.0000e+00     1.2035e-02  0.0000e+00     3.5989e-01  0.0000e+00 
3.3552e+01     1.4904e-03  0.0000e+00     5.0006e-02  0.0000e+00     9.8470e-03  0.0000e+00     3.3039e-01  0.0000e+00 
3.7646e+01     8.8555e-04  0.0000e+00     3.3337e-02  0.0000e+00     6.5646e-03  0.0000e+00     2.4713e-01  0.0000e+00 
4.2240e+01     8.5501e-04  0.0000e+00     3.6115e-02  0.0000e+00     7.1117e-03  0.0000e+00     3.0039e-01  0.0000e+00 
4.7394e+01     6.4480e-04  0.0000e+00     3.0559e-02  0.0000e+00     6.0176e-03  0.0000e+00     2.8519e-01  0.0000e+00 
5.3176e+01     4.7019e-04  0.0000e+00     2.5003e-02  0.0000e+00     4.9235e-03  0.0000e+00     2.6181e-01  0.0000e+00 
5.9665e+01     1.8625e-04  0.0000e+00     1.1112e-02  0.0000e+00     2.1882e-03  0.0000e+00     1.3056e-01  0.0000e+00 
6.6945e+01     8.2997e-05  0.0000e+00     5.5562e-03  0.0000e+00     1.0941e-03  0.0000e+00     7.3245e-02  0.0000e+00 
7.5114e+01     1.1096e-04  0.0000e+00     8.3343e-03  0.0000e+00     1.6412e-03  0.0000e+00     1.2327e-01  0.0000e+00 
8.4279e+01     6.5927e-05  0.0000e+00     5.5562e-03  0.0000e+00     1.0941e-03  0.0000e+00     9.2210e-02  0.0000e+00 
9.4563e+01     2.9379e-05  0.0000e+00     2.7781e-03  0.0000e+00     5.4705e-04  0.0000e+00     5.1731e-02  0.0000e+00 
1.0610e+02     2.6184e-05  0.0000e+00     2.7781e-03  0.0000e+00     5.4705e-04  0.0000e+00     5.8043e-02  0.0000e+00 
1.1905e+02     0.0000e+00  0.0000e+00     0.0000e+00  0.0000e+00     0.0000e+00  0.0000e+00     0.0000e+00  0.0000e+00 
1.3357e+02     0.0000e+00  0.0000e+00     0.0000e+00  0.0000e+00     0.0000e+00  0.0000e+00     0.0000e+00  0.0000e+00 
1.4987e+02     0.0000e+00  0.0000e+00     0.0000e+00  0.0000e+00     0.0000e+00  0.0000e+00     0.0000e+00  0.0000e+00 
1.6816e+02     0.0000e+00  0.0000e+00     0.0000e+00  0.0000e+00     0.0000e+00  0.0000e+00     0.0000e+00  0.0000e+00 
1.8868e+02     0.0000e+00  0.0000e+00     0.0000e+00  0.0000e+00     0.0000e+00  0.0000e+00     0.0000e+00  0.0000e+00 
2.1170e+02     0.0000e+00  0.0000e+00     0.0000e+00  0.0000e+00     0.0000e+00  0.0000e+00     0.0000e+00  0.0000e+00 
2.3753e+02     0.0000e+00  0.0000e+00     0.0000e+00  0.0000e+00     0.0000e+00  0.0000e+00     0.0000e+00  0.0000e+00 
2.6651e+02     0.0000e+00  0.0000e+00     0.0000e+00  0.0000e+00     0.0000e+00  0.0000e+00     0.0000e+00  0.0000e+00 
2.9903e+02     0.0000e+00  0.0000e+00     0.0000e+00  0.0000e+00     0.0000e+00  0.0000e+00     0.0000e+00  0.0000e+00 
3.3552e+02     0.0000e+00  0.0000e+00     0.0000e+00  0.0000e+00     0.0000e+00  0.0000e+00     0.0000e+00  0.0000e+00 
3.7646e+02     0.0000e+00  0.0000e+00     0.0000e+00  0.0000e+00     0.0000e+00  0.0000e+00     0.0000e+00  0.0000e+00 
4.2240e+02     0.0000e+00  0.0000e+00     0.0000e+00  0.0000e+00     0.0000e+00  0.0000e+00     0.0000e+00  0.0000e+00 
4.7394e+02     0.0000e+00  0.0000e+00     0.0000e+00  0.0000e+00     0.0000e+00  0.0000e+00     0.0000e+00  0.0000e+00 
5.3176e+02     0.0000e+00  0.0000e+00     0.0000e+00  0.0000e+00     0.0000e+00  0.0000e+00     0.0000e+00  0.0000e+00 
5.9665e+02     0.0000e+00  0.0000e+00     0.0000e+00  0.0000e+00     0.0000e+00  0.0000e+00     0.0000e+00  0.0000e+00 
6.6945e+02     0.0000e+00  0.0000e+00     0.0000e+00  0.0000e+00     0.0000e+00  0.0000e+00     0.0000e+00  0.0000e+00 
7.5114e+02     0.0000e+00  0.0000e+00     0.0000e+00  0.0000e+00     0.0000e+00  0.0000e+00     0.0000e+00  0.0000e+00 
8.4279e+02     0.0000e+00  0.0000e+00     0.0000e+00  0.0000e+00     0.0000e+00  0.0000e+00     0.0000e+00  0.0000e+00 
9.4563e+02     0.0000e+00  0.0000e+00     0.0000e+00  0.0000e+00     0.0000e+00  0.0000e+00     0.0000e+00  0.0000e+00 
1.0610e+03     0.0000e+00  0.0000e+00     0.0000e+00  0.0000e+00     0.0000e+00  0.0000e+00     0.0000e+00  0.0000e+00 
1.1905e+03     0.0000e+00  0.0000e+00     0.0000e+00  0.0000e+00     0.0000e+00  0.0000e+00     0.0000e+00  0.0000e+00 
1.3357e+03     0.0000e+00  0.0000e+00     0.0000e+00  0.0000e+00     0.0000e+00  0.0000e+00     0.0000e+00  0.0000e+00 
1.4987e+03     0.0000e+00  0.0000e+00     0.0000e+00  0.0000e+00     0.0000e+00  0.0000e+00     0.0000e+00  0.0000e+00 
1.6816e+03     0.0000e+00  0.0000e+00     0.0000e+00  0.0000e+00     0.0000e+00  0.0000e+00     0.0000e+00  0.0000e+00 
1.8868e+03     0.0000e+00  0.0000e+00     0.0000e+00  0.0000e+00     0.0000e+00  0.0000e+00     0.0000e+00  0.0000e+00 
2.1170e+03     0.0000e+00  0.0000e+00     0.0000e+00  0.0000e+00     0.0000e+00  0.0000e+00     0.0000e+00  0.0000e+00 
2.3753e+03     0.0000e+00  0.0000e+00     0.0000e+00  0.0000e+00     0.0000e+00  0.0000e+00     0.0000e+00  0.0000e+00 
2.6651e+03     0.0000e+00  0.0000e+00     0.0000e+00  0.0000e+00     0.0000e+00  0.0000e+00     0.0000e+00  0.0000e+00 
2.9903e+03     0.0000e+00  0.0000e+00     0.0000e+00  0.0000e+00     0.0000e+00  0.0000e+00     0.0000e+00  0.0000e+00 
3.3552e+03     0.0000e+00  0.0000e+00     0.0000e+00  0.0000e+00     0.0000e+00  0.0000e+00     0.0000e+00  0.0000e+00 
3.7646e+03     0.0000e+00  0.0000e+00     0.0000e+00  0.0000e+00     0.0000e+00  0.0000e+00     0.0000e+00  0.0000e+00 
4.2240e+03     0.0000e+00  0.0000e+00     0.0000e+00  0.0000e+00     0.0000e+00  0.0000e+00     0.0000e+00  0.0000e+00 
4.7394e+03     0.0000e+00  0.0000e+00     0.0000e+00  0.0000e+00     0.0000e+00  0.0000e+00     0.0000e+00  0.0000e+00 
5.3176e+03     0.0000e+00  0.0000e+00     0.0000e+00  0.0000e+00     0.0000e+00  0.0000e+00     0.0000e+00  0.0000e+00 
5.9665e+03     0.0000e+00  0.0000e+00     0.0000e+00  0.0000e+00     0.0000e+00  0.0000e+00     0.0000e+00  0.0000e+00 
6.6945e+03     0.0000e+00  0.0000e+00     0.0000e+00  0.0000e+00     0.0000e+00  0.0000e+00     0.0000e+00  0.0000e+00 
7.5114e+03     0.0000e+00  0.0000e+00     0.0000e+00  0.0000e+00     0.0000e+00  0.0000e+00     0.0000e+00  0.0000e+00 
8.4279e+03     0.0000e+00  0.0000e+00     0.0000e+00  0.0000e+00     0.0000e+00  0.0000e+00     0.0000e+00  0.0000e+00 
9.4563e+03     0.0000e+00  0.0000e+00     0.0000e+00  0.0000e+00     0.0000e+00  0.0000e+00     0.0000e+00  0.0000e+00 
