yF = 4.7981e+00 (std: 0.0000e+00) keV/um
yD = 2.0996e+01 (std: 0.0000e+00) keV/um
y (keV/um)     f(y)(std)                  yf(y)(std)                 d(y)(std)                  yd(y)(std)  
1.0610e-01     2.3091e+01  0.0000e+00     2.4500e+00  0.0000e+00     5.1061e-01  0.0000e+00     5.4177e-02  0.0000e+00 
1.1905e-01     1.8300e+00  0.0000e+00     2.1785e-01  0.0000e+00     4.5404e-02  0.0000e+00     5.4052e-03  0.0000e+00 
1.3357e-01     6.0651e-01  0.0000e+00     8.1013e-02  0.0000e+00     1.6884e-02  0.0000e+00     2.2553e-03  0.0000e+00 
1.4987e-01     2.6617e+00  0.0000e+00     3.9892e-01  0.0000e+00     8.3141e-02  0.0000e+00     1.2460e-02  0.0000e+00 
1.6816e-01     8.8746e-01  0.0000e+00     1.4923e-01  0.0000e+00     3.1103e-02  0.0000e+00     5.2302e-03  0.0000e+00 
1.8868e-01     6.2733e-01  0.0000e+00     1.1836e-01  0.0000e+00     2.4669e-02  0.0000e+00     4.6544e-03  0.0000e+00 
2.1170e-01     6.7699e-01  0.0000e+00     1.4332e-01  0.0000e+00     2.9870e-02  0.0000e+00     6.3234e-03  0.0000e+00 
2.3753e-01     6.2337e-01  0.0000e+00     1.4807e-01  0.0000e+00     3.0860e-02  0.0000e+00     7.3302e-03  0.0000e+00 
2.6651e-01     3.1333e-01  0.0000e+00     8.3506e-02  0.0000e+00     1.7404e-02  0.0000e+00     4.6384e-03  0.0000e+00 
2.9903e-01     2.7014e-01  0.0000e+00     8.0781e-02  0.0000e+00     1.6836e-02  0.0000e+00     5.0345e-03  0.0000e+00 
3.3552e-01     1.2462e+00  0.0000e+00     4.1813e-01  0.0000e+00     8.7144e-02  0.0000e+00     2.9239e-02  0.0000e+00 
3.7646e-01     8.7324e-01  0.0000e+00     3.2874e-01  0.0000e+00     6.8514e-02  0.0000e+00     2.5793e-02  0.0000e+00 
4.2240e-01     4.3693e-01  0.0000e+00     1.8456e-01  0.0000e+00     3.8464e-02  0.0000e+00     1.6247e-02  0.0000e+00 
4.7394e-01     4.0252e-01  0.0000e+00     1.9077e-01  0.0000e+00     3.9760e-02  0.0000e+00     1.8843e-02  0.0000e+00 
5.3176e-01     2.7995e-01  0.0000e+00     1.4887e-01  0.0000e+00     3.1026e-02  0.0000e+00     1.6499e-02  0.0000e+00 
5.9665e-01     1.5399e-01  0.0000e+00     9.1879e-02  0.0000e+00     1.9149e-02  0.0000e+00     1.1425e-02  0.0000e+00 
6.6945e-01     2.1662e-01  0.0000e+00     1.4501e-01  0.0000e+00     3.0223e-02  0.0000e+00     2.0233e-02  0.0000e+00 
7.5114e-01     1.9527e-01  0.0000e+00     1.4667e-01  0.0000e+00     3.0569e-02  0.0000e+00     2.2962e-02  0.0000e+00 
8.4279e-01     1.0441e-01  0.0000e+00     8.7992e-02  0.0000e+00     1.8339e-02  0.0000e+00     1.5456e-02  0.0000e+00 
9.4563e-01     6.5326e-02  0.0000e+00     6.1774e-02  0.0000e+00     1.2875e-02  0.0000e+00     1.2175e-02  0.0000e+00 
1.0610e+00     5.0486e-02  0.0000e+00     5.3566e-02  0.0000e+00     1.1164e-02  0.0000e+00     1.1845e-02  0.0000e+00 
1.1905e+00     2.7969e-02  0.0000e+00     3.3296e-02  0.0000e+00     6.9394e-03  0.0000e+00     8.2612e-03  0.0000e+00 
1.3357e+00     1.5673e-02  0.0000e+00     2.0935e-02  0.0000e+00     4.3631e-03  0.0000e+00     5.8279e-03  0.0000e+00 
1.4987e+00     9.1348e-03  0.0000e+00     1.3691e-02  0.0000e+00     2.8533e-03  0.0000e+00     4.2763e-03  0.0000e+00 
1.6816e+00     4.1695e-03  0.0000e+00     7.0114e-03  0.0000e+00     1.4613e-03  0.0000e+00     2.4573e-03  0.0000e+00 
1.8868e+00     1.8316e-03  0.0000e+00     3.4559e-03  0.0000e+00     7.2026e-04  0.0000e+00     1.3590e-03  0.0000e+00 
2.1170e+00     9.8888e-04  0.0000e+00     2.0935e-03  0.0000e+00     4.3631e-04  0.0000e+00     9.2366e-04  0.0000e+00 
2.3753e+00     3.6373e-04  0.0000e+00     8.6397e-04  0.0000e+00     1.8006e-04  0.0000e+00     4.2771e-04  0.0000e+00 
2.6651e+00     6.2341e-05  0.0000e+00     1.6615e-04  0.0000e+00     3.4628e-05  0.0000e+00     9.2288e-05  0.0000e+00 
2.9903e+00     0.0000e+00  0.0000e+00     0.0000e+00  0.0000e+00     0.0000e+00  0.0000e+00     0.0000e+00  0.0000e+00 
3.3552e+00     0.0000e+00  0.0000e+00     0.0000e+00  0.0000e+00     0.0000e+00  0.0000e+00     0.0000e+00  0.0000e+00 
3.7646e+00     0.0000e+00  0.0000e+00     0.0000e+00  0.0000e+00     0.0000e+00  0.0000e+00     0.0000e+00  0.0000e+00 
4.2240e+00     7.8669e-06  0.0000e+00     3.3229e-05  0.0000e+00     6.9255e-06  0.0000e+00     2.9253e-05  0.0000e+00 
4.7394e+00     7.0114e-06  0.0000e+00     3.3229e-05  0.0000e+00     6.9255e-06  0.0000e+00     3.2823e-05  0.0000e+00 
5.3176e+00     0.0000e+00  0.0000e+00     0.0000e+00  0.0000e+00     0.0000e+00  0.0000e+00     0.0000e+00  0.0000e+00 
5.9665e+00     1.0661e-01  0.0000e+00     6.3611e-01  0.0000e+00     1.3258e-01  0.0000e+00     7.9101e-01  0.0000e+00 
6.6945e+00     2.6670e-02  0.0000e+00     1.7854e-01  0.0000e+00     3.7211e-02  0.0000e+00     2.4911e-01  0.0000e+00 
7.5114e+00     6.8703e-03  0.0000e+00     5.1605e-02  0.0000e+00     1.0755e-02  0.0000e+00     8.0788e-02  0.0000e+00 
8.4279e+00     2.6346e-02  0.0000e+00     2.2204e-01  0.0000e+00     4.6276e-02  0.0000e+00     3.9001e-01  0.0000e+00 
9.4563e+00     1.9520e-02  0.0000e+00     1.8459e-01  0.0000e+00     3.8471e-02  0.0000e+00     3.6380e-01  0.0000e+00 
1.0610e+01     2.7454e-02  0.0000e+00     2.9129e-01  0.0000e+00     6.0709e-02  0.0000e+00     6.4413e-01  0.0000e+00 
1.1905e+01     2.1370e-02  0.0000e+00     2.5440e-01  0.0000e+00     5.3022e-02  0.0000e+00     6.3121e-01  0.0000e+00 
1.3357e+01     1.5648e-02  0.0000e+00     2.0901e-01  0.0000e+00     4.3562e-02  0.0000e+00     5.8187e-01  0.0000e+00 
1.4987e+01     9.3987e-03  0.0000e+00     1.4086e-01  0.0000e+00     2.9357e-02  0.0000e+00     4.3998e-01  0.0000e+00 
1.6816e+01     6.2365e-03  0.0000e+00     1.0487e-01  0.0000e+00     2.1857e-02  0.0000e+00     3.6754e-01  0.0000e+00 
1.8868e+01     4.9771e-03  0.0000e+00     9.3906e-02  0.0000e+00     1.9572e-02  0.0000e+00     3.6927e-01  0.0000e+00 
2.1170e+01     4.6132e-03  0.0000e+00     9.7661e-02  0.0000e+00     2.0354e-02  0.0000e+00     4.3090e-01  0.0000e+00 
2.3753e+01     4.1199e-03  0.0000e+00     9.7861e-02  0.0000e+00     2.0396e-02  0.0000e+00     4.8446e-01  0.0000e+00 
2.6651e+01     2.5572e-03  0.0000e+00     6.8154e-02  0.0000e+00     1.4204e-02  0.0000e+00     3.7856e-01  0.0000e+00 
2.9903e+01     1.8858e-03  0.0000e+00     5.6390e-02  0.0000e+00     1.1753e-02  0.0000e+00     3.5144e-01  0.0000e+00 
3.3552e+01     1.5896e-03  0.0000e+00     5.3333e-02  0.0000e+00     1.1115e-02  0.0000e+00     3.7295e-01  0.0000e+00 
3.7646e+01     1.1704e-03  0.0000e+00     4.4062e-02  0.0000e+00     9.1833e-03  0.0000e+00     3.4571e-01  0.0000e+00 
4.2240e+01     7.4500e-04  0.0000e+00     3.1468e-02  0.0000e+00     6.5585e-03  0.0000e+00     2.7703e-01  0.0000e+00 
4.7394e+01     5.5320e-04  0.0000e+00     2.6218e-02  0.0000e+00     5.4643e-03  0.0000e+00     2.5897e-01  0.0000e+00 
5.3176e+01     3.2307e-04  0.0000e+00     1.7180e-02  0.0000e+00     3.5805e-03  0.0000e+00     1.9040e-01  0.0000e+00 
5.9665e+01     1.8657e-04  0.0000e+00     1.1132e-02  0.0000e+00     2.3201e-03  0.0000e+00     1.3843e-01  0.0000e+00 
6.6945e+01     9.4806e-05  0.0000e+00     6.3468e-03  0.0000e+00     1.3228e-03  0.0000e+00     8.8554e-02  0.0000e+00 
7.5114e+01     5.7068e-05  0.0000e+00     4.2866e-03  0.0000e+00     8.9340e-04  0.0000e+00     6.7106e-02  0.0000e+00 
8.4279e+01     2.0503e-05  0.0000e+00     1.7279e-03  0.0000e+00     3.6013e-04  0.0000e+00     3.0351e-02  0.0000e+00 
9.4563e+01     1.0893e-05  0.0000e+00     1.0301e-03  0.0000e+00     2.1469e-04  0.0000e+00     2.0302e-02  0.0000e+00 
1.0610e+02     4.6978e-06  0.0000e+00     4.9844e-04  0.0000e+00     1.0388e-04  0.0000e+00     1.1022e-02  0.0000e+00 
1.1905e+02     1.9539e-06  0.0000e+00     2.3261e-04  0.0000e+00     4.8479e-05  0.0000e+00     5.7713e-03  0.0000e+00 
1.3357e+02     4.9755e-07  0.0000e+00     6.6459e-05  0.0000e+00     1.3851e-05  0.0000e+00     1.8501e-03  0.0000e+00 
1.4987e+02     2.2172e-07  0.0000e+00     3.3229e-05  0.0000e+00     6.9255e-06  0.0000e+00     1.0379e-03  0.0000e+00 
1.6816e+02     0.0000e+00  0.0000e+00     0.0000e+00  0.0000e+00     0.0000e+00  0.0000e+00     0.0000e+00  0.0000e+00 
1.8868e+02     0.0000e+00  0.0000e+00     0.0000e+00  0.0000e+00     0.0000e+00  0.0000e+00     0.0000e+00  0.0000e+00 
2.1170e+02     0.0000e+00  0.0000e+00     0.0000e+00  0.0000e+00     0.0000e+00  0.0000e+00     0.0000e+00  0.0000e+00 
2.3753e+02     0.0000e+00  0.0000e+00     0.0000e+00  0.0000e+00     0.0000e+00  0.0000e+00     0.0000e+00  0.0000e+00 
2.6651e+02     0.0000e+00  0.0000e+00     0.0000e+00  0.0000e+00     0.0000e+00  0.0000e+00     0.0000e+00  0.0000e+00 
2.9903e+02     0.0000e+00  0.0000e+00     0.0000e+00  0.0000e+00     0.0000e+00  0.0000e+00     0.0000e+00  0.0000e+00 
3.3552e+02     0.0000e+00  0.0000e+00     0.0000e+00  0.0000e+00     0.0000e+00  0.0000e+00     0.0000e+00  0.0000e+00 
3.7646e+02     0.0000e+00  0.0000e+00     0.0000e+00  0.0000e+00     0.0000e+00  0.0000e+00     0.0000e+00  0.0000e+00 
4.2240e+02     0.0000e+00  0.0000e+00     0.0000e+00  0.0000e+00     0.0000e+00  0.0000e+00     0.0000e+00  0.0000e+00 
4.7394e+02     0.0000e+00  0.0000e+00     0.0000e+00  0.0000e+00     0.0000e+00  0.0000e+00     0.0000e+00  0.0000e+00 
5.3176e+02     0.0000e+00  0.0000e+00     0.0000e+00  0.0000e+00     0.0000e+00  0.0000e+00     0.0000e+00  0.0000e+00 
5.9665e+02     0.0000e+00  0.0000e+00     0.0000e+00  0.0000e+00     0.0000e+00  0.0000e+00     0.0000e+00  0.0000e+00 
6.6945e+02     0.0000e+00  0.0000e+00     0.0000e+00  0.0000e+00     0.0000e+00  0.0000e+00     0.0000e+00  0.0000e+00 
7.5114e+02     0.0000e+00  0.0000e+00     0.0000e+00  0.0000e+00     0.0000e+00  0.0000e+00     0.0000e+00  0.0000e+00 
8.4279e+02     0.0000e+00  0.0000e+00     0.0000e+00  0.0000e+00     0.0000e+00  0.0000e+00     0.0000e+00  0.0000e+00 
9.4563e+02     0.0000e+00  0.0000e+00     0.0000e+00  0.0000e+00     0.0000e+00  0.0000e+00     0.0000e+00  0.0000e+00 
1.0610e+03     0.0000e+00  0.0000e+00     0.0000e+00  0.0000e+00     0.0000e+00  0.0000e+00     0.0000e+00  0.0000e+00 
1.1905e+03     0.0000e+00  0.0000e+00     0.0000e+00  0.0000e+00     0.0000e+00  0.0000e+00     0.0000e+00  0.0000e+00 
1.3357e+03     0.0000e+00  0.0000e+00     0.0000e+00  0.0000e+00     0.0000e+00  0.0000e+00     0.0000e+00  0.0000e+00 
1.4987e+03     0.0000e+00  0.0000e+00     0.0000e+00  0.0000e+00     0.0000e+00  0.0000e+00     0.0000e+00  0.0000e+00 
1.6816e+03     0.0000e+00  0.0000e+00     0.0000e+00  0.0000e+00     0.0000e+00  0.0000e+00     0.0000e+00  0.0000e+00 
1.8868e+03     0.0000e+00  0.0000e+00     0.0000e+00  0.0000e+00     0.0000e+00  0.0000e+00     0.0000e+00  0.0000e+00 
2.1170e+03     0.0000e+00  0.0000e+00     0.0000e+00  0.0000e+00     0.0000e+00  0.0000e+00     0.0000e+00  0.0000e+00 
2.3753e+03     0.0000e+00  0.0000e+00     0.0000e+00  0.0000e+00     0.0000e+00  0.0000e+00     0.0000e+00  0.0000e+00 
2.6651e+03     0.0000e+00  0.0000e+00     0.0000e+00  0.0000e+00     0.0000e+00  0.0000e+00     0.0000e+00  0.0000e+00 
2.9903e+03     0.0000e+00  0.0000e+00     0.0000e+00  0.0000e+00     0.0000e+00  0.0000e+00     0.0000e+00  0.0000e+00 
3.3552e+03     0.0000e+00  0.0000e+00     0.0000e+00  0.0000e+00     0.0000e+00  0.0000e+00     0.0000e+00  0.0000e+00 
3.7646e+03     0.0000e+00  0.0000e+00     0.0000e+00  0.0000e+00     0.0000e+00  0.0000e+00     0.0000e+00  0.0000e+00 
4.2240e+03     0.0000e+00  0.0000e+00     0.0000e+00  0.0000e+00     0.0000e+00  0.0000e+00     0.0000e+00  0.0000e+00 
4.7394e+03     0.0000e+00  0.0000e+00     0.0000e+00  0.0000e+00     0.0000e+00  0.0000e+00     0.0000e+00  0.0000e+00 
5.3176e+03     0.0000e+00  0.0000e+00     0.0000e+00  0.0000e+00     0.0000e+00  0.0000e+00     0.0000e+00  0.0000e+00 
5.9665e+03     0.0000e+00  0.0000e+00     0.0000e+00  0.0000e+00     0.0000e+00  0.0000e+00     0.0000e+00  0.0000e+00 
6.6945e+03     0.0000e+00  0.0000e+00     0.0000e+00  0.0000e+00     0.0000e+00  0.0000e+00     0.0000e+00  0.0000e+00 
7.5114e+03     0.0000e+00  0.0000e+00     0.0000e+00  0.0000e+00     0.0000e+00  0.0000e+00     0.0000e+00  0.0000e+00 
8.4279e+03     0.0000e+00  0.0000e+00     0.0000e+00  0.0000e+00     0.0000e+00  0.0000e+00     0.0000e+00  0.0000e+00 
9.4563e+03     0.0000e+00  0.0000e+00     0.0000e+00  0.0000e+00     0.0000e+00  0.0000e+00     0.0000e+00  0.0000e+00 
