yF = 7.0894e+00 (std: 0.0000e+00) keV/um
yD = 2.4559e+01 (std: 0.0000e+00) keV/um
y (keV/um)     f(y)(std)                  yf(y)(std)                 d(y)(std)                  yd(y)(std)  
1.0610e-01     2.2177e+01  0.0000e+00     2.3531e+00  0.0000e+00     3.3191e-01  0.0000e+00     3.5216e-02  0.0000e+00 
1.1905e-01     1.5964e+00  0.0000e+00     1.9004e-01  0.0000e+00     2.6807e-02  0.0000e+00     3.1913e-03  0.0000e+00 
1.3357e-01     4.6868e-01  0.0000e+00     6.2603e-02  0.0000e+00     8.8305e-03  0.0000e+00     1.1795e-03  0.0000e+00 
1.4987e-01     2.3506e+00  0.0000e+00     3.5228e-01  0.0000e+00     4.9692e-02  0.0000e+00     7.4474e-03  0.0000e+00 
1.6816e-01     7.5650e-01  0.0000e+00     1.2721e-01  0.0000e+00     1.7944e-02  0.0000e+00     3.0175e-03  0.0000e+00 
1.8868e-01     4.9162e-01  0.0000e+00     9.2758e-02  0.0000e+00     1.3084e-02  0.0000e+00     2.4687e-03  0.0000e+00 
2.1170e-01     5.2454e-01  0.0000e+00     1.1105e-01  0.0000e+00     1.5664e-02  0.0000e+00     3.3160e-03  0.0000e+00 
2.3753e-01     4.9936e-01  0.0000e+00     1.1861e-01  0.0000e+00     1.6731e-02  0.0000e+00     3.9741e-03  0.0000e+00 
2.6651e-01     2.2608e-01  0.0000e+00     6.0252e-02  0.0000e+00     8.4990e-03  0.0000e+00     2.2651e-03  0.0000e+00 
2.9903e-01     2.0053e-01  0.0000e+00     5.9966e-02  0.0000e+00     8.4585e-03  0.0000e+00     2.5294e-03  0.0000e+00 
3.3552e-01     1.0558e+00  0.0000e+00     3.5423e-01  0.0000e+00     4.9967e-02  0.0000e+00     1.6765e-02  0.0000e+00 
3.7646e-01     6.9715e-01  0.0000e+00     2.6245e-01  0.0000e+00     3.7020e-02  0.0000e+00     1.3937e-02  0.0000e+00 
4.2240e-01     3.1094e-01  0.0000e+00     1.3134e-01  0.0000e+00     1.8526e-02  0.0000e+00     7.8254e-03  0.0000e+00 
4.7394e-01     3.0555e-01  0.0000e+00     1.4481e-01  0.0000e+00     2.0427e-02  0.0000e+00     9.6809e-03  0.0000e+00 
5.3176e-01     1.9179e-01  0.0000e+00     1.0199e-01  0.0000e+00     1.4386e-02  0.0000e+00     7.6500e-03  0.0000e+00 
5.9665e-01     9.7814e-02  0.0000e+00     5.8360e-02  0.0000e+00     8.2321e-03  0.0000e+00     4.9117e-03  0.0000e+00 
6.6945e-01     1.5783e-01  0.0000e+00     1.0566e-01  0.0000e+00     1.4904e-02  0.0000e+00     9.9772e-03  0.0000e+00 
7.5114e-01     1.3356e-01  0.0000e+00     1.0032e-01  0.0000e+00     1.4151e-02  0.0000e+00     1.0630e-02  0.0000e+00 
8.4279e-01     6.4009e-02  0.0000e+00     5.3946e-02  0.0000e+00     7.6095e-03  0.0000e+00     6.4132e-03  0.0000e+00 
9.4563e-01     4.1225e-02  0.0000e+00     3.8983e-02  0.0000e+00     5.4989e-03  0.0000e+00     5.1999e-03  0.0000e+00 
1.0610e+00     3.0636e-02  0.0000e+00     3.2505e-02  0.0000e+00     4.5851e-03  0.0000e+00     4.8648e-03  0.0000e+00 
1.1905e+00     1.6758e-02  0.0000e+00     1.9950e-02  0.0000e+00     2.8141e-03  0.0000e+00     3.3501e-03  0.0000e+00 
1.3357e+00     8.2834e-03  0.0000e+00     1.1064e-02  0.0000e+00     1.5607e-03  0.0000e+00     2.0847e-03  0.0000e+00 
1.4987e+00     4.7432e-03  0.0000e+00     7.1087e-03  0.0000e+00     1.0027e-03  0.0000e+00     1.5028e-03  0.0000e+00 
1.6816e+00     3.0001e-03  0.0000e+00     5.0449e-03  0.0000e+00     7.1162e-04  0.0000e+00     1.1966e-03  0.0000e+00 
1.8868e+00     8.8115e-04  0.0000e+00     1.6625e-03  0.0000e+00     2.3451e-04  0.0000e+00     4.4247e-04  0.0000e+00 
2.1170e+00     5.1452e-04  0.0000e+00     1.0892e-03  0.0000e+00     1.5364e-04  0.0000e+00     3.2526e-04  0.0000e+00 
2.3753e+00     2.1722e-04  0.0000e+00     5.1596e-04  0.0000e+00     7.2779e-05  0.0000e+00     1.7287e-04  0.0000e+00 
2.6651e+00     6.4532e-05  0.0000e+00     1.7199e-04  0.0000e+00     2.4260e-05  0.0000e+00     6.4655e-05  0.0000e+00 
2.9903e+00     0.0000e+00  0.0000e+00     0.0000e+00  0.0000e+00     0.0000e+00  0.0000e+00     0.0000e+00  0.0000e+00 
3.3552e+00     0.0000e+00  0.0000e+00     0.0000e+00  0.0000e+00     0.0000e+00  0.0000e+00     0.0000e+00  0.0000e+00 
3.7646e+00     0.0000e+00  0.0000e+00     0.0000e+00  0.0000e+00     0.0000e+00  0.0000e+00     0.0000e+00  0.0000e+00 
4.2240e+00     0.0000e+00  0.0000e+00     0.0000e+00  0.0000e+00     0.0000e+00  0.0000e+00     0.0000e+00  0.0000e+00 
4.7394e+00     0.0000e+00  0.0000e+00     0.0000e+00  0.0000e+00     0.0000e+00  0.0000e+00     0.0000e+00  0.0000e+00 
5.3176e+00     0.0000e+00  0.0000e+00     0.0000e+00  0.0000e+00     0.0000e+00  0.0000e+00     0.0000e+00  0.0000e+00 
5.9665e+00     6.6058e-02  0.0000e+00     3.9413e-01  0.0000e+00     5.5595e-02  0.0000e+00     3.3171e-01  0.0000e+00 
6.6945e+00     1.8489e-02  0.0000e+00     1.2377e-01  0.0000e+00     1.7459e-02  0.0000e+00     1.1688e-01  0.0000e+00 
7.5114e+00     6.5179e-03  0.0000e+00     4.8959e-02  0.0000e+00     6.9059e-03  0.0000e+00     5.1873e-02  0.0000e+00 
8.4279e+00     4.5711e-02  0.0000e+00     3.8525e-01  0.0000e+00     5.4342e-02  0.0000e+00     4.5799e-01  0.0000e+00 
9.4563e+00     2.4765e-02  0.0000e+00     2.3419e-01  0.0000e+00     3.3034e-02  0.0000e+00     3.1237e-01  0.0000e+00 
1.0610e+01     4.0384e-02  0.0000e+00     4.2847e-01  0.0000e+00     6.0439e-02  0.0000e+00     6.4126e-01  0.0000e+00 
1.1905e+01     3.0223e-02  0.0000e+00     3.5979e-01  0.0000e+00     5.0751e-02  0.0000e+00     6.0418e-01  0.0000e+00 
1.3357e+01     2.6232e-02  0.0000e+00     3.5039e-01  0.0000e+00     4.9425e-02  0.0000e+00     6.6019e-01  0.0000e+00 
1.4987e+01     1.6494e-02  0.0000e+00     2.4720e-01  0.0000e+00     3.4869e-02  0.0000e+00     5.2259e-01  0.0000e+00 
1.6816e+01     1.0258e-02  0.0000e+00     1.7250e-01  0.0000e+00     2.4332e-02  0.0000e+00     4.0917e-01  0.0000e+00 
1.8868e+01     7.5627e-03  0.0000e+00     1.4269e-01  0.0000e+00     2.0127e-02  0.0000e+00     3.7976e-01  0.0000e+00 
2.1170e+01     6.1201e-03  0.0000e+00     1.2956e-01  0.0000e+00     1.8276e-02  0.0000e+00     3.8689e-01  0.0000e+00 
2.3753e+01     5.3822e-03  0.0000e+00     1.2784e-01  0.0000e+00     1.8033e-02  0.0000e+00     4.2834e-01  0.0000e+00 
2.6651e+01     5.8401e-03  0.0000e+00     1.5565e-01  0.0000e+00     2.1955e-02  0.0000e+00     5.8513e-01  0.0000e+00 
2.9903e+01     2.8489e-03  0.0000e+00     8.5190e-02  0.0000e+00     1.2017e-02  0.0000e+00     3.5934e-01  0.0000e+00 
3.3552e+01     2.5168e-03  0.0000e+00     8.4445e-02  0.0000e+00     1.1912e-02  0.0000e+00     3.9966e-01  0.0000e+00 
3.7646e+01     1.7848e-03  0.0000e+00     6.7189e-02  0.0000e+00     9.4775e-03  0.0000e+00     3.5679e-01  0.0000e+00 
4.2240e+01     1.2989e-03  0.0000e+00     5.4863e-02  0.0000e+00     7.7388e-03  0.0000e+00     3.2689e-01  0.0000e+00 
4.7394e+01     9.7980e-04  0.0000e+00     4.6436e-02  0.0000e+00     6.5501e-03  0.0000e+00     3.1043e-01  0.0000e+00 
5.3176e+01     6.5871e-04  0.0000e+00     3.5028e-02  0.0000e+00     4.9409e-03  0.0000e+00     2.6274e-01  0.0000e+00 
5.9665e+01     4.3430e-04  0.0000e+00     2.5913e-02  0.0000e+00     3.6551e-03  0.0000e+00     2.1808e-01  0.0000e+00 
6.6945e+01     2.3036e-04  0.0000e+00     1.5421e-02  0.0000e+00     2.1753e-03  0.0000e+00     1.4562e-01  0.0000e+00 
7.5114e+01     1.4043e-04  0.0000e+00     1.0548e-02  0.0000e+00     1.4879e-03  0.0000e+00     1.1176e-01  0.0000e+00 
8.4279e+01     7.0063e-05  0.0000e+00     5.9048e-03  0.0000e+00     8.3292e-04  0.0000e+00     7.0197e-02  0.0000e+00 
9.4563e+01     2.9100e-05  0.0000e+00     2.7518e-03  0.0000e+00     3.8816e-04  0.0000e+00     3.6705e-02  0.0000e+00 
1.0610e+02     1.3508e-05  0.0000e+00     1.4332e-03  0.0000e+00     2.0216e-04  0.0000e+00     2.1450e-02  0.0000e+00 
1.1905e+02     6.2603e-06  0.0000e+00     7.4527e-04  0.0000e+00     1.0513e-04  0.0000e+00     1.2515e-02  0.0000e+00 
1.3357e+02     8.5838e-07  0.0000e+00     1.1466e-04  0.0000e+00     1.6173e-05  0.0000e+00     2.1603e-03  0.0000e+00 
1.4987e+02     3.8252e-07  0.0000e+00     5.7329e-05  0.0000e+00     8.0866e-06  0.0000e+00     1.2119e-03  0.0000e+00 
1.6816e+02     0.0000e+00  0.0000e+00     0.0000e+00  0.0000e+00     0.0000e+00  0.0000e+00     0.0000e+00  0.0000e+00 
1.8868e+02     0.0000e+00  0.0000e+00     0.0000e+00  0.0000e+00     0.0000e+00  0.0000e+00     0.0000e+00  0.0000e+00 
2.1170e+02     0.0000e+00  0.0000e+00     0.0000e+00  0.0000e+00     0.0000e+00  0.0000e+00     0.0000e+00  0.0000e+00 
2.3753e+02     0.0000e+00  0.0000e+00     0.0000e+00  0.0000e+00     0.0000e+00  0.0000e+00     0.0000e+00  0.0000e+00 
2.6651e+02     0.0000e+00  0.0000e+00     0.0000e+00  0.0000e+00     0.0000e+00  0.0000e+00     0.0000e+00  0.0000e+00 
2.9903e+02     0.0000e+00  0.0000e+00     0.0000e+00  0.0000e+00     0.0000e+00  0.0000e+00     0.0000e+00  0.0000e+00 
3.3552e+02     0.0000e+00  0.0000e+00     0.0000e+00  0.0000e+00     0.0000e+00  0.0000e+00     0.0000e+00  0.0000e+00 
3.7646e+02     0.0000e+00  0.0000e+00     0.0000e+00  0.0000e+00     0.0000e+00  0.0000e+00     0.0000e+00  0.0000e+00 
4.2240e+02     0.0000e+00  0.0000e+00     0.0000e+00  0.0000e+00     0.0000e+00  0.0000e+00     0.0000e+00  0.0000e+00 
4.7394e+02     0.0000e+00  0.0000e+00     0.0000e+00  0.0000e+00     0.0000e+00  0.0000e+00     0.0000e+00  0.0000e+00 
5.3176e+02     0.0000e+00  0.0000e+00     0.0000e+00  0.0000e+00     0.0000e+00  0.0000e+00     0.0000e+00  0.0000e+00 
5.9665e+02     0.0000e+00  0.0000e+00     0.0000e+00  0.0000e+00     0.0000e+00  0.0000e+00     0.0000e+00  0.0000e+00 
6.6945e+02     0.0000e+00  0.0000e+00     0.0000e+00  0.0000e+00     0.0000e+00  0.0000e+00     0.0000e+00  0.0000e+00 
7.5114e+02     0.0000e+00  0.0000e+00     0.0000e+00  0.0000e+00     0.0000e+00  0.0000e+00     0.0000e+00  0.0000e+00 
8.4279e+02     0.0000e+00  0.0000e+00     0.0000e+00  0.0000e+00     0.0000e+00  0.0000e+00     0.0000e+00  0.0000e+00 
9.4563e+02     0.0000e+00  0.0000e+00     0.0000e+00  0.0000e+00     0.0000e+00  0.0000e+00     0.0000e+00  0.0000e+00 
1.0610e+03     0.0000e+00  0.0000e+00     0.0000e+00  0.0000e+00     0.0000e+00  0.0000e+00     0.0000e+00  0.0000e+00 
1.1905e+03     0.0000e+00  0.0000e+00     0.0000e+00  0.0000e+00     0.0000e+00  0.0000e+00     0.0000e+00  0.0000e+00 
1.3357e+03     0.0000e+00  0.0000e+00     0.0000e+00  0.0000e+00     0.0000e+00  0.0000e+00     0.0000e+00  0.0000e+00 
1.4987e+03     0.0000e+00  0.0000e+00     0.0000e+00  0.0000e+00     0.0000e+00  0.0000e+00     0.0000e+00  0.0000e+00 
1.6816e+03     0.0000e+00  0.0000e+00     0.0000e+00  0.0000e+00     0.0000e+00  0.0000e+00     0.0000e+00  0.0000e+00 
1.8868e+03     0.0000e+00  0.0000e+00     0.0000e+00  0.0000e+00     0.0000e+00  0.0000e+00     0.0000e+00  0.0000e+00 
2.1170e+03     0.0000e+00  0.0000e+00     0.0000e+00  0.0000e+00     0.0000e+00  0.0000e+00     0.0000e+00  0.0000e+00 
2.3753e+03     0.0000e+00  0.0000e+00     0.0000e+00  0.0000e+00     0.0000e+00  0.0000e+00     0.0000e+00  0.0000e+00 
2.6651e+03     0.0000e+00  0.0000e+00     0.0000e+00  0.0000e+00     0.0000e+00  0.0000e+00     0.0000e+00  0.0000e+00 
2.9903e+03     0.0000e+00  0.0000e+00     0.0000e+00  0.0000e+00     0.0000e+00  0.0000e+00     0.0000e+00  0.0000e+00 
3.3552e+03     0.0000e+00  0.0000e+00     0.0000e+00  0.0000e+00     0.0000e+00  0.0000e+00     0.0000e+00  0.0000e+00 
3.7646e+03     0.0000e+00  0.0000e+00     0.0000e+00  0.0000e+00     0.0000e+00  0.0000e+00     0.0000e+00  0.0000e+00 
4.2240e+03     0.0000e+00  0.0000e+00     0.0000e+00  0.0000e+00     0.0000e+00  0.0000e+00     0.0000e+00  0.0000e+00 
4.7394e+03     0.0000e+00  0.0000e+00     0.0000e+00  0.0000e+00     0.0000e+00  0.0000e+00     0.0000e+00  0.0000e+00 
5.3176e+03     0.0000e+00  0.0000e+00     0.0000e+00  0.0000e+00     0.0000e+00  0.0000e+00     0.0000e+00  0.0000e+00 
5.9665e+03     0.0000e+00  0.0000e+00     0.0000e+00  0.0000e+00     0.0000e+00  0.0000e+00     0.0000e+00  0.0000e+00 
6.6945e+03     0.0000e+00  0.0000e+00     0.0000e+00  0.0000e+00     0.0000e+00  0.0000e+00     0.0000e+00  0.0000e+00 
7.5114e+03     0.0000e+00  0.0000e+00     0.0000e+00  0.0000e+00     0.0000e+00  0.0000e+00     0.0000e+00  0.0000e+00 
8.4279e+03     0.0000e+00  0.0000e+00     0.0000e+00  0.0000e+00     0.0000e+00  0.0000e+00     0.0000e+00  0.0000e+00 
9.4563e+03     0.0000e+00  0.0000e+00     0.0000e+00  0.0000e+00     0.0000e+00  0.0000e+00     0.0000e+00  0.0000e+00 
