yF = 7.0726e+00 (std: 0.0000e+00) keV/um
yD = 2.4667e+01 (std: 0.0000e+00) keV/um
y (keV/um)     f(y)(std)                  yf(y)(std)                 d(y)(std)                  yd(y)(std)  
1.0610e-01     2.2170e+01  0.0000e+00     2.3523e+00  0.0000e+00     3.3259e-01  0.0000e+00     3.5288e-02  0.0000e+00 
1.1905e-01     1.5998e+00  0.0000e+00     1.9046e-01  0.0000e+00     2.6929e-02  0.0000e+00     3.2058e-03  0.0000e+00 
1.3357e-01     4.8747e-01  0.0000e+00     6.5112e-02  0.0000e+00     9.2063e-03  0.0000e+00     1.2297e-03  0.0000e+00 
1.4987e-01     2.3477e+00  0.0000e+00     3.5186e-01  0.0000e+00     4.9750e-02  0.0000e+00     7.4560e-03  0.0000e+00 
1.6816e-01     7.5393e-01  0.0000e+00     1.2678e-01  0.0000e+00     1.7925e-02  0.0000e+00     3.0143e-03  0.0000e+00 
1.8868e-01     5.0182e-01  0.0000e+00     9.4683e-02  0.0000e+00     1.3387e-02  0.0000e+00     2.5259e-03  0.0000e+00 
2.1170e-01     5.3513e-01  0.0000e+00     1.1329e-01  0.0000e+00     1.6018e-02  0.0000e+00     3.3909e-03  0.0000e+00 
2.3753e-01     5.0256e-01  0.0000e+00     1.1937e-01  0.0000e+00     1.6878e-02  0.0000e+00     4.0091e-03  0.0000e+00 
2.6651e-01     2.2686e-01  0.0000e+00     6.0461e-02  0.0000e+00     8.5487e-03  0.0000e+00     2.2783e-03  0.0000e+00 
2.9903e-01     1.9585e-01  0.0000e+00     5.8567e-02  0.0000e+00     8.2808e-03  0.0000e+00     2.4762e-03  0.0000e+00 
3.3552e-01     1.0822e+00  0.0000e+00     3.6311e-01  0.0000e+00     5.1341e-02  0.0000e+00     1.7226e-02  0.0000e+00 
3.7646e-01     6.7338e-01  0.0000e+00     2.5350e-01  0.0000e+00     3.5843e-02  0.0000e+00     1.3493e-02  0.0000e+00 
4.2240e-01     3.1387e-01  0.0000e+00     1.3258e-01  0.0000e+00     1.8745e-02  0.0000e+00     7.9180e-03  0.0000e+00 
4.7394e-01     3.1112e-01  0.0000e+00     1.4745e-01  0.0000e+00     2.0848e-02  0.0000e+00     9.8806e-03  0.0000e+00 
5.3176e-01     1.9879e-01  0.0000e+00     1.0571e-01  0.0000e+00     1.4946e-02  0.0000e+00     7.9477e-03  0.0000e+00 
5.9665e-01     1.0201e-01  0.0000e+00     6.0863e-02  0.0000e+00     8.6055e-03  0.0000e+00     5.1345e-03  0.0000e+00 
6.6945e-01     1.6202e-01  0.0000e+00     1.0846e-01  0.0000e+00     1.5336e-02  0.0000e+00     1.0266e-02  0.0000e+00 
7.5114e-01     1.3782e-01  0.0000e+00     1.0353e-01  0.0000e+00     1.4637e-02  0.0000e+00     1.0995e-02  0.0000e+00 
8.4279e-01     6.5881e-02  0.0000e+00     5.5523e-02  0.0000e+00     7.8505e-03  0.0000e+00     6.6163e-03  0.0000e+00 
9.4563e-01     3.8982e-02  0.0000e+00     3.6863e-02  0.0000e+00     5.2120e-03  0.0000e+00     4.9286e-03  0.0000e+00 
1.0610e+00     3.1658e-02  0.0000e+00     3.3590e-02  0.0000e+00     4.7493e-03  0.0000e+00     5.0390e-03  0.0000e+00 
1.1905e+00     1.6640e-02  0.0000e+00     1.9809e-02  0.0000e+00     2.8008e-03  0.0000e+00     3.3343e-03  0.0000e+00 
1.3357e+00     9.5000e-03  0.0000e+00     1.2689e-02  0.0000e+00     1.7942e-03  0.0000e+00     2.3965e-03  0.0000e+00 
1.4987e+00     4.4058e-03  0.0000e+00     6.6031e-03  0.0000e+00     9.3362e-04  0.0000e+00     1.3992e-03  0.0000e+00 
1.6816e+00     1.7073e-03  0.0000e+00     2.8709e-03  0.0000e+00     4.0592e-04  0.0000e+00     6.8259e-04  0.0000e+00 
1.8868e+00     1.1564e-03  0.0000e+00     2.1819e-03  0.0000e+00     3.0850e-04  0.0000e+00     5.8207e-04  0.0000e+00 
2.1170e+00     3.2547e-04  0.0000e+00     6.8902e-04  0.0000e+00     9.7421e-05  0.0000e+00     2.0624e-04  0.0000e+00 
2.3753e+00     1.2087e-04  0.0000e+00     2.8709e-04  0.0000e+00     4.0592e-05  0.0000e+00     9.6418e-05  0.0000e+00 
2.6651e+00     2.1544e-05  0.0000e+00     5.7418e-05  0.0000e+00     8.1184e-06  0.0000e+00     2.1637e-05  0.0000e+00 
2.9903e+00     1.9201e-05  0.0000e+00     5.7418e-05  0.0000e+00     8.1184e-06  0.0000e+00     2.4277e-05  0.0000e+00 
3.3552e+00     0.0000e+00  0.0000e+00     0.0000e+00  0.0000e+00     0.0000e+00  0.0000e+00     0.0000e+00  0.0000e+00 
3.7646e+00     0.0000e+00  0.0000e+00     0.0000e+00  0.0000e+00     0.0000e+00  0.0000e+00     0.0000e+00  0.0000e+00 
4.2240e+00     0.0000e+00  0.0000e+00     0.0000e+00  0.0000e+00     0.0000e+00  0.0000e+00     0.0000e+00  0.0000e+00 
4.7394e+00     0.0000e+00  0.0000e+00     0.0000e+00  0.0000e+00     0.0000e+00  0.0000e+00     0.0000e+00  0.0000e+00 
5.3176e+00     0.0000e+00  0.0000e+00     0.0000e+00  0.0000e+00     0.0000e+00  0.0000e+00     0.0000e+00  0.0000e+00 
5.9665e+00     6.4679e-02  0.0000e+00     3.8591e-01  0.0000e+00     5.4564e-02  0.0000e+00     3.2555e-01  0.0000e+00 
6.6945e+00     1.8303e-02  0.0000e+00     1.2253e-01  0.0000e+00     1.7325e-02  0.0000e+00     1.1598e-01  0.0000e+00 
7.5114e+00     6.9103e-03  0.0000e+00     5.1906e-02  0.0000e+00     7.3390e-03  0.0000e+00     5.5126e-02  0.0000e+00 
8.4279e+00     4.5217e-02  0.0000e+00     3.8109e-01  0.0000e+00     5.3882e-02  0.0000e+00     4.5411e-01  0.0000e+00 
9.4563e+00     2.4191e-02  0.0000e+00     2.2875e-01  0.0000e+00     3.2344e-02  0.0000e+00     3.0585e-01  0.0000e+00 
1.0610e+01     4.0826e-02  0.0000e+00     4.3316e-01  0.0000e+00     6.1245e-02  0.0000e+00     6.4982e-01  0.0000e+00 
1.1905e+01     3.0270e-02  0.0000e+00     3.6036e-01  0.0000e+00     5.0951e-02  0.0000e+00     6.0656e-01  0.0000e+00 
1.3357e+01     2.6574e-02  0.0000e+00     3.5496e-01  0.0000e+00     5.0188e-02  0.0000e+00     6.7038e-01  0.0000e+00 
1.4987e+01     1.5823e-02  0.0000e+00     2.3714e-01  0.0000e+00     3.3529e-02  0.0000e+00     5.0250e-01  0.0000e+00 
1.6816e+01     1.0172e-02  0.0000e+00     1.7105e-01  0.0000e+00     2.4185e-02  0.0000e+00     4.0669e-01  0.0000e+00 
1.8868e+01     7.5076e-03  0.0000e+00     1.4165e-01  0.0000e+00     2.0028e-02  0.0000e+00     3.7788e-01  0.0000e+00 
2.1170e+01     5.8802e-03  0.0000e+00     1.2448e-01  0.0000e+00     1.7601e-02  0.0000e+00     3.7261e-01  0.0000e+00 
2.3753e+01     5.4075e-03  0.0000e+00     1.2844e-01  0.0000e+00     1.8161e-02  0.0000e+00     4.3138e-01  0.0000e+00 
2.6651e+01     5.9570e-03  0.0000e+00     1.5876e-01  0.0000e+00     2.2447e-02  0.0000e+00     5.9825e-01  0.0000e+00 
2.9903e+01     2.8264e-03  0.0000e+00     8.4520e-02  0.0000e+00     1.1950e-02  0.0000e+00     3.5735e-01  0.0000e+00 
3.3552e+01     2.4027e-03  0.0000e+00     8.0615e-02  0.0000e+00     1.1398e-02  0.0000e+00     3.8243e-01  0.0000e+00 
3.7646e+01     1.8196e-03  0.0000e+00     6.8500e-02  0.0000e+00     9.6853e-03  0.0000e+00     3.6461e-01  0.0000e+00 
4.2240e+01     1.3091e-03  0.0000e+00     5.5294e-02  0.0000e+00     7.8180e-03  0.0000e+00     3.3023e-01  0.0000e+00 
4.7394e+01     1.0516e-03  0.0000e+00     4.9839e-02  0.0000e+00     7.0468e-03  0.0000e+00     3.3397e-01  0.0000e+00 
5.3176e+01     6.5974e-04  0.0000e+00     3.5083e-02  0.0000e+00     4.9603e-03  0.0000e+00     2.6377e-01  0.0000e+00 
5.9665e+01     4.0611e-04  0.0000e+00     2.4231e-02  0.0000e+00     3.4260e-03  0.0000e+00     2.0441e-01  0.0000e+00 
6.6945e+01     2.4530e-04  0.0000e+00     1.6422e-02  0.0000e+00     2.3219e-03  0.0000e+00     1.5544e-01  0.0000e+00 
7.5114e+01     1.3683e-04  0.0000e+00     1.0278e-02  0.0000e+00     1.4532e-03  0.0000e+00     1.0915e-01  0.0000e+00 
8.4279e+01     6.9491e-05  0.0000e+00     5.8567e-03  0.0000e+00     8.2808e-04  0.0000e+00     6.9789e-02  0.0000e+00 
9.4563e+01     3.0967e-05  0.0000e+00     2.9283e-03  0.0000e+00     4.1404e-04  0.0000e+00     3.9153e-02  0.0000e+00 
1.0610e+02     1.3529e-05  0.0000e+00     1.4355e-03  0.0000e+00     2.0296e-04  0.0000e+00     2.1534e-02  0.0000e+00 
1.1905e+02     7.2347e-06  0.0000e+00     8.6127e-04  0.0000e+00     1.2178e-04  0.0000e+00     1.4497e-02  0.0000e+00 
1.3357e+02     8.5973e-07  0.0000e+00     1.1484e-04  0.0000e+00     1.6237e-05  0.0000e+00     2.1688e-03  0.0000e+00 
1.4987e+02     3.8312e-07  0.0000e+00     5.7418e-05  0.0000e+00     8.1184e-06  0.0000e+00     1.2167e-03  0.0000e+00 
1.6816e+02     0.0000e+00  0.0000e+00     0.0000e+00  0.0000e+00     0.0000e+00  0.0000e+00     0.0000e+00  0.0000e+00 
1.8868e+02     0.0000e+00  0.0000e+00     0.0000e+00  0.0000e+00     0.0000e+00  0.0000e+00     0.0000e+00  0.0000e+00 
2.1170e+02     0.0000e+00  0.0000e+00     0.0000e+00  0.0000e+00     0.0000e+00  0.0000e+00     0.0000e+00  0.0000e+00 
2.3753e+02     0.0000e+00  0.0000e+00     0.0000e+00  0.0000e+00     0.0000e+00  0.0000e+00     0.0000e+00  0.0000e+00 
2.6651e+02     0.0000e+00  0.0000e+00     0.0000e+00  0.0000e+00     0.0000e+00  0.0000e+00     0.0000e+00  0.0000e+00 
2.9903e+02     0.0000e+00  0.0000e+00     0.0000e+00  0.0000e+00     0.0000e+00  0.0000e+00     0.0000e+00  0.0000e+00 
3.3552e+02     0.0000e+00  0.0000e+00     0.0000e+00  0.0000e+00     0.0000e+00  0.0000e+00     0.0000e+00  0.0000e+00 
3.7646e+02     0.0000e+00  0.0000e+00     0.0000e+00  0.0000e+00     0.0000e+00  0.0000e+00     0.0000e+00  0.0000e+00 
4.2240e+02     0.0000e+00  0.0000e+00     0.0000e+00  0.0000e+00     0.0000e+00  0.0000e+00     0.0000e+00  0.0000e+00 
4.7394e+02     0.0000e+00  0.0000e+00     0.0000e+00  0.0000e+00     0.0000e+00  0.0000e+00     0.0000e+00  0.0000e+00 
5.3176e+02     0.0000e+00  0.0000e+00     0.0000e+00  0.0000e+00     0.0000e+00  0.0000e+00     0.0000e+00  0.0000e+00 
5.9665e+02     0.0000e+00  0.0000e+00     0.0000e+00  0.0000e+00     0.0000e+00  0.0000e+00     0.0000e+00  0.0000e+00 
6.6945e+02     0.0000e+00  0.0000e+00     0.0000e+00  0.0000e+00     0.0000e+00  0.0000e+00     0.0000e+00  0.0000e+00 
7.5114e+02     0.0000e+00  0.0000e+00     0.0000e+00  0.0000e+00     0.0000e+00  0.0000e+00     0.0000e+00  0.0000e+00 
8.4279e+02     0.0000e+00  0.0000e+00     0.0000e+00  0.0000e+00     0.0000e+00  0.0000e+00     0.0000e+00  0.0000e+00 
9.4563e+02     0.0000e+00  0.0000e+00     0.0000e+00  0.0000e+00     0.0000e+00  0.0000e+00     0.0000e+00  0.0000e+00 
1.0610e+03     0.0000e+00  0.0000e+00     0.0000e+00  0.0000e+00     0.0000e+00  0.0000e+00     0.0000e+00  0.0000e+00 
1.1905e+03     0.0000e+00  0.0000e+00     0.0000e+00  0.0000e+00     0.0000e+00  0.0000e+00     0.0000e+00  0.0000e+00 
1.3357e+03     0.0000e+00  0.0000e+00     0.0000e+00  0.0000e+00     0.0000e+00  0.0000e+00     0.0000e+00  0.0000e+00 
1.4987e+03     0.0000e+00  0.0000e+00     0.0000e+00  0.0000e+00     0.0000e+00  0.0000e+00     0.0000e+00  0.0000e+00 
1.6816e+03     0.0000e+00  0.0000e+00     0.0000e+00  0.0000e+00     0.0000e+00  0.0000e+00     0.0000e+00  0.0000e+00 
1.8868e+03     0.0000e+00  0.0000e+00     0.0000e+00  0.0000e+00     0.0000e+00  0.0000e+00     0.0000e+00  0.0000e+00 
2.1170e+03     0.0000e+00  0.0000e+00     0.0000e+00  0.0000e+00     0.0000e+00  0.0000e+00     0.0000e+00  0.0000e+00 
2.3753e+03     0.0000e+00  0.0000e+00     0.0000e+00  0.0000e+00     0.0000e+00  0.0000e+00     0.0000e+00  0.0000e+00 
2.6651e+03     0.0000e+00  0.0000e+00     0.0000e+00  0.0000e+00     0.0000e+00  0.0000e+00     0.0000e+00  0.0000e+00 
2.9903e+03     0.0000e+00  0.0000e+00     0.0000e+00  0.0000e+00     0.0000e+00  0.0000e+00     0.0000e+00  0.0000e+00 
3.3552e+03     0.0000e+00  0.0000e+00     0.0000e+00  0.0000e+00     0.0000e+00  0.0000e+00     0.0000e+00  0.0000e+00 
3.7646e+03     0.0000e+00  0.0000e+00     0.0000e+00  0.0000e+00     0.0000e+00  0.0000e+00     0.0000e+00  0.0000e+00 
4.2240e+03     0.0000e+00  0.0000e+00     0.0000e+00  0.0000e+00     0.0000e+00  0.0000e+00     0.0000e+00  0.0000e+00 
4.7394e+03     0.0000e+00  0.0000e+00     0.0000e+00  0.0000e+00     0.0000e+00  0.0000e+00     0.0000e+00  0.0000e+00 
5.3176e+03     0.0000e+00  0.0000e+00     0.0000e+00  0.0000e+00     0.0000e+00  0.0000e+00     0.0000e+00  0.0000e+00 
5.9665e+03     0.0000e+00  0.0000e+00     0.0000e+00  0.0000e+00     0.0000e+00  0.0000e+00     0.0000e+00  0.0000e+00 
6.6945e+03     0.0000e+00  0.0000e+00     0.0000e+00  0.0000e+00     0.0000e+00  0.0000e+00     0.0000e+00  0.0000e+00 
7.5114e+03     0.0000e+00  0.0000e+00     0.0000e+00  0.0000e+00     0.0000e+00  0.0000e+00     0.0000e+00  0.0000e+00 
8.4279e+03     0.0000e+00  0.0000e+00     0.0000e+00  0.0000e+00     0.0000e+00  0.0000e+00     0.0000e+00  0.0000e+00 
9.4563e+03     0.0000e+00  0.0000e+00     0.0000e+00  0.0000e+00     0.0000e+00  0.0000e+00     0.0000e+00  0.0000e+00 
