yF = 5.1800e+00 (std: 0.0000e+00) keV/um
yD = 2.1261e+01 (std: 0.0000e+00) keV/um
y (keV/um)     f(y)(std)                  yf(y)(std)                 d(y)(std)                  yd(y)(std)  
1.0610e-01     2.3718e+01  0.0000e+00     2.5165e+00  0.0000e+00     4.8582e-01  0.0000e+00     5.1546e-02  0.0000e+00 
1.1905e-01     1.7091e+00  0.0000e+00     2.0347e-01  0.0000e+00     3.9279e-02  0.0000e+00     4.6761e-03  0.0000e+00 
1.3357e-01     3.8081e-01  0.0000e+00     5.0866e-02  0.0000e+00     9.8197e-03  0.0000e+00     1.3117e-03  0.0000e+00 
1.4987e-01     2.7509e+00  0.0000e+00     4.1229e-01  0.0000e+00     7.9592e-02  0.0000e+00     1.1929e-02  0.0000e+00 
1.6816e-01     8.1195e-01  0.0000e+00     1.3654e-01  0.0000e+00     2.6358e-02  0.0000e+00     4.4324e-03  0.0000e+00 
1.8868e-01     4.9662e-01  0.0000e+00     9.3701e-02  0.0000e+00     1.8089e-02  0.0000e+00     3.4130e-03  0.0000e+00 
2.1170e-01     7.3348e-01  0.0000e+00     1.5528e-01  0.0000e+00     2.9976e-02  0.0000e+00     6.3459e-03  0.0000e+00 
2.3753e-01     5.7482e-01  0.0000e+00     1.3654e-01  0.0000e+00     2.6358e-02  0.0000e+00     6.2609e-03  0.0000e+00 
2.6651e-01     2.5113e-01  0.0000e+00     6.6930e-02  0.0000e+00     1.2921e-02  0.0000e+00     3.4435e-03  0.0000e+00 
2.9903e-01     1.9696e-01  0.0000e+00     5.8898e-02  0.0000e+00     1.1370e-02  0.0000e+00     3.4001e-03  0.0000e+00 
3.3552e-01     1.3245e+00  0.0000e+00     4.4441e-01  0.0000e+00     8.5794e-02  0.0000e+00     2.8786e-02  0.0000e+00 
3.7646e-01     7.8937e-01  0.0000e+00     2.9717e-01  0.0000e+00     5.7368e-02  0.0000e+00     2.1597e-02  0.0000e+00 
4.2240e-01     3.6761e-01  0.0000e+00     1.5528e-01  0.0000e+00     2.9976e-02  0.0000e+00     1.2662e-02  0.0000e+00 
4.7394e-01     3.6153e-01  0.0000e+00     1.7134e-01  0.0000e+00     3.3077e-02  0.0000e+00     1.5676e-02  0.0000e+00 
5.3176e-01     2.8697e-01  0.0000e+00     1.5260e-01  0.0000e+00     2.9459e-02  0.0000e+00     1.5665e-02  0.0000e+00 
5.9665e-01     1.0320e-01  0.0000e+00     6.1575e-02  0.0000e+00     1.1887e-02  0.0000e+00     7.0924e-03  0.0000e+00 
6.6945e-01     1.8796e-01  0.0000e+00     1.2583e-01  0.0000e+00     2.4291e-02  0.0000e+00     1.6262e-02  0.0000e+00 
7.5114e-01     1.9603e-01  0.0000e+00     1.4724e-01  0.0000e+00     2.8426e-02  0.0000e+00     2.1352e-02  0.0000e+00 
8.4279e-01     6.9885e-02  0.0000e+00     5.8898e-02  0.0000e+00     1.1370e-02  0.0000e+00     9.5827e-03  0.0000e+00 
9.4563e-01     3.9636e-02  0.0000e+00     3.7481e-02  0.0000e+00     7.2356e-03  0.0000e+00     6.8422e-03  0.0000e+00 
1.0610e+00     3.7849e-02  0.0000e+00     4.0158e-02  0.0000e+00     7.7524e-03  0.0000e+00     8.2254e-03  0.0000e+00 
1.1905e+00     1.3493e-02  0.0000e+00     1.6063e-02  0.0000e+00     3.1010e-03  0.0000e+00     3.6916e-03  0.0000e+00 
1.3357e+00     8.0171e-03  0.0000e+00     1.0709e-02  0.0000e+00     2.0673e-03  0.0000e+00     2.7614e-03  0.0000e+00 
1.4987e+00     1.7863e-03  0.0000e+00     2.6772e-03  0.0000e+00     5.1683e-04  0.0000e+00     7.7458e-04  0.0000e+00 
1.6816e+00     6.3682e-03  0.0000e+00     1.0709e-02  0.0000e+00     2.0673e-03  0.0000e+00     3.4764e-03  0.0000e+00 
1.8868e+00     4.2568e-03  0.0000e+00     8.0315e-03  0.0000e+00     1.5505e-03  0.0000e+00     2.9254e-03  0.0000e+00 
2.1170e+00     0.0000e+00  0.0000e+00     0.0000e+00  0.0000e+00     0.0000e+00  0.0000e+00     0.0000e+00  0.0000e+00 
2.3753e+00     0.0000e+00  0.0000e+00     0.0000e+00  0.0000e+00     0.0000e+00  0.0000e+00     0.0000e+00  0.0000e+00 
2.6651e+00     0.0000e+00  0.0000e+00     0.0000e+00  0.0000e+00     0.0000e+00  0.0000e+00     0.0000e+00  0.0000e+00 
2.9903e+00     0.0000e+00  0.0000e+00     0.0000e+00  0.0000e+00     0.0000e+00  0.0000e+00     0.0000e+00  0.0000e+00 
3.3552e+00     0.0000e+00  0.0000e+00     0.0000e+00  0.0000e+00     0.0000e+00  0.0000e+00     0.0000e+00  0.0000e+00 
3.7646e+00     0.0000e+00  0.0000e+00     0.0000e+00  0.0000e+00     0.0000e+00  0.0000e+00     0.0000e+00  0.0000e+00 
4.2240e+00     0.0000e+00  0.0000e+00     0.0000e+00  0.0000e+00     0.0000e+00  0.0000e+00     0.0000e+00  0.0000e+00 
4.7394e+00     0.0000e+00  0.0000e+00     0.0000e+00  0.0000e+00     0.0000e+00  0.0000e+00     0.0000e+00  0.0000e+00 
5.3176e+00     0.0000e+00  0.0000e+00     0.0000e+00  0.0000e+00     0.0000e+00  0.0000e+00     0.0000e+00  0.0000e+00 
5.9665e+00     1.0814e-01  0.0000e+00     6.4520e-01  0.0000e+00     1.2456e-01  0.0000e+00     7.4316e-01  0.0000e+00 
6.6945e+00     1.8796e-02  0.0000e+00     1.2583e-01  0.0000e+00     2.4291e-02  0.0000e+00     1.6262e-01  0.0000e+00 
7.5114e+00     5.3463e-03  0.0000e+00     4.0158e-02  0.0000e+00     7.7524e-03  0.0000e+00     5.8231e-02  0.0000e+00 
8.4279e+00     2.8589e-02  0.0000e+00     2.4095e-01  0.0000e+00     4.6515e-02  0.0000e+00     3.9202e-01  0.0000e+00 
9.4563e+00     1.5571e-02  0.0000e+00     1.4724e-01  0.0000e+00     2.8426e-02  0.0000e+00     2.6880e-01  0.0000e+00 
1.0610e+01     6.3333e-02  0.0000e+00     6.7197e-01  0.0000e+00     1.2972e-01  0.0000e+00     1.3764e+00  0.0000e+00 
1.1905e+01     1.7316e-02  0.0000e+00     2.0614e-01  0.0000e+00     3.9796e-02  0.0000e+00     4.7376e-01  0.0000e+00 
1.3357e+01     1.1024e-02  0.0000e+00     1.4724e-01  0.0000e+00     2.8426e-02  0.0000e+00     3.7969e-01  0.0000e+00 
1.4987e+01     1.0003e-02  0.0000e+00     1.4992e-01  0.0000e+00     2.8942e-02  0.0000e+00     4.3376e-01  0.0000e+00 
1.6816e+01     6.6866e-03  0.0000e+00     1.1244e-01  0.0000e+00     2.1707e-02  0.0000e+00     3.6502e-01  0.0000e+00 
1.8868e+01     4.8243e-03  0.0000e+00     9.1024e-02  0.0000e+00     1.7572e-02  0.0000e+00     3.3155e-01  0.0000e+00 
2.1170e+01     4.5526e-03  0.0000e+00     9.6378e-02  0.0000e+00     1.8606e-02  0.0000e+00     3.9388e-01  0.0000e+00 
2.3753e+01     4.9592e-03  0.0000e+00     1.1780e-01  0.0000e+00     2.2740e-02  0.0000e+00     5.4016e-01  0.0000e+00 
2.6651e+01     1.9086e-03  0.0000e+00     5.0866e-02  0.0000e+00     9.8197e-03  0.0000e+00     2.6171e-01  0.0000e+00 
2.9903e+01     2.0591e-03  0.0000e+00     6.1575e-02  0.0000e+00     1.1887e-02  0.0000e+00     3.5546e-01  0.0000e+00 
3.3552e+01     1.5958e-03  0.0000e+00     5.3544e-02  0.0000e+00     1.0337e-02  0.0000e+00     3.4681e-01  0.0000e+00 
3.7646e+01     1.4934e-03  0.0000e+00     5.6221e-02  0.0000e+00     1.0853e-02  0.0000e+00     4.0859e-01  0.0000e+00 
4.2240e+01     6.3381e-04  0.0000e+00     2.6772e-02  0.0000e+00     5.1683e-03  0.0000e+00     2.1831e-01  0.0000e+00 
4.7394e+01     6.2137e-04  0.0000e+00     2.9449e-02  0.0000e+00     5.6851e-03  0.0000e+00     2.6944e-01  0.0000e+00 
5.3176e+01     2.5173e-04  0.0000e+00     1.3386e-02  0.0000e+00     2.5841e-03  0.0000e+00     1.3742e-01  0.0000e+00 
5.9665e+01     4.4870e-04  0.0000e+00     2.6772e-02  0.0000e+00     5.1683e-03  0.0000e+00     3.0837e-01  0.0000e+00 
6.6945e+01     1.1997e-04  0.0000e+00     8.0315e-03  0.0000e+00     1.5505e-03  0.0000e+00     1.0380e-01  0.0000e+00 
7.5114e+01     0.0000e+00  0.0000e+00     0.0000e+00  0.0000e+00     0.0000e+00  0.0000e+00     0.0000e+00  0.0000e+00 
8.4279e+01     3.1766e-05  0.0000e+00     2.6772e-03  0.0000e+00     5.1683e-04  0.0000e+00     4.3558e-02  0.0000e+00 
9.4563e+01     2.8311e-05  0.0000e+00     2.6772e-03  0.0000e+00     5.1683e-04  0.0000e+00     4.8873e-02  0.0000e+00 
1.0610e+02     0.0000e+00  0.0000e+00     0.0000e+00  0.0000e+00     0.0000e+00  0.0000e+00     0.0000e+00  0.0000e+00 
1.1905e+02     0.0000e+00  0.0000e+00     0.0000e+00  0.0000e+00     0.0000e+00  0.0000e+00     0.0000e+00  0.0000e+00 
1.3357e+02     0.0000e+00  0.0000e+00     0.0000e+00  0.0000e+00     0.0000e+00  0.0000e+00     0.0000e+00  0.0000e+00 
1.4987e+02     0.0000e+00  0.0000e+00     0.0000e+00  0.0000e+00     0.0000e+00  0.0000e+00     0.0000e+00  0.0000e+00 
1.6816e+02     0.0000e+00  0.0000e+00     0.0000e+00  0.0000e+00     0.0000e+00  0.0000e+00     0.0000e+00  0.0000e+00 
1.8868e+02     0.0000e+00  0.0000e+00     0.0000e+00  0.0000e+00     0.0000e+00  0.0000e+00     0.0000e+00  0.0000e+00 
2.1170e+02     0.0000e+00  0.0000e+00     0.0000e+00  0.0000e+00     0.0000e+00  0.0000e+00     0.0000e+00  0.0000e+00 
2.3753e+02     0.0000e+00  0.0000e+00     0.0000e+00  0.0000e+00     0.0000e+00  0.0000e+00     0.0000e+00  0.0000e+00 
2.6651e+02     0.0000e+00  0.0000e+00     0.0000e+00  0.0000e+00     0.0000e+00  0.0000e+00     0.0000e+00  0.0000e+00 
2.9903e+02     0.0000e+00  0.0000e+00     0.0000e+00  0.0000e+00     0.0000e+00  0.0000e+00     0.0000e+00  0.0000e+00 
3.3552e+02     0.0000e+00  0.0000e+00     0.0000e+00  0.0000e+00     0.0000e+00  0.0000e+00     0.0000e+00  0.0000e+00 
3.7646e+02     0.0000e+00  0.0000e+00     0.0000e+00  0.0000e+00     0.0000e+00  0.0000e+00     0.0000e+00  0.0000e+00 
4.2240e+02     0.0000e+00  0.0000e+00     0.0000e+00  0.0000e+00     0.0000e+00  0.0000e+00     0.0000e+00  0.0000e+00 
4.7394e+02     0.0000e+00  0.0000e+00     0.0000e+00  0.0000e+00     0.0000e+00  0.0000e+00     0.0000e+00  0.0000e+00 
5.3176e+02     0.0000e+00  0.0000e+00     0.0000e+00  0.0000e+00     0.0000e+00  0.0000e+00     0.0000e+00  0.0000e+00 
5.9665e+02     0.0000e+00  0.0000e+00     0.0000e+00  0.0000e+00     0.0000e+00  0.0000e+00     0.0000e+00  0.0000e+00 
6.6945e+02     0.0000e+00  0.0000e+00     0.0000e+00  0.0000e+00     0.0000e+00  0.0000e+00     0.0000e+00  0.0000e+00 
7.5114e+02     0.0000e+00  0.0000e+00     0.0000e+00  0.0000e+00     0.0000e+00  0.0000e+00     0.0000e+00  0.0000e+00 
8.4279e+02     0.0000e+00  0.0000e+00     0.0000e+00  0.0000e+00     0.0000e+00  0.0000e+00     0.0000e+00  0.0000e+00 
9.4563e+02     0.0000e+00  0.0000e+00     0.0000e+00  0.0000e+00     0.0000e+00  0.0000e+00     0.0000e+00  0.0000e+00 
1.0610e+03     0.0000e+00  0.0000e+00     0.0000e+00  0.0000e+00     0.0000e+00  0.0000e+00     0.0000e+00  0.0000e+00 
1.1905e+03     0.0000e+00  0.0000e+00     0.0000e+00  0.0000e+00     0.0000e+00  0.0000e+00     0.0000e+00  0.0000e+00 
1.3357e+03     0.0000e+00  0.0000e+00     0.0000e+00  0.0000e+00     0.0000e+00  0.0000e+00     0.0000e+00  0.0000e+00 
1.4987e+03     0.0000e+00  0.0000e+00     0.0000e+00  0.0000e+00     0.0000e+00  0.0000e+00     0.0000e+00  0.0000e+00 
1.6816e+03     0.0000e+00  0.0000e+00     0.0000e+00  0.0000e+00     0.0000e+00  0.0000e+00     0.0000e+00  0.0000e+00 
1.8868e+03     0.0000e+00  0.0000e+00     0.0000e+00  0.0000e+00     0.0000e+00  0.0000e+00     0.0000e+00  0.0000e+00 
2.1170e+03     0.0000e+00  0.0000e+00     0.0000e+00  0.0000e+00     0.0000e+00  0.0000e+00     0.0000e+00  0.0000e+00 
2.3753e+03     0.0000e+00  0.0000e+00     0.0000e+00  0.0000e+00     0.0000e+00  0.0000e+00     0.0000e+00  0.0000e+00 
2.6651e+03     0.0000e+00  0.0000e+00     0.0000e+00  0.0000e+00     0.0000e+00  0.0000e+00     0.0000e+00  0.0000e+00 
2.9903e+03     0.0000e+00  0.0000e+00     0.0000e+00  0.0000e+00     0.0000e+00  0.0000e+00     0.0000e+00  0.0000e+00 
3.3552e+03     0.0000e+00  0.0000e+00     0.0000e+00  0.0000e+00     0.0000e+00  0.0000e+00     0.0000e+00  0.0000e+00 
3.7646e+03     0.0000e+00  0.0000e+00     0.0000e+00  0.0000e+00     0.0000e+00  0.0000e+00     0.0000e+00  0.0000e+00 
4.2240e+03     0.0000e+00  0.0000e+00     0.0000e+00  0.0000e+00     0.0000e+00  0.0000e+00     0.0000e+00  0.0000e+00 
4.7394e+03     0.0000e+00  0.0000e+00     0.0000e+00  0.0000e+00     0.0000e+00  0.0000e+00     0.0000e+00  0.0000e+00 
5.3176e+03     0.0000e+00  0.0000e+00     0.0000e+00  0.0000e+00     0.0000e+00  0.0000e+00     0.0000e+00  0.0000e+00 
5.9665e+03     0.0000e+00  0.0000e+00     0.0000e+00  0.0000e+00     0.0000e+00  0.0000e+00     0.0000e+00  0.0000e+00 
6.6945e+03     0.0000e+00  0.0000e+00     0.0000e+00  0.0000e+00     0.0000e+00  0.0000e+00     0.0000e+00  0.0000e+00 
7.5114e+03     0.0000e+00  0.0000e+00     0.0000e+00  0.0000e+00     0.0000e+00  0.0000e+00     0.0000e+00  0.0000e+00 
8.4279e+03     0.0000e+00  0.0000e+00     0.0000e+00  0.0000e+00     0.0000e+00  0.0000e+00     0.0000e+00  0.0000e+00 
9.4563e+03     0.0000e+00  0.0000e+00     0.0000e+00  0.0000e+00     0.0000e+00  0.0000e+00     0.0000e+00  0.0000e+00 
