yF = 4.7791e+00 (std: 0.0000e+00) keV/um
yD = 2.3166e+01 (std: 0.0000e+00) keV/um
y (keV/um)     f(y)(std)                  yf(y)(std)                 d(y)(std)                  yd(y)(std)  
1.0610e-01     2.5012e+01  0.0000e+00     2.6538e+00  0.0000e+00     5.5529e-01  0.0000e+00     5.8917e-02  0.0000e+00 
1.1905e-01     1.8826e+00  0.0000e+00     2.2411e-01  0.0000e+00     4.6895e-02  0.0000e+00     5.5827e-03  0.0000e+00 
1.3357e-01     5.8956e-01  0.0000e+00     7.8749e-02  0.0000e+00     1.6478e-02  0.0000e+00     2.2010e-03  0.0000e+00 
1.4987e-01     2.8380e+00  0.0000e+00     4.2534e-01  0.0000e+00     8.8999e-02  0.0000e+00     1.3338e-02  0.0000e+00 
1.6816e-01     8.6513e-01  0.0000e+00     1.4548e-01  0.0000e+00     3.0441e-02  0.0000e+00     5.1189e-03  0.0000e+00 
1.8868e-01     5.9937e-01  0.0000e+00     1.1309e-01  0.0000e+00     2.3663e-02  0.0000e+00     4.4647e-03  0.0000e+00 
2.1170e-01     6.2935e-01  0.0000e+00     1.3323e-01  0.0000e+00     2.7878e-02  0.0000e+00     5.9018e-03  0.0000e+00 
2.3753e-01     5.8982e-01  0.0000e+00     1.4010e-01  0.0000e+00     2.9315e-02  0.0000e+00     6.9632e-03  0.0000e+00 
2.6651e-01     2.7358e-01  0.0000e+00     7.2912e-02  0.0000e+00     1.5256e-02  0.0000e+00     4.0660e-03  0.0000e+00 
2.9903e-01     2.3196e-01  0.0000e+00     6.9363e-02  0.0000e+00     1.4514e-02  0.0000e+00     4.3401e-03  0.0000e+00 
3.3552e-01     1.3485e+00  0.0000e+00     4.5246e-01  0.0000e+00     9.4676e-02  0.0000e+00     3.1766e-02  0.0000e+00 
3.7646e-01     9.0271e-01  0.0000e+00     3.3983e-01  0.0000e+00     7.1109e-02  0.0000e+00     2.6770e-02  0.0000e+00 
4.2240e-01     3.9075e-01  0.0000e+00     1.6505e-01  0.0000e+00     3.4536e-02  0.0000e+00     1.4588e-02  0.0000e+00 
4.7394e-01     3.7990e-01  0.0000e+00     1.8005e-01  0.0000e+00     3.7674e-02  0.0000e+00     1.7855e-02  0.0000e+00 
5.3176e-01     2.4861e-01  0.0000e+00     1.3220e-01  0.0000e+00     2.7663e-02  0.0000e+00     1.4710e-02  0.0000e+00 
5.9665e-01     1.2796e-01  0.0000e+00     7.6345e-02  0.0000e+00     1.5975e-02  0.0000e+00     9.5314e-03  0.0000e+00 
6.6945e-01     2.0791e-01  0.0000e+00     1.3918e-01  0.0000e+00     2.9124e-02  0.0000e+00     1.9497e-02  0.0000e+00 
7.5114e-01     1.6747e-01  0.0000e+00     1.2579e-01  0.0000e+00     2.6321e-02  0.0000e+00     1.9771e-02  0.0000e+00 
8.4279e-01     8.7055e-02  0.0000e+00     7.3369e-02  0.0000e+00     1.5352e-02  0.0000e+00     1.2939e-02  0.0000e+00 
9.4563e-01     5.1201e-02  0.0000e+00     4.8417e-02  0.0000e+00     1.0131e-02  0.0000e+00     9.5801e-03  0.0000e+00 
1.0610e+00     4.3907e-02  0.0000e+00     4.6586e-02  0.0000e+00     9.7478e-03  0.0000e+00     1.0342e-02  0.0000e+00 
1.1905e+00     2.0768e-02  0.0000e+00     2.4724e-02  0.0000e+00     5.1733e-03  0.0000e+00     6.1586e-03  0.0000e+00 
1.3357e+00     1.3282e-02  0.0000e+00     1.7741e-02  0.0000e+00     3.7123e-03  0.0000e+00     4.9586e-03  0.0000e+00 
1.4987e+00     7.3318e-03  0.0000e+00     1.0988e-02  0.0000e+00     2.2992e-03  0.0000e+00     3.4459e-03  0.0000e+00 
1.6816e+00     3.8118e-03  0.0000e+00     6.4098e-03  0.0000e+00     1.3412e-03  0.0000e+00     2.2554e-03  0.0000e+00 
1.8868e+00     1.3953e-03  0.0000e+00     2.6326e-03  0.0000e+00     5.5086e-04  0.0000e+00     1.0393e-03  0.0000e+00 
2.1170e+00     5.9474e-04  0.0000e+00     1.2591e-03  0.0000e+00     2.6345e-04  0.0000e+00     5.5773e-04  0.0000e+00 
2.3753e+00     1.4456e-04  0.0000e+00     3.4338e-04  0.0000e+00     7.1851e-05  0.0000e+00     1.7067e-04  0.0000e+00 
2.6651e+00     4.2948e-05  0.0000e+00     1.1446e-04  0.0000e+00     2.3950e-05  0.0000e+00     6.3831e-05  0.0000e+00 
2.9903e+00     0.0000e+00  0.0000e+00     0.0000e+00  0.0000e+00     0.0000e+00  0.0000e+00     0.0000e+00  0.0000e+00 
3.3552e+00     0.0000e+00  0.0000e+00     0.0000e+00  0.0000e+00     0.0000e+00  0.0000e+00     0.0000e+00  0.0000e+00 
3.7646e+00     0.0000e+00  0.0000e+00     0.0000e+00  0.0000e+00     0.0000e+00  0.0000e+00     0.0000e+00  0.0000e+00 
4.2240e+00     0.0000e+00  0.0000e+00     0.0000e+00  0.0000e+00     0.0000e+00  0.0000e+00     0.0000e+00  0.0000e+00 
4.7394e+00     0.0000e+00  0.0000e+00     0.0000e+00  0.0000e+00     0.0000e+00  0.0000e+00     0.0000e+00  0.0000e+00 
5.3176e+00     0.0000e+00  0.0000e+00     0.0000e+00  0.0000e+00     0.0000e+00  0.0000e+00     0.0000e+00  0.0000e+00 
5.9665e+00     1.1342e-01  0.0000e+00     6.7669e-01  0.0000e+00     1.4159e-01  0.0000e+00     8.4482e-01  0.0000e+00 
6.6945e+00     2.3390e-02  0.0000e+00     1.5658e-01  0.0000e+00     3.2764e-02  0.0000e+00     2.1934e-01  0.0000e+00 
7.5114e+00     5.7906e-03  0.0000e+00     4.3495e-02  0.0000e+00     9.1011e-03  0.0000e+00     6.8362e-02  0.0000e+00 
8.4279e+00     2.9512e-02  0.0000e+00     2.4872e-01  0.0000e+00     5.2044e-02  0.0000e+00     4.3862e-01  0.0000e+00 
9.4563e+00     1.6304e-02  0.0000e+00     1.5418e-01  0.0000e+00     3.2261e-02  0.0000e+00     3.0507e-01  0.0000e+00 
1.0610e+01     2.7509e-02  0.0000e+00     2.9188e-01  0.0000e+00     6.1073e-02  0.0000e+00     6.4799e-01  0.0000e+00 
1.1905e+01     1.8124e-02  0.0000e+00     2.1576e-01  0.0000e+00     4.5146e-02  0.0000e+00     5.3745e-01  0.0000e+00 
1.3357e+01     1.2811e-02  0.0000e+00     1.7112e-01  0.0000e+00     3.5806e-02  0.0000e+00     4.7827e-01  0.0000e+00 
1.4987e+01     7.8740e-03  0.0000e+00     1.1801e-01  0.0000e+00     2.4693e-02  0.0000e+00     3.7007e-01  0.0000e+00 
1.6816e+01     5.5271e-03  0.0000e+00     9.2942e-02  0.0000e+00     1.9448e-02  0.0000e+00     3.2703e-01  0.0000e+00 
1.8868e+01     4.1920e-03  0.0000e+00     7.9092e-02  0.0000e+00     1.6550e-02  0.0000e+00     3.1225e-01  0.0000e+00 
2.1170e+01     4.2281e-03  0.0000e+00     8.9508e-02  0.0000e+00     1.8729e-02  0.0000e+00     3.9649e-01  0.0000e+00 
2.3753e+01     4.4718e-03  0.0000e+00     1.0622e-01  0.0000e+00     2.2226e-02  0.0000e+00     5.2793e-01  0.0000e+00 
2.6651e+01     2.7443e-03  0.0000e+00     7.3141e-02  0.0000e+00     1.5304e-02  0.0000e+00     4.0788e-01  0.0000e+00 
2.9903e+01     1.8832e-03  0.0000e+00     5.6315e-02  0.0000e+00     1.1784e-02  0.0000e+00     3.5237e-01  0.0000e+00 
3.3552e+01     1.6068e-03  0.0000e+00     5.3911e-02  0.0000e+00     1.1281e-02  0.0000e+00     3.7849e-01  0.0000e+00 
3.7646e+01     1.2131e-03  0.0000e+00     4.5670e-02  0.0000e+00     9.5562e-03  0.0000e+00     3.5975e-01  0.0000e+00 
4.2240e+01     7.6958e-04  0.0000e+00     3.2507e-02  0.0000e+00     6.8019e-03  0.0000e+00     2.8731e-01  0.0000e+00 
4.7394e+01     5.9895e-04  0.0000e+00     2.8386e-02  0.0000e+00     5.9397e-03  0.0000e+00     2.8150e-01  0.0000e+00 
5.3176e+01     4.1328e-04  0.0000e+00     2.1976e-02  0.0000e+00     4.5985e-03  0.0000e+00     2.4453e-01  0.0000e+00 
5.9665e+01     2.4747e-04  0.0000e+00     1.4765e-02  0.0000e+00     3.0896e-03  0.0000e+00     1.8434e-01  0.0000e+00 
6.6945e+01     1.4020e-04  0.0000e+00     9.3858e-03  0.0000e+00     1.9639e-03  0.0000e+00     1.3148e-01  0.0000e+00 
7.5114e+01     1.0362e-04  0.0000e+00     7.7833e-03  0.0000e+00     1.6286e-03  0.0000e+00     1.2233e-01  0.0000e+00 
8.4279e+01     4.3460e-05  0.0000e+00     3.6627e-03  0.0000e+00     7.6641e-04  0.0000e+00     6.4592e-02  0.0000e+00 
9.4563e+01     2.0577e-05  0.0000e+00     1.9458e-03  0.0000e+00     4.0716e-04  0.0000e+00     3.8502e-02  0.0000e+00 
1.0610e+02     1.1867e-05  0.0000e+00     1.2591e-03  0.0000e+00     2.6345e-04  0.0000e+00     2.7953e-02  0.0000e+00 
1.1905e+02     4.8074e-06  0.0000e+00     5.7230e-04  0.0000e+00     1.1975e-04  0.0000e+00     1.4256e-02  0.0000e+00 
1.3357e+02     2.5707e-06  0.0000e+00     3.4338e-04  0.0000e+00     7.1851e-05  0.0000e+00     9.5974e-03  0.0000e+00 
1.4987e+02     0.0000e+00  0.0000e+00     0.0000e+00  0.0000e+00     0.0000e+00  0.0000e+00     0.0000e+00  0.0000e+00 
1.6816e+02     0.0000e+00  0.0000e+00     0.0000e+00  0.0000e+00     0.0000e+00  0.0000e+00     0.0000e+00  0.0000e+00 
1.8868e+02     0.0000e+00  0.0000e+00     0.0000e+00  0.0000e+00     0.0000e+00  0.0000e+00     0.0000e+00  0.0000e+00 
2.1170e+02     0.0000e+00  0.0000e+00     0.0000e+00  0.0000e+00     0.0000e+00  0.0000e+00     0.0000e+00  0.0000e+00 
2.3753e+02     0.0000e+00  0.0000e+00     0.0000e+00  0.0000e+00     0.0000e+00  0.0000e+00     0.0000e+00  0.0000e+00 
2.6651e+02     0.0000e+00  0.0000e+00     0.0000e+00  0.0000e+00     0.0000e+00  0.0000e+00     0.0000e+00  0.0000e+00 
2.9903e+02     0.0000e+00  0.0000e+00     0.0000e+00  0.0000e+00     0.0000e+00  0.0000e+00     0.0000e+00  0.0000e+00 
3.3552e+02     0.0000e+00  0.0000e+00     0.0000e+00  0.0000e+00     0.0000e+00  0.0000e+00     0.0000e+00  0.0000e+00 
3.7646e+02     0.0000e+00  0.0000e+00     0.0000e+00  0.0000e+00     0.0000e+00  0.0000e+00     0.0000e+00  0.0000e+00 
4.2240e+02     0.0000e+00  0.0000e+00     0.0000e+00  0.0000e+00     0.0000e+00  0.0000e+00     0.0000e+00  0.0000e+00 
4.7394e+02     0.0000e+00  0.0000e+00     0.0000e+00  0.0000e+00     0.0000e+00  0.0000e+00     0.0000e+00  0.0000e+00 
5.3176e+02     0.0000e+00  0.0000e+00     0.0000e+00  0.0000e+00     0.0000e+00  0.0000e+00     0.0000e+00  0.0000e+00 
5.9665e+02     0.0000e+00  0.0000e+00     0.0000e+00  0.0000e+00     0.0000e+00  0.0000e+00     0.0000e+00  0.0000e+00 
6.6945e+02     0.0000e+00  0.0000e+00     0.0000e+00  0.0000e+00     0.0000e+00  0.0000e+00     0.0000e+00  0.0000e+00 
7.5114e+02     0.0000e+00  0.0000e+00     0.0000e+00  0.0000e+00     0.0000e+00  0.0000e+00     0.0000e+00  0.0000e+00 
8.4279e+02     0.0000e+00  0.0000e+00     0.0000e+00  0.0000e+00     0.0000e+00  0.0000e+00     0.0000e+00  0.0000e+00 
9.4563e+02     0.0000e+00  0.0000e+00     0.0000e+00  0.0000e+00     0.0000e+00  0.0000e+00     0.0000e+00  0.0000e+00 
1.0610e+03     0.0000e+00  0.0000e+00     0.0000e+00  0.0000e+00     0.0000e+00  0.0000e+00     0.0000e+00  0.0000e+00 
1.1905e+03     0.0000e+00  0.0000e+00     0.0000e+00  0.0000e+00     0.0000e+00  0.0000e+00     0.0000e+00  0.0000e+00 
1.3357e+03     0.0000e+00  0.0000e+00     0.0000e+00  0.0000e+00     0.0000e+00  0.0000e+00     0.0000e+00  0.0000e+00 
1.4987e+03     0.0000e+00  0.0000e+00     0.0000e+00  0.0000e+00     0.0000e+00  0.0000e+00     0.0000e+00  0.0000e+00 
1.6816e+03     0.0000e+00  0.0000e+00     0.0000e+00  0.0000e+00     0.0000e+00  0.0000e+00     0.0000e+00  0.0000e+00 
1.8868e+03     0.0000e+00  0.0000e+00     0.0000e+00  0.0000e+00     0.0000e+00  0.0000e+00     0.0000e+00  0.0000e+00 
2.1170e+03     0.0000e+00  0.0000e+00     0.0000e+00  0.0000e+00     0.0000e+00  0.0000e+00     0.0000e+00  0.0000e+00 
2.3753e+03     0.0000e+00  0.0000e+00     0.0000e+00  0.0000e+00     0.0000e+00  0.0000e+00     0.0000e+00  0.0000e+00 
2.6651e+03     0.0000e+00  0.0000e+00     0.0000e+00  0.0000e+00     0.0000e+00  0.0000e+00     0.0000e+00  0.0000e+00 
2.9903e+03     0.0000e+00  0.0000e+00     0.0000e+00  0.0000e+00     0.0000e+00  0.0000e+00     0.0000e+00  0.0000e+00 
3.3552e+03     0.0000e+00  0.0000e+00     0.0000e+00  0.0000e+00     0.0000e+00  0.0000e+00     0.0000e+00  0.0000e+00 
3.7646e+03     0.0000e+00  0.0000e+00     0.0000e+00  0.0000e+00     0.0000e+00  0.0000e+00     0.0000e+00  0.0000e+00 
4.2240e+03     0.0000e+00  0.0000e+00     0.0000e+00  0.0000e+00     0.0000e+00  0.0000e+00     0.0000e+00  0.0000e+00 
4.7394e+03     0.0000e+00  0.0000e+00     0.0000e+00  0.0000e+00     0.0000e+00  0.0000e+00     0.0000e+00  0.0000e+00 
5.3176e+03     0.0000e+00  0.0000e+00     0.0000e+00  0.0000e+00     0.0000e+00  0.0000e+00     0.0000e+00  0.0000e+00 
5.9665e+03     0.0000e+00  0.0000e+00     0.0000e+00  0.0000e+00     0.0000e+00  0.0000e+00     0.0000e+00  0.0000e+00 
6.6945e+03     0.0000e+00  0.0000e+00     0.0000e+00  0.0000e+00     0.0000e+00  0.0000e+00     0.0000e+00  0.0000e+00 
7.5114e+03     0.0000e+00  0.0000e+00     0.0000e+00  0.0000e+00     0.0000e+00  0.0000e+00     0.0000e+00  0.0000e+00 
8.4279e+03     0.0000e+00  0.0000e+00     0.0000e+00  0.0000e+00     0.0000e+00  0.0000e+00     0.0000e+00  0.0000e+00 
9.4563e+03     0.0000e+00  0.0000e+00     0.0000e+00  0.0000e+00     0.0000e+00  0.0000e+00     0.0000e+00  0.0000e+00 
