yF = 1.5538e+02 (std: 0.0000e+00) keV/um
yD = 1.8930e+02 (std: 0.0000e+00) keV/um
y (keV/um)     f(y)(std)                  yf(y)(std)                 d(y)(std)                  yd(y)(std)  
1.0610e-01     1.6720e-02  0.0000e+00     1.7740e-03  0.0000e+00     1.1417e-05  0.0000e+00     1.2114e-06  0.0000e+00 
1.1905e-01     1.3879e-03  0.0000e+00     1.6523e-04  0.0000e+00     1.0634e-06  0.0000e+00     1.2659e-07  0.0000e+00 
1.3357e-01     9.1145e-04  0.0000e+00     1.2175e-04  0.0000e+00     7.8354e-07  0.0000e+00     1.0466e-07  0.0000e+00 
1.4987e-01     2.7271e-03  0.0000e+00     4.0872e-04  0.0000e+00     2.6304e-06  0.0000e+00     3.9423e-07  0.0000e+00 
1.6816e-01     1.1377e-03  0.0000e+00     1.9131e-04  0.0000e+00     1.2313e-06  0.0000e+00     2.0705e-07  0.0000e+00 
1.8868e-01     1.1523e-03  0.0000e+00     2.1740e-04  0.0000e+00     1.3992e-06  0.0000e+00     2.6399e-07  0.0000e+00 
2.1170e-01     1.0680e-03  0.0000e+00     2.2610e-04  0.0000e+00     1.4551e-06  0.0000e+00     3.0805e-07  0.0000e+00 
2.3753e-01     7.6882e-04  0.0000e+00     1.8262e-04  0.0000e+00     1.1753e-06  0.0000e+00     2.7917e-07  0.0000e+00 
2.6651e-01     8.4836e-04  0.0000e+00     2.2610e-04  0.0000e+00     1.4551e-06  0.0000e+00     3.8781e-07  0.0000e+00 
2.9903e-01     7.2702e-04  0.0000e+00     2.1740e-04  0.0000e+00     1.3992e-06  0.0000e+00     4.1840e-07  0.0000e+00 
3.3552e-01     9.0714e-04  0.0000e+00     3.0436e-04  0.0000e+00     1.9588e-06  0.0000e+00     6.5723e-07  0.0000e+00 
3.7646e-01     7.8539e-04  0.0000e+00     2.9567e-04  0.0000e+00     1.9029e-06  0.0000e+00     7.1636e-07  0.0000e+00 
4.2240e-01     6.9998e-04  0.0000e+00     2.9567e-04  0.0000e+00     1.9029e-06  0.0000e+00     8.0377e-07  0.0000e+00 
4.7394e-01     5.5046e-04  0.0000e+00     2.6088e-04  0.0000e+00     1.6790e-06  0.0000e+00     7.9574e-07  0.0000e+00 
5.3176e-01     5.2331e-04  0.0000e+00     2.7828e-04  0.0000e+00     1.7909e-06  0.0000e+00     9.5236e-07  0.0000e+00 
5.9665e-01     3.9352e-04  0.0000e+00     2.3480e-04  0.0000e+00     1.5111e-06  0.0000e+00     9.0160e-07  0.0000e+00 
6.6945e-01     3.5073e-04  0.0000e+00     2.3480e-04  0.0000e+00     1.5111e-06  0.0000e+00     1.0116e-06  0.0000e+00 
7.5114e-01     2.7786e-04  0.0000e+00     2.0871e-04  0.0000e+00     1.3432e-06  0.0000e+00     1.0089e-06  0.0000e+00 
8.4279e-01     2.8891e-04  0.0000e+00     2.4349e-04  0.0000e+00     1.5671e-06  0.0000e+00     1.3207e-06  0.0000e+00 
9.4563e-01     1.5633e-04  0.0000e+00     1.4783e-04  0.0000e+00     9.5144e-07  0.0000e+00     8.9970e-07  0.0000e+00 
1.0610e+00     1.8851e-04  0.0000e+00     2.0001e-04  0.0000e+00     1.2872e-06  0.0000e+00     1.3658e-06  0.0000e+00 
1.1905e+00     1.3879e-04  0.0000e+00     1.6523e-04  0.0000e+00     1.0634e-06  0.0000e+00     1.2659e-06  0.0000e+00 
1.3357e+00     7.8125e-05  0.0000e+00     1.0435e-04  0.0000e+00     6.7160e-07  0.0000e+00     8.9708e-07  0.0000e+00 
1.4987e+00     2.3210e-05  0.0000e+00     3.4785e-05  0.0000e+00     2.2387e-07  0.0000e+00     3.3551e-07  0.0000e+00 
1.6816e+00     3.6200e-05  0.0000e+00     6.0873e-05  0.0000e+00     3.9177e-07  0.0000e+00     6.5879e-07  0.0000e+00 
1.8868e+00     9.2180e-06  0.0000e+00     1.7392e-05  0.0000e+00     1.1193e-07  0.0000e+00     2.1119e-07  0.0000e+00 
2.1170e+00     1.6431e-05  0.0000e+00     3.4785e-05  0.0000e+00     2.2387e-07  0.0000e+00     4.7393e-07  0.0000e+00 
2.3753e+00     0.0000e+00  0.0000e+00     0.0000e+00  0.0000e+00     0.0000e+00  0.0000e+00     0.0000e+00  0.0000e+00 
2.6651e+00     3.2629e-06  0.0000e+00     8.6961e-06  0.0000e+00     5.5967e-08  0.0000e+00     1.4916e-07  0.0000e+00 
2.9903e+00     2.9081e-06  0.0000e+00     8.6961e-06  0.0000e+00     5.5967e-08  0.0000e+00     1.6736e-07  0.0000e+00 
3.3552e+00     0.0000e+00  0.0000e+00     0.0000e+00  0.0000e+00     0.0000e+00  0.0000e+00     0.0000e+00  0.0000e+00 
3.7646e+00     0.0000e+00  0.0000e+00     0.0000e+00  0.0000e+00     0.0000e+00  0.0000e+00     0.0000e+00  0.0000e+00 
4.2240e+00     7.2469e-04  0.0000e+00     3.0610e-03  0.0000e+00     1.9700e-05  0.0000e+00     8.3213e-05  0.0000e+00 
4.7394e+00     7.7982e-04  0.0000e+00     3.6959e-03  0.0000e+00     2.3786e-05  0.0000e+00     1.1273e-04  0.0000e+00 
5.3176e+00     7.4735e-04  0.0000e+00     3.9741e-03  0.0000e+00     2.5577e-05  0.0000e+00     1.3601e-04  0.0000e+00 
5.9665e+00     2.6089e-04  0.0000e+00     1.5566e-03  0.0000e+00     1.0018e-05  0.0000e+00     5.9773e-05  0.0000e+00 
6.6945e+00     7.9239e-05  0.0000e+00     5.3046e-04  0.0000e+00     3.4140e-06  0.0000e+00     2.2855e-05  0.0000e+00 
7.5114e+00     2.6628e-05  0.0000e+00     2.0001e-04  0.0000e+00     1.2872e-06  0.0000e+00     9.6689e-06  0.0000e+00 
8.4279e+00     3.8281e-04  0.0000e+00     3.2263e-03  0.0000e+00     2.0764e-05  0.0000e+00     1.7499e-04  0.0000e+00 
9.4563e+00     7.1086e-04  0.0000e+00     6.7221e-03  0.0000e+00     4.3262e-05  0.0000e+00     4.0910e-04  0.0000e+00 
1.0610e+01     5.7373e-04  0.0000e+00     6.0873e-03  0.0000e+00     3.9177e-05  0.0000e+00     4.1567e-04  0.0000e+00 
1.1905e+01     2.0015e-04  0.0000e+00     2.3827e-03  0.0000e+00     1.5335e-05  0.0000e+00     1.8256e-04  0.0000e+00 
1.3357e+01     7.1093e-04  0.0000e+00     9.4962e-03  0.0000e+00     6.1116e-05  0.0000e+00     8.1634e-04  0.0000e+00 
1.4987e+01     8.4773e-04  0.0000e+00     1.2705e-02  0.0000e+00     8.1768e-05  0.0000e+00     1.2255e-03  0.0000e+00 
1.6816e+01     6.3608e-04  0.0000e+00     1.0696e-02  0.0000e+00     6.8839e-05  0.0000e+00     1.1576e-03  0.0000e+00 
1.8868e+01     8.9737e-04  0.0000e+00     1.6931e-02  0.0000e+00     1.0897e-04  0.0000e+00     2.0560e-03  0.0000e+00 
2.1170e+01     8.7989e-04  0.0000e+00     1.8627e-02  0.0000e+00     1.1988e-04  0.0000e+00     2.5379e-03  0.0000e+00 
2.3753e+01     1.0837e-03  0.0000e+00     2.5741e-02  0.0000e+00     1.6566e-04  0.0000e+00     3.9350e-03  0.0000e+00 
2.6651e+01     1.1923e-03  0.0000e+00     3.1776e-02  0.0000e+00     2.0450e-04  0.0000e+00     5.4503e-03  0.0000e+00 
2.9903e+01     1.3307e-03  0.0000e+00     3.9794e-02  0.0000e+00     2.5610e-04  0.0000e+00     7.6584e-03  0.0000e+00 
3.3552e+01     1.4794e-03  0.0000e+00     4.9638e-02  0.0000e+00     3.1946e-04  0.0000e+00     1.0719e-02  0.0000e+00 
3.7646e+01     1.6828e-03  0.0000e+00     6.3351e-02  0.0000e+00     4.0772e-04  0.0000e+00     1.5349e-02  0.0000e+00 
4.2240e+01     1.8869e-03  0.0000e+00     7.9700e-02  0.0000e+00     5.1294e-04  0.0000e+00     2.1666e-02  0.0000e+00 
4.7394e+01     2.1525e-03  0.0000e+00     1.0201e-01  0.0000e+00     6.5655e-04  0.0000e+00     3.1116e-02  0.0000e+00 
5.3176e+01     2.4391e-03  0.0000e+00     1.2970e-01  0.0000e+00     8.3475e-04  0.0000e+00     4.4389e-02  0.0000e+00 
5.9665e+01     2.7781e-03  0.0000e+00     1.6576e-01  0.0000e+00     1.0668e-03  0.0000e+00     6.3650e-02  0.0000e+00 
6.6945e+01     3.1724e-03  0.0000e+00     2.1238e-01  0.0000e+00     1.3668e-03  0.0000e+00     9.1502e-02  0.0000e+00 
7.5114e+01     3.5488e-03  0.0000e+00     2.6656e-01  0.0000e+00     1.7156e-03  0.0000e+00     1.2886e-01  0.0000e+00 
8.4279e+01     4.0630e-03  0.0000e+00     3.4243e-01  0.0000e+00     2.2038e-03  0.0000e+00     1.8573e-01  0.0000e+00 
9.4563e+01     4.5509e-03  0.0000e+00     4.3035e-01  0.0000e+00     2.7696e-03  0.0000e+00     2.6190e-01  0.0000e+00 
1.0610e+02     5.0049e-03  0.0000e+00     5.3102e-01  0.0000e+00     3.4176e-03  0.0000e+00     3.6261e-01  0.0000e+00 
1.1905e+02     5.3431e-03  0.0000e+00     6.3608e-01  0.0000e+00     4.0937e-03  0.0000e+00     4.8734e-01  0.0000e+00 
1.3357e+02     5.6053e-03  0.0000e+00     7.4871e-01  0.0000e+00     4.8186e-03  0.0000e+00     6.4363e-01  0.0000e+00 
1.4987e+02     5.5396e-03  0.0000e+00     8.3023e-01  0.0000e+00     5.3432e-03  0.0000e+00     8.0080e-01  0.0000e+00 
1.6816e+02     5.2189e-03  0.0000e+00     8.7761e-01  0.0000e+00     5.6481e-03  0.0000e+00     9.4978e-01  0.0000e+00 
1.8868e+02     4.4509e-03  0.0000e+00     8.3979e-01  0.0000e+00     5.4047e-03  0.0000e+00     1.0197e+00  0.0000e+00 
2.1170e+02     3.4954e-03  0.0000e+00     7.3996e-01  0.0000e+00     4.7623e-03  0.0000e+00     1.0082e+00  0.0000e+00 
2.3753e+02     2.4942e-03  0.0000e+00     5.9246e-01  0.0000e+00     3.8130e-03  0.0000e+00     9.0570e-01  0.0000e+00 
2.6651e+02     1.5206e-03  0.0000e+00     4.0526e-01  0.0000e+00     2.6082e-03  0.0000e+00     6.9511e-01  0.0000e+00 
2.9903e+02     8.2229e-04  0.0000e+00     2.4589e-01  0.0000e+00     1.5825e-03  0.0000e+00     4.7323e-01  0.0000e+00 
3.3552e+02     3.7019e-04  0.0000e+00     1.2421e-01  0.0000e+00     7.9938e-04  0.0000e+00     2.6821e-01  0.0000e+00 
3.7646e+02     1.4139e-04  0.0000e+00     5.3229e-02  0.0000e+00     3.4257e-04  0.0000e+00     1.2897e-01  0.0000e+00 
4.2240e+02     4.4675e-05  0.0000e+00     1.8871e-02  0.0000e+00     1.2145e-04  0.0000e+00     5.1299e-02  0.0000e+00 
4.7394e+02     1.0514e-05  0.0000e+00     4.9829e-03  0.0000e+00     3.2069e-05  0.0000e+00     1.5199e-02  0.0000e+00 
5.3176e+02     1.9951e-06  0.0000e+00     1.0609e-03  0.0000e+00     6.8280e-06  0.0000e+00     3.6309e-03  0.0000e+00 
5.9665e+02     2.7692e-07  0.0000e+00     1.6523e-04  0.0000e+00     1.0634e-06  0.0000e+00     6.3446e-04  0.0000e+00 
6.6945e+02     2.5980e-08  0.0000e+00     1.7392e-05  0.0000e+00     1.1193e-07  0.0000e+00     7.4934e-05  0.0000e+00 
7.5114e+02     0.0000e+00  0.0000e+00     0.0000e+00  0.0000e+00     0.0000e+00  0.0000e+00     0.0000e+00  0.0000e+00 
8.4279e+02     0.0000e+00  0.0000e+00     0.0000e+00  0.0000e+00     0.0000e+00  0.0000e+00     0.0000e+00  0.0000e+00 
9.4563e+02     0.0000e+00  0.0000e+00     0.0000e+00  0.0000e+00     0.0000e+00  0.0000e+00     0.0000e+00  0.0000e+00 
1.0610e+03     0.0000e+00  0.0000e+00     0.0000e+00  0.0000e+00     0.0000e+00  0.0000e+00     0.0000e+00  0.0000e+00 
1.1905e+03     0.0000e+00  0.0000e+00     0.0000e+00  0.0000e+00     0.0000e+00  0.0000e+00     0.0000e+00  0.0000e+00 
1.3357e+03     0.0000e+00  0.0000e+00     0.0000e+00  0.0000e+00     0.0000e+00  0.0000e+00     0.0000e+00  0.0000e+00 
1.4987e+03     0.0000e+00  0.0000e+00     0.0000e+00  0.0000e+00     0.0000e+00  0.0000e+00     0.0000e+00  0.0000e+00 
1.6816e+03     0.0000e+00  0.0000e+00     0.0000e+00  0.0000e+00     0.0000e+00  0.0000e+00     0.0000e+00  0.0000e+00 
1.8868e+03     0.0000e+00  0.0000e+00     0.0000e+00  0.0000e+00     0.0000e+00  0.0000e+00     0.0000e+00  0.0000e+00 
2.1170e+03     0.0000e+00  0.0000e+00     0.0000e+00  0.0000e+00     0.0000e+00  0.0000e+00     0.0000e+00  0.0000e+00 
2.3753e+03     0.0000e+00  0.0000e+00     0.0000e+00  0.0000e+00     0.0000e+00  0.0000e+00     0.0000e+00  0.0000e+00 
2.6651e+03     0.0000e+00  0.0000e+00     0.0000e+00  0.0000e+00     0.0000e+00  0.0000e+00     0.0000e+00  0.0000e+00 
2.9903e+03     0.0000e+00  0.0000e+00     0.0000e+00  0.0000e+00     0.0000e+00  0.0000e+00     0.0000e+00  0.0000e+00 
3.3552e+03     0.0000e+00  0.0000e+00     0.0000e+00  0.0000e+00     0.0000e+00  0.0000e+00     0.0000e+00  0.0000e+00 
3.7646e+03     0.0000e+00  0.0000e+00     0.0000e+00  0.0000e+00     0.0000e+00  0.0000e+00     0.0000e+00  0.0000e+00 
4.2240e+03     0.0000e+00  0.0000e+00     0.0000e+00  0.0000e+00     0.0000e+00  0.0000e+00     0.0000e+00  0.0000e+00 
4.7394e+03     0.0000e+00  0.0000e+00     0.0000e+00  0.0000e+00     0.0000e+00  0.0000e+00     0.0000e+00  0.0000e+00 
5.3176e+03     0.0000e+00  0.0000e+00     0.0000e+00  0.0000e+00     0.0000e+00  0.0000e+00     0.0000e+00  0.0000e+00 
5.9665e+03     0.0000e+00  0.0000e+00     0.0000e+00  0.0000e+00     0.0000e+00  0.0000e+00     0.0000e+00  0.0000e+00 
6.6945e+03     0.0000e+00  0.0000e+00     0.0000e+00  0.0000e+00     0.0000e+00  0.0000e+00     0.0000e+00  0.0000e+00 
7.5114e+03     0.0000e+00  0.0000e+00     0.0000e+00  0.0000e+00     0.0000e+00  0.0000e+00     0.0000e+00  0.0000e+00 
8.4279e+03     0.0000e+00  0.0000e+00     0.0000e+00  0.0000e+00     0.0000e+00  0.0000e+00     0.0000e+00  0.0000e+00 
9.4563e+03     0.0000e+00  0.0000e+00     0.0000e+00  0.0000e+00     0.0000e+00  0.0000e+00     0.0000e+00  0.0000e+00 
