yF = 4.1376e+00 (std: 0.0000e+00) keV/um
yD = 2.1648e+01 (std: 0.0000e+00) keV/um
y (keV/um)     f(y)(std)                  yf(y)(std)                 d(y)(std)                  yd(y)(std)  
1.0610e-01     2.6128e+01  0.0000e+00     2.7722e+00  0.0000e+00     6.7000e-01  0.0000e+00     7.1087e-02  0.0000e+00 
1.1905e-01     1.9898e+00  0.0000e+00     2.3688e-01  0.0000e+00     5.7249e-02  0.0000e+00     6.8154e-03  0.0000e+00 
1.3357e-01     6.0238e-01  0.0000e+00     8.0462e-02  0.0000e+00     1.9446e-02  0.0000e+00     2.5975e-03  0.0000e+00 
1.4987e-01     2.9084e+00  0.0000e+00     4.3589e-01  0.0000e+00     1.0535e-01  0.0000e+00     1.5789e-02  0.0000e+00 
1.6816e-01     8.9934e-01  0.0000e+00     1.5123e-01  0.0000e+00     3.6550e-02  0.0000e+00     6.1462e-03  0.0000e+00 
1.8868e-01     6.3550e-01  0.0000e+00     1.1990e-01  0.0000e+00     2.8979e-02  0.0000e+00     5.4676e-03  0.0000e+00 
2.1170e-01     6.1855e-01  0.0000e+00     1.3095e-01  0.0000e+00     3.1648e-02  0.0000e+00     6.6998e-03  0.0000e+00 
2.3753e-01     5.9588e-01  0.0000e+00     1.4154e-01  0.0000e+00     3.4208e-02  0.0000e+00     8.1254e-03  0.0000e+00 
2.6651e-01     2.7992e-01  0.0000e+00     7.4602e-02  0.0000e+00     1.8030e-02  0.0000e+00     4.8052e-03  0.0000e+00 
2.9903e-01     2.3968e-01  0.0000e+00     7.1672e-02  0.0000e+00     1.7322e-02  0.0000e+00     5.1798e-03  0.0000e+00 
3.3552e-01     1.4335e+00  0.0000e+00     4.8097e-01  0.0000e+00     1.1624e-01  0.0000e+00     3.9001e-02  0.0000e+00 
3.7646e-01     9.5132e-01  0.0000e+00     3.5813e-01  0.0000e+00     8.6555e-02  0.0000e+00     3.2584e-02  0.0000e+00 
4.2240e-01     4.1299e-01  0.0000e+00     1.7445e-01  0.0000e+00     4.2161e-02  0.0000e+00     1.7809e-02  0.0000e+00 
4.7394e-01     3.9186e-01  0.0000e+00     1.8572e-01  0.0000e+00     4.4884e-02  0.0000e+00     2.1272e-02  0.0000e+00 
5.3176e-01     2.6108e-01  0.0000e+00     1.3884e-01  0.0000e+00     3.3554e-02  0.0000e+00     1.7843e-02  0.0000e+00 
5.9665e-01     1.3146e-01  0.0000e+00     7.8433e-02  0.0000e+00     1.8956e-02  0.0000e+00     1.1310e-02  0.0000e+00 
6.6945e-01     2.1479e-01  0.0000e+00     1.4379e-01  0.0000e+00     3.4753e-02  0.0000e+00     2.3265e-02  0.0000e+00 
7.5114e-01     1.8063e-01  0.0000e+00     1.3568e-01  0.0000e+00     3.2792e-02  0.0000e+00     2.4631e-02  0.0000e+00 
8.4279e-01     8.4239e-02  0.0000e+00     7.0995e-02  0.0000e+00     1.7158e-02  0.0000e+00     1.4461e-02  0.0000e+00 
9.4563e-01     5.0052e-02  0.0000e+00     4.7330e-02  0.0000e+00     1.1439e-02  0.0000e+00     1.0817e-02  0.0000e+00 
1.0610e+00     4.0148e-02  0.0000e+00     4.2597e-02  0.0000e+00     1.0295e-02  0.0000e+00     1.0923e-02  0.0000e+00 
1.1905e+00     1.8554e-02  0.0000e+00     2.2087e-02  0.0000e+00     5.3382e-03  0.0000e+00     6.3550e-03  0.0000e+00 
1.3357e+00     1.1305e-02  0.0000e+00     1.5101e-02  0.0000e+00     3.6496e-03  0.0000e+00     4.8749e-03  0.0000e+00 
1.4987e+00     6.3161e-03  0.0000e+00     9.4661e-03  0.0000e+00     2.2878e-03  0.0000e+00     3.4288e-03  0.0000e+00 
1.6816e+00     1.7424e-03  0.0000e+00     2.9300e-03  0.0000e+00     7.0813e-04  0.0000e+00     1.1908e-03  0.0000e+00 
1.8868e+00     1.4334e-03  0.0000e+00     2.7046e-03  0.0000e+00     6.5366e-04  0.0000e+00     1.2333e-03  0.0000e+00 
2.1170e+00     6.3878e-04  0.0000e+00     1.3523e-03  0.0000e+00     3.2683e-04  0.0000e+00     6.9189e-04  0.0000e+00 
2.3753e+00     9.4886e-05  0.0000e+00     2.2538e-04  0.0000e+00     5.4471e-05  0.0000e+00     1.2939e-04  0.0000e+00 
2.6651e+00     0.0000e+00  0.0000e+00     0.0000e+00  0.0000e+00     0.0000e+00  0.0000e+00     0.0000e+00  0.0000e+00 
2.9903e+00     0.0000e+00  0.0000e+00     0.0000e+00  0.0000e+00     0.0000e+00  0.0000e+00     0.0000e+00  0.0000e+00 
3.3552e+00     0.0000e+00  0.0000e+00     0.0000e+00  0.0000e+00     0.0000e+00  0.0000e+00     0.0000e+00  0.0000e+00 
3.7646e+00     0.0000e+00  0.0000e+00     0.0000e+00  0.0000e+00     0.0000e+00  0.0000e+00     0.0000e+00  0.0000e+00 
4.2240e+00     0.0000e+00  0.0000e+00     0.0000e+00  0.0000e+00     0.0000e+00  0.0000e+00     0.0000e+00  0.0000e+00 
4.7394e+00     0.0000e+00  0.0000e+00     0.0000e+00  0.0000e+00     0.0000e+00  0.0000e+00     0.0000e+00  0.0000e+00 
5.3176e+00     0.0000e+00  0.0000e+00     0.0000e+00  0.0000e+00     0.0000e+00  0.0000e+00     0.0000e+00  0.0000e+00 
5.9665e+00     1.2186e-01  0.0000e+00     7.2708e-01  0.0000e+00     1.7572e-01  0.0000e+00     1.0485e+00  0.0000e+00 
6.6945e+00     2.3971e-02  0.0000e+00     1.6047e-01  0.0000e+00     3.8784e-02  0.0000e+00     2.5964e-01  0.0000e+00 
7.5114e+00     6.3912e-03  0.0000e+00     4.8006e-02  0.0000e+00     1.1602e-02  0.0000e+00     8.7150e-02  0.0000e+00 
8.4279e+00     2.4870e-02  0.0000e+00     2.0961e-01  0.0000e+00     5.0658e-02  0.0000e+00     4.2694e-01  0.0000e+00 
9.4563e+00     1.6207e-02  0.0000e+00     1.5326e-01  0.0000e+00     3.7040e-02  0.0000e+00     3.5026e-01  0.0000e+00 
1.0610e+01     2.3536e-02  0.0000e+00     2.4972e-01  0.0000e+00     6.0354e-02  0.0000e+00     6.4036e-01  0.0000e+00 
1.1905e+01     1.6301e-02  0.0000e+00     1.9405e-01  0.0000e+00     4.6900e-02  0.0000e+00     5.5833e-01  0.0000e+00 
1.3357e+01     1.1727e-02  0.0000e+00     1.5664e-01  0.0000e+00     3.7858e-02  0.0000e+00     5.0568e-01  0.0000e+00 
1.4987e+01     6.9477e-03  0.0000e+00     1.0413e-01  0.0000e+00     2.5166e-02  0.0000e+00     3.7716e-01  0.0000e+00 
1.6816e+01     4.3426e-03  0.0000e+00     7.3024e-02  0.0000e+00     1.7649e-02  0.0000e+00     2.9678e-01  0.0000e+00 
1.8868e+01     3.7747e-03  0.0000e+00     7.1221e-02  0.0000e+00     1.7213e-02  0.0000e+00     3.2477e-01  0.0000e+00 
2.1170e+01     3.0662e-03  0.0000e+00     6.4910e-02  0.0000e+00     1.5688e-02  0.0000e+00     3.3211e-01  0.0000e+00 
2.3753e+01     3.1028e-03  0.0000e+00     7.3700e-02  0.0000e+00     1.7812e-02  0.0000e+00     4.2309e-01  0.0000e+00 
2.6651e+01     2.1226e-03  0.0000e+00     5.6571e-02  0.0000e+00     1.3672e-02  0.0000e+00     3.6438e-01  0.0000e+00 
2.9903e+01     1.5149e-03  0.0000e+00     4.5302e-02  0.0000e+00     1.0949e-02  0.0000e+00     3.2740e-01  0.0000e+00 
3.3552e+01     1.3838e-03  0.0000e+00     4.6429e-02  0.0000e+00     1.1221e-02  0.0000e+00     3.7649e-01  0.0000e+00 
3.7646e+01     1.0058e-03  0.0000e+00     3.7864e-02  0.0000e+00     9.1512e-03  0.0000e+00     3.4451e-01  0.0000e+00 
4.2240e+01     6.3496e-04  0.0000e+00     2.6821e-02  0.0000e+00     6.4821e-03  0.0000e+00     2.7380e-01  0.0000e+00 
4.7394e+01     4.4227e-04  0.0000e+00     2.0961e-02  0.0000e+00     5.0658e-03  0.0000e+00     2.4009e-01  0.0000e+00 
5.3176e+01     3.3059e-04  0.0000e+00     1.7580e-02  0.0000e+00     4.2488e-03  0.0000e+00     2.2593e-01  0.0000e+00 
5.9665e+01     2.0398e-04  0.0000e+00     1.2171e-02  0.0000e+00     2.9414e-03  0.0000e+00     1.7550e-01  0.0000e+00 
6.6945e+01     1.5487e-04  0.0000e+00     1.0368e-02  0.0000e+00     2.5057e-03  0.0000e+00     1.6774e-01  0.0000e+00 
7.5114e+01     3.9007e-05  0.0000e+00     2.9300e-03  0.0000e+00     7.0813e-04  0.0000e+00     5.3190e-02  0.0000e+00 
8.4279e+01     4.8136e-05  0.0000e+00     4.0569e-03  0.0000e+00     9.8048e-04  0.0000e+00     8.2634e-02  0.0000e+00 
9.4563e+01     1.9067e-05  0.0000e+00     1.8031e-03  0.0000e+00     4.3577e-04  0.0000e+00     4.1208e-02  0.0000e+00 
1.0610e+02     6.3727e-06  0.0000e+00     6.7615e-04  0.0000e+00     1.6341e-04  0.0000e+00     1.7338e-02  0.0000e+00 
1.1905e+02     0.0000e+00  0.0000e+00     0.0000e+00  0.0000e+00     0.0000e+00  0.0000e+00     0.0000e+00  0.0000e+00 
1.3357e+02     0.0000e+00  0.0000e+00     0.0000e+00  0.0000e+00     0.0000e+00  0.0000e+00     0.0000e+00  0.0000e+00 
1.4987e+02     0.0000e+00  0.0000e+00     0.0000e+00  0.0000e+00     0.0000e+00  0.0000e+00     0.0000e+00  0.0000e+00 
1.6816e+02     0.0000e+00  0.0000e+00     0.0000e+00  0.0000e+00     0.0000e+00  0.0000e+00     0.0000e+00  0.0000e+00 
1.8868e+02     0.0000e+00  0.0000e+00     0.0000e+00  0.0000e+00     0.0000e+00  0.0000e+00     0.0000e+00  0.0000e+00 
2.1170e+02     0.0000e+00  0.0000e+00     0.0000e+00  0.0000e+00     0.0000e+00  0.0000e+00     0.0000e+00  0.0000e+00 
2.3753e+02     0.0000e+00  0.0000e+00     0.0000e+00  0.0000e+00     0.0000e+00  0.0000e+00     0.0000e+00  0.0000e+00 
2.6651e+02     0.0000e+00  0.0000e+00     0.0000e+00  0.0000e+00     0.0000e+00  0.0000e+00     0.0000e+00  0.0000e+00 
2.9903e+02     0.0000e+00  0.0000e+00     0.0000e+00  0.0000e+00     0.0000e+00  0.0000e+00     0.0000e+00  0.0000e+00 
3.3552e+02     0.0000e+00  0.0000e+00     0.0000e+00  0.0000e+00     0.0000e+00  0.0000e+00     0.0000e+00  0.0000e+00 
3.7646e+02     0.0000e+00  0.0000e+00     0.0000e+00  0.0000e+00     0.0000e+00  0.0000e+00     0.0000e+00  0.0000e+00 
4.2240e+02     0.0000e+00  0.0000e+00     0.0000e+00  0.0000e+00     0.0000e+00  0.0000e+00     0.0000e+00  0.0000e+00 
4.7394e+02     0.0000e+00  0.0000e+00     0.0000e+00  0.0000e+00     0.0000e+00  0.0000e+00     0.0000e+00  0.0000e+00 
5.3176e+02     0.0000e+00  0.0000e+00     0.0000e+00  0.0000e+00     0.0000e+00  0.0000e+00     0.0000e+00  0.0000e+00 
5.9665e+02     0.0000e+00  0.0000e+00     0.0000e+00  0.0000e+00     0.0000e+00  0.0000e+00     0.0000e+00  0.0000e+00 
6.6945e+02     0.0000e+00  0.0000e+00     0.0000e+00  0.0000e+00     0.0000e+00  0.0000e+00     0.0000e+00  0.0000e+00 
7.5114e+02     0.0000e+00  0.0000e+00     0.0000e+00  0.0000e+00     0.0000e+00  0.0000e+00     0.0000e+00  0.0000e+00 
8.4279e+02     0.0000e+00  0.0000e+00     0.0000e+00  0.0000e+00     0.0000e+00  0.0000e+00     0.0000e+00  0.0000e+00 
9.4563e+02     0.0000e+00  0.0000e+00     0.0000e+00  0.0000e+00     0.0000e+00  0.0000e+00     0.0000e+00  0.0000e+00 
1.0610e+03     0.0000e+00  0.0000e+00     0.0000e+00  0.0000e+00     0.0000e+00  0.0000e+00     0.0000e+00  0.0000e+00 
1.1905e+03     0.0000e+00  0.0000e+00     0.0000e+00  0.0000e+00     0.0000e+00  0.0000e+00     0.0000e+00  0.0000e+00 
1.3357e+03     0.0000e+00  0.0000e+00     0.0000e+00  0.0000e+00     0.0000e+00  0.0000e+00     0.0000e+00  0.0000e+00 
1.4987e+03     0.0000e+00  0.0000e+00     0.0000e+00  0.0000e+00     0.0000e+00  0.0000e+00     0.0000e+00  0.0000e+00 
1.6816e+03     0.0000e+00  0.0000e+00     0.0000e+00  0.0000e+00     0.0000e+00  0.0000e+00     0.0000e+00  0.0000e+00 
1.8868e+03     0.0000e+00  0.0000e+00     0.0000e+00  0.0000e+00     0.0000e+00  0.0000e+00     0.0000e+00  0.0000e+00 
2.1170e+03     0.0000e+00  0.0000e+00     0.0000e+00  0.0000e+00     0.0000e+00  0.0000e+00     0.0000e+00  0.0000e+00 
2.3753e+03     0.0000e+00  0.0000e+00     0.0000e+00  0.0000e+00     0.0000e+00  0.0000e+00     0.0000e+00  0.0000e+00 
2.6651e+03     0.0000e+00  0.0000e+00     0.0000e+00  0.0000e+00     0.0000e+00  0.0000e+00     0.0000e+00  0.0000e+00 
2.9903e+03     0.0000e+00  0.0000e+00     0.0000e+00  0.0000e+00     0.0000e+00  0.0000e+00     0.0000e+00  0.0000e+00 
3.3552e+03     0.0000e+00  0.0000e+00     0.0000e+00  0.0000e+00     0.0000e+00  0.0000e+00     0.0000e+00  0.0000e+00 
3.7646e+03     0.0000e+00  0.0000e+00     0.0000e+00  0.0000e+00     0.0000e+00  0.0000e+00     0.0000e+00  0.0000e+00 
4.2240e+03     0.0000e+00  0.0000e+00     0.0000e+00  0.0000e+00     0.0000e+00  0.0000e+00     0.0000e+00  0.0000e+00 
4.7394e+03     0.0000e+00  0.0000e+00     0.0000e+00  0.0000e+00     0.0000e+00  0.0000e+00     0.0000e+00  0.0000e+00 
5.3176e+03     0.0000e+00  0.0000e+00     0.0000e+00  0.0000e+00     0.0000e+00  0.0000e+00     0.0000e+00  0.0000e+00 
5.9665e+03     0.0000e+00  0.0000e+00     0.0000e+00  0.0000e+00     0.0000e+00  0.0000e+00     0.0000e+00  0.0000e+00 
6.6945e+03     0.0000e+00  0.0000e+00     0.0000e+00  0.0000e+00     0.0000e+00  0.0000e+00     0.0000e+00  0.0000e+00 
7.5114e+03     0.0000e+00  0.0000e+00     0.0000e+00  0.0000e+00     0.0000e+00  0.0000e+00     0.0000e+00  0.0000e+00 
8.4279e+03     0.0000e+00  0.0000e+00     0.0000e+00  0.0000e+00     0.0000e+00  0.0000e+00     0.0000e+00  0.0000e+00 
9.4563e+03     0.0000e+00  0.0000e+00     0.0000e+00  0.0000e+00     0.0000e+00  0.0000e+00     0.0000e+00  0.0000e+00 
