yF = 1.6292e+01 (std: 0.0000e+00) keV/um
yD = 3.7259e+01 (std: 0.0000e+00) keV/um
y (keV/um)     f(y)(std)                  yf(y)(std)                 d(y)(std)                  yd(y)(std)  
1.0610e-01     7.3538e+00  0.0000e+00     7.8024e-01  0.0000e+00     4.7892e-02  0.0000e+00     5.0814e-03  0.0000e+00 
1.1905e-01     7.7676e-01  0.0000e+00     9.2471e-02  0.0000e+00     5.6760e-03  0.0000e+00     6.7571e-04  0.0000e+00 
1.3357e-01     3.6273e-01  0.0000e+00     4.8451e-02  0.0000e+00     2.9740e-03  0.0000e+00     3.9724e-04  0.0000e+00 
1.4987e-01     1.0093e+00  0.0000e+00     1.5126e-01  0.0000e+00     9.2848e-03  0.0000e+00     1.3915e-03  0.0000e+00 
1.6816e-01     4.7855e-01  0.0000e+00     8.0472e-02  0.0000e+00     4.9395e-03  0.0000e+00     8.3062e-04  0.0000e+00 
1.8868e-01     3.8976e-01  0.0000e+00     7.3538e-02  0.0000e+00     4.5139e-03  0.0000e+00     8.5166e-04  0.0000e+00 
2.1170e-01     3.9991e-01  0.0000e+00     8.4660e-02  0.0000e+00     5.1965e-03  0.0000e+00     1.1001e-03  0.0000e+00 
2.3753e-01     3.7565e-01  0.0000e+00     8.9228e-02  0.0000e+00     5.4769e-03  0.0000e+00     1.3009e-03  0.0000e+00 
2.6651e-01     2.3909e-01  0.0000e+00     6.3721e-02  0.0000e+00     3.9113e-03  0.0000e+00     1.0424e-03  0.0000e+00 
2.9903e-01     2.0329e-01  0.0000e+00     6.0790e-02  0.0000e+00     3.7314e-03  0.0000e+00     1.1158e-03  0.0000e+00 
3.3552e-01     4.6308e-01  0.0000e+00     1.5537e-01  0.0000e+00     9.5370e-03  0.0000e+00     3.1999e-03  0.0000e+00 
3.7646e-01     4.1453e-01  0.0000e+00     1.5606e-01  0.0000e+00     9.5789e-03  0.0000e+00     3.6061e-03  0.0000e+00 
4.2240e-01     2.6464e-01  0.0000e+00     1.1178e-01  0.0000e+00     6.8614e-03  0.0000e+00     2.8982e-03  0.0000e+00 
4.7394e-01     2.5931e-01  0.0000e+00     1.2289e-01  0.0000e+00     7.5434e-03  0.0000e+00     3.5751e-03  0.0000e+00 
5.3176e-01     2.2508e-01  0.0000e+00     1.1969e-01  0.0000e+00     7.3468e-03  0.0000e+00     3.9067e-03  0.0000e+00 
5.9665e-01     1.4876e-01  0.0000e+00     8.8760e-02  0.0000e+00     5.4482e-03  0.0000e+00     3.2507e-03  0.0000e+00 
6.6945e-01     1.4443e-01  0.0000e+00     9.6688e-02  0.0000e+00     5.9348e-03  0.0000e+00     3.9731e-03  0.0000e+00 
7.5114e-01     1.4187e-01  0.0000e+00     1.0656e-01  0.0000e+00     6.5410e-03  0.0000e+00     4.9131e-03  0.0000e+00 
8.4279e-01     1.0038e-01  0.0000e+00     8.4602e-02  0.0000e+00     5.1929e-03  0.0000e+00     4.3766e-03  0.0000e+00 
9.4563e-01     7.2267e-02  0.0000e+00     6.8338e-02  0.0000e+00     4.1946e-03  0.0000e+00     3.9666e-03  0.0000e+00 
1.0610e+00     5.4348e-02  0.0000e+00     5.7664e-02  0.0000e+00     3.5395e-03  0.0000e+00     3.7554e-03  0.0000e+00 
1.1905e+00     3.7664e-02  0.0000e+00     4.4838e-02  0.0000e+00     2.7522e-03  0.0000e+00     3.2764e-03  0.0000e+00 
1.3357e+00     2.4505e-02  0.0000e+00     3.2732e-02  0.0000e+00     2.0092e-03  0.0000e+00     2.6837e-03  0.0000e+00 
1.4987e+00     1.5823e-02  0.0000e+00     2.3714e-02  0.0000e+00     1.4556e-03  0.0000e+00     2.1815e-03  0.0000e+00 
1.6816e+00     9.1563e-03  0.0000e+00     1.5397e-02  0.0000e+00     9.4510e-04  0.0000e+00     1.5893e-03  0.0000e+00 
1.8868e+00     4.8468e-03  0.0000e+00     9.1448e-03  0.0000e+00     5.6132e-04  0.0000e+00     1.0591e-03  0.0000e+00 
2.1170e+00     2.2772e-03  0.0000e+00     4.8207e-03  0.0000e+00     2.9590e-04  0.0000e+00     6.2642e-04  0.0000e+00 
2.3753e+00     1.0004e-03  0.0000e+00     2.3763e-03  0.0000e+00     1.4586e-04  0.0000e+00     3.4646e-04  0.0000e+00 
2.6651e+00     4.0196e-04  0.0000e+00     1.0713e-03  0.0000e+00     6.5756e-05  0.0000e+00     1.7525e-04  0.0000e+00 
2.9903e+00     1.3027e-04  0.0000e+00     3.8956e-04  0.0000e+00     2.3911e-05  0.0000e+00     7.1503e-05  0.0000e+00 
3.3552e+00     5.2247e-05  0.0000e+00     1.7530e-04  0.0000e+00     1.0760e-05  0.0000e+00     3.6102e-05  0.0000e+00 
3.7646e+00     1.0348e-05  0.0000e+00     3.8956e-05  0.0000e+00     2.3911e-06  0.0000e+00     9.0017e-06  0.0000e+00 
4.2240e+00     1.1528e-05  0.0000e+00     4.8694e-05  0.0000e+00     2.9889e-06  0.0000e+00     1.2625e-05  0.0000e+00 
4.7394e+00     0.0000e+00  0.0000e+00     0.0000e+00  0.0000e+00     0.0000e+00  0.0000e+00     0.0000e+00  0.0000e+00 
5.3176e+00     3.6629e-06  0.0000e+00     1.9478e-05  0.0000e+00     1.1956e-06  0.0000e+00     6.3576e-06  0.0000e+00 
5.9665e+00     4.8842e-02  0.0000e+00     2.9142e-01  0.0000e+00     1.7887e-02  0.0000e+00     1.0673e-01  0.0000e+00 
6.6945e+00     2.9161e-02  0.0000e+00     1.9522e-01  0.0000e+00     1.1983e-02  0.0000e+00     8.0218e-02  0.0000e+00 
7.5114e+00     8.4807e-03  0.0000e+00     6.3702e-02  0.0000e+00     3.9101e-03  0.0000e+00     2.9370e-02  0.0000e+00 
8.4279e+00     3.5824e-02  0.0000e+00     3.0192e-01  0.0000e+00     1.8532e-02  0.0000e+00     1.5619e-01  0.0000e+00 
9.4563e+00     2.8818e-02  0.0000e+00     2.7251e-01  0.0000e+00     1.6727e-02  0.0000e+00     1.5818e-01  0.0000e+00 
1.0610e+01     3.9260e-02  0.0000e+00     4.1655e-01  0.0000e+00     2.5568e-02  0.0000e+00     2.7128e-01  0.0000e+00 
1.1905e+01     3.1692e-02  0.0000e+00     3.7728e-01  0.0000e+00     2.3158e-02  0.0000e+00     2.7569e-01  0.0000e+00 
1.3357e+01     2.6269e-02  0.0000e+00     3.5088e-01  0.0000e+00     2.1538e-02  0.0000e+00     2.8768e-01  0.0000e+00 
1.4987e+01     2.0698e-02  0.0000e+00     3.1020e-01  0.0000e+00     1.9041e-02  0.0000e+00     2.8536e-01  0.0000e+00 
1.6816e+01     1.6298e-02  0.0000e+00     2.7407e-01  0.0000e+00     1.6823e-02  0.0000e+00     2.8289e-01  0.0000e+00 
1.8868e+01     1.6736e-02  0.0000e+00     3.1577e-01  0.0000e+00     1.9383e-02  0.0000e+00     3.6570e-01  0.0000e+00 
2.1170e+01     1.5598e-02  0.0000e+00     3.3022e-01  0.0000e+00     2.0269e-02  0.0000e+00     4.2909e-01  0.0000e+00 
2.3753e+01     1.4223e-02  0.0000e+00     3.3784e-01  0.0000e+00     2.0737e-02  0.0000e+00     4.9257e-01  0.0000e+00 
2.6651e+01     1.1745e-02  0.0000e+00     3.1301e-01  0.0000e+00     1.9213e-02  0.0000e+00     5.1205e-01  0.0000e+00 
2.9903e+01     9.3610e-03  0.0000e+00     2.7992e-01  0.0000e+00     1.7182e-02  0.0000e+00     5.1380e-01  0.0000e+00 
3.3552e+01     8.0890e-03  0.0000e+00     2.7140e-01  0.0000e+00     1.6659e-02  0.0000e+00     5.5895e-01  0.0000e+00 
3.7646e+01     6.5078e-03  0.0000e+00     2.4499e-01  0.0000e+00     1.5038e-02  0.0000e+00     5.6612e-01  0.0000e+00 
4.2240e+01     5.0977e-03  0.0000e+00     2.1533e-01  0.0000e+00     1.3217e-02  0.0000e+00     5.5828e-01  0.0000e+00 
4.7394e+01     3.8959e-03  0.0000e+00     1.8464e-01  0.0000e+00     1.1333e-02  0.0000e+00     5.3713e-01  0.0000e+00 
5.3176e+01     2.8195e-03  0.0000e+00     1.4993e-01  0.0000e+00     9.2029e-03  0.0000e+00     4.8938e-01  0.0000e+00 
5.9665e+01     2.0170e-03  0.0000e+00     1.2034e-01  0.0000e+00     7.3868e-03  0.0000e+00     4.4073e-01  0.0000e+00 
6.6945e+01     1.3685e-03  0.0000e+00     9.1614e-02  0.0000e+00     5.6234e-03  0.0000e+00     3.7646e-01  0.0000e+00 
7.5114e+01     8.5054e-04  0.0000e+00     6.3887e-02  0.0000e+00     3.9215e-03  0.0000e+00     2.9456e-01  0.0000e+00 
8.4279e+01     4.9689e-04  0.0000e+00     4.1877e-02  0.0000e+00     2.5705e-03  0.0000e+00     2.1664e-01  0.0000e+00 
9.4563e+01     2.7282e-04  0.0000e+00     2.5798e-02  0.0000e+00     1.5835e-03  0.0000e+00     1.4974e-01  0.0000e+00 
1.0610e+02     1.3952e-04  0.0000e+00     1.4803e-02  0.0000e+00     9.0863e-04  0.0000e+00     9.6407e-02  0.0000e+00 
1.1905e+02     6.3728e-05  0.0000e+00     7.5866e-03  0.0000e+00     4.6567e-04  0.0000e+00     5.5437e-02  0.0000e+00 
1.3357e+02     2.2675e-05  0.0000e+00     3.0288e-03  0.0000e+00     1.8591e-04  0.0000e+00     2.4833e-02  0.0000e+00 
1.4987e+02     7.3429e-06  0.0000e+00     1.1005e-03  0.0000e+00     6.7550e-05  0.0000e+00     1.0124e-02  0.0000e+00 
1.6816e+02     2.4903e-06  0.0000e+00     4.1877e-04  0.0000e+00     2.5705e-05  0.0000e+00     4.3225e-03  0.0000e+00 
1.8868e+02     8.7748e-07  0.0000e+00     1.6556e-04  0.0000e+00     1.0162e-05  0.0000e+00     1.9174e-03  0.0000e+00 
2.1170e+02     1.3801e-07  0.0000e+00     2.9217e-05  0.0000e+00     1.7934e-06  0.0000e+00     3.7965e-04  0.0000e+00 
2.3753e+02     0.0000e+00  0.0000e+00     0.0000e+00  0.0000e+00     0.0000e+00  0.0000e+00     0.0000e+00  0.0000e+00 
2.6651e+02     0.0000e+00  0.0000e+00     0.0000e+00  0.0000e+00     0.0000e+00  0.0000e+00     0.0000e+00  0.0000e+00 
2.9903e+02     0.0000e+00  0.0000e+00     0.0000e+00  0.0000e+00     0.0000e+00  0.0000e+00     0.0000e+00  0.0000e+00 
3.3552e+02     0.0000e+00  0.0000e+00     0.0000e+00  0.0000e+00     0.0000e+00  0.0000e+00     0.0000e+00  0.0000e+00 
3.7646e+02     0.0000e+00  0.0000e+00     0.0000e+00  0.0000e+00     0.0000e+00  0.0000e+00     0.0000e+00  0.0000e+00 
4.2240e+02     0.0000e+00  0.0000e+00     0.0000e+00  0.0000e+00     0.0000e+00  0.0000e+00     0.0000e+00  0.0000e+00 
4.7394e+02     0.0000e+00  0.0000e+00     0.0000e+00  0.0000e+00     0.0000e+00  0.0000e+00     0.0000e+00  0.0000e+00 
5.3176e+02     0.0000e+00  0.0000e+00     0.0000e+00  0.0000e+00     0.0000e+00  0.0000e+00     0.0000e+00  0.0000e+00 
5.9665e+02     0.0000e+00  0.0000e+00     0.0000e+00  0.0000e+00     0.0000e+00  0.0000e+00     0.0000e+00  0.0000e+00 
6.6945e+02     0.0000e+00  0.0000e+00     0.0000e+00  0.0000e+00     0.0000e+00  0.0000e+00     0.0000e+00  0.0000e+00 
7.5114e+02     0.0000e+00  0.0000e+00     0.0000e+00  0.0000e+00     0.0000e+00  0.0000e+00     0.0000e+00  0.0000e+00 
8.4279e+02     0.0000e+00  0.0000e+00     0.0000e+00  0.0000e+00     0.0000e+00  0.0000e+00     0.0000e+00  0.0000e+00 
9.4563e+02     0.0000e+00  0.0000e+00     0.0000e+00  0.0000e+00     0.0000e+00  0.0000e+00     0.0000e+00  0.0000e+00 
1.0610e+03     0.0000e+00  0.0000e+00     0.0000e+00  0.0000e+00     0.0000e+00  0.0000e+00     0.0000e+00  0.0000e+00 
1.1905e+03     0.0000e+00  0.0000e+00     0.0000e+00  0.0000e+00     0.0000e+00  0.0000e+00     0.0000e+00  0.0000e+00 
1.3357e+03     0.0000e+00  0.0000e+00     0.0000e+00  0.0000e+00     0.0000e+00  0.0000e+00     0.0000e+00  0.0000e+00 
1.4987e+03     0.0000e+00  0.0000e+00     0.0000e+00  0.0000e+00     0.0000e+00  0.0000e+00     0.0000e+00  0.0000e+00 
1.6816e+03     0.0000e+00  0.0000e+00     0.0000e+00  0.0000e+00     0.0000e+00  0.0000e+00     0.0000e+00  0.0000e+00 
1.8868e+03     0.0000e+00  0.0000e+00     0.0000e+00  0.0000e+00     0.0000e+00  0.0000e+00     0.0000e+00  0.0000e+00 
2.1170e+03     0.0000e+00  0.0000e+00     0.0000e+00  0.0000e+00     0.0000e+00  0.0000e+00     0.0000e+00  0.0000e+00 
2.3753e+03     0.0000e+00  0.0000e+00     0.0000e+00  0.0000e+00     0.0000e+00  0.0000e+00     0.0000e+00  0.0000e+00 
2.6651e+03     0.0000e+00  0.0000e+00     0.0000e+00  0.0000e+00     0.0000e+00  0.0000e+00     0.0000e+00  0.0000e+00 
2.9903e+03     0.0000e+00  0.0000e+00     0.0000e+00  0.0000e+00     0.0000e+00  0.0000e+00     0.0000e+00  0.0000e+00 
3.3552e+03     0.0000e+00  0.0000e+00     0.0000e+00  0.0000e+00     0.0000e+00  0.0000e+00     0.0000e+00  0.0000e+00 
3.7646e+03     0.0000e+00  0.0000e+00     0.0000e+00  0.0000e+00     0.0000e+00  0.0000e+00     0.0000e+00  0.0000e+00 
4.2240e+03     0.0000e+00  0.0000e+00     0.0000e+00  0.0000e+00     0.0000e+00  0.0000e+00     0.0000e+00  0.0000e+00 
4.7394e+03     0.0000e+00  0.0000e+00     0.0000e+00  0.0000e+00     0.0000e+00  0.0000e+00     0.0000e+00  0.0000e+00 
5.3176e+03     0.0000e+00  0.0000e+00     0.0000e+00  0.0000e+00     0.0000e+00  0.0000e+00     0.0000e+00  0.0000e+00 
5.9665e+03     0.0000e+00  0.0000e+00     0.0000e+00  0.0000e+00     0.0000e+00  0.0000e+00     0.0000e+00  0.0000e+00 
6.6945e+03     0.0000e+00  0.0000e+00     0.0000e+00  0.0000e+00     0.0000e+00  0.0000e+00     0.0000e+00  0.0000e+00 
7.5114e+03     0.0000e+00  0.0000e+00     0.0000e+00  0.0000e+00     0.0000e+00  0.0000e+00     0.0000e+00  0.0000e+00 
8.4279e+03     0.0000e+00  0.0000e+00     0.0000e+00  0.0000e+00     0.0000e+00  0.0000e+00     0.0000e+00  0.0000e+00 
9.4563e+03     0.0000e+00  0.0000e+00     0.0000e+00  0.0000e+00     0.0000e+00  0.0000e+00     0.0000e+00  0.0000e+00 
