yF = 3.2086e+01 (std: 0.0000e+00) keV/um
yD = 5.8132e+01 (std: 0.0000e+00) keV/um
y (keV/um)     f(y)(std)                  yf(y)(std)                 d(y)(std)                  yd(y)(std)  
1.0610e-01     2.4676e+00  0.0000e+00     2.6181e-01  0.0000e+00     8.1596e-03  0.0000e+00     8.6574e-04  0.0000e+00 
1.1905e-01     2.8589e-01  0.0000e+00     3.4034e-02  0.0000e+00     1.0607e-03  0.0000e+00     1.2627e-04  0.0000e+00 
1.3357e-01     1.4240e-01  0.0000e+00     1.9021e-02  0.0000e+00     5.9282e-04  0.0000e+00     7.9185e-05  0.0000e+00 
1.4987e-01     3.6270e-01  0.0000e+00     5.4359e-02  0.0000e+00     1.6941e-03  0.0000e+00     2.5390e-04  0.0000e+00 
1.6816e-01     1.9168e-01  0.0000e+00     3.2233e-02  0.0000e+00     1.0046e-03  0.0000e+00     1.6893e-04  0.0000e+00 
1.8868e-01     1.7309e-01  0.0000e+00     3.2659e-02  0.0000e+00     1.0178e-03  0.0000e+00     1.9204e-04  0.0000e+00 
2.1170e-01     1.6192e-01  0.0000e+00     3.4278e-02  0.0000e+00     1.0683e-03  0.0000e+00     2.2616e-04  0.0000e+00 
2.3753e-01     1.6424e-01  0.0000e+00     3.9011e-02  0.0000e+00     1.2158e-03  0.0000e+00     2.8879e-04  0.0000e+00 
2.6651e-01     1.2037e-01  0.0000e+00     3.2079e-02  0.0000e+00     9.9978e-04  0.0000e+00     2.6646e-04  0.0000e+00 
2.9903e-01     9.8532e-02  0.0000e+00     2.9464e-02  0.0000e+00     9.1828e-04  0.0000e+00     2.7460e-04  0.0000e+00 
3.3552e-01     1.8351e-01  0.0000e+00     6.1571e-02  0.0000e+00     1.9189e-03  0.0000e+00     6.4383e-04  0.0000e+00 
3.7646e-01     1.7367e-01  0.0000e+00     6.5380e-02  0.0000e+00     2.0376e-03  0.0000e+00     7.6709e-04  0.0000e+00 
4.2240e-01     1.2659e-01  0.0000e+00     5.3472e-02  0.0000e+00     1.6665e-03  0.0000e+00     7.0392e-04  0.0000e+00 
4.7394e-01     1.2802e-01  0.0000e+00     6.0675e-02  0.0000e+00     1.8910e-03  0.0000e+00     8.9620e-04  0.0000e+00 
5.3176e-01     1.1228e-01  0.0000e+00     5.9707e-02  0.0000e+00     1.8608e-03  0.0000e+00     9.8951e-04  0.0000e+00 
5.9665e-01     8.9317e-02  0.0000e+00     5.3291e-02  0.0000e+00     1.6609e-03  0.0000e+00     9.9095e-04  0.0000e+00 
6.6945e-01     8.1820e-02  0.0000e+00     5.4775e-02  0.0000e+00     1.7071e-03  0.0000e+00     1.1428e-03  0.0000e+00 
7.5114e-01     8.1838e-02  0.0000e+00     6.1471e-02  0.0000e+00     1.9158e-03  0.0000e+00     1.4390e-03  0.0000e+00 
8.4279e-01     6.3639e-02  0.0000e+00     5.3635e-02  0.0000e+00     1.6716e-03  0.0000e+00     1.4088e-03  0.0000e+00 
9.4563e-01     5.1446e-02  0.0000e+00     4.8648e-02  0.0000e+00     1.5162e-03  0.0000e+00     1.4337e-03  0.0000e+00 
1.0610e+00     4.1561e-02  0.0000e+00     4.4097e-02  0.0000e+00     1.3743e-03  0.0000e+00     1.4582e-03  0.0000e+00 
1.1905e+00     3.3370e-02  0.0000e+00     3.9726e-02  0.0000e+00     1.2381e-03  0.0000e+00     1.4739e-03  0.0000e+00 
1.3357e+00     2.4606e-02  0.0000e+00     3.2867e-02  0.0000e+00     1.0243e-03  0.0000e+00     1.3682e-03  0.0000e+00 
1.4987e+00     1.8331e-02  0.0000e+00     2.7473e-02  0.0000e+00     8.5623e-04  0.0000e+00     1.2832e-03  0.0000e+00 
1.6816e+00     1.2194e-02  0.0000e+00     2.0505e-02  0.0000e+00     6.3907e-04  0.0000e+00     1.0747e-03  0.0000e+00 
1.8868e+00     7.4100e-03  0.0000e+00     1.3981e-02  0.0000e+00     4.3573e-04  0.0000e+00     8.2212e-04  0.0000e+00 
2.1170e+00     4.5439e-03  0.0000e+00     9.6193e-03  0.0000e+00     2.9979e-04  0.0000e+00     6.3466e-04  0.0000e+00 
2.3753e+00     2.4801e-03  0.0000e+00     5.8910e-03  0.0000e+00     1.8360e-04  0.0000e+00     4.3610e-04  0.0000e+00 
2.6651e+00     1.2869e-03  0.0000e+00     3.4296e-03  0.0000e+00     1.0689e-04  0.0000e+00     2.8487e-04  0.0000e+00 
2.9903e+00     5.1445e-04  0.0000e+00     1.5384e-03  0.0000e+00     4.7944e-05  0.0000e+00     1.4337e-04  0.0000e+00 
3.3552e+00     2.6161e-04  0.0000e+00     8.7777e-04  0.0000e+00     2.7357e-05  0.0000e+00     9.1787e-05  0.0000e+00 
3.7646e+00     7.9324e-05  0.0000e+00     2.9862e-04  0.0000e+00     9.3069e-06  0.0000e+00     3.5037e-05  0.0000e+00 
4.2240e+00     3.2135e-05  0.0000e+00     1.3574e-04  0.0000e+00     4.2304e-06  0.0000e+00     1.7869e-05  0.0000e+00 
4.7394e+00     1.1456e-05  0.0000e+00     5.4295e-05  0.0000e+00     1.6922e-06  0.0000e+00     8.0197e-06  0.0000e+00 
5.3176e+00     0.0000e+00  0.0000e+00     0.0000e+00  0.0000e+00     0.0000e+00  0.0000e+00     0.0000e+00  0.0000e+00 
5.9665e+00     2.2639e-02  0.0000e+00     1.3508e-01  0.0000e+00     4.2098e-03  0.0000e+00     2.5118e-02  0.0000e+00 
6.6945e+00     2.2254e-02  0.0000e+00     1.4898e-01  0.0000e+00     4.6430e-03  0.0000e+00     3.1083e-02  0.0000e+00 
7.5114e+00     8.9006e-03  0.0000e+00     6.6855e-02  0.0000e+00     2.0836e-03  0.0000e+00     1.5651e-02  0.0000e+00 
8.4279e+00     1.8503e-02  0.0000e+00     1.5594e-01  0.0000e+00     4.8602e-03  0.0000e+00     4.0961e-02  0.0000e+00 
9.4563e+00     2.1168e-02  0.0000e+00     2.0017e-01  0.0000e+00     6.2384e-03  0.0000e+00     5.8992e-02  0.0000e+00 
1.0610e+01     2.4647e-02  0.0000e+00     2.6150e-01  0.0000e+00     8.1500e-03  0.0000e+00     8.6472e-02  0.0000e+00 
1.1905e+01     2.1998e-02  0.0000e+00     2.6188e-01  0.0000e+00     8.1618e-03  0.0000e+00     9.7164e-02  0.0000e+00 
1.3357e+01     1.9474e-02  0.0000e+00     2.6012e-01  0.0000e+00     8.1068e-03  0.0000e+00     1.0829e-01  0.0000e+00 
1.4987e+01     1.6405e-02  0.0000e+00     2.4586e-01  0.0000e+00     7.6624e-03  0.0000e+00     1.1484e-01  0.0000e+00 
1.6816e+01     1.5519e-02  0.0000e+00     2.6097e-01  0.0000e+00     8.1334e-03  0.0000e+00     1.3677e-01  0.0000e+00 
1.8868e+01     1.5418e-02  0.0000e+00     2.9090e-01  0.0000e+00     9.0663e-03  0.0000e+00     1.7106e-01  0.0000e+00 
2.1170e+01     1.6328e-02  0.0000e+00     3.4567e-01  0.0000e+00     1.0773e-02  0.0000e+00     2.2807e-01  0.0000e+00 
2.3753e+01     1.5833e-02  0.0000e+00     3.7608e-01  0.0000e+00     1.1721e-02  0.0000e+00     2.7841e-01  0.0000e+00 
2.6651e+01     1.4320e-02  0.0000e+00     3.8166e-01  0.0000e+00     1.1895e-02  0.0000e+00     3.1701e-01  0.0000e+00 
2.9903e+01     1.3199e-02  0.0000e+00     3.9471e-01  0.0000e+00     1.2301e-02  0.0000e+00     3.6785e-01  0.0000e+00 
3.3552e+01     1.2451e-02  0.0000e+00     4.1776e-01  0.0000e+00     1.3020e-02  0.0000e+00     4.3684e-01  0.0000e+00 
3.7646e+01     1.1251e-02  0.0000e+00     4.2356e-01  0.0000e+00     1.3201e-02  0.0000e+00     4.9695e-01  0.0000e+00 
4.2240e+01     9.7070e-03  0.0000e+00     4.1002e-01  0.0000e+00     1.2779e-02  0.0000e+00     5.3976e-01  0.0000e+00 
4.7394e+01     8.5507e-03  0.0000e+00     4.0525e-01  0.0000e+00     1.2630e-02  0.0000e+00     5.9858e-01  0.0000e+00 
5.3176e+01     7.1275e-03  0.0000e+00     3.7902e-01  0.0000e+00     1.1812e-02  0.0000e+00     6.2814e-01  0.0000e+00 
5.9665e+01     5.7896e-03  0.0000e+00     3.4543e-01  0.0000e+00     1.0766e-02  0.0000e+00     6.4234e-01  0.0000e+00 
6.6945e+01     4.5117e-03  0.0000e+00     3.0204e-01  0.0000e+00     9.4132e-03  0.0000e+00     6.3017e-01  0.0000e+00 
7.5114e+01     3.3837e-03  0.0000e+00     2.5416e-01  0.0000e+00     7.9213e-03  0.0000e+00     5.9500e-01  0.0000e+00 
8.4279e+01     2.4441e-03  0.0000e+00     2.0599e-01  0.0000e+00     6.4198e-03  0.0000e+00     5.4105e-01  0.0000e+00 
9.4563e+01     1.6529e-03  0.0000e+00     1.5631e-01  0.0000e+00     4.8714e-03  0.0000e+00     4.6066e-01  0.0000e+00 
1.0610e+02     1.0417e-03  0.0000e+00     1.1053e-01  0.0000e+00     3.4447e-03  0.0000e+00     3.6548e-01  0.0000e+00 
1.1905e+02     5.9876e-04  0.0000e+00     7.1281e-02  0.0000e+00     2.2215e-03  0.0000e+00     2.6447e-01  0.0000e+00 
1.3357e+02     3.2424e-04  0.0000e+00     4.3309e-02  0.0000e+00     1.3498e-03  0.0000e+00     1.8029e-01  0.0000e+00 
1.4987e+02     1.6025e-04  0.0000e+00     2.4017e-02  0.0000e+00     7.4850e-04  0.0000e+00     1.1218e-01  0.0000e+00 
1.6816e+02     6.6298e-05  0.0000e+00     1.1149e-02  0.0000e+00     3.4746e-04  0.0000e+00     5.8428e-02  0.0000e+00 
1.8868e+02     2.5132e-05  0.0000e+00     4.7418e-03  0.0000e+00     1.4778e-04  0.0000e+00     2.7883e-02  0.0000e+00 
2.1170e+02     8.1217e-06  0.0000e+00     1.7193e-03  0.0000e+00     5.3585e-05  0.0000e+00     1.1344e-02  0.0000e+00 
2.3753e+02     2.2096e-06  0.0000e+00     5.2485e-04  0.0000e+00     1.6358e-05  0.0000e+00     3.8854e-03  0.0000e+00 
2.6651e+02     7.1303e-07  0.0000e+00     1.9003e-04  0.0000e+00     5.9225e-06  0.0000e+00     1.5784e-03  0.0000e+00 
2.9903e+02     1.2105e-07  0.0000e+00     3.6197e-05  0.0000e+00     1.1281e-06  0.0000e+00     3.3734e-04  0.0000e+00 
3.3552e+02     0.0000e+00  0.0000e+00     0.0000e+00  0.0000e+00     0.0000e+00  0.0000e+00     0.0000e+00  0.0000e+00 
3.7646e+02     2.4038e-08  0.0000e+00     9.0492e-06  0.0000e+00     2.8203e-07  0.0000e+00     1.0617e-04  0.0000e+00 
4.2240e+02     0.0000e+00  0.0000e+00     0.0000e+00  0.0000e+00     0.0000e+00  0.0000e+00     0.0000e+00  0.0000e+00 
4.7394e+02     0.0000e+00  0.0000e+00     0.0000e+00  0.0000e+00     0.0000e+00  0.0000e+00     0.0000e+00  0.0000e+00 
5.3176e+02     0.0000e+00  0.0000e+00     0.0000e+00  0.0000e+00     0.0000e+00  0.0000e+00     0.0000e+00  0.0000e+00 
5.9665e+02     0.0000e+00  0.0000e+00     0.0000e+00  0.0000e+00     0.0000e+00  0.0000e+00     0.0000e+00  0.0000e+00 
6.6945e+02     0.0000e+00  0.0000e+00     0.0000e+00  0.0000e+00     0.0000e+00  0.0000e+00     0.0000e+00  0.0000e+00 
7.5114e+02     0.0000e+00  0.0000e+00     0.0000e+00  0.0000e+00     0.0000e+00  0.0000e+00     0.0000e+00  0.0000e+00 
8.4279e+02     0.0000e+00  0.0000e+00     0.0000e+00  0.0000e+00     0.0000e+00  0.0000e+00     0.0000e+00  0.0000e+00 
9.4563e+02     0.0000e+00  0.0000e+00     0.0000e+00  0.0000e+00     0.0000e+00  0.0000e+00     0.0000e+00  0.0000e+00 
1.0610e+03     0.0000e+00  0.0000e+00     0.0000e+00  0.0000e+00     0.0000e+00  0.0000e+00     0.0000e+00  0.0000e+00 
1.1905e+03     0.0000e+00  0.0000e+00     0.0000e+00  0.0000e+00     0.0000e+00  0.0000e+00     0.0000e+00  0.0000e+00 
1.3357e+03     0.0000e+00  0.0000e+00     0.0000e+00  0.0000e+00     0.0000e+00  0.0000e+00     0.0000e+00  0.0000e+00 
1.4987e+03     0.0000e+00  0.0000e+00     0.0000e+00  0.0000e+00     0.0000e+00  0.0000e+00     0.0000e+00  0.0000e+00 
1.6816e+03     0.0000e+00  0.0000e+00     0.0000e+00  0.0000e+00     0.0000e+00  0.0000e+00     0.0000e+00  0.0000e+00 
1.8868e+03     0.0000e+00  0.0000e+00     0.0000e+00  0.0000e+00     0.0000e+00  0.0000e+00     0.0000e+00  0.0000e+00 
2.1170e+03     0.0000e+00  0.0000e+00     0.0000e+00  0.0000e+00     0.0000e+00  0.0000e+00     0.0000e+00  0.0000e+00 
2.3753e+03     0.0000e+00  0.0000e+00     0.0000e+00  0.0000e+00     0.0000e+00  0.0000e+00     0.0000e+00  0.0000e+00 
2.6651e+03     0.0000e+00  0.0000e+00     0.0000e+00  0.0000e+00     0.0000e+00  0.0000e+00     0.0000e+00  0.0000e+00 
2.9903e+03     0.0000e+00  0.0000e+00     0.0000e+00  0.0000e+00     0.0000e+00  0.0000e+00     0.0000e+00  0.0000e+00 
3.3552e+03     0.0000e+00  0.0000e+00     0.0000e+00  0.0000e+00     0.0000e+00  0.0000e+00     0.0000e+00  0.0000e+00 
3.7646e+03     0.0000e+00  0.0000e+00     0.0000e+00  0.0000e+00     0.0000e+00  0.0000e+00     0.0000e+00  0.0000e+00 
4.2240e+03     0.0000e+00  0.0000e+00     0.0000e+00  0.0000e+00     0.0000e+00  0.0000e+00     0.0000e+00  0.0000e+00 
4.7394e+03     0.0000e+00  0.0000e+00     0.0000e+00  0.0000e+00     0.0000e+00  0.0000e+00     0.0000e+00  0.0000e+00 
5.3176e+03     0.0000e+00  0.0000e+00     0.0000e+00  0.0000e+00     0.0000e+00  0.0000e+00     0.0000e+00  0.0000e+00 
5.9665e+03     0.0000e+00  0.0000e+00     0.0000e+00  0.0000e+00     0.0000e+00  0.0000e+00     0.0000e+00  0.0000e+00 
6.6945e+03     0.0000e+00  0.0000e+00     0.0000e+00  0.0000e+00     0.0000e+00  0.0000e+00     0.0000e+00  0.0000e+00 
7.5114e+03     0.0000e+00  0.0000e+00     0.0000e+00  0.0000e+00     0.0000e+00  0.0000e+00     0.0000e+00  0.0000e+00 
8.4279e+03     0.0000e+00  0.0000e+00     0.0000e+00  0.0000e+00     0.0000e+00  0.0000e+00     0.0000e+00  0.0000e+00 
9.4563e+03     0.0000e+00  0.0000e+00     0.0000e+00  0.0000e+00     0.0000e+00  0.0000e+00     0.0000e+00  0.0000e+00 
