yF = 4.7443e+00 (std: 0.0000e+00) keV/um
yD = 2.4034e+01 (std: 0.0000e+00) keV/um
y (keV/um)     f(y)(std)                  yf(y)(std)                 d(y)(std)                  yd(y)(std)  
1.0610e-01     2.4898e+01  0.0000e+00     2.6417e+00  0.0000e+00     5.5683e-01  0.0000e+00     5.9080e-02  0.0000e+00 
1.1905e-01     1.9033e+00  0.0000e+00     2.2658e-01  0.0000e+00     4.7759e-02  0.0000e+00     5.6856e-03  0.0000e+00 
1.3357e-01     6.0345e-01  0.0000e+00     8.0604e-02  0.0000e+00     1.6990e-02  0.0000e+00     2.2694e-03  0.0000e+00 
1.4987e-01     2.8246e+00  0.0000e+00     4.2333e-01  0.0000e+00     8.9229e-02  0.0000e+00     1.3373e-02  0.0000e+00 
1.6816e-01     8.7694e-01  0.0000e+00     1.4746e-01  0.0000e+00     3.1083e-02  0.0000e+00     5.2268e-03  0.0000e+00 
1.8868e-01     6.5755e-01  0.0000e+00     1.2406e-01  0.0000e+00     2.6150e-02  0.0000e+00     4.9340e-03  0.0000e+00 
2.1170e-01     6.5447e-01  0.0000e+00     1.3855e-01  0.0000e+00     2.9204e-02  0.0000e+00     6.1824e-03  0.0000e+00 
2.3753e-01     6.3594e-01  0.0000e+00     1.5106e-01  0.0000e+00     3.1840e-02  0.0000e+00     7.5629e-03  0.0000e+00 
2.6651e-01     2.9779e-01  0.0000e+00     7.9366e-02  0.0000e+00     1.6729e-02  0.0000e+00     4.4585e-03  0.0000e+00 
2.9903e-01     2.3146e-01  0.0000e+00     6.9213e-02  0.0000e+00     1.4589e-02  0.0000e+00     4.3625e-03  0.0000e+00 
3.3552e-01     1.3488e+00  0.0000e+00     4.5255e-01  0.0000e+00     9.5388e-02  0.0000e+00     3.2005e-02  0.0000e+00 
3.7646e-01     9.1696e-01  0.0000e+00     3.4520e-01  0.0000e+00     7.2761e-02  0.0000e+00     2.7392e-02  0.0000e+00 
4.2240e-01     3.8546e-01  0.0000e+00     1.6282e-01  0.0000e+00     3.4319e-02  0.0000e+00     1.4496e-02  0.0000e+00 
4.7394e-01     4.0912e-01  0.0000e+00     1.9390e-01  0.0000e+00     4.0870e-02  0.0000e+00     1.9370e-02  0.0000e+00 
5.3176e-01     2.6916e-01  0.0000e+00     1.4313e-01  0.0000e+00     3.0169e-02  0.0000e+00     1.6043e-02  0.0000e+00 
5.9665e-01     1.3489e-01  0.0000e+00     8.0480e-02  0.0000e+00     1.6964e-02  0.0000e+00     1.0121e-02  0.0000e+00 
6.6945e-01     2.2490e-01  0.0000e+00     1.5056e-01  0.0000e+00     3.1735e-02  0.0000e+00     2.1245e-02  0.0000e+00 
7.5114e-01     1.7819e-01  0.0000e+00     1.3385e-01  0.0000e+00     2.8212e-02  0.0000e+00     2.1191e-02  0.0000e+00 
8.4279e-01     8.6091e-02  0.0000e+00     7.2556e-02  0.0000e+00     1.5293e-02  0.0000e+00     1.2889e-02  0.0000e+00 
9.4563e-01     5.0541e-02  0.0000e+00     4.7793e-02  0.0000e+00     1.0074e-02  0.0000e+00     9.5261e-03  0.0000e+00 
1.0610e+00     4.3528e-02  0.0000e+00     4.6183e-02  0.0000e+00     9.7346e-03  0.0000e+00     1.0328e-02  0.0000e+00 
1.1905e+00     2.5065e-02  0.0000e+00     2.9840e-02  0.0000e+00     6.2896e-03  0.0000e+00     7.4876e-03  0.0000e+00 
1.3357e+00     1.3348e-02  0.0000e+00     1.7830e-02  0.0000e+00     3.7581e-03  0.0000e+00     5.0198e-03  0.0000e+00 
1.4987e+00     5.3700e-03  0.0000e+00     8.0480e-03  0.0000e+00     1.6964e-03  0.0000e+00     2.5424e-03  0.0000e+00 
1.6816e+00     3.9760e-03  0.0000e+00     6.6861e-03  0.0000e+00     1.4093e-03  0.0000e+00     2.3699e-03  0.0000e+00 
1.8868e+00     1.2468e-03  0.0000e+00     2.3525e-03  0.0000e+00     4.9586e-04  0.0000e+00     9.3558e-04  0.0000e+00 
2.1170e+00     4.6789e-04  0.0000e+00     9.9053e-04  0.0000e+00     2.0878e-04  0.0000e+00     4.4199e-04  0.0000e+00 
2.3753e+00     4.6914e-04  0.0000e+00     1.1143e-03  0.0000e+00     2.3488e-04  0.0000e+00     5.5792e-04  0.0000e+00 
2.6651e+00     4.6458e-05  0.0000e+00     1.2382e-04  0.0000e+00     2.6098e-05  0.0000e+00     6.9555e-05  0.0000e+00 
2.9903e+00     4.1405e-05  0.0000e+00     1.2382e-04  0.0000e+00     2.6098e-05  0.0000e+00     7.8042e-05  0.0000e+00 
3.3552e+00     0.0000e+00  0.0000e+00     0.0000e+00  0.0000e+00     0.0000e+00  0.0000e+00     0.0000e+00  0.0000e+00 
3.7646e+00     0.0000e+00  0.0000e+00     0.0000e+00  0.0000e+00     0.0000e+00  0.0000e+00     0.0000e+00  0.0000e+00 
4.2240e+00     0.0000e+00  0.0000e+00     0.0000e+00  0.0000e+00     0.0000e+00  0.0000e+00     0.0000e+00  0.0000e+00 
4.7394e+00     0.0000e+00  0.0000e+00     0.0000e+00  0.0000e+00     0.0000e+00  0.0000e+00     0.0000e+00  0.0000e+00 
5.3176e+00     0.0000e+00  0.0000e+00     0.0000e+00  0.0000e+00     0.0000e+00  0.0000e+00     0.0000e+00  0.0000e+00 
5.9665e+00     1.1389e-01  0.0000e+00     6.7950e-01  0.0000e+00     1.4323e-01  0.0000e+00     8.5456e-01  0.0000e+00 
6.6945e+00     2.3711e-02  0.0000e+00     1.5873e-01  0.0000e+00     3.3458e-02  0.0000e+00     2.2398e-01  0.0000e+00 
7.5114e+00     5.7529e-03  0.0000e+00     4.3212e-02  0.0000e+00     9.1082e-03  0.0000e+00     6.8415e-02  0.0000e+00 
8.4279e+00     2.5901e-02  0.0000e+00     2.1829e-01  0.0000e+00     4.6011e-02  0.0000e+00     3.8777e-01  0.0000e+00 
9.4563e+00     1.7205e-02  0.0000e+00     1.6269e-01  0.0000e+00     3.4293e-02  0.0000e+00     3.2428e-01  0.0000e+00 
1.0610e+01     2.4051e-02  0.0000e+00     2.5519e-01  0.0000e+00     5.3788e-02  0.0000e+00     5.7070e-01  0.0000e+00 
1.1905e+01     1.7015e-02  0.0000e+00     2.0256e-01  0.0000e+00     4.2696e-02  0.0000e+00     5.0829e-01  0.0000e+00 
1.3357e+01     1.2245e-02  0.0000e+00     1.6356e-01  0.0000e+00     3.4476e-02  0.0000e+00     4.6050e-01  0.0000e+00 
1.4987e+01     7.4684e-03  0.0000e+00     1.1193e-01  0.0000e+00     2.3593e-02  0.0000e+00     3.5359e-01  0.0000e+00 
1.6816e+01     5.2351e-03  0.0000e+00     8.8033e-02  0.0000e+00     1.8556e-02  0.0000e+00     3.1203e-01  0.0000e+00 
1.8868e+01     4.5214e-03  0.0000e+00     8.5309e-02  0.0000e+00     1.7982e-02  0.0000e+00     3.3927e-01  0.0000e+00 
2.1170e+01     4.3690e-03  0.0000e+00     9.2491e-02  0.0000e+00     1.9495e-02  0.0000e+00     4.1271e-01  0.0000e+00 
2.3753e+01     3.8261e-03  0.0000e+00     9.0881e-02  0.0000e+00     1.9156e-02  0.0000e+00     4.5501e-01  0.0000e+00 
2.6651e+01     2.6249e-03  0.0000e+00     6.9956e-02  0.0000e+00     1.4745e-02  0.0000e+00     3.9298e-01  0.0000e+00 
2.9903e+01     1.9585e-03  0.0000e+00     5.8565e-02  0.0000e+00     1.2344e-02  0.0000e+00     3.6914e-01  0.0000e+00 
3.3552e+01     1.4577e-03  0.0000e+00     4.8907e-02  0.0000e+00     1.0309e-02  0.0000e+00     3.4588e-01  0.0000e+00 
3.7646e+01     1.2366e-03  0.0000e+00     4.6555e-02  0.0000e+00     9.8129e-03  0.0000e+00     3.6942e-01  0.0000e+00 
4.2240e+01     8.4128e-04  0.0000e+00     3.5535e-02  0.0000e+00     7.4901e-03  0.0000e+00     3.1638e-01  0.0000e+00 
4.7394e+01     7.4457e-04  0.0000e+00     3.5288e-02  0.0000e+00     7.4379e-03  0.0000e+00     3.5251e-01  0.0000e+00 
5.3176e+01     4.5637e-04  0.0000e+00     2.4268e-02  0.0000e+00     5.1152e-03  0.0000e+00     2.7201e-01  0.0000e+00 
5.9665e+01     2.8638e-04  0.0000e+00     1.7087e-02  0.0000e+00     3.6015e-03  0.0000e+00     2.1489e-01  0.0000e+00 
6.6945e+01     1.8680e-04  0.0000e+00     1.2505e-02  0.0000e+00     2.6359e-03  0.0000e+00     1.7646e-01  0.0000e+00 
7.5114e+01     1.1374e-04  0.0000e+00     8.5433e-03  0.0000e+00     1.8008e-03  0.0000e+00     1.3526e-01  0.0000e+00 
8.4279e+01     4.5543e-05  0.0000e+00     3.8383e-03  0.0000e+00     8.0904e-04  0.0000e+00     6.8185e-02  0.0000e+00 
9.4563e+01     2.7496e-05  0.0000e+00     2.6001e-03  0.0000e+00     5.4806e-04  0.0000e+00     5.1826e-02  0.0000e+00 
1.0610e+02     8.1688e-06  0.0000e+00     8.6671e-04  0.0000e+00     1.8269e-04  0.0000e+00     1.9383e-02  0.0000e+00 
1.1905e+02     3.1202e-06  0.0000e+00     3.7145e-04  0.0000e+00     7.8294e-05  0.0000e+00     9.3207e-03  0.0000e+00 
1.3357e+02     9.2695e-07  0.0000e+00     1.2382e-04  0.0000e+00     2.6098e-05  0.0000e+00     3.4860e-03  0.0000e+00 
1.4987e+02     0.0000e+00  0.0000e+00     0.0000e+00  0.0000e+00     0.0000e+00  0.0000e+00     0.0000e+00  0.0000e+00 
1.6816e+02     0.0000e+00  0.0000e+00     0.0000e+00  0.0000e+00     0.0000e+00  0.0000e+00     0.0000e+00  0.0000e+00 
1.8868e+02     0.0000e+00  0.0000e+00     0.0000e+00  0.0000e+00     0.0000e+00  0.0000e+00     0.0000e+00  0.0000e+00 
2.1170e+02     0.0000e+00  0.0000e+00     0.0000e+00  0.0000e+00     0.0000e+00  0.0000e+00     0.0000e+00  0.0000e+00 
2.3753e+02     0.0000e+00  0.0000e+00     0.0000e+00  0.0000e+00     0.0000e+00  0.0000e+00     0.0000e+00  0.0000e+00 
2.6651e+02     0.0000e+00  0.0000e+00     0.0000e+00  0.0000e+00     0.0000e+00  0.0000e+00     0.0000e+00  0.0000e+00 
2.9903e+02     0.0000e+00  0.0000e+00     0.0000e+00  0.0000e+00     0.0000e+00  0.0000e+00     0.0000e+00  0.0000e+00 
3.3552e+02     0.0000e+00  0.0000e+00     0.0000e+00  0.0000e+00     0.0000e+00  0.0000e+00     0.0000e+00  0.0000e+00 
3.7646e+02     0.0000e+00  0.0000e+00     0.0000e+00  0.0000e+00     0.0000e+00  0.0000e+00     0.0000e+00  0.0000e+00 
4.2240e+02     0.0000e+00  0.0000e+00     0.0000e+00  0.0000e+00     0.0000e+00  0.0000e+00     0.0000e+00  0.0000e+00 
4.7394e+02     0.0000e+00  0.0000e+00     0.0000e+00  0.0000e+00     0.0000e+00  0.0000e+00     0.0000e+00  0.0000e+00 
5.3176e+02     0.0000e+00  0.0000e+00     0.0000e+00  0.0000e+00     0.0000e+00  0.0000e+00     0.0000e+00  0.0000e+00 
5.9665e+02     0.0000e+00  0.0000e+00     0.0000e+00  0.0000e+00     0.0000e+00  0.0000e+00     0.0000e+00  0.0000e+00 
6.6945e+02     0.0000e+00  0.0000e+00     0.0000e+00  0.0000e+00     0.0000e+00  0.0000e+00     0.0000e+00  0.0000e+00 
7.5114e+02     0.0000e+00  0.0000e+00     0.0000e+00  0.0000e+00     0.0000e+00  0.0000e+00     0.0000e+00  0.0000e+00 
8.4279e+02     0.0000e+00  0.0000e+00     0.0000e+00  0.0000e+00     0.0000e+00  0.0000e+00     0.0000e+00  0.0000e+00 
9.4563e+02     0.0000e+00  0.0000e+00     0.0000e+00  0.0000e+00     0.0000e+00  0.0000e+00     0.0000e+00  0.0000e+00 
1.0610e+03     0.0000e+00  0.0000e+00     0.0000e+00  0.0000e+00     0.0000e+00  0.0000e+00     0.0000e+00  0.0000e+00 
1.1905e+03     0.0000e+00  0.0000e+00     0.0000e+00  0.0000e+00     0.0000e+00  0.0000e+00     0.0000e+00  0.0000e+00 
1.3357e+03     0.0000e+00  0.0000e+00     0.0000e+00  0.0000e+00     0.0000e+00  0.0000e+00     0.0000e+00  0.0000e+00 
1.4987e+03     0.0000e+00  0.0000e+00     0.0000e+00  0.0000e+00     0.0000e+00  0.0000e+00     0.0000e+00  0.0000e+00 
1.6816e+03     0.0000e+00  0.0000e+00     0.0000e+00  0.0000e+00     0.0000e+00  0.0000e+00     0.0000e+00  0.0000e+00 
1.8868e+03     0.0000e+00  0.0000e+00     0.0000e+00  0.0000e+00     0.0000e+00  0.0000e+00     0.0000e+00  0.0000e+00 
2.1170e+03     0.0000e+00  0.0000e+00     0.0000e+00  0.0000e+00     0.0000e+00  0.0000e+00     0.0000e+00  0.0000e+00 
2.3753e+03     0.0000e+00  0.0000e+00     0.0000e+00  0.0000e+00     0.0000e+00  0.0000e+00     0.0000e+00  0.0000e+00 
2.6651e+03     0.0000e+00  0.0000e+00     0.0000e+00  0.0000e+00     0.0000e+00  0.0000e+00     0.0000e+00  0.0000e+00 
2.9903e+03     0.0000e+00  0.0000e+00     0.0000e+00  0.0000e+00     0.0000e+00  0.0000e+00     0.0000e+00  0.0000e+00 
3.3552e+03     0.0000e+00  0.0000e+00     0.0000e+00  0.0000e+00     0.0000e+00  0.0000e+00     0.0000e+00  0.0000e+00 
3.7646e+03     0.0000e+00  0.0000e+00     0.0000e+00  0.0000e+00     0.0000e+00  0.0000e+00     0.0000e+00  0.0000e+00 
4.2240e+03     0.0000e+00  0.0000e+00     0.0000e+00  0.0000e+00     0.0000e+00  0.0000e+00     0.0000e+00  0.0000e+00 
4.7394e+03     0.0000e+00  0.0000e+00     0.0000e+00  0.0000e+00     0.0000e+00  0.0000e+00     0.0000e+00  0.0000e+00 
5.3176e+03     0.0000e+00  0.0000e+00     0.0000e+00  0.0000e+00     0.0000e+00  0.0000e+00     0.0000e+00  0.0000e+00 
5.9665e+03     0.0000e+00  0.0000e+00     0.0000e+00  0.0000e+00     0.0000e+00  0.0000e+00     0.0000e+00  0.0000e+00 
6.6945e+03     0.0000e+00  0.0000e+00     0.0000e+00  0.0000e+00     0.0000e+00  0.0000e+00     0.0000e+00  0.0000e+00 
7.5114e+03     0.0000e+00  0.0000e+00     0.0000e+00  0.0000e+00     0.0000e+00  0.0000e+00     0.0000e+00  0.0000e+00 
8.4279e+03     0.0000e+00  0.0000e+00     0.0000e+00  0.0000e+00     0.0000e+00  0.0000e+00     0.0000e+00  0.0000e+00 
9.4563e+03     0.0000e+00  0.0000e+00     0.0000e+00  0.0000e+00     0.0000e+00  0.0000e+00     0.0000e+00  0.0000e+00 
