yF = 4.5727e+00 (std: 0.0000e+00) keV/um
yD = 2.5229e+01 (std: 0.0000e+00) keV/um
y (keV/um)     f(y)(std)                  yf(y)(std)                 d(y)(std)                  yd(y)(std)  
1.0610e-01     2.6304e+01  0.0000e+00     2.7909e+00  0.0000e+00     6.1035e-01  0.0000e+00     6.4758e-02  0.0000e+00 
1.1905e-01     1.8316e+00  0.0000e+00     2.1804e-01  0.0000e+00     4.7683e-02  0.0000e+00     5.6766e-03  0.0000e+00 
1.3357e-01     7.1824e-01  0.0000e+00     9.5938e-02  0.0000e+00     2.0981e-02  0.0000e+00     2.8024e-03  0.0000e+00 
1.4987e-01     2.9873e+00  0.0000e+00     4.4771e-01  0.0000e+00     9.7910e-02  0.0000e+00     1.4674e-02  0.0000e+00 
1.6816e-01     7.4341e-01  0.0000e+00     1.2501e-01  0.0000e+00     2.7338e-02  0.0000e+00     4.5972e-03  0.0000e+00 
1.8868e-01     6.1634e-01  0.0000e+00     1.1629e-01  0.0000e+00     2.5431e-02  0.0000e+00     4.7983e-03  0.0000e+00 
2.1170e-01     7.2784e-01  0.0000e+00     1.5408e-01  0.0000e+00     3.3696e-02  0.0000e+00     7.1334e-03  0.0000e+00 
2.3753e-01     5.9973e-01  0.0000e+00     1.4245e-01  0.0000e+00     3.1153e-02  0.0000e+00     7.3998e-03  0.0000e+00 
2.6651e-01     1.8544e-01  0.0000e+00     4.9423e-02  0.0000e+00     1.0808e-02  0.0000e+00     2.8805e-03  0.0000e+00 
2.9903e-01     2.5277e-01  0.0000e+00     7.5588e-02  0.0000e+00     1.6530e-02  0.0000e+00     4.9431e-03  0.0000e+00 
3.3552e-01     1.2564e+00  0.0000e+00     4.2155e-01  0.0000e+00     9.2188e-02  0.0000e+00     3.0931e-02  0.0000e+00 
3.7646e-01     9.6531e-01  0.0000e+00     3.6340e-01  0.0000e+00     7.9472e-02  0.0000e+00     2.9918e-02  0.0000e+00 
4.2240e-01     4.1984e-01  0.0000e+00     1.7734e-01  0.0000e+00     3.8782e-02  0.0000e+00     1.6381e-02  0.0000e+00 
4.7394e-01     3.6805e-01  0.0000e+00     1.7443e-01  0.0000e+00     3.8147e-02  0.0000e+00     1.8079e-02  0.0000e+00 
5.3176e-01     2.2962e-01  0.0000e+00     1.2210e-01  0.0000e+00     2.6703e-02  0.0000e+00     1.4199e-02  0.0000e+00 
5.9665e-01     1.2669e-01  0.0000e+00     7.5588e-02  0.0000e+00     1.6530e-02  0.0000e+00     9.8627e-03  0.0000e+00 
6.6945e-01     2.6056e-01  0.0000e+00     1.7443e-01  0.0000e+00     3.8147e-02  0.0000e+00     2.5537e-02  0.0000e+00 
7.5114e-01     1.3934e-01  0.0000e+00     1.0466e-01  0.0000e+00     2.2888e-02  0.0000e+00     1.7192e-02  0.0000e+00 
8.4279e-01     1.0349e-01  0.0000e+00     8.7216e-02  0.0000e+00     1.9073e-02  0.0000e+00     1.6075e-02  0.0000e+00 
9.4563e-01     3.3818e-02  0.0000e+00     3.1979e-02  0.0000e+00     6.9935e-03  0.0000e+00     6.6133e-03  0.0000e+00 
1.0610e+00     4.3841e-02  0.0000e+00     4.6515e-02  0.0000e+00     1.0172e-02  0.0000e+00     1.0793e-02  0.0000e+00 
1.1905e+00     2.1979e-02  0.0000e+00     2.6165e-02  0.0000e+00     5.7220e-03  0.0000e+00     6.8119e-03  0.0000e+00 
1.3357e+00     1.0882e-02  0.0000e+00     1.4536e-02  0.0000e+00     3.1789e-03  0.0000e+00     4.2461e-03  0.0000e+00 
1.4987e+00     5.8194e-03  0.0000e+00     8.7216e-03  0.0000e+00     1.9073e-03  0.0000e+00     2.8585e-03  0.0000e+00 
1.6816e+00     0.0000e+00  0.0000e+00     0.0000e+00  0.0000e+00     0.0000e+00  0.0000e+00     0.0000e+00  0.0000e+00 
1.8868e+00     3.0817e-03  0.0000e+00     5.8144e-03  0.0000e+00     1.2716e-03  0.0000e+00     2.3991e-03  0.0000e+00 
2.1170e+00     0.0000e+00  0.0000e+00     0.0000e+00  0.0000e+00     0.0000e+00  0.0000e+00     0.0000e+00  0.0000e+00 
2.3753e+00     1.2239e-03  0.0000e+00     2.9072e-03  0.0000e+00     6.3578e-04  0.0000e+00     1.5102e-03  0.0000e+00 
2.6651e+00     0.0000e+00  0.0000e+00     0.0000e+00  0.0000e+00     0.0000e+00  0.0000e+00     0.0000e+00  0.0000e+00 
2.9903e+00     0.0000e+00  0.0000e+00     0.0000e+00  0.0000e+00     0.0000e+00  0.0000e+00     0.0000e+00  0.0000e+00 
3.3552e+00     0.0000e+00  0.0000e+00     0.0000e+00  0.0000e+00     0.0000e+00  0.0000e+00     0.0000e+00  0.0000e+00 
3.7646e+00     0.0000e+00  0.0000e+00     0.0000e+00  0.0000e+00     0.0000e+00  0.0000e+00     0.0000e+00  0.0000e+00 
4.2240e+00     0.0000e+00  0.0000e+00     0.0000e+00  0.0000e+00     0.0000e+00  0.0000e+00     0.0000e+00  0.0000e+00 
4.7394e+00     0.0000e+00  0.0000e+00     0.0000e+00  0.0000e+00     0.0000e+00  0.0000e+00     0.0000e+00  0.0000e+00 
5.3176e+00     0.0000e+00  0.0000e+00     0.0000e+00  0.0000e+00     0.0000e+00  0.0000e+00     0.0000e+00  0.0000e+00 
5.9665e+00     1.1645e-01  0.0000e+00     6.9482e-01  0.0000e+00     1.5195e-01  0.0000e+00     9.0661e-01  0.0000e+00 
6.6945e+00     2.3885e-02  0.0000e+00     1.5990e-01  0.0000e+00     3.4968e-02  0.0000e+00     2.3409e-01  0.0000e+00 
7.5114e+00     6.5797e-03  0.0000e+00     4.9423e-02  0.0000e+00     1.0808e-02  0.0000e+00     8.1184e-02  0.0000e+00 
8.4279e+00     2.4147e-02  0.0000e+00     2.0351e-01  0.0000e+00     4.4504e-02  0.0000e+00     3.7508e-01  0.0000e+00 
9.4563e+00     1.5372e-02  0.0000e+00     1.4536e-01  0.0000e+00     3.1789e-02  0.0000e+00     3.0060e-01  0.0000e+00 
1.0610e+01     2.6030e-02  0.0000e+00     2.7619e-01  0.0000e+00     6.0399e-02  0.0000e+00     6.4084e-01  0.0000e+00 
1.1905e+01     1.4897e-02  0.0000e+00     1.7734e-01  0.0000e+00     3.8782e-02  0.0000e+00     4.6169e-01  0.0000e+00 
1.3357e+01     1.3277e-02  0.0000e+00     1.7734e-01  0.0000e+00     3.8782e-02  0.0000e+00     5.1803e-01  0.0000e+00 
1.4987e+01     6.5953e-03  0.0000e+00     9.8845e-02  0.0000e+00     2.1616e-02  0.0000e+00     3.2397e-01  0.0000e+00 
1.6816e+01     4.8408e-03  0.0000e+00     8.1402e-02  0.0000e+00     1.7802e-02  0.0000e+00     2.9935e-01  0.0000e+00 
1.8868e+01     4.0062e-03  0.0000e+00     7.5588e-02  0.0000e+00     1.6530e-02  0.0000e+00     3.1189e-01  0.0000e+00 
2.1170e+01     2.8839e-03  0.0000e+00     6.1052e-02  0.0000e+00     1.3351e-02  0.0000e+00     2.8265e-01  0.0000e+00 
2.3753e+01     4.0390e-03  0.0000e+00     9.5938e-02  0.0000e+00     2.0981e-02  0.0000e+00     4.9835e-01  0.0000e+00 
2.6651e+01     2.3998e-03  0.0000e+00     6.3959e-02  0.0000e+00     1.3987e-02  0.0000e+00     3.7277e-01  0.0000e+00 
2.9903e+01     2.8194e-03  0.0000e+00     8.4309e-02  0.0000e+00     1.8438e-02  0.0000e+00     5.5134e-01  0.0000e+00 
3.3552e+01     1.2131e-03  0.0000e+00     4.0701e-02  0.0000e+00     8.9009e-03  0.0000e+00     2.9864e-01  0.0000e+00 
3.7646e+01     8.4948e-04  0.0000e+00     3.1979e-02  0.0000e+00     6.9935e-03  0.0000e+00     2.6328e-01  0.0000e+00 
4.2240e+01     6.1944e-04  0.0000e+00     2.6165e-02  0.0000e+00     5.7220e-03  0.0000e+00     2.4169e-01  0.0000e+00 
4.7394e+01     3.0671e-04  0.0000e+00     1.4536e-02  0.0000e+00     3.1789e-03  0.0000e+00     1.5066e-01  0.0000e+00 
5.3176e+01     5.4671e-04  0.0000e+00     2.9072e-02  0.0000e+00     6.3578e-03  0.0000e+00     3.3808e-01  0.0000e+00 
5.9665e+01     2.9235e-04  0.0000e+00     1.7443e-02  0.0000e+00     3.8147e-03  0.0000e+00     2.2760e-01  0.0000e+00 
6.6945e+01     8.6854e-05  0.0000e+00     5.8144e-03  0.0000e+00     1.2716e-03  0.0000e+00     8.5124e-02  0.0000e+00 
7.5114e+01     1.1611e-04  0.0000e+00     8.7216e-03  0.0000e+00     1.9073e-03  0.0000e+00     1.4327e-01  0.0000e+00 
8.4279e+01     1.7248e-04  0.0000e+00     1.4536e-02  0.0000e+00     3.1789e-03  0.0000e+00     2.6791e-01  0.0000e+00 
9.4563e+01     6.1488e-05  0.0000e+00     5.8144e-03  0.0000e+00     1.2716e-03  0.0000e+00     1.2024e-01  0.0000e+00 
1.0610e+02     2.7400e-05  0.0000e+00     2.9072e-03  0.0000e+00     6.3578e-04  0.0000e+00     6.7456e-02  0.0000e+00 
1.1905e+02     0.0000e+00  0.0000e+00     0.0000e+00  0.0000e+00     0.0000e+00  0.0000e+00     0.0000e+00  0.0000e+00 
1.3357e+02     0.0000e+00  0.0000e+00     0.0000e+00  0.0000e+00     0.0000e+00  0.0000e+00     0.0000e+00  0.0000e+00 
1.4987e+02     0.0000e+00  0.0000e+00     0.0000e+00  0.0000e+00     0.0000e+00  0.0000e+00     0.0000e+00  0.0000e+00 
1.6816e+02     0.0000e+00  0.0000e+00     0.0000e+00  0.0000e+00     0.0000e+00  0.0000e+00     0.0000e+00  0.0000e+00 
1.8868e+02     0.0000e+00  0.0000e+00     0.0000e+00  0.0000e+00     0.0000e+00  0.0000e+00     0.0000e+00  0.0000e+00 
2.1170e+02     0.0000e+00  0.0000e+00     0.0000e+00  0.0000e+00     0.0000e+00  0.0000e+00     0.0000e+00  0.0000e+00 
2.3753e+02     0.0000e+00  0.0000e+00     0.0000e+00  0.0000e+00     0.0000e+00  0.0000e+00     0.0000e+00  0.0000e+00 
2.6651e+02     0.0000e+00  0.0000e+00     0.0000e+00  0.0000e+00     0.0000e+00  0.0000e+00     0.0000e+00  0.0000e+00 
2.9903e+02     0.0000e+00  0.0000e+00     0.0000e+00  0.0000e+00     0.0000e+00  0.0000e+00     0.0000e+00  0.0000e+00 
3.3552e+02     0.0000e+00  0.0000e+00     0.0000e+00  0.0000e+00     0.0000e+00  0.0000e+00     0.0000e+00  0.0000e+00 
3.7646e+02     0.0000e+00  0.0000e+00     0.0000e+00  0.0000e+00     0.0000e+00  0.0000e+00     0.0000e+00  0.0000e+00 
4.2240e+02     0.0000e+00  0.0000e+00     0.0000e+00  0.0000e+00     0.0000e+00  0.0000e+00     0.0000e+00  0.0000e+00 
4.7394e+02     0.0000e+00  0.0000e+00     0.0000e+00  0.0000e+00     0.0000e+00  0.0000e+00     0.0000e+00  0.0000e+00 
5.3176e+02     0.0000e+00  0.0000e+00     0.0000e+00  0.0000e+00     0.0000e+00  0.0000e+00     0.0000e+00  0.0000e+00 
5.9665e+02     0.0000e+00  0.0000e+00     0.0000e+00  0.0000e+00     0.0000e+00  0.0000e+00     0.0000e+00  0.0000e+00 
6.6945e+02     0.0000e+00  0.0000e+00     0.0000e+00  0.0000e+00     0.0000e+00  0.0000e+00     0.0000e+00  0.0000e+00 
7.5114e+02     0.0000e+00  0.0000e+00     0.0000e+00  0.0000e+00     0.0000e+00  0.0000e+00     0.0000e+00  0.0000e+00 
8.4279e+02     0.0000e+00  0.0000e+00     0.0000e+00  0.0000e+00     0.0000e+00  0.0000e+00     0.0000e+00  0.0000e+00 
9.4563e+02     0.0000e+00  0.0000e+00     0.0000e+00  0.0000e+00     0.0000e+00  0.0000e+00     0.0000e+00  0.0000e+00 
1.0610e+03     0.0000e+00  0.0000e+00     0.0000e+00  0.0000e+00     0.0000e+00  0.0000e+00     0.0000e+00  0.0000e+00 
1.1905e+03     0.0000e+00  0.0000e+00     0.0000e+00  0.0000e+00     0.0000e+00  0.0000e+00     0.0000e+00  0.0000e+00 
1.3357e+03     0.0000e+00  0.0000e+00     0.0000e+00  0.0000e+00     0.0000e+00  0.0000e+00     0.0000e+00  0.0000e+00 
1.4987e+03     0.0000e+00  0.0000e+00     0.0000e+00  0.0000e+00     0.0000e+00  0.0000e+00     0.0000e+00  0.0000e+00 
1.6816e+03     0.0000e+00  0.0000e+00     0.0000e+00  0.0000e+00     0.0000e+00  0.0000e+00     0.0000e+00  0.0000e+00 
1.8868e+03     0.0000e+00  0.0000e+00     0.0000e+00  0.0000e+00     0.0000e+00  0.0000e+00     0.0000e+00  0.0000e+00 
2.1170e+03     0.0000e+00  0.0000e+00     0.0000e+00  0.0000e+00     0.0000e+00  0.0000e+00     0.0000e+00  0.0000e+00 
2.3753e+03     0.0000e+00  0.0000e+00     0.0000e+00  0.0000e+00     0.0000e+00  0.0000e+00     0.0000e+00  0.0000e+00 
2.6651e+03     0.0000e+00  0.0000e+00     0.0000e+00  0.0000e+00     0.0000e+00  0.0000e+00     0.0000e+00  0.0000e+00 
2.9903e+03     0.0000e+00  0.0000e+00     0.0000e+00  0.0000e+00     0.0000e+00  0.0000e+00     0.0000e+00  0.0000e+00 
3.3552e+03     0.0000e+00  0.0000e+00     0.0000e+00  0.0000e+00     0.0000e+00  0.0000e+00     0.0000e+00  0.0000e+00 
3.7646e+03     0.0000e+00  0.0000e+00     0.0000e+00  0.0000e+00     0.0000e+00  0.0000e+00     0.0000e+00  0.0000e+00 
4.2240e+03     0.0000e+00  0.0000e+00     0.0000e+00  0.0000e+00     0.0000e+00  0.0000e+00     0.0000e+00  0.0000e+00 
4.7394e+03     0.0000e+00  0.0000e+00     0.0000e+00  0.0000e+00     0.0000e+00  0.0000e+00     0.0000e+00  0.0000e+00 
5.3176e+03     0.0000e+00  0.0000e+00     0.0000e+00  0.0000e+00     0.0000e+00  0.0000e+00     0.0000e+00  0.0000e+00 
5.9665e+03     0.0000e+00  0.0000e+00     0.0000e+00  0.0000e+00     0.0000e+00  0.0000e+00     0.0000e+00  0.0000e+00 
6.6945e+03     0.0000e+00  0.0000e+00     0.0000e+00  0.0000e+00     0.0000e+00  0.0000e+00     0.0000e+00  0.0000e+00 
7.5114e+03     0.0000e+00  0.0000e+00     0.0000e+00  0.0000e+00     0.0000e+00  0.0000e+00     0.0000e+00  0.0000e+00 
8.4279e+03     0.0000e+00  0.0000e+00     0.0000e+00  0.0000e+00     0.0000e+00  0.0000e+00     0.0000e+00  0.0000e+00 
9.4563e+03     0.0000e+00  0.0000e+00     0.0000e+00  0.0000e+00     0.0000e+00  0.0000e+00     0.0000e+00  0.0000e+00 
