yF = 4.7448e+00 (std: 0.0000e+00) keV/um
yD = 2.2323e+01 (std: 0.0000e+00) keV/um
y (keV/um)     f(y)(std)                  yf(y)(std)                 d(y)(std)                  yd(y)(std)  
1.0610e-01     2.4888e+01  0.0000e+00     2.6407e+00  0.0000e+00     5.5654e-01  0.0000e+00     5.9049e-02  0.0000e+00 
1.1905e-01     1.9374e+00  0.0000e+00     2.3064e-01  0.0000e+00     4.8609e-02  0.0000e+00     5.7867e-03  0.0000e+00 
1.3357e-01     5.5326e-01  0.0000e+00     7.3901e-02  0.0000e+00     1.5575e-02  0.0000e+00     2.0804e-03  0.0000e+00 
1.4987e-01     2.8972e+00  0.0000e+00     4.3420e-01  0.0000e+00     9.1510e-02  0.0000e+00     1.3715e-02  0.0000e+00 
1.6816e-01     8.7260e-01  0.0000e+00     1.4673e-01  0.0000e+00     3.0925e-02  0.0000e+00     5.2003e-03  0.0000e+00 
1.8868e-01     5.8822e-01  0.0000e+00     1.1098e-01  0.0000e+00     2.3391e-02  0.0000e+00     4.4133e-03  0.0000e+00 
2.1170e-01     6.5028e-01  0.0000e+00     1.3766e-01  0.0000e+00     2.9013e-02  0.0000e+00     6.1421e-03  0.0000e+00 
2.3753e-01     5.5429e-01  0.0000e+00     1.3166e-01  0.0000e+00     2.7748e-02  0.0000e+00     6.5910e-03  0.0000e+00 
2.6651e-01     2.4676e-01  0.0000e+00     6.5764e-02  0.0000e+00     1.3860e-02  0.0000e+00     3.6939e-03  0.0000e+00 
2.9903e-01     2.3420e-01  0.0000e+00     7.0032e-02  0.0000e+00     1.4760e-02  0.0000e+00     4.4136e-03  0.0000e+00 
3.3552e-01     1.3549e+00  0.0000e+00     4.5461e-01  0.0000e+00     9.5811e-02  0.0000e+00     3.2147e-02  0.0000e+00 
3.7646e-01     8.9577e-01  0.0000e+00     3.3722e-01  0.0000e+00     7.1071e-02  0.0000e+00     2.6756e-02  0.0000e+00 
4.2240e-01     3.9034e-01  0.0000e+00     1.6488e-01  0.0000e+00     3.4749e-02  0.0000e+00     1.4678e-02  0.0000e+00 
4.7394e-01     3.7519e-01  0.0000e+00     1.7782e-01  0.0000e+00     3.7476e-02  0.0000e+00     1.7761e-02  0.0000e+00 
5.3176e-01     2.4483e-01  0.0000e+00     1.3019e-01  0.0000e+00     2.7439e-02  0.0000e+00     1.4591e-02  0.0000e+00 
5.9665e-01     1.2408e-01  0.0000e+00     7.4034e-02  0.0000e+00     1.5603e-02  0.0000e+00     9.3096e-03  0.0000e+00 
6.6945e-01     2.0962e-01  0.0000e+00     1.4033e-01  0.0000e+00     2.9576e-02  0.0000e+00     1.9799e-02  0.0000e+00 
7.5114e-01     1.7741e-01  0.0000e+00     1.3326e-01  0.0000e+00     2.8086e-02  0.0000e+00     2.1096e-02  0.0000e+00 
8.4279e-01     8.8477e-02  0.0000e+00     7.4568e-02  0.0000e+00     1.5716e-02  0.0000e+00     1.3245e-02  0.0000e+00 
9.4563e-01     5.4451e-02  0.0000e+00     5.1490e-02  0.0000e+00     1.0852e-02  0.0000e+00     1.0262e-02  0.0000e+00 
1.0610e+00     3.7592e-02  0.0000e+00     3.9885e-02  0.0000e+00     8.4060e-03  0.0000e+00     8.9188e-03  0.0000e+00 
1.1905e+00     1.8937e-02  0.0000e+00     2.2544e-02  0.0000e+00     4.7512e-03  0.0000e+00     5.6562e-03  0.0000e+00 
1.3357e+00     1.2883e-02  0.0000e+00     1.7208e-02  0.0000e+00     3.6267e-03  0.0000e+00     4.8443e-03  0.0000e+00 
1.4987e+00     7.4765e-03  0.0000e+00     1.1205e-02  0.0000e+00     2.3615e-03  0.0000e+00     3.5393e-03  0.0000e+00 
1.6816e+00     3.0144e-03  0.0000e+00     5.0690e-03  0.0000e+00     1.0683e-03  0.0000e+00     1.7965e-03  0.0000e+00 
1.8868e+00     9.1910e-04  0.0000e+00     1.7341e-03  0.0000e+00     3.6548e-04  0.0000e+00     6.8957e-04  0.0000e+00 
2.1170e+00     1.8903e-04  0.0000e+00     4.0018e-04  0.0000e+00     8.4341e-05  0.0000e+00     1.7855e-04  0.0000e+00 
2.3753e+00     5.6159e-05  0.0000e+00     1.3339e-04  0.0000e+00     2.8114e-05  0.0000e+00     6.6779e-05  0.0000e+00 
2.6651e+00     1.5016e-04  0.0000e+00     4.0018e-04  0.0000e+00     8.4341e-05  0.0000e+00     2.2478e-04  0.0000e+00 
2.9903e+00     0.0000e+00  0.0000e+00     0.0000e+00  0.0000e+00     0.0000e+00  0.0000e+00     0.0000e+00  0.0000e+00 
3.3552e+00     3.9758e-05  0.0000e+00     1.3339e-04  0.0000e+00     2.8114e-05  0.0000e+00     9.4327e-05  0.0000e+00 
3.7646e+00     0.0000e+00  0.0000e+00     0.0000e+00  0.0000e+00     0.0000e+00  0.0000e+00     0.0000e+00  0.0000e+00 
4.2240e+00     0.0000e+00  0.0000e+00     0.0000e+00  0.0000e+00     0.0000e+00  0.0000e+00     0.0000e+00  0.0000e+00 
4.7394e+00     0.0000e+00  0.0000e+00     0.0000e+00  0.0000e+00     0.0000e+00  0.0000e+00     0.0000e+00  0.0000e+00 
5.3176e+00     0.0000e+00  0.0000e+00     0.0000e+00  0.0000e+00     0.0000e+00  0.0000e+00     0.0000e+00  0.0000e+00 
5.9665e+00     1.1458e-01  0.0000e+00     6.8365e-01  0.0000e+00     1.4408e-01  0.0000e+00     8.5967e-01  0.0000e+00 
6.6945e+00     2.2576e-02  0.0000e+00     1.5114e-01  0.0000e+00     3.1853e-02  0.0000e+00     2.1324e-01  0.0000e+00 
7.5114e+00     5.9670e-03  0.0000e+00     4.4821e-02  0.0000e+00     9.4462e-03  0.0000e+00     7.0954e-02  0.0000e+00 
8.4279e+00     2.9946e-02  0.0000e+00     2.5238e-01  0.0000e+00     5.3191e-02  0.0000e+00     4.4829e-01  0.0000e+00 
9.4563e+00     1.6406e-02  0.0000e+00     1.5514e-01  0.0000e+00     3.2696e-02  0.0000e+00     3.0918e-01  0.0000e+00 
1.0610e+01     2.7333e-02  0.0000e+00     2.9000e-01  0.0000e+00     6.1119e-02  0.0000e+00     6.4848e-01  0.0000e+00 
1.1905e+01     1.8690e-02  0.0000e+00     2.2250e-01  0.0000e+00     4.6894e-02  0.0000e+00     5.5826e-01  0.0000e+00 
1.3357e+01     1.4091e-02  0.0000e+00     1.8822e-01  0.0000e+00     3.9668e-02  0.0000e+00     5.2986e-01  0.0000e+00 
1.4987e+01     7.9572e-03  0.0000e+00     1.1926e-01  0.0000e+00     2.5134e-02  0.0000e+00     3.7668e-01  0.0000e+00 
1.6816e+01     5.6084e-03  0.0000e+00     9.4310e-02  0.0000e+00     1.9876e-02  0.0000e+00     3.3424e-01  0.0000e+00 
1.8868e+01     4.2844e-03  0.0000e+00     8.0837e-02  0.0000e+00     1.7037e-02  0.0000e+00     3.2145e-01  0.0000e+00 
2.1170e+01     4.3604e-03  0.0000e+00     9.2309e-02  0.0000e+00     1.9455e-02  0.0000e+00     4.1185e-01  0.0000e+00 
2.3753e+01     4.3804e-03  0.0000e+00     1.0405e-01  0.0000e+00     2.1929e-02  0.0000e+00     5.2087e-01  0.0000e+00 
2.6651e+01     2.5777e-03  0.0000e+00     6.8698e-02  0.0000e+00     1.4479e-02  0.0000e+00     3.8587e-01  0.0000e+00 
2.9903e+01     1.7844e-03  0.0000e+00     5.3358e-02  0.0000e+00     1.1245e-02  0.0000e+00     3.3628e-01  0.0000e+00 
3.3552e+01     1.6062e-03  0.0000e+00     5.3892e-02  0.0000e+00     1.1358e-02  0.0000e+00     3.8108e-01  0.0000e+00 
3.7646e+01     1.1870e-03  0.0000e+00     4.4687e-02  0.0000e+00     9.4181e-03  0.0000e+00     3.5455e-01  0.0000e+00 
4.2240e+01     7.6425e-04  0.0000e+00     3.2282e-02  0.0000e+00     6.8035e-03  0.0000e+00     2.8738e-01  0.0000e+00 
4.7394e+01     5.9389e-04  0.0000e+00     2.8146e-02  0.0000e+00     5.9320e-03  0.0000e+00     2.8114e-01  0.0000e+00 
5.3176e+01     4.2143e-04  0.0000e+00     2.2410e-02  0.0000e+00     4.7231e-03  0.0000e+00     2.5116e-01  0.0000e+00 
5.9665e+01     2.4146e-04  0.0000e+00     1.4407e-02  0.0000e+00     3.0363e-03  0.0000e+00     1.8116e-01  0.0000e+00 
6.6945e+01     1.3550e-04  0.0000e+00     9.0709e-03  0.0000e+00     1.9117e-03  0.0000e+00     1.2798e-01  0.0000e+00 
7.5114e+01     6.3933e-05  0.0000e+00     4.8022e-03  0.0000e+00     1.0121e-03  0.0000e+00     7.6022e-02  0.0000e+00 
8.4279e+01     3.6404e-05  0.0000e+00     3.0681e-03  0.0000e+00     6.4661e-04  0.0000e+00     5.4496e-02  0.0000e+00 
9.4563e+01     1.2696e-05  0.0000e+00     1.2006e-03  0.0000e+00     2.5302e-04  0.0000e+00     2.3927e-02  0.0000e+00 
1.0610e+02     8.8007e-06  0.0000e+00     9.3376e-04  0.0000e+00     1.9680e-04  0.0000e+00     2.0880e-02  0.0000e+00 
1.1905e+02     3.3616e-06  0.0000e+00     4.0018e-04  0.0000e+00     8.4341e-05  0.0000e+00     1.0041e-02  0.0000e+00 
1.3357e+02     9.9867e-07  0.0000e+00     1.3339e-04  0.0000e+00     2.8114e-05  0.0000e+00     3.7552e-03  0.0000e+00 
1.4987e+02     0.0000e+00  0.0000e+00     0.0000e+00  0.0000e+00     0.0000e+00  0.0000e+00     0.0000e+00  0.0000e+00 
1.6816e+02     0.0000e+00  0.0000e+00     0.0000e+00  0.0000e+00     0.0000e+00  0.0000e+00     0.0000e+00  0.0000e+00 
1.8868e+02     0.0000e+00  0.0000e+00     0.0000e+00  0.0000e+00     0.0000e+00  0.0000e+00     0.0000e+00  0.0000e+00 
2.1170e+02     0.0000e+00  0.0000e+00     0.0000e+00  0.0000e+00     0.0000e+00  0.0000e+00     0.0000e+00  0.0000e+00 
2.3753e+02     0.0000e+00  0.0000e+00     0.0000e+00  0.0000e+00     0.0000e+00  0.0000e+00     0.0000e+00  0.0000e+00 
2.6651e+02     0.0000e+00  0.0000e+00     0.0000e+00  0.0000e+00     0.0000e+00  0.0000e+00     0.0000e+00  0.0000e+00 
2.9903e+02     0.0000e+00  0.0000e+00     0.0000e+00  0.0000e+00     0.0000e+00  0.0000e+00     0.0000e+00  0.0000e+00 
3.3552e+02     0.0000e+00  0.0000e+00     0.0000e+00  0.0000e+00     0.0000e+00  0.0000e+00     0.0000e+00  0.0000e+00 
3.7646e+02     0.0000e+00  0.0000e+00     0.0000e+00  0.0000e+00     0.0000e+00  0.0000e+00     0.0000e+00  0.0000e+00 
4.2240e+02     0.0000e+00  0.0000e+00     0.0000e+00  0.0000e+00     0.0000e+00  0.0000e+00     0.0000e+00  0.0000e+00 
4.7394e+02     0.0000e+00  0.0000e+00     0.0000e+00  0.0000e+00     0.0000e+00  0.0000e+00     0.0000e+00  0.0000e+00 
5.3176e+02     0.0000e+00  0.0000e+00     0.0000e+00  0.0000e+00     0.0000e+00  0.0000e+00     0.0000e+00  0.0000e+00 
5.9665e+02     0.0000e+00  0.0000e+00     0.0000e+00  0.0000e+00     0.0000e+00  0.0000e+00     0.0000e+00  0.0000e+00 
6.6945e+02     0.0000e+00  0.0000e+00     0.0000e+00  0.0000e+00     0.0000e+00  0.0000e+00     0.0000e+00  0.0000e+00 
7.5114e+02     0.0000e+00  0.0000e+00     0.0000e+00  0.0000e+00     0.0000e+00  0.0000e+00     0.0000e+00  0.0000e+00 
8.4279e+02     0.0000e+00  0.0000e+00     0.0000e+00  0.0000e+00     0.0000e+00  0.0000e+00     0.0000e+00  0.0000e+00 
9.4563e+02     0.0000e+00  0.0000e+00     0.0000e+00  0.0000e+00     0.0000e+00  0.0000e+00     0.0000e+00  0.0000e+00 
1.0610e+03     0.0000e+00  0.0000e+00     0.0000e+00  0.0000e+00     0.0000e+00  0.0000e+00     0.0000e+00  0.0000e+00 
1.1905e+03     0.0000e+00  0.0000e+00     0.0000e+00  0.0000e+00     0.0000e+00  0.0000e+00     0.0000e+00  0.0000e+00 
1.3357e+03     0.0000e+00  0.0000e+00     0.0000e+00  0.0000e+00     0.0000e+00  0.0000e+00     0.0000e+00  0.0000e+00 
1.4987e+03     0.0000e+00  0.0000e+00     0.0000e+00  0.0000e+00     0.0000e+00  0.0000e+00     0.0000e+00  0.0000e+00 
1.6816e+03     0.0000e+00  0.0000e+00     0.0000e+00  0.0000e+00     0.0000e+00  0.0000e+00     0.0000e+00  0.0000e+00 
1.8868e+03     0.0000e+00  0.0000e+00     0.0000e+00  0.0000e+00     0.0000e+00  0.0000e+00     0.0000e+00  0.0000e+00 
2.1170e+03     0.0000e+00  0.0000e+00     0.0000e+00  0.0000e+00     0.0000e+00  0.0000e+00     0.0000e+00  0.0000e+00 
2.3753e+03     0.0000e+00  0.0000e+00     0.0000e+00  0.0000e+00     0.0000e+00  0.0000e+00     0.0000e+00  0.0000e+00 
2.6651e+03     0.0000e+00  0.0000e+00     0.0000e+00  0.0000e+00     0.0000e+00  0.0000e+00     0.0000e+00  0.0000e+00 
2.9903e+03     0.0000e+00  0.0000e+00     0.0000e+00  0.0000e+00     0.0000e+00  0.0000e+00     0.0000e+00  0.0000e+00 
3.3552e+03     0.0000e+00  0.0000e+00     0.0000e+00  0.0000e+00     0.0000e+00  0.0000e+00     0.0000e+00  0.0000e+00 
3.7646e+03     0.0000e+00  0.0000e+00     0.0000e+00  0.0000e+00     0.0000e+00  0.0000e+00     0.0000e+00  0.0000e+00 
4.2240e+03     0.0000e+00  0.0000e+00     0.0000e+00  0.0000e+00     0.0000e+00  0.0000e+00     0.0000e+00  0.0000e+00 
4.7394e+03     0.0000e+00  0.0000e+00     0.0000e+00  0.0000e+00     0.0000e+00  0.0000e+00     0.0000e+00  0.0000e+00 
5.3176e+03     0.0000e+00  0.0000e+00     0.0000e+00  0.0000e+00     0.0000e+00  0.0000e+00     0.0000e+00  0.0000e+00 
5.9665e+03     0.0000e+00  0.0000e+00     0.0000e+00  0.0000e+00     0.0000e+00  0.0000e+00     0.0000e+00  0.0000e+00 
6.6945e+03     0.0000e+00  0.0000e+00     0.0000e+00  0.0000e+00     0.0000e+00  0.0000e+00     0.0000e+00  0.0000e+00 
7.5114e+03     0.0000e+00  0.0000e+00     0.0000e+00  0.0000e+00     0.0000e+00  0.0000e+00     0.0000e+00  0.0000e+00 
8.4279e+03     0.0000e+00  0.0000e+00     0.0000e+00  0.0000e+00     0.0000e+00  0.0000e+00     0.0000e+00  0.0000e+00 
9.4563e+03     0.0000e+00  0.0000e+00     0.0000e+00  0.0000e+00     0.0000e+00  0.0000e+00     0.0000e+00  0.0000e+00 
