yF = 4.3763e+00 (std: 0.0000e+00) keV/um
yD = 2.1927e+01 (std: 0.0000e+00) keV/um
y (keV/um)     f(y)(std)                  yf(y)(std)                 d(y)(std)                  yd(y)(std)  
1.0610e-01     2.4987e+01  0.0000e+00     2.6511e+00  0.0000e+00     6.0579e-01  0.0000e+00     6.4274e-02  0.0000e+00 
1.1905e-01     1.9424e+00  0.0000e+00     2.3124e-01  0.0000e+00     5.2839e-02  0.0000e+00     6.2903e-03  0.0000e+00 
1.3357e-01     5.6103e-01  0.0000e+00     7.4939e-02  0.0000e+00     1.7124e-02  0.0000e+00     2.2873e-03  0.0000e+00 
1.4987e-01     2.8487e+00  0.0000e+00     4.2694e-01  0.0000e+00     9.7556e-02  0.0000e+00     1.4621e-02  0.0000e+00 
1.6816e-01     9.4222e-01  0.0000e+00     1.5844e-01  0.0000e+00     3.6204e-02  0.0000e+00     6.0881e-03  0.0000e+00 
1.8868e-01     5.6740e-01  0.0000e+00     1.0706e-01  0.0000e+00     2.4462e-02  0.0000e+00     4.6155e-03  0.0000e+00 
2.1170e-01     6.2302e-01  0.0000e+00     1.3189e-01  0.0000e+00     3.0138e-02  0.0000e+00     6.3801e-03  0.0000e+00 
2.3753e-01     6.4180e-01  0.0000e+00     1.5245e-01  0.0000e+00     3.4834e-02  0.0000e+00     8.2742e-03  0.0000e+00 
2.6651e-01     2.5547e-01  0.0000e+00     6.8087e-02  0.0000e+00     1.5558e-02  0.0000e+00     4.1464e-03  0.0000e+00 
2.9903e-01     2.3915e-01  0.0000e+00     7.1513e-02  0.0000e+00     1.6341e-02  0.0000e+00     4.8865e-03  0.0000e+00 
3.3552e-01     1.4537e+00  0.0000e+00     4.8775e-01  0.0000e+00     1.1145e-01  0.0000e+00     3.7394e-02  0.0000e+00 
3.7646e-01     8.9180e-01  0.0000e+00     3.3573e-01  0.0000e+00     7.6714e-02  0.0000e+00     2.8880e-02  0.0000e+00 
4.2240e-01     4.0349e-01  0.0000e+00     1.7043e-01  0.0000e+00     3.8944e-02  0.0000e+00     1.6450e-02  0.0000e+00 
4.7394e-01     3.6865e-01  0.0000e+00     1.7471e-01  0.0000e+00     3.9923e-02  0.0000e+00     1.8921e-02  0.0000e+00 
5.3176e-01     2.2951e-01  0.0000e+00     1.2204e-01  0.0000e+00     2.7887e-02  0.0000e+00     1.4829e-02  0.0000e+00 
5.9665e-01     1.3780e-01  0.0000e+00     8.2219e-02  0.0000e+00     1.8787e-02  0.0000e+00     1.1209e-02  0.0000e+00 
6.6945e-01     2.0917e-01  0.0000e+00     1.4003e-01  0.0000e+00     3.1997e-02  0.0000e+00     2.1420e-02  0.0000e+00 
7.5114e-01     1.8300e-01  0.0000e+00     1.3746e-01  0.0000e+00     3.1410e-02  0.0000e+00     2.3593e-02  0.0000e+00 
8.4279e-01     8.8918e-02  0.0000e+00     7.4939e-02  0.0000e+00     1.7124e-02  0.0000e+00     1.4432e-02  0.0000e+00 
9.4563e-01     6.1587e-02  0.0000e+00     5.8238e-02  0.0000e+00     1.3308e-02  0.0000e+00     1.2584e-02  0.0000e+00 
1.0610e+00     3.5113e-02  0.0000e+00     3.7255e-02  0.0000e+00     8.5129e-03  0.0000e+00     9.0323e-03  0.0000e+00 
1.1905e+00     1.9424e-02  0.0000e+00     2.3124e-02  0.0000e+00     5.2839e-03  0.0000e+00     6.2903e-03  0.0000e+00 
1.3357e+00     1.2503e-02  0.0000e+00     1.6701e-02  0.0000e+00     3.8161e-03  0.0000e+00     5.0973e-03  0.0000e+00 
1.4987e+00     6.0003e-03  0.0000e+00     8.9927e-03  0.0000e+00     2.0548e-03  0.0000e+00     3.0796e-03  0.0000e+00 
1.6816e+00     3.0558e-03  0.0000e+00     5.1387e-03  0.0000e+00     1.1742e-03  0.0000e+00     1.9745e-03  0.0000e+00 
1.8868e+00     9.0784e-04  0.0000e+00     1.7129e-03  0.0000e+00     3.9140e-04  0.0000e+00     7.3848e-04  0.0000e+00 
2.1170e+00     2.0228e-04  0.0000e+00     4.2822e-04  0.0000e+00     9.7849e-05  0.0000e+00     2.0715e-04  0.0000e+00 
2.3753e+00     0.0000e+00  0.0000e+00     0.0000e+00  0.0000e+00     0.0000e+00  0.0000e+00     0.0000e+00  0.0000e+00 
2.6651e+00     1.6068e-04  0.0000e+00     4.2822e-04  0.0000e+00     9.7849e-05  0.0000e+00     2.6078e-04  0.0000e+00 
2.9903e+00     0.0000e+00  0.0000e+00     0.0000e+00  0.0000e+00     0.0000e+00  0.0000e+00     0.0000e+00  0.0000e+00 
3.3552e+00     0.0000e+00  0.0000e+00     0.0000e+00  0.0000e+00     0.0000e+00  0.0000e+00     0.0000e+00  0.0000e+00 
3.7646e+00     0.0000e+00  0.0000e+00     0.0000e+00  0.0000e+00     0.0000e+00  0.0000e+00     0.0000e+00  0.0000e+00 
4.2240e+00     0.0000e+00  0.0000e+00     0.0000e+00  0.0000e+00     0.0000e+00  0.0000e+00     0.0000e+00  0.0000e+00 
4.7394e+00     0.0000e+00  0.0000e+00     0.0000e+00  0.0000e+00     0.0000e+00  0.0000e+00     0.0000e+00  0.0000e+00 
5.3176e+00     0.0000e+00  0.0000e+00     0.0000e+00  0.0000e+00     0.0000e+00  0.0000e+00     0.0000e+00  0.0000e+00 
5.9665e+00     1.2014e-01  0.0000e+00     7.1684e-01  0.0000e+00     1.6380e-01  0.0000e+00     9.7731e-01  0.0000e+00 
6.6945e+00     1.9382e-02  0.0000e+00     1.2975e-01  0.0000e+00     2.9648e-02  0.0000e+00     1.9848e-01  0.0000e+00 
7.5114e+00     5.6440e-03  0.0000e+00     4.2394e-02  0.0000e+00     9.6871e-03  0.0000e+00     7.2763e-02  0.0000e+00 
8.4279e+00     2.4135e-02  0.0000e+00     2.0341e-01  0.0000e+00     4.6478e-02  0.0000e+00     3.9172e-01  0.0000e+00 
9.4563e+00     1.5850e-02  0.0000e+00     1.4988e-01  0.0000e+00     3.4247e-02  0.0000e+00     3.2385e-01  0.0000e+00 
1.0610e+01     5.0571e-02  0.0000e+00     5.3656e-01  0.0000e+00     1.2261e-01  0.0000e+00     1.3009e+00  0.0000e+00 
1.1905e+01     1.4388e-02  0.0000e+00     1.7129e-01  0.0000e+00     3.9140e-02  0.0000e+00     4.6595e-01  0.0000e+00 
1.3357e+01     1.0579e-02  0.0000e+00     1.4131e-01  0.0000e+00     3.2290e-02  0.0000e+00     4.3131e-01  0.0000e+00 
1.4987e+01     5.7145e-03  0.0000e+00     8.5644e-02  0.0000e+00     1.9570e-02  0.0000e+00     2.9330e-01  0.0000e+00 
1.6816e+01     5.0676e-03  0.0000e+00     8.5216e-02  0.0000e+00     1.9472e-02  0.0000e+00     3.2744e-01  0.0000e+00 
1.8868e+01     3.6087e-03  0.0000e+00     6.8087e-02  0.0000e+00     1.5558e-02  0.0000e+00     2.9354e-01  0.0000e+00 
2.1170e+01     3.0342e-03  0.0000e+00     6.4233e-02  0.0000e+00     1.4677e-02  0.0000e+00     3.1072e-01  0.0000e+00 
2.3753e+01     2.9927e-03  0.0000e+00     7.1085e-02  0.0000e+00     1.6243e-02  0.0000e+00     3.8582e-01  0.0000e+00 
2.6651e+01     2.0888e-03  0.0000e+00     5.5669e-02  0.0000e+00     1.2720e-02  0.0000e+00     3.3902e-01  0.0000e+00 
2.9903e+01     1.3318e-03  0.0000e+00     3.9825e-02  0.0000e+00     9.1000e-03  0.0000e+00     2.7212e-01  0.0000e+00 
3.3552e+01     1.4039e-03  0.0000e+00     4.7104e-02  0.0000e+00     1.0763e-02  0.0000e+00     3.6114e-01  0.0000e+00 
3.7646e+01     9.4412e-04  0.0000e+00     3.5542e-02  0.0000e+00     8.1215e-03  0.0000e+00     3.0574e-01  0.0000e+00 
4.2240e+01     5.5759e-04  0.0000e+00     2.3552e-02  0.0000e+00     5.3817e-03  0.0000e+00     2.2732e-01  0.0000e+00 
4.7394e+01     4.6984e-04  0.0000e+00     2.2268e-02  0.0000e+00     5.0882e-03  0.0000e+00     2.4115e-01  0.0000e+00 
5.3176e+01     3.0601e-04  0.0000e+00     1.6272e-02  0.0000e+00     3.7183e-03  0.0000e+00     1.9772e-01  0.0000e+00 
5.9665e+01     2.5838e-04  0.0000e+00     1.5416e-02  0.0000e+00     3.5226e-03  0.0000e+00     2.1017e-01  0.0000e+00 
6.6945e+01     1.5992e-04  0.0000e+00     1.0706e-02  0.0000e+00     2.4462e-03  0.0000e+00     1.6376e-01  0.0000e+00 
7.5114e+01     6.2711e-05  0.0000e+00     4.7104e-03  0.0000e+00     1.0763e-03  0.0000e+00     8.0848e-02  0.0000e+00 
8.4279e+01     3.5567e-05  0.0000e+00     2.9976e-03  0.0000e+00     6.8495e-04  0.0000e+00     5.7726e-02  0.0000e+00 
9.4563e+01     2.7171e-05  0.0000e+00     2.5693e-03  0.0000e+00     5.8710e-04  0.0000e+00     5.5517e-02  0.0000e+00 
1.0610e+02     8.0720e-06  0.0000e+00     8.5644e-04  0.0000e+00     1.9570e-04  0.0000e+00     2.0764e-02  0.0000e+00 
1.1905e+02     3.5971e-06  0.0000e+00     4.2822e-04  0.0000e+00     9.7849e-05  0.0000e+00     1.1649e-02  0.0000e+00 
1.3357e+02     3.2059e-06  0.0000e+00     4.2822e-04  0.0000e+00     9.7849e-05  0.0000e+00     1.3070e-02  0.0000e+00 
1.4987e+02     0.0000e+00  0.0000e+00     0.0000e+00  0.0000e+00     0.0000e+00  0.0000e+00     0.0000e+00  0.0000e+00 
1.6816e+02     2.5465e-06  0.0000e+00     4.2822e-04  0.0000e+00     9.7849e-05  0.0000e+00     1.6454e-02  0.0000e+00 
1.8868e+02     0.0000e+00  0.0000e+00     0.0000e+00  0.0000e+00     0.0000e+00  0.0000e+00     0.0000e+00  0.0000e+00 
2.1170e+02     0.0000e+00  0.0000e+00     0.0000e+00  0.0000e+00     0.0000e+00  0.0000e+00     0.0000e+00  0.0000e+00 
2.3753e+02     0.0000e+00  0.0000e+00     0.0000e+00  0.0000e+00     0.0000e+00  0.0000e+00     0.0000e+00  0.0000e+00 
2.6651e+02     0.0000e+00  0.0000e+00     0.0000e+00  0.0000e+00     0.0000e+00  0.0000e+00     0.0000e+00  0.0000e+00 
2.9903e+02     0.0000e+00  0.0000e+00     0.0000e+00  0.0000e+00     0.0000e+00  0.0000e+00     0.0000e+00  0.0000e+00 
3.3552e+02     0.0000e+00  0.0000e+00     0.0000e+00  0.0000e+00     0.0000e+00  0.0000e+00     0.0000e+00  0.0000e+00 
3.7646e+02     0.0000e+00  0.0000e+00     0.0000e+00  0.0000e+00     0.0000e+00  0.0000e+00     0.0000e+00  0.0000e+00 
4.2240e+02     0.0000e+00  0.0000e+00     0.0000e+00  0.0000e+00     0.0000e+00  0.0000e+00     0.0000e+00  0.0000e+00 
4.7394e+02     0.0000e+00  0.0000e+00     0.0000e+00  0.0000e+00     0.0000e+00  0.0000e+00     0.0000e+00  0.0000e+00 
5.3176e+02     0.0000e+00  0.0000e+00     0.0000e+00  0.0000e+00     0.0000e+00  0.0000e+00     0.0000e+00  0.0000e+00 
5.9665e+02     0.0000e+00  0.0000e+00     0.0000e+00  0.0000e+00     0.0000e+00  0.0000e+00     0.0000e+00  0.0000e+00 
6.6945e+02     0.0000e+00  0.0000e+00     0.0000e+00  0.0000e+00     0.0000e+00  0.0000e+00     0.0000e+00  0.0000e+00 
7.5114e+02     0.0000e+00  0.0000e+00     0.0000e+00  0.0000e+00     0.0000e+00  0.0000e+00     0.0000e+00  0.0000e+00 
8.4279e+02     0.0000e+00  0.0000e+00     0.0000e+00  0.0000e+00     0.0000e+00  0.0000e+00     0.0000e+00  0.0000e+00 
9.4563e+02     0.0000e+00  0.0000e+00     0.0000e+00  0.0000e+00     0.0000e+00  0.0000e+00     0.0000e+00  0.0000e+00 
1.0610e+03     0.0000e+00  0.0000e+00     0.0000e+00  0.0000e+00     0.0000e+00  0.0000e+00     0.0000e+00  0.0000e+00 
1.1905e+03     0.0000e+00  0.0000e+00     0.0000e+00  0.0000e+00     0.0000e+00  0.0000e+00     0.0000e+00  0.0000e+00 
1.3357e+03     0.0000e+00  0.0000e+00     0.0000e+00  0.0000e+00     0.0000e+00  0.0000e+00     0.0000e+00  0.0000e+00 
1.4987e+03     0.0000e+00  0.0000e+00     0.0000e+00  0.0000e+00     0.0000e+00  0.0000e+00     0.0000e+00  0.0000e+00 
1.6816e+03     0.0000e+00  0.0000e+00     0.0000e+00  0.0000e+00     0.0000e+00  0.0000e+00     0.0000e+00  0.0000e+00 
1.8868e+03     0.0000e+00  0.0000e+00     0.0000e+00  0.0000e+00     0.0000e+00  0.0000e+00     0.0000e+00  0.0000e+00 
2.1170e+03     0.0000e+00  0.0000e+00     0.0000e+00  0.0000e+00     0.0000e+00  0.0000e+00     0.0000e+00  0.0000e+00 
2.3753e+03     0.0000e+00  0.0000e+00     0.0000e+00  0.0000e+00     0.0000e+00  0.0000e+00     0.0000e+00  0.0000e+00 
2.6651e+03     0.0000e+00  0.0000e+00     0.0000e+00  0.0000e+00     0.0000e+00  0.0000e+00     0.0000e+00  0.0000e+00 
2.9903e+03     0.0000e+00  0.0000e+00     0.0000e+00  0.0000e+00     0.0000e+00  0.0000e+00     0.0000e+00  0.0000e+00 
3.3552e+03     0.0000e+00  0.0000e+00     0.0000e+00  0.0000e+00     0.0000e+00  0.0000e+00     0.0000e+00  0.0000e+00 
3.7646e+03     0.0000e+00  0.0000e+00     0.0000e+00  0.0000e+00     0.0000e+00  0.0000e+00     0.0000e+00  0.0000e+00 
4.2240e+03     0.0000e+00  0.0000e+00     0.0000e+00  0.0000e+00     0.0000e+00  0.0000e+00     0.0000e+00  0.0000e+00 
4.7394e+03     0.0000e+00  0.0000e+00     0.0000e+00  0.0000e+00     0.0000e+00  0.0000e+00     0.0000e+00  0.0000e+00 
5.3176e+03     0.0000e+00  0.0000e+00     0.0000e+00  0.0000e+00     0.0000e+00  0.0000e+00     0.0000e+00  0.0000e+00 
5.9665e+03     0.0000e+00  0.0000e+00     0.0000e+00  0.0000e+00     0.0000e+00  0.0000e+00     0.0000e+00  0.0000e+00 
6.6945e+03     0.0000e+00  0.0000e+00     0.0000e+00  0.0000e+00     0.0000e+00  0.0000e+00     0.0000e+00  0.0000e+00 
7.5114e+03     0.0000e+00  0.0000e+00     0.0000e+00  0.0000e+00     0.0000e+00  0.0000e+00     0.0000e+00  0.0000e+00 
8.4279e+03     0.0000e+00  0.0000e+00     0.0000e+00  0.0000e+00     0.0000e+00  0.0000e+00     0.0000e+00  0.0000e+00 
9.4563e+03     0.0000e+00  0.0000e+00     0.0000e+00  0.0000e+00     0.0000e+00  0.0000e+00     0.0000e+00  0.0000e+00 
