yF = 5.4608e+00 (std: 0.0000e+00) keV/um
yD = 2.4361e+01 (std: 0.0000e+00) keV/um
y (keV/um)     f(y)(std)                  yf(y)(std)                 d(y)(std)                  yd(y)(std)  
1.0610e-01     2.2137e+01  0.0000e+00     2.3488e+00  0.0000e+00     4.3012e-01  0.0000e+00     4.5636e-02  0.0000e+00 
1.1905e-01     1.7847e+00  0.0000e+00     2.1246e-01  0.0000e+00     3.8906e-02  0.0000e+00     4.6317e-03  0.0000e+00 
1.3357e-01     5.9590e-01  0.0000e+00     7.9596e-02  0.0000e+00     1.4576e-02  0.0000e+00     1.9469e-03  0.0000e+00 
1.4987e-01     2.5935e+00  0.0000e+00     3.8869e-01  0.0000e+00     7.1179e-02  0.0000e+00     1.0668e-02  0.0000e+00 
1.6816e-01     8.8141e-01  0.0000e+00     1.4822e-01  0.0000e+00     2.7142e-02  0.0000e+00     4.5642e-03  0.0000e+00 
1.8868e-01     6.2112e-01  0.0000e+00     1.1719e-01  0.0000e+00     2.1460e-02  0.0000e+00     4.0491e-03  0.0000e+00 
2.1170e-01     6.5464e-01  0.0000e+00     1.3859e-01  0.0000e+00     2.5379e-02  0.0000e+00     5.3726e-03  0.0000e+00 
2.3753e-01     6.1488e-01  0.0000e+00     1.4605e-01  0.0000e+00     2.6746e-02  0.0000e+00     6.3530e-03  0.0000e+00 
2.6651e-01     3.0776e-01  0.0000e+00     8.2023e-02  0.0000e+00     1.5020e-02  0.0000e+00     4.0031e-03  0.0000e+00 
2.9903e-01     2.6847e-01  0.0000e+00     8.0282e-02  0.0000e+00     1.4702e-02  0.0000e+00     4.3962e-03  0.0000e+00 
3.3552e-01     1.2179e+00  0.0000e+00     4.0864e-01  0.0000e+00     7.4831e-02  0.0000e+00     2.5107e-02  0.0000e+00 
3.7646e-01     8.5940e-01  0.0000e+00     3.2353e-01  0.0000e+00     5.9246e-02  0.0000e+00     2.2304e-02  0.0000e+00 
4.2240e-01     4.1379e-01  0.0000e+00     1.7478e-01  0.0000e+00     3.2007e-02  0.0000e+00     1.3520e-02  0.0000e+00 
4.7394e-01     4.2006e-01  0.0000e+00     1.9908e-01  0.0000e+00     3.6457e-02  0.0000e+00     1.7278e-02  0.0000e+00 
5.3176e-01     2.7883e-01  0.0000e+00     1.4827e-01  0.0000e+00     2.7152e-02  0.0000e+00     1.4438e-02  0.0000e+00 
5.9665e-01     1.5724e-01  0.0000e+00     9.3816e-02  0.0000e+00     1.7180e-02  0.0000e+00     1.0250e-02  0.0000e+00 
6.6945e-01     2.1833e-01  0.0000e+00     1.4616e-01  0.0000e+00     2.6765e-02  0.0000e+00     1.7918e-02  0.0000e+00 
7.5114e-01     1.9694e-01  0.0000e+00     1.4793e-01  0.0000e+00     2.7089e-02  0.0000e+00     2.0347e-02  0.0000e+00 
8.4279e-01     1.0468e-01  0.0000e+00     8.8223e-02  0.0000e+00     1.6156e-02  0.0000e+00     1.3616e-02  0.0000e+00 
9.4563e-01     6.5564e-02  0.0000e+00     6.1999e-02  0.0000e+00     1.1353e-02  0.0000e+00     1.0736e-02  0.0000e+00 
1.0610e+00     4.8562e-02  0.0000e+00     5.1525e-02  0.0000e+00     9.4354e-03  0.0000e+00     1.0011e-02  0.0000e+00 
1.1905e+00     2.8898e-02  0.0000e+00     3.4403e-02  0.0000e+00     6.3000e-03  0.0000e+00     7.4999e-03  0.0000e+00 
1.3357e+00     1.7045e-02  0.0000e+00     2.2768e-02  0.0000e+00     4.1694e-03  0.0000e+00     5.5692e-03  0.0000e+00 
1.4987e+00     9.2946e-03  0.0000e+00     1.3930e-02  0.0000e+00     2.5509e-03  0.0000e+00     3.8231e-03  0.0000e+00 
1.6816e+00     4.8793e-03  0.0000e+00     8.2050e-03  0.0000e+00     1.5025e-03  0.0000e+00     2.5266e-03  0.0000e+00 
1.8868e+00     2.5589e-03  0.0000e+00     4.8280e-03  0.0000e+00     8.8412e-04  0.0000e+00     1.6681e-03  0.0000e+00 
2.1170e+00     8.3497e-04  0.0000e+00     1.7676e-03  0.0000e+00     3.2369e-04  0.0000e+00     6.8526e-04  0.0000e+00 
2.3753e+00     4.1096e-04  0.0000e+00     9.7615e-04  0.0000e+00     1.7876e-04  0.0000e+00     4.2460e-04  0.0000e+00 
2.6651e+00     1.4849e-04  0.0000e+00     3.9574e-04  0.0000e+00     7.2469e-05  0.0000e+00     1.9314e-04  0.0000e+00 
2.9903e+00     2.6468e-05  0.0000e+00     7.9147e-05  0.0000e+00     1.4494e-05  0.0000e+00     4.3341e-05  0.0000e+00 
3.3552e+00     0.0000e+00  0.0000e+00     0.0000e+00  0.0000e+00     0.0000e+00  0.0000e+00     0.0000e+00  0.0000e+00 
3.7646e+00     0.0000e+00  0.0000e+00     0.0000e+00  0.0000e+00     0.0000e+00  0.0000e+00     0.0000e+00  0.0000e+00 
4.2240e+00     0.0000e+00  0.0000e+00     0.0000e+00  0.0000e+00     0.0000e+00  0.0000e+00     0.0000e+00  0.0000e+00 
4.7394e+00     0.0000e+00  0.0000e+00     0.0000e+00  0.0000e+00     0.0000e+00  0.0000e+00     0.0000e+00  0.0000e+00 
5.3176e+00     0.0000e+00  0.0000e+00     0.0000e+00  0.0000e+00     0.0000e+00  0.0000e+00     0.0000e+00  0.0000e+00 
5.9665e+00     9.7686e-02  0.0000e+00     5.8284e-01  0.0000e+00     1.0673e-01  0.0000e+00     6.3682e-01  0.0000e+00 
6.6945e+00     2.6282e-02  0.0000e+00     1.7594e-01  0.0000e+00     3.2220e-02  0.0000e+00     2.1569e-01  0.0000e+00 
7.5114e+00     6.4592e-03  0.0000e+00     4.8517e-02  0.0000e+00     8.8847e-03  0.0000e+00     6.6736e-02  0.0000e+00 
8.4279e+00     2.8480e-02  0.0000e+00     2.4003e-01  0.0000e+00     4.3955e-02  0.0000e+00     3.7045e-01  0.0000e+00 
9.4563e+00     2.1162e-02  0.0000e+00     2.0011e-01  0.0000e+00     3.6645e-02  0.0000e+00     3.4653e-01  0.0000e+00 
1.0610e+01     3.0057e-02  0.0000e+00     3.1891e-01  0.0000e+00     5.8400e-02  0.0000e+00     6.1963e-01  0.0000e+00 
1.1905e+01     2.0659e-02  0.0000e+00     2.4594e-01  0.0000e+00     4.5037e-02  0.0000e+00     5.3615e-01  0.0000e+00 
1.3357e+01     1.5313e-02  0.0000e+00     2.0454e-01  0.0000e+00     3.7457e-02  0.0000e+00     5.0032e-01  0.0000e+00 
1.4987e+01     9.6572e-03  0.0000e+00     1.4473e-01  0.0000e+00     2.6504e-02  0.0000e+00     3.9722e-01  0.0000e+00 
1.6816e+01     6.7479e-03  0.0000e+00     1.1347e-01  0.0000e+00     2.0779e-02  0.0000e+00     3.4942e-01  0.0000e+00 
1.8868e+01     5.4715e-03  0.0000e+00     1.0323e-01  0.0000e+00     1.8905e-02  0.0000e+00     3.5669e-01  0.0000e+00 
2.1170e+01     5.1257e-03  0.0000e+00     1.0851e-01  0.0000e+00     1.9871e-02  0.0000e+00     4.2067e-01  0.0000e+00 
2.3753e+01     4.6250e-03  0.0000e+00     1.0986e-01  0.0000e+00     2.0117e-02  0.0000e+00     4.7785e-01  0.0000e+00 
2.6651e+01     3.1984e-03  0.0000e+00     8.5242e-02  0.0000e+00     1.5610e-02  0.0000e+00     4.1602e-01  0.0000e+00 
2.9903e+01     2.2259e-03  0.0000e+00     6.6563e-02  0.0000e+00     1.2189e-02  0.0000e+00     3.6450e-01  0.0000e+00 
3.3552e+01     1.9029e-03  0.0000e+00     6.3846e-02  0.0000e+00     1.1692e-02  0.0000e+00     3.9228e-01  0.0000e+00 
3.7646e+01     1.4079e-03  0.0000e+00     5.3002e-02  0.0000e+00     9.7060e-03  0.0000e+00     3.6539e-01  0.0000e+00 
4.2240e+01     1.0325e-03  0.0000e+00     4.3610e-02  0.0000e+00     7.9861e-03  0.0000e+00     3.3733e-01  0.0000e+00 
4.7394e+01     7.4761e-04  0.0000e+00     3.5432e-02  0.0000e+00     6.4884e-03  0.0000e+00     3.0751e-01  0.0000e+00 
5.3176e+01     4.8770e-04  0.0000e+00     2.5934e-02  0.0000e+00     4.7491e-03  0.0000e+00     2.5254e-01  0.0000e+00 
5.9665e+01     3.2058e-04  0.0000e+00     1.9127e-02  0.0000e+00     3.5027e-03  0.0000e+00     2.0899e-01  0.0000e+00 
6.6945e+01     2.1163e-04  0.0000e+00     1.4167e-02  0.0000e+00     2.5944e-03  0.0000e+00     1.7368e-01  0.0000e+00 
7.5114e+01     1.1450e-04  0.0000e+00     8.6007e-03  0.0000e+00     1.5750e-03  0.0000e+00     1.1830e-01  0.0000e+00 
8.4279e+01     6.1042e-05  0.0000e+00     5.1446e-03  0.0000e+00     9.4210e-04  0.0000e+00     7.9399e-02  0.0000e+00 
9.4563e+01     2.8179e-05  0.0000e+00     2.6646e-03  0.0000e+00     4.8796e-04  0.0000e+00     4.6142e-02  0.0000e+00 
1.0610e+02     1.1687e-05  0.0000e+00     1.2400e-03  0.0000e+00     2.2707e-04  0.0000e+00     2.4092e-02  0.0000e+00 
1.1905e+02     4.6539e-06  0.0000e+00     5.5403e-04  0.0000e+00     1.0146e-04  0.0000e+00     1.2078e-02  0.0000e+00 
1.3357e+02     2.9627e-06  0.0000e+00     3.9574e-04  0.0000e+00     7.2469e-05  0.0000e+00     9.6799e-03  0.0000e+00 
1.4987e+02     5.2810e-07  0.0000e+00     7.9147e-05  0.0000e+00     1.4494e-05  0.0000e+00     2.1722e-03  0.0000e+00 
1.6816e+02     3.1378e-07  0.0000e+00     5.2765e-05  0.0000e+00     9.6625e-06  0.0000e+00     1.6248e-03  0.0000e+00 
1.8868e+02     0.0000e+00  0.0000e+00     0.0000e+00  0.0000e+00     0.0000e+00  0.0000e+00     0.0000e+00  0.0000e+00 
2.1170e+02     0.0000e+00  0.0000e+00     0.0000e+00  0.0000e+00     0.0000e+00  0.0000e+00     0.0000e+00  0.0000e+00 
2.3753e+02     0.0000e+00  0.0000e+00     0.0000e+00  0.0000e+00     0.0000e+00  0.0000e+00     0.0000e+00  0.0000e+00 
2.6651e+02     0.0000e+00  0.0000e+00     0.0000e+00  0.0000e+00     0.0000e+00  0.0000e+00     0.0000e+00  0.0000e+00 
2.9903e+02     0.0000e+00  0.0000e+00     0.0000e+00  0.0000e+00     0.0000e+00  0.0000e+00     0.0000e+00  0.0000e+00 
3.3552e+02     0.0000e+00  0.0000e+00     0.0000e+00  0.0000e+00     0.0000e+00  0.0000e+00     0.0000e+00  0.0000e+00 
3.7646e+02     0.0000e+00  0.0000e+00     0.0000e+00  0.0000e+00     0.0000e+00  0.0000e+00     0.0000e+00  0.0000e+00 
4.2240e+02     0.0000e+00  0.0000e+00     0.0000e+00  0.0000e+00     0.0000e+00  0.0000e+00     0.0000e+00  0.0000e+00 
4.7394e+02     0.0000e+00  0.0000e+00     0.0000e+00  0.0000e+00     0.0000e+00  0.0000e+00     0.0000e+00  0.0000e+00 
5.3176e+02     0.0000e+00  0.0000e+00     0.0000e+00  0.0000e+00     0.0000e+00  0.0000e+00     0.0000e+00  0.0000e+00 
5.9665e+02     0.0000e+00  0.0000e+00     0.0000e+00  0.0000e+00     0.0000e+00  0.0000e+00     0.0000e+00  0.0000e+00 
6.6945e+02     0.0000e+00  0.0000e+00     0.0000e+00  0.0000e+00     0.0000e+00  0.0000e+00     0.0000e+00  0.0000e+00 
7.5114e+02     0.0000e+00  0.0000e+00     0.0000e+00  0.0000e+00     0.0000e+00  0.0000e+00     0.0000e+00  0.0000e+00 
8.4279e+02     0.0000e+00  0.0000e+00     0.0000e+00  0.0000e+00     0.0000e+00  0.0000e+00     0.0000e+00  0.0000e+00 
9.4563e+02     0.0000e+00  0.0000e+00     0.0000e+00  0.0000e+00     0.0000e+00  0.0000e+00     0.0000e+00  0.0000e+00 
1.0610e+03     0.0000e+00  0.0000e+00     0.0000e+00  0.0000e+00     0.0000e+00  0.0000e+00     0.0000e+00  0.0000e+00 
1.1905e+03     0.0000e+00  0.0000e+00     0.0000e+00  0.0000e+00     0.0000e+00  0.0000e+00     0.0000e+00  0.0000e+00 
1.3357e+03     0.0000e+00  0.0000e+00     0.0000e+00  0.0000e+00     0.0000e+00  0.0000e+00     0.0000e+00  0.0000e+00 
1.4987e+03     0.0000e+00  0.0000e+00     0.0000e+00  0.0000e+00     0.0000e+00  0.0000e+00     0.0000e+00  0.0000e+00 
1.6816e+03     0.0000e+00  0.0000e+00     0.0000e+00  0.0000e+00     0.0000e+00  0.0000e+00     0.0000e+00  0.0000e+00 
1.8868e+03     0.0000e+00  0.0000e+00     0.0000e+00  0.0000e+00     0.0000e+00  0.0000e+00     0.0000e+00  0.0000e+00 
2.1170e+03     0.0000e+00  0.0000e+00     0.0000e+00  0.0000e+00     0.0000e+00  0.0000e+00     0.0000e+00  0.0000e+00 
2.3753e+03     0.0000e+00  0.0000e+00     0.0000e+00  0.0000e+00     0.0000e+00  0.0000e+00     0.0000e+00  0.0000e+00 
2.6651e+03     0.0000e+00  0.0000e+00     0.0000e+00  0.0000e+00     0.0000e+00  0.0000e+00     0.0000e+00  0.0000e+00 
2.9903e+03     0.0000e+00  0.0000e+00     0.0000e+00  0.0000e+00     0.0000e+00  0.0000e+00     0.0000e+00  0.0000e+00 
3.3552e+03     0.0000e+00  0.0000e+00     0.0000e+00  0.0000e+00     0.0000e+00  0.0000e+00     0.0000e+00  0.0000e+00 
3.7646e+03     0.0000e+00  0.0000e+00     0.0000e+00  0.0000e+00     0.0000e+00  0.0000e+00     0.0000e+00  0.0000e+00 
4.2240e+03     0.0000e+00  0.0000e+00     0.0000e+00  0.0000e+00     0.0000e+00  0.0000e+00     0.0000e+00  0.0000e+00 
4.7394e+03     0.0000e+00  0.0000e+00     0.0000e+00  0.0000e+00     0.0000e+00  0.0000e+00     0.0000e+00  0.0000e+00 
5.3176e+03     0.0000e+00  0.0000e+00     0.0000e+00  0.0000e+00     0.0000e+00  0.0000e+00     0.0000e+00  0.0000e+00 
5.9665e+03     0.0000e+00  0.0000e+00     0.0000e+00  0.0000e+00     0.0000e+00  0.0000e+00     0.0000e+00  0.0000e+00 
6.6945e+03     0.0000e+00  0.0000e+00     0.0000e+00  0.0000e+00     0.0000e+00  0.0000e+00     0.0000e+00  0.0000e+00 
7.5114e+03     0.0000e+00  0.0000e+00     0.0000e+00  0.0000e+00     0.0000e+00  0.0000e+00     0.0000e+00  0.0000e+00 
8.4279e+03     0.0000e+00  0.0000e+00     0.0000e+00  0.0000e+00     0.0000e+00  0.0000e+00     0.0000e+00  0.0000e+00 
9.4563e+03     0.0000e+00  0.0000e+00     0.0000e+00  0.0000e+00     0.0000e+00  0.0000e+00     0.0000e+00  0.0000e+00 
