yF = 1.0207e+02 (std: 0.0000e+00) keV/um
yD = 1.1876e+02 (std: 0.0000e+00) keV/um
y (keV/um)     f(y)(std)                  yf(y)(std)                 d(y)(std)                  yd(y)(std)  
1.0610e-01     4.7535e-03  0.0000e+00     5.0435e-04  0.0000e+00     4.9411e-06  0.0000e+00     5.2425e-07  0.0000e+00 
1.1905e-01     6.5739e-04  0.0000e+00     7.8261e-05  0.0000e+00     7.6672e-07  0.0000e+00     9.1275e-08  0.0000e+00 
1.3357e-01     3.9060e-04  0.0000e+00     5.2174e-05  0.0000e+00     5.1114e-07  0.0000e+00     6.8275e-08  0.0000e+00 
1.4987e-01     8.7031e-04  0.0000e+00     1.3043e-04  0.0000e+00     1.2779e-06  0.0000e+00     1.9151e-07  0.0000e+00 
1.6816e-01     9.3079e-04  0.0000e+00     1.5652e-04  0.0000e+00     1.5334e-06  0.0000e+00     2.5786e-07  0.0000e+00 
1.8868e-01     8.2957e-04  0.0000e+00     1.5652e-04  0.0000e+00     1.5334e-06  0.0000e+00     2.8932e-07  0.0000e+00 
2.1170e-01     6.9828e-04  0.0000e+00     1.4783e-04  0.0000e+00     1.4482e-06  0.0000e+00     3.0659e-07  0.0000e+00 
2.3753e-01     9.5182e-04  0.0000e+00     2.2609e-04  0.0000e+00     2.2150e-06  0.0000e+00     5.2612e-07  0.0000e+00 
2.6651e-01     2.2839e-04  0.0000e+00     6.0869e-05  0.0000e+00     5.9633e-07  0.0000e+00     1.5893e-07  0.0000e+00 
2.9903e-01     3.7803e-04  0.0000e+00     1.1304e-04  0.0000e+00     1.1075e-06  0.0000e+00     3.3117e-07  0.0000e+00 
3.3552e-01     5.9609e-04  0.0000e+00     2.0000e-04  0.0000e+00     1.9594e-06  0.0000e+00     6.5741e-07  0.0000e+00 
3.7646e-01     4.8507e-04  0.0000e+00     1.8261e-04  0.0000e+00     1.7890e-06  0.0000e+00     6.7349e-07  0.0000e+00 
4.2240e-01     5.1466e-04  0.0000e+00     2.1739e-04  0.0000e+00     2.1298e-06  0.0000e+00     8.9960e-07  0.0000e+00 
4.7394e-01     3.8530e-04  0.0000e+00     1.8261e-04  0.0000e+00     1.7890e-06  0.0000e+00     8.4787e-07  0.0000e+00 
5.3176e-01     2.4529e-04  0.0000e+00     1.3043e-04  0.0000e+00     1.2779e-06  0.0000e+00     6.7952e-07  0.0000e+00 
5.9665e-01     1.8946e-04  0.0000e+00     1.1304e-04  0.0000e+00     1.1075e-06  0.0000e+00     6.6078e-07  0.0000e+00 
6.6945e-01     1.1690e-04  0.0000e+00     7.8261e-05  0.0000e+00     7.6672e-07  0.0000e+00     5.1328e-07  0.0000e+00 
7.5114e-01     1.7365e-04  0.0000e+00     1.3043e-04  0.0000e+00     1.2779e-06  0.0000e+00     9.5985e-07  0.0000e+00 
8.4279e-01     1.7540e-04  0.0000e+00     1.4783e-04  0.0000e+00     1.4482e-06  0.0000e+00     1.2206e-06  0.0000e+00 
9.4563e-01     7.3565e-05  0.0000e+00     6.9565e-05  0.0000e+00     6.8153e-07  0.0000e+00     6.4447e-07  0.0000e+00 
1.0610e+00     8.1956e-05  0.0000e+00     8.6956e-05  0.0000e+00     8.5191e-07  0.0000e+00     9.0388e-07  0.0000e+00 
1.1905e+00     6.5739e-05  0.0000e+00     7.8261e-05  0.0000e+00     7.6672e-07  0.0000e+00     9.1275e-07  0.0000e+00 
1.3357e+00     1.9530e-05  0.0000e+00     2.6087e-05  0.0000e+00     2.5557e-07  0.0000e+00     3.4138e-07  0.0000e+00 
1.4987e+00     1.1604e-05  0.0000e+00     1.7391e-05  0.0000e+00     1.7038e-07  0.0000e+00     2.5535e-07  0.0000e+00 
1.6816e+00     1.0342e-05  0.0000e+00     1.7391e-05  0.0000e+00     1.7038e-07  0.0000e+00     2.8651e-07  0.0000e+00 
1.8868e+00     4.6087e-06  0.0000e+00     8.6956e-06  0.0000e+00     8.5191e-08  0.0000e+00     1.6074e-07  0.0000e+00 
2.1170e+00     0.0000e+00  0.0000e+00     0.0000e+00  0.0000e+00     0.0000e+00  0.0000e+00     0.0000e+00  0.0000e+00 
2.3753e+00     3.6608e-06  0.0000e+00     8.6956e-06  0.0000e+00     8.5191e-08  0.0000e+00     2.0235e-07  0.0000e+00 
2.6651e+00     0.0000e+00  0.0000e+00     0.0000e+00  0.0000e+00     0.0000e+00  0.0000e+00     0.0000e+00  0.0000e+00 
2.9903e+00     0.0000e+00  0.0000e+00     0.0000e+00  0.0000e+00     0.0000e+00  0.0000e+00     0.0000e+00  0.0000e+00 
3.3552e+00     0.0000e+00  0.0000e+00     0.0000e+00  0.0000e+00     0.0000e+00  0.0000e+00     0.0000e+00  0.0000e+00 
3.7646e+00     0.0000e+00  0.0000e+00     0.0000e+00  0.0000e+00     0.0000e+00  0.0000e+00     0.0000e+00  0.0000e+00 
4.2240e+00     0.0000e+00  0.0000e+00     0.0000e+00  0.0000e+00     0.0000e+00  0.0000e+00     0.0000e+00  0.0000e+00 
4.7394e+00     0.0000e+00  0.0000e+00     0.0000e+00  0.0000e+00     0.0000e+00  0.0000e+00     0.0000e+00  0.0000e+00 
5.3176e+00     0.0000e+00  0.0000e+00     0.0000e+00  0.0000e+00     0.0000e+00  0.0000e+00     0.0000e+00  0.0000e+00 
5.9665e+00     4.0807e-05  0.0000e+00     2.4348e-04  0.0000e+00     2.3853e-06  0.0000e+00     1.4232e-05  0.0000e+00 
6.6945e+00     6.3647e-05  0.0000e+00     4.2609e-04  0.0000e+00     4.1743e-06  0.0000e+00     2.7945e-05  0.0000e+00 
7.5114e+00     2.4311e-05  0.0000e+00     1.8261e-04  0.0000e+00     1.7890e-06  0.0000e+00     1.3438e-05  0.0000e+00 
8.4279e+00     4.8183e-04  0.0000e+00     4.0609e-03  0.0000e+00     3.9784e-05  0.0000e+00     3.3530e-04  0.0000e+00 
9.4563e+00     3.6874e-04  0.0000e+00     3.4869e-03  0.0000e+00     3.4161e-05  0.0000e+00     3.2304e-04  0.0000e+00 
1.0610e+01     5.0157e-04  0.0000e+00     5.3217e-03  0.0000e+00     5.2137e-05  0.0000e+00     5.5318e-04  0.0000e+00 
1.1905e+01     3.0167e-04  0.0000e+00     3.5913e-03  0.0000e+00     3.5184e-05  0.0000e+00     4.1885e-04  0.0000e+00 
1.3357e+01     2.7928e-04  0.0000e+00     3.7304e-03  0.0000e+00     3.6547e-05  0.0000e+00     4.8817e-04  0.0000e+00 
1.4987e+01     2.2744e-04  0.0000e+00     3.4087e-03  0.0000e+00     3.3395e-05  0.0000e+00     5.0049e-04  0.0000e+00 
1.6816e+01     5.1814e-04  0.0000e+00     8.7130e-03  0.0000e+00     8.5361e-05  0.0000e+00     1.4354e-03  0.0000e+00 
1.8868e+01     8.4432e-04  0.0000e+00     1.5930e-02  0.0000e+00     1.5607e-04  0.0000e+00     2.9447e-03  0.0000e+00 
2.1170e+01     1.0096e-03  0.0000e+00     2.1374e-02  0.0000e+00     2.0940e-04  0.0000e+00     4.4330e-03  0.0000e+00 
2.3753e+01     1.0001e-03  0.0000e+00     2.3756e-02  0.0000e+00     2.3274e-04  0.0000e+00     5.5283e-03  0.0000e+00 
2.6651e+01     1.2803e-03  0.0000e+00     3.4122e-02  0.0000e+00     3.3429e-04  0.0000e+00     8.9092e-03  0.0000e+00 
2.9903e+01     1.9503e-03  0.0000e+00     5.8322e-02  0.0000e+00     5.7137e-04  0.0000e+00     1.7086e-02  0.0000e+00 
3.3552e+01     2.3683e-03  0.0000e+00     7.9461e-02  0.0000e+00     7.7847e-04  0.0000e+00     2.6119e-02  0.0000e+00 
3.7646e+01     2.8496e-03  0.0000e+00     1.0728e-01  0.0000e+00     1.0510e-03  0.0000e+00     3.9566e-02  0.0000e+00 
4.2240e+01     3.9285e-03  0.0000e+00     1.6594e-01  0.0000e+00     1.6257e-03  0.0000e+00     6.8669e-02  0.0000e+00 
4.7394e+01     4.6533e-03  0.0000e+00     2.2054e-01  0.0000e+00     2.1606e-03  0.0000e+00     1.0240e-01  0.0000e+00 
5.3176e+01     5.8761e-03  0.0000e+00     3.1247e-01  0.0000e+00     3.0612e-03  0.0000e+00     1.6279e-01  0.0000e+00 
5.9665e+01     7.0801e-03  0.0000e+00     4.2243e-01  0.0000e+00     4.1386e-03  0.0000e+00     2.4693e-01  0.0000e+00 
6.6945e+01     8.2748e-03  0.0000e+00     5.5395e-01  0.0000e+00     5.4271e-03  0.0000e+00     3.6332e-01  0.0000e+00 
7.5114e+01     9.3181e-03  0.0000e+00     6.9992e-01  0.0000e+00     6.8571e-03  0.0000e+00     5.1506e-01  0.0000e+00 
8.4279e+01     9.8227e-03  0.0000e+00     8.2785e-01  0.0000e+00     8.1104e-03  0.0000e+00     6.8354e-01  0.0000e+00 
9.4563e+01     9.9556e-03  0.0000e+00     9.4142e-01  0.0000e+00     9.2231e-03  0.0000e+00     8.7216e-01  0.0000e+00 
1.0610e+02     9.2664e-03  0.0000e+00     9.8317e-01  0.0000e+00     9.6321e-03  0.0000e+00     1.0220e+00  0.0000e+00 
1.1905e+02     7.8959e-03  0.0000e+00     9.3999e-01  0.0000e+00     9.2090e-03  0.0000e+00     1.0963e+00  0.0000e+00 
1.3357e+02     6.1422e-03  0.0000e+00     8.2043e-01  0.0000e+00     8.0377e-03  0.0000e+00     1.0736e+00  0.0000e+00 
1.4987e+02     4.1611e-03  0.0000e+00     6.2363e-01  0.0000e+00     6.1097e-03  0.0000e+00     9.1567e-01  0.0000e+00 
1.6816e+02     2.4576e-03  0.0000e+00     4.1326e-01  0.0000e+00     4.0487e-03  0.0000e+00     6.8082e-01  0.0000e+00 
1.8868e+02     1.2233e-03  0.0000e+00     2.3082e-01  0.0000e+00     2.2613e-03  0.0000e+00     4.2666e-01  0.0000e+00 
2.1170e+02     5.1418e-04  0.0000e+00     1.0885e-01  0.0000e+00     1.0664e-03  0.0000e+00     2.2576e-01  0.0000e+00 
2.3753e+02     1.6547e-04  0.0000e+00     3.9304e-02  0.0000e+00     3.8506e-04  0.0000e+00     9.1464e-02  0.0000e+00 
2.6651e+02     4.4569e-05  0.0000e+00     1.1878e-02  0.0000e+00     1.1637e-04  0.0000e+00     3.1014e-02  0.0000e+00 
2.9903e+02     8.5202e-06  0.0000e+00     2.5478e-03  0.0000e+00     2.4961e-05  0.0000e+00     7.4641e-03  0.0000e+00 
3.3552e+02     9.3300e-07  0.0000e+00     3.1304e-04  0.0000e+00     3.0669e-06  0.0000e+00     1.0290e-03  0.0000e+00 
3.7646e+02     9.2394e-08  0.0000e+00     3.4782e-05  0.0000e+00     3.4076e-07  0.0000e+00     1.2828e-04  0.0000e+00 
4.2240e+02     0.0000e+00  0.0000e+00     0.0000e+00  0.0000e+00     0.0000e+00  0.0000e+00     0.0000e+00  0.0000e+00 
4.7394e+02     0.0000e+00  0.0000e+00     0.0000e+00  0.0000e+00     0.0000e+00  0.0000e+00     0.0000e+00  0.0000e+00 
5.3176e+02     0.0000e+00  0.0000e+00     0.0000e+00  0.0000e+00     0.0000e+00  0.0000e+00     0.0000e+00  0.0000e+00 
5.9665e+02     0.0000e+00  0.0000e+00     0.0000e+00  0.0000e+00     0.0000e+00  0.0000e+00     0.0000e+00  0.0000e+00 
6.6945e+02     0.0000e+00  0.0000e+00     0.0000e+00  0.0000e+00     0.0000e+00  0.0000e+00     0.0000e+00  0.0000e+00 
7.5114e+02     0.0000e+00  0.0000e+00     0.0000e+00  0.0000e+00     0.0000e+00  0.0000e+00     0.0000e+00  0.0000e+00 
8.4279e+02     0.0000e+00  0.0000e+00     0.0000e+00  0.0000e+00     0.0000e+00  0.0000e+00     0.0000e+00  0.0000e+00 
9.4563e+02     0.0000e+00  0.0000e+00     0.0000e+00  0.0000e+00     0.0000e+00  0.0000e+00     0.0000e+00  0.0000e+00 
1.0610e+03     0.0000e+00  0.0000e+00     0.0000e+00  0.0000e+00     0.0000e+00  0.0000e+00     0.0000e+00  0.0000e+00 
1.1905e+03     0.0000e+00  0.0000e+00     0.0000e+00  0.0000e+00     0.0000e+00  0.0000e+00     0.0000e+00  0.0000e+00 
1.3357e+03     0.0000e+00  0.0000e+00     0.0000e+00  0.0000e+00     0.0000e+00  0.0000e+00     0.0000e+00  0.0000e+00 
1.4987e+03     0.0000e+00  0.0000e+00     0.0000e+00  0.0000e+00     0.0000e+00  0.0000e+00     0.0000e+00  0.0000e+00 
1.6816e+03     0.0000e+00  0.0000e+00     0.0000e+00  0.0000e+00     0.0000e+00  0.0000e+00     0.0000e+00  0.0000e+00 
1.8868e+03     0.0000e+00  0.0000e+00     0.0000e+00  0.0000e+00     0.0000e+00  0.0000e+00     0.0000e+00  0.0000e+00 
2.1170e+03     0.0000e+00  0.0000e+00     0.0000e+00  0.0000e+00     0.0000e+00  0.0000e+00     0.0000e+00  0.0000e+00 
2.3753e+03     0.0000e+00  0.0000e+00     0.0000e+00  0.0000e+00     0.0000e+00  0.0000e+00     0.0000e+00  0.0000e+00 
2.6651e+03     0.0000e+00  0.0000e+00     0.0000e+00  0.0000e+00     0.0000e+00  0.0000e+00     0.0000e+00  0.0000e+00 
2.9903e+03     0.0000e+00  0.0000e+00     0.0000e+00  0.0000e+00     0.0000e+00  0.0000e+00     0.0000e+00  0.0000e+00 
3.3552e+03     0.0000e+00  0.0000e+00     0.0000e+00  0.0000e+00     0.0000e+00  0.0000e+00     0.0000e+00  0.0000e+00 
3.7646e+03     0.0000e+00  0.0000e+00     0.0000e+00  0.0000e+00     0.0000e+00  0.0000e+00     0.0000e+00  0.0000e+00 
4.2240e+03     0.0000e+00  0.0000e+00     0.0000e+00  0.0000e+00     0.0000e+00  0.0000e+00     0.0000e+00  0.0000e+00 
4.7394e+03     0.0000e+00  0.0000e+00     0.0000e+00  0.0000e+00     0.0000e+00  0.0000e+00     0.0000e+00  0.0000e+00 
5.3176e+03     0.0000e+00  0.0000e+00     0.0000e+00  0.0000e+00     0.0000e+00  0.0000e+00     0.0000e+00  0.0000e+00 
5.9665e+03     0.0000e+00  0.0000e+00     0.0000e+00  0.0000e+00     0.0000e+00  0.0000e+00     0.0000e+00  0.0000e+00 
6.6945e+03     0.0000e+00  0.0000e+00     0.0000e+00  0.0000e+00     0.0000e+00  0.0000e+00     0.0000e+00  0.0000e+00 
7.5114e+03     0.0000e+00  0.0000e+00     0.0000e+00  0.0000e+00     0.0000e+00  0.0000e+00     0.0000e+00  0.0000e+00 
8.4279e+03     0.0000e+00  0.0000e+00     0.0000e+00  0.0000e+00     0.0000e+00  0.0000e+00     0.0000e+00  0.0000e+00 
9.4563e+03     0.0000e+00  0.0000e+00     0.0000e+00  0.0000e+00     0.0000e+00  0.0000e+00     0.0000e+00  0.0000e+00 
