yF = 1.2175e+02 (std: 0.0000e+00) keV/um
yD = 1.4040e+02 (std: 0.0000e+00) keV/um
y (keV/um)     f(y)(std)                  yf(y)(std)                 d(y)(std)                  yd(y)(std)  
1.0610e-01     2.2948e-03  0.0000e+00     2.4348e-04  0.0000e+00     1.9998e-06  0.0000e+00     2.1218e-07  0.0000e+00 
1.1905e-01     3.6521e-04  0.0000e+00     4.3478e-05  0.0000e+00     3.5710e-07  0.0000e+00     4.2512e-08  0.0000e+00 
1.3357e-01     1.3020e-04  0.0000e+00     1.7391e-05  0.0000e+00     1.4284e-07  0.0000e+00     1.9080e-08  0.0000e+00 
1.4987e-01     4.6416e-04  0.0000e+00     6.9564e-05  0.0000e+00     5.7136e-07  0.0000e+00     8.5631e-08  0.0000e+00 
1.6816e-01     4.1368e-04  0.0000e+00     6.9564e-05  0.0000e+00     5.7136e-07  0.0000e+00     9.6079e-08  0.0000e+00 
1.8868e-01     1.8435e-04  0.0000e+00     3.4782e-05  0.0000e+00     2.8568e-07  0.0000e+00     5.3901e-08  0.0000e+00 
2.1170e-01     2.4645e-04  0.0000e+00     5.2173e-05  0.0000e+00     4.2852e-07  0.0000e+00     9.0718e-08  0.0000e+00 
2.3753e-01     2.5626e-04  0.0000e+00     6.0869e-05  0.0000e+00     4.9994e-07  0.0000e+00     1.1875e-07  0.0000e+00 
2.6651e-01     3.5890e-04  0.0000e+00     9.5651e-05  0.0000e+00     7.8562e-07  0.0000e+00     2.0938e-07  0.0000e+00 
2.9903e-01     8.7237e-05  0.0000e+00     2.6087e-05  0.0000e+00     2.1426e-07  0.0000e+00     6.4071e-08  0.0000e+00 
3.3552e-01     1.8142e-04  0.0000e+00     6.0869e-05  0.0000e+00     4.9994e-07  0.0000e+00     1.6774e-07  0.0000e+00 
3.7646e-01     1.8479e-04  0.0000e+00     6.9564e-05  0.0000e+00     5.7136e-07  0.0000e+00     2.1510e-07  0.0000e+00 
4.2240e-01     3.2938e-04  0.0000e+00     1.3913e-04  0.0000e+00     1.1427e-06  0.0000e+00     4.8268e-07  0.0000e+00 
4.7394e-01     2.5687e-04  0.0000e+00     1.2174e-04  0.0000e+00     9.9988e-07  0.0000e+00     4.7388e-07  0.0000e+00 
5.3176e-01     1.1447e-04  0.0000e+00     6.0869e-05  0.0000e+00     4.9994e-07  0.0000e+00     2.6585e-07  0.0000e+00 
5.9665e-01     1.8946e-04  0.0000e+00     1.1304e-04  0.0000e+00     9.2846e-07  0.0000e+00     5.5397e-07  0.0000e+00 
6.6945e-01     1.4288e-04  0.0000e+00     9.5651e-05  0.0000e+00     7.8562e-07  0.0000e+00     5.2594e-07  0.0000e+00 
7.5114e-01     1.0419e-04  0.0000e+00     7.8260e-05  0.0000e+00     6.4278e-07  0.0000e+00     4.8282e-07  0.0000e+00 
8.4279e-01     7.2223e-05  0.0000e+00     6.0869e-05  0.0000e+00     4.9994e-07  0.0000e+00     4.2135e-07  0.0000e+00 
9.4563e-01     5.5173e-05  0.0000e+00     5.2173e-05  0.0000e+00     4.2852e-07  0.0000e+00     4.0522e-07  0.0000e+00 
1.0610e+00     5.7369e-05  0.0000e+00     6.0869e-05  0.0000e+00     4.9994e-07  0.0000e+00     5.3044e-07  0.0000e+00 
1.1905e+00     4.3826e-05  0.0000e+00     5.2173e-05  0.0000e+00     4.2852e-07  0.0000e+00     5.1014e-07  0.0000e+00 
1.3357e+00     4.5570e-05  0.0000e+00     6.0869e-05  0.0000e+00     4.9994e-07  0.0000e+00     6.6779e-07  0.0000e+00 
1.4987e+00     2.9010e-05  0.0000e+00     4.3478e-05  0.0000e+00     3.5710e-07  0.0000e+00     5.3519e-07  0.0000e+00 
1.6816e+00     1.0342e-05  0.0000e+00     1.7391e-05  0.0000e+00     1.4284e-07  0.0000e+00     2.4020e-07  0.0000e+00 
1.8868e+00     1.3826e-05  0.0000e+00     2.6087e-05  0.0000e+00     2.1426e-07  0.0000e+00     4.0426e-07  0.0000e+00 
2.1170e+00     8.2150e-06  0.0000e+00     1.7391e-05  0.0000e+00     1.4284e-07  0.0000e+00     3.0239e-07  0.0000e+00 
2.3753e+00     0.0000e+00  0.0000e+00     0.0000e+00  0.0000e+00     0.0000e+00  0.0000e+00     0.0000e+00  0.0000e+00 
2.6651e+00     0.0000e+00  0.0000e+00     0.0000e+00  0.0000e+00     0.0000e+00  0.0000e+00     0.0000e+00  0.0000e+00 
2.9903e+00     0.0000e+00  0.0000e+00     0.0000e+00  0.0000e+00     0.0000e+00  0.0000e+00     0.0000e+00  0.0000e+00 
3.3552e+00     0.0000e+00  0.0000e+00     0.0000e+00  0.0000e+00     0.0000e+00  0.0000e+00     0.0000e+00  0.0000e+00 
3.7646e+00     0.0000e+00  0.0000e+00     0.0000e+00  0.0000e+00     0.0000e+00  0.0000e+00     0.0000e+00  0.0000e+00 
4.2240e+00     0.0000e+00  0.0000e+00     0.0000e+00  0.0000e+00     0.0000e+00  0.0000e+00     0.0000e+00  0.0000e+00 
4.7394e+00     0.0000e+00  0.0000e+00     0.0000e+00  0.0000e+00     0.0000e+00  0.0000e+00     0.0000e+00  0.0000e+00 
5.3176e+00     0.0000e+00  0.0000e+00     0.0000e+00  0.0000e+00     0.0000e+00  0.0000e+00     0.0000e+00  0.0000e+00 
5.9665e+00     2.3318e-05  0.0000e+00     1.3913e-04  0.0000e+00     1.1427e-06  0.0000e+00     6.8181e-06  0.0000e+00 
6.6945e+00     2.9875e-05  0.0000e+00     2.0000e-04  0.0000e+00     1.6427e-06  0.0000e+00     1.0997e-05  0.0000e+00 
7.5114e+00     1.5049e-05  0.0000e+00     1.1304e-04  0.0000e+00     9.2846e-07  0.0000e+00     6.9740e-06  0.0000e+00 
8.4279e+00     2.5278e-04  0.0000e+00     2.1304e-03  0.0000e+00     1.7498e-05  0.0000e+00     1.4747e-04  0.0000e+00 
9.4563e+00     1.7747e-04  0.0000e+00     1.6782e-03  0.0000e+00     1.3784e-05  0.0000e+00     1.3035e-04  0.0000e+00 
1.0610e+01     2.4505e-04  0.0000e+00     2.6000e-03  0.0000e+00     2.1355e-05  0.0000e+00     2.2657e-04  0.0000e+00 
1.1905e+01     1.7238e-04  0.0000e+00     2.0522e-03  0.0000e+00     1.6855e-05  0.0000e+00     2.0066e-04  0.0000e+00 
1.3357e+01     1.4517e-04  0.0000e+00     1.9391e-03  0.0000e+00     1.5927e-05  0.0000e+00     2.1274e-04  0.0000e+00 
1.4987e+01     1.1604e-04  0.0000e+00     1.7391e-03  0.0000e+00     1.4284e-05  0.0000e+00     2.1408e-04  0.0000e+00 
1.6816e+01     2.7975e-04  0.0000e+00     4.7043e-03  0.0000e+00     3.8638e-05  0.0000e+00     6.4974e-04  0.0000e+00 
1.8868e+01     4.3322e-04  0.0000e+00     8.1738e-03  0.0000e+00     6.7135e-05  0.0000e+00     1.2667e-03  0.0000e+00 
2.1170e+01     5.3973e-04  0.0000e+00     1.1426e-02  0.0000e+00     9.3846e-05  0.0000e+00     1.9867e-03  0.0000e+00 
2.3753e+01     5.2752e-04  0.0000e+00     1.2530e-02  0.0000e+00     1.0292e-04  0.0000e+00     2.4446e-03  0.0000e+00 
2.6651e+01     7.0736e-04  0.0000e+00     1.8852e-02  0.0000e+00     1.5484e-04  0.0000e+00     4.1267e-03  0.0000e+00 
2.9903e+01     9.6833e-04  0.0000e+00     2.8956e-02  0.0000e+00     2.3783e-04  0.0000e+00     7.1119e-03  0.0000e+00 
3.3552e+01     1.2303e-03  0.0000e+00     4.1278e-02  0.0000e+00     3.3903e-04  0.0000e+00     1.1375e-02  0.0000e+00 
3.7646e+01     1.5972e-03  0.0000e+00     6.0130e-02  0.0000e+00     4.9387e-04  0.0000e+00     1.8592e-02  0.0000e+00 
4.2240e+01     2.0811e-03  0.0000e+00     8.7903e-02  0.0000e+00     7.2199e-04  0.0000e+00     3.0496e-02  0.0000e+00 
4.7394e+01     2.6101e-03  0.0000e+00     1.2370e-01  0.0000e+00     1.0160e-03  0.0000e+00     4.8153e-02  0.0000e+00 
5.3176e+01     3.3831e-03  0.0000e+00     1.7990e-01  0.0000e+00     1.4776e-03  0.0000e+00     7.8574e-02  0.0000e+00 
5.9665e+01     4.2425e-03  0.0000e+00     2.5313e-01  0.0000e+00     2.0790e-03  0.0000e+00     1.2405e-01  0.0000e+00 
6.6945e+01     5.2151e-03  0.0000e+00     3.4913e-01  0.0000e+00     2.8675e-03  0.0000e+00     1.9197e-01  0.0000e+00 
7.5114e+01     6.3054e-03  0.0000e+00     4.7362e-01  0.0000e+00     3.8900e-03  0.0000e+00     2.9220e-01  0.0000e+00 
8.4279e+01     7.2978e-03  0.0000e+00     6.1505e-01  0.0000e+00     5.0517e-03  0.0000e+00     4.2575e-01  0.0000e+00 
9.4563e+01     8.1489e-03  0.0000e+00     7.7058e-01  0.0000e+00     6.3291e-03  0.0000e+00     5.9850e-01  0.0000e+00 
1.0610e+02     8.5216e-03  0.0000e+00     9.0415e-01  0.0000e+00     7.4261e-03  0.0000e+00     7.8792e-01  0.0000e+00 
1.1905e+02     8.3809e-03  0.0000e+00     9.9772e-01  0.0000e+00     8.1947e-03  0.0000e+00     9.7555e-01  0.0000e+00 
1.3357e+02     7.5348e-03  0.0000e+00     1.0064e+00  0.0000e+00     8.2663e-03  0.0000e+00     1.1042e+00  0.0000e+00 
1.4987e+02     6.1801e-03  0.0000e+00     9.2622e-01  0.0000e+00     7.6074e-03  0.0000e+00     1.1401e+00  0.0000e+00 
1.6816e+02     4.4479e-03  0.0000e+00     7.4795e-01  0.0000e+00     6.1432e-03  0.0000e+00     1.0330e+00  0.0000e+00 
1.8868e+02     2.7719e-03  0.0000e+00     5.2299e-01  0.0000e+00     4.2955e-03  0.0000e+00     8.1046e-01  0.0000e+00 
2.1170e+02     1.4609e-03  0.0000e+00     3.0927e-01  0.0000e+00     2.5401e-03  0.0000e+00     5.3774e-01  0.0000e+00 
2.3753e+02     6.3962e-04  0.0000e+00     1.5193e-01  0.0000e+00     1.2479e-03  0.0000e+00     2.9640e-01  0.0000e+00 
2.6651e+02     2.0627e-04  0.0000e+00     5.4973e-02  0.0000e+00     4.5152e-04  0.0000e+00     1.2034e-01  0.0000e+00 
2.9903e+02     5.4930e-05  0.0000e+00     1.6426e-02  0.0000e+00     1.3491e-04  0.0000e+00     4.0343e-02  0.0000e+00 
3.3552e+02     1.0159e-05  0.0000e+00     3.4087e-03  0.0000e+00     2.7997e-05  0.0000e+00     9.3935e-03  0.0000e+00 
3.7646e+02     1.2704e-06  0.0000e+00     4.7826e-04  0.0000e+00     3.9281e-06  0.0000e+00     1.4788e-03  0.0000e+00 
4.2240e+02     8.2345e-08  0.0000e+00     3.4782e-05  0.0000e+00     2.8568e-07  0.0000e+00     1.2067e-04  0.0000e+00 
4.7394e+02     0.0000e+00  0.0000e+00     0.0000e+00  0.0000e+00     0.0000e+00  0.0000e+00     0.0000e+00  0.0000e+00 
5.3176e+02     0.0000e+00  0.0000e+00     0.0000e+00  0.0000e+00     0.0000e+00  0.0000e+00     0.0000e+00  0.0000e+00 
5.9665e+02     0.0000e+00  0.0000e+00     0.0000e+00  0.0000e+00     0.0000e+00  0.0000e+00     0.0000e+00  0.0000e+00 
6.6945e+02     0.0000e+00  0.0000e+00     0.0000e+00  0.0000e+00     0.0000e+00  0.0000e+00     0.0000e+00  0.0000e+00 
7.5114e+02     0.0000e+00  0.0000e+00     0.0000e+00  0.0000e+00     0.0000e+00  0.0000e+00     0.0000e+00  0.0000e+00 
8.4279e+02     0.0000e+00  0.0000e+00     0.0000e+00  0.0000e+00     0.0000e+00  0.0000e+00     0.0000e+00  0.0000e+00 
9.4563e+02     0.0000e+00  0.0000e+00     0.0000e+00  0.0000e+00     0.0000e+00  0.0000e+00     0.0000e+00  0.0000e+00 
1.0610e+03     0.0000e+00  0.0000e+00     0.0000e+00  0.0000e+00     0.0000e+00  0.0000e+00     0.0000e+00  0.0000e+00 
1.1905e+03     0.0000e+00  0.0000e+00     0.0000e+00  0.0000e+00     0.0000e+00  0.0000e+00     0.0000e+00  0.0000e+00 
1.3357e+03     0.0000e+00  0.0000e+00     0.0000e+00  0.0000e+00     0.0000e+00  0.0000e+00     0.0000e+00  0.0000e+00 
1.4987e+03     0.0000e+00  0.0000e+00     0.0000e+00  0.0000e+00     0.0000e+00  0.0000e+00     0.0000e+00  0.0000e+00 
1.6816e+03     0.0000e+00  0.0000e+00     0.0000e+00  0.0000e+00     0.0000e+00  0.0000e+00     0.0000e+00  0.0000e+00 
1.8868e+03     0.0000e+00  0.0000e+00     0.0000e+00  0.0000e+00     0.0000e+00  0.0000e+00     0.0000e+00  0.0000e+00 
2.1170e+03     0.0000e+00  0.0000e+00     0.0000e+00  0.0000e+00     0.0000e+00  0.0000e+00     0.0000e+00  0.0000e+00 
2.3753e+03     0.0000e+00  0.0000e+00     0.0000e+00  0.0000e+00     0.0000e+00  0.0000e+00     0.0000e+00  0.0000e+00 
2.6651e+03     0.0000e+00  0.0000e+00     0.0000e+00  0.0000e+00     0.0000e+00  0.0000e+00     0.0000e+00  0.0000e+00 
2.9903e+03     0.0000e+00  0.0000e+00     0.0000e+00  0.0000e+00     0.0000e+00  0.0000e+00     0.0000e+00  0.0000e+00 
3.3552e+03     0.0000e+00  0.0000e+00     0.0000e+00  0.0000e+00     0.0000e+00  0.0000e+00     0.0000e+00  0.0000e+00 
3.7646e+03     0.0000e+00  0.0000e+00     0.0000e+00  0.0000e+00     0.0000e+00  0.0000e+00     0.0000e+00  0.0000e+00 
4.2240e+03     0.0000e+00  0.0000e+00     0.0000e+00  0.0000e+00     0.0000e+00  0.0000e+00     0.0000e+00  0.0000e+00 
4.7394e+03     0.0000e+00  0.0000e+00     0.0000e+00  0.0000e+00     0.0000e+00  0.0000e+00     0.0000e+00  0.0000e+00 
5.3176e+03     0.0000e+00  0.0000e+00     0.0000e+00  0.0000e+00     0.0000e+00  0.0000e+00     0.0000e+00  0.0000e+00 
5.9665e+03     0.0000e+00  0.0000e+00     0.0000e+00  0.0000e+00     0.0000e+00  0.0000e+00     0.0000e+00  0.0000e+00 
6.6945e+03     0.0000e+00  0.0000e+00     0.0000e+00  0.0000e+00     0.0000e+00  0.0000e+00     0.0000e+00  0.0000e+00 
7.5114e+03     0.0000e+00  0.0000e+00     0.0000e+00  0.0000e+00     0.0000e+00  0.0000e+00     0.0000e+00  0.0000e+00 
8.4279e+03     0.0000e+00  0.0000e+00     0.0000e+00  0.0000e+00     0.0000e+00  0.0000e+00     0.0000e+00  0.0000e+00 
9.4563e+03     0.0000e+00  0.0000e+00     0.0000e+00  0.0000e+00     0.0000e+00  0.0000e+00     0.0000e+00  0.0000e+00 
