yF = 4.7920e+00 (std: 0.0000e+00) keV/um
yD = 2.3324e+01 (std: 0.0000e+00) keV/um
y (keV/um)     f(y)(std)                  yf(y)(std)                 d(y)(std)                  yd(y)(std)  
1.0610e-01     2.5757e+01  0.0000e+00     2.7329e+00  0.0000e+00     5.7030e-01  0.0000e+00     6.0509e-02  0.0000e+00 
1.1905e-01     1.9253e+00  0.0000e+00     2.2920e-01  0.0000e+00     4.7829e-02  0.0000e+00     5.6939e-03  0.0000e+00 
1.3357e-01     6.6802e-01  0.0000e+00     8.9229e-02  0.0000e+00     1.8620e-02  0.0000e+00     2.4872e-03  0.0000e+00 
1.4987e-01     2.8718e+00  0.0000e+00     4.3040e-01  0.0000e+00     8.9816e-02  0.0000e+00     1.3461e-02  0.0000e+00 
1.6816e-01     8.3235e-01  0.0000e+00     1.3997e-01  0.0000e+00     2.9209e-02  0.0000e+00     4.9117e-03  0.0000e+00 
1.8868e-01     5.2856e-01  0.0000e+00     9.9727e-02  0.0000e+00     2.0811e-02  0.0000e+00     3.9266e-03  0.0000e+00 
2.1170e-01     6.0331e-01  0.0000e+00     1.2772e-01  0.0000e+00     2.6653e-02  0.0000e+00     5.6424e-03  0.0000e+00 
2.3753e-01     5.3034e-01  0.0000e+00     1.2597e-01  0.0000e+00     2.6288e-02  0.0000e+00     6.2441e-03  0.0000e+00 
2.6651e-01     2.2320e-01  0.0000e+00     5.9486e-02  0.0000e+00     1.2414e-02  0.0000e+00     3.3084e-03  0.0000e+00 
2.9903e-01     2.3403e-01  0.0000e+00     6.9984e-02  0.0000e+00     1.4604e-02  0.0000e+00     4.3672e-03  0.0000e+00 
3.3552e-01     1.2776e+00  0.0000e+00     4.2865e-01  0.0000e+00     8.9451e-02  0.0000e+00     3.0013e-02  0.0000e+00 
3.7646e-01     9.4344e-01  0.0000e+00     3.5517e-01  0.0000e+00     7.4117e-02  0.0000e+00     2.7902e-02  0.0000e+00 
4.2240e-01     3.8107e-01  0.0000e+00     1.6096e-01  0.0000e+00     3.3590e-02  0.0000e+00     1.4188e-02  0.0000e+00 
4.7394e-01     3.5070e-01  0.0000e+00     1.6621e-01  0.0000e+00     3.4685e-02  0.0000e+00     1.6438e-02  0.0000e+00 
5.3176e-01     2.4676e-01  0.0000e+00     1.3122e-01  0.0000e+00     2.7383e-02  0.0000e+00     1.4561e-02  0.0000e+00 
5.9665e-01     1.4369e-01  0.0000e+00     8.5730e-02  0.0000e+00     1.7890e-02  0.0000e+00     1.0674e-02  0.0000e+00 
6.6945e-01     2.3783e-01  0.0000e+00     1.5921e-01  0.0000e+00     3.3225e-02  0.0000e+00     2.2242e-02  0.0000e+00 
7.5114e-01     1.5606e-01  0.0000e+00     1.1722e-01  0.0000e+00     2.4462e-02  0.0000e+00     1.8374e-02  0.0000e+00 
8.4279e-01     9.1342e-02  0.0000e+00     7.6982e-02  0.0000e+00     1.6065e-02  0.0000e+00     1.3539e-02  0.0000e+00 
9.4563e-01     4.2555e-02  0.0000e+00     4.0241e-02  0.0000e+00     8.3974e-03  0.0000e+00     7.9408e-03  0.0000e+00 
1.0610e+00     4.2874e-02  0.0000e+00     4.5489e-02  0.0000e+00     9.4928e-03  0.0000e+00     1.0072e-02  0.0000e+00 
1.1905e+00     2.2045e-02  0.0000e+00     2.6244e-02  0.0000e+00     5.4766e-03  0.0000e+00     6.5197e-03  0.0000e+00 
1.3357e+00     1.3098e-02  0.0000e+00     1.7496e-02  0.0000e+00     3.6511e-03  0.0000e+00     4.8768e-03  0.0000e+00 
1.4987e+00     8.1718e-03  0.0000e+00     1.2247e-02  0.0000e+00     2.5557e-03  0.0000e+00     3.8303e-03  0.0000e+00 
1.6816e+00     1.0404e-03  0.0000e+00     1.7496e-03  0.0000e+00     3.6511e-04  0.0000e+00     6.1396e-04  0.0000e+00 
1.8868e+00     1.8546e-03  0.0000e+00     3.4992e-03  0.0000e+00     7.3021e-04  0.0000e+00     1.3777e-03  0.0000e+00 
2.1170e+00     1.6529e-03  0.0000e+00     3.4992e-03  0.0000e+00     7.3021e-04  0.0000e+00     1.5459e-03  0.0000e+00 
2.3753e+00     0.0000e+00  0.0000e+00     0.0000e+00  0.0000e+00     0.0000e+00  0.0000e+00     0.0000e+00  0.0000e+00 
2.6651e+00     0.0000e+00  0.0000e+00     0.0000e+00  0.0000e+00     0.0000e+00  0.0000e+00     0.0000e+00  0.0000e+00 
2.9903e+00     0.0000e+00  0.0000e+00     0.0000e+00  0.0000e+00     0.0000e+00  0.0000e+00     0.0000e+00  0.0000e+00 
3.3552e+00     0.0000e+00  0.0000e+00     0.0000e+00  0.0000e+00     0.0000e+00  0.0000e+00     0.0000e+00  0.0000e+00 
3.7646e+00     0.0000e+00  0.0000e+00     0.0000e+00  0.0000e+00     0.0000e+00  0.0000e+00     0.0000e+00  0.0000e+00 
4.2240e+00     0.0000e+00  0.0000e+00     0.0000e+00  0.0000e+00     0.0000e+00  0.0000e+00     0.0000e+00  0.0000e+00 
4.7394e+00     0.0000e+00  0.0000e+00     0.0000e+00  0.0000e+00     0.0000e+00  0.0000e+00     0.0000e+00  0.0000e+00 
5.3176e+00     0.0000e+00  0.0000e+00     0.0000e+00  0.0000e+00     0.0000e+00  0.0000e+00     0.0000e+00  0.0000e+00 
5.9665e+00     1.0908e-01  0.0000e+00     6.5085e-01  0.0000e+00     1.3582e-01  0.0000e+00     8.1037e-01  0.0000e+00 
6.6945e+00     1.8033e-02  0.0000e+00     1.2072e-01  0.0000e+00     2.5192e-02  0.0000e+00     1.6865e-01  0.0000e+00 
7.5114e+00     5.1244e-03  0.0000e+00     3.8491e-02  0.0000e+00     8.0323e-03  0.0000e+00     6.0334e-02  0.0000e+00 
8.4279e+00     2.3458e-02  0.0000e+00     1.9770e-01  0.0000e+00     4.1257e-02  0.0000e+00     3.4771e-01  0.0000e+00 
9.4563e+00     1.4247e-02  0.0000e+00     1.3472e-01  0.0000e+00     2.8113e-02  0.0000e+00     2.6585e-01  0.0000e+00 
1.0610e+01     2.5230e-02  0.0000e+00     2.6769e-01  0.0000e+00     5.5861e-02  0.0000e+00     5.9269e-01  0.0000e+00 
1.1905e+01     1.6019e-02  0.0000e+00     1.9071e-01  0.0000e+00     3.9797e-02  0.0000e+00     4.7377e-01  0.0000e+00 
1.3357e+01     2.4101e-02  0.0000e+00     3.2193e-01  0.0000e+00     6.7180e-02  0.0000e+00     8.9734e-01  0.0000e+00 
1.4987e+01     8.8722e-03  0.0000e+00     1.3297e-01  0.0000e+00     2.7748e-02  0.0000e+00     4.1586e-01  0.0000e+00 
1.6816e+01     5.8265e-03  0.0000e+00     9.7977e-02  0.0000e+00     2.0446e-02  0.0000e+00     3.4382e-01  0.0000e+00 
1.8868e+01     5.3783e-03  0.0000e+00     1.0148e-01  0.0000e+00     2.1176e-02  0.0000e+00     3.9955e-01  0.0000e+00 
2.1170e+01     4.1323e-03  0.0000e+00     8.7480e-02  0.0000e+00     1.8255e-02  0.0000e+00     3.8646e-01  0.0000e+00 
2.3753e+01     3.3883e-03  0.0000e+00     8.0481e-02  0.0000e+00     1.6795e-02  0.0000e+00     3.9893e-01  0.0000e+00 
2.6651e+01     2.6259e-03  0.0000e+00     6.9984e-02  0.0000e+00     1.4604e-02  0.0000e+00     3.8922e-01  0.0000e+00 
2.9903e+01     2.0478e-03  0.0000e+00     6.1236e-02  0.0000e+00     1.2779e-02  0.0000e+00     3.8213e-01  0.0000e+00 
3.3552e+01     1.1993e-03  0.0000e+00     4.0241e-02  0.0000e+00     8.3974e-03  0.0000e+00     2.8175e-01  0.0000e+00 
3.7646e+01     1.0689e-03  0.0000e+00     4.0241e-02  0.0000e+00     8.3974e-03  0.0000e+00     3.1613e-01  0.0000e+00 
4.2240e+01     7.4557e-04  0.0000e+00     3.1493e-02  0.0000e+00     6.5719e-03  0.0000e+00     2.7759e-01  0.0000e+00 
4.7394e+01     5.5374e-04  0.0000e+00     2.6244e-02  0.0000e+00     5.4766e-03  0.0000e+00     2.5956e-01  0.0000e+00 
5.3176e+01     4.2772e-04  0.0000e+00     2.2745e-02  0.0000e+00     4.7464e-03  0.0000e+00     2.5240e-01  0.0000e+00 
5.9665e+01     1.7594e-04  0.0000e+00     1.0498e-02  0.0000e+00     2.1906e-03  0.0000e+00     1.3070e-01  0.0000e+00 
6.6945e+01     2.0908e-04  0.0000e+00     1.3997e-02  0.0000e+00     2.9209e-03  0.0000e+00     1.9554e-01  0.0000e+00 
7.5114e+01     1.3976e-04  0.0000e+00     1.0498e-02  0.0000e+00     2.1906e-03  0.0000e+00     1.6455e-01  0.0000e+00 
8.4279e+01     4.1519e-05  0.0000e+00     3.4992e-03  0.0000e+00     7.3021e-04  0.0000e+00     6.1542e-02  0.0000e+00 
9.4563e+01     3.7004e-05  0.0000e+00     3.4992e-03  0.0000e+00     7.3021e-04  0.0000e+00     6.9051e-02  0.0000e+00 
1.0610e+02     1.6490e-05  0.0000e+00     1.7496e-03  0.0000e+00     3.6511e-04  0.0000e+00     3.8738e-02  0.0000e+00 
1.1905e+02     0.0000e+00  0.0000e+00     0.0000e+00  0.0000e+00     0.0000e+00  0.0000e+00     0.0000e+00  0.0000e+00 
1.3357e+02     0.0000e+00  0.0000e+00     0.0000e+00  0.0000e+00     0.0000e+00  0.0000e+00     0.0000e+00  0.0000e+00 
1.4987e+02     0.0000e+00  0.0000e+00     0.0000e+00  0.0000e+00     0.0000e+00  0.0000e+00     0.0000e+00  0.0000e+00 
1.6816e+02     0.0000e+00  0.0000e+00     0.0000e+00  0.0000e+00     0.0000e+00  0.0000e+00     0.0000e+00  0.0000e+00 
1.8868e+02     0.0000e+00  0.0000e+00     0.0000e+00  0.0000e+00     0.0000e+00  0.0000e+00     0.0000e+00  0.0000e+00 
2.1170e+02     0.0000e+00  0.0000e+00     0.0000e+00  0.0000e+00     0.0000e+00  0.0000e+00     0.0000e+00  0.0000e+00 
2.3753e+02     0.0000e+00  0.0000e+00     0.0000e+00  0.0000e+00     0.0000e+00  0.0000e+00     0.0000e+00  0.0000e+00 
2.6651e+02     0.0000e+00  0.0000e+00     0.0000e+00  0.0000e+00     0.0000e+00  0.0000e+00     0.0000e+00  0.0000e+00 
2.9903e+02     0.0000e+00  0.0000e+00     0.0000e+00  0.0000e+00     0.0000e+00  0.0000e+00     0.0000e+00  0.0000e+00 
3.3552e+02     0.0000e+00  0.0000e+00     0.0000e+00  0.0000e+00     0.0000e+00  0.0000e+00     0.0000e+00  0.0000e+00 
3.7646e+02     0.0000e+00  0.0000e+00     0.0000e+00  0.0000e+00     0.0000e+00  0.0000e+00     0.0000e+00  0.0000e+00 
4.2240e+02     0.0000e+00  0.0000e+00     0.0000e+00  0.0000e+00     0.0000e+00  0.0000e+00     0.0000e+00  0.0000e+00 
4.7394e+02     0.0000e+00  0.0000e+00     0.0000e+00  0.0000e+00     0.0000e+00  0.0000e+00     0.0000e+00  0.0000e+00 
5.3176e+02     0.0000e+00  0.0000e+00     0.0000e+00  0.0000e+00     0.0000e+00  0.0000e+00     0.0000e+00  0.0000e+00 
5.9665e+02     0.0000e+00  0.0000e+00     0.0000e+00  0.0000e+00     0.0000e+00  0.0000e+00     0.0000e+00  0.0000e+00 
6.6945e+02     0.0000e+00  0.0000e+00     0.0000e+00  0.0000e+00     0.0000e+00  0.0000e+00     0.0000e+00  0.0000e+00 
7.5114e+02     0.0000e+00  0.0000e+00     0.0000e+00  0.0000e+00     0.0000e+00  0.0000e+00     0.0000e+00  0.0000e+00 
8.4279e+02     0.0000e+00  0.0000e+00     0.0000e+00  0.0000e+00     0.0000e+00  0.0000e+00     0.0000e+00  0.0000e+00 
9.4563e+02     0.0000e+00  0.0000e+00     0.0000e+00  0.0000e+00     0.0000e+00  0.0000e+00     0.0000e+00  0.0000e+00 
1.0610e+03     0.0000e+00  0.0000e+00     0.0000e+00  0.0000e+00     0.0000e+00  0.0000e+00     0.0000e+00  0.0000e+00 
1.1905e+03     0.0000e+00  0.0000e+00     0.0000e+00  0.0000e+00     0.0000e+00  0.0000e+00     0.0000e+00  0.0000e+00 
1.3357e+03     0.0000e+00  0.0000e+00     0.0000e+00  0.0000e+00     0.0000e+00  0.0000e+00     0.0000e+00  0.0000e+00 
1.4987e+03     0.0000e+00  0.0000e+00     0.0000e+00  0.0000e+00     0.0000e+00  0.0000e+00     0.0000e+00  0.0000e+00 
1.6816e+03     0.0000e+00  0.0000e+00     0.0000e+00  0.0000e+00     0.0000e+00  0.0000e+00     0.0000e+00  0.0000e+00 
1.8868e+03     0.0000e+00  0.0000e+00     0.0000e+00  0.0000e+00     0.0000e+00  0.0000e+00     0.0000e+00  0.0000e+00 
2.1170e+03     0.0000e+00  0.0000e+00     0.0000e+00  0.0000e+00     0.0000e+00  0.0000e+00     0.0000e+00  0.0000e+00 
2.3753e+03     0.0000e+00  0.0000e+00     0.0000e+00  0.0000e+00     0.0000e+00  0.0000e+00     0.0000e+00  0.0000e+00 
2.6651e+03     0.0000e+00  0.0000e+00     0.0000e+00  0.0000e+00     0.0000e+00  0.0000e+00     0.0000e+00  0.0000e+00 
2.9903e+03     0.0000e+00  0.0000e+00     0.0000e+00  0.0000e+00     0.0000e+00  0.0000e+00     0.0000e+00  0.0000e+00 
3.3552e+03     0.0000e+00  0.0000e+00     0.0000e+00  0.0000e+00     0.0000e+00  0.0000e+00     0.0000e+00  0.0000e+00 
3.7646e+03     0.0000e+00  0.0000e+00     0.0000e+00  0.0000e+00     0.0000e+00  0.0000e+00     0.0000e+00  0.0000e+00 
4.2240e+03     0.0000e+00  0.0000e+00     0.0000e+00  0.0000e+00     0.0000e+00  0.0000e+00     0.0000e+00  0.0000e+00 
4.7394e+03     0.0000e+00  0.0000e+00     0.0000e+00  0.0000e+00     0.0000e+00  0.0000e+00     0.0000e+00  0.0000e+00 
5.3176e+03     0.0000e+00  0.0000e+00     0.0000e+00  0.0000e+00     0.0000e+00  0.0000e+00     0.0000e+00  0.0000e+00 
5.9665e+03     0.0000e+00  0.0000e+00     0.0000e+00  0.0000e+00     0.0000e+00  0.0000e+00     0.0000e+00  0.0000e+00 
6.6945e+03     0.0000e+00  0.0000e+00     0.0000e+00  0.0000e+00     0.0000e+00  0.0000e+00     0.0000e+00  0.0000e+00 
7.5114e+03     0.0000e+00  0.0000e+00     0.0000e+00  0.0000e+00     0.0000e+00  0.0000e+00     0.0000e+00  0.0000e+00 
8.4279e+03     0.0000e+00  0.0000e+00     0.0000e+00  0.0000e+00     0.0000e+00  0.0000e+00     0.0000e+00  0.0000e+00 
9.4563e+03     0.0000e+00  0.0000e+00     0.0000e+00  0.0000e+00     0.0000e+00  0.0000e+00     0.0000e+00  0.0000e+00 
