yF = 8.5020e+00 (std: 0.0000e+00) keV/um
yD = 2.5664e+01 (std: 0.0000e+00) keV/um
y (keV/um)     f(y)(std)                  yf(y)(std)                 d(y)(std)                  yd(y)(std)  
1.0610e-01     1.9402e+01  0.0000e+00     2.0586e+00  0.0000e+00     2.4213e-01  0.0000e+00     2.5690e-02  0.0000e+00 
1.1905e-01     1.4900e+00  0.0000e+00     1.7738e-01  0.0000e+00     2.0863e-02  0.0000e+00     2.4837e-03  0.0000e+00 
1.3357e-01     4.6658e-01  0.0000e+00     6.2322e-02  0.0000e+00     7.3303e-03  0.0000e+00     9.7913e-04  0.0000e+00 
1.4987e-01     2.1206e+00  0.0000e+00     3.1782e-01  0.0000e+00     3.7382e-02  0.0000e+00     5.6024e-03  0.0000e+00 
1.6816e-01     6.8167e-01  0.0000e+00     1.1463e-01  0.0000e+00     1.3483e-02  0.0000e+00     2.2672e-03  0.0000e+00 
1.8868e-01     4.5781e-01  0.0000e+00     8.6378e-02  0.0000e+00     1.0160e-02  0.0000e+00     1.9169e-03  0.0000e+00 
2.1170e-01     4.8506e-01  0.0000e+00     1.0269e-01  0.0000e+00     1.2078e-02  0.0000e+00     2.5569e-03  0.0000e+00 
2.3753e-01     4.6475e-01  0.0000e+00     1.1039e-01  0.0000e+00     1.2984e-02  0.0000e+00     3.0841e-03  0.0000e+00 
2.6651e-01     2.2132e-01  0.0000e+00     5.8984e-02  0.0000e+00     6.9376e-03  0.0000e+00     1.8490e-03  0.0000e+00 
2.9903e-01     1.8766e-01  0.0000e+00     5.6116e-02  0.0000e+00     6.6003e-03  0.0000e+00     1.9737e-03  0.0000e+00 
3.3552e-01     9.5885e-01  0.0000e+00     3.2171e-01  0.0000e+00     3.7840e-02  0.0000e+00     1.2696e-02  0.0000e+00 
3.7646e-01     6.4161e-01  0.0000e+00     2.4154e-01  0.0000e+00     2.8410e-02  0.0000e+00     1.0695e-02  0.0000e+00 
4.2240e-01     3.0056e-01  0.0000e+00     1.2696e-01  0.0000e+00     1.4932e-02  0.0000e+00     6.3074e-03  0.0000e+00 
4.7394e-01     2.9235e-01  0.0000e+00     1.3856e-01  0.0000e+00     1.6297e-02  0.0000e+00     7.7237e-03  0.0000e+00 
5.3176e-01     1.8626e-01  0.0000e+00     9.9048e-02  0.0000e+00     1.1650e-02  0.0000e+00     6.1950e-03  0.0000e+00 
5.9665e-01     9.7567e-02  0.0000e+00     5.8213e-02  0.0000e+00     6.8470e-03  0.0000e+00     4.0853e-03  0.0000e+00 
6.6945e-01     1.5256e-01  0.0000e+00     1.0213e-01  0.0000e+00     1.2012e-02  0.0000e+00     8.0417e-03  0.0000e+00 
7.5114e-01     1.2736e-01  0.0000e+00     9.5667e-02  0.0000e+00     1.1252e-02  0.0000e+00     8.4520e-03  0.0000e+00 
8.4279e-01     6.4298e-02  0.0000e+00     5.4190e-02  0.0000e+00     6.3737e-03  0.0000e+00     5.3717e-03  0.0000e+00 
9.4563e-01     3.8430e-02  0.0000e+00     3.6341e-02  0.0000e+00     4.2743e-03  0.0000e+00     4.0419e-03  0.0000e+00 
1.0610e+00     3.1669e-02  0.0000e+00     3.3601e-02  0.0000e+00     3.9521e-03  0.0000e+00     4.1932e-03  0.0000e+00 
1.1905e+00     1.5820e-02  0.0000e+00     1.8834e-02  0.0000e+00     2.2152e-03  0.0000e+00     2.6371e-03  0.0000e+00 
1.3357e+00     1.0062e-02  0.0000e+00     1.3440e-02  0.0000e+00     1.5808e-03  0.0000e+00     2.1116e-03  0.0000e+00 
1.4987e+00     4.8267e-03  0.0000e+00     7.2339e-03  0.0000e+00     8.5084e-04  0.0000e+00     1.2752e-03  0.0000e+00 
1.6816e+00     2.3673e-03  0.0000e+00     3.9808e-03  0.0000e+00     4.6821e-04  0.0000e+00     7.8734e-04  0.0000e+00 
1.8868e+00     9.9820e-04  0.0000e+00     1.8834e-03  0.0000e+00     2.2152e-04  0.0000e+00     4.1796e-04  0.0000e+00 
2.1170e+00     1.6175e-04  0.0000e+00     3.4243e-04  0.0000e+00     4.0276e-05  0.0000e+00     8.5265e-05  0.0000e+00 
2.3753e+00     2.1624e-04  0.0000e+00     5.1365e-04  0.0000e+00     6.0415e-05  0.0000e+00     1.4350e-04  0.0000e+00 
2.6651e+00     3.2121e-05  0.0000e+00     8.5608e-05  0.0000e+00     1.0069e-05  0.0000e+00     2.6836e-05  0.0000e+00 
2.9903e+00     0.0000e+00  0.0000e+00     0.0000e+00  0.0000e+00     0.0000e+00  0.0000e+00     0.0000e+00  0.0000e+00 
3.3552e+00     0.0000e+00  0.0000e+00     0.0000e+00  0.0000e+00     0.0000e+00  0.0000e+00     0.0000e+00  0.0000e+00 
3.7646e+00     1.1370e-05  0.0000e+00     4.2804e-05  0.0000e+00     5.0346e-06  0.0000e+00     1.8953e-05  0.0000e+00 
4.2240e+00     0.0000e+00  0.0000e+00     0.0000e+00  0.0000e+00     0.0000e+00  0.0000e+00     0.0000e+00  0.0000e+00 
4.7394e+00     0.0000e+00  0.0000e+00     0.0000e+00  0.0000e+00     0.0000e+00  0.0000e+00     0.0000e+00  0.0000e+00 
5.3176e+00     8.0494e-06  0.0000e+00     4.2804e-05  0.0000e+00     5.0346e-06  0.0000e+00     2.6772e-05  0.0000e+00 
5.9665e+00     6.4696e-02  0.0000e+00     3.8601e-01  0.0000e+00     4.5402e-02  0.0000e+00     2.7089e-01  0.0000e+00 
6.6945e+00     1.7200e-02  0.0000e+00     1.1514e-01  0.0000e+00     1.3543e-02  0.0000e+00     9.0663e-02  0.0000e+00 
7.5114e+00     5.8182e-03  0.0000e+00     4.3703e-02  0.0000e+00     5.1403e-03  0.0000e+00     3.8611e-02  0.0000e+00 
8.4279e+00     4.5684e-02  0.0000e+00     3.8502e-01  0.0000e+00     4.5286e-02  0.0000e+00     3.8166e-01  0.0000e+00 
9.4563e+00     2.1460e-02  0.0000e+00     2.0293e-01  0.0000e+00     2.3869e-02  0.0000e+00     2.2571e-01  0.0000e+00 
1.0610e+01     6.0090e-02  0.0000e+00     6.3756e-01  0.0000e+00     7.4990e-02  0.0000e+00     7.9565e-01  0.0000e+00 
1.1905e+01     2.7887e-02  0.0000e+00     3.3199e-01  0.0000e+00     3.9048e-02  0.0000e+00     4.6486e-01  0.0000e+00 
1.3357e+01     2.2412e-02  0.0000e+00     2.9937e-01  0.0000e+00     3.5212e-02  0.0000e+00     4.7033e-01  0.0000e+00 
1.4987e+01     1.7453e-02  0.0000e+00     2.6157e-01  0.0000e+00     3.0766e-02  0.0000e+00     4.6110e-01  0.0000e+00 
1.6816e+01     1.0266e-02  0.0000e+00     1.7263e-01  0.0000e+00     2.0304e-02  0.0000e+00     3.4144e-01  0.0000e+00 
1.8868e+01     9.2084e-03  0.0000e+00     1.7374e-01  0.0000e+00     2.0435e-02  0.0000e+00     3.8557e-01  0.0000e+00 
2.1170e+01     9.0521e-03  0.0000e+00     1.9163e-01  0.0000e+00     2.2540e-02  0.0000e+00     4.7716e-01  0.0000e+00 
2.3753e+01     8.3308e-03  0.0000e+00     1.9788e-01  0.0000e+00     2.3275e-02  0.0000e+00     5.5285e-01  0.0000e+00 
2.6651e+01     5.6068e-03  0.0000e+00     1.4943e-01  0.0000e+00     1.7576e-02  0.0000e+00     4.6841e-01  0.0000e+00 
2.9903e+01     4.4216e-03  0.0000e+00     1.3222e-01  0.0000e+00     1.5552e-02  0.0000e+00     4.6505e-01  0.0000e+00 
3.3552e+01     3.8617e-03  0.0000e+00     1.2957e-01  0.0000e+00     1.5240e-02  0.0000e+00     5.1132e-01  0.0000e+00 
3.7646e+01     2.9164e-03  0.0000e+00     1.0979e-01  0.0000e+00     1.2914e-02  0.0000e+00     4.8615e-01  0.0000e+00 
4.2240e+01     2.0328e-03  0.0000e+00     8.5865e-02  0.0000e+00     1.0099e-02  0.0000e+00     4.2659e-01  0.0000e+00 
4.7394e+01     1.4875e-03  0.0000e+00     7.0498e-02  0.0000e+00     8.2919e-03  0.0000e+00     3.9298e-01  0.0000e+00 
5.3176e+01     9.2407e-04  0.0000e+00     4.9139e-02  0.0000e+00     5.7797e-03  0.0000e+00     3.0734e-01  0.0000e+00 
5.9665e+01     5.7034e-04  0.0000e+00     3.4029e-02  0.0000e+00     4.0025e-03  0.0000e+00     2.3881e-01  0.0000e+00 
6.6945e+01     3.0818e-04  0.0000e+00     2.0631e-02  0.0000e+00     2.4267e-03  0.0000e+00     1.6245e-01  0.0000e+00 
7.5114e+01     1.3221e-04  0.0000e+00     9.9305e-03  0.0000e+00     1.1680e-03  0.0000e+00     8.7734e-02  0.0000e+00 
8.4279e+01     4.5710e-05  0.0000e+00     3.8524e-03  0.0000e+00     4.5311e-04  0.0000e+00     3.8188e-02  0.0000e+00 
9.4563e+01     1.1316e-05  0.0000e+00     1.0701e-03  0.0000e+00     1.2586e-04  0.0000e+00     1.1902e-02  0.0000e+00 
1.0610e+02     4.0343e-06  0.0000e+00     4.2804e-04  0.0000e+00     5.0346e-05  0.0000e+00     5.3417e-03  0.0000e+00 
1.1905e+02     1.7978e-06  0.0000e+00     2.1402e-04  0.0000e+00     2.5173e-05  0.0000e+00     2.9967e-03  0.0000e+00 
1.3357e+02     0.0000e+00  0.0000e+00     0.0000e+00  0.0000e+00     0.0000e+00  0.0000e+00     0.0000e+00  0.0000e+00 
1.4987e+02     0.0000e+00  0.0000e+00     0.0000e+00  0.0000e+00     0.0000e+00  0.0000e+00     0.0000e+00  0.0000e+00 
1.6816e+02     0.0000e+00  0.0000e+00     0.0000e+00  0.0000e+00     0.0000e+00  0.0000e+00     0.0000e+00  0.0000e+00 
1.8868e+02     0.0000e+00  0.0000e+00     0.0000e+00  0.0000e+00     0.0000e+00  0.0000e+00     0.0000e+00  0.0000e+00 
2.1170e+02     0.0000e+00  0.0000e+00     0.0000e+00  0.0000e+00     0.0000e+00  0.0000e+00     0.0000e+00  0.0000e+00 
2.3753e+02     0.0000e+00  0.0000e+00     0.0000e+00  0.0000e+00     0.0000e+00  0.0000e+00     0.0000e+00  0.0000e+00 
2.6651e+02     0.0000e+00  0.0000e+00     0.0000e+00  0.0000e+00     0.0000e+00  0.0000e+00     0.0000e+00  0.0000e+00 
2.9903e+02     0.0000e+00  0.0000e+00     0.0000e+00  0.0000e+00     0.0000e+00  0.0000e+00     0.0000e+00  0.0000e+00 
3.3552e+02     0.0000e+00  0.0000e+00     0.0000e+00  0.0000e+00     0.0000e+00  0.0000e+00     0.0000e+00  0.0000e+00 
3.7646e+02     0.0000e+00  0.0000e+00     0.0000e+00  0.0000e+00     0.0000e+00  0.0000e+00     0.0000e+00  0.0000e+00 
4.2240e+02     0.0000e+00  0.0000e+00     0.0000e+00  0.0000e+00     0.0000e+00  0.0000e+00     0.0000e+00  0.0000e+00 
4.7394e+02     0.0000e+00  0.0000e+00     0.0000e+00  0.0000e+00     0.0000e+00  0.0000e+00     0.0000e+00  0.0000e+00 
5.3176e+02     0.0000e+00  0.0000e+00     0.0000e+00  0.0000e+00     0.0000e+00  0.0000e+00     0.0000e+00  0.0000e+00 
5.9665e+02     0.0000e+00  0.0000e+00     0.0000e+00  0.0000e+00     0.0000e+00  0.0000e+00     0.0000e+00  0.0000e+00 
6.6945e+02     0.0000e+00  0.0000e+00     0.0000e+00  0.0000e+00     0.0000e+00  0.0000e+00     0.0000e+00  0.0000e+00 
7.5114e+02     0.0000e+00  0.0000e+00     0.0000e+00  0.0000e+00     0.0000e+00  0.0000e+00     0.0000e+00  0.0000e+00 
8.4279e+02     0.0000e+00  0.0000e+00     0.0000e+00  0.0000e+00     0.0000e+00  0.0000e+00     0.0000e+00  0.0000e+00 
9.4563e+02     0.0000e+00  0.0000e+00     0.0000e+00  0.0000e+00     0.0000e+00  0.0000e+00     0.0000e+00  0.0000e+00 
1.0610e+03     0.0000e+00  0.0000e+00     0.0000e+00  0.0000e+00     0.0000e+00  0.0000e+00     0.0000e+00  0.0000e+00 
1.1905e+03     0.0000e+00  0.0000e+00     0.0000e+00  0.0000e+00     0.0000e+00  0.0000e+00     0.0000e+00  0.0000e+00 
1.3357e+03     0.0000e+00  0.0000e+00     0.0000e+00  0.0000e+00     0.0000e+00  0.0000e+00     0.0000e+00  0.0000e+00 
1.4987e+03     0.0000e+00  0.0000e+00     0.0000e+00  0.0000e+00     0.0000e+00  0.0000e+00     0.0000e+00  0.0000e+00 
1.6816e+03     0.0000e+00  0.0000e+00     0.0000e+00  0.0000e+00     0.0000e+00  0.0000e+00     0.0000e+00  0.0000e+00 
1.8868e+03     0.0000e+00  0.0000e+00     0.0000e+00  0.0000e+00     0.0000e+00  0.0000e+00     0.0000e+00  0.0000e+00 
2.1170e+03     0.0000e+00  0.0000e+00     0.0000e+00  0.0000e+00     0.0000e+00  0.0000e+00     0.0000e+00  0.0000e+00 
2.3753e+03     0.0000e+00  0.0000e+00     0.0000e+00  0.0000e+00     0.0000e+00  0.0000e+00     0.0000e+00  0.0000e+00 
2.6651e+03     0.0000e+00  0.0000e+00     0.0000e+00  0.0000e+00     0.0000e+00  0.0000e+00     0.0000e+00  0.0000e+00 
2.9903e+03     0.0000e+00  0.0000e+00     0.0000e+00  0.0000e+00     0.0000e+00  0.0000e+00     0.0000e+00  0.0000e+00 
3.3552e+03     0.0000e+00  0.0000e+00     0.0000e+00  0.0000e+00     0.0000e+00  0.0000e+00     0.0000e+00  0.0000e+00 
3.7646e+03     0.0000e+00  0.0000e+00     0.0000e+00  0.0000e+00     0.0000e+00  0.0000e+00     0.0000e+00  0.0000e+00 
4.2240e+03     0.0000e+00  0.0000e+00     0.0000e+00  0.0000e+00     0.0000e+00  0.0000e+00     0.0000e+00  0.0000e+00 
4.7394e+03     0.0000e+00  0.0000e+00     0.0000e+00  0.0000e+00     0.0000e+00  0.0000e+00     0.0000e+00  0.0000e+00 
5.3176e+03     0.0000e+00  0.0000e+00     0.0000e+00  0.0000e+00     0.0000e+00  0.0000e+00     0.0000e+00  0.0000e+00 
5.9665e+03     0.0000e+00  0.0000e+00     0.0000e+00  0.0000e+00     0.0000e+00  0.0000e+00     0.0000e+00  0.0000e+00 
6.6945e+03     0.0000e+00  0.0000e+00     0.0000e+00  0.0000e+00     0.0000e+00  0.0000e+00     0.0000e+00  0.0000e+00 
7.5114e+03     0.0000e+00  0.0000e+00     0.0000e+00  0.0000e+00     0.0000e+00  0.0000e+00     0.0000e+00  0.0000e+00 
8.4279e+03     0.0000e+00  0.0000e+00     0.0000e+00  0.0000e+00     0.0000e+00  0.0000e+00     0.0000e+00  0.0000e+00 
9.4563e+03     0.0000e+00  0.0000e+00     0.0000e+00  0.0000e+00     0.0000e+00  0.0000e+00     0.0000e+00  0.0000e+00 
