yF = 4.2340e+00 (std: 0.0000e+00) keV/um
yD = 2.0528e+01 (std: 0.0000e+00) keV/um
y (keV/um)     f(y)(std)                  yf(y)(std)                 d(y)(std)                  yd(y)(std)  
1.0610e-01     2.5949e+01  0.0000e+00     2.7532e+00  0.0000e+00     6.5026e-01  0.0000e+00     6.8993e-02  0.0000e+00 
1.1905e-01     1.8287e+00  0.0000e+00     2.1771e-01  0.0000e+00     5.1418e-02  0.0000e+00     6.1212e-03  0.0000e+00 
1.3357e-01     5.4753e-01  0.0000e+00     7.3136e-02  0.0000e+00     1.7273e-02  0.0000e+00     2.3072e-03  0.0000e+00 
1.4987e-01     2.9308e+00  0.0000e+00     4.3924e-01  0.0000e+00     1.0374e-01  0.0000e+00     1.5548e-02  0.0000e+00 
1.6816e-01     7.9904e-01  0.0000e+00     1.3437e-01  0.0000e+00     3.1735e-02  0.0000e+00     5.3364e-03  0.0000e+00 
1.8868e-01     6.0622e-01  0.0000e+00     1.1438e-01  0.0000e+00     2.7015e-02  0.0000e+00     5.0970e-03  0.0000e+00 
2.1170e-01     6.2064e-01  0.0000e+00     1.3139e-01  0.0000e+00     3.1032e-02  0.0000e+00     6.5694e-03  0.0000e+00 
2.3753e-01     5.6926e-01  0.0000e+00     1.3522e-01  0.0000e+00     3.1935e-02  0.0000e+00     7.5856e-03  0.0000e+00 
2.6651e-01     2.6006e-01  0.0000e+00     6.9309e-02  0.0000e+00     1.6369e-02  0.0000e+00     4.3627e-03  0.0000e+00 
2.9903e-01     2.4457e-01  0.0000e+00     7.3136e-02  0.0000e+00     1.7273e-02  0.0000e+00     5.1653e-03  0.0000e+00 
3.3552e-01     1.4473e+00  0.0000e+00     4.8559e-01  0.0000e+00     1.1469e-01  0.0000e+00     3.8480e-02  0.0000e+00 
3.7646e-01     8.8213e-01  0.0000e+00     3.3209e-01  0.0000e+00     7.8433e-02  0.0000e+00     2.9527e-02  0.0000e+00 
4.2240e-01     3.9159e-01  0.0000e+00     1.6541e-01  0.0000e+00     3.9066e-02  0.0000e+00     1.6501e-02  0.0000e+00 
4.7394e-01     4.0463e-01  0.0000e+00     1.9177e-01  0.0000e+00     4.5292e-02  0.0000e+00     2.1466e-02  0.0000e+00 
5.3176e-01     2.3749e-01  0.0000e+00     1.2629e-01  0.0000e+00     2.9826e-02  0.0000e+00     1.5861e-02  0.0000e+00 
5.9665e-01     1.2258e-01  0.0000e+00     7.3136e-02  0.0000e+00     1.7273e-02  0.0000e+00     1.0306e-02  0.0000e+00 
6.6945e-01     1.9626e-01  0.0000e+00     1.3139e-01  0.0000e+00     3.1032e-02  0.0000e+00     2.0774e-02  0.0000e+00 
7.5114e-01     1.6983e-01  0.0000e+00     1.2756e-01  0.0000e+00     3.0128e-02  0.0000e+00     2.2630e-02  0.0000e+00 
8.4279e-01     7.9715e-02  0.0000e+00     6.7183e-02  0.0000e+00     1.5867e-02  0.0000e+00     1.3373e-02  0.0000e+00 
9.4563e-01     4.9462e-02  0.0000e+00     4.6773e-02  0.0000e+00     1.1047e-02  0.0000e+00     1.0446e-02  0.0000e+00 
1.0610e+00     3.8473e-02  0.0000e+00     4.0820e-02  0.0000e+00     9.6409e-03  0.0000e+00     1.0229e-02  0.0000e+00 
1.1905e+00     2.1788e-02  0.0000e+00     2.5938e-02  0.0000e+00     6.1260e-03  0.0000e+00     7.2928e-03  0.0000e+00 
1.3357e+00     1.2097e-02  0.0000e+00     1.6158e-02  0.0000e+00     3.8162e-03  0.0000e+00     5.0974e-03  0.0000e+00 
1.4987e+00     5.9580e-03  0.0000e+00     8.9293e-03  0.0000e+00     2.1089e-03  0.0000e+00     3.1607e-03  0.0000e+00 
1.6816e+00     4.0458e-03  0.0000e+00     6.8033e-03  0.0000e+00     1.6068e-03  0.0000e+00     2.7020e-03  0.0000e+00 
1.8868e+00     2.2536e-04  0.0000e+00     4.2521e-04  0.0000e+00     1.0043e-04  0.0000e+00     1.8948e-04  0.0000e+00 
2.1170e+00     0.0000e+00  0.0000e+00     0.0000e+00  0.0000e+00     0.0000e+00  0.0000e+00     0.0000e+00  0.0000e+00 
2.3753e+00     0.0000e+00  0.0000e+00     0.0000e+00  0.0000e+00     0.0000e+00  0.0000e+00     0.0000e+00  0.0000e+00 
2.6651e+00     1.5954e-04  0.0000e+00     4.2521e-04  0.0000e+00     1.0043e-04  0.0000e+00     2.6765e-04  0.0000e+00 
2.9903e+00     0.0000e+00  0.0000e+00     0.0000e+00  0.0000e+00     0.0000e+00  0.0000e+00     0.0000e+00  0.0000e+00 
3.3552e+00     0.0000e+00  0.0000e+00     0.0000e+00  0.0000e+00     0.0000e+00  0.0000e+00     0.0000e+00  0.0000e+00 
3.7646e+00     0.0000e+00  0.0000e+00     0.0000e+00  0.0000e+00     0.0000e+00  0.0000e+00     0.0000e+00  0.0000e+00 
4.2240e+00     0.0000e+00  0.0000e+00     0.0000e+00  0.0000e+00     0.0000e+00  0.0000e+00     0.0000e+00  0.0000e+00 
4.7394e+00     0.0000e+00  0.0000e+00     0.0000e+00  0.0000e+00     0.0000e+00  0.0000e+00     0.0000e+00  0.0000e+00 
5.3176e+00     0.0000e+00  0.0000e+00     0.0000e+00  0.0000e+00     0.0000e+00  0.0000e+00     0.0000e+00  0.0000e+00 
5.9665e+00     1.1125e-01  0.0000e+00     6.6375e-01  0.0000e+00     1.5676e-01  0.0000e+00     9.3534e-01  0.0000e+00 
6.6945e+00     2.1087e-02  0.0000e+00     1.4117e-01  0.0000e+00     3.3341e-02  0.0000e+00     2.2320e-01  0.0000e+00 
7.5114e+00     6.2269e-03  0.0000e+00     4.6773e-02  0.0000e+00     1.1047e-02  0.0000e+00     8.2977e-02  0.0000e+00 
8.4279e+00     2.5226e-02  0.0000e+00     2.1260e-01  0.0000e+00     5.0213e-02  0.0000e+00     4.2319e-01  0.0000e+00 
9.4563e+00     1.6637e-02  0.0000e+00     1.5733e-01  0.0000e+00     3.7158e-02  0.0000e+00     3.5137e-01  0.0000e+00 
1.0610e+01     4.9213e-02  0.0000e+00     5.2215e-01  0.0000e+00     1.2332e-01  0.0000e+00     1.3085e+00  0.0000e+00 
1.1905e+01     1.5680e-02  0.0000e+00     1.8667e-01  0.0000e+00     4.4087e-02  0.0000e+00     5.2484e-01  0.0000e+00 
1.3357e+01     1.0473e-02  0.0000e+00     1.3989e-01  0.0000e+00     3.3040e-02  0.0000e+00     4.4133e-01  0.0000e+00 
1.4987e+01     5.9296e-03  0.0000e+00     8.8868e-02  0.0000e+00     2.0989e-02  0.0000e+00     3.1457e-01  0.0000e+00 
1.6816e+01     5.7652e-03  0.0000e+00     9.6947e-02  0.0000e+00     2.2897e-02  0.0000e+00     3.8503e-01  0.0000e+00 
1.8868e+01     3.5607e-03  0.0000e+00     6.7183e-02  0.0000e+00     1.5867e-02  0.0000e+00     2.9938e-01  0.0000e+00 
2.1170e+01     3.0329e-03  0.0000e+00     6.4206e-02  0.0000e+00     1.5164e-02  0.0000e+00     3.2103e-01  0.0000e+00 
2.3753e+01     2.7926e-03  0.0000e+00     6.6332e-02  0.0000e+00     1.5666e-02  0.0000e+00     3.7213e-01  0.0000e+00 
2.6651e+01     1.9305e-03  0.0000e+00     5.1450e-02  0.0000e+00     1.2152e-02  0.0000e+00     3.2385e-01  0.0000e+00 
2.9903e+01     1.4362e-03  0.0000e+00     4.2946e-02  0.0000e+00     1.0143e-02  0.0000e+00     3.0331e-01  0.0000e+00 
3.3552e+01     1.3053e-03  0.0000e+00     4.3796e-02  0.0000e+00     1.0344e-02  0.0000e+00     3.4706e-01  0.0000e+00 
3.7646e+01     8.0194e-04  0.0000e+00     3.0190e-02  0.0000e+00     7.1302e-03  0.0000e+00     2.6843e-01  0.0000e+00 
4.2240e+01     4.9326e-04  0.0000e+00     2.0835e-02  0.0000e+00     4.9209e-03  0.0000e+00     2.0786e-01  0.0000e+00 
4.7394e+01     4.3962e-04  0.0000e+00     2.0835e-02  0.0000e+00     4.9209e-03  0.0000e+00     2.3322e-01  0.0000e+00 
5.3176e+01     2.9586e-04  0.0000e+00     1.5733e-02  0.0000e+00     3.7158e-03  0.0000e+00     1.9759e-01  0.0000e+00 
5.9665e+01     1.4966e-04  0.0000e+00     8.9293e-03  0.0000e+00     2.1089e-03  0.0000e+00     1.2583e-01  0.0000e+00 
6.6945e+01     1.2068e-04  0.0000e+00     8.0789e-03  0.0000e+00     1.9081e-03  0.0000e+00     1.2774e-01  0.0000e+00 
7.5114e+01     6.2269e-05  0.0000e+00     4.6773e-03  0.0000e+00     1.1047e-03  0.0000e+00     8.2977e-02  0.0000e+00 
8.4279e+01     4.5407e-05  0.0000e+00     3.8269e-03  0.0000e+00     9.0383e-04  0.0000e+00     7.6174e-02  0.0000e+00 
9.4563e+01     1.3490e-05  0.0000e+00     1.2756e-03  0.0000e+00     3.0128e-04  0.0000e+00     2.8490e-02  0.0000e+00 
1.0610e+02     8.0151e-06  0.0000e+00     8.5041e-04  0.0000e+00     2.0085e-04  0.0000e+00     2.1311e-02  0.0000e+00 
1.1905e+02     0.0000e+00  0.0000e+00     0.0000e+00  0.0000e+00     0.0000e+00  0.0000e+00     0.0000e+00  0.0000e+00 
1.3357e+02     3.1833e-06  0.0000e+00     4.2521e-04  0.0000e+00     1.0043e-04  0.0000e+00     1.3414e-02  0.0000e+00 
1.4987e+02     0.0000e+00  0.0000e+00     0.0000e+00  0.0000e+00     0.0000e+00  0.0000e+00     0.0000e+00  0.0000e+00 
1.6816e+02     0.0000e+00  0.0000e+00     0.0000e+00  0.0000e+00     0.0000e+00  0.0000e+00     0.0000e+00  0.0000e+00 
1.8868e+02     0.0000e+00  0.0000e+00     0.0000e+00  0.0000e+00     0.0000e+00  0.0000e+00     0.0000e+00  0.0000e+00 
2.1170e+02     0.0000e+00  0.0000e+00     0.0000e+00  0.0000e+00     0.0000e+00  0.0000e+00     0.0000e+00  0.0000e+00 
2.3753e+02     0.0000e+00  0.0000e+00     0.0000e+00  0.0000e+00     0.0000e+00  0.0000e+00     0.0000e+00  0.0000e+00 
2.6651e+02     0.0000e+00  0.0000e+00     0.0000e+00  0.0000e+00     0.0000e+00  0.0000e+00     0.0000e+00  0.0000e+00 
2.9903e+02     0.0000e+00  0.0000e+00     0.0000e+00  0.0000e+00     0.0000e+00  0.0000e+00     0.0000e+00  0.0000e+00 
3.3552e+02     0.0000e+00  0.0000e+00     0.0000e+00  0.0000e+00     0.0000e+00  0.0000e+00     0.0000e+00  0.0000e+00 
3.7646e+02     0.0000e+00  0.0000e+00     0.0000e+00  0.0000e+00     0.0000e+00  0.0000e+00     0.0000e+00  0.0000e+00 
4.2240e+02     0.0000e+00  0.0000e+00     0.0000e+00  0.0000e+00     0.0000e+00  0.0000e+00     0.0000e+00  0.0000e+00 
4.7394e+02     0.0000e+00  0.0000e+00     0.0000e+00  0.0000e+00     0.0000e+00  0.0000e+00     0.0000e+00  0.0000e+00 
5.3176e+02     0.0000e+00  0.0000e+00     0.0000e+00  0.0000e+00     0.0000e+00  0.0000e+00     0.0000e+00  0.0000e+00 
5.9665e+02     0.0000e+00  0.0000e+00     0.0000e+00  0.0000e+00     0.0000e+00  0.0000e+00     0.0000e+00  0.0000e+00 
6.6945e+02     0.0000e+00  0.0000e+00     0.0000e+00  0.0000e+00     0.0000e+00  0.0000e+00     0.0000e+00  0.0000e+00 
7.5114e+02     0.0000e+00  0.0000e+00     0.0000e+00  0.0000e+00     0.0000e+00  0.0000e+00     0.0000e+00  0.0000e+00 
8.4279e+02     0.0000e+00  0.0000e+00     0.0000e+00  0.0000e+00     0.0000e+00  0.0000e+00     0.0000e+00  0.0000e+00 
9.4563e+02     0.0000e+00  0.0000e+00     0.0000e+00  0.0000e+00     0.0000e+00  0.0000e+00     0.0000e+00  0.0000e+00 
1.0610e+03     0.0000e+00  0.0000e+00     0.0000e+00  0.0000e+00     0.0000e+00  0.0000e+00     0.0000e+00  0.0000e+00 
1.1905e+03     0.0000e+00  0.0000e+00     0.0000e+00  0.0000e+00     0.0000e+00  0.0000e+00     0.0000e+00  0.0000e+00 
1.3357e+03     0.0000e+00  0.0000e+00     0.0000e+00  0.0000e+00     0.0000e+00  0.0000e+00     0.0000e+00  0.0000e+00 
1.4987e+03     0.0000e+00  0.0000e+00     0.0000e+00  0.0000e+00     0.0000e+00  0.0000e+00     0.0000e+00  0.0000e+00 
1.6816e+03     0.0000e+00  0.0000e+00     0.0000e+00  0.0000e+00     0.0000e+00  0.0000e+00     0.0000e+00  0.0000e+00 
1.8868e+03     0.0000e+00  0.0000e+00     0.0000e+00  0.0000e+00     0.0000e+00  0.0000e+00     0.0000e+00  0.0000e+00 
2.1170e+03     0.0000e+00  0.0000e+00     0.0000e+00  0.0000e+00     0.0000e+00  0.0000e+00     0.0000e+00  0.0000e+00 
2.3753e+03     0.0000e+00  0.0000e+00     0.0000e+00  0.0000e+00     0.0000e+00  0.0000e+00     0.0000e+00  0.0000e+00 
2.6651e+03     0.0000e+00  0.0000e+00     0.0000e+00  0.0000e+00     0.0000e+00  0.0000e+00     0.0000e+00  0.0000e+00 
2.9903e+03     0.0000e+00  0.0000e+00     0.0000e+00  0.0000e+00     0.0000e+00  0.0000e+00     0.0000e+00  0.0000e+00 
3.3552e+03     0.0000e+00  0.0000e+00     0.0000e+00  0.0000e+00     0.0000e+00  0.0000e+00     0.0000e+00  0.0000e+00 
3.7646e+03     0.0000e+00  0.0000e+00     0.0000e+00  0.0000e+00     0.0000e+00  0.0000e+00     0.0000e+00  0.0000e+00 
4.2240e+03     0.0000e+00  0.0000e+00     0.0000e+00  0.0000e+00     0.0000e+00  0.0000e+00     0.0000e+00  0.0000e+00 
4.7394e+03     0.0000e+00  0.0000e+00     0.0000e+00  0.0000e+00     0.0000e+00  0.0000e+00     0.0000e+00  0.0000e+00 
5.3176e+03     0.0000e+00  0.0000e+00     0.0000e+00  0.0000e+00     0.0000e+00  0.0000e+00     0.0000e+00  0.0000e+00 
5.9665e+03     0.0000e+00  0.0000e+00     0.0000e+00  0.0000e+00     0.0000e+00  0.0000e+00     0.0000e+00  0.0000e+00 
6.6945e+03     0.0000e+00  0.0000e+00     0.0000e+00  0.0000e+00     0.0000e+00  0.0000e+00     0.0000e+00  0.0000e+00 
7.5114e+03     0.0000e+00  0.0000e+00     0.0000e+00  0.0000e+00     0.0000e+00  0.0000e+00     0.0000e+00  0.0000e+00 
8.4279e+03     0.0000e+00  0.0000e+00     0.0000e+00  0.0000e+00     0.0000e+00  0.0000e+00     0.0000e+00  0.0000e+00 
9.4563e+03     0.0000e+00  0.0000e+00     0.0000e+00  0.0000e+00     0.0000e+00  0.0000e+00     0.0000e+00  0.0000e+00 
