yF = 4.5762e+00 (std: 0.0000e+00) keV/um
yD = 2.2689e+01 (std: 0.0000e+00) keV/um
y (keV/um)     f(y)(std)                  yf(y)(std)                 d(y)(std)                  yd(y)(std)  
1.0610e-01     2.6552e+01  0.0000e+00     2.8172e+00  0.0000e+00     6.1562e-01  0.0000e+00     6.5318e-02  0.0000e+00 
1.1905e-01     1.8305e+00  0.0000e+00     2.1792e-01  0.0000e+00     4.7620e-02  0.0000e+00     5.6690e-03  0.0000e+00 
1.3357e-01     5.8687e-01  0.0000e+00     7.8389e-02  0.0000e+00     1.7130e-02  0.0000e+00     2.2881e-03  0.0000e+00 
1.4987e-01     2.8353e+00  0.0000e+00     4.2494e-01  0.0000e+00     9.2859e-02  0.0000e+00     1.3917e-02  0.0000e+00 
1.6816e-01     8.9993e-01  0.0000e+00     1.5133e-01  0.0000e+00     3.3069e-02  0.0000e+00     5.5609e-03  0.0000e+00 
1.8868e-01     6.2080e-01  0.0000e+00     1.1713e-01  0.0000e+00     2.5596e-02  0.0000e+00     4.8293e-03  0.0000e+00 
2.1170e-01     5.9475e-01  0.0000e+00     1.2591e-01  0.0000e+00     2.7514e-02  0.0000e+00     5.8246e-03  0.0000e+00 
2.3753e-01     6.2054e-01  0.0000e+00     1.4740e-01  0.0000e+00     3.2210e-02  0.0000e+00     7.6508e-03  0.0000e+00 
2.6651e-01     2.6574e-01  0.0000e+00     7.0823e-02  0.0000e+00     1.5476e-02  0.0000e+00     4.1247e-03  0.0000e+00 
2.9903e-01     2.1154e-01  0.0000e+00     6.3256e-02  0.0000e+00     1.3823e-02  0.0000e+00     4.1335e-03  0.0000e+00 
3.3552e-01     1.3378e+00  0.0000e+00     4.4885e-01  0.0000e+00     9.8084e-02  0.0000e+00     3.2909e-02  0.0000e+00 
3.7646e-01     9.1411e-01  0.0000e+00     3.4413e-01  0.0000e+00     7.5200e-02  0.0000e+00     2.8310e-02  0.0000e+00 
4.2240e-01     3.5755e-01  0.0000e+00     1.5103e-01  0.0000e+00     3.3003e-02  0.0000e+00     1.3940e-02  0.0000e+00 
4.7394e-01     3.8189e-01  0.0000e+00     1.8099e-01  0.0000e+00     3.9551e-02  0.0000e+00     1.8745e-02  0.0000e+00 
5.3176e-01     2.4873e-01  0.0000e+00     1.3226e-01  0.0000e+00     2.8903e-02  0.0000e+00     1.5369e-02  0.0000e+00 
5.9665e-01     1.1515e-01  0.0000e+00     6.8704e-02  0.0000e+00     1.5013e-02  0.0000e+00     8.9578e-03  0.0000e+00 
6.6945e-01     2.0164e-01  0.0000e+00     1.3499e-01  0.0000e+00     2.9498e-02  0.0000e+00     1.9747e-02  0.0000e+00 
7.5114e-01     1.7810e-01  0.0000e+00     1.3378e-01  0.0000e+00     2.9233e-02  0.0000e+00     2.1958e-02  0.0000e+00 
8.4279e-01     8.3316e-02  0.0000e+00     7.0218e-02  0.0000e+00     1.5344e-02  0.0000e+00     1.2932e-02  0.0000e+00 
9.4563e-01     4.3529e-02  0.0000e+00     4.1162e-02  0.0000e+00     8.9949e-03  0.0000e+00     8.5058e-03  0.0000e+00 
1.0610e+00     4.0221e-02  0.0000e+00     4.2675e-02  0.0000e+00     9.3256e-03  0.0000e+00     9.8945e-03  0.0000e+00 
1.1905e+00     1.8814e-02  0.0000e+00     2.2397e-02  0.0000e+00     4.8943e-03  0.0000e+00     5.8265e-03  0.0000e+00 
1.3357e+00     9.5167e-03  0.0000e+00     1.2712e-02  0.0000e+00     2.7778e-03  0.0000e+00     3.7104e-03  0.0000e+00 
1.4987e+00     5.8565e-03  0.0000e+00     8.7772e-03  0.0000e+00     1.9180e-03  0.0000e+00     2.8746e-03  0.0000e+00 
1.6816e+00     1.2599e-03  0.0000e+00     2.1186e-03  0.0000e+00     4.6297e-04  0.0000e+00     7.7853e-04  0.0000e+00 
1.8868e+00     1.2833e-03  0.0000e+00     2.4213e-03  0.0000e+00     5.2911e-04  0.0000e+00     9.9831e-04  0.0000e+00 
2.1170e+00     5.7187e-04  0.0000e+00     1.2106e-03  0.0000e+00     2.6455e-04  0.0000e+00     5.6006e-04  0.0000e+00 
2.3753e+00     0.0000e+00  0.0000e+00     0.0000e+00  0.0000e+00     0.0000e+00  0.0000e+00     0.0000e+00  0.0000e+00 
2.6651e+00     0.0000e+00  0.0000e+00     0.0000e+00  0.0000e+00     0.0000e+00  0.0000e+00     0.0000e+00  0.0000e+00 
2.9903e+00     0.0000e+00  0.0000e+00     0.0000e+00  0.0000e+00     0.0000e+00  0.0000e+00     0.0000e+00  0.0000e+00 
3.3552e+00     0.0000e+00  0.0000e+00     0.0000e+00  0.0000e+00     0.0000e+00  0.0000e+00     0.0000e+00  0.0000e+00 
3.7646e+00     0.0000e+00  0.0000e+00     0.0000e+00  0.0000e+00     0.0000e+00  0.0000e+00     0.0000e+00  0.0000e+00 
4.2240e+00     0.0000e+00  0.0000e+00     0.0000e+00  0.0000e+00     0.0000e+00  0.0000e+00     0.0000e+00  0.0000e+00 
4.7394e+00     0.0000e+00  0.0000e+00     0.0000e+00  0.0000e+00     0.0000e+00  0.0000e+00     0.0000e+00  0.0000e+00 
5.3176e+00     0.0000e+00  0.0000e+00     0.0000e+00  0.0000e+00     0.0000e+00  0.0000e+00     0.0000e+00  0.0000e+00 
5.9665e+00     1.0465e-01  0.0000e+00     6.2439e-01  0.0000e+00     1.3644e-01  0.0000e+00     8.1409e-01  0.0000e+00 
6.6945e+00     2.0119e-02  0.0000e+00     1.3468e-01  0.0000e+00     2.9432e-02  0.0000e+00     1.9703e-01  0.0000e+00 
7.5114e+00     5.3188e-03  0.0000e+00     3.9951e-02  0.0000e+00     8.7303e-03  0.0000e+00     6.5577e-02  0.0000e+00 
8.4279e+00     2.5605e-02  0.0000e+00     2.1580e-01  0.0000e+00     4.7157e-02  0.0000e+00     3.9743e-01  0.0000e+00 
9.4563e+00     1.7636e-02  0.0000e+00     1.6677e-01  0.0000e+00     3.6442e-02  0.0000e+00     3.4461e-01  0.0000e+00 
1.0610e+01     2.5359e-02  0.0000e+00     2.6907e-01  0.0000e+00     5.8797e-02  0.0000e+00     6.2385e-01  0.0000e+00 
1.1905e+01     1.8915e-02  0.0000e+00     2.2518e-01  0.0000e+00     4.9207e-02  0.0000e+00     5.8580e-01  0.0000e+00 
1.3357e+01     1.5521e-02  0.0000e+00     2.0732e-01  0.0000e+00     4.5305e-02  0.0000e+00     6.0515e-01  0.0000e+00 
1.4987e+01     9.3704e-03  0.0000e+00     1.4044e-01  0.0000e+00     3.0688e-02  0.0000e+00     4.5993e-01  0.0000e+00 
1.6816e+01     5.5076e-03  0.0000e+00     9.2615e-02  0.0000e+00     2.0238e-02  0.0000e+00     3.4033e-01  0.0000e+00 
1.8868e+01     4.1066e-03  0.0000e+00     7.7481e-02  0.0000e+00     1.6932e-02  0.0000e+00     3.1946e-01  0.0000e+00 
2.1170e+01     3.7458e-03  0.0000e+00     7.9297e-02  0.0000e+00     1.7328e-02  0.0000e+00     3.6684e-01  0.0000e+00 
2.3753e+01     3.4276e-03  0.0000e+00     8.1416e-02  0.0000e+00     1.7791e-02  0.0000e+00     4.2260e-01  0.0000e+00 
2.6651e+01     2.5098e-03  0.0000e+00     6.6888e-02  0.0000e+00     1.4617e-02  0.0000e+00     3.8955e-01  0.0000e+00 
2.9903e+01     1.8218e-03  0.0000e+00     5.4479e-02  0.0000e+00     1.1905e-02  0.0000e+00     3.5600e-01  0.0000e+00 
3.3552e+01     1.4613e-03  0.0000e+00     4.9031e-02  0.0000e+00     1.0714e-02  0.0000e+00     3.5949e-01  0.0000e+00 
3.7646e+01     1.1738e-03  0.0000e+00     4.4189e-02  0.0000e+00     9.6563e-03  0.0000e+00     3.6352e-01  0.0000e+00 
4.2240e+01     7.0937e-04  0.0000e+00     2.9964e-02  0.0000e+00     6.5477e-03  0.0000e+00     2.7657e-01  0.0000e+00 
4.7394e+01     5.7475e-04  0.0000e+00     2.7240e-02  0.0000e+00     5.9525e-03  0.0000e+00     2.8211e-01  0.0000e+00 
5.3176e+01     3.3581e-04  0.0000e+00     1.7857e-02  0.0000e+00     3.9022e-03  0.0000e+00     2.0750e-01  0.0000e+00 
5.9665e+01     2.5363e-04  0.0000e+00     1.5133e-02  0.0000e+00     3.3069e-03  0.0000e+00     1.9731e-01  0.0000e+00 
6.6945e+01     1.4467e-04  0.0000e+00     9.6852e-03  0.0000e+00     2.1164e-03  0.0000e+00     1.4169e-01  0.0000e+00 
7.5114e+01     9.6705e-05  0.0000e+00     7.2639e-03  0.0000e+00     1.5873e-03  0.0000e+00     1.1923e-01  0.0000e+00 
8.4279e+01     4.6686e-05  0.0000e+00     3.9346e-03  0.0000e+00     8.5980e-04  0.0000e+00     7.2463e-02  0.0000e+00 
9.4563e+01     1.6003e-05  0.0000e+00     1.5133e-03  0.0000e+00     3.3069e-04  0.0000e+00     3.1271e-02  0.0000e+00 
1.0610e+02     5.7052e-06  0.0000e+00     6.0532e-04  0.0000e+00     1.3228e-04  0.0000e+00     1.4035e-02  0.0000e+00 
1.1905e+02     2.5424e-06  0.0000e+00     3.0266e-04  0.0000e+00     6.6139e-05  0.0000e+00     7.8736e-03  0.0000e+00 
1.3357e+02     2.2659e-06  0.0000e+00     3.0266e-04  0.0000e+00     6.6139e-05  0.0000e+00     8.8344e-03  0.0000e+00 
1.4987e+02     0.0000e+00  0.0000e+00     0.0000e+00  0.0000e+00     0.0000e+00  0.0000e+00     0.0000e+00  0.0000e+00 
1.6816e+02     0.0000e+00  0.0000e+00     0.0000e+00  0.0000e+00     0.0000e+00  0.0000e+00     0.0000e+00  0.0000e+00 
1.8868e+02     0.0000e+00  0.0000e+00     0.0000e+00  0.0000e+00     0.0000e+00  0.0000e+00     0.0000e+00  0.0000e+00 
2.1170e+02     0.0000e+00  0.0000e+00     0.0000e+00  0.0000e+00     0.0000e+00  0.0000e+00     0.0000e+00  0.0000e+00 
2.3753e+02     0.0000e+00  0.0000e+00     0.0000e+00  0.0000e+00     0.0000e+00  0.0000e+00     0.0000e+00  0.0000e+00 
2.6651e+02     0.0000e+00  0.0000e+00     0.0000e+00  0.0000e+00     0.0000e+00  0.0000e+00     0.0000e+00  0.0000e+00 
2.9903e+02     0.0000e+00  0.0000e+00     0.0000e+00  0.0000e+00     0.0000e+00  0.0000e+00     0.0000e+00  0.0000e+00 
3.3552e+02     0.0000e+00  0.0000e+00     0.0000e+00  0.0000e+00     0.0000e+00  0.0000e+00     0.0000e+00  0.0000e+00 
3.7646e+02     0.0000e+00  0.0000e+00     0.0000e+00  0.0000e+00     0.0000e+00  0.0000e+00     0.0000e+00  0.0000e+00 
4.2240e+02     0.0000e+00  0.0000e+00     0.0000e+00  0.0000e+00     0.0000e+00  0.0000e+00     0.0000e+00  0.0000e+00 
4.7394e+02     0.0000e+00  0.0000e+00     0.0000e+00  0.0000e+00     0.0000e+00  0.0000e+00     0.0000e+00  0.0000e+00 
5.3176e+02     0.0000e+00  0.0000e+00     0.0000e+00  0.0000e+00     0.0000e+00  0.0000e+00     0.0000e+00  0.0000e+00 
5.9665e+02     0.0000e+00  0.0000e+00     0.0000e+00  0.0000e+00     0.0000e+00  0.0000e+00     0.0000e+00  0.0000e+00 
6.6945e+02     0.0000e+00  0.0000e+00     0.0000e+00  0.0000e+00     0.0000e+00  0.0000e+00     0.0000e+00  0.0000e+00 
7.5114e+02     0.0000e+00  0.0000e+00     0.0000e+00  0.0000e+00     0.0000e+00  0.0000e+00     0.0000e+00  0.0000e+00 
8.4279e+02     0.0000e+00  0.0000e+00     0.0000e+00  0.0000e+00     0.0000e+00  0.0000e+00     0.0000e+00  0.0000e+00 
9.4563e+02     0.0000e+00  0.0000e+00     0.0000e+00  0.0000e+00     0.0000e+00  0.0000e+00     0.0000e+00  0.0000e+00 
1.0610e+03     0.0000e+00  0.0000e+00     0.0000e+00  0.0000e+00     0.0000e+00  0.0000e+00     0.0000e+00  0.0000e+00 
1.1905e+03     0.0000e+00  0.0000e+00     0.0000e+00  0.0000e+00     0.0000e+00  0.0000e+00     0.0000e+00  0.0000e+00 
1.3357e+03     0.0000e+00  0.0000e+00     0.0000e+00  0.0000e+00     0.0000e+00  0.0000e+00     0.0000e+00  0.0000e+00 
1.4987e+03     0.0000e+00  0.0000e+00     0.0000e+00  0.0000e+00     0.0000e+00  0.0000e+00     0.0000e+00  0.0000e+00 
1.6816e+03     0.0000e+00  0.0000e+00     0.0000e+00  0.0000e+00     0.0000e+00  0.0000e+00     0.0000e+00  0.0000e+00 
1.8868e+03     0.0000e+00  0.0000e+00     0.0000e+00  0.0000e+00     0.0000e+00  0.0000e+00     0.0000e+00  0.0000e+00 
2.1170e+03     0.0000e+00  0.0000e+00     0.0000e+00  0.0000e+00     0.0000e+00  0.0000e+00     0.0000e+00  0.0000e+00 
2.3753e+03     0.0000e+00  0.0000e+00     0.0000e+00  0.0000e+00     0.0000e+00  0.0000e+00     0.0000e+00  0.0000e+00 
2.6651e+03     0.0000e+00  0.0000e+00     0.0000e+00  0.0000e+00     0.0000e+00  0.0000e+00     0.0000e+00  0.0000e+00 
2.9903e+03     0.0000e+00  0.0000e+00     0.0000e+00  0.0000e+00     0.0000e+00  0.0000e+00     0.0000e+00  0.0000e+00 
3.3552e+03     0.0000e+00  0.0000e+00     0.0000e+00  0.0000e+00     0.0000e+00  0.0000e+00     0.0000e+00  0.0000e+00 
3.7646e+03     0.0000e+00  0.0000e+00     0.0000e+00  0.0000e+00     0.0000e+00  0.0000e+00     0.0000e+00  0.0000e+00 
4.2240e+03     0.0000e+00  0.0000e+00     0.0000e+00  0.0000e+00     0.0000e+00  0.0000e+00     0.0000e+00  0.0000e+00 
4.7394e+03     0.0000e+00  0.0000e+00     0.0000e+00  0.0000e+00     0.0000e+00  0.0000e+00     0.0000e+00  0.0000e+00 
5.3176e+03     0.0000e+00  0.0000e+00     0.0000e+00  0.0000e+00     0.0000e+00  0.0000e+00     0.0000e+00  0.0000e+00 
5.9665e+03     0.0000e+00  0.0000e+00     0.0000e+00  0.0000e+00     0.0000e+00  0.0000e+00     0.0000e+00  0.0000e+00 
6.6945e+03     0.0000e+00  0.0000e+00     0.0000e+00  0.0000e+00     0.0000e+00  0.0000e+00     0.0000e+00  0.0000e+00 
7.5114e+03     0.0000e+00  0.0000e+00     0.0000e+00  0.0000e+00     0.0000e+00  0.0000e+00     0.0000e+00  0.0000e+00 
8.4279e+03     0.0000e+00  0.0000e+00     0.0000e+00  0.0000e+00     0.0000e+00  0.0000e+00     0.0000e+00  0.0000e+00 
9.4563e+03     0.0000e+00  0.0000e+00     0.0000e+00  0.0000e+00     0.0000e+00  0.0000e+00     0.0000e+00  0.0000e+00 
