yF = 3.6731e+00 (std: 0.0000e+00) keV/um
yD = 1.9996e+01 (std: 0.0000e+00) keV/um
y (keV/um)     f(y)(std)                  yf(y)(std)                 d(y)(std)                  yd(y)(std)  
1.0610e-01     2.6644e+01  0.0000e+00     2.8269e+00  0.0000e+00     7.6963e-01  0.0000e+00     8.1659e-02  0.0000e+00 
1.1905e-01     2.3904e+00  0.0000e+00     2.8457e-01  0.0000e+00     7.7475e-02  0.0000e+00     9.2232e-03  0.0000e+00 
1.3357e-01     6.0295e-01  0.0000e+00     8.0539e-02  0.0000e+00     2.1927e-02  0.0000e+00     2.9288e-03  0.0000e+00 
1.4987e-01     3.1527e+00  0.0000e+00     4.7249e-01  0.0000e+00     1.2864e-01  0.0000e+00     1.9279e-02  0.0000e+00 
1.6816e-01     9.4192e-01  0.0000e+00     1.5839e-01  0.0000e+00     4.3123e-02  0.0000e+00     7.2515e-03  0.0000e+00 
1.8868e-01     5.2646e-01  0.0000e+00     9.9331e-02  0.0000e+00     2.7043e-02  0.0000e+00     5.1024e-03  0.0000e+00 
2.1170e-01     6.9747e-01  0.0000e+00     1.4765e-01  0.0000e+00     4.0199e-02  0.0000e+00     8.5102e-03  0.0000e+00 
2.3753e-01     6.1032e-01  0.0000e+00     1.4497e-01  0.0000e+00     3.9468e-02  0.0000e+00     9.3749e-03  0.0000e+00 
2.6651e-01     4.3314e-01  0.0000e+00     1.1544e-01  0.0000e+00     3.1429e-02  0.0000e+00     8.3761e-03  0.0000e+00 
2.9903e-01     2.0649e-01  0.0000e+00     6.1746e-02  0.0000e+00     1.6811e-02  0.0000e+00     5.0269e-03  0.0000e+00 
3.3552e-01     1.4883e+00  0.0000e+00     4.9934e-01  0.0000e+00     1.3595e-01  0.0000e+00     4.5613e-02  0.0000e+00 
3.7646e-01     1.0483e+00  0.0000e+00     3.9464e-01  0.0000e+00     1.0744e-01  0.0000e+00     4.0448e-02  0.0000e+00 
4.2240e-01     3.4321e-01  0.0000e+00     1.4497e-01  0.0000e+00     3.9468e-02  0.0000e+00     1.6671e-02  0.0000e+00 
4.7394e-01     3.6819e-01  0.0000e+00     1.7450e-01  0.0000e+00     4.7508e-02  0.0000e+00     2.2516e-02  0.0000e+00 
5.3176e-01     2.3223e-01  0.0000e+00     1.2349e-01  0.0000e+00     3.3621e-02  0.0000e+00     1.7879e-02  0.0000e+00 
5.9665e-01     1.3948e-01  0.0000e+00     8.3223e-02  0.0000e+00     2.2658e-02  0.0000e+00     1.3519e-02  0.0000e+00 
6.6945e-01     1.6843e-01  0.0000e+00     1.1275e-01  0.0000e+00     3.0698e-02  0.0000e+00     2.0551e-02  0.0000e+00 
7.5114e-01     2.1444e-01  0.0000e+00     1.6108e-01  0.0000e+00     4.3854e-02  0.0000e+00     3.2940e-02  0.0000e+00 
8.4279e-01     7.3264e-02  0.0000e+00     6.1746e-02  0.0000e+00     1.6811e-02  0.0000e+00     1.4168e-02  0.0000e+00 
9.4563e-01     5.1102e-02  0.0000e+00     4.8323e-02  0.0000e+00     1.3156e-02  0.0000e+00     1.2441e-02  0.0000e+00 
1.0610e+00     4.8075e-02  0.0000e+00     5.1008e-02  0.0000e+00     1.3887e-02  0.0000e+00     1.4734e-02  0.0000e+00 
1.1905e+00     2.0296e-02  0.0000e+00     2.4162e-02  0.0000e+00     6.5781e-03  0.0000e+00     7.8310e-03  0.0000e+00 
1.3357e+00     2.2108e-02  0.0000e+00     2.9531e-02  0.0000e+00     8.0399e-03  0.0000e+00     1.0739e-02  0.0000e+00 
1.4987e+00     8.9564e-03  0.0000e+00     1.3423e-02  0.0000e+00     3.6545e-03  0.0000e+00     5.4770e-03  0.0000e+00 
1.6816e+00     0.0000e+00  0.0000e+00     0.0000e+00  0.0000e+00     0.0000e+00  0.0000e+00     0.0000e+00  0.0000e+00 
1.8868e+00     0.0000e+00  0.0000e+00     0.0000e+00  0.0000e+00     0.0000e+00  0.0000e+00     0.0000e+00  0.0000e+00 
2.1170e+00     1.2681e-03  0.0000e+00     2.6846e-03  0.0000e+00     7.3090e-04  0.0000e+00     1.5473e-03  0.0000e+00 
2.3753e+00     0.0000e+00  0.0000e+00     0.0000e+00  0.0000e+00     0.0000e+00  0.0000e+00     0.0000e+00  0.0000e+00 
2.6651e+00     0.0000e+00  0.0000e+00     0.0000e+00  0.0000e+00     0.0000e+00  0.0000e+00     0.0000e+00  0.0000e+00 
2.9903e+00     0.0000e+00  0.0000e+00     0.0000e+00  0.0000e+00     0.0000e+00  0.0000e+00     0.0000e+00  0.0000e+00 
3.3552e+00     0.0000e+00  0.0000e+00     0.0000e+00  0.0000e+00     0.0000e+00  0.0000e+00     0.0000e+00  0.0000e+00 
3.7646e+00     0.0000e+00  0.0000e+00     0.0000e+00  0.0000e+00     0.0000e+00  0.0000e+00     0.0000e+00  0.0000e+00 
4.2240e+00     0.0000e+00  0.0000e+00     0.0000e+00  0.0000e+00     0.0000e+00  0.0000e+00     0.0000e+00  0.0000e+00 
4.7394e+00     0.0000e+00  0.0000e+00     0.0000e+00  0.0000e+00     0.0000e+00  0.0000e+00     0.0000e+00  0.0000e+00 
5.3176e+00     0.0000e+00  0.0000e+00     0.0000e+00  0.0000e+00     0.0000e+00  0.0000e+00     0.0000e+00  0.0000e+00 
5.9665e+00     1.2059e-01  0.0000e+00     7.1948e-01  0.0000e+00     1.9588e-01  0.0000e+00     1.1687e+00  0.0000e+00 
6.6945e+00     2.4462e-02  0.0000e+00     1.6376e-01  0.0000e+00     4.4585e-02  0.0000e+00     2.9847e-01  0.0000e+00 
7.5114e+00     5.0037e-03  0.0000e+00     3.7585e-02  0.0000e+00     1.0233e-02  0.0000e+00     7.6860e-02  0.0000e+00 
8.4279e+00     2.5483e-02  0.0000e+00     2.1477e-01  0.0000e+00     5.8472e-02  0.0000e+00     4.9279e-01  0.0000e+00 
9.4563e+00     1.2208e-02  0.0000e+00     1.1544e-01  0.0000e+00     3.1429e-02  0.0000e+00     2.9720e-01  0.0000e+00 
1.0610e+01     2.1254e-02  0.0000e+00     2.2551e-01  0.0000e+00     6.1395e-02  0.0000e+00     6.5141e-01  0.0000e+00 
1.1905e+01     1.3982e-02  0.0000e+00     1.6645e-01  0.0000e+00     4.5316e-02  0.0000e+00     5.3947e-01  0.0000e+00 
1.3357e+01     1.3064e-02  0.0000e+00     1.7450e-01  0.0000e+00     4.7508e-02  0.0000e+00     6.3458e-01  0.0000e+00 
1.4987e+01     5.5530e-03  0.0000e+00     8.3223e-02  0.0000e+00     2.2658e-02  0.0000e+00     3.3958e-01  0.0000e+00 
1.6816e+01     3.9912e-03  0.0000e+00     6.7115e-02  0.0000e+00     1.8272e-02  0.0000e+00     3.0727e-01  0.0000e+00 
1.8868e+01     3.1303e-03  0.0000e+00     5.9062e-02  0.0000e+00     1.6080e-02  0.0000e+00     3.0339e-01  0.0000e+00 
2.1170e+01     2.1558e-03  0.0000e+00     4.5639e-02  0.0000e+00     1.2425e-02  0.0000e+00     2.6304e-01  0.0000e+00 
2.3753e+01     3.0516e-03  0.0000e+00     7.2485e-02  0.0000e+00     1.9734e-02  0.0000e+00     4.6875e-01  0.0000e+00 
2.6651e+01     1.4102e-03  0.0000e+00     3.7585e-02  0.0000e+00     1.0233e-02  0.0000e+00     2.7271e-01  0.0000e+00 
2.9903e+01     1.9751e-03  0.0000e+00     5.9062e-02  0.0000e+00     1.6080e-02  0.0000e+00     4.8084e-01  0.0000e+00 
3.3552e+01     1.2802e-03  0.0000e+00     4.2954e-02  0.0000e+00     1.1694e-02  0.0000e+00     3.9237e-01  0.0000e+00 
3.7646e+01     6.4181e-04  0.0000e+00     2.4162e-02  0.0000e+00     6.5781e-03  0.0000e+00     2.4764e-01  0.0000e+00 
4.2240e+01     5.7201e-04  0.0000e+00     2.4162e-02  0.0000e+00     6.5781e-03  0.0000e+00     2.7785e-01  0.0000e+00 
4.7394e+01     2.2658e-04  0.0000e+00     1.0738e-02  0.0000e+00     2.9236e-03  0.0000e+00     1.3856e-01  0.0000e+00 
5.3176e+01     1.0097e-04  0.0000e+00     5.3692e-03  0.0000e+00     1.4618e-03  0.0000e+00     7.7733e-02  0.0000e+00 
5.9665e+01     2.6997e-04  0.0000e+00     1.6108e-02  0.0000e+00     4.3854e-03  0.0000e+00     2.6165e-01  0.0000e+00 
6.6945e+01     1.2031e-04  0.0000e+00     8.0539e-03  0.0000e+00     2.1927e-03  0.0000e+00     1.4679e-01  0.0000e+00 
7.5114e+01     3.5741e-05  0.0000e+00     2.6846e-03  0.0000e+00     7.3090e-04  0.0000e+00     5.4900e-02  0.0000e+00 
8.4279e+01     0.0000e+00  0.0000e+00     0.0000e+00  0.0000e+00     0.0000e+00  0.0000e+00     0.0000e+00  0.0000e+00 
9.4563e+01     2.8390e-05  0.0000e+00     2.6846e-03  0.0000e+00     7.3090e-04  0.0000e+00     6.9115e-02  0.0000e+00 
1.0610e+02     0.0000e+00  0.0000e+00     0.0000e+00  0.0000e+00     0.0000e+00  0.0000e+00     0.0000e+00  0.0000e+00 
1.1905e+02     0.0000e+00  0.0000e+00     0.0000e+00  0.0000e+00     0.0000e+00  0.0000e+00     0.0000e+00  0.0000e+00 
1.3357e+02     0.0000e+00  0.0000e+00     0.0000e+00  0.0000e+00     0.0000e+00  0.0000e+00     0.0000e+00  0.0000e+00 
1.4987e+02     0.0000e+00  0.0000e+00     0.0000e+00  0.0000e+00     0.0000e+00  0.0000e+00     0.0000e+00  0.0000e+00 
1.6816e+02     0.0000e+00  0.0000e+00     0.0000e+00  0.0000e+00     0.0000e+00  0.0000e+00     0.0000e+00  0.0000e+00 
1.8868e+02     0.0000e+00  0.0000e+00     0.0000e+00  0.0000e+00     0.0000e+00  0.0000e+00     0.0000e+00  0.0000e+00 
2.1170e+02     0.0000e+00  0.0000e+00     0.0000e+00  0.0000e+00     0.0000e+00  0.0000e+00     0.0000e+00  0.0000e+00 
2.3753e+02     0.0000e+00  0.0000e+00     0.0000e+00  0.0000e+00     0.0000e+00  0.0000e+00     0.0000e+00  0.0000e+00 
2.6651e+02     0.0000e+00  0.0000e+00     0.0000e+00  0.0000e+00     0.0000e+00  0.0000e+00     0.0000e+00  0.0000e+00 
2.9903e+02     0.0000e+00  0.0000e+00     0.0000e+00  0.0000e+00     0.0000e+00  0.0000e+00     0.0000e+00  0.0000e+00 
3.3552e+02     0.0000e+00  0.0000e+00     0.0000e+00  0.0000e+00     0.0000e+00  0.0000e+00     0.0000e+00  0.0000e+00 
3.7646e+02     0.0000e+00  0.0000e+00     0.0000e+00  0.0000e+00     0.0000e+00  0.0000e+00     0.0000e+00  0.0000e+00 
4.2240e+02     0.0000e+00  0.0000e+00     0.0000e+00  0.0000e+00     0.0000e+00  0.0000e+00     0.0000e+00  0.0000e+00 
4.7394e+02     0.0000e+00  0.0000e+00     0.0000e+00  0.0000e+00     0.0000e+00  0.0000e+00     0.0000e+00  0.0000e+00 
5.3176e+02     0.0000e+00  0.0000e+00     0.0000e+00  0.0000e+00     0.0000e+00  0.0000e+00     0.0000e+00  0.0000e+00 
5.9665e+02     0.0000e+00  0.0000e+00     0.0000e+00  0.0000e+00     0.0000e+00  0.0000e+00     0.0000e+00  0.0000e+00 
6.6945e+02     0.0000e+00  0.0000e+00     0.0000e+00  0.0000e+00     0.0000e+00  0.0000e+00     0.0000e+00  0.0000e+00 
7.5114e+02     0.0000e+00  0.0000e+00     0.0000e+00  0.0000e+00     0.0000e+00  0.0000e+00     0.0000e+00  0.0000e+00 
8.4279e+02     0.0000e+00  0.0000e+00     0.0000e+00  0.0000e+00     0.0000e+00  0.0000e+00     0.0000e+00  0.0000e+00 
9.4563e+02     0.0000e+00  0.0000e+00     0.0000e+00  0.0000e+00     0.0000e+00  0.0000e+00     0.0000e+00  0.0000e+00 
1.0610e+03     0.0000e+00  0.0000e+00     0.0000e+00  0.0000e+00     0.0000e+00  0.0000e+00     0.0000e+00  0.0000e+00 
1.1905e+03     0.0000e+00  0.0000e+00     0.0000e+00  0.0000e+00     0.0000e+00  0.0000e+00     0.0000e+00  0.0000e+00 
1.3357e+03     0.0000e+00  0.0000e+00     0.0000e+00  0.0000e+00     0.0000e+00  0.0000e+00     0.0000e+00  0.0000e+00 
1.4987e+03     0.0000e+00  0.0000e+00     0.0000e+00  0.0000e+00     0.0000e+00  0.0000e+00     0.0000e+00  0.0000e+00 
1.6816e+03     0.0000e+00  0.0000e+00     0.0000e+00  0.0000e+00     0.0000e+00  0.0000e+00     0.0000e+00  0.0000e+00 
1.8868e+03     0.0000e+00  0.0000e+00     0.0000e+00  0.0000e+00     0.0000e+00  0.0000e+00     0.0000e+00  0.0000e+00 
2.1170e+03     0.0000e+00  0.0000e+00     0.0000e+00  0.0000e+00     0.0000e+00  0.0000e+00     0.0000e+00  0.0000e+00 
2.3753e+03     0.0000e+00  0.0000e+00     0.0000e+00  0.0000e+00     0.0000e+00  0.0000e+00     0.0000e+00  0.0000e+00 
2.6651e+03     0.0000e+00  0.0000e+00     0.0000e+00  0.0000e+00     0.0000e+00  0.0000e+00     0.0000e+00  0.0000e+00 
2.9903e+03     0.0000e+00  0.0000e+00     0.0000e+00  0.0000e+00     0.0000e+00  0.0000e+00     0.0000e+00  0.0000e+00 
3.3552e+03     0.0000e+00  0.0000e+00     0.0000e+00  0.0000e+00     0.0000e+00  0.0000e+00     0.0000e+00  0.0000e+00 
3.7646e+03     0.0000e+00  0.0000e+00     0.0000e+00  0.0000e+00     0.0000e+00  0.0000e+00     0.0000e+00  0.0000e+00 
4.2240e+03     0.0000e+00  0.0000e+00     0.0000e+00  0.0000e+00     0.0000e+00  0.0000e+00     0.0000e+00  0.0000e+00 
4.7394e+03     0.0000e+00  0.0000e+00     0.0000e+00  0.0000e+00     0.0000e+00  0.0000e+00     0.0000e+00  0.0000e+00 
5.3176e+03     0.0000e+00  0.0000e+00     0.0000e+00  0.0000e+00     0.0000e+00  0.0000e+00     0.0000e+00  0.0000e+00 
5.9665e+03     0.0000e+00  0.0000e+00     0.0000e+00  0.0000e+00     0.0000e+00  0.0000e+00     0.0000e+00  0.0000e+00 
6.6945e+03     0.0000e+00  0.0000e+00     0.0000e+00  0.0000e+00     0.0000e+00  0.0000e+00     0.0000e+00  0.0000e+00 
7.5114e+03     0.0000e+00  0.0000e+00     0.0000e+00  0.0000e+00     0.0000e+00  0.0000e+00     0.0000e+00  0.0000e+00 
8.4279e+03     0.0000e+00  0.0000e+00     0.0000e+00  0.0000e+00     0.0000e+00  0.0000e+00     0.0000e+00  0.0000e+00 
9.4563e+03     0.0000e+00  0.0000e+00     0.0000e+00  0.0000e+00     0.0000e+00  0.0000e+00     0.0000e+00  0.0000e+00 
