yF = 5.4620e+00 (std: 0.0000e+00) keV/um
yD = 2.4277e+01 (std: 0.0000e+00) keV/um
y (keV/um)     f(y)(std)                  yf(y)(std)                 d(y)(std)                  yd(y)(std)  
1.0610e-01     2.2054e+01  0.0000e+00     2.3400e+00  0.0000e+00     4.2841e-01  0.0000e+00     4.5455e-02  0.0000e+00 
1.1905e-01     1.8027e+00  0.0000e+00     2.1461e-01  0.0000e+00     3.9292e-02  0.0000e+00     4.6776e-03  0.0000e+00 
1.3357e-01     5.7348e-01  0.0000e+00     7.6601e-02  0.0000e+00     1.4024e-02  0.0000e+00     1.8733e-03  0.0000e+00 
1.4987e-01     2.6127e+00  0.0000e+00     3.9157e-01  0.0000e+00     7.1690e-02  0.0000e+00     1.0744e-02  0.0000e+00 
1.6816e-01     8.7578e-01  0.0000e+00     1.4727e-01  0.0000e+00     2.6962e-02  0.0000e+00     4.5340e-03  0.0000e+00 
1.8868e-01     6.2090e-01  0.0000e+00     1.1715e-01  0.0000e+00     2.1448e-02  0.0000e+00     4.0468e-03  0.0000e+00 
2.1170e-01     6.4538e-01  0.0000e+00     1.3663e-01  0.0000e+00     2.5014e-02  0.0000e+00     5.2954e-03  0.0000e+00 
2.3753e-01     6.2773e-01  0.0000e+00     1.4911e-01  0.0000e+00     2.7299e-02  0.0000e+00     6.4842e-03  0.0000e+00 
2.6651e-01     3.1278e-01  0.0000e+00     8.3359e-02  0.0000e+00     1.5262e-02  0.0000e+00     4.0674e-03  0.0000e+00 
2.9903e-01     2.6942e-01  0.0000e+00     8.0566e-02  0.0000e+00     1.4750e-02  0.0000e+00     4.4108e-03  0.0000e+00 
3.3552e-01     1.2186e+00  0.0000e+00     4.0887e-01  0.0000e+00     7.4857e-02  0.0000e+00     2.5116e-02  0.0000e+00 
3.7646e-01     8.7625e-01  0.0000e+00     3.2987e-01  0.0000e+00     6.0394e-02  0.0000e+00     2.2736e-02  0.0000e+00 
4.2240e-01     4.1423e-01  0.0000e+00     1.7497e-01  0.0000e+00     3.2033e-02  0.0000e+00     1.3531e-02  0.0000e+00 
4.7394e-01     4.0326e-01  0.0000e+00     1.9112e-01  0.0000e+00     3.4990e-02  0.0000e+00     1.6583e-02  0.0000e+00 
5.3176e-01     2.8550e-01  0.0000e+00     1.5182e-01  0.0000e+00     2.7795e-02  0.0000e+00     1.4781e-02  0.0000e+00 
5.9665e-01     1.5073e-01  0.0000e+00     8.9931e-02  0.0000e+00     1.6465e-02  0.0000e+00     9.8238e-03  0.0000e+00 
6.6945e-01     2.1637e-01  0.0000e+00     1.4485e-01  0.0000e+00     2.6519e-02  0.0000e+00     1.7753e-02  0.0000e+00 
7.5114e-01     1.9284e-01  0.0000e+00     1.4485e-01  0.0000e+00     2.6519e-02  0.0000e+00     1.9920e-02  0.0000e+00 
8.4279e-01     1.0200e-01  0.0000e+00     8.5967e-02  0.0000e+00     1.5739e-02  0.0000e+00     1.3265e-02  0.0000e+00 
9.4563e-01     6.3899e-02  0.0000e+00     6.0424e-02  0.0000e+00     1.1063e-02  0.0000e+00     1.0461e-02  0.0000e+00 
1.0610e+00     4.9828e-02  0.0000e+00     5.2868e-02  0.0000e+00     9.6792e-03  0.0000e+00     1.0270e-02  0.0000e+00 
1.1905e+00     2.7379e-02  0.0000e+00     3.2593e-02  0.0000e+00     5.9673e-03  0.0000e+00     7.1039e-03  0.0000e+00 
1.3357e+00     1.7410e-02  0.0000e+00     2.3254e-02  0.0000e+00     4.2575e-03  0.0000e+00     5.6869e-03  0.0000e+00 
1.4987e+00     8.5925e-03  0.0000e+00     1.2878e-02  0.0000e+00     2.3577e-03  0.0000e+00     3.5335e-03  0.0000e+00 
1.6816e+00     4.7151e-03  0.0000e+00     7.9289e-03  0.0000e+00     1.4516e-03  0.0000e+00     2.4411e-03  0.0000e+00 
1.8868e+00     2.0025e-03  0.0000e+00     3.7782e-03  0.0000e+00     6.9172e-04  0.0000e+00     1.3051e-03  0.0000e+00 
2.1170e+00     8.5464e-04  0.0000e+00     1.8093e-03  0.0000e+00     3.3125e-04  0.0000e+00     7.0125e-04  0.0000e+00 
2.3753e+00     2.9124e-04  0.0000e+00     6.9178e-04  0.0000e+00     1.2665e-04  0.0000e+00     3.0084e-04  0.0000e+00 
2.6651e+00     1.4975e-04  0.0000e+00     3.9910e-04  0.0000e+00     7.3069e-05  0.0000e+00     1.9474e-04  0.0000e+00 
2.9903e+00     3.5591e-05  0.0000e+00     1.0643e-04  0.0000e+00     1.9485e-05  0.0000e+00     5.8267e-05  0.0000e+00 
3.3552e+00     7.9300e-06  0.0000e+00     2.6607e-05  0.0000e+00     4.8713e-06  0.0000e+00     1.6344e-05  0.0000e+00 
3.7646e+00     7.0677e-06  0.0000e+00     2.6607e-05  0.0000e+00     4.8713e-06  0.0000e+00     1.8338e-05  0.0000e+00 
4.2240e+00     6.2991e-06  0.0000e+00     2.6607e-05  0.0000e+00     4.8713e-06  0.0000e+00     2.0576e-05  0.0000e+00 
4.7394e+00     0.0000e+00  0.0000e+00     0.0000e+00  0.0000e+00     0.0000e+00  0.0000e+00     0.0000e+00  0.0000e+00 
5.3176e+00     0.0000e+00  0.0000e+00     0.0000e+00  0.0000e+00     0.0000e+00  0.0000e+00     0.0000e+00  0.0000e+00 
5.9665e+00     1.0364e-01  0.0000e+00     6.1834e-01  0.0000e+00     1.1321e-01  0.0000e+00     6.7546e-01  0.0000e+00 
6.6945e+00     2.6732e-02  0.0000e+00     1.7896e-01  0.0000e+00     3.2764e-02  0.0000e+00     2.1934e-01  0.0000e+00 
7.5114e+00     6.9463e-03  0.0000e+00     5.2176e-02  0.0000e+00     9.5526e-03  0.0000e+00     7.1753e-02  0.0000e+00 
8.4279e+00     2.7763e-02  0.0000e+00     2.3398e-01  0.0000e+00     4.2838e-02  0.0000e+00     3.6103e-01  0.0000e+00 
9.4563e+00     1.9538e-02  0.0000e+00     1.8476e-01  0.0000e+00     3.3826e-02  0.0000e+00     3.1987e-01  0.0000e+00 
1.0610e+01     2.8821e-02  0.0000e+00     3.0579e-01  0.0000e+00     5.5985e-02  0.0000e+00     5.9401e-01  0.0000e+00 
1.1905e+01     2.0781e-02  0.0000e+00     2.4739e-01  0.0000e+00     4.5293e-02  0.0000e+00     5.3920e-01  0.0000e+00 
1.3357e+01     1.5931e-02  0.0000e+00     2.1280e-01  0.0000e+00     3.8960e-02  0.0000e+00     5.2041e-01  0.0000e+00 
1.4987e+01     9.9950e-03  0.0000e+00     1.4980e-01  0.0000e+00     2.7425e-02  0.0000e+00     4.1103e-01  0.0000e+00 
1.6816e+01     6.5679e-03  0.0000e+00     1.1045e-01  0.0000e+00     2.0221e-02  0.0000e+00     3.4003e-01  0.0000e+00 
1.8868e+01     5.3615e-03  0.0000e+00     1.0116e-01  0.0000e+00     1.8521e-02  0.0000e+00     3.4944e-01  0.0000e+00 
2.1170e+01     5.0839e-03  0.0000e+00     1.0762e-01  0.0000e+00     1.9704e-02  0.0000e+00     4.1714e-01  0.0000e+00 
2.3753e+01     4.5724e-03  0.0000e+00     1.0861e-01  0.0000e+00     1.9885e-02  0.0000e+00     4.7232e-01  0.0000e+00 
2.6651e+01     3.1697e-03  0.0000e+00     8.4477e-02  0.0000e+00     1.5466e-02  0.0000e+00     4.1220e-01  0.0000e+00 
2.9903e+01     2.3276e-03  0.0000e+00     6.9604e-02  0.0000e+00     1.2743e-02  0.0000e+00     3.8106e-01  0.0000e+00 
3.3552e+01     1.9365e-03  0.0000e+00     6.4974e-02  0.0000e+00     1.1896e-02  0.0000e+00     3.9912e-01  0.0000e+00 
3.7646e+01     1.4086e-03  0.0000e+00     5.3028e-02  0.0000e+00     9.7084e-03  0.0000e+00     3.6548e-01  0.0000e+00 
4.2240e+01     9.9210e-04  0.0000e+00     4.1906e-02  0.0000e+00     7.6722e-03  0.0000e+00     3.2407e-01  0.0000e+00 
4.7394e+01     7.5116e-04  0.0000e+00     3.5600e-02  0.0000e+00     6.5178e-03  0.0000e+00     3.0890e-01  0.0000e+00 
5.3176e+01     5.0485e-04  0.0000e+00     2.6846e-02  0.0000e+00     4.9151e-03  0.0000e+00     2.6137e-01  0.0000e+00 
5.9665e+01     3.2732e-04  0.0000e+00     1.9529e-02  0.0000e+00     3.5755e-03  0.0000e+00     2.1333e-01  0.0000e+00 
6.6945e+01     1.9435e-04  0.0000e+00     1.3011e-02  0.0000e+00     2.3820e-03  0.0000e+00     1.5947e-01  0.0000e+00 
7.5114e+01     1.2150e-04  0.0000e+00     9.1262e-03  0.0000e+00     1.6708e-03  0.0000e+00     1.2550e-01  0.0000e+00 
8.4279e+01     5.3353e-05  0.0000e+00     4.4966e-03  0.0000e+00     8.2324e-04  0.0000e+00     6.9382e-02  0.0000e+00 
9.4563e+01     2.8418e-05  0.0000e+00     2.6873e-03  0.0000e+00     4.9200e-04  0.0000e+00     4.6525e-02  0.0000e+00 
1.0610e+02     1.3792e-05  0.0000e+00     1.4634e-03  0.0000e+00     2.6792e-04  0.0000e+00     2.8427e-02  0.0000e+00 
1.1905e+02     6.2580e-06  0.0000e+00     7.4499e-04  0.0000e+00     1.3640e-04  0.0000e+00     1.6237e-02  0.0000e+00 
1.3357e+02     9.9597e-07  0.0000e+00     1.3303e-04  0.0000e+00     2.4356e-05  0.0000e+00     3.2534e-03  0.0000e+00 
1.4987e+02     7.1013e-07  0.0000e+00     1.0643e-04  0.0000e+00     1.9485e-05  0.0000e+00     2.9203e-03  0.0000e+00 
1.6816e+02     0.0000e+00  0.0000e+00     0.0000e+00  0.0000e+00     0.0000e+00  0.0000e+00     0.0000e+00  0.0000e+00 
1.8868e+02     0.0000e+00  0.0000e+00     0.0000e+00  0.0000e+00     0.0000e+00  0.0000e+00     0.0000e+00  0.0000e+00 
2.1170e+02     0.0000e+00  0.0000e+00     0.0000e+00  0.0000e+00     0.0000e+00  0.0000e+00     0.0000e+00  0.0000e+00 
2.3753e+02     0.0000e+00  0.0000e+00     0.0000e+00  0.0000e+00     0.0000e+00  0.0000e+00     0.0000e+00  0.0000e+00 
2.6651e+02     0.0000e+00  0.0000e+00     0.0000e+00  0.0000e+00     0.0000e+00  0.0000e+00     0.0000e+00  0.0000e+00 
2.9903e+02     0.0000e+00  0.0000e+00     0.0000e+00  0.0000e+00     0.0000e+00  0.0000e+00     0.0000e+00  0.0000e+00 
3.3552e+02     0.0000e+00  0.0000e+00     0.0000e+00  0.0000e+00     0.0000e+00  0.0000e+00     0.0000e+00  0.0000e+00 
3.7646e+02     0.0000e+00  0.0000e+00     0.0000e+00  0.0000e+00     0.0000e+00  0.0000e+00     0.0000e+00  0.0000e+00 
4.2240e+02     0.0000e+00  0.0000e+00     0.0000e+00  0.0000e+00     0.0000e+00  0.0000e+00     0.0000e+00  0.0000e+00 
4.7394e+02     0.0000e+00  0.0000e+00     0.0000e+00  0.0000e+00     0.0000e+00  0.0000e+00     0.0000e+00  0.0000e+00 
5.3176e+02     0.0000e+00  0.0000e+00     0.0000e+00  0.0000e+00     0.0000e+00  0.0000e+00     0.0000e+00  0.0000e+00 
5.9665e+02     0.0000e+00  0.0000e+00     0.0000e+00  0.0000e+00     0.0000e+00  0.0000e+00     0.0000e+00  0.0000e+00 
6.6945e+02     0.0000e+00  0.0000e+00     0.0000e+00  0.0000e+00     0.0000e+00  0.0000e+00     0.0000e+00  0.0000e+00 
7.5114e+02     0.0000e+00  0.0000e+00     0.0000e+00  0.0000e+00     0.0000e+00  0.0000e+00     0.0000e+00  0.0000e+00 
8.4279e+02     0.0000e+00  0.0000e+00     0.0000e+00  0.0000e+00     0.0000e+00  0.0000e+00     0.0000e+00  0.0000e+00 
9.4563e+02     0.0000e+00  0.0000e+00     0.0000e+00  0.0000e+00     0.0000e+00  0.0000e+00     0.0000e+00  0.0000e+00 
1.0610e+03     0.0000e+00  0.0000e+00     0.0000e+00  0.0000e+00     0.0000e+00  0.0000e+00     0.0000e+00  0.0000e+00 
1.1905e+03     0.0000e+00  0.0000e+00     0.0000e+00  0.0000e+00     0.0000e+00  0.0000e+00     0.0000e+00  0.0000e+00 
1.3357e+03     0.0000e+00  0.0000e+00     0.0000e+00  0.0000e+00     0.0000e+00  0.0000e+00     0.0000e+00  0.0000e+00 
1.4987e+03     0.0000e+00  0.0000e+00     0.0000e+00  0.0000e+00     0.0000e+00  0.0000e+00     0.0000e+00  0.0000e+00 
1.6816e+03     0.0000e+00  0.0000e+00     0.0000e+00  0.0000e+00     0.0000e+00  0.0000e+00     0.0000e+00  0.0000e+00 
1.8868e+03     0.0000e+00  0.0000e+00     0.0000e+00  0.0000e+00     0.0000e+00  0.0000e+00     0.0000e+00  0.0000e+00 
2.1170e+03     0.0000e+00  0.0000e+00     0.0000e+00  0.0000e+00     0.0000e+00  0.0000e+00     0.0000e+00  0.0000e+00 
2.3753e+03     0.0000e+00  0.0000e+00     0.0000e+00  0.0000e+00     0.0000e+00  0.0000e+00     0.0000e+00  0.0000e+00 
2.6651e+03     0.0000e+00  0.0000e+00     0.0000e+00  0.0000e+00     0.0000e+00  0.0000e+00     0.0000e+00  0.0000e+00 
2.9903e+03     0.0000e+00  0.0000e+00     0.0000e+00  0.0000e+00     0.0000e+00  0.0000e+00     0.0000e+00  0.0000e+00 
3.3552e+03     0.0000e+00  0.0000e+00     0.0000e+00  0.0000e+00     0.0000e+00  0.0000e+00     0.0000e+00  0.0000e+00 
3.7646e+03     0.0000e+00  0.0000e+00     0.0000e+00  0.0000e+00     0.0000e+00  0.0000e+00     0.0000e+00  0.0000e+00 
4.2240e+03     0.0000e+00  0.0000e+00     0.0000e+00  0.0000e+00     0.0000e+00  0.0000e+00     0.0000e+00  0.0000e+00 
4.7394e+03     0.0000e+00  0.0000e+00     0.0000e+00  0.0000e+00     0.0000e+00  0.0000e+00     0.0000e+00  0.0000e+00 
5.3176e+03     0.0000e+00  0.0000e+00     0.0000e+00  0.0000e+00     0.0000e+00  0.0000e+00     0.0000e+00  0.0000e+00 
5.9665e+03     0.0000e+00  0.0000e+00     0.0000e+00  0.0000e+00     0.0000e+00  0.0000e+00     0.0000e+00  0.0000e+00 
6.6945e+03     0.0000e+00  0.0000e+00     0.0000e+00  0.0000e+00     0.0000e+00  0.0000e+00     0.0000e+00  0.0000e+00 
7.5114e+03     0.0000e+00  0.0000e+00     0.0000e+00  0.0000e+00     0.0000e+00  0.0000e+00     0.0000e+00  0.0000e+00 
8.4279e+03     0.0000e+00  0.0000e+00     0.0000e+00  0.0000e+00     0.0000e+00  0.0000e+00     0.0000e+00  0.0000e+00 
9.4563e+03     0.0000e+00  0.0000e+00     0.0000e+00  0.0000e+00     0.0000e+00  0.0000e+00     0.0000e+00  0.0000e+00 
