yF = 5.6450e+00 (std: 0.0000e+00) keV/um
yD = 1.9007e+01 (std: 0.0000e+00) keV/um
y (keV/um)     f(y)(std)                  yf(y)(std)                 d(y)(std)                  yd(y)(std)  
1.0610e-01     2.3747e+01  0.0000e+00     2.5195e+00  0.0000e+00     4.4633e-01  0.0000e+00     4.7356e-02  0.0000e+00 
1.1905e-01     1.7240e+00  0.0000e+00     2.0524e-01  0.0000e+00     3.6357e-02  0.0000e+00     4.3282e-03  0.0000e+00 
1.3357e-01     4.5650e-01  0.0000e+00     6.0977e-02  0.0000e+00     1.0802e-02  0.0000e+00     1.4428e-03  0.0000e+00 
1.4987e-01     2.4407e+00  0.0000e+00     3.6579e-01  0.0000e+00     6.4800e-02  0.0000e+00     9.7116e-03  0.0000e+00 
1.6816e-01     7.1490e-01  0.0000e+00     1.2022e-01  0.0000e+00     2.1296e-02  0.0000e+00     3.5811e-03  0.0000e+00 
1.8868e-01     4.8459e-01  0.0000e+00     9.1432e-02  0.0000e+00     1.6197e-02  0.0000e+00     3.0560e-03  0.0000e+00 
2.1170e-01     5.0540e-01  0.0000e+00     1.0699e-01  0.0000e+00     1.8954e-02  0.0000e+00     4.0125e-03  0.0000e+00 
2.3753e-01     4.7546e-01  0.0000e+00     1.1294e-01  0.0000e+00     2.0007e-02  0.0000e+00     4.7522e-03  0.0000e+00 
2.6651e-01     2.2253e-01  0.0000e+00     5.9307e-02  0.0000e+00     1.0506e-02  0.0000e+00     2.8000e-03  0.0000e+00 
2.9903e-01     1.8962e-01  0.0000e+00     5.6702e-02  0.0000e+00     1.0045e-02  0.0000e+00     3.0037e-03  0.0000e+00 
3.3552e-01     1.1000e+00  0.0000e+00     3.6907e-01  0.0000e+00     6.5379e-02  0.0000e+00     2.1936e-02  0.0000e+00 
3.7646e-01     7.1513e-01  0.0000e+00     2.6922e-01  0.0000e+00     4.7692e-02  0.0000e+00     1.7954e-02  0.0000e+00 
4.2240e-01     3.0184e-01  0.0000e+00     1.2750e-01  0.0000e+00     2.2586e-02  0.0000e+00     9.5401e-03  0.0000e+00 
4.7394e-01     2.9720e-01  0.0000e+00     1.4085e-01  0.0000e+00     2.4952e-02  0.0000e+00     1.1826e-02  0.0000e+00 
5.3176e-01     1.8777e-01  0.0000e+00     9.9847e-02  0.0000e+00     1.7688e-02  0.0000e+00     9.4057e-03  0.0000e+00 
5.9665e-01     9.5370e-02  0.0000e+00     5.6903e-02  0.0000e+00     1.0080e-02  0.0000e+00     6.0143e-03  0.0000e+00 
6.6945e-01     1.5713e-01  0.0000e+00     1.0519e-01  0.0000e+00     1.8634e-02  0.0000e+00     1.2475e-02  0.0000e+00 
7.5114e-01     1.3426e-01  0.0000e+00     1.0085e-01  0.0000e+00     1.7865e-02  0.0000e+00     1.3419e-02  0.0000e+00 
8.4279e-01     5.9275e-02  0.0000e+00     4.9957e-02  0.0000e+00     8.8497e-03  0.0000e+00     7.4585e-03  0.0000e+00 
9.4563e-01     3.9057e-02  0.0000e+00     3.6933e-02  0.0000e+00     6.5427e-03  0.0000e+00     6.1869e-03  0.0000e+00 
1.0610e+00     2.9081e-02  0.0000e+00     3.0856e-02  0.0000e+00     5.4660e-03  0.0000e+00     5.7995e-03  0.0000e+00 
1.1905e+00     1.5091e-02  0.0000e+00     1.7966e-02  0.0000e+00     3.1826e-03  0.0000e+00     3.7888e-03  0.0000e+00 
1.3357e+00     7.6501e-03  0.0000e+00     1.0218e-02  0.0000e+00     1.8102e-03  0.0000e+00     2.4179e-03  0.0000e+00 
1.4987e+00     4.2780e-03  0.0000e+00     6.4116e-03  0.0000e+00     1.1358e-03  0.0000e+00     1.7022e-03  0.0000e+00 
1.6816e+00     1.9064e-03  0.0000e+00     3.2058e-03  0.0000e+00     5.6790e-04  0.0000e+00     9.5497e-04  0.0000e+00 
1.8868e+00     9.5573e-04  0.0000e+00     1.8033e-03  0.0000e+00     3.1944e-04  0.0000e+00     6.0272e-04  0.0000e+00 
2.1170e+00     2.2084e-04  0.0000e+00     4.6751e-04  0.0000e+00     8.2818e-05  0.0000e+00     1.7533e-04  0.0000e+00 
2.3753e+00     1.1247e-04  0.0000e+00     2.6715e-04  0.0000e+00     4.7325e-05  0.0000e+00     1.1241e-04  0.0000e+00 
2.6651e+00     0.0000e+00  0.0000e+00     0.0000e+00  0.0000e+00     0.0000e+00  0.0000e+00     0.0000e+00  0.0000e+00 
2.9903e+00     0.0000e+00  0.0000e+00     0.0000e+00  0.0000e+00     0.0000e+00  0.0000e+00     0.0000e+00  0.0000e+00 
3.3552e+00     0.0000e+00  0.0000e+00     0.0000e+00  0.0000e+00     0.0000e+00  0.0000e+00     0.0000e+00  0.0000e+00 
3.7646e+00     0.0000e+00  0.0000e+00     0.0000e+00  0.0000e+00     0.0000e+00  0.0000e+00     0.0000e+00  0.0000e+00 
4.2240e+00     0.0000e+00  0.0000e+00     0.0000e+00  0.0000e+00     0.0000e+00  0.0000e+00     0.0000e+00  0.0000e+00 
4.7394e+00     0.0000e+00  0.0000e+00     0.0000e+00  0.0000e+00     0.0000e+00  0.0000e+00     0.0000e+00  0.0000e+00 
5.3176e+00     0.0000e+00  0.0000e+00     0.0000e+00  0.0000e+00     0.0000e+00  0.0000e+00     0.0000e+00  0.0000e+00 
5.9665e+00     8.0986e-02  0.0000e+00     4.8320e-01  0.0000e+00     8.5599e-02  0.0000e+00     5.1072e-01  0.0000e+00 
6.6945e+00     1.9534e-02  0.0000e+00     1.3077e-01  0.0000e+00     2.3166e-02  0.0000e+00     1.5508e-01  0.0000e+00 
7.5114e+00     8.0023e-03  0.0000e+00     6.0108e-02  0.0000e+00     1.0648e-02  0.0000e+00     7.9982e-02  0.0000e+00 
8.4279e+00     3.2697e-02  0.0000e+00     2.7556e-01  0.0000e+00     4.8816e-02  0.0000e+00     4.1141e-01  0.0000e+00 
9.4563e+00     3.0914e-02  0.0000e+00     2.9233e-01  0.0000e+00     5.1785e-02  0.0000e+00     4.8969e-01  0.0000e+00 
1.0610e+01     7.7072e-02  0.0000e+00     8.1774e-01  0.0000e+00     1.4486e-01  0.0000e+00     1.5370e+00  0.0000e+00 
1.1905e+01     2.8567e-02  0.0000e+00     3.4008e-01  0.0000e+00     6.0245e-02  0.0000e+00     7.1719e-01  0.0000e+00 
1.3357e+01     1.2080e-02  0.0000e+00     1.6136e-01  0.0000e+00     2.8584e-02  0.0000e+00     3.8181e-01  0.0000e+00 
1.4987e+01     5.1827e-03  0.0000e+00     7.7673e-02  0.0000e+00     1.3760e-02  0.0000e+00     2.0622e-01  0.0000e+00 
1.6816e+01     2.3735e-02  0.0000e+00     3.9912e-01  0.0000e+00     7.0703e-02  0.0000e+00     1.1889e+00  0.0000e+00 
1.8868e+01     6.2901e-03  0.0000e+00     1.1868e-01  0.0000e+00     2.1024e-02  0.0000e+00     3.9668e-01  0.0000e+00 
2.1170e+01     3.2558e-03  0.0000e+00     6.8924e-02  0.0000e+00     1.2210e-02  0.0000e+00     2.5848e-01  0.0000e+00 
2.3753e+01     3.2391e-03  0.0000e+00     7.6939e-02  0.0000e+00     1.3630e-02  0.0000e+00     3.2374e-01  0.0000e+00 
2.6651e+01     2.0599e-03  0.0000e+00     5.4899e-02  0.0000e+00     9.7253e-03  0.0000e+00     2.5919e-01  0.0000e+00 
2.9903e+01     1.5254e-03  0.0000e+00     4.5616e-02  0.0000e+00     8.0807e-03  0.0000e+00     2.4164e-01  0.0000e+00 
3.3552e+01     1.2063e-03  0.0000e+00     4.0473e-02  0.0000e+00     7.1697e-03  0.0000e+00     2.4056e-01  0.0000e+00 
3.7646e+01     9.5446e-04  0.0000e+00     3.5931e-02  0.0000e+00     6.3652e-03  0.0000e+00     2.3962e-01  0.0000e+00 
4.2240e+01     6.0242e-04  0.0000e+00     2.5446e-02  0.0000e+00     4.5077e-03  0.0000e+00     1.9040e-01  0.0000e+00 
4.7394e+01     5.0027e-04  0.0000e+00     2.3709e-02  0.0000e+00     4.2001e-03  0.0000e+00     1.9906e-01  0.0000e+00 
5.3176e+01     2.9640e-04  0.0000e+00     1.5762e-02  0.0000e+00     2.7922e-03  0.0000e+00     1.4848e-01  0.0000e+00 
5.9665e+01     1.7014e-04  0.0000e+00     1.0152e-02  0.0000e+00     1.7983e-03  0.0000e+00     1.0730e-01  0.0000e+00 
6.6945e+01     1.0076e-04  0.0000e+00     6.7455e-03  0.0000e+00     1.1950e-03  0.0000e+00     7.9996e-02  0.0000e+00 
7.5114e+01     4.8014e-05  0.0000e+00     3.6065e-03  0.0000e+00     6.3889e-04  0.0000e+00     4.7989e-02  0.0000e+00 
8.4279e+01     2.0604e-05  0.0000e+00     1.7365e-03  0.0000e+00     3.0761e-04  0.0000e+00     2.5925e-02  0.0000e+00 
9.4563e+01     1.0594e-05  0.0000e+00     1.0018e-03  0.0000e+00     1.7747e-04  0.0000e+00     1.6782e-02  0.0000e+00 
1.0610e+02     7.5536e-06  0.0000e+00     8.0145e-04  0.0000e+00     1.4197e-04  0.0000e+00     1.5064e-02  0.0000e+00 
1.1905e+02     1.1220e-06  0.0000e+00     1.3357e-04  0.0000e+00     2.3662e-05  0.0000e+00     2.8169e-03  0.0000e+00 
1.3357e+02     2.5000e-06  0.0000e+00     3.3394e-04  0.0000e+00     5.9156e-05  0.0000e+00     7.9017e-03  0.0000e+00 
1.4987e+02     0.0000e+00  0.0000e+00     0.0000e+00  0.0000e+00     0.0000e+00  0.0000e+00     0.0000e+00  0.0000e+00 
1.6816e+02     0.0000e+00  0.0000e+00     0.0000e+00  0.0000e+00     0.0000e+00  0.0000e+00     0.0000e+00  0.0000e+00 
1.8868e+02     0.0000e+00  0.0000e+00     0.0000e+00  0.0000e+00     0.0000e+00  0.0000e+00     0.0000e+00  0.0000e+00 
2.1170e+02     0.0000e+00  0.0000e+00     0.0000e+00  0.0000e+00     0.0000e+00  0.0000e+00     0.0000e+00  0.0000e+00 
2.3753e+02     0.0000e+00  0.0000e+00     0.0000e+00  0.0000e+00     0.0000e+00  0.0000e+00     0.0000e+00  0.0000e+00 
2.6651e+02     0.0000e+00  0.0000e+00     0.0000e+00  0.0000e+00     0.0000e+00  0.0000e+00     0.0000e+00  0.0000e+00 
2.9903e+02     0.0000e+00  0.0000e+00     0.0000e+00  0.0000e+00     0.0000e+00  0.0000e+00     0.0000e+00  0.0000e+00 
3.3552e+02     0.0000e+00  0.0000e+00     0.0000e+00  0.0000e+00     0.0000e+00  0.0000e+00     0.0000e+00  0.0000e+00 
3.7646e+02     0.0000e+00  0.0000e+00     0.0000e+00  0.0000e+00     0.0000e+00  0.0000e+00     0.0000e+00  0.0000e+00 
4.2240e+02     0.0000e+00  0.0000e+00     0.0000e+00  0.0000e+00     0.0000e+00  0.0000e+00     0.0000e+00  0.0000e+00 
4.7394e+02     0.0000e+00  0.0000e+00     0.0000e+00  0.0000e+00     0.0000e+00  0.0000e+00     0.0000e+00  0.0000e+00 
5.3176e+02     0.0000e+00  0.0000e+00     0.0000e+00  0.0000e+00     0.0000e+00  0.0000e+00     0.0000e+00  0.0000e+00 
5.9665e+02     0.0000e+00  0.0000e+00     0.0000e+00  0.0000e+00     0.0000e+00  0.0000e+00     0.0000e+00  0.0000e+00 
6.6945e+02     0.0000e+00  0.0000e+00     0.0000e+00  0.0000e+00     0.0000e+00  0.0000e+00     0.0000e+00  0.0000e+00 
7.5114e+02     0.0000e+00  0.0000e+00     0.0000e+00  0.0000e+00     0.0000e+00  0.0000e+00     0.0000e+00  0.0000e+00 
8.4279e+02     0.0000e+00  0.0000e+00     0.0000e+00  0.0000e+00     0.0000e+00  0.0000e+00     0.0000e+00  0.0000e+00 
9.4563e+02     0.0000e+00  0.0000e+00     0.0000e+00  0.0000e+00     0.0000e+00  0.0000e+00     0.0000e+00  0.0000e+00 
1.0610e+03     0.0000e+00  0.0000e+00     0.0000e+00  0.0000e+00     0.0000e+00  0.0000e+00     0.0000e+00  0.0000e+00 
1.1905e+03     0.0000e+00  0.0000e+00     0.0000e+00  0.0000e+00     0.0000e+00  0.0000e+00     0.0000e+00  0.0000e+00 
1.3357e+03     0.0000e+00  0.0000e+00     0.0000e+00  0.0000e+00     0.0000e+00  0.0000e+00     0.0000e+00  0.0000e+00 
1.4987e+03     0.0000e+00  0.0000e+00     0.0000e+00  0.0000e+00     0.0000e+00  0.0000e+00     0.0000e+00  0.0000e+00 
1.6816e+03     0.0000e+00  0.0000e+00     0.0000e+00  0.0000e+00     0.0000e+00  0.0000e+00     0.0000e+00  0.0000e+00 
1.8868e+03     0.0000e+00  0.0000e+00     0.0000e+00  0.0000e+00     0.0000e+00  0.0000e+00     0.0000e+00  0.0000e+00 
2.1170e+03     0.0000e+00  0.0000e+00     0.0000e+00  0.0000e+00     0.0000e+00  0.0000e+00     0.0000e+00  0.0000e+00 
2.3753e+03     0.0000e+00  0.0000e+00     0.0000e+00  0.0000e+00     0.0000e+00  0.0000e+00     0.0000e+00  0.0000e+00 
2.6651e+03     0.0000e+00  0.0000e+00     0.0000e+00  0.0000e+00     0.0000e+00  0.0000e+00     0.0000e+00  0.0000e+00 
2.9903e+03     0.0000e+00  0.0000e+00     0.0000e+00  0.0000e+00     0.0000e+00  0.0000e+00     0.0000e+00  0.0000e+00 
3.3552e+03     0.0000e+00  0.0000e+00     0.0000e+00  0.0000e+00     0.0000e+00  0.0000e+00     0.0000e+00  0.0000e+00 
3.7646e+03     0.0000e+00  0.0000e+00     0.0000e+00  0.0000e+00     0.0000e+00  0.0000e+00     0.0000e+00  0.0000e+00 
4.2240e+03     0.0000e+00  0.0000e+00     0.0000e+00  0.0000e+00     0.0000e+00  0.0000e+00     0.0000e+00  0.0000e+00 
4.7394e+03     0.0000e+00  0.0000e+00     0.0000e+00  0.0000e+00     0.0000e+00  0.0000e+00     0.0000e+00  0.0000e+00 
5.3176e+03     0.0000e+00  0.0000e+00     0.0000e+00  0.0000e+00     0.0000e+00  0.0000e+00     0.0000e+00  0.0000e+00 
5.9665e+03     0.0000e+00  0.0000e+00     0.0000e+00  0.0000e+00     0.0000e+00  0.0000e+00     0.0000e+00  0.0000e+00 
6.6945e+03     0.0000e+00  0.0000e+00     0.0000e+00  0.0000e+00     0.0000e+00  0.0000e+00     0.0000e+00  0.0000e+00 
7.5114e+03     0.0000e+00  0.0000e+00     0.0000e+00  0.0000e+00     0.0000e+00  0.0000e+00     0.0000e+00  0.0000e+00 
8.4279e+03     0.0000e+00  0.0000e+00     0.0000e+00  0.0000e+00     0.0000e+00  0.0000e+00     0.0000e+00  0.0000e+00 
9.4563e+03     0.0000e+00  0.0000e+00     0.0000e+00  0.0000e+00     0.0000e+00  0.0000e+00     0.0000e+00  0.0000e+00 
