yF = 9.4917e+01 (std: 0.0000e+00) keV/um
yD = 1.1204e+02 (std: 0.0000e+00) keV/um
y (keV/um)     f(y)(std)                  yf(y)(std)                 d(y)(std)                  yd(y)(std)  
1.0610e-01     2.2128e-03  0.0000e+00     2.3478e-04  0.0000e+00     2.4735e-06  0.0000e+00     2.6244e-07  0.0000e+00 
1.1905e-01     4.3825e-04  0.0000e+00     5.2173e-05  0.0000e+00     5.4967e-07  0.0000e+00     6.5437e-08  0.0000e+00 
1.3357e-01     4.5569e-04  0.0000e+00     6.0868e-05  0.0000e+00     6.4128e-07  0.0000e+00     8.5658e-08  0.0000e+00 
1.4987e-01     3.4812e-04  0.0000e+00     5.2173e-05  0.0000e+00     5.4967e-07  0.0000e+00     8.2380e-08  0.0000e+00 
1.6816e-01     4.6539e-04  0.0000e+00     7.8259e-05  0.0000e+00     8.2451e-07  0.0000e+00     1.3865e-07  0.0000e+00 
1.8868e-01     6.9130e-04  0.0000e+00     1.3043e-04  0.0000e+00     1.3742e-06  0.0000e+00     2.5928e-07  0.0000e+00 
2.1170e-01     5.7505e-04  0.0000e+00     1.2174e-04  0.0000e+00     1.2826e-06  0.0000e+00     2.7152e-07  0.0000e+00 
2.3753e-01     4.7590e-04  0.0000e+00     1.1304e-04  0.0000e+00     1.1910e-06  0.0000e+00     2.8289e-07  0.0000e+00 
2.6651e-01     3.2627e-04  0.0000e+00     8.6955e-05  0.0000e+00     9.1612e-07  0.0000e+00     2.4416e-07  0.0000e+00 
2.9903e-01     6.3973e-04  0.0000e+00     1.9130e-04  0.0000e+00     2.0155e-06  0.0000e+00     6.0269e-07  0.0000e+00 
3.3552e-01     5.1833e-04  0.0000e+00     1.7391e-04  0.0000e+00     1.8322e-06  0.0000e+00     6.1475e-07  0.0000e+00 
3.7646e-01     5.7745e-04  0.0000e+00     2.1739e-04  0.0000e+00     2.2903e-06  0.0000e+00     8.6220e-07  0.0000e+00 
4.2240e-01     3.7055e-04  0.0000e+00     1.5652e-04  0.0000e+00     1.6490e-06  0.0000e+00     6.9653e-07  0.0000e+00 
4.7394e-01     3.4860e-04  0.0000e+00     1.6521e-04  0.0000e+00     1.7406e-06  0.0000e+00     8.2494e-07  0.0000e+00 
5.3176e-01     4.9057e-04  0.0000e+00     2.6086e-04  0.0000e+00     2.7484e-06  0.0000e+00     1.4615e-06  0.0000e+00 
5.9665e-01     4.5179e-04  0.0000e+00     2.6956e-04  0.0000e+00     2.8400e-06  0.0000e+00     1.6945e-06  0.0000e+00 
6.6945e-01     4.9358e-04  0.0000e+00     3.3043e-04  0.0000e+00     3.4812e-06  0.0000e+00     2.3305e-06  0.0000e+00 
7.5114e-01     4.3991e-04  0.0000e+00     3.3043e-04  0.0000e+00     3.4812e-06  0.0000e+00     2.6149e-06  0.0000e+00 
8.4279e-01     2.2699e-04  0.0000e+00     1.9130e-04  0.0000e+00     2.0155e-06  0.0000e+00     1.6986e-06  0.0000e+00 
9.4563e-01     1.8391e-04  0.0000e+00     1.7391e-04  0.0000e+00     1.8322e-06  0.0000e+00     1.7326e-06  0.0000e+00 
1.0610e+00     2.2128e-04  0.0000e+00     2.3478e-04  0.0000e+00     2.4735e-06  0.0000e+00     2.6244e-06  0.0000e+00 
1.1905e+00     1.3148e-04  0.0000e+00     1.5652e-04  0.0000e+00     1.6490e-06  0.0000e+00     1.9631e-06  0.0000e+00 
1.3357e+00     1.4973e-04  0.0000e+00     2.0000e-04  0.0000e+00     2.1071e-06  0.0000e+00     2.8145e-06  0.0000e+00 
1.4987e+00     9.2831e-05  0.0000e+00     1.3913e-04  0.0000e+00     1.4658e-06  0.0000e+00     2.1968e-06  0.0000e+00 
1.6816e+00     7.2394e-05  0.0000e+00     1.2174e-04  0.0000e+00     1.2826e-06  0.0000e+00     2.1567e-06  0.0000e+00 
1.8868e+00     2.7652e-05  0.0000e+00     5.2173e-05  0.0000e+00     5.4967e-07  0.0000e+00     1.0371e-06  0.0000e+00 
2.1170e+00     1.2322e-05  0.0000e+00     2.6086e-05  0.0000e+00     2.7484e-07  0.0000e+00     5.8182e-07  0.0000e+00 
2.3753e+00     1.0982e-05  0.0000e+00     2.6086e-05  0.0000e+00     2.7484e-07  0.0000e+00     6.5282e-07  0.0000e+00 
2.6651e+00     3.2627e-06  0.0000e+00     8.6955e-06  0.0000e+00     9.1612e-08  0.0000e+00     2.4416e-07  0.0000e+00 
2.9903e+00     0.0000e+00  0.0000e+00     0.0000e+00  0.0000e+00     0.0000e+00  0.0000e+00     0.0000e+00  0.0000e+00 
3.3552e+00     0.0000e+00  0.0000e+00     0.0000e+00  0.0000e+00     0.0000e+00  0.0000e+00     0.0000e+00  0.0000e+00 
3.7646e+00     0.0000e+00  0.0000e+00     0.0000e+00  0.0000e+00     0.0000e+00  0.0000e+00     0.0000e+00  0.0000e+00 
4.2240e+00     2.0586e-06  0.0000e+00     8.6955e-06  0.0000e+00     9.1612e-08  0.0000e+00     3.8696e-07  0.0000e+00 
4.7394e+00     2.3852e-05  0.0000e+00     1.1304e-04  0.0000e+00     1.1910e-06  0.0000e+00     5.6443e-06  0.0000e+00 
5.3176e+00     3.3685e-04  0.0000e+00     1.7913e-03  0.0000e+00     1.8872e-05  0.0000e+00     1.0035e-04  0.0000e+00 
5.9665e+00     3.3520e-04  0.0000e+00     2.0000e-03  0.0000e+00     2.1071e-05  0.0000e+00     1.2572e-04  0.0000e+00 
6.6945e+00     1.2599e-04  0.0000e+00     8.4346e-04  0.0000e+00     8.8863e-06  0.0000e+00     5.9490e-05  0.0000e+00 
7.5114e+00     4.5148e-05  0.0000e+00     3.3912e-04  0.0000e+00     3.5729e-06  0.0000e+00     2.6837e-05  0.0000e+00 
8.4279e+00     3.1675e-04  0.0000e+00     2.6695e-03  0.0000e+00     2.8125e-05  0.0000e+00     2.3703e-04  0.0000e+00 
9.4563e+00     5.0391e-04  0.0000e+00     4.7651e-03  0.0000e+00     5.0203e-05  0.0000e+00     4.7473e-04  0.0000e+00 
1.0610e+01     5.3271e-04  0.0000e+00     5.6521e-03  0.0000e+00     5.9548e-05  0.0000e+00     6.3181e-04  0.0000e+00 
1.1905e+01     4.7185e-04  0.0000e+00     5.6173e-03  0.0000e+00     5.9181e-05  0.0000e+00     7.0454e-04  0.0000e+00 
1.3357e+01     5.6115e-04  0.0000e+00     7.4955e-03  0.0000e+00     7.8969e-05  0.0000e+00     1.0548e-03  0.0000e+00 
1.4987e+01     6.7941e-04  0.0000e+00     1.0182e-02  0.0000e+00     1.0728e-04  0.0000e+00     1.6078e-03  0.0000e+00 
1.6816e+01     8.3408e-04  0.0000e+00     1.4026e-02  0.0000e+00     1.4777e-04  0.0000e+00     2.4849e-03  0.0000e+00 
1.8868e+01     1.1300e-03  0.0000e+00     2.1321e-02  0.0000e+00     2.2463e-04  0.0000e+00     4.2383e-03  0.0000e+00 
2.1170e+01     1.3822e-03  0.0000e+00     2.9260e-02  0.0000e+00     3.0827e-04  0.0000e+00     6.5261e-03  0.0000e+00 
2.3753e+01     1.7352e-03  0.0000e+00     4.1217e-02  0.0000e+00     4.3424e-04  0.0000e+00     1.0315e-02  0.0000e+00 
2.6651e+01     2.0930e-03  0.0000e+00     5.5782e-02  0.0000e+00     5.8769e-04  0.0000e+00     1.5663e-02  0.0000e+00 
2.9903e+01     2.6877e-03  0.0000e+00     8.0372e-02  0.0000e+00     8.4677e-04  0.0000e+00     2.5321e-02  0.0000e+00 
3.3552e+01     3.4000e-03  0.0000e+00     1.1408e-01  0.0000e+00     1.2019e-03  0.0000e+00     4.0325e-02  0.0000e+00 
3.7646e+01     4.1408e-03  0.0000e+00     1.5588e-01  0.0000e+00     1.6423e-03  0.0000e+00     6.1827e-02  0.0000e+00 
4.2240e+01     5.1093e-03  0.0000e+00     2.1581e-01  0.0000e+00     2.2737e-03  0.0000e+00     9.6041e-02  0.0000e+00 
4.7394e+01     6.2376e-03  0.0000e+00     2.9562e-01  0.0000e+00     3.1145e-03  0.0000e+00     1.4761e-01  0.0000e+00 
5.3176e+01     7.2697e-03  0.0000e+00     3.8658e-01  0.0000e+00     4.0728e-03  0.0000e+00     2.1658e-01  0.0000e+00 
5.9665e+01     8.4851e-03  0.0000e+00     5.0626e-01  0.0000e+00     5.3337e-03  0.0000e+00     3.1824e-01  0.0000e+00 
6.6945e+01     9.4527e-03  0.0000e+00     6.3281e-01  0.0000e+00     6.6670e-03  0.0000e+00     4.4633e-01  0.0000e+00 
7.5114e+01     1.0118e-02  0.0000e+00     7.6000e-01  0.0000e+00     8.0070e-03  0.0000e+00     6.0144e-01  0.0000e+00 
8.4279e+01     1.0228e-02  0.0000e+00     8.6203e-01  0.0000e+00     9.0819e-03  0.0000e+00     7.6542e-01  0.0000e+00 
9.4563e+01     9.8137e-03  0.0000e+00     9.2801e-01  0.0000e+00     9.7771e-03  0.0000e+00     9.2455e-01  0.0000e+00 
1.0610e+02     8.6868e-03  0.0000e+00     9.2168e-01  0.0000e+00     9.7104e-03  0.0000e+00     1.0303e+00  0.0000e+00 
1.1905e+02     7.0472e-03  0.0000e+00     8.3895e-01  0.0000e+00     8.8388e-03  0.0000e+00     1.0522e+00  0.0000e+00 
1.3357e+02     5.1582e-03  0.0000e+00     6.8900e-01  0.0000e+00     7.2589e-03  0.0000e+00     9.6960e-01  0.0000e+00 
1.4987e+02     3.3650e-03  0.0000e+00     5.0432e-01  0.0000e+00     5.3133e-03  0.0000e+00     7.9631e-01  0.0000e+00 
1.6816e+02     1.8634e-03  0.0000e+00     3.1335e-01  0.0000e+00     3.3013e-03  0.0000e+00     5.5515e-01  0.0000e+00 
1.8868e+02     9.0427e-04  0.0000e+00     1.7061e-01  0.0000e+00     1.7975e-03  0.0000e+00     3.3915e-01  0.0000e+00 
2.1170e+02     3.6076e-04  0.0000e+00     7.6373e-02  0.0000e+00     8.0463e-04  0.0000e+00     1.7034e-01  0.0000e+00 
2.3753e+02     1.1359e-04  0.0000e+00     2.6982e-02  0.0000e+00     2.8427e-04  0.0000e+00     6.7523e-02  0.0000e+00 
2.6651e+02     2.7537e-05  0.0000e+00     7.3390e-03  0.0000e+00     7.7320e-05  0.0000e+00     2.0607e-02  0.0000e+00 
2.9903e+02     5.6122e-06  0.0000e+00     1.6782e-03  0.0000e+00     1.7681e-05  0.0000e+00     5.2872e-03  0.0000e+00 
3.3552e+02     8.2933e-07  0.0000e+00     2.7826e-04  0.0000e+00     2.9316e-06  0.0000e+00     9.8360e-04  0.0000e+00 
3.7646e+02     2.3098e-08  0.0000e+00     8.6955e-06  0.0000e+00     9.1612e-08  0.0000e+00     3.4488e-05  0.0000e+00 
4.2240e+02     2.0586e-08  0.0000e+00     8.6955e-06  0.0000e+00     9.1612e-08  0.0000e+00     3.8696e-05  0.0000e+00 
4.7394e+02     0.0000e+00  0.0000e+00     0.0000e+00  0.0000e+00     0.0000e+00  0.0000e+00     0.0000e+00  0.0000e+00 
5.3176e+02     0.0000e+00  0.0000e+00     0.0000e+00  0.0000e+00     0.0000e+00  0.0000e+00     0.0000e+00  0.0000e+00 
5.9665e+02     0.0000e+00  0.0000e+00     0.0000e+00  0.0000e+00     0.0000e+00  0.0000e+00     0.0000e+00  0.0000e+00 
6.6945e+02     0.0000e+00  0.0000e+00     0.0000e+00  0.0000e+00     0.0000e+00  0.0000e+00     0.0000e+00  0.0000e+00 
7.5114e+02     0.0000e+00  0.0000e+00     0.0000e+00  0.0000e+00     0.0000e+00  0.0000e+00     0.0000e+00  0.0000e+00 
8.4279e+02     0.0000e+00  0.0000e+00     0.0000e+00  0.0000e+00     0.0000e+00  0.0000e+00     0.0000e+00  0.0000e+00 
9.4563e+02     0.0000e+00  0.0000e+00     0.0000e+00  0.0000e+00     0.0000e+00  0.0000e+00     0.0000e+00  0.0000e+00 
1.0610e+03     0.0000e+00  0.0000e+00     0.0000e+00  0.0000e+00     0.0000e+00  0.0000e+00     0.0000e+00  0.0000e+00 
1.1905e+03     0.0000e+00  0.0000e+00     0.0000e+00  0.0000e+00     0.0000e+00  0.0000e+00     0.0000e+00  0.0000e+00 
1.3357e+03     0.0000e+00  0.0000e+00     0.0000e+00  0.0000e+00     0.0000e+00  0.0000e+00     0.0000e+00  0.0000e+00 
1.4987e+03     0.0000e+00  0.0000e+00     0.0000e+00  0.0000e+00     0.0000e+00  0.0000e+00     0.0000e+00  0.0000e+00 
1.6816e+03     0.0000e+00  0.0000e+00     0.0000e+00  0.0000e+00     0.0000e+00  0.0000e+00     0.0000e+00  0.0000e+00 
1.8868e+03     0.0000e+00  0.0000e+00     0.0000e+00  0.0000e+00     0.0000e+00  0.0000e+00     0.0000e+00  0.0000e+00 
2.1170e+03     0.0000e+00  0.0000e+00     0.0000e+00  0.0000e+00     0.0000e+00  0.0000e+00     0.0000e+00  0.0000e+00 
2.3753e+03     0.0000e+00  0.0000e+00     0.0000e+00  0.0000e+00     0.0000e+00  0.0000e+00     0.0000e+00  0.0000e+00 
2.6651e+03     0.0000e+00  0.0000e+00     0.0000e+00  0.0000e+00     0.0000e+00  0.0000e+00     0.0000e+00  0.0000e+00 
2.9903e+03     0.0000e+00  0.0000e+00     0.0000e+00  0.0000e+00     0.0000e+00  0.0000e+00     0.0000e+00  0.0000e+00 
3.3552e+03     0.0000e+00  0.0000e+00     0.0000e+00  0.0000e+00     0.0000e+00  0.0000e+00     0.0000e+00  0.0000e+00 
3.7646e+03     0.0000e+00  0.0000e+00     0.0000e+00  0.0000e+00     0.0000e+00  0.0000e+00     0.0000e+00  0.0000e+00 
4.2240e+03     0.0000e+00  0.0000e+00     0.0000e+00  0.0000e+00     0.0000e+00  0.0000e+00     0.0000e+00  0.0000e+00 
4.7394e+03     0.0000e+00  0.0000e+00     0.0000e+00  0.0000e+00     0.0000e+00  0.0000e+00     0.0000e+00  0.0000e+00 
5.3176e+03     0.0000e+00  0.0000e+00     0.0000e+00  0.0000e+00     0.0000e+00  0.0000e+00     0.0000e+00  0.0000e+00 
5.9665e+03     0.0000e+00  0.0000e+00     0.0000e+00  0.0000e+00     0.0000e+00  0.0000e+00     0.0000e+00  0.0000e+00 
6.6945e+03     0.0000e+00  0.0000e+00     0.0000e+00  0.0000e+00     0.0000e+00  0.0000e+00     0.0000e+00  0.0000e+00 
7.5114e+03     0.0000e+00  0.0000e+00     0.0000e+00  0.0000e+00     0.0000e+00  0.0000e+00     0.0000e+00  0.0000e+00 
8.4279e+03     0.0000e+00  0.0000e+00     0.0000e+00  0.0000e+00     0.0000e+00  0.0000e+00     0.0000e+00  0.0000e+00 
9.4563e+03     0.0000e+00  0.0000e+00     0.0000e+00  0.0000e+00     0.0000e+00  0.0000e+00     0.0000e+00  0.0000e+00 
