yF = 1.4522e+01 (std: 0.0000e+00) keV/um
yD = 2.6181e+01 (std: 0.0000e+00) keV/um
y (keV/um)     f(y)(std)                  yf(y)(std)                 d(y)(std)                  yd(y)(std)  
1.0610e-01     9.7092e+00  0.0000e+00     1.0302e+00  0.0000e+00     7.0939e-02  0.0000e+00     7.5267e-03  0.0000e+00 
1.1905e-01     5.9309e-01  0.0000e+00     7.0606e-02  0.0000e+00     4.8621e-03  0.0000e+00     5.7882e-04  0.0000e+00 
1.3357e-01     1.5978e-01  0.0000e+00     2.1343e-02  0.0000e+00     1.4697e-03  0.0000e+00     1.9631e-04  0.0000e+00 
1.4987e-01     7.5961e-01  0.0000e+00     1.1384e-01  0.0000e+00     7.8395e-03  0.0000e+00     1.1749e-03  0.0000e+00 
1.6816e-01     2.1510e-01  0.0000e+00     3.6171e-02  0.0000e+00     2.4908e-03  0.0000e+00     4.1885e-04  0.0000e+00 
1.8868e-01     1.3469e-01  0.0000e+00     2.5412e-02  0.0000e+00     1.7500e-03  0.0000e+00     3.3018e-04  0.0000e+00 
2.1170e-01     1.5216e-01  0.0000e+00     3.2211e-02  0.0000e+00     2.2181e-03  0.0000e+00     4.6958e-04  0.0000e+00 
2.3753e-01     1.3508e-01  0.0000e+00     3.2085e-02  0.0000e+00     2.2095e-03  0.0000e+00     5.2481e-04  0.0000e+00 
2.6651e-01     5.6820e-02  0.0000e+00     1.5143e-02  0.0000e+00     1.0428e-03  0.0000e+00     2.7792e-04  0.0000e+00 
2.9903e-01     4.5630e-02  0.0000e+00     1.3645e-02  0.0000e+00     9.3961e-04  0.0000e+00     2.8098e-04  0.0000e+00 
3.3552e-01     2.2271e-01  0.0000e+00     7.4723e-02  0.0000e+00     5.1456e-03  0.0000e+00     1.7265e-03  0.0000e+00 
3.7646e-01     1.3312e-01  0.0000e+00     5.0115e-02  0.0000e+00     3.4510e-03  0.0000e+00     1.2992e-03  0.0000e+00 
4.2240e-01     6.4644e-02  0.0000e+00     2.7305e-02  0.0000e+00     1.8803e-03  0.0000e+00     7.9424e-04  0.0000e+00 
4.7394e-01     5.6782e-02  0.0000e+00     2.6911e-02  0.0000e+00     1.8532e-03  0.0000e+00     8.7828e-04  0.0000e+00 
5.3176e-01     3.6250e-02  0.0000e+00     1.9276e-02  0.0000e+00     1.3274e-03  0.0000e+00     7.0587e-04  0.0000e+00 
5.9665e-01     1.9696e-02  0.0000e+00     1.1752e-02  0.0000e+00     8.0926e-04  0.0000e+00     4.8285e-04  0.0000e+00 
6.6945e-01     2.4741e-02  0.0000e+00     1.6563e-02  0.0000e+00     1.1406e-03  0.0000e+00     7.6356e-04  0.0000e+00 
7.5114e-01     2.1463e-02  0.0000e+00     1.6121e-02  0.0000e+00     1.1102e-03  0.0000e+00     8.3388e-04  0.0000e+00 
8.4279e-01     1.1997e-02  0.0000e+00     1.0111e-02  0.0000e+00     6.9629e-04  0.0000e+00     5.8683e-04  0.0000e+00 
9.4563e-01     6.7393e-03  0.0000e+00     6.3728e-03  0.0000e+00     4.3885e-04  0.0000e+00     4.1499e-04  0.0000e+00 
1.0610e+00     5.2333e-03  0.0000e+00     5.5526e-03  0.0000e+00     3.8236e-04  0.0000e+00     4.0569e-04  0.0000e+00 
1.1905e+00     2.7694e-03  0.0000e+00     3.2968e-03  0.0000e+00     2.2703e-04  0.0000e+00     2.7027e-04  0.0000e+00 
1.3357e+00     1.4644e-03  0.0000e+00     1.9560e-03  0.0000e+00     1.3470e-04  0.0000e+00     1.7992e-04  0.0000e+00 
1.4987e+00     7.4729e-04  0.0000e+00     1.1200e-03  0.0000e+00     7.7124e-05  0.0000e+00     1.1559e-04  0.0000e+00 
1.6816e+00     3.7523e-04  0.0000e+00     6.3097e-04  0.0000e+00     4.3450e-05  0.0000e+00     7.3066e-05  0.0000e+00 
1.8868e+00     2.2573e-04  0.0000e+00     4.2591e-04  0.0000e+00     2.9329e-05  0.0000e+00     5.5337e-05  0.0000e+00 
2.1170e+00     5.2159e-05  0.0000e+00     1.1042e-04  0.0000e+00     7.6038e-06  0.0000e+00     1.6097e-05  0.0000e+00 
2.3753e+00     3.3205e-05  0.0000e+00     7.8872e-05  0.0000e+00     5.4313e-06  0.0000e+00     1.2901e-05  0.0000e+00 
2.6651e+00     0.0000e+00  0.0000e+00     0.0000e+00  0.0000e+00     0.0000e+00  0.0000e+00     0.0000e+00  0.0000e+00 
2.9903e+00     1.0550e-05  0.0000e+00     3.1549e-05  0.0000e+00     2.1725e-06  0.0000e+00     6.4965e-06  0.0000e+00 
3.3552e+00     0.0000e+00  0.0000e+00     0.0000e+00  0.0000e+00     0.0000e+00  0.0000e+00     0.0000e+00  0.0000e+00 
3.7646e+00     0.0000e+00  0.0000e+00     0.0000e+00  0.0000e+00     0.0000e+00  0.0000e+00     0.0000e+00  0.0000e+00 
4.2240e+00     0.0000e+00  0.0000e+00     0.0000e+00  0.0000e+00     0.0000e+00  0.0000e+00     0.0000e+00  0.0000e+00 
4.7394e+00     0.0000e+00  0.0000e+00     0.0000e+00  0.0000e+00     0.0000e+00  0.0000e+00     0.0000e+00  0.0000e+00 
5.3176e+00     0.0000e+00  0.0000e+00     0.0000e+00  0.0000e+00     0.0000e+00  0.0000e+00     0.0000e+00  0.0000e+00 
5.9665e+00     1.0007e-02  0.0000e+00     5.9706e-02  0.0000e+00     4.1115e-03  0.0000e+00     2.4531e-02  0.0000e+00 
6.6945e+00     8.5251e-03  0.0000e+00     5.7072e-02  0.0000e+00     3.9301e-03  0.0000e+00     2.6310e-02  0.0000e+00 
7.5114e+00     7.1990e-03  0.0000e+00     5.4074e-02  0.0000e+00     3.7237e-03  0.0000e+00     2.7970e-02  0.0000e+00 
8.4279e+00     1.3010e-01  0.0000e+00     1.0965e+00  0.0000e+00     7.5506e-02  0.0000e+00     6.3636e-01  0.0000e+00 
9.4563e+00     3.8941e-02  0.0000e+00     3.6824e-01  0.0000e+00     2.5358e-02  0.0000e+00     2.3979e-01  0.0000e+00 
1.0610e+01     8.7809e-02  0.0000e+00     9.3166e-01  0.0000e+00     6.4157e-02  0.0000e+00     6.8071e-01  0.0000e+00 
1.1905e+01     5.5206e-02  0.0000e+00     6.5721e-01  0.0000e+00     4.5257e-02  0.0000e+00     5.3877e-01  0.0000e+00 
1.3357e+01     5.1570e-02  0.0000e+00     6.8883e-01  0.0000e+00     4.7435e-02  0.0000e+00     6.3360e-01  0.0000e+00 
1.4987e+01     2.8550e-02  0.0000e+00     4.2788e-01  0.0000e+00     2.9465e-02  0.0000e+00     4.4159e-01  0.0000e+00 
1.6816e+01     1.8578e-02  0.0000e+00     3.1241e-01  0.0000e+00     2.1513e-02  0.0000e+00     3.6177e-01  0.0000e+00 
1.8868e+01     1.9294e-02  0.0000e+00     3.6404e-01  0.0000e+00     2.5069e-02  0.0000e+00     4.7299e-01  0.0000e+00 
2.1170e+01     1.1880e-02  0.0000e+00     2.5149e-01  0.0000e+00     1.7318e-02  0.0000e+00     3.6663e-01  0.0000e+00 
2.3753e+01     1.0349e-02  0.0000e+00     2.4581e-01  0.0000e+00     1.6927e-02  0.0000e+00     4.0207e-01  0.0000e+00 
2.6651e+01     2.2896e-02  0.0000e+00     6.1020e-01  0.0000e+00     4.2020e-02  0.0000e+00     1.1199e+00  0.0000e+00 
2.9903e+01     5.3606e-03  0.0000e+00     1.6030e-01  0.0000e+00     1.1039e-02  0.0000e+00     3.3009e-01  0.0000e+00 
3.3552e+01     5.0066e-03  0.0000e+00     1.6798e-01  0.0000e+00     1.1568e-02  0.0000e+00     3.8812e-01  0.0000e+00 
3.7646e+01     3.9002e-03  0.0000e+00     1.4683e-01  0.0000e+00     1.0111e-02  0.0000e+00     3.8064e-01  0.0000e+00 
4.2240e+01     2.7684e-03  0.0000e+00     1.1694e-01  0.0000e+00     8.0524e-03  0.0000e+00     3.4013e-01  0.0000e+00 
4.7394e+01     2.2134e-03  0.0000e+00     1.0490e-01  0.0000e+00     7.2236e-03  0.0000e+00     3.4235e-01  0.0000e+00 
5.3176e+01     1.4360e-03  0.0000e+00     7.6364e-02  0.0000e+00     5.2586e-03  0.0000e+00     2.7963e-01  0.0000e+00 
5.9665e+01     9.5627e-04  0.0000e+00     5.7056e-02  0.0000e+00     3.9290e-03  0.0000e+00     2.3442e-01  0.0000e+00 
6.6945e+01     5.2145e-04  0.0000e+00     3.4909e-02  0.0000e+00     2.4039e-03  0.0000e+00     1.6093e-01  0.0000e+00 
7.5114e+01     2.7091e-04  0.0000e+00     2.0349e-02  0.0000e+00     1.4013e-03  0.0000e+00     1.0525e-01  0.0000e+00 
8.4279e+01     1.2821e-04  0.0000e+00     1.0805e-02  0.0000e+00     7.4409e-04  0.0000e+00     6.2711e-02  0.0000e+00 
9.4563e+01     6.2222e-05  0.0000e+00     5.8838e-03  0.0000e+00     4.0517e-04  0.0000e+00     3.8314e-02  0.0000e+00 
1.0610e+02     3.1667e-05  0.0000e+00     3.3599e-03  0.0000e+00     2.3137e-04  0.0000e+00     2.4549e-02  0.0000e+00 
1.1905e+02     9.9379e-06  0.0000e+00     1.1831e-03  0.0000e+00     8.1469e-05  0.0000e+00     9.6987e-03  0.0000e+00 
1.3357e+02     2.9524e-06  0.0000e+00     3.9436e-04  0.0000e+00     2.7156e-05  0.0000e+00     3.6274e-03  0.0000e+00 
1.4987e+02     4.2101e-07  0.0000e+00     6.3097e-05  0.0000e+00     4.3450e-06  0.0000e+00     6.5120e-04  0.0000e+00 
1.6816e+02     0.0000e+00  0.0000e+00     0.0000e+00  0.0000e+00     0.0000e+00  0.0000e+00     0.0000e+00  0.0000e+00 
1.8868e+02     0.0000e+00  0.0000e+00     0.0000e+00  0.0000e+00     0.0000e+00  0.0000e+00     0.0000e+00  0.0000e+00 
2.1170e+02     0.0000e+00  0.0000e+00     0.0000e+00  0.0000e+00     0.0000e+00  0.0000e+00     0.0000e+00  0.0000e+00 
2.3753e+02     0.0000e+00  0.0000e+00     0.0000e+00  0.0000e+00     0.0000e+00  0.0000e+00     0.0000e+00  0.0000e+00 
2.6651e+02     0.0000e+00  0.0000e+00     0.0000e+00  0.0000e+00     0.0000e+00  0.0000e+00     0.0000e+00  0.0000e+00 
2.9903e+02     0.0000e+00  0.0000e+00     0.0000e+00  0.0000e+00     0.0000e+00  0.0000e+00     0.0000e+00  0.0000e+00 
3.3552e+02     0.0000e+00  0.0000e+00     0.0000e+00  0.0000e+00     0.0000e+00  0.0000e+00     0.0000e+00  0.0000e+00 
3.7646e+02     0.0000e+00  0.0000e+00     0.0000e+00  0.0000e+00     0.0000e+00  0.0000e+00     0.0000e+00  0.0000e+00 
4.2240e+02     0.0000e+00  0.0000e+00     0.0000e+00  0.0000e+00     0.0000e+00  0.0000e+00     0.0000e+00  0.0000e+00 
4.7394e+02     0.0000e+00  0.0000e+00     0.0000e+00  0.0000e+00     0.0000e+00  0.0000e+00     0.0000e+00  0.0000e+00 
5.3176e+02     0.0000e+00  0.0000e+00     0.0000e+00  0.0000e+00     0.0000e+00  0.0000e+00     0.0000e+00  0.0000e+00 
5.9665e+02     0.0000e+00  0.0000e+00     0.0000e+00  0.0000e+00     0.0000e+00  0.0000e+00     0.0000e+00  0.0000e+00 
6.6945e+02     0.0000e+00  0.0000e+00     0.0000e+00  0.0000e+00     0.0000e+00  0.0000e+00     0.0000e+00  0.0000e+00 
7.5114e+02     0.0000e+00  0.0000e+00     0.0000e+00  0.0000e+00     0.0000e+00  0.0000e+00     0.0000e+00  0.0000e+00 
8.4279e+02     0.0000e+00  0.0000e+00     0.0000e+00  0.0000e+00     0.0000e+00  0.0000e+00     0.0000e+00  0.0000e+00 
9.4563e+02     0.0000e+00  0.0000e+00     0.0000e+00  0.0000e+00     0.0000e+00  0.0000e+00     0.0000e+00  0.0000e+00 
1.0610e+03     0.0000e+00  0.0000e+00     0.0000e+00  0.0000e+00     0.0000e+00  0.0000e+00     0.0000e+00  0.0000e+00 
1.1905e+03     0.0000e+00  0.0000e+00     0.0000e+00  0.0000e+00     0.0000e+00  0.0000e+00     0.0000e+00  0.0000e+00 
1.3357e+03     0.0000e+00  0.0000e+00     0.0000e+00  0.0000e+00     0.0000e+00  0.0000e+00     0.0000e+00  0.0000e+00 
1.4987e+03     0.0000e+00  0.0000e+00     0.0000e+00  0.0000e+00     0.0000e+00  0.0000e+00     0.0000e+00  0.0000e+00 
1.6816e+03     0.0000e+00  0.0000e+00     0.0000e+00  0.0000e+00     0.0000e+00  0.0000e+00     0.0000e+00  0.0000e+00 
1.8868e+03     0.0000e+00  0.0000e+00     0.0000e+00  0.0000e+00     0.0000e+00  0.0000e+00     0.0000e+00  0.0000e+00 
2.1170e+03     0.0000e+00  0.0000e+00     0.0000e+00  0.0000e+00     0.0000e+00  0.0000e+00     0.0000e+00  0.0000e+00 
2.3753e+03     0.0000e+00  0.0000e+00     0.0000e+00  0.0000e+00     0.0000e+00  0.0000e+00     0.0000e+00  0.0000e+00 
2.6651e+03     0.0000e+00  0.0000e+00     0.0000e+00  0.0000e+00     0.0000e+00  0.0000e+00     0.0000e+00  0.0000e+00 
2.9903e+03     0.0000e+00  0.0000e+00     0.0000e+00  0.0000e+00     0.0000e+00  0.0000e+00     0.0000e+00  0.0000e+00 
3.3552e+03     0.0000e+00  0.0000e+00     0.0000e+00  0.0000e+00     0.0000e+00  0.0000e+00     0.0000e+00  0.0000e+00 
3.7646e+03     0.0000e+00  0.0000e+00     0.0000e+00  0.0000e+00     0.0000e+00  0.0000e+00     0.0000e+00  0.0000e+00 
4.2240e+03     0.0000e+00  0.0000e+00     0.0000e+00  0.0000e+00     0.0000e+00  0.0000e+00     0.0000e+00  0.0000e+00 
4.7394e+03     0.0000e+00  0.0000e+00     0.0000e+00  0.0000e+00     0.0000e+00  0.0000e+00     0.0000e+00  0.0000e+00 
5.3176e+03     0.0000e+00  0.0000e+00     0.0000e+00  0.0000e+00     0.0000e+00  0.0000e+00     0.0000e+00  0.0000e+00 
5.9665e+03     0.0000e+00  0.0000e+00     0.0000e+00  0.0000e+00     0.0000e+00  0.0000e+00     0.0000e+00  0.0000e+00 
6.6945e+03     0.0000e+00  0.0000e+00     0.0000e+00  0.0000e+00     0.0000e+00  0.0000e+00     0.0000e+00  0.0000e+00 
7.5114e+03     0.0000e+00  0.0000e+00     0.0000e+00  0.0000e+00     0.0000e+00  0.0000e+00     0.0000e+00  0.0000e+00 
8.4279e+03     0.0000e+00  0.0000e+00     0.0000e+00  0.0000e+00     0.0000e+00  0.0000e+00     0.0000e+00  0.0000e+00 
9.4563e+03     0.0000e+00  0.0000e+00     0.0000e+00  0.0000e+00     0.0000e+00  0.0000e+00     0.0000e+00  0.0000e+00 
