yF = 5.6003e+00 (std: 0.0000e+00) keV/um
yD = 2.3343e+01 (std: 0.0000e+00) keV/um
y (keV/um)     f(y)(std)                  yf(y)(std)                 d(y)(std)                  yd(y)(std)  
1.0610e-01     2.1235e+01  0.0000e+00     2.2531e+00  0.0000e+00     4.0232e-01  0.0000e+00     4.2686e-02  0.0000e+00 
1.1905e-01     1.7439e+00  0.0000e+00     2.0761e-01  0.0000e+00     3.7071e-02  0.0000e+00     4.4132e-03  0.0000e+00 
1.3357e-01     6.0095e-01  0.0000e+00     8.0271e-02  0.0000e+00     1.4333e-02  0.0000e+00     1.9145e-03  0.0000e+00 
1.4987e-01     2.4725e+00  0.0000e+00     3.7055e-01  0.0000e+00     6.6166e-02  0.0000e+00     9.9164e-03  0.0000e+00 
1.6816e-01     8.4570e-01  0.0000e+00     1.4221e-01  0.0000e+00     2.5394e-02  0.0000e+00     4.2702e-03  0.0000e+00 
1.8868e-01     6.2270e-01  0.0000e+00     1.1749e-01  0.0000e+00     2.0979e-02  0.0000e+00     3.9583e-03  0.0000e+00 
2.1170e-01     6.5682e-01  0.0000e+00     1.3905e-01  0.0000e+00     2.4829e-02  0.0000e+00     5.2563e-03  0.0000e+00 
2.3753e-01     6.0995e-01  0.0000e+00     1.4488e-01  0.0000e+00     2.5870e-02  0.0000e+00     6.1450e-03  0.0000e+00 
2.6651e-01     3.0944e-01  0.0000e+00     8.2469e-02  0.0000e+00     1.4726e-02  0.0000e+00     3.9246e-03  0.0000e+00 
2.9903e-01     2.6911e-01  0.0000e+00     8.0473e-02  0.0000e+00     1.4369e-02  0.0000e+00     4.2969e-03  0.0000e+00 
3.3552e-01     1.1734e+00  0.0000e+00     3.9370e-01  0.0000e+00     7.0300e-02  0.0000e+00     2.3587e-02  0.0000e+00 
3.7646e-01     8.4134e-01  0.0000e+00     3.1673e-01  0.0000e+00     5.6556e-02  0.0000e+00     2.1291e-02  0.0000e+00 
4.2240e-01     4.1003e-01  0.0000e+00     1.7319e-01  0.0000e+00     3.0926e-02  0.0000e+00     1.3063e-02  0.0000e+00 
4.7394e-01     4.0577e-01  0.0000e+00     1.9231e-01  0.0000e+00     3.4339e-02  0.0000e+00     1.6274e-02  0.0000e+00 
5.3176e-01     2.8887e-01  0.0000e+00     1.5361e-01  0.0000e+00     2.7429e-02  0.0000e+00     1.4586e-02  0.0000e+00 
5.9665e-01     1.6330e-01  0.0000e+00     9.7433e-02  0.0000e+00     1.7398e-02  0.0000e+00     1.0380e-02  0.0000e+00 
6.6945e-01     2.1887e-01  0.0000e+00     1.4652e-01  0.0000e+00     2.6163e-02  0.0000e+00     1.7515e-02  0.0000e+00 
7.5114e-01     1.9641e-01  0.0000e+00     1.4753e-01  0.0000e+00     2.6343e-02  0.0000e+00     1.9787e-02  0.0000e+00 
8.4279e-01     1.0589e-01  0.0000e+00     8.9244e-02  0.0000e+00     1.5936e-02  0.0000e+00     1.3430e-02  0.0000e+00 
9.4563e-01     6.8398e-02  0.0000e+00     6.4679e-02  0.0000e+00     1.1549e-02  0.0000e+00     1.0921e-02  0.0000e+00 
1.0610e+00     5.2269e-02  0.0000e+00     5.5458e-02  0.0000e+00     9.9027e-03  0.0000e+00     1.0507e-02  0.0000e+00 
1.1905e+00     3.1019e-02  0.0000e+00     3.6927e-02  0.0000e+00     6.5938e-03  0.0000e+00     7.8497e-03  0.0000e+00 
1.3357e+00     1.8996e-02  0.0000e+00     2.5373e-02  0.0000e+00     4.5307e-03  0.0000e+00     6.0518e-03  0.0000e+00 
1.4987e+00     9.5503e-03  0.0000e+00     1.4313e-02  0.0000e+00     2.5558e-03  0.0000e+00     3.8304e-03  0.0000e+00 
1.6816e+00     5.2298e-03  0.0000e+00     8.7943e-03  0.0000e+00     1.5703e-03  0.0000e+00     2.6407e-03  0.0000e+00 
1.8868e+00     2.2592e-03  0.0000e+00     4.2626e-03  0.0000e+00     7.6113e-04  0.0000e+00     1.4361e-03  0.0000e+00 
2.1170e+00     8.3719e-04  0.0000e+00     1.7723e-03  0.0000e+00     3.1647e-04  0.0000e+00     6.6997e-04  0.0000e+00 
2.3753e+00     2.6446e-04  0.0000e+00     6.2817e-04  0.0000e+00     1.1217e-04  0.0000e+00     2.6643e-04  0.0000e+00 
2.6651e+00     1.0101e-04  0.0000e+00     2.6921e-04  0.0000e+00     4.8071e-05  0.0000e+00     1.2812e-04  0.0000e+00 
2.9903e+00     2.2507e-05  0.0000e+00     6.7304e-05  0.0000e+00     1.2018e-05  0.0000e+00     3.5937e-05  0.0000e+00 
3.3552e+00     6.6865e-06  0.0000e+00     2.2435e-05  0.0000e+00     4.0060e-06  0.0000e+00     1.3441e-05  0.0000e+00 
3.7646e+00     5.9593e-06  0.0000e+00     2.2435e-05  0.0000e+00     4.0060e-06  0.0000e+00     1.5081e-05  0.0000e+00 
4.2240e+00     0.0000e+00  0.0000e+00     0.0000e+00  0.0000e+00     0.0000e+00  0.0000e+00     0.0000e+00  0.0000e+00 
4.7394e+00     0.0000e+00  0.0000e+00     0.0000e+00  0.0000e+00     0.0000e+00  0.0000e+00     0.0000e+00  0.0000e+00 
5.3176e+00     0.0000e+00  0.0000e+00     0.0000e+00  0.0000e+00     0.0000e+00  0.0000e+00     0.0000e+00  0.0000e+00 
5.9665e+00     1.0264e-01  0.0000e+00     6.1242e-01  0.0000e+00     1.0935e-01  0.0000e+00     6.5246e-01  0.0000e+00 
6.6945e+00     2.8472e-02  0.0000e+00     1.9060e-01  0.0000e+00     3.4035e-02  0.0000e+00     2.2785e-01  0.0000e+00 
7.5114e+00     7.3713e-03  0.0000e+00     5.5368e-02  0.0000e+00     9.8867e-03  0.0000e+00     7.4263e-02  0.0000e+00 
8.4279e+00     2.9151e-02  0.0000e+00     2.4568e-01  0.0000e+00     4.3869e-02  0.0000e+00     3.6973e-01  0.0000e+00 
9.4563e+00     2.0280e-02  0.0000e+00     1.9177e-01  0.0000e+00     3.4243e-02  0.0000e+00     3.2381e-01  0.0000e+00 
1.0610e+01     2.9459e-02  0.0000e+00     3.1256e-01  0.0000e+00     5.5811e-02  0.0000e+00     5.9216e-01  0.0000e+00 
1.1905e+01     2.2588e-02  0.0000e+00     2.6890e-01  0.0000e+00     4.8015e-02  0.0000e+00     5.7161e-01  0.0000e+00 
1.3357e+01     1.6754e-02  0.0000e+00     2.2378e-01  0.0000e+00     3.9959e-02  0.0000e+00     5.3375e-01  0.0000e+00 
1.4987e+01     1.0796e-02  0.0000e+00     1.6180e-01  0.0000e+00     2.8891e-02  0.0000e+00     4.3299e-01  0.0000e+00 
1.6816e+01     7.3337e-03  0.0000e+00     1.2332e-01  0.0000e+00     2.2021e-02  0.0000e+00     3.7030e-01  0.0000e+00 
1.8868e+01     5.9036e-03  0.0000e+00     1.1139e-01  0.0000e+00     1.9890e-02  0.0000e+00     3.7527e-01  0.0000e+00 
2.1170e+01     5.3548e-03  0.0000e+00     1.1336e-01  0.0000e+00     2.0242e-02  0.0000e+00     4.2852e-01  0.0000e+00 
2.3753e+01     4.9416e-03  0.0000e+00     1.1738e-01  0.0000e+00     2.0959e-02  0.0000e+00     4.9784e-01  0.0000e+00 
2.6651e+01     3.3587e-03  0.0000e+00     8.9514e-02  0.0000e+00     1.5984e-02  0.0000e+00     4.2599e-01  0.0000e+00 
2.9903e+01     2.3197e-03  0.0000e+00     6.9368e-02  0.0000e+00     1.2386e-02  0.0000e+00     3.7039e-01  0.0000e+00 
3.3552e+01     1.9698e-03  0.0000e+00     6.6092e-02  0.0000e+00     1.1802e-02  0.0000e+00     3.9597e-01  0.0000e+00 
3.7646e+01     1.4809e-03  0.0000e+00     5.5750e-02  0.0000e+00     9.9548e-03  0.0000e+00     3.7476e-01  0.0000e+00 
4.2240e+01     1.0086e-03  0.0000e+00     4.2603e-02  0.0000e+00     7.6073e-03  0.0000e+00     3.2133e-01  0.0000e+00 
4.7394e+01     7.1620e-04  0.0000e+00     3.3943e-02  0.0000e+00     6.0610e-03  0.0000e+00     2.8725e-01  0.0000e+00 
5.3176e+01     4.7673e-04  0.0000e+00     2.5351e-02  0.0000e+00     4.5267e-03  0.0000e+00     2.4072e-01  0.0000e+00 
5.9665e+01     2.9253e-04  0.0000e+00     1.7454e-02  0.0000e+00     3.1166e-03  0.0000e+00     1.8595e-01  0.0000e+00 
6.6945e+01     1.5918e-04  0.0000e+00     1.0656e-02  0.0000e+00     1.9028e-03  0.0000e+00     1.2739e-01  0.0000e+00 
7.5114e+01     9.7069e-05  0.0000e+00     7.2912e-03  0.0000e+00     1.3019e-03  0.0000e+00     9.7793e-02  0.0000e+00 
8.4279e+01     5.0311e-05  0.0000e+00     4.2401e-03  0.0000e+00     7.5713e-04  0.0000e+00     6.3810e-02  0.0000e+00 
9.4563e+01     2.2538e-05  0.0000e+00     2.1313e-03  0.0000e+00     3.8057e-04  0.0000e+00     3.5987e-02  0.0000e+00 
1.0610e+02     1.0149e-05  0.0000e+00     1.0769e-03  0.0000e+00     1.9229e-04  0.0000e+00     2.0402e-02  0.0000e+00 
1.1905e+02     3.2037e-06  0.0000e+00     3.8139e-04  0.0000e+00     6.8101e-05  0.0000e+00     8.1073e-03  0.0000e+00 
1.3357e+02     2.5194e-06  0.0000e+00     3.3652e-04  0.0000e+00     6.0089e-05  0.0000e+00     8.0263e-03  0.0000e+00 
1.4987e+02     0.0000e+00  0.0000e+00     0.0000e+00  0.0000e+00     0.0000e+00  0.0000e+00     0.0000e+00  0.0000e+00 
1.6816e+02     0.0000e+00  0.0000e+00     0.0000e+00  0.0000e+00     0.0000e+00  0.0000e+00     0.0000e+00  0.0000e+00 
1.8868e+02     0.0000e+00  0.0000e+00     0.0000e+00  0.0000e+00     0.0000e+00  0.0000e+00     0.0000e+00  0.0000e+00 
2.1170e+02     0.0000e+00  0.0000e+00     0.0000e+00  0.0000e+00     0.0000e+00  0.0000e+00     0.0000e+00  0.0000e+00 
2.3753e+02     0.0000e+00  0.0000e+00     0.0000e+00  0.0000e+00     0.0000e+00  0.0000e+00     0.0000e+00  0.0000e+00 
2.6651e+02     0.0000e+00  0.0000e+00     0.0000e+00  0.0000e+00     0.0000e+00  0.0000e+00     0.0000e+00  0.0000e+00 
2.9903e+02     0.0000e+00  0.0000e+00     0.0000e+00  0.0000e+00     0.0000e+00  0.0000e+00     0.0000e+00  0.0000e+00 
3.3552e+02     0.0000e+00  0.0000e+00     0.0000e+00  0.0000e+00     0.0000e+00  0.0000e+00     0.0000e+00  0.0000e+00 
3.7646e+02     0.0000e+00  0.0000e+00     0.0000e+00  0.0000e+00     0.0000e+00  0.0000e+00     0.0000e+00  0.0000e+00 
4.2240e+02     0.0000e+00  0.0000e+00     0.0000e+00  0.0000e+00     0.0000e+00  0.0000e+00     0.0000e+00  0.0000e+00 
4.7394e+02     0.0000e+00  0.0000e+00     0.0000e+00  0.0000e+00     0.0000e+00  0.0000e+00     0.0000e+00  0.0000e+00 
5.3176e+02     0.0000e+00  0.0000e+00     0.0000e+00  0.0000e+00     0.0000e+00  0.0000e+00     0.0000e+00  0.0000e+00 
5.9665e+02     0.0000e+00  0.0000e+00     0.0000e+00  0.0000e+00     0.0000e+00  0.0000e+00     0.0000e+00  0.0000e+00 
6.6945e+02     0.0000e+00  0.0000e+00     0.0000e+00  0.0000e+00     0.0000e+00  0.0000e+00     0.0000e+00  0.0000e+00 
7.5114e+02     0.0000e+00  0.0000e+00     0.0000e+00  0.0000e+00     0.0000e+00  0.0000e+00     0.0000e+00  0.0000e+00 
8.4279e+02     0.0000e+00  0.0000e+00     0.0000e+00  0.0000e+00     0.0000e+00  0.0000e+00     0.0000e+00  0.0000e+00 
9.4563e+02     0.0000e+00  0.0000e+00     0.0000e+00  0.0000e+00     0.0000e+00  0.0000e+00     0.0000e+00  0.0000e+00 
1.0610e+03     0.0000e+00  0.0000e+00     0.0000e+00  0.0000e+00     0.0000e+00  0.0000e+00     0.0000e+00  0.0000e+00 
1.1905e+03     0.0000e+00  0.0000e+00     0.0000e+00  0.0000e+00     0.0000e+00  0.0000e+00     0.0000e+00  0.0000e+00 
1.3357e+03     0.0000e+00  0.0000e+00     0.0000e+00  0.0000e+00     0.0000e+00  0.0000e+00     0.0000e+00  0.0000e+00 
1.4987e+03     0.0000e+00  0.0000e+00     0.0000e+00  0.0000e+00     0.0000e+00  0.0000e+00     0.0000e+00  0.0000e+00 
1.6816e+03     0.0000e+00  0.0000e+00     0.0000e+00  0.0000e+00     0.0000e+00  0.0000e+00     0.0000e+00  0.0000e+00 
1.8868e+03     0.0000e+00  0.0000e+00     0.0000e+00  0.0000e+00     0.0000e+00  0.0000e+00     0.0000e+00  0.0000e+00 
2.1170e+03     0.0000e+00  0.0000e+00     0.0000e+00  0.0000e+00     0.0000e+00  0.0000e+00     0.0000e+00  0.0000e+00 
2.3753e+03     0.0000e+00  0.0000e+00     0.0000e+00  0.0000e+00     0.0000e+00  0.0000e+00     0.0000e+00  0.0000e+00 
2.6651e+03     0.0000e+00  0.0000e+00     0.0000e+00  0.0000e+00     0.0000e+00  0.0000e+00     0.0000e+00  0.0000e+00 
2.9903e+03     0.0000e+00  0.0000e+00     0.0000e+00  0.0000e+00     0.0000e+00  0.0000e+00     0.0000e+00  0.0000e+00 
3.3552e+03     0.0000e+00  0.0000e+00     0.0000e+00  0.0000e+00     0.0000e+00  0.0000e+00     0.0000e+00  0.0000e+00 
3.7646e+03     0.0000e+00  0.0000e+00     0.0000e+00  0.0000e+00     0.0000e+00  0.0000e+00     0.0000e+00  0.0000e+00 
4.2240e+03     0.0000e+00  0.0000e+00     0.0000e+00  0.0000e+00     0.0000e+00  0.0000e+00     0.0000e+00  0.0000e+00 
4.7394e+03     0.0000e+00  0.0000e+00     0.0000e+00  0.0000e+00     0.0000e+00  0.0000e+00     0.0000e+00  0.0000e+00 
5.3176e+03     0.0000e+00  0.0000e+00     0.0000e+00  0.0000e+00     0.0000e+00  0.0000e+00     0.0000e+00  0.0000e+00 
5.9665e+03     0.0000e+00  0.0000e+00     0.0000e+00  0.0000e+00     0.0000e+00  0.0000e+00     0.0000e+00  0.0000e+00 
6.6945e+03     0.0000e+00  0.0000e+00     0.0000e+00  0.0000e+00     0.0000e+00  0.0000e+00     0.0000e+00  0.0000e+00 
7.5114e+03     0.0000e+00  0.0000e+00     0.0000e+00  0.0000e+00     0.0000e+00  0.0000e+00     0.0000e+00  0.0000e+00 
8.4279e+03     0.0000e+00  0.0000e+00     0.0000e+00  0.0000e+00     0.0000e+00  0.0000e+00     0.0000e+00  0.0000e+00 
9.4563e+03     0.0000e+00  0.0000e+00     0.0000e+00  0.0000e+00     0.0000e+00  0.0000e+00     0.0000e+00  0.0000e+00 
