yF = 1.5706e+01 (std: 0.0000e+00) keV/um
yD = 3.6800e+01 (std: 0.0000e+00) keV/um
y (keV/um)     f(y)(std)                  yf(y)(std)                 d(y)(std)                  yd(y)(std)  
1.0610e-01     7.8027e+00  0.0000e+00     8.2787e-01  0.0000e+00     5.2712e-02  0.0000e+00     5.5927e-03  0.0000e+00 
1.1905e-01     8.4335e-01  0.0000e+00     1.0040e-01  0.0000e+00     6.3925e-03  0.0000e+00     7.6101e-04  0.0000e+00 
1.3357e-01     3.6488e-01  0.0000e+00     4.8739e-02  0.0000e+00     3.1033e-03  0.0000e+00     4.1451e-04  0.0000e+00 
1.4987e-01     1.0583e+00  0.0000e+00     1.5861e-01  0.0000e+00     1.0099e-02  0.0000e+00     1.5135e-03  0.0000e+00 
1.6816e-01     5.0028e-01  0.0000e+00     8.4126e-02  0.0000e+00     5.3564e-03  0.0000e+00     9.0073e-04  0.0000e+00 
1.8868e-01     4.0314e-01  0.0000e+00     7.6064e-02  0.0000e+00     4.8431e-03  0.0000e+00     9.1378e-04  0.0000e+00 
2.1170e-01     4.0447e-01  0.0000e+00     8.5626e-02  0.0000e+00     5.4519e-03  0.0000e+00     1.1542e-03  0.0000e+00 
2.3753e-01     3.8429e-01  0.0000e+00     9.1280e-02  0.0000e+00     5.8120e-03  0.0000e+00     1.3805e-03  0.0000e+00 
2.6651e-01     2.4279e-01  0.0000e+00     6.4705e-02  0.0000e+00     4.1199e-03  0.0000e+00     1.0980e-03  0.0000e+00 
2.9903e-01     2.0605e-01  0.0000e+00     6.1617e-02  0.0000e+00     3.9232e-03  0.0000e+00     1.1732e-03  0.0000e+00 
3.3552e-01     4.9532e-01  0.0000e+00     1.6619e-01  0.0000e+00     1.0582e-02  0.0000e+00     3.5503e-03  0.0000e+00 
3.7646e-01     4.2609e-01  0.0000e+00     1.6041e-01  0.0000e+00     1.0213e-02  0.0000e+00     3.8449e-03  0.0000e+00 
4.2240e-01     2.7577e-01  0.0000e+00     1.1648e-01  0.0000e+00     7.4167e-03  0.0000e+00     3.1328e-03  0.0000e+00 
4.7394e-01     2.6914e-01  0.0000e+00     1.2756e-01  0.0000e+00     8.1217e-03  0.0000e+00     3.8491e-03  0.0000e+00 
5.3176e-01     2.2748e-01  0.0000e+00     1.2096e-01  0.0000e+00     7.7019e-03  0.0000e+00     4.0956e-03  0.0000e+00 
5.9665e-01     1.5120e-01  0.0000e+00     9.0215e-02  0.0000e+00     5.7441e-03  0.0000e+00     3.4272e-03  0.0000e+00 
6.6945e-01     1.4738e-01  0.0000e+00     9.8662e-02  0.0000e+00     6.2819e-03  0.0000e+00     4.2055e-03  0.0000e+00 
7.5114e-01     1.4622e-01  0.0000e+00     1.0983e-01  0.0000e+00     6.9932e-03  0.0000e+00     5.2528e-03  0.0000e+00 
8.4279e-01     9.9912e-02  0.0000e+00     8.4205e-02  0.0000e+00     5.3614e-03  0.0000e+00     4.5186e-03  0.0000e+00 
9.4563e-01     7.2955e-02  0.0000e+00     6.8988e-02  0.0000e+00     4.3926e-03  0.0000e+00     4.1537e-03  0.0000e+00 
1.0610e+00     5.5172e-02  0.0000e+00     5.8538e-02  0.0000e+00     3.7272e-03  0.0000e+00     3.9546e-03  0.0000e+00 
1.1905e+00     3.8197e-02  0.0000e+00     4.5472e-02  0.0000e+00     2.8953e-03  0.0000e+00     3.4468e-03  0.0000e+00 
1.3357e+00     2.4727e-02  0.0000e+00     3.3029e-02  0.0000e+00     2.1030e-03  0.0000e+00     2.8090e-03  0.0000e+00 
1.4987e+00     1.5664e-02  0.0000e+00     2.3476e-02  0.0000e+00     1.4948e-03  0.0000e+00     2.2402e-03  0.0000e+00 
1.6816e+00     8.8319e-03  0.0000e+00     1.4852e-02  0.0000e+00     9.4562e-04  0.0000e+00     1.5901e-03  0.0000e+00 
1.8868e+00     4.6130e-03  0.0000e+00     8.7037e-03  0.0000e+00     5.5418e-04  0.0000e+00     1.0456e-03  0.0000e+00 
2.1170e+00     2.4939e-03  0.0000e+00     5.2795e-03  0.0000e+00     3.3615e-04  0.0000e+00     7.1163e-04  0.0000e+00 
2.3753e+00     1.0428e-03  0.0000e+00     2.4769e-03  0.0000e+00     1.5771e-04  0.0000e+00     3.7460e-04  0.0000e+00 
2.6651e+00     4.0730e-04  0.0000e+00     1.0855e-03  0.0000e+00     6.9115e-05  0.0000e+00     1.8420e-04  0.0000e+00 
2.9903e+00     1.2870e-04  0.0000e+00     3.8486e-04  0.0000e+00     2.4504e-05  0.0000e+00     7.3276e-05  0.0000e+00 
3.3552e+00     3.5294e-05  0.0000e+00     1.1842e-04  0.0000e+00     7.5398e-06  0.0000e+00     2.5298e-05  0.0000e+00 
3.7646e+00     1.3107e-05  0.0000e+00     4.9341e-05  0.0000e+00     3.1416e-06  0.0000e+00     1.1827e-05  0.0000e+00 
4.2240e+00     7.0087e-06  0.0000e+00     2.9604e-05  0.0000e+00     1.8850e-06  0.0000e+00     7.9620e-06  0.0000e+00 
4.7394e+00     0.0000e+00  0.0000e+00     0.0000e+00  0.0000e+00     0.0000e+00  0.0000e+00     0.0000e+00  0.0000e+00 
5.3176e+00     1.8557e-06  0.0000e+00     9.8682e-06  0.0000e+00     6.2832e-07  0.0000e+00     3.3412e-06  0.0000e+00 
5.9665e+00     5.0337e-02  0.0000e+00     3.0034e-01  0.0000e+00     1.9123e-02  0.0000e+00     1.1410e-01  0.0000e+00 
6.6945e+00     2.8766e-02  0.0000e+00     1.9258e-01  0.0000e+00     1.2262e-02  0.0000e+00     8.2086e-02  0.0000e+00 
7.5114e+00     8.5460e-03  0.0000e+00     6.4192e-02  0.0000e+00     4.0872e-03  0.0000e+00     3.0701e-02  0.0000e+00 
8.4279e+00     3.6754e-02  0.0000e+00     3.0976e-01  0.0000e+00     1.9723e-02  0.0000e+00     1.6622e-01  0.0000e+00 
9.4563e+00     2.8742e-02  0.0000e+00     2.7179e-01  0.0000e+00     1.7305e-02  0.0000e+00     1.6364e-01  0.0000e+00 
1.0610e+01     4.0702e-02  0.0000e+00     4.3185e-01  0.0000e+00     2.7497e-02  0.0000e+00     2.9174e-01  0.0000e+00 
1.1905e+01     3.2116e-02  0.0000e+00     3.8233e-01  0.0000e+00     2.4344e-02  0.0000e+00     2.8980e-01  0.0000e+00 
1.3357e+01     2.7239e-02  0.0000e+00     3.6384e-01  0.0000e+00     2.3166e-02  0.0000e+00     3.0944e-01  0.0000e+00 
1.4987e+01     1.9130e-02  0.0000e+00     2.8671e-01  0.0000e+00     1.8255e-02  0.0000e+00     2.7359e-01  0.0000e+00 
1.6816e+01     1.5644e-02  0.0000e+00     2.6308e-01  0.0000e+00     1.6750e-02  0.0000e+00     2.8167e-01  0.0000e+00 
1.8868e+01     1.6438e-02  0.0000e+00     3.1015e-01  0.0000e+00     1.9747e-02  0.0000e+00     3.7259e-01  0.0000e+00 
2.1170e+01     1.5229e-02  0.0000e+00     3.2239e-01  0.0000e+00     2.0527e-02  0.0000e+00     4.3456e-01  0.0000e+00 
2.3753e+01     1.4111e-02  0.0000e+00     3.3517e-01  0.0000e+00     2.1341e-02  0.0000e+00     5.0691e-01  0.0000e+00 
2.6651e+01     1.1239e-02  0.0000e+00     2.9955e-01  0.0000e+00     1.9073e-02  0.0000e+00     5.0831e-01  0.0000e+00 
2.9903e+01     8.9011e-03  0.0000e+00     2.6617e-01  0.0000e+00     1.6948e-02  0.0000e+00     5.0679e-01  0.0000e+00 
3.3552e+01     7.7899e-03  0.0000e+00     2.6137e-01  0.0000e+00     1.6642e-02  0.0000e+00     5.5836e-01  0.0000e+00 
3.7646e+01     6.2025e-03  0.0000e+00     2.3350e-01  0.0000e+00     1.4867e-02  0.0000e+00     5.5969e-01  0.0000e+00 
4.2240e+01     4.7926e-03  0.0000e+00     2.0244e-01  0.0000e+00     1.2889e-02  0.0000e+00     5.4444e-01  0.0000e+00 
4.7394e+01     3.7069e-03  0.0000e+00     1.7568e-01  0.0000e+00     1.1186e-02  0.0000e+00     5.3014e-01  0.0000e+00 
5.3176e+01     2.6359e-03  0.0000e+00     1.4017e-01  0.0000e+00     8.9246e-03  0.0000e+00     4.7458e-01  0.0000e+00 
5.9665e+01     1.9032e-03  0.0000e+00     1.1355e-01  0.0000e+00     7.2301e-03  0.0000e+00     4.3138e-01  0.0000e+00 
6.6945e+01     1.2692e-03  0.0000e+00     8.4965e-02  0.0000e+00     5.4098e-03  0.0000e+00     3.6216e-01  0.0000e+00 
7.5114e+01     7.6973e-04  0.0000e+00     5.7818e-02  0.0000e+00     3.6813e-03  0.0000e+00     2.7652e-01  0.0000e+00 
8.4279e+01     4.6601e-04  0.0000e+00     3.9275e-02  0.0000e+00     2.5007e-03  0.0000e+00     2.1076e-01  0.0000e+00 
9.4563e+01     2.5421e-04  0.0000e+00     2.4039e-02  0.0000e+00     1.5306e-03  0.0000e+00     1.4474e-01  0.0000e+00 
1.0610e+02     1.3328e-04  0.0000e+00     1.4141e-02  0.0000e+00     9.0038e-04  0.0000e+00     9.5531e-02  0.0000e+00 
1.1905e+02     5.8439e-05  0.0000e+00     6.9570e-03  0.0000e+00     4.4297e-04  0.0000e+00     5.2734e-02  0.0000e+00 
1.3357e+02     2.7778e-05  0.0000e+00     3.7104e-03  0.0000e+00     2.3625e-04  0.0000e+00     3.1556e-02  0.0000e+00 
1.4987e+02     9.2840e-06  0.0000e+00     1.3914e-03  0.0000e+00     8.8593e-05  0.0000e+00     1.3278e-02  0.0000e+00 
1.6816e+02     2.5234e-06  0.0000e+00     4.2433e-04  0.0000e+00     2.7018e-05  0.0000e+00     4.5433e-03  0.0000e+00 
1.8868e+02     4.1841e-07  0.0000e+00     7.8945e-05  0.0000e+00     5.0266e-06  0.0000e+00     9.4840e-04  0.0000e+00 
2.1170e+02     1.3984e-07  0.0000e+00     2.9604e-05  0.0000e+00     1.8850e-06  0.0000e+00     3.9904e-04  0.0000e+00 
2.3753e+02     4.1545e-08  0.0000e+00     9.8682e-06  0.0000e+00     6.2832e-07  0.0000e+00     1.4924e-04  0.0000e+00 
2.6651e+02     0.0000e+00  0.0000e+00     0.0000e+00  0.0000e+00     0.0000e+00  0.0000e+00     0.0000e+00  0.0000e+00 
2.9903e+02     0.0000e+00  0.0000e+00     0.0000e+00  0.0000e+00     0.0000e+00  0.0000e+00     0.0000e+00  0.0000e+00 
3.3552e+02     0.0000e+00  0.0000e+00     0.0000e+00  0.0000e+00     0.0000e+00  0.0000e+00     0.0000e+00  0.0000e+00 
3.7646e+02     0.0000e+00  0.0000e+00     0.0000e+00  0.0000e+00     0.0000e+00  0.0000e+00     0.0000e+00  0.0000e+00 
4.2240e+02     0.0000e+00  0.0000e+00     0.0000e+00  0.0000e+00     0.0000e+00  0.0000e+00     0.0000e+00  0.0000e+00 
4.7394e+02     0.0000e+00  0.0000e+00     0.0000e+00  0.0000e+00     0.0000e+00  0.0000e+00     0.0000e+00  0.0000e+00 
5.3176e+02     0.0000e+00  0.0000e+00     0.0000e+00  0.0000e+00     0.0000e+00  0.0000e+00     0.0000e+00  0.0000e+00 
5.9665e+02     0.0000e+00  0.0000e+00     0.0000e+00  0.0000e+00     0.0000e+00  0.0000e+00     0.0000e+00  0.0000e+00 
6.6945e+02     0.0000e+00  0.0000e+00     0.0000e+00  0.0000e+00     0.0000e+00  0.0000e+00     0.0000e+00  0.0000e+00 
7.5114e+02     0.0000e+00  0.0000e+00     0.0000e+00  0.0000e+00     0.0000e+00  0.0000e+00     0.0000e+00  0.0000e+00 
8.4279e+02     0.0000e+00  0.0000e+00     0.0000e+00  0.0000e+00     0.0000e+00  0.0000e+00     0.0000e+00  0.0000e+00 
9.4563e+02     0.0000e+00  0.0000e+00     0.0000e+00  0.0000e+00     0.0000e+00  0.0000e+00     0.0000e+00  0.0000e+00 
1.0610e+03     0.0000e+00  0.0000e+00     0.0000e+00  0.0000e+00     0.0000e+00  0.0000e+00     0.0000e+00  0.0000e+00 
1.1905e+03     0.0000e+00  0.0000e+00     0.0000e+00  0.0000e+00     0.0000e+00  0.0000e+00     0.0000e+00  0.0000e+00 
1.3357e+03     0.0000e+00  0.0000e+00     0.0000e+00  0.0000e+00     0.0000e+00  0.0000e+00     0.0000e+00  0.0000e+00 
1.4987e+03     0.0000e+00  0.0000e+00     0.0000e+00  0.0000e+00     0.0000e+00  0.0000e+00     0.0000e+00  0.0000e+00 
1.6816e+03     0.0000e+00  0.0000e+00     0.0000e+00  0.0000e+00     0.0000e+00  0.0000e+00     0.0000e+00  0.0000e+00 
1.8868e+03     0.0000e+00  0.0000e+00     0.0000e+00  0.0000e+00     0.0000e+00  0.0000e+00     0.0000e+00  0.0000e+00 
2.1170e+03     0.0000e+00  0.0000e+00     0.0000e+00  0.0000e+00     0.0000e+00  0.0000e+00     0.0000e+00  0.0000e+00 
2.3753e+03     0.0000e+00  0.0000e+00     0.0000e+00  0.0000e+00     0.0000e+00  0.0000e+00     0.0000e+00  0.0000e+00 
2.6651e+03     0.0000e+00  0.0000e+00     0.0000e+00  0.0000e+00     0.0000e+00  0.0000e+00     0.0000e+00  0.0000e+00 
2.9903e+03     0.0000e+00  0.0000e+00     0.0000e+00  0.0000e+00     0.0000e+00  0.0000e+00     0.0000e+00  0.0000e+00 
3.3552e+03     0.0000e+00  0.0000e+00     0.0000e+00  0.0000e+00     0.0000e+00  0.0000e+00     0.0000e+00  0.0000e+00 
3.7646e+03     0.0000e+00  0.0000e+00     0.0000e+00  0.0000e+00     0.0000e+00  0.0000e+00     0.0000e+00  0.0000e+00 
4.2240e+03     0.0000e+00  0.0000e+00     0.0000e+00  0.0000e+00     0.0000e+00  0.0000e+00     0.0000e+00  0.0000e+00 
4.7394e+03     0.0000e+00  0.0000e+00     0.0000e+00  0.0000e+00     0.0000e+00  0.0000e+00     0.0000e+00  0.0000e+00 
5.3176e+03     0.0000e+00  0.0000e+00     0.0000e+00  0.0000e+00     0.0000e+00  0.0000e+00     0.0000e+00  0.0000e+00 
5.9665e+03     0.0000e+00  0.0000e+00     0.0000e+00  0.0000e+00     0.0000e+00  0.0000e+00     0.0000e+00  0.0000e+00 
6.6945e+03     0.0000e+00  0.0000e+00     0.0000e+00  0.0000e+00     0.0000e+00  0.0000e+00     0.0000e+00  0.0000e+00 
7.5114e+03     0.0000e+00  0.0000e+00     0.0000e+00  0.0000e+00     0.0000e+00  0.0000e+00     0.0000e+00  0.0000e+00 
8.4279e+03     0.0000e+00  0.0000e+00     0.0000e+00  0.0000e+00     0.0000e+00  0.0000e+00     0.0000e+00  0.0000e+00 
9.4563e+03     0.0000e+00  0.0000e+00     0.0000e+00  0.0000e+00     0.0000e+00  0.0000e+00     0.0000e+00  0.0000e+00 
