yF = 5.1600e+00 (std: 0.0000e+00) keV/um
yD = 2.4421e+01 (std: 0.0000e+00) keV/um
y (keV/um)     f(y)(std)                  yf(y)(std)                 d(y)(std)                  yd(y)(std)  
1.0610e-01     2.4720e+01  0.0000e+00     2.6229e+00  0.0000e+00     5.0831e-01  0.0000e+00     5.3932e-02  0.0000e+00 
1.1905e-01     1.7899e+00  0.0000e+00     2.1309e-01  0.0000e+00     4.1296e-02  0.0000e+00     4.9162e-03  0.0000e+00 
1.3357e-01     5.3609e-01  0.0000e+00     7.1608e-02  0.0000e+00     1.3878e-02  0.0000e+00     1.8537e-03  0.0000e+00 
1.4987e-01     2.7374e+00  0.0000e+00     4.1026e-01  0.0000e+00     7.9509e-02  0.0000e+00     1.1916e-02  0.0000e+00 
1.6816e-01     8.1898e-01  0.0000e+00     1.3772e-01  0.0000e+00     2.6690e-02  0.0000e+00     4.4881e-03  0.0000e+00 
1.8868e-01     5.9497e-01  0.0000e+00     1.1226e-01  0.0000e+00     2.1756e-02  0.0000e+00     4.1048e-03  0.0000e+00 
2.1170e-01     5.9040e-01  0.0000e+00     1.2499e-01  0.0000e+00     2.4223e-02  0.0000e+00     5.1279e-03  0.0000e+00 
2.3753e-01     5.7979e-01  0.0000e+00     1.3772e-01  0.0000e+00     2.6690e-02  0.0000e+00     6.3396e-03  0.0000e+00 
2.6651e-01     2.7900e-01  0.0000e+00     7.4356e-02  0.0000e+00     1.4410e-02  0.0000e+00     3.8405e-03  0.0000e+00 
2.9903e-01     2.3511e-01  0.0000e+00     7.0306e-02  0.0000e+00     1.3625e-02  0.0000e+00     4.0744e-03  0.0000e+00 
3.3552e-01     1.3168e+00  0.0000e+00     4.4180e-01  0.0000e+00     8.5620e-02  0.0000e+00     2.8727e-02  0.0000e+00 
3.7646e-01     8.7729e-01  0.0000e+00     3.3026e-01  0.0000e+00     6.4005e-02  0.0000e+00     2.4095e-02  0.0000e+00 
4.2240e-01     3.8734e-01  0.0000e+00     1.6361e-01  0.0000e+00     3.1708e-02  0.0000e+00     1.3393e-02  0.0000e+00 
4.7394e-01     3.9009e-01  0.0000e+00     1.8488e-01  0.0000e+00     3.5829e-02  0.0000e+00     1.6981e-02  0.0000e+00 
5.3176e-01     2.4919e-01  0.0000e+00     1.3251e-01  0.0000e+00     2.5680e-02  0.0000e+00     1.3656e-02  0.0000e+00 
5.9665e-01     1.2438e-01  0.0000e+00     7.4212e-02  0.0000e+00     1.4382e-02  0.0000e+00     8.5811e-03  0.0000e+00 
6.6945e-01     2.0377e-01  0.0000e+00     1.3642e-01  0.0000e+00     2.6437e-02  0.0000e+00     1.7699e-02  0.0000e+00 
7.5114e-01     1.8315e-01  0.0000e+00     1.3757e-01  0.0000e+00     2.6662e-02  0.0000e+00     2.0027e-02  0.0000e+00 
8.4279e-01     8.5308e-02  0.0000e+00     7.1897e-02  0.0000e+00     1.3934e-02  0.0000e+00     1.1743e-02  0.0000e+00 
9.4563e-01     5.2625e-02  0.0000e+00     4.9764e-02  0.0000e+00     9.6442e-03  0.0000e+00     9.1198e-03  0.0000e+00 
1.0610e+00     4.2403e-02  0.0000e+00     4.4990e-02  0.0000e+00     8.7190e-03  0.0000e+00     9.2510e-03  0.0000e+00 
1.1905e+00     2.0779e-02  0.0000e+00     2.4737e-02  0.0000e+00     4.7941e-03  0.0000e+00     5.7072e-03  0.0000e+00 
1.3357e+00     1.2888e-02  0.0000e+00     1.7215e-02  0.0000e+00     3.3362e-03  0.0000e+00     4.4563e-03  0.0000e+00 
1.4987e+00     7.0462e-03  0.0000e+00     1.0560e-02  0.0000e+00     2.0466e-03  0.0000e+00     3.0673e-03  0.0000e+00 
1.6816e+00     3.3551e-03  0.0000e+00     5.6418e-03  0.0000e+00     1.0934e-03  0.0000e+00     1.8386e-03  0.0000e+00 
1.8868e+00     1.0734e-03  0.0000e+00     2.0253e-03  0.0000e+00     3.9250e-04  0.0000e+00     7.4055e-04  0.0000e+00 
2.1170e+00     4.1000e-04  0.0000e+00     8.6797e-04  0.0000e+00     1.6821e-04  0.0000e+00     3.5611e-04  0.0000e+00 
2.3753e+00     1.8271e-04  0.0000e+00     4.3399e-04  0.0000e+00     8.4106e-05  0.0000e+00     1.9978e-04  0.0000e+00 
2.6651e+00     1.0856e-04  0.0000e+00     2.8932e-04  0.0000e+00     5.6071e-05  0.0000e+00     1.4944e-04  0.0000e+00 
2.9903e+00     0.0000e+00  0.0000e+00     0.0000e+00  0.0000e+00     0.0000e+00  0.0000e+00     0.0000e+00  0.0000e+00 
3.3552e+00     0.0000e+00  0.0000e+00     0.0000e+00  0.0000e+00     0.0000e+00  0.0000e+00     0.0000e+00  0.0000e+00 
3.7646e+00     0.0000e+00  0.0000e+00     0.0000e+00  0.0000e+00     0.0000e+00  0.0000e+00     0.0000e+00  0.0000e+00 
4.2240e+00     0.0000e+00  0.0000e+00     0.0000e+00  0.0000e+00     0.0000e+00  0.0000e+00     0.0000e+00  0.0000e+00 
4.7394e+00     0.0000e+00  0.0000e+00     0.0000e+00  0.0000e+00     0.0000e+00  0.0000e+00     0.0000e+00  0.0000e+00 
5.3176e+00     0.0000e+00  0.0000e+00     0.0000e+00  0.0000e+00     0.0000e+00  0.0000e+00     0.0000e+00  0.0000e+00 
5.9665e+00     1.1192e-01  0.0000e+00     6.6776e-01  0.0000e+00     1.2941e-01  0.0000e+00     7.7213e-01  0.0000e+00 
6.6945e+00     2.2365e-02  0.0000e+00     1.4973e-01  0.0000e+00     2.9017e-02  0.0000e+00     1.9425e-01  0.0000e+00 
7.5114e+00     6.3362e-03  0.0000e+00     4.7594e-02  0.0000e+00     9.2237e-03  0.0000e+00     6.9282e-02  0.0000e+00 
8.4279e+00     2.8991e-02  0.0000e+00     2.4433e-01  0.0000e+00     4.7352e-02  0.0000e+00     3.9908e-01  0.0000e+00 
9.4563e+00     1.7241e-02  0.0000e+00     1.6303e-01  0.0000e+00     3.1596e-02  0.0000e+00     2.9878e-01  0.0000e+00 
1.0610e+01     2.6887e-02  0.0000e+00     2.8527e-01  0.0000e+00     5.5286e-02  0.0000e+00     5.8659e-01  0.0000e+00 
1.1905e+01     1.8288e-02  0.0000e+00     2.1772e-01  0.0000e+00     4.2193e-02  0.0000e+00     5.0230e-01  0.0000e+00 
1.3357e+01     1.3830e-02  0.0000e+00     1.8473e-01  0.0000e+00     3.5801e-02  0.0000e+00     4.7821e-01  0.0000e+00 
1.4987e+01     8.1852e-03  0.0000e+00     1.2267e-01  0.0000e+00     2.3774e-02  0.0000e+00     3.5631e-01  0.0000e+00 
1.6816e+01     6.0477e-03  0.0000e+00     1.0170e-01  0.0000e+00     1.9709e-02  0.0000e+00     3.3142e-01  0.0000e+00 
1.8868e+01     4.8610e-03  0.0000e+00     9.1716e-02  0.0000e+00     1.7774e-02  0.0000e+00     3.3536e-01  0.0000e+00 
2.1170e+01     4.7629e-03  0.0000e+00     1.0083e-01  0.0000e+00     1.9541e-02  0.0000e+00     4.1368e-01  0.0000e+00 
2.3753e+01     4.4093e-03  0.0000e+00     1.0474e-01  0.0000e+00     2.0298e-02  0.0000e+00     4.8213e-01  0.0000e+00 
2.6651e+01     2.6814e-03  0.0000e+00     7.1463e-02  0.0000e+00     1.3850e-02  0.0000e+00     3.6911e-01  0.0000e+00 
2.9903e+01     2.1092e-03  0.0000e+00     6.3073e-02  0.0000e+00     1.2223e-02  0.0000e+00     3.6552e-01  0.0000e+00 
3.3552e+01     1.8755e-03  0.0000e+00     6.2928e-02  0.0000e+00     1.2195e-02  0.0000e+00     4.0918e-01  0.0000e+00 
3.7646e+01     1.4525e-03  0.0000e+00     5.4682e-02  0.0000e+00     1.0597e-02  0.0000e+00     3.9895e-01  0.0000e+00 
4.2240e+01     9.4524e-04  0.0000e+00     3.9927e-02  0.0000e+00     7.7378e-03  0.0000e+00     3.2684e-01  0.0000e+00 
4.7394e+01     8.2108e-04  0.0000e+00     3.8914e-02  0.0000e+00     7.5415e-03  0.0000e+00     3.5742e-01  0.0000e+00 
5.3176e+01     5.3864e-04  0.0000e+00     2.8643e-02  0.0000e+00     5.5510e-03  0.0000e+00     2.9518e-01  0.0000e+00 
5.9665e+01     3.2732e-04  0.0000e+00     1.9529e-02  0.0000e+00     3.7848e-03  0.0000e+00     2.2582e-01  0.0000e+00 
6.6945e+01     1.9664e-04  0.0000e+00     1.3164e-02  0.0000e+00     2.5512e-03  0.0000e+00     1.7079e-01  0.0000e+00 
7.5114e+01     1.1170e-04  0.0000e+00     8.3904e-03  0.0000e+00     1.6261e-03  0.0000e+00     1.2214e-01  0.0000e+00 
8.4279e+01     5.3210e-05  0.0000e+00     4.4845e-03  0.0000e+00     8.6910e-04  0.0000e+00     7.3247e-02  0.0000e+00 
9.4563e+01     2.2947e-05  0.0000e+00     2.1699e-03  0.0000e+00     4.2053e-04  0.0000e+00     3.9767e-02  0.0000e+00 
1.0610e+02     8.1806e-06  0.0000e+00     8.6797e-04  0.0000e+00     1.6821e-04  0.0000e+00     1.7848e-02  0.0000e+00 
1.1905e+02     3.6455e-06  0.0000e+00     4.3399e-04  0.0000e+00     8.4106e-05  0.0000e+00     1.0013e-02  0.0000e+00 
1.3357e+02     1.0830e-06  0.0000e+00     1.4466e-04  0.0000e+00     2.8035e-05  0.0000e+00     3.7448e-03  0.0000e+00 
1.4987e+02     0.0000e+00  0.0000e+00     0.0000e+00  0.0000e+00     0.0000e+00  0.0000e+00     0.0000e+00  0.0000e+00 
1.6816e+02     0.0000e+00  0.0000e+00     0.0000e+00  0.0000e+00     0.0000e+00  0.0000e+00     0.0000e+00  0.0000e+00 
1.8868e+02     0.0000e+00  0.0000e+00     0.0000e+00  0.0000e+00     0.0000e+00  0.0000e+00     0.0000e+00  0.0000e+00 
2.1170e+02     0.0000e+00  0.0000e+00     0.0000e+00  0.0000e+00     0.0000e+00  0.0000e+00     0.0000e+00  0.0000e+00 
2.3753e+02     0.0000e+00  0.0000e+00     0.0000e+00  0.0000e+00     0.0000e+00  0.0000e+00     0.0000e+00  0.0000e+00 
2.6651e+02     0.0000e+00  0.0000e+00     0.0000e+00  0.0000e+00     0.0000e+00  0.0000e+00     0.0000e+00  0.0000e+00 
2.9903e+02     0.0000e+00  0.0000e+00     0.0000e+00  0.0000e+00     0.0000e+00  0.0000e+00     0.0000e+00  0.0000e+00 
3.3552e+02     0.0000e+00  0.0000e+00     0.0000e+00  0.0000e+00     0.0000e+00  0.0000e+00     0.0000e+00  0.0000e+00 
3.7646e+02     0.0000e+00  0.0000e+00     0.0000e+00  0.0000e+00     0.0000e+00  0.0000e+00     0.0000e+00  0.0000e+00 
4.2240e+02     0.0000e+00  0.0000e+00     0.0000e+00  0.0000e+00     0.0000e+00  0.0000e+00     0.0000e+00  0.0000e+00 
4.7394e+02     0.0000e+00  0.0000e+00     0.0000e+00  0.0000e+00     0.0000e+00  0.0000e+00     0.0000e+00  0.0000e+00 
5.3176e+02     0.0000e+00  0.0000e+00     0.0000e+00  0.0000e+00     0.0000e+00  0.0000e+00     0.0000e+00  0.0000e+00 
5.9665e+02     0.0000e+00  0.0000e+00     0.0000e+00  0.0000e+00     0.0000e+00  0.0000e+00     0.0000e+00  0.0000e+00 
6.6945e+02     0.0000e+00  0.0000e+00     0.0000e+00  0.0000e+00     0.0000e+00  0.0000e+00     0.0000e+00  0.0000e+00 
7.5114e+02     0.0000e+00  0.0000e+00     0.0000e+00  0.0000e+00     0.0000e+00  0.0000e+00     0.0000e+00  0.0000e+00 
8.4279e+02     0.0000e+00  0.0000e+00     0.0000e+00  0.0000e+00     0.0000e+00  0.0000e+00     0.0000e+00  0.0000e+00 
9.4563e+02     0.0000e+00  0.0000e+00     0.0000e+00  0.0000e+00     0.0000e+00  0.0000e+00     0.0000e+00  0.0000e+00 
1.0610e+03     0.0000e+00  0.0000e+00     0.0000e+00  0.0000e+00     0.0000e+00  0.0000e+00     0.0000e+00  0.0000e+00 
1.1905e+03     0.0000e+00  0.0000e+00     0.0000e+00  0.0000e+00     0.0000e+00  0.0000e+00     0.0000e+00  0.0000e+00 
1.3357e+03     0.0000e+00  0.0000e+00     0.0000e+00  0.0000e+00     0.0000e+00  0.0000e+00     0.0000e+00  0.0000e+00 
1.4987e+03     0.0000e+00  0.0000e+00     0.0000e+00  0.0000e+00     0.0000e+00  0.0000e+00     0.0000e+00  0.0000e+00 
1.6816e+03     0.0000e+00  0.0000e+00     0.0000e+00  0.0000e+00     0.0000e+00  0.0000e+00     0.0000e+00  0.0000e+00 
1.8868e+03     0.0000e+00  0.0000e+00     0.0000e+00  0.0000e+00     0.0000e+00  0.0000e+00     0.0000e+00  0.0000e+00 
2.1170e+03     0.0000e+00  0.0000e+00     0.0000e+00  0.0000e+00     0.0000e+00  0.0000e+00     0.0000e+00  0.0000e+00 
2.3753e+03     0.0000e+00  0.0000e+00     0.0000e+00  0.0000e+00     0.0000e+00  0.0000e+00     0.0000e+00  0.0000e+00 
2.6651e+03     0.0000e+00  0.0000e+00     0.0000e+00  0.0000e+00     0.0000e+00  0.0000e+00     0.0000e+00  0.0000e+00 
2.9903e+03     0.0000e+00  0.0000e+00     0.0000e+00  0.0000e+00     0.0000e+00  0.0000e+00     0.0000e+00  0.0000e+00 
3.3552e+03     0.0000e+00  0.0000e+00     0.0000e+00  0.0000e+00     0.0000e+00  0.0000e+00     0.0000e+00  0.0000e+00 
3.7646e+03     0.0000e+00  0.0000e+00     0.0000e+00  0.0000e+00     0.0000e+00  0.0000e+00     0.0000e+00  0.0000e+00 
4.2240e+03     0.0000e+00  0.0000e+00     0.0000e+00  0.0000e+00     0.0000e+00  0.0000e+00     0.0000e+00  0.0000e+00 
4.7394e+03     0.0000e+00  0.0000e+00     0.0000e+00  0.0000e+00     0.0000e+00  0.0000e+00     0.0000e+00  0.0000e+00 
5.3176e+03     0.0000e+00  0.0000e+00     0.0000e+00  0.0000e+00     0.0000e+00  0.0000e+00     0.0000e+00  0.0000e+00 
5.9665e+03     0.0000e+00  0.0000e+00     0.0000e+00  0.0000e+00     0.0000e+00  0.0000e+00     0.0000e+00  0.0000e+00 
6.6945e+03     0.0000e+00  0.0000e+00     0.0000e+00  0.0000e+00     0.0000e+00  0.0000e+00     0.0000e+00  0.0000e+00 
7.5114e+03     0.0000e+00  0.0000e+00     0.0000e+00  0.0000e+00     0.0000e+00  0.0000e+00     0.0000e+00  0.0000e+00 
8.4279e+03     0.0000e+00  0.0000e+00     0.0000e+00  0.0000e+00     0.0000e+00  0.0000e+00     0.0000e+00  0.0000e+00 
9.4563e+03     0.0000e+00  0.0000e+00     0.0000e+00  0.0000e+00     0.0000e+00  0.0000e+00     0.0000e+00  0.0000e+00 
