yF = 3.2029e+01 (std: 0.0000e+00) keV/um
yD = 5.8024e+01 (std: 0.0000e+00) keV/um
y (keV/um)     f(y)(std)                  yf(y)(std)                 d(y)(std)                  yd(y)(std)  
1.0610e-01     2.4856e+00  0.0000e+00     2.6373e-01  0.0000e+00     8.2341e-03  0.0000e+00     8.7364e-04  0.0000e+00 
1.1905e-01     2.8099e-01  0.0000e+00     3.3452e-02  0.0000e+00     1.0444e-03  0.0000e+00     1.2434e-04  0.0000e+00 
1.3357e-01     1.4251e-01  0.0000e+00     1.9035e-02  0.0000e+00     5.9431e-04  0.0000e+00     7.9383e-05  0.0000e+00 
1.4987e-01     3.6193e-01  0.0000e+00     5.4243e-02  0.0000e+00     1.6936e-03  0.0000e+00     2.5382e-04  0.0000e+00 
1.6816e-01     1.8940e-01  0.0000e+00     3.1849e-02  0.0000e+00     9.9437e-04  0.0000e+00     1.6721e-04  0.0000e+00 
1.8868e-01     1.7182e-01  0.0000e+00     3.2419e-02  0.0000e+00     1.0122e-03  0.0000e+00     1.9098e-04  0.0000e+00 
2.1170e-01     1.6576e-01  0.0000e+00     3.5091e-02  0.0000e+00     1.0956e-03  0.0000e+00     2.3194e-04  0.0000e+00 
2.3753e-01     1.6855e-01  0.0000e+00     4.0035e-02  0.0000e+00     1.2500e-03  0.0000e+00     2.9690e-04  0.0000e+00 
2.6651e-01     1.1461e-01  0.0000e+00     3.0545e-02  0.0000e+00     9.5366e-04  0.0000e+00     2.5416e-04  0.0000e+00 
2.9903e-01     1.0239e-01  0.0000e+00     3.0617e-02  0.0000e+00     9.5592e-04  0.0000e+00     2.8585e-04  0.0000e+00 
3.3552e-01     1.8574e-01  0.0000e+00     6.2321e-02  0.0000e+00     1.9458e-03  0.0000e+00     6.5285e-04  0.0000e+00 
3.7646e-01     1.7288e-01  0.0000e+00     6.5083e-02  0.0000e+00     2.0320e-03  0.0000e+00     7.6497e-04  0.0000e+00 
4.2240e-01     1.2306e-01  0.0000e+00     5.1979e-02  0.0000e+00     1.6229e-03  0.0000e+00     6.8550e-04  0.0000e+00 
4.7394e-01     1.2462e-01  0.0000e+00     5.9061e-02  0.0000e+00     1.8440e-03  0.0000e+00     8.7393e-04  0.0000e+00 
5.3176e-01     1.1594e-01  0.0000e+00     6.1651e-02  0.0000e+00     1.9249e-03  0.0000e+00     1.0236e-03  0.0000e+00 
5.9665e-01     8.9866e-02  0.0000e+00     5.3619e-02  0.0000e+00     1.6741e-03  0.0000e+00     9.9883e-04  0.0000e+00 
6.6945e-01     8.1676e-02  0.0000e+00     5.4678e-02  0.0000e+00     1.7071e-03  0.0000e+00     1.1429e-03  0.0000e+00 
7.5114e-01     8.3777e-02  0.0000e+00     6.2928e-02  0.0000e+00     1.9647e-03  0.0000e+00     1.4758e-03  0.0000e+00 
8.4279e-01     6.4136e-02  0.0000e+00     5.4053e-02  0.0000e+00     1.6876e-03  0.0000e+00     1.4223e-03  0.0000e+00 
9.4563e-01     5.3235e-02  0.0000e+00     5.0340e-02  0.0000e+00     1.5717e-03  0.0000e+00     1.4863e-03  0.0000e+00 
1.0610e+00     4.2342e-02  0.0000e+00     4.4925e-02  0.0000e+00     1.4026e-03  0.0000e+00     1.4882e-03  0.0000e+00 
1.1905e+00     3.2838e-02  0.0000e+00     3.9093e-02  0.0000e+00     1.2206e-03  0.0000e+00     1.4530e-03  0.0000e+00 
1.3357e+00     2.3661e-02  0.0000e+00     3.1604e-02  0.0000e+00     9.8674e-04  0.0000e+00     1.3180e-03  0.0000e+00 
1.4987e+00     1.7940e-02  0.0000e+00     2.6886e-02  0.0000e+00     8.3944e-04  0.0000e+00     1.2581e-03  0.0000e+00 
1.6816e+00     1.1837e-02  0.0000e+00     1.9904e-02  0.0000e+00     6.2145e-04  0.0000e+00     1.0450e-03  0.0000e+00 
1.8868e+00     7.6073e-03  0.0000e+00     1.4353e-02  0.0000e+00     4.4813e-04  0.0000e+00     8.4552e-04  0.0000e+00 
2.1170e+00     4.6968e-03  0.0000e+00     9.9431e-03  0.0000e+00     3.1044e-04  0.0000e+00     6.5720e-04  0.0000e+00 
2.3753e+00     2.3523e-03  0.0000e+00     5.5873e-03  0.0000e+00     1.7445e-04  0.0000e+00     4.1436e-04  0.0000e+00 
2.6651e+00     1.2232e-03  0.0000e+00     3.2600e-03  0.0000e+00     1.0178e-04  0.0000e+00     2.7127e-04  0.0000e+00 
2.9903e+00     5.3298e-04  0.0000e+00     1.5938e-03  0.0000e+00     4.9761e-05  0.0000e+00     1.4880e-04  0.0000e+00 
3.3552e+00     2.1322e-04  0.0000e+00     7.1540e-04  0.0000e+00     2.2336e-05  0.0000e+00     7.4942e-05  0.0000e+00 
3.7646e+00     1.1065e-04  0.0000e+00     4.1656e-04  0.0000e+00     1.3006e-05  0.0000e+00     4.8962e-05  0.0000e+00 
4.2240e+00     3.2158e-05  0.0000e+00     1.3583e-04  0.0000e+00     4.2410e-06  0.0000e+00     1.7914e-05  0.0000e+00 
4.7394e+00     1.9107e-06  0.0000e+00     9.0557e-06  0.0000e+00     2.8273e-07  0.0000e+00     1.3400e-06  0.0000e+00 
5.3176e+00     1.7029e-06  0.0000e+00     9.0557e-06  0.0000e+00     2.8273e-07  0.0000e+00     1.5035e-06  0.0000e+00 
5.9665e+00     2.2778e-02  0.0000e+00     1.3591e-01  0.0000e+00     4.2433e-03  0.0000e+00     2.5317e-02  0.0000e+00 
6.6945e+00     2.2115e-02  0.0000e+00     1.4805e-01  0.0000e+00     4.6224e-03  0.0000e+00     3.0945e-02  0.0000e+00 
7.5114e+00     8.9491e-03  0.0000e+00     6.7220e-02  0.0000e+00     2.0987e-03  0.0000e+00     1.5764e-02  0.0000e+00 
8.4279e+00     1.8519e-02  0.0000e+00     1.5607e-01  0.0000e+00     4.8729e-03  0.0000e+00     4.1068e-02  0.0000e+00 
9.4563e+00     2.1145e-02  0.0000e+00     1.9995e-01  0.0000e+00     6.2428e-03  0.0000e+00     5.9033e-02  0.0000e+00 
1.0610e+01     2.4726e-02  0.0000e+00     2.6234e-01  0.0000e+00     8.1908e-03  0.0000e+00     8.6905e-02  0.0000e+00 
1.1905e+01     2.1955e-02  0.0000e+00     2.6137e-01  0.0000e+00     8.1605e-03  0.0000e+00     9.7149e-02  0.0000e+00 
1.3357e+01     1.9652e-02  0.0000e+00     2.6250e-01  0.0000e+00     8.1956e-03  0.0000e+00     1.0947e-01  0.0000e+00 
1.4987e+01     1.6430e-02  0.0000e+00     2.4623e-01  0.0000e+00     7.6878e-03  0.0000e+00     1.1522e-01  0.0000e+00 
1.6816e+01     1.5507e-02  0.0000e+00     2.6076e-01  0.0000e+00     8.1413e-03  0.0000e+00     1.3690e-01  0.0000e+00 
1.8868e+01     1.5553e-02  0.0000e+00     2.9345e-01  0.0000e+00     9.1620e-03  0.0000e+00     1.7287e-01  0.0000e+00 
2.1170e+01     1.6253e-02  0.0000e+00     3.4407e-01  0.0000e+00     1.0742e-02  0.0000e+00     2.2742e-01  0.0000e+00 
2.3753e+01     1.5856e-02  0.0000e+00     3.7662e-01  0.0000e+00     1.1759e-02  0.0000e+00     2.7931e-01  0.0000e+00 
2.6651e+01     1.4406e-02  0.0000e+00     3.8393e-01  0.0000e+00     1.1987e-02  0.0000e+00     3.1947e-01  0.0000e+00 
2.9903e+01     1.3107e-02  0.0000e+00     3.9195e-01  0.0000e+00     1.2237e-02  0.0000e+00     3.6594e-01  0.0000e+00 
3.3552e+01     1.2422e-02  0.0000e+00     4.1678e-01  0.0000e+00     1.3013e-02  0.0000e+00     4.3660e-01  0.0000e+00 
3.7646e+01     1.1123e-02  0.0000e+00     4.1872e-01  0.0000e+00     1.3073e-02  0.0000e+00     4.9216e-01  0.0000e+00 
4.2240e+01     9.8117e-03  0.0000e+00     4.1444e-01  0.0000e+00     1.2940e-02  0.0000e+00     5.4656e-01  0.0000e+00 
4.7394e+01     8.5385e-03  0.0000e+00     4.0467e-01  0.0000e+00     1.2635e-02  0.0000e+00     5.9879e-01  0.0000e+00 
5.3176e+01     7.1003e-03  0.0000e+00     3.7757e-01  0.0000e+00     1.1788e-02  0.0000e+00     6.2686e-01  0.0000e+00 
5.9665e+01     5.7638e-03  0.0000e+00     3.4390e-01  0.0000e+00     1.0737e-02  0.0000e+00     6.4063e-01  0.0000e+00 
6.6945e+01     4.5421e-03  0.0000e+00     3.0407e-01  0.0000e+00     9.4936e-03  0.0000e+00     6.3555e-01  0.0000e+00 
7.5114e+01     3.3865e-03  0.0000e+00     2.5437e-01  0.0000e+00     7.9420e-03  0.0000e+00     5.9655e-01  0.0000e+00 
8.4279e+01     2.4195e-03  0.0000e+00     2.0392e-01  0.0000e+00     6.3666e-03  0.0000e+00     5.3657e-01  0.0000e+00 
9.4563e+01     1.6298e-03  0.0000e+00     1.5412e-01  0.0000e+00     4.8118e-03  0.0000e+00     4.5502e-01  0.0000e+00 
1.0610e+02     1.0421e-03  0.0000e+00     1.1057e-01  0.0000e+00     3.4522e-03  0.0000e+00     3.6628e-01  0.0000e+00 
1.1905e+02     6.0892e-04  0.0000e+00     7.2490e-02  0.0000e+00     2.2633e-03  0.0000e+00     2.6944e-01  0.0000e+00 
1.3357e+02     3.2013e-04  0.0000e+00     4.2761e-02  0.0000e+00     1.3351e-03  0.0000e+00     1.7833e-01  0.0000e+00 
1.4987e+02     1.5861e-04  0.0000e+00     2.3771e-02  0.0000e+00     7.4218e-04  0.0000e+00     1.1123e-01  0.0000e+00 
1.6816e+02     6.4784e-05  0.0000e+00     1.0894e-02  0.0000e+00     3.4013e-04  0.0000e+00     5.7196e-02  0.0000e+00 
1.8868e+02     2.5054e-05  0.0000e+00     4.7271e-03  0.0000e+00     1.4759e-04  0.0000e+00     2.7846e-02  0.0000e+00 
2.1170e+02     6.8442e-06  0.0000e+00     1.4489e-03  0.0000e+00     4.5237e-05  0.0000e+00     9.5767e-03  0.0000e+00 
2.3753e+02     2.4018e-06  0.0000e+00     5.7051e-04  0.0000e+00     1.7812e-05  0.0000e+00     4.2309e-03  0.0000e+00 
2.6651e+02     2.7183e-07  0.0000e+00     7.2445e-05  0.0000e+00     2.2619e-06  0.0000e+00     6.0282e-04  0.0000e+00 
2.9903e+02     9.0849e-08  0.0000e+00     2.7167e-05  0.0000e+00     8.4820e-07  0.0000e+00     2.5364e-04  0.0000e+00 
3.3552e+02     2.6990e-08  0.0000e+00     9.0557e-06  0.0000e+00     2.8273e-07  0.0000e+00     9.4863e-05  0.0000e+00 
3.7646e+02     0.0000e+00  0.0000e+00     0.0000e+00  0.0000e+00     0.0000e+00  0.0000e+00     0.0000e+00  0.0000e+00 
4.2240e+02     0.0000e+00  0.0000e+00     0.0000e+00  0.0000e+00     0.0000e+00  0.0000e+00     0.0000e+00  0.0000e+00 
4.7394e+02     0.0000e+00  0.0000e+00     0.0000e+00  0.0000e+00     0.0000e+00  0.0000e+00     0.0000e+00  0.0000e+00 
5.3176e+02     0.0000e+00  0.0000e+00     0.0000e+00  0.0000e+00     0.0000e+00  0.0000e+00     0.0000e+00  0.0000e+00 
5.9665e+02     0.0000e+00  0.0000e+00     0.0000e+00  0.0000e+00     0.0000e+00  0.0000e+00     0.0000e+00  0.0000e+00 
6.6945e+02     0.0000e+00  0.0000e+00     0.0000e+00  0.0000e+00     0.0000e+00  0.0000e+00     0.0000e+00  0.0000e+00 
7.5114e+02     0.0000e+00  0.0000e+00     0.0000e+00  0.0000e+00     0.0000e+00  0.0000e+00     0.0000e+00  0.0000e+00 
8.4279e+02     0.0000e+00  0.0000e+00     0.0000e+00  0.0000e+00     0.0000e+00  0.0000e+00     0.0000e+00  0.0000e+00 
9.4563e+02     0.0000e+00  0.0000e+00     0.0000e+00  0.0000e+00     0.0000e+00  0.0000e+00     0.0000e+00  0.0000e+00 
1.0610e+03     0.0000e+00  0.0000e+00     0.0000e+00  0.0000e+00     0.0000e+00  0.0000e+00     0.0000e+00  0.0000e+00 
1.1905e+03     0.0000e+00  0.0000e+00     0.0000e+00  0.0000e+00     0.0000e+00  0.0000e+00     0.0000e+00  0.0000e+00 
1.3357e+03     0.0000e+00  0.0000e+00     0.0000e+00  0.0000e+00     0.0000e+00  0.0000e+00     0.0000e+00  0.0000e+00 
1.4987e+03     0.0000e+00  0.0000e+00     0.0000e+00  0.0000e+00     0.0000e+00  0.0000e+00     0.0000e+00  0.0000e+00 
1.6816e+03     0.0000e+00  0.0000e+00     0.0000e+00  0.0000e+00     0.0000e+00  0.0000e+00     0.0000e+00  0.0000e+00 
1.8868e+03     0.0000e+00  0.0000e+00     0.0000e+00  0.0000e+00     0.0000e+00  0.0000e+00     0.0000e+00  0.0000e+00 
2.1170e+03     0.0000e+00  0.0000e+00     0.0000e+00  0.0000e+00     0.0000e+00  0.0000e+00     0.0000e+00  0.0000e+00 
2.3753e+03     0.0000e+00  0.0000e+00     0.0000e+00  0.0000e+00     0.0000e+00  0.0000e+00     0.0000e+00  0.0000e+00 
2.6651e+03     0.0000e+00  0.0000e+00     0.0000e+00  0.0000e+00     0.0000e+00  0.0000e+00     0.0000e+00  0.0000e+00 
2.9903e+03     0.0000e+00  0.0000e+00     0.0000e+00  0.0000e+00     0.0000e+00  0.0000e+00     0.0000e+00  0.0000e+00 
3.3552e+03     0.0000e+00  0.0000e+00     0.0000e+00  0.0000e+00     0.0000e+00  0.0000e+00     0.0000e+00  0.0000e+00 
3.7646e+03     0.0000e+00  0.0000e+00     0.0000e+00  0.0000e+00     0.0000e+00  0.0000e+00     0.0000e+00  0.0000e+00 
4.2240e+03     0.0000e+00  0.0000e+00     0.0000e+00  0.0000e+00     0.0000e+00  0.0000e+00     0.0000e+00  0.0000e+00 
4.7394e+03     0.0000e+00  0.0000e+00     0.0000e+00  0.0000e+00     0.0000e+00  0.0000e+00     0.0000e+00  0.0000e+00 
5.3176e+03     0.0000e+00  0.0000e+00     0.0000e+00  0.0000e+00     0.0000e+00  0.0000e+00     0.0000e+00  0.0000e+00 
5.9665e+03     0.0000e+00  0.0000e+00     0.0000e+00  0.0000e+00     0.0000e+00  0.0000e+00     0.0000e+00  0.0000e+00 
6.6945e+03     0.0000e+00  0.0000e+00     0.0000e+00  0.0000e+00     0.0000e+00  0.0000e+00     0.0000e+00  0.0000e+00 
7.5114e+03     0.0000e+00  0.0000e+00     0.0000e+00  0.0000e+00     0.0000e+00  0.0000e+00     0.0000e+00  0.0000e+00 
8.4279e+03     0.0000e+00  0.0000e+00     0.0000e+00  0.0000e+00     0.0000e+00  0.0000e+00     0.0000e+00  0.0000e+00 
9.4563e+03     0.0000e+00  0.0000e+00     0.0000e+00  0.0000e+00     0.0000e+00  0.0000e+00     0.0000e+00  0.0000e+00 
