yF = 1.9389e+01 (std: 0.0000e+00) keV/um
yD = 4.1500e+01 (std: 0.0000e+00) keV/um
y (keV/um)     f(y)(std)                  yf(y)(std)                 d(y)(std)                  yd(y)(std)  
1.0610e-01     5.7362e+00  0.0000e+00     6.0862e-01  0.0000e+00     3.1390e-02  0.0000e+00     3.3305e-03  0.0000e+00 
1.1905e-01     6.2723e-01  0.0000e+00     7.4670e-02  0.0000e+00     3.8512e-03  0.0000e+00     4.5847e-04  0.0000e+00 
1.3357e-01     2.9857e-01  0.0000e+00     3.9881e-02  0.0000e+00     2.0569e-03  0.0000e+00     2.7474e-04  0.0000e+00 
1.4987e-01     8.0702e-01  0.0000e+00     1.2095e-01  0.0000e+00     6.2380e-03  0.0000e+00     9.3490e-04  0.0000e+00 
1.6816e-01     4.0538e-01  0.0000e+00     6.8168e-02  0.0000e+00     3.5158e-03  0.0000e+00     5.9121e-04  0.0000e+00 
1.8868e-01     3.3990e-01  0.0000e+00     6.4131e-02  0.0000e+00     3.3076e-03  0.0000e+00     6.2406e-04  0.0000e+00 
2.1170e-01     3.3036e-01  0.0000e+00     6.9937e-02  0.0000e+00     3.6070e-03  0.0000e+00     7.6360e-04  0.0000e+00 
2.3753e-01     3.2938e-01  0.0000e+00     7.8237e-02  0.0000e+00     4.0351e-03  0.0000e+00     9.5846e-04  0.0000e+00 
2.6651e-01     2.1093e-01  0.0000e+00     5.6217e-02  0.0000e+00     2.8994e-03  0.0000e+00     7.7273e-04  0.0000e+00 
2.9903e-01     1.8139e-01  0.0000e+00     5.4241e-02  0.0000e+00     2.7975e-03  0.0000e+00     8.3654e-04  0.0000e+00 
3.3552e-01     3.8805e-01  0.0000e+00     1.3020e-01  0.0000e+00     6.7151e-03  0.0000e+00     2.2531e-03  0.0000e+00 
3.7646e-01     3.4730e-01  0.0000e+00     1.3075e-01  0.0000e+00     6.7433e-03  0.0000e+00     2.5386e-03  0.0000e+00 
4.2240e-01     2.3325e-01  0.0000e+00     9.8525e-02  0.0000e+00     5.0815e-03  0.0000e+00     2.1464e-03  0.0000e+00 
4.7394e-01     2.3346e-01  0.0000e+00     1.1065e-01  0.0000e+00     5.7066e-03  0.0000e+00     2.7046e-03  0.0000e+00 
5.3176e-01     2.0434e-01  0.0000e+00     1.0866e-01  0.0000e+00     5.6042e-03  0.0000e+00     2.9801e-03  0.0000e+00 
5.9665e-01     1.4005e-01  0.0000e+00     8.3563e-02  0.0000e+00     4.3098e-03  0.0000e+00     2.5714e-03  0.0000e+00 
6.6945e-01     1.3338e-01  0.0000e+00     8.9294e-02  0.0000e+00     4.6054e-03  0.0000e+00     3.0831e-03  0.0000e+00 
7.5114e-01     1.3113e-01  0.0000e+00     9.8497e-02  0.0000e+00     5.0800e-03  0.0000e+00     3.8158e-03  0.0000e+00 
8.4279e-01     9.4394e-02  0.0000e+00     7.9554e-02  0.0000e+00     4.1030e-03  0.0000e+00     3.4580e-03  0.0000e+00 
9.4563e-01     7.1033e-02  0.0000e+00     6.7170e-02  0.0000e+00     3.4643e-03  0.0000e+00     3.2760e-03  0.0000e+00 
1.0610e+00     5.4581e-02  0.0000e+00     5.7911e-02  0.0000e+00     2.9868e-03  0.0000e+00     3.1690e-03  0.0000e+00 
1.1905e+00     3.8432e-02  0.0000e+00     4.5753e-02  0.0000e+00     2.3597e-03  0.0000e+00     2.8092e-03  0.0000e+00 
1.3357e+00     2.5975e-02  0.0000e+00     3.4696e-02  0.0000e+00     1.7894e-03  0.0000e+00     2.3902e-03  0.0000e+00 
1.4987e+00     1.7173e-02  0.0000e+00     2.5737e-02  0.0000e+00     1.3274e-03  0.0000e+00     1.9894e-03  0.0000e+00 
1.6816e+00     9.8546e-03  0.0000e+00     1.6571e-02  0.0000e+00     8.5468e-04  0.0000e+00     1.4372e-03  0.0000e+00 
1.8868e+00     5.6857e-03  0.0000e+00     1.0728e-02  0.0000e+00     5.5328e-04  0.0000e+00     1.0439e-03  0.0000e+00 
2.1170e+00     2.8137e-03  0.0000e+00     5.9567e-03  0.0000e+00     3.0722e-04  0.0000e+00     6.5038e-04  0.0000e+00 
2.3753e+00     1.3430e-03  0.0000e+00     3.1901e-03  0.0000e+00     1.6453e-04  0.0000e+00     3.9081e-04  0.0000e+00 
2.6651e+00     4.8020e-04  0.0000e+00     1.2798e-03  0.0000e+00     6.6006e-05  0.0000e+00     1.7591e-04  0.0000e+00 
2.9903e+00     1.6364e-04  0.0000e+00     4.8933e-04  0.0000e+00     2.5238e-05  0.0000e+00     7.5469e-05  0.0000e+00 
3.3552e+00     5.6093e-05  0.0000e+00     1.8820e-04  0.0000e+00     9.7067e-06  0.0000e+00     3.2568e-05  0.0000e+00 
3.7646e+00     2.4997e-05  0.0000e+00     9.4102e-05  0.0000e+00     4.8534e-06  0.0000e+00     1.8271e-05  0.0000e+00 
4.2240e+00     8.9113e-06  0.0000e+00     3.7641e-05  0.0000e+00     1.9413e-06  0.0000e+00     8.2002e-06  0.0000e+00 
4.7394e+00     1.9856e-06  0.0000e+00     9.4102e-06  0.0000e+00     4.8534e-07  0.0000e+00     2.3002e-06  0.0000e+00 
5.3176e+00     1.7696e-06  0.0000e+00     9.4102e-06  0.0000e+00     4.8534e-07  0.0000e+00     2.5809e-06  0.0000e+00 
5.9665e+00     4.2330e-02  0.0000e+00     2.5256e-01  0.0000e+00     1.3026e-02  0.0000e+00     7.7719e-02  0.0000e+00 
6.6945e+00     2.7363e-02  0.0000e+00     1.8318e-01  0.0000e+00     9.4476e-03  0.0000e+00     6.3247e-02  0.0000e+00 
7.5114e+00     8.2447e-03  0.0000e+00     6.1929e-02  0.0000e+00     3.1940e-03  0.0000e+00     2.3991e-02  0.0000e+00 
8.4279e+00     3.3071e-02  0.0000e+00     2.7872e-01  0.0000e+00     1.4375e-02  0.0000e+00     1.2115e-01  0.0000e+00 
9.4563e+00     2.6584e-02  0.0000e+00     2.5138e-01  0.0000e+00     1.2965e-02  0.0000e+00     1.2260e-01  0.0000e+00 
1.0610e+01     3.6507e-02  0.0000e+00     3.8734e-01  0.0000e+00     1.9977e-02  0.0000e+00     2.1196e-01  0.0000e+00 
1.1905e+01     3.0440e-02  0.0000e+00     3.6238e-01  0.0000e+00     1.8690e-02  0.0000e+00     2.2250e-01  0.0000e+00 
1.3357e+01     2.5525e-02  0.0000e+00     3.4095e-01  0.0000e+00     1.7585e-02  0.0000e+00     2.3488e-01  0.0000e+00 
1.4987e+01     1.8857e-02  0.0000e+00     2.8262e-01  0.0000e+00     1.4576e-02  0.0000e+00     2.1845e-01  0.0000e+00 
1.6816e+01     1.7260e-02  0.0000e+00     2.9025e-01  0.0000e+00     1.4970e-02  0.0000e+00     2.5173e-01  0.0000e+00 
1.8868e+01     1.5972e-02  0.0000e+00     3.0135e-01  0.0000e+00     1.5542e-02  0.0000e+00     2.9325e-01  0.0000e+00 
2.1170e+01     1.6451e-02  0.0000e+00     3.4826e-01  0.0000e+00     1.7962e-02  0.0000e+00     3.8025e-01  0.0000e+00 
2.3753e+01     1.5522e-02  0.0000e+00     3.6870e-01  0.0000e+00     1.9016e-02  0.0000e+00     4.5169e-01  0.0000e+00 
2.6651e+01     1.2713e-02  0.0000e+00     3.3882e-01  0.0000e+00     1.7475e-02  0.0000e+00     4.6572e-01  0.0000e+00 
2.9903e+01     1.0571e-02  0.0000e+00     3.1612e-01  0.0000e+00     1.6304e-02  0.0000e+00     4.8754e-01  0.0000e+00 
3.3552e+01     9.6612e-03  0.0000e+00     3.2415e-01  0.0000e+00     1.6718e-02  0.0000e+00     5.6094e-01  0.0000e+00 
3.7646e+01     7.9674e-03  0.0000e+00     2.9994e-01  0.0000e+00     1.5470e-02  0.0000e+00     5.8237e-01  0.0000e+00 
4.2240e+01     6.4037e-03  0.0000e+00     2.7049e-01  0.0000e+00     1.3951e-02  0.0000e+00     5.8926e-01  0.0000e+00 
4.7394e+01     5.1338e-03  0.0000e+00     2.4331e-01  0.0000e+00     1.2549e-02  0.0000e+00     5.9474e-01  0.0000e+00 
5.3176e+01     3.8955e-03  0.0000e+00     2.0715e-01  0.0000e+00     1.0684e-02  0.0000e+00     5.6812e-01  0.0000e+00 
5.9665e+01     2.8206e-03  0.0000e+00     1.6829e-01  0.0000e+00     8.6798e-03  0.0000e+00     5.1788e-01  0.0000e+00 
6.6945e+01     1.9636e-03  0.0000e+00     1.3145e-01  0.0000e+00     6.7797e-03  0.0000e+00     4.5387e-01  0.0000e+00 
7.5114e+01     1.2854e-03  0.0000e+00     9.6549e-02  0.0000e+00     4.9796e-03  0.0000e+00     3.7403e-01  0.0000e+00 
8.4279e+01     7.9979e-04  0.0000e+00     6.7405e-02  0.0000e+00     3.4765e-03  0.0000e+00     2.9299e-01  0.0000e+00 
9.4563e+01     4.3796e-04  0.0000e+00     4.1414e-02  0.0000e+00     2.1360e-03  0.0000e+00     2.0198e-01  0.0000e+00 
1.0610e+02     2.2616e-04  0.0000e+00     2.3996e-02  0.0000e+00     1.2376e-03  0.0000e+00     1.3131e-01  0.0000e+00 
1.1905e+02     1.0497e-04  0.0000e+00     1.2497e-02  0.0000e+00     6.4453e-04  0.0000e+00     7.6729e-02  0.0000e+00 
1.3357e+02     4.3961e-05  0.0000e+00     5.8720e-03  0.0000e+00     3.0285e-04  0.0000e+00     4.0453e-02  0.0000e+00 
1.4987e+02     1.7204e-05  0.0000e+00     2.5784e-03  0.0000e+00     1.3298e-04  0.0000e+00     1.9930e-02  0.0000e+00 
1.6816e+02     4.9805e-06  0.0000e+00     8.3751e-04  0.0000e+00     4.3195e-05  0.0000e+00     7.2636e-03  0.0000e+00 
1.8868e+02     1.7456e-06  0.0000e+00     3.2936e-04  0.0000e+00     1.6987e-05  0.0000e+00     3.2050e-03  0.0000e+00 
2.1170e+02     4.4451e-07  0.0000e+00     9.4102e-05  0.0000e+00     4.8534e-06  0.0000e+00     1.0275e-03  0.0000e+00 
2.3753e+02     3.9617e-08  0.0000e+00     9.4102e-06  0.0000e+00     4.8534e-07  0.0000e+00     1.1528e-04  0.0000e+00 
2.6651e+02     0.0000e+00  0.0000e+00     0.0000e+00  0.0000e+00     0.0000e+00  0.0000e+00     0.0000e+00  0.0000e+00 
2.9903e+02     0.0000e+00  0.0000e+00     0.0000e+00  0.0000e+00     0.0000e+00  0.0000e+00     0.0000e+00  0.0000e+00 
3.3552e+02     0.0000e+00  0.0000e+00     0.0000e+00  0.0000e+00     0.0000e+00  0.0000e+00     0.0000e+00  0.0000e+00 
3.7646e+02     0.0000e+00  0.0000e+00     0.0000e+00  0.0000e+00     0.0000e+00  0.0000e+00     0.0000e+00  0.0000e+00 
4.2240e+02     0.0000e+00  0.0000e+00     0.0000e+00  0.0000e+00     0.0000e+00  0.0000e+00     0.0000e+00  0.0000e+00 
4.7394e+02     0.0000e+00  0.0000e+00     0.0000e+00  0.0000e+00     0.0000e+00  0.0000e+00     0.0000e+00  0.0000e+00 
5.3176e+02     0.0000e+00  0.0000e+00     0.0000e+00  0.0000e+00     0.0000e+00  0.0000e+00     0.0000e+00  0.0000e+00 
5.9665e+02     0.0000e+00  0.0000e+00     0.0000e+00  0.0000e+00     0.0000e+00  0.0000e+00     0.0000e+00  0.0000e+00 
6.6945e+02     0.0000e+00  0.0000e+00     0.0000e+00  0.0000e+00     0.0000e+00  0.0000e+00     0.0000e+00  0.0000e+00 
7.5114e+02     0.0000e+00  0.0000e+00     0.0000e+00  0.0000e+00     0.0000e+00  0.0000e+00     0.0000e+00  0.0000e+00 
8.4279e+02     0.0000e+00  0.0000e+00     0.0000e+00  0.0000e+00     0.0000e+00  0.0000e+00     0.0000e+00  0.0000e+00 
9.4563e+02     0.0000e+00  0.0000e+00     0.0000e+00  0.0000e+00     0.0000e+00  0.0000e+00     0.0000e+00  0.0000e+00 
1.0610e+03     0.0000e+00  0.0000e+00     0.0000e+00  0.0000e+00     0.0000e+00  0.0000e+00     0.0000e+00  0.0000e+00 
1.1905e+03     0.0000e+00  0.0000e+00     0.0000e+00  0.0000e+00     0.0000e+00  0.0000e+00     0.0000e+00  0.0000e+00 
1.3357e+03     0.0000e+00  0.0000e+00     0.0000e+00  0.0000e+00     0.0000e+00  0.0000e+00     0.0000e+00  0.0000e+00 
1.4987e+03     0.0000e+00  0.0000e+00     0.0000e+00  0.0000e+00     0.0000e+00  0.0000e+00     0.0000e+00  0.0000e+00 
1.6816e+03     0.0000e+00  0.0000e+00     0.0000e+00  0.0000e+00     0.0000e+00  0.0000e+00     0.0000e+00  0.0000e+00 
1.8868e+03     0.0000e+00  0.0000e+00     0.0000e+00  0.0000e+00     0.0000e+00  0.0000e+00     0.0000e+00  0.0000e+00 
2.1170e+03     0.0000e+00  0.0000e+00     0.0000e+00  0.0000e+00     0.0000e+00  0.0000e+00     0.0000e+00  0.0000e+00 
2.3753e+03     0.0000e+00  0.0000e+00     0.0000e+00  0.0000e+00     0.0000e+00  0.0000e+00     0.0000e+00  0.0000e+00 
2.6651e+03     0.0000e+00  0.0000e+00     0.0000e+00  0.0000e+00     0.0000e+00  0.0000e+00     0.0000e+00  0.0000e+00 
2.9903e+03     0.0000e+00  0.0000e+00     0.0000e+00  0.0000e+00     0.0000e+00  0.0000e+00     0.0000e+00  0.0000e+00 
3.3552e+03     0.0000e+00  0.0000e+00     0.0000e+00  0.0000e+00     0.0000e+00  0.0000e+00     0.0000e+00  0.0000e+00 
3.7646e+03     0.0000e+00  0.0000e+00     0.0000e+00  0.0000e+00     0.0000e+00  0.0000e+00     0.0000e+00  0.0000e+00 
4.2240e+03     0.0000e+00  0.0000e+00     0.0000e+00  0.0000e+00     0.0000e+00  0.0000e+00     0.0000e+00  0.0000e+00 
4.7394e+03     0.0000e+00  0.0000e+00     0.0000e+00  0.0000e+00     0.0000e+00  0.0000e+00     0.0000e+00  0.0000e+00 
5.3176e+03     0.0000e+00  0.0000e+00     0.0000e+00  0.0000e+00     0.0000e+00  0.0000e+00     0.0000e+00  0.0000e+00 
5.9665e+03     0.0000e+00  0.0000e+00     0.0000e+00  0.0000e+00     0.0000e+00  0.0000e+00     0.0000e+00  0.0000e+00 
6.6945e+03     0.0000e+00  0.0000e+00     0.0000e+00  0.0000e+00     0.0000e+00  0.0000e+00     0.0000e+00  0.0000e+00 
7.5114e+03     0.0000e+00  0.0000e+00     0.0000e+00  0.0000e+00     0.0000e+00  0.0000e+00     0.0000e+00  0.0000e+00 
8.4279e+03     0.0000e+00  0.0000e+00     0.0000e+00  0.0000e+00     0.0000e+00  0.0000e+00     0.0000e+00  0.0000e+00 
9.4563e+03     0.0000e+00  0.0000e+00     0.0000e+00  0.0000e+00     0.0000e+00  0.0000e+00     0.0000e+00  0.0000e+00 
