yF = 1.6284e+01 (std: 0.0000e+00) keV/um
yD = 3.7318e+01 (std: 0.0000e+00) keV/um
y (keV/um)     f(y)(std)                  yf(y)(std)                 d(y)(std)                  yd(y)(std)  
1.0610e-01     7.3540e+00  0.0000e+00     7.8026e-01  0.0000e+00     4.7917e-02  0.0000e+00     5.0840e-03  0.0000e+00 
1.1905e-01     7.9225e-01  0.0000e+00     9.4315e-02  0.0000e+00     5.7920e-03  0.0000e+00     6.8953e-04  0.0000e+00 
1.3357e-01     3.6172e-01  0.0000e+00     4.8317e-02  0.0000e+00     2.9672e-03  0.0000e+00     3.9634e-04  0.0000e+00 
1.4987e-01     1.0235e+00  0.0000e+00     1.5339e-01  0.0000e+00     9.4201e-03  0.0000e+00     1.4118e-03  0.0000e+00 
1.6816e-01     4.9091e-01  0.0000e+00     8.2550e-02  0.0000e+00     5.0695e-03  0.0000e+00     8.5249e-04  0.0000e+00 
1.8868e-01     3.8988e-01  0.0000e+00     7.3561e-02  0.0000e+00     4.5175e-03  0.0000e+00     8.5234e-04  0.0000e+00 
2.1170e-01     3.8755e-01  0.0000e+00     8.2044e-02  0.0000e+00     5.0384e-03  0.0000e+00     1.0666e-03  0.0000e+00 
2.3753e-01     3.7587e-01  0.0000e+00     8.9280e-02  0.0000e+00     5.4828e-03  0.0000e+00     1.3023e-03  0.0000e+00 
2.6651e-01     2.3899e-01  0.0000e+00     6.3695e-02  0.0000e+00     3.9116e-03  0.0000e+00     1.0425e-03  0.0000e+00 
2.9903e-01     2.0444e-01  0.0000e+00     6.1134e-02  0.0000e+00     3.7543e-03  0.0000e+00     1.1227e-03  0.0000e+00 
3.3552e-01     4.7442e-01  0.0000e+00     1.5918e-01  0.0000e+00     9.7754e-03  0.0000e+00     3.2799e-03  0.0000e+00 
3.7646e-01     4.0570e-01  0.0000e+00     1.5273e-01  0.0000e+00     9.3795e-03  0.0000e+00     3.5310e-03  0.0000e+00 
4.2240e-01     2.6232e-01  0.0000e+00     1.1080e-01  0.0000e+00     6.8046e-03  0.0000e+00     2.8742e-03  0.0000e+00 
4.7394e-01     2.6363e-01  0.0000e+00     1.2495e-01  0.0000e+00     7.6731e-03  0.0000e+00     3.6365e-03  0.0000e+00 
5.3176e-01     2.2209e-01  0.0000e+00     1.1810e-01  0.0000e+00     7.2526e-03  0.0000e+00     3.8567e-03  0.0000e+00 
5.9665e-01     1.5222e-01  0.0000e+00     9.0819e-02  0.0000e+00     5.5773e-03  0.0000e+00     3.3277e-03  0.0000e+00 
6.6945e-01     1.4580e-01  0.0000e+00     9.7607e-02  0.0000e+00     5.9942e-03  0.0000e+00     4.0128e-03  0.0000e+00 
7.5114e-01     1.4285e-01  0.0000e+00     1.0730e-01  0.0000e+00     6.5893e-03  0.0000e+00     4.9495e-03  0.0000e+00 
8.4279e-01     9.9035e-02  0.0000e+00     8.3466e-02  0.0000e+00     5.1258e-03  0.0000e+00     4.3199e-03  0.0000e+00 
9.4563e-01     7.1240e-02  0.0000e+00     6.7367e-02  0.0000e+00     4.1371e-03  0.0000e+00     3.9121e-03  0.0000e+00 
1.0610e+00     5.6040e-02  0.0000e+00     5.9458e-02  0.0000e+00     3.6514e-03  0.0000e+00     3.8742e-03  0.0000e+00 
1.1905e+00     3.8606e-02  0.0000e+00     4.5960e-02  0.0000e+00     2.8225e-03  0.0000e+00     3.3601e-03  0.0000e+00 
1.3357e+00     2.5374e-02  0.0000e+00     3.3893e-02  0.0000e+00     2.0814e-03  0.0000e+00     2.7802e-03  0.0000e+00 
1.4987e+00     1.5876e-02  0.0000e+00     2.3793e-02  0.0000e+00     1.4612e-03  0.0000e+00     2.1899e-03  0.0000e+00 
1.6816e+00     9.2899e-03  0.0000e+00     1.5622e-02  0.0000e+00     9.5936e-04  0.0000e+00     1.6132e-03  0.0000e+00 
1.8868e+00     4.9709e-03  0.0000e+00     9.3789e-03  0.0000e+00     5.7597e-04  0.0000e+00     1.0867e-03  0.0000e+00 
2.1170e+00     2.4659e-03  0.0000e+00     5.2203e-03  0.0000e+00     3.2058e-04  0.0000e+00     6.7867e-04  0.0000e+00 
2.3753e+00     1.0579e-03  0.0000e+00     2.5127e-03  0.0000e+00     1.5431e-04  0.0000e+00     3.6654e-04  0.0000e+00 
2.6651e+00     3.6543e-04  0.0000e+00     9.7393e-04  0.0000e+00     5.9810e-05  0.0000e+00     1.5940e-04  0.0000e+00 
2.9903e+00     1.6285e-04  0.0000e+00     4.8697e-04  0.0000e+00     2.9905e-05  0.0000e+00     8.9426e-05  0.0000e+00 
3.3552e+00     4.9347e-05  0.0000e+00     1.6557e-04  0.0000e+00     1.0168e-05  0.0000e+00     3.4115e-05  0.0000e+00 
3.7646e+00     5.1741e-06  0.0000e+00     1.9479e-05  0.0000e+00     1.1962e-06  0.0000e+00     4.5032e-06  0.0000e+00 
4.2240e+00     2.3057e-06  0.0000e+00     9.7393e-06  0.0000e+00     5.9810e-07  0.0000e+00     2.5264e-06  0.0000e+00 
4.7394e+00     0.0000e+00  0.0000e+00     0.0000e+00  0.0000e+00     0.0000e+00  0.0000e+00     0.0000e+00  0.0000e+00 
5.3176e+00     5.4945e-06  0.0000e+00     2.9218e-05  0.0000e+00     1.7943e-06  0.0000e+00     9.5415e-06  0.0000e+00 
5.9665e+00     4.8802e-02  0.0000e+00     2.9118e-01  0.0000e+00     1.7882e-02  0.0000e+00     1.0669e-01  0.0000e+00 
6.6945e+00     2.9012e-02  0.0000e+00     1.9422e-01  0.0000e+00     1.1927e-02  0.0000e+00     7.9848e-02  0.0000e+00 
7.5114e+00     8.4772e-03  0.0000e+00     6.3676e-02  0.0000e+00     3.9104e-03  0.0000e+00     2.9372e-02  0.0000e+00 
8.4279e+00     3.5447e-02  0.0000e+00     2.9874e-01  0.0000e+00     1.8346e-02  0.0000e+00     1.5462e-01  0.0000e+00 
9.4563e+00     2.8811e-02  0.0000e+00     2.7245e-01  0.0000e+00     1.6731e-02  0.0000e+00     1.5822e-01  0.0000e+00 
1.0610e+01     3.9231e-02  0.0000e+00     4.1625e-01  0.0000e+00     2.5562e-02  0.0000e+00     2.7122e-01  0.0000e+00 
1.1905e+01     3.1625e-02  0.0000e+00     3.7649e-01  0.0000e+00     2.3121e-02  0.0000e+00     2.7525e-01  0.0000e+00 
1.3357e+01     2.6342e-02  0.0000e+00     3.5186e-01  0.0000e+00     2.1608e-02  0.0000e+00     2.8863e-01  0.0000e+00 
1.4987e+01     2.0691e-02  0.0000e+00     3.1010e-01  0.0000e+00     1.9044e-02  0.0000e+00     2.8541e-01  0.0000e+00 
1.6816e+01     1.6221e-02  0.0000e+00     2.7278e-01  0.0000e+00     1.6752e-02  0.0000e+00     2.8169e-01  0.0000e+00 
1.8868e+01     1.6509e-02  0.0000e+00     3.1149e-01  0.0000e+00     1.9129e-02  0.0000e+00     3.6092e-01  0.0000e+00 
2.1170e+01     1.5742e-02  0.0000e+00     3.3326e-01  0.0000e+00     2.0466e-02  0.0000e+00     4.3326e-01  0.0000e+00 
2.3753e+01     1.4249e-02  0.0000e+00     3.3845e-01  0.0000e+00     2.0785e-02  0.0000e+00     4.9370e-01  0.0000e+00 
2.6651e+01     1.1580e-02  0.0000e+00     3.0863e-01  0.0000e+00     1.8953e-02  0.0000e+00     5.0513e-01  0.0000e+00 
2.9903e+01     9.3282e-03  0.0000e+00     2.7894e-01  0.0000e+00     1.7130e-02  0.0000e+00     5.1225e-01  0.0000e+00 
3.3552e+01     8.0661e-03  0.0000e+00     2.7064e-01  0.0000e+00     1.6620e-02  0.0000e+00     5.5764e-01  0.0000e+00 
3.7646e+01     6.5911e-03  0.0000e+00     2.4813e-01  0.0000e+00     1.5238e-02  0.0000e+00     5.7365e-01  0.0000e+00 
4.2240e+01     5.0256e-03  0.0000e+00     2.1228e-01  0.0000e+00     1.3036e-02  0.0000e+00     5.5065e-01  0.0000e+00 
4.7394e+01     3.8395e-03  0.0000e+00     1.8197e-01  0.0000e+00     1.1175e-02  0.0000e+00     5.2962e-01  0.0000e+00 
5.3176e+01     2.8572e-03  0.0000e+00     1.5193e-01  0.0000e+00     9.3304e-03  0.0000e+00     4.9616e-01  0.0000e+00 
5.9665e+01     2.0362e-03  0.0000e+00     1.2149e-01  0.0000e+00     7.4608e-03  0.0000e+00     4.4515e-01  0.0000e+00 
6.6945e+01     1.4065e-03  0.0000e+00     9.4160e-02  0.0000e+00     5.7825e-03  0.0000e+00     3.8711e-01  0.0000e+00 
7.5114e+01     8.4565e-04  0.0000e+00     6.3520e-02  0.0000e+00     3.9008e-03  0.0000e+00     2.9301e-01  0.0000e+00 
8.4279e+01     4.9333e-04  0.0000e+00     4.1577e-02  0.0000e+00     2.5533e-03  0.0000e+00     2.1519e-01  0.0000e+00 
9.4563e+01     2.7489e-04  0.0000e+00     2.5994e-02  0.0000e+00     1.5963e-03  0.0000e+00     1.5095e-01  0.0000e+00 
1.0610e+02     1.3631e-04  0.0000e+00     1.4463e-02  0.0000e+00     8.8818e-04  0.0000e+00     9.4237e-02  0.0000e+00 
1.1905e+02     6.3158e-05  0.0000e+00     7.5187e-03  0.0000e+00     4.6174e-04  0.0000e+00     5.4968e-02  0.0000e+00 
1.3357e+02     2.2530e-05  0.0000e+00     3.0094e-03  0.0000e+00     1.8481e-04  0.0000e+00     2.4686e-02  0.0000e+00 
1.4987e+02     8.5779e-06  0.0000e+00     1.2856e-03  0.0000e+00     7.8950e-05  0.0000e+00     1.1832e-02  0.0000e+00 
1.6816e+02     2.5484e-06  0.0000e+00     4.2853e-04  0.0000e+00     2.6317e-05  0.0000e+00     4.4254e-03  0.0000e+00 
1.8868e+02     7.7428e-07  0.0000e+00     1.4609e-04  0.0000e+00     8.9716e-06  0.0000e+00     1.6927e-03  0.0000e+00 
2.1170e+02     9.2011e-08  0.0000e+00     1.9479e-05  0.0000e+00     1.1962e-06  0.0000e+00     2.5324e-04  0.0000e+00 
2.3753e+02     8.2005e-08  0.0000e+00     1.9479e-05  0.0000e+00     1.1962e-06  0.0000e+00     2.8414e-04  0.0000e+00 
2.6651e+02     0.0000e+00  0.0000e+00     0.0000e+00  0.0000e+00     0.0000e+00  0.0000e+00     0.0000e+00  0.0000e+00 
2.9903e+02     0.0000e+00  0.0000e+00     0.0000e+00  0.0000e+00     0.0000e+00  0.0000e+00     0.0000e+00  0.0000e+00 
3.3552e+02     0.0000e+00  0.0000e+00     0.0000e+00  0.0000e+00     0.0000e+00  0.0000e+00     0.0000e+00  0.0000e+00 
3.7646e+02     0.0000e+00  0.0000e+00     0.0000e+00  0.0000e+00     0.0000e+00  0.0000e+00     0.0000e+00  0.0000e+00 
4.2240e+02     0.0000e+00  0.0000e+00     0.0000e+00  0.0000e+00     0.0000e+00  0.0000e+00     0.0000e+00  0.0000e+00 
4.7394e+02     0.0000e+00  0.0000e+00     0.0000e+00  0.0000e+00     0.0000e+00  0.0000e+00     0.0000e+00  0.0000e+00 
5.3176e+02     0.0000e+00  0.0000e+00     0.0000e+00  0.0000e+00     0.0000e+00  0.0000e+00     0.0000e+00  0.0000e+00 
5.9665e+02     0.0000e+00  0.0000e+00     0.0000e+00  0.0000e+00     0.0000e+00  0.0000e+00     0.0000e+00  0.0000e+00 
6.6945e+02     0.0000e+00  0.0000e+00     0.0000e+00  0.0000e+00     0.0000e+00  0.0000e+00     0.0000e+00  0.0000e+00 
7.5114e+02     0.0000e+00  0.0000e+00     0.0000e+00  0.0000e+00     0.0000e+00  0.0000e+00     0.0000e+00  0.0000e+00 
8.4279e+02     0.0000e+00  0.0000e+00     0.0000e+00  0.0000e+00     0.0000e+00  0.0000e+00     0.0000e+00  0.0000e+00 
9.4563e+02     0.0000e+00  0.0000e+00     0.0000e+00  0.0000e+00     0.0000e+00  0.0000e+00     0.0000e+00  0.0000e+00 
1.0610e+03     0.0000e+00  0.0000e+00     0.0000e+00  0.0000e+00     0.0000e+00  0.0000e+00     0.0000e+00  0.0000e+00 
1.1905e+03     0.0000e+00  0.0000e+00     0.0000e+00  0.0000e+00     0.0000e+00  0.0000e+00     0.0000e+00  0.0000e+00 
1.3357e+03     0.0000e+00  0.0000e+00     0.0000e+00  0.0000e+00     0.0000e+00  0.0000e+00     0.0000e+00  0.0000e+00 
1.4987e+03     0.0000e+00  0.0000e+00     0.0000e+00  0.0000e+00     0.0000e+00  0.0000e+00     0.0000e+00  0.0000e+00 
1.6816e+03     0.0000e+00  0.0000e+00     0.0000e+00  0.0000e+00     0.0000e+00  0.0000e+00     0.0000e+00  0.0000e+00 
1.8868e+03     0.0000e+00  0.0000e+00     0.0000e+00  0.0000e+00     0.0000e+00  0.0000e+00     0.0000e+00  0.0000e+00 
2.1170e+03     0.0000e+00  0.0000e+00     0.0000e+00  0.0000e+00     0.0000e+00  0.0000e+00     0.0000e+00  0.0000e+00 
2.3753e+03     0.0000e+00  0.0000e+00     0.0000e+00  0.0000e+00     0.0000e+00  0.0000e+00     0.0000e+00  0.0000e+00 
2.6651e+03     0.0000e+00  0.0000e+00     0.0000e+00  0.0000e+00     0.0000e+00  0.0000e+00     0.0000e+00  0.0000e+00 
2.9903e+03     0.0000e+00  0.0000e+00     0.0000e+00  0.0000e+00     0.0000e+00  0.0000e+00     0.0000e+00  0.0000e+00 
3.3552e+03     0.0000e+00  0.0000e+00     0.0000e+00  0.0000e+00     0.0000e+00  0.0000e+00     0.0000e+00  0.0000e+00 
3.7646e+03     0.0000e+00  0.0000e+00     0.0000e+00  0.0000e+00     0.0000e+00  0.0000e+00     0.0000e+00  0.0000e+00 
4.2240e+03     0.0000e+00  0.0000e+00     0.0000e+00  0.0000e+00     0.0000e+00  0.0000e+00     0.0000e+00  0.0000e+00 
4.7394e+03     0.0000e+00  0.0000e+00     0.0000e+00  0.0000e+00     0.0000e+00  0.0000e+00     0.0000e+00  0.0000e+00 
5.3176e+03     0.0000e+00  0.0000e+00     0.0000e+00  0.0000e+00     0.0000e+00  0.0000e+00     0.0000e+00  0.0000e+00 
5.9665e+03     0.0000e+00  0.0000e+00     0.0000e+00  0.0000e+00     0.0000e+00  0.0000e+00     0.0000e+00  0.0000e+00 
6.6945e+03     0.0000e+00  0.0000e+00     0.0000e+00  0.0000e+00     0.0000e+00  0.0000e+00     0.0000e+00  0.0000e+00 
7.5114e+03     0.0000e+00  0.0000e+00     0.0000e+00  0.0000e+00     0.0000e+00  0.0000e+00     0.0000e+00  0.0000e+00 
8.4279e+03     0.0000e+00  0.0000e+00     0.0000e+00  0.0000e+00     0.0000e+00  0.0000e+00     0.0000e+00  0.0000e+00 
9.4563e+03     0.0000e+00  0.0000e+00     0.0000e+00  0.0000e+00     0.0000e+00  0.0000e+00     0.0000e+00  0.0000e+00 
