yF = 8.5267e+00 (std: 0.0000e+00) keV/um
yD = 2.5731e+01 (std: 0.0000e+00) keV/um
y (keV/um)     f(y)(std)                  yf(y)(std)                 d(y)(std)                  yd(y)(std)  
1.0610e-01     1.9428e+01  0.0000e+00     2.0613e+00  0.0000e+00     2.4175e-01  0.0000e+00     2.5650e-02  0.0000e+00 
1.1905e-01     1.4876e+00  0.0000e+00     1.7709e-01  0.0000e+00     2.0770e-02  0.0000e+00     2.4726e-03  0.0000e+00 
1.3357e-01     4.4671e-01  0.0000e+00     5.9669e-02  0.0000e+00     6.9979e-03  0.0000e+00     9.3473e-04  0.0000e+00 
1.4987e-01     2.0975e+00  0.0000e+00     3.1435e-01  0.0000e+00     3.6867e-02  0.0000e+00     5.5253e-03  0.0000e+00 
1.6816e-01     6.8138e-01  0.0000e+00     1.1458e-01  0.0000e+00     1.3438e-02  0.0000e+00     2.2597e-03  0.0000e+00 
1.8868e-01     4.6931e-01  0.0000e+00     8.8547e-02  0.0000e+00     1.0385e-02  0.0000e+00     1.9594e-03  0.0000e+00 
2.1170e-01     4.8226e-01  0.0000e+00     1.0209e-01  0.0000e+00     1.1974e-02  0.0000e+00     2.5348e-03  0.0000e+00 
2.3753e-01     4.5181e-01  0.0000e+00     1.0732e-01  0.0000e+00     1.2586e-02  0.0000e+00     2.9896e-03  0.0000e+00 
2.6651e-01     2.1703e-01  0.0000e+00     5.7842e-02  0.0000e+00     6.7837e-03  0.0000e+00     1.8080e-03  0.0000e+00 
2.9903e-01     1.8250e-01  0.0000e+00     5.4572e-02  0.0000e+00     6.4002e-03  0.0000e+00     1.9139e-03  0.0000e+00 
3.3552e-01     9.5944e-01  0.0000e+00     3.2191e-01  0.0000e+00     3.7754e-02  0.0000e+00     1.2667e-02  0.0000e+00 
3.7646e-01     6.4494e-01  0.0000e+00     2.4279e-01  0.0000e+00     2.8475e-02  0.0000e+00     1.0720e-02  0.0000e+00 
4.2240e-01     2.9228e-01  0.0000e+00     1.2346e-01  0.0000e+00     1.4479e-02  0.0000e+00     6.1158e-03  0.0000e+00 
4.7394e-01     2.8729e-01  0.0000e+00     1.3615e-01  0.0000e+00     1.5968e-02  0.0000e+00     7.5679e-03  0.0000e+00 
5.3176e-01     1.8680e-01  0.0000e+00     9.9334e-02  0.0000e+00     1.1650e-02  0.0000e+00     6.1950e-03  0.0000e+00 
5.9665e-01     9.7728e-02  0.0000e+00     5.8310e-02  0.0000e+00     6.8385e-03  0.0000e+00     4.0802e-03  0.0000e+00 
6.6945e-01     1.4984e-01  0.0000e+00     1.0031e-01  0.0000e+00     1.1764e-02  0.0000e+00     7.8757e-03  0.0000e+00 
7.5114e-01     1.2863e-01  0.0000e+00     9.6616e-02  0.0000e+00     1.1331e-02  0.0000e+00     8.5112e-03  0.0000e+00 
8.4279e-01     6.2988e-02  0.0000e+00     5.3086e-02  0.0000e+00     6.2259e-03  0.0000e+00     5.2471e-03  0.0000e+00 
9.4563e-01     3.9701e-02  0.0000e+00     3.7542e-02  0.0000e+00     4.4029e-03  0.0000e+00     4.1635e-03  0.0000e+00 
1.0610e+00     2.9580e-02  0.0000e+00     3.1384e-02  0.0000e+00     3.6807e-03  0.0000e+00     3.9053e-03  0.0000e+00 
1.1905e+00     1.7373e-02  0.0000e+00     2.0682e-02  0.0000e+00     2.4256e-03  0.0000e+00     2.8876e-03  0.0000e+00 
1.3357e+00     8.2983e-03  0.0000e+00     1.1084e-02  0.0000e+00     1.3000e-03  0.0000e+00     1.7364e-03  0.0000e+00 
1.4987e+00     4.5339e-03  0.0000e+00     6.7950e-03  0.0000e+00     7.9691e-04  0.0000e+00     1.1943e-03  0.0000e+00 
1.6816e+00     2.6770e-03  0.0000e+00     4.5017e-03  0.0000e+00     5.2795e-04  0.0000e+00     8.8780e-04  0.0000e+00 
1.8868e+00     1.3055e-03  0.0000e+00     2.4632e-03  0.0000e+00     2.8888e-04  0.0000e+00     5.4505e-04  0.0000e+00 
2.1170e+00     2.0061e-04  0.0000e+00     4.2469e-04  0.0000e+00     4.9807e-05  0.0000e+00     1.0544e-04  0.0000e+00 
2.3753e+00     8.9397e-05  0.0000e+00     2.1234e-04  0.0000e+00     2.4904e-05  0.0000e+00     5.9153e-05  0.0000e+00 
2.6651e+00     4.7805e-05  0.0000e+00     1.2741e-04  0.0000e+00     1.4942e-05  0.0000e+00     3.9823e-05  0.0000e+00 
2.9903e+00     0.0000e+00  0.0000e+00     0.0000e+00  0.0000e+00     0.0000e+00  0.0000e+00     0.0000e+00  0.0000e+00 
3.3552e+00     0.0000e+00  0.0000e+00     0.0000e+00  0.0000e+00     0.0000e+00  0.0000e+00     0.0000e+00  0.0000e+00 
3.7646e+00     0.0000e+00  0.0000e+00     0.0000e+00  0.0000e+00     0.0000e+00  0.0000e+00     0.0000e+00  0.0000e+00 
4.2240e+00     0.0000e+00  0.0000e+00     0.0000e+00  0.0000e+00     0.0000e+00  0.0000e+00     0.0000e+00  0.0000e+00 
4.7394e+00     0.0000e+00  0.0000e+00     0.0000e+00  0.0000e+00     0.0000e+00  0.0000e+00     0.0000e+00  0.0000e+00 
5.3176e+00     0.0000e+00  0.0000e+00     0.0000e+00  0.0000e+00     0.0000e+00  0.0000e+00     0.0000e+00  0.0000e+00 
5.9665e+00     6.4965e-02  0.0000e+00     3.8761e-01  0.0000e+00     4.5459e-02  0.0000e+00     2.7123e-01  0.0000e+00 
6.6945e+00     1.7706e-02  0.0000e+00     1.1853e-01  0.0000e+00     1.3901e-02  0.0000e+00     9.3061e-02  0.0000e+00 
7.5114e+00     5.9875e-03  0.0000e+00     4.4974e-02  0.0000e+00     5.2746e-03  0.0000e+00     3.9619e-02  0.0000e+00 
8.4279e+00     4.5755e-02  0.0000e+00     3.8562e-01  0.0000e+00     4.5225e-02  0.0000e+00     3.8115e-01  0.0000e+00 
9.4563e+00     2.2231e-02  0.0000e+00     2.1022e-01  0.0000e+00     2.4654e-02  0.0000e+00     2.3314e-01  0.0000e+00 
1.0610e+01     6.0212e-02  0.0000e+00     6.3886e-01  0.0000e+00     7.4925e-02  0.0000e+00     7.9496e-01  0.0000e+00 
1.1905e+01     2.8136e-02  0.0000e+00     3.3495e-01  0.0000e+00     3.9283e-02  0.0000e+00     4.6765e-01  0.0000e+00 
1.3357e+01     2.2221e-02  0.0000e+00     2.9681e-01  0.0000e+00     3.4810e-02  0.0000e+00     4.6497e-01  0.0000e+00 
1.4987e+01     1.7489e-02  0.0000e+00     2.6212e-01  0.0000e+00     3.0741e-02  0.0000e+00     4.6072e-01  0.0000e+00 
1.6816e+01     1.0266e-02  0.0000e+00     1.7264e-01  0.0000e+00     2.0247e-02  0.0000e+00     3.4046e-01  0.0000e+00 
1.8868e+01     9.2421e-03  0.0000e+00     1.7438e-01  0.0000e+00     2.0451e-02  0.0000e+00     3.8586e-01  0.0000e+00 
2.1170e+01     9.1117e-03  0.0000e+00     1.9289e-01  0.0000e+00     2.2622e-02  0.0000e+00     4.7891e-01  0.0000e+00 
2.3753e+01     8.1583e-03  0.0000e+00     1.9379e-01  0.0000e+00     2.2727e-02  0.0000e+00     5.3983e-01  0.0000e+00 
2.6651e+01     5.4880e-03  0.0000e+00     1.4626e-01  0.0000e+00     1.7154e-02  0.0000e+00     4.5717e-01  0.0000e+00 
2.9903e+01     4.3827e-03  0.0000e+00     1.3106e-01  0.0000e+00     1.5370e-02  0.0000e+00     4.5963e-01  0.0000e+00 
3.3552e+01     3.8884e-03  0.0000e+00     1.3046e-01  0.0000e+00     1.5301e-02  0.0000e+00     5.1337e-01  0.0000e+00 
3.7646e+01     2.8519e-03  0.0000e+00     1.0736e-01  0.0000e+00     1.2591e-02  0.0000e+00     4.7401e-01  0.0000e+00 
4.2240e+01     2.0692e-03  0.0000e+00     8.7401e-02  0.0000e+00     1.0250e-02  0.0000e+00     4.3297e-01  0.0000e+00 
4.7394e+01     1.5726e-03  0.0000e+00     7.4533e-02  0.0000e+00     8.7411e-03  0.0000e+00     4.1427e-01  0.0000e+00 
5.3176e+01     9.6316e-04  0.0000e+00     5.1217e-02  0.0000e+00     6.0067e-03  0.0000e+00     3.1942e-01  0.0000e+00 
5.9665e+01     5.7228e-04  0.0000e+00     3.4145e-02  0.0000e+00     4.0045e-03  0.0000e+00     2.3893e-01  0.0000e+00 
6.6945e+01     2.9182e-04  0.0000e+00     1.9536e-02  0.0000e+00     2.2911e-03  0.0000e+00     1.5338e-01  0.0000e+00 
7.5114e+01     1.2099e-04  0.0000e+00     9.0883e-03  0.0000e+00     1.0659e-03  0.0000e+00     8.0062e-02  0.0000e+00 
8.4279e+01     4.8879e-05  0.0000e+00     4.1195e-03  0.0000e+00     4.8313e-04  0.0000e+00     4.0718e-02  0.0000e+00 
9.4563e+01     1.5270e-05  0.0000e+00     1.4439e-03  0.0000e+00     1.6934e-04  0.0000e+00     1.6014e-02  0.0000e+00 
1.0610e+02     6.8046e-06  0.0000e+00     7.2197e-04  0.0000e+00     8.4672e-05  0.0000e+00     8.9838e-03  0.0000e+00 
1.1905e+02     1.0702e-06  0.0000e+00     1.2741e-04  0.0000e+00     1.4942e-05  0.0000e+00     1.7788e-03  0.0000e+00 
1.3357e+02     3.1794e-07  0.0000e+00     4.2469e-05  0.0000e+00     4.9807e-06  0.0000e+00     6.6529e-04  0.0000e+00 
1.4987e+02     0.0000e+00  0.0000e+00     0.0000e+00  0.0000e+00     0.0000e+00  0.0000e+00     0.0000e+00  0.0000e+00 
1.6816e+02     0.0000e+00  0.0000e+00     0.0000e+00  0.0000e+00     0.0000e+00  0.0000e+00     0.0000e+00  0.0000e+00 
1.8868e+02     0.0000e+00  0.0000e+00     0.0000e+00  0.0000e+00     0.0000e+00  0.0000e+00     0.0000e+00  0.0000e+00 
2.1170e+02     0.0000e+00  0.0000e+00     0.0000e+00  0.0000e+00     0.0000e+00  0.0000e+00     0.0000e+00  0.0000e+00 
2.3753e+02     0.0000e+00  0.0000e+00     0.0000e+00  0.0000e+00     0.0000e+00  0.0000e+00     0.0000e+00  0.0000e+00 
2.6651e+02     0.0000e+00  0.0000e+00     0.0000e+00  0.0000e+00     0.0000e+00  0.0000e+00     0.0000e+00  0.0000e+00 
2.9903e+02     0.0000e+00  0.0000e+00     0.0000e+00  0.0000e+00     0.0000e+00  0.0000e+00     0.0000e+00  0.0000e+00 
3.3552e+02     0.0000e+00  0.0000e+00     0.0000e+00  0.0000e+00     0.0000e+00  0.0000e+00     0.0000e+00  0.0000e+00 
3.7646e+02     0.0000e+00  0.0000e+00     0.0000e+00  0.0000e+00     0.0000e+00  0.0000e+00     0.0000e+00  0.0000e+00 
4.2240e+02     0.0000e+00  0.0000e+00     0.0000e+00  0.0000e+00     0.0000e+00  0.0000e+00     0.0000e+00  0.0000e+00 
4.7394e+02     0.0000e+00  0.0000e+00     0.0000e+00  0.0000e+00     0.0000e+00  0.0000e+00     0.0000e+00  0.0000e+00 
5.3176e+02     0.0000e+00  0.0000e+00     0.0000e+00  0.0000e+00     0.0000e+00  0.0000e+00     0.0000e+00  0.0000e+00 
5.9665e+02     0.0000e+00  0.0000e+00     0.0000e+00  0.0000e+00     0.0000e+00  0.0000e+00     0.0000e+00  0.0000e+00 
6.6945e+02     0.0000e+00  0.0000e+00     0.0000e+00  0.0000e+00     0.0000e+00  0.0000e+00     0.0000e+00  0.0000e+00 
7.5114e+02     0.0000e+00  0.0000e+00     0.0000e+00  0.0000e+00     0.0000e+00  0.0000e+00     0.0000e+00  0.0000e+00 
8.4279e+02     0.0000e+00  0.0000e+00     0.0000e+00  0.0000e+00     0.0000e+00  0.0000e+00     0.0000e+00  0.0000e+00 
9.4563e+02     0.0000e+00  0.0000e+00     0.0000e+00  0.0000e+00     0.0000e+00  0.0000e+00     0.0000e+00  0.0000e+00 
1.0610e+03     0.0000e+00  0.0000e+00     0.0000e+00  0.0000e+00     0.0000e+00  0.0000e+00     0.0000e+00  0.0000e+00 
1.1905e+03     0.0000e+00  0.0000e+00     0.0000e+00  0.0000e+00     0.0000e+00  0.0000e+00     0.0000e+00  0.0000e+00 
1.3357e+03     0.0000e+00  0.0000e+00     0.0000e+00  0.0000e+00     0.0000e+00  0.0000e+00     0.0000e+00  0.0000e+00 
1.4987e+03     0.0000e+00  0.0000e+00     0.0000e+00  0.0000e+00     0.0000e+00  0.0000e+00     0.0000e+00  0.0000e+00 
1.6816e+03     0.0000e+00  0.0000e+00     0.0000e+00  0.0000e+00     0.0000e+00  0.0000e+00     0.0000e+00  0.0000e+00 
1.8868e+03     0.0000e+00  0.0000e+00     0.0000e+00  0.0000e+00     0.0000e+00  0.0000e+00     0.0000e+00  0.0000e+00 
2.1170e+03     0.0000e+00  0.0000e+00     0.0000e+00  0.0000e+00     0.0000e+00  0.0000e+00     0.0000e+00  0.0000e+00 
2.3753e+03     0.0000e+00  0.0000e+00     0.0000e+00  0.0000e+00     0.0000e+00  0.0000e+00     0.0000e+00  0.0000e+00 
2.6651e+03     0.0000e+00  0.0000e+00     0.0000e+00  0.0000e+00     0.0000e+00  0.0000e+00     0.0000e+00  0.0000e+00 
2.9903e+03     0.0000e+00  0.0000e+00     0.0000e+00  0.0000e+00     0.0000e+00  0.0000e+00     0.0000e+00  0.0000e+00 
3.3552e+03     0.0000e+00  0.0000e+00     0.0000e+00  0.0000e+00     0.0000e+00  0.0000e+00     0.0000e+00  0.0000e+00 
3.7646e+03     0.0000e+00  0.0000e+00     0.0000e+00  0.0000e+00     0.0000e+00  0.0000e+00     0.0000e+00  0.0000e+00 
4.2240e+03     0.0000e+00  0.0000e+00     0.0000e+00  0.0000e+00     0.0000e+00  0.0000e+00     0.0000e+00  0.0000e+00 
4.7394e+03     0.0000e+00  0.0000e+00     0.0000e+00  0.0000e+00     0.0000e+00  0.0000e+00     0.0000e+00  0.0000e+00 
5.3176e+03     0.0000e+00  0.0000e+00     0.0000e+00  0.0000e+00     0.0000e+00  0.0000e+00     0.0000e+00  0.0000e+00 
5.9665e+03     0.0000e+00  0.0000e+00     0.0000e+00  0.0000e+00     0.0000e+00  0.0000e+00     0.0000e+00  0.0000e+00 
6.6945e+03     0.0000e+00  0.0000e+00     0.0000e+00  0.0000e+00     0.0000e+00  0.0000e+00     0.0000e+00  0.0000e+00 
7.5114e+03     0.0000e+00  0.0000e+00     0.0000e+00  0.0000e+00     0.0000e+00  0.0000e+00     0.0000e+00  0.0000e+00 
8.4279e+03     0.0000e+00  0.0000e+00     0.0000e+00  0.0000e+00     0.0000e+00  0.0000e+00     0.0000e+00  0.0000e+00 
9.4563e+03     0.0000e+00  0.0000e+00     0.0000e+00  0.0000e+00     0.0000e+00  0.0000e+00     0.0000e+00  0.0000e+00 
