yF = 4.8624e+00 (std: 0.0000e+00) keV/um
yD = 2.3570e+01 (std: 0.0000e+00) keV/um
y (keV/um)     f(y)(std)                  yf(y)(std)                 d(y)(std)                  yd(y)(std)  
1.0610e-01     2.5059e+01  0.0000e+00     2.6588e+00  0.0000e+00     5.4681e-01  0.0000e+00     5.8017e-02  0.0000e+00 
1.1905e-01     1.9717e+00  0.0000e+00     2.3473e-01  0.0000e+00     4.8274e-02  0.0000e+00     5.7469e-03  0.0000e+00 
1.3357e-01     5.8055e-01  0.0000e+00     7.7546e-02  0.0000e+00     1.5948e-02  0.0000e+00     2.1303e-03  0.0000e+00 
1.4987e-01     2.7970e+00  0.0000e+00     4.1920e-01  0.0000e+00     8.6213e-02  0.0000e+00     1.2921e-02  0.0000e+00 
1.6816e-01     8.3894e-01  0.0000e+00     1.4107e-01  0.0000e+00     2.9014e-02  0.0000e+00     4.8789e-03  0.0000e+00 
1.8868e-01     5.8568e-01  0.0000e+00     1.1050e-01  0.0000e+00     2.2726e-02  0.0000e+00     4.2879e-03  0.0000e+00 
2.1170e-01     6.5512e-01  0.0000e+00     1.3869e-01  0.0000e+00     2.8523e-02  0.0000e+00     6.0383e-03  0.0000e+00 
2.3753e-01     6.0208e-01  0.0000e+00     1.4301e-01  0.0000e+00     2.9412e-02  0.0000e+00     6.9863e-03  0.0000e+00 
2.6651e-01     2.7082e-01  0.0000e+00     7.2178e-02  0.0000e+00     1.4844e-02  0.0000e+00     3.9562e-03  0.0000e+00 
2.9903e-01     2.1693e-01  0.0000e+00     6.4871e-02  0.0000e+00     1.3341e-02  0.0000e+00     3.9895e-03  0.0000e+00 
3.3552e-01     1.3601e+00  0.0000e+00     4.5633e-01  0.0000e+00     9.3849e-02  0.0000e+00     3.1488e-02  0.0000e+00 
3.7646e-01     9.1071e-01  0.0000e+00     3.4284e-01  0.0000e+00     7.0510e-02  0.0000e+00     2.6544e-02  0.0000e+00 
4.2240e-01     3.7671e-01  0.0000e+00     1.5912e-01  0.0000e+00     3.2725e-02  0.0000e+00     1.3823e-02  0.0000e+00 
4.7394e-01     3.8923e-01  0.0000e+00     1.8447e-01  0.0000e+00     3.7938e-02  0.0000e+00     1.7980e-02  0.0000e+00 
5.3176e-01     2.4146e-01  0.0000e+00     1.2840e-01  0.0000e+00     2.6407e-02  0.0000e+00     1.4042e-02  0.0000e+00 
5.9665e-01     1.2972e-01  0.0000e+00     7.7397e-02  0.0000e+00     1.5918e-02  0.0000e+00     9.4972e-03  0.0000e+00 
6.6945e-01     2.0026e-01  0.0000e+00     1.3407e-01  0.0000e+00     2.7572e-02  0.0000e+00     1.8458e-02  0.0000e+00 
7.5114e-01     1.7590e-01  0.0000e+00     1.3213e-01  0.0000e+00     2.7173e-02  0.0000e+00     2.0411e-02  0.0000e+00 
8.4279e-01     8.2987e-02  0.0000e+00     6.9941e-02  0.0000e+00     1.4384e-02  0.0000e+00     1.2123e-02  0.0000e+00 
9.4563e-01     5.5669e-02  0.0000e+00     5.2642e-02  0.0000e+00     1.0826e-02  0.0000e+00     1.0238e-02  0.0000e+00 
1.0610e+00     4.1744e-02  0.0000e+00     4.4291e-02  0.0000e+00     9.1089e-03  0.0000e+00     9.6646e-03  0.0000e+00 
1.1905e+00     2.1295e-02  0.0000e+00     2.5352e-02  0.0000e+00     5.2139e-03  0.0000e+00     6.2069e-03  0.0000e+00 
1.3357e+00     1.3956e-02  0.0000e+00     1.8641e-02  0.0000e+00     3.8337e-03  0.0000e+00     5.1208e-03  0.0000e+00 
1.4987e+00     5.1742e-03  0.0000e+00     7.7546e-03  0.0000e+00     1.5948e-03  0.0000e+00     2.3902e-03  0.0000e+00 
1.6816e+00     2.8378e-03  0.0000e+00     4.7721e-03  0.0000e+00     9.8143e-04  0.0000e+00     1.6504e-03  0.0000e+00 
1.8868e+00     9.4846e-04  0.0000e+00     1.7895e-03  0.0000e+00     3.6804e-04  0.0000e+00     6.9440e-04  0.0000e+00 
2.1170e+00     3.5222e-04  0.0000e+00     7.4564e-04  0.0000e+00     1.5335e-04  0.0000e+00     3.2464e-04  0.0000e+00 
2.3753e+00     2.5113e-04  0.0000e+00     5.9651e-04  0.0000e+00     1.2268e-04  0.0000e+00     2.9140e-04  0.0000e+00 
2.6651e+00     5.5955e-05  0.0000e+00     1.4913e-04  0.0000e+00     3.0670e-05  0.0000e+00     8.1739e-05  0.0000e+00 
2.9903e+00     0.0000e+00  0.0000e+00     0.0000e+00  0.0000e+00     0.0000e+00  0.0000e+00     0.0000e+00  0.0000e+00 
3.3552e+00     0.0000e+00  0.0000e+00     0.0000e+00  0.0000e+00     0.0000e+00  0.0000e+00     0.0000e+00  0.0000e+00 
3.7646e+00     0.0000e+00  0.0000e+00     0.0000e+00  0.0000e+00     0.0000e+00  0.0000e+00     0.0000e+00  0.0000e+00 
4.2240e+00     0.0000e+00  0.0000e+00     0.0000e+00  0.0000e+00     0.0000e+00  0.0000e+00     0.0000e+00  0.0000e+00 
4.7394e+00     0.0000e+00  0.0000e+00     0.0000e+00  0.0000e+00     0.0000e+00  0.0000e+00     0.0000e+00  0.0000e+00 
5.3176e+00     0.0000e+00  0.0000e+00     0.0000e+00  0.0000e+00     0.0000e+00  0.0000e+00     0.0000e+00  0.0000e+00 
5.9665e+00     1.1172e-01  0.0000e+00     6.6660e-01  0.0000e+00     1.3709e-01  0.0000e+00     8.1797e-01  0.0000e+00 
6.6945e+00     2.2878e-02  0.0000e+00     1.5315e-01  0.0000e+00     3.1498e-02  0.0000e+00     2.1086e-01  0.0000e+00 
7.5114e+00     5.6781e-03  0.0000e+00     4.2650e-02  0.0000e+00     8.7715e-03  0.0000e+00     6.5886e-02  0.0000e+00 
8.4279e+00     2.8824e-02  0.0000e+00     2.4293e-01  0.0000e+00     4.9961e-02  0.0000e+00     4.2107e-01  0.0000e+00 
9.4563e+00     1.8152e-02  0.0000e+00     1.7165e-01  0.0000e+00     3.5301e-02  0.0000e+00     3.3381e-01  0.0000e+00 
1.0610e+01     2.5131e-02  0.0000e+00     2.6664e-01  0.0000e+00     5.4837e-02  0.0000e+00     5.8183e-01  0.0000e+00 
1.1905e+01     1.7350e-02  0.0000e+00     2.0654e-01  0.0000e+00     4.2478e-02  0.0000e+00     5.0568e-01  0.0000e+00 
1.3357e+01     1.3185e-02  0.0000e+00     1.7612e-01  0.0000e+00     3.6221e-02  0.0000e+00     4.8381e-01  0.0000e+00 
1.4987e+01     8.3285e-03  0.0000e+00     1.2482e-01  0.0000e+00     2.5671e-02  0.0000e+00     3.8473e-01  0.0000e+00 
1.6816e+01     5.2678e-03  0.0000e+00     8.8582e-02  0.0000e+00     1.8218e-02  0.0000e+00     3.0635e-01  0.0000e+00 
1.8868e+01     4.5210e-03  0.0000e+00     8.5301e-02  0.0000e+00     1.7543e-02  0.0000e+00     3.3100e-01  0.0000e+00 
2.1170e+01     4.4168e-03  0.0000e+00     9.3503e-02  0.0000e+00     1.9230e-02  0.0000e+00     4.0710e-01  0.0000e+00 
2.3753e+01     4.1123e-03  0.0000e+00     9.7679e-02  0.0000e+00     2.0089e-02  0.0000e+00     4.7717e-01  0.0000e+00 
2.6651e+01     2.6411e-03  0.0000e+00     7.0388e-02  0.0000e+00     1.4476e-02  0.0000e+00     3.8581e-01  0.0000e+00 
2.9903e+01     2.1294e-03  0.0000e+00     6.3677e-02  0.0000e+00     1.3096e-02  0.0000e+00     3.9161e-01  0.0000e+00 
3.3552e+01     1.7423e-03  0.0000e+00     5.8458e-02  0.0000e+00     1.2023e-02  0.0000e+00     4.0338e-01  0.0000e+00 
3.7646e+01     1.4261e-03  0.0000e+00     5.3686e-02  0.0000e+00     1.1041e-02  0.0000e+00     4.1565e-01  0.0000e+00 
4.2240e+01     8.5439e-04  0.0000e+00     3.6089e-02  0.0000e+00     7.4221e-03  0.0000e+00     3.1350e-01  0.0000e+00 
4.7394e+01     6.4820e-04  0.0000e+00     3.0720e-02  0.0000e+00     6.3180e-03  0.0000e+00     2.9943e-01  0.0000e+00 
5.3176e+01     4.5431e-04  0.0000e+00     2.4159e-02  0.0000e+00     4.9685e-03  0.0000e+00     2.6421e-01  0.0000e+00 
5.9665e+01     2.2995e-04  0.0000e+00     1.3720e-02  0.0000e+00     2.8216e-03  0.0000e+00     1.6835e-01  0.0000e+00 
6.6945e+01     1.7598e-04  0.0000e+00     1.1781e-02  0.0000e+00     2.4229e-03  0.0000e+00     1.6220e-01  0.0000e+00 
7.5114e+01     9.1326e-05  0.0000e+00     6.8599e-03  0.0000e+00     1.4108e-03  0.0000e+00     1.0597e-01  0.0000e+00 
8.4279e+01     5.3084e-05  0.0000e+00     4.4738e-03  0.0000e+00     9.2009e-04  0.0000e+00     7.7544e-02  0.0000e+00 
9.4563e+01     1.7347e-05  0.0000e+00     1.6404e-03  0.0000e+00     3.3737e-04  0.0000e+00     3.1902e-02  0.0000e+00 
1.0610e+02     8.4332e-06  0.0000e+00     8.9477e-04  0.0000e+00     1.8402e-04  0.0000e+00     1.9525e-02  0.0000e+00 
1.1905e+02     3.7580e-06  0.0000e+00     4.4738e-04  0.0000e+00     9.2009e-05  0.0000e+00     1.0953e-02  0.0000e+00 
1.3357e+02     2.2329e-06  0.0000e+00     2.9826e-04  0.0000e+00     6.1339e-05  0.0000e+00     8.1933e-03  0.0000e+00 
1.4987e+02     0.0000e+00  0.0000e+00     0.0000e+00  0.0000e+00     0.0000e+00  0.0000e+00     0.0000e+00  0.0000e+00 
1.6816e+02     0.0000e+00  0.0000e+00     0.0000e+00  0.0000e+00     0.0000e+00  0.0000e+00     0.0000e+00  0.0000e+00 
1.8868e+02     0.0000e+00  0.0000e+00     0.0000e+00  0.0000e+00     0.0000e+00  0.0000e+00     0.0000e+00  0.0000e+00 
2.1170e+02     0.0000e+00  0.0000e+00     0.0000e+00  0.0000e+00     0.0000e+00  0.0000e+00     0.0000e+00  0.0000e+00 
2.3753e+02     0.0000e+00  0.0000e+00     0.0000e+00  0.0000e+00     0.0000e+00  0.0000e+00     0.0000e+00  0.0000e+00 
2.6651e+02     0.0000e+00  0.0000e+00     0.0000e+00  0.0000e+00     0.0000e+00  0.0000e+00     0.0000e+00  0.0000e+00 
2.9903e+02     0.0000e+00  0.0000e+00     0.0000e+00  0.0000e+00     0.0000e+00  0.0000e+00     0.0000e+00  0.0000e+00 
3.3552e+02     0.0000e+00  0.0000e+00     0.0000e+00  0.0000e+00     0.0000e+00  0.0000e+00     0.0000e+00  0.0000e+00 
3.7646e+02     0.0000e+00  0.0000e+00     0.0000e+00  0.0000e+00     0.0000e+00  0.0000e+00     0.0000e+00  0.0000e+00 
4.2240e+02     0.0000e+00  0.0000e+00     0.0000e+00  0.0000e+00     0.0000e+00  0.0000e+00     0.0000e+00  0.0000e+00 
4.7394e+02     0.0000e+00  0.0000e+00     0.0000e+00  0.0000e+00     0.0000e+00  0.0000e+00     0.0000e+00  0.0000e+00 
5.3176e+02     0.0000e+00  0.0000e+00     0.0000e+00  0.0000e+00     0.0000e+00  0.0000e+00     0.0000e+00  0.0000e+00 
5.9665e+02     0.0000e+00  0.0000e+00     0.0000e+00  0.0000e+00     0.0000e+00  0.0000e+00     0.0000e+00  0.0000e+00 
6.6945e+02     0.0000e+00  0.0000e+00     0.0000e+00  0.0000e+00     0.0000e+00  0.0000e+00     0.0000e+00  0.0000e+00 
7.5114e+02     0.0000e+00  0.0000e+00     0.0000e+00  0.0000e+00     0.0000e+00  0.0000e+00     0.0000e+00  0.0000e+00 
8.4279e+02     0.0000e+00  0.0000e+00     0.0000e+00  0.0000e+00     0.0000e+00  0.0000e+00     0.0000e+00  0.0000e+00 
9.4563e+02     0.0000e+00  0.0000e+00     0.0000e+00  0.0000e+00     0.0000e+00  0.0000e+00     0.0000e+00  0.0000e+00 
1.0610e+03     0.0000e+00  0.0000e+00     0.0000e+00  0.0000e+00     0.0000e+00  0.0000e+00     0.0000e+00  0.0000e+00 
1.1905e+03     0.0000e+00  0.0000e+00     0.0000e+00  0.0000e+00     0.0000e+00  0.0000e+00     0.0000e+00  0.0000e+00 
1.3357e+03     0.0000e+00  0.0000e+00     0.0000e+00  0.0000e+00     0.0000e+00  0.0000e+00     0.0000e+00  0.0000e+00 
1.4987e+03     0.0000e+00  0.0000e+00     0.0000e+00  0.0000e+00     0.0000e+00  0.0000e+00     0.0000e+00  0.0000e+00 
1.6816e+03     0.0000e+00  0.0000e+00     0.0000e+00  0.0000e+00     0.0000e+00  0.0000e+00     0.0000e+00  0.0000e+00 
1.8868e+03     0.0000e+00  0.0000e+00     0.0000e+00  0.0000e+00     0.0000e+00  0.0000e+00     0.0000e+00  0.0000e+00 
2.1170e+03     0.0000e+00  0.0000e+00     0.0000e+00  0.0000e+00     0.0000e+00  0.0000e+00     0.0000e+00  0.0000e+00 
2.3753e+03     0.0000e+00  0.0000e+00     0.0000e+00  0.0000e+00     0.0000e+00  0.0000e+00     0.0000e+00  0.0000e+00 
2.6651e+03     0.0000e+00  0.0000e+00     0.0000e+00  0.0000e+00     0.0000e+00  0.0000e+00     0.0000e+00  0.0000e+00 
2.9903e+03     0.0000e+00  0.0000e+00     0.0000e+00  0.0000e+00     0.0000e+00  0.0000e+00     0.0000e+00  0.0000e+00 
3.3552e+03     0.0000e+00  0.0000e+00     0.0000e+00  0.0000e+00     0.0000e+00  0.0000e+00     0.0000e+00  0.0000e+00 
3.7646e+03     0.0000e+00  0.0000e+00     0.0000e+00  0.0000e+00     0.0000e+00  0.0000e+00     0.0000e+00  0.0000e+00 
4.2240e+03     0.0000e+00  0.0000e+00     0.0000e+00  0.0000e+00     0.0000e+00  0.0000e+00     0.0000e+00  0.0000e+00 
4.7394e+03     0.0000e+00  0.0000e+00     0.0000e+00  0.0000e+00     0.0000e+00  0.0000e+00     0.0000e+00  0.0000e+00 
5.3176e+03     0.0000e+00  0.0000e+00     0.0000e+00  0.0000e+00     0.0000e+00  0.0000e+00     0.0000e+00  0.0000e+00 
5.9665e+03     0.0000e+00  0.0000e+00     0.0000e+00  0.0000e+00     0.0000e+00  0.0000e+00     0.0000e+00  0.0000e+00 
6.6945e+03     0.0000e+00  0.0000e+00     0.0000e+00  0.0000e+00     0.0000e+00  0.0000e+00     0.0000e+00  0.0000e+00 
7.5114e+03     0.0000e+00  0.0000e+00     0.0000e+00  0.0000e+00     0.0000e+00  0.0000e+00     0.0000e+00  0.0000e+00 
8.4279e+03     0.0000e+00  0.0000e+00     0.0000e+00  0.0000e+00     0.0000e+00  0.0000e+00     0.0000e+00  0.0000e+00 
9.4563e+03     0.0000e+00  0.0000e+00     0.0000e+00  0.0000e+00     0.0000e+00  0.0000e+00     0.0000e+00  0.0000e+00 
