yF = 1.9167e+01 (std: 0.0000e+00) keV/um
yD = 4.1810e+01 (std: 0.0000e+00) keV/um
y (keV/um)     f(y)(std)                  yf(y)(std)                 d(y)(std)                  yd(y)(std)  
1.0610e-01     4.8899e+00  0.0000e+00     5.1883e-01  0.0000e+00     2.7068e-02  0.0000e+00     2.8720e-03  0.0000e+00 
1.1905e-01     5.5340e-01  0.0000e+00     6.5881e-02  0.0000e+00     3.4372e-03  0.0000e+00     4.0919e-04  0.0000e+00 
1.3357e-01     2.9057e-01  0.0000e+00     3.8813e-02  0.0000e+00     2.0250e-03  0.0000e+00     2.7048e-04  0.0000e+00 
1.4987e-01     7.3771e-01  0.0000e+00     1.1056e-01  0.0000e+00     5.7683e-03  0.0000e+00     8.6450e-04  0.0000e+00 
1.6816e-01     3.9011e-01  0.0000e+00     6.5601e-02  0.0000e+00     3.4226e-03  0.0000e+00     5.7553e-04  0.0000e+00 
1.8868e-01     3.2605e-01  0.0000e+00     6.1518e-02  0.0000e+00     3.2095e-03  0.0000e+00     6.0557e-04  0.0000e+00 
2.1170e-01     3.2722e-01  0.0000e+00     6.9273e-02  0.0000e+00     3.6141e-03  0.0000e+00     7.6511e-04  0.0000e+00 
2.3753e-01     3.2960e-01  0.0000e+00     7.8289e-02  0.0000e+00     4.0845e-03  0.0000e+00     9.7020e-04  0.0000e+00 
2.6651e-01     2.2690e-01  0.0000e+00     6.0471e-02  0.0000e+00     3.1549e-03  0.0000e+00     8.4083e-04  0.0000e+00 
2.9903e-01     1.9929e-01  0.0000e+00     5.9593e-02  0.0000e+00     3.1091e-03  0.0000e+00     9.2973e-04  0.0000e+00 
3.3552e-01     3.6773e-01  0.0000e+00     1.2338e-01  0.0000e+00     6.4371e-03  0.0000e+00     2.1598e-03  0.0000e+00 
3.7646e-01     3.3511e-01  0.0000e+00     1.2616e-01  0.0000e+00     6.5819e-03  0.0000e+00     2.4778e-03  0.0000e+00 
4.2240e-01     2.3755e-01  0.0000e+00     1.0034e-01  0.0000e+00     5.2350e-03  0.0000e+00     2.2112e-03  0.0000e+00 
4.7394e-01     2.4080e-01  0.0000e+00     1.1412e-01  0.0000e+00     5.9540e-03  0.0000e+00     2.8218e-03  0.0000e+00 
5.3176e-01     2.1812e-01  0.0000e+00     1.1599e-01  0.0000e+00     6.0515e-03  0.0000e+00     3.2180e-03  0.0000e+00 
5.9665e-01     1.6221e-01  0.0000e+00     9.6780e-02  0.0000e+00     5.0493e-03  0.0000e+00     3.0126e-03  0.0000e+00 
6.6945e-01     1.5173e-01  0.0000e+00     1.0157e-01  0.0000e+00     5.2993e-03  0.0000e+00     3.5476e-03  0.0000e+00 
7.5114e-01     1.4570e-01  0.0000e+00     1.0944e-01  0.0000e+00     5.7098e-03  0.0000e+00     4.2888e-03  0.0000e+00 
8.4279e-01     1.1394e-01  0.0000e+00     9.6023e-02  0.0000e+00     5.0098e-03  0.0000e+00     4.2222e-03  0.0000e+00 
9.4563e-01     9.0913e-02  0.0000e+00     8.5970e-02  0.0000e+00     4.4853e-03  0.0000e+00     4.2414e-03  0.0000e+00 
1.0610e+00     6.9402e-02  0.0000e+00     7.3636e-02  0.0000e+00     3.8418e-03  0.0000e+00     4.0762e-03  0.0000e+00 
1.1905e+00     5.3425e-02  0.0000e+00     6.3601e-02  0.0000e+00     3.3182e-03  0.0000e+00     3.9503e-03  0.0000e+00 
1.3357e+00     3.9221e-02  0.0000e+00     5.2389e-02  0.0000e+00     2.7333e-03  0.0000e+00     3.6509e-03  0.0000e+00 
1.4987e+00     2.5093e-02  0.0000e+00     3.7608e-02  0.0000e+00     1.9621e-03  0.0000e+00     2.9406e-03  0.0000e+00 
1.6816e+00     1.7052e-02  0.0000e+00     2.8675e-02  0.0000e+00     1.4961e-03  0.0000e+00     2.5158e-03  0.0000e+00 
1.8868e+00     1.0241e-02  0.0000e+00     1.9322e-02  0.0000e+00     1.0081e-03  0.0000e+00     1.9020e-03  0.0000e+00 
2.1170e+00     5.7288e-03  0.0000e+00     1.2128e-02  0.0000e+00     6.3274e-04  0.0000e+00     1.3395e-03  0.0000e+00 
2.3753e+00     2.9305e-03  0.0000e+00     6.9609e-03  0.0000e+00     3.6317e-04  0.0000e+00     8.6264e-04  0.0000e+00 
2.6651e+00     1.3007e-03  0.0000e+00     3.4664e-03  0.0000e+00     1.8085e-04  0.0000e+00     4.8200e-04  0.0000e+00 
2.9903e+00     5.0618e-04  0.0000e+00     1.5136e-03  0.0000e+00     7.8971e-05  0.0000e+00     2.3615e-04  0.0000e+00 
3.3552e+00     2.0329e-04  0.0000e+00     6.8208e-04  0.0000e+00     3.5586e-05  0.0000e+00     1.1940e-04  0.0000e+00 
3.7646e+00     7.6940e-05  0.0000e+00     2.8965e-04  0.0000e+00     1.5112e-05  0.0000e+00     5.6890e-05  0.0000e+00 
4.2240e+00     1.7696e-05  0.0000e+00     7.4748e-05  0.0000e+00     3.8998e-06  0.0000e+00     1.6473e-05  0.0000e+00 
4.7394e+00     3.9429e-06  0.0000e+00     1.8687e-05  0.0000e+00     9.7495e-07  0.0000e+00     4.6206e-06  0.0000e+00 
5.3176e+00     5.2712e-06  0.0000e+00     2.8031e-05  0.0000e+00     1.4624e-06  0.0000e+00     7.7766e-06  0.0000e+00 
5.9665e+00     2.9821e-02  0.0000e+00     1.7793e-01  0.0000e+00     9.2830e-03  0.0000e+00     5.5387e-02  0.0000e+00 
6.6945e+00     2.6252e-02  0.0000e+00     1.7574e-01  0.0000e+00     9.1689e-03  0.0000e+00     6.1381e-02  0.0000e+00 
7.5114e+00     9.3791e-03  0.0000e+00     7.0450e-02  0.0000e+00     3.6756e-03  0.0000e+00     2.7608e-02  0.0000e+00 
8.4279e+00     2.3768e-02  0.0000e+00     2.0032e-01  0.0000e+00     1.0451e-02  0.0000e+00     8.8080e-02  0.0000e+00 
9.4563e+00     3.0173e-02  0.0000e+00     2.8532e-01  0.0000e+00     1.4886e-02  0.0000e+00     1.4077e-01  0.0000e+00 
1.0610e+01     5.1616e-02  0.0000e+00     5.4765e-01  0.0000e+00     2.8572e-02  0.0000e+00     3.0316e-01  0.0000e+00 
1.1905e+01     3.1229e-02  0.0000e+00     3.7178e-01  0.0000e+00     1.9397e-02  0.0000e+00     2.3091e-01  0.0000e+00 
1.3357e+01     2.2402e-02  0.0000e+00     2.9923e-01  0.0000e+00     1.5611e-02  0.0000e+00     2.0853e-01  0.0000e+00 
1.4987e+01     1.7509e-02  0.0000e+00     2.6240e-01  0.0000e+00     1.3690e-02  0.0000e+00     2.0518e-01  0.0000e+00 
1.6816e+01     1.7823e-02  0.0000e+00     2.9970e-01  0.0000e+00     1.5636e-02  0.0000e+00     2.6294e-01  0.0000e+00 
1.8868e+01     1.5247e-02  0.0000e+00     2.8768e-01  0.0000e+00     1.5009e-02  0.0000e+00     2.8318e-01  0.0000e+00 
2.1170e+01     1.7530e-02  0.0000e+00     3.7111e-01  0.0000e+00     1.9362e-02  0.0000e+00     4.0988e-01  0.0000e+00 
2.3753e+01     1.5883e-02  0.0000e+00     3.7727e-01  0.0000e+00     1.9683e-02  0.0000e+00     4.6754e-01  0.0000e+00 
2.6651e+01     1.2432e-02  0.0000e+00     3.3132e-01  0.0000e+00     1.7286e-02  0.0000e+00     4.6069e-01  0.0000e+00 
2.9903e+01     1.0325e-02  0.0000e+00     3.0876e-01  0.0000e+00     1.6109e-02  0.0000e+00     4.8170e-01  0.0000e+00 
3.3552e+01     9.4059e-03  0.0000e+00     3.1559e-01  0.0000e+00     1.6465e-02  0.0000e+00     5.5243e-01  0.0000e+00 
3.7646e+01     7.6277e-03  0.0000e+00     2.8715e-01  0.0000e+00     1.4982e-02  0.0000e+00     5.6400e-01  0.0000e+00 
4.2240e+01     6.1306e-03  0.0000e+00     2.5896e-01  0.0000e+00     1.3510e-02  0.0000e+00     5.7067e-01  0.0000e+00 
4.7394e+01     4.9090e-03  0.0000e+00     2.3265e-01  0.0000e+00     1.2138e-02  0.0000e+00     5.7527e-01  0.0000e+00 
5.3176e+01     3.6078e-03  0.0000e+00     1.9185e-01  0.0000e+00     1.0009e-02  0.0000e+00     5.3226e-01  0.0000e+00 
5.9665e+01     2.6589e-03  0.0000e+00     1.5864e-01  0.0000e+00     8.2768e-03  0.0000e+00     4.9384e-01  0.0000e+00 
6.6945e+01     1.8775e-03  0.0000e+00     1.2569e-01  0.0000e+00     6.5575e-03  0.0000e+00     4.3899e-01  0.0000e+00 
7.5114e+01     1.2546e-03  0.0000e+00     9.4239e-02  0.0000e+00     4.9167e-03  0.0000e+00     3.6931e-01  0.0000e+00 
8.4279e+01     7.9467e-04  0.0000e+00     6.6974e-02  0.0000e+00     3.4942e-03  0.0000e+00     2.9449e-01  0.0000e+00 
9.4563e+01     4.6153e-04  0.0000e+00     4.3644e-02  0.0000e+00     2.2770e-03  0.0000e+00     2.1532e-01  0.0000e+00 
1.0610e+02     2.4552e-04  0.0000e+00     2.6050e-02  0.0000e+00     1.3591e-03  0.0000e+00     1.4420e-01  0.0000e+00 
1.1905e+02     1.2416e-04  0.0000e+00     1.4781e-02  0.0000e+00     7.7118e-04  0.0000e+00     9.1807e-02  0.0000e+00 
1.3357e+02     5.9528e-05  0.0000e+00     7.9513e-03  0.0000e+00     4.1484e-04  0.0000e+00     5.5412e-02  0.0000e+00 
1.4987e+02     2.4376e-05  0.0000e+00     3.6533e-03  0.0000e+00     1.9060e-04  0.0000e+00     2.8566e-02  0.0000e+00 
1.6816e+02     8.2234e-06  0.0000e+00     1.3828e-03  0.0000e+00     7.2146e-05  0.0000e+00     1.2132e-02  0.0000e+00 
1.8868e+02     2.4761e-06  0.0000e+00     4.6718e-04  0.0000e+00     2.4374e-05  0.0000e+00     4.5988e-03  0.0000e+00 
2.1170e+02     5.7377e-07  0.0000e+00     1.2147e-04  0.0000e+00     6.3372e-06  0.0000e+00     1.3416e-03  0.0000e+00 
2.3753e+02     1.5734e-07  0.0000e+00     3.7374e-05  0.0000e+00     1.9499e-06  0.0000e+00     4.6316e-04  0.0000e+00 
2.6651e+02     0.0000e+00  0.0000e+00     0.0000e+00  0.0000e+00     0.0000e+00  0.0000e+00     0.0000e+00  0.0000e+00 
2.9903e+02     0.0000e+00  0.0000e+00     0.0000e+00  0.0000e+00     0.0000e+00  0.0000e+00     0.0000e+00  0.0000e+00 
3.3552e+02     0.0000e+00  0.0000e+00     0.0000e+00  0.0000e+00     0.0000e+00  0.0000e+00     0.0000e+00  0.0000e+00 
3.7646e+02     0.0000e+00  0.0000e+00     0.0000e+00  0.0000e+00     0.0000e+00  0.0000e+00     0.0000e+00  0.0000e+00 
4.2240e+02     0.0000e+00  0.0000e+00     0.0000e+00  0.0000e+00     0.0000e+00  0.0000e+00     0.0000e+00  0.0000e+00 
4.7394e+02     0.0000e+00  0.0000e+00     0.0000e+00  0.0000e+00     0.0000e+00  0.0000e+00     0.0000e+00  0.0000e+00 
5.3176e+02     0.0000e+00  0.0000e+00     0.0000e+00  0.0000e+00     0.0000e+00  0.0000e+00     0.0000e+00  0.0000e+00 
5.9665e+02     0.0000e+00  0.0000e+00     0.0000e+00  0.0000e+00     0.0000e+00  0.0000e+00     0.0000e+00  0.0000e+00 
6.6945e+02     0.0000e+00  0.0000e+00     0.0000e+00  0.0000e+00     0.0000e+00  0.0000e+00     0.0000e+00  0.0000e+00 
7.5114e+02     0.0000e+00  0.0000e+00     0.0000e+00  0.0000e+00     0.0000e+00  0.0000e+00     0.0000e+00  0.0000e+00 
8.4279e+02     0.0000e+00  0.0000e+00     0.0000e+00  0.0000e+00     0.0000e+00  0.0000e+00     0.0000e+00  0.0000e+00 
9.4563e+02     0.0000e+00  0.0000e+00     0.0000e+00  0.0000e+00     0.0000e+00  0.0000e+00     0.0000e+00  0.0000e+00 
1.0610e+03     0.0000e+00  0.0000e+00     0.0000e+00  0.0000e+00     0.0000e+00  0.0000e+00     0.0000e+00  0.0000e+00 
1.1905e+03     0.0000e+00  0.0000e+00     0.0000e+00  0.0000e+00     0.0000e+00  0.0000e+00     0.0000e+00  0.0000e+00 
1.3357e+03     0.0000e+00  0.0000e+00     0.0000e+00  0.0000e+00     0.0000e+00  0.0000e+00     0.0000e+00  0.0000e+00 
1.4987e+03     0.0000e+00  0.0000e+00     0.0000e+00  0.0000e+00     0.0000e+00  0.0000e+00     0.0000e+00  0.0000e+00 
1.6816e+03     0.0000e+00  0.0000e+00     0.0000e+00  0.0000e+00     0.0000e+00  0.0000e+00     0.0000e+00  0.0000e+00 
1.8868e+03     0.0000e+00  0.0000e+00     0.0000e+00  0.0000e+00     0.0000e+00  0.0000e+00     0.0000e+00  0.0000e+00 
2.1170e+03     0.0000e+00  0.0000e+00     0.0000e+00  0.0000e+00     0.0000e+00  0.0000e+00     0.0000e+00  0.0000e+00 
2.3753e+03     0.0000e+00  0.0000e+00     0.0000e+00  0.0000e+00     0.0000e+00  0.0000e+00     0.0000e+00  0.0000e+00 
2.6651e+03     0.0000e+00  0.0000e+00     0.0000e+00  0.0000e+00     0.0000e+00  0.0000e+00     0.0000e+00  0.0000e+00 
2.9903e+03     0.0000e+00  0.0000e+00     0.0000e+00  0.0000e+00     0.0000e+00  0.0000e+00     0.0000e+00  0.0000e+00 
3.3552e+03     0.0000e+00  0.0000e+00     0.0000e+00  0.0000e+00     0.0000e+00  0.0000e+00     0.0000e+00  0.0000e+00 
3.7646e+03     0.0000e+00  0.0000e+00     0.0000e+00  0.0000e+00     0.0000e+00  0.0000e+00     0.0000e+00  0.0000e+00 
4.2240e+03     0.0000e+00  0.0000e+00     0.0000e+00  0.0000e+00     0.0000e+00  0.0000e+00     0.0000e+00  0.0000e+00 
4.7394e+03     0.0000e+00  0.0000e+00     0.0000e+00  0.0000e+00     0.0000e+00  0.0000e+00     0.0000e+00  0.0000e+00 
5.3176e+03     0.0000e+00  0.0000e+00     0.0000e+00  0.0000e+00     0.0000e+00  0.0000e+00     0.0000e+00  0.0000e+00 
5.9665e+03     0.0000e+00  0.0000e+00     0.0000e+00  0.0000e+00     0.0000e+00  0.0000e+00     0.0000e+00  0.0000e+00 
6.6945e+03     0.0000e+00  0.0000e+00     0.0000e+00  0.0000e+00     0.0000e+00  0.0000e+00     0.0000e+00  0.0000e+00 
7.5114e+03     0.0000e+00  0.0000e+00     0.0000e+00  0.0000e+00     0.0000e+00  0.0000e+00     0.0000e+00  0.0000e+00 
8.4279e+03     0.0000e+00  0.0000e+00     0.0000e+00  0.0000e+00     0.0000e+00  0.0000e+00     0.0000e+00  0.0000e+00 
9.4563e+03     0.0000e+00  0.0000e+00     0.0000e+00  0.0000e+00     0.0000e+00  0.0000e+00     0.0000e+00  0.0000e+00 
