yF = 2.3080e+01 (std: 0.0000e+00) keV/um
yD = 4.5165e+01 (std: 0.0000e+00) keV/um
y (keV/um)     f(y)(std)                  yf(y)(std)                 d(y)(std)                  yd(y)(std)  
1.0610e-01     3.5402e+00  0.0000e+00     3.7562e-01  0.0000e+00     1.6275e-02  0.0000e+00     1.7267e-03  0.0000e+00 
1.1905e-01     4.3257e-01  0.0000e+00     5.1496e-02  0.0000e+00     2.2312e-03  0.0000e+00     2.6562e-04  0.0000e+00 
1.3357e-01     2.3328e-01  0.0000e+00     3.1159e-02  0.0000e+00     1.3501e-03  0.0000e+00     1.8033e-04  0.0000e+00 
1.4987e-01     5.5043e-01  0.0000e+00     8.2493e-02  0.0000e+00     3.5742e-03  0.0000e+00     5.3568e-04  0.0000e+00 
1.6816e-01     2.9503e-01  0.0000e+00     4.9611e-02  0.0000e+00     2.1495e-03  0.0000e+00     3.6146e-04  0.0000e+00 
1.8868e-01     2.6122e-01  0.0000e+00     4.9287e-02  0.0000e+00     2.1355e-03  0.0000e+00     4.0291e-04  0.0000e+00 
2.1170e-01     2.6178e-01  0.0000e+00     5.5419e-02  0.0000e+00     2.4012e-03  0.0000e+00     5.0833e-04  0.0000e+00 
2.3753e-01     2.5822e-01  0.0000e+00     6.1336e-02  0.0000e+00     2.6575e-03  0.0000e+00     6.3124e-04  0.0000e+00 
2.6651e-01     1.7833e-01  0.0000e+00     4.7528e-02  0.0000e+00     2.0593e-03  0.0000e+00     5.4882e-04  0.0000e+00 
2.9903e-01     1.5191e-01  0.0000e+00     4.5427e-02  0.0000e+00     1.9682e-03  0.0000e+00     5.8857e-04  0.0000e+00 
3.3552e-01     2.7390e-01  0.0000e+00     9.1900e-02  0.0000e+00     3.9818e-03  0.0000e+00     1.3360e-03  0.0000e+00 
3.7646e-01     2.6021e-01  0.0000e+00     9.7960e-02  0.0000e+00     4.2444e-03  0.0000e+00     1.5978e-03  0.0000e+00 
4.2240e-01     1.9077e-01  0.0000e+00     8.0581e-02  0.0000e+00     3.4914e-03  0.0000e+00     1.4747e-03  0.0000e+00 
4.7394e-01     1.9355e-01  0.0000e+00     9.1728e-02  0.0000e+00     3.9744e-03  0.0000e+00     1.8836e-03  0.0000e+00 
5.3176e-01     1.7263e-01  0.0000e+00     9.1801e-02  0.0000e+00     3.9775e-03  0.0000e+00     2.1151e-03  0.0000e+00 
5.9665e-01     1.2903e-01  0.0000e+00     7.6983e-02  0.0000e+00     3.3355e-03  0.0000e+00     1.9901e-03  0.0000e+00 
6.6945e-01     1.1707e-01  0.0000e+00     7.8372e-02  0.0000e+00     3.3957e-03  0.0000e+00     2.2732e-03  0.0000e+00 
7.5114e-01     1.1858e-01  0.0000e+00     8.9068e-02  0.0000e+00     3.8591e-03  0.0000e+00     2.8987e-03  0.0000e+00 
8.4279e-01     8.9877e-02  0.0000e+00     7.5747e-02  0.0000e+00     3.2819e-03  0.0000e+00     2.7660e-03  0.0000e+00 
9.4563e-01     6.8792e-02  0.0000e+00     6.5051e-02  0.0000e+00     2.8185e-03  0.0000e+00     2.6653e-03  0.0000e+00 
1.0610e+00     5.3737e-02  0.0000e+00     5.7016e-02  0.0000e+00     2.4703e-03  0.0000e+00     2.6211e-03  0.0000e+00 
1.1905e+00     3.9469e-02  0.0000e+00     4.6987e-02  0.0000e+00     2.0358e-03  0.0000e+00     2.4236e-03  0.0000e+00 
1.3357e+00     2.7622e-02  0.0000e+00     3.6895e-02  0.0000e+00     1.5986e-03  0.0000e+00     2.1353e-03  0.0000e+00 
1.4987e+00     1.9064e-02  0.0000e+00     2.8571e-02  0.0000e+00     1.2379e-03  0.0000e+00     1.8553e-03  0.0000e+00 
1.6816e+00     1.1794e-02  0.0000e+00     1.9832e-02  0.0000e+00     8.5927e-04  0.0000e+00     1.4449e-03  0.0000e+00 
1.8868e+00     6.9166e-03  0.0000e+00     1.3050e-02  0.0000e+00     5.6542e-04  0.0000e+00     1.0668e-03  0.0000e+00 
2.1170e+00     3.5615e-03  0.0000e+00     7.5396e-03  0.0000e+00     3.2667e-04  0.0000e+00     6.9156e-04  0.0000e+00 
2.3753e+00     1.8149e-03  0.0000e+00     4.3109e-03  0.0000e+00     1.8678e-04  0.0000e+00     4.4366e-04  0.0000e+00 
2.6651e+00     8.5613e-04  0.0000e+00     2.2817e-03  0.0000e+00     9.8861e-05  0.0000e+00     2.6348e-04  0.0000e+00 
2.9903e+00     2.8651e-04  0.0000e+00     8.5677e-04  0.0000e+00     3.7122e-05  0.0000e+00     1.1101e-04  0.0000e+00 
3.3552e+00     1.2902e-04  0.0000e+00     4.3289e-04  0.0000e+00     1.8756e-05  0.0000e+00     6.2931e-05  0.0000e+00 
3.7646e+00     4.0726e-05  0.0000e+00     1.5332e-04  0.0000e+00     6.6428e-06  0.0000e+00     2.5008e-05  0.0000e+00 
4.2240e+00     6.4053e-06  0.0000e+00     2.7056e-05  0.0000e+00     1.1723e-06  0.0000e+00     4.9516e-06  0.0000e+00 
4.7394e+00     3.8058e-06  0.0000e+00     1.8037e-05  0.0000e+00     7.8151e-07  0.0000e+00     3.7038e-06  0.0000e+00 
5.3176e+00     0.0000e+00  0.0000e+00     0.0000e+00  0.0000e+00     0.0000e+00  0.0000e+00     0.0000e+00  0.0000e+00 
5.9665e+00     3.4094e-02  0.0000e+00     2.0342e-01  0.0000e+00     8.8139e-03  0.0000e+00     5.2588e-02  0.0000e+00 
6.6945e+00     2.7983e-02  0.0000e+00     1.8733e-01  0.0000e+00     8.1168e-03  0.0000e+00     5.4338e-02  0.0000e+00 
7.5114e+00     9.2799e-03  0.0000e+00     6.9705e-02  0.0000e+00     3.0201e-03  0.0000e+00     2.2685e-02  0.0000e+00 
8.4279e+00     2.7787e-02  0.0000e+00     2.3419e-01  0.0000e+00     1.0147e-02  0.0000e+00     8.5515e-02  0.0000e+00 
9.4563e+00     2.6235e-02  0.0000e+00     2.4808e-01  0.0000e+00     1.0749e-02  0.0000e+00     1.0164e-01  0.0000e+00 
1.0610e+01     3.3399e-02  0.0000e+00     3.5437e-01  0.0000e+00     1.5354e-02  0.0000e+00     1.6291e-01  0.0000e+00 
1.1905e+01     2.7905e-02  0.0000e+00     3.3220e-01  0.0000e+00     1.4393e-02  0.0000e+00     1.7135e-01  0.0000e+00 
1.3357e+01     2.4693e-02  0.0000e+00     3.2983e-01  0.0000e+00     1.4291e-02  0.0000e+00     1.9088e-01  0.0000e+00 
1.4987e+01     1.9526e-02  0.0000e+00     2.9265e-01  0.0000e+00     1.2680e-02  0.0000e+00     1.9003e-01  0.0000e+00 
1.6816e+01     1.7326e-02  0.0000e+00     2.9136e-01  0.0000e+00     1.2624e-02  0.0000e+00     2.1228e-01  0.0000e+00 
1.8868e+01     1.7466e-02  0.0000e+00     3.2954e-01  0.0000e+00     1.4278e-02  0.0000e+00     2.6940e-01  0.0000e+00 
2.1170e+01     1.7860e-02  0.0000e+00     3.7809e-01  0.0000e+00     1.6382e-02  0.0000e+00     3.4680e-01  0.0000e+00 
2.3753e+01     1.6861e-02  0.0000e+00     4.0051e-01  0.0000e+00     1.7353e-02  0.0000e+00     4.1219e-01  0.0000e+00 
2.6651e+01     1.4275e-02  0.0000e+00     3.8046e-01  0.0000e+00     1.6484e-02  0.0000e+00     4.3933e-01  0.0000e+00 
2.9903e+01     1.2373e-02  0.0000e+00     3.6998e-01  0.0000e+00     1.6030e-02  0.0000e+00     4.7936e-01  0.0000e+00 
3.3552e+01     1.1213e-02  0.0000e+00     3.7620e-01  0.0000e+00     1.6300e-02  0.0000e+00     5.4690e-01  0.0000e+00 
3.7646e+01     9.4585e-03  0.0000e+00     3.5607e-01  0.0000e+00     1.5428e-02  0.0000e+00     5.8079e-01  0.0000e+00 
4.2240e+01     7.7276e-03  0.0000e+00     3.2641e-01  0.0000e+00     1.4143e-02  0.0000e+00     5.9738e-01  0.0000e+00 
4.7394e+01     6.3428e-03  0.0000e+00     3.0061e-01  0.0000e+00     1.3025e-02  0.0000e+00     6.1728e-01  0.0000e+00 
5.3176e+01     4.9083e-03  0.0000e+00     2.6101e-01  0.0000e+00     1.1309e-02  0.0000e+00     6.0136e-01  0.0000e+00 
5.9665e+01     3.7184e-03  0.0000e+00     2.2186e-01  0.0000e+00     9.6126e-03  0.0000e+00     5.7353e-01  0.0000e+00 
6.6945e+01     2.6085e-03  0.0000e+00     1.7463e-01  0.0000e+00     7.5662e-03  0.0000e+00     5.0652e-01  0.0000e+00 
7.5114e+01     1.7902e-03  0.0000e+00     1.3447e-01  0.0000e+00     5.8261e-03  0.0000e+00     4.3762e-01  0.0000e+00 
8.4279e+01     1.1358e-03  0.0000e+00     9.5724e-02  0.0000e+00     4.1475e-03  0.0000e+00     3.4954e-01  0.0000e+00 
9.4563e+01     6.7619e-04  0.0000e+00     6.3942e-02  0.0000e+00     2.7704e-03  0.0000e+00     2.6198e-01  0.0000e+00 
1.0610e+02     3.5386e-04  0.0000e+00     3.7545e-02  0.0000e+00     1.6267e-03  0.0000e+00     1.7260e-01  0.0000e+00 
1.1905e+02     1.7962e-04  0.0000e+00     2.1383e-02  0.0000e+00     9.2648e-04  0.0000e+00     1.1029e-01  0.0000e+00 
1.3357e+02     7.7106e-05  0.0000e+00     1.0299e-02  0.0000e+00     4.4624e-04  0.0000e+00     5.9606e-02  0.0000e+00 
1.4987e+02     2.9366e-05  0.0000e+00     4.4011e-03  0.0000e+00     1.9069e-04  0.0000e+00     2.8579e-02  0.0000e+00 
1.6816e+02     1.1960e-05  0.0000e+00     2.0112e-03  0.0000e+00     8.7138e-05  0.0000e+00     1.4653e-02  0.0000e+00 
1.8868e+02     2.6290e-06  0.0000e+00     4.9602e-04  0.0000e+00     2.1491e-05  0.0000e+00     4.0550e-03  0.0000e+00 
2.1170e+02     7.2422e-07  0.0000e+00     1.5332e-04  0.0000e+00     6.6428e-06  0.0000e+00     1.4063e-03  0.0000e+00 
2.3753e+02     7.5937e-08  0.0000e+00     1.8037e-05  0.0000e+00     7.8151e-07  0.0000e+00     1.8563e-04  0.0000e+00 
2.6651e+02     0.0000e+00  0.0000e+00     0.0000e+00  0.0000e+00     0.0000e+00  0.0000e+00     0.0000e+00  0.0000e+00 
2.9903e+02     0.0000e+00  0.0000e+00     0.0000e+00  0.0000e+00     0.0000e+00  0.0000e+00     0.0000e+00  0.0000e+00 
3.3552e+02     0.0000e+00  0.0000e+00     0.0000e+00  0.0000e+00     0.0000e+00  0.0000e+00     0.0000e+00  0.0000e+00 
3.7646e+02     0.0000e+00  0.0000e+00     0.0000e+00  0.0000e+00     0.0000e+00  0.0000e+00     0.0000e+00  0.0000e+00 
4.2240e+02     0.0000e+00  0.0000e+00     0.0000e+00  0.0000e+00     0.0000e+00  0.0000e+00     0.0000e+00  0.0000e+00 
4.7394e+02     0.0000e+00  0.0000e+00     0.0000e+00  0.0000e+00     0.0000e+00  0.0000e+00     0.0000e+00  0.0000e+00 
5.3176e+02     0.0000e+00  0.0000e+00     0.0000e+00  0.0000e+00     0.0000e+00  0.0000e+00     0.0000e+00  0.0000e+00 
5.9665e+02     0.0000e+00  0.0000e+00     0.0000e+00  0.0000e+00     0.0000e+00  0.0000e+00     0.0000e+00  0.0000e+00 
6.6945e+02     0.0000e+00  0.0000e+00     0.0000e+00  0.0000e+00     0.0000e+00  0.0000e+00     0.0000e+00  0.0000e+00 
7.5114e+02     0.0000e+00  0.0000e+00     0.0000e+00  0.0000e+00     0.0000e+00  0.0000e+00     0.0000e+00  0.0000e+00 
8.4279e+02     0.0000e+00  0.0000e+00     0.0000e+00  0.0000e+00     0.0000e+00  0.0000e+00     0.0000e+00  0.0000e+00 
9.4563e+02     0.0000e+00  0.0000e+00     0.0000e+00  0.0000e+00     0.0000e+00  0.0000e+00     0.0000e+00  0.0000e+00 
1.0610e+03     0.0000e+00  0.0000e+00     0.0000e+00  0.0000e+00     0.0000e+00  0.0000e+00     0.0000e+00  0.0000e+00 
1.1905e+03     0.0000e+00  0.0000e+00     0.0000e+00  0.0000e+00     0.0000e+00  0.0000e+00     0.0000e+00  0.0000e+00 
1.3357e+03     0.0000e+00  0.0000e+00     0.0000e+00  0.0000e+00     0.0000e+00  0.0000e+00     0.0000e+00  0.0000e+00 
1.4987e+03     0.0000e+00  0.0000e+00     0.0000e+00  0.0000e+00     0.0000e+00  0.0000e+00     0.0000e+00  0.0000e+00 
1.6816e+03     0.0000e+00  0.0000e+00     0.0000e+00  0.0000e+00     0.0000e+00  0.0000e+00     0.0000e+00  0.0000e+00 
1.8868e+03     0.0000e+00  0.0000e+00     0.0000e+00  0.0000e+00     0.0000e+00  0.0000e+00     0.0000e+00  0.0000e+00 
2.1170e+03     0.0000e+00  0.0000e+00     0.0000e+00  0.0000e+00     0.0000e+00  0.0000e+00     0.0000e+00  0.0000e+00 
2.3753e+03     0.0000e+00  0.0000e+00     0.0000e+00  0.0000e+00     0.0000e+00  0.0000e+00     0.0000e+00  0.0000e+00 
2.6651e+03     0.0000e+00  0.0000e+00     0.0000e+00  0.0000e+00     0.0000e+00  0.0000e+00     0.0000e+00  0.0000e+00 
2.9903e+03     0.0000e+00  0.0000e+00     0.0000e+00  0.0000e+00     0.0000e+00  0.0000e+00     0.0000e+00  0.0000e+00 
3.3552e+03     0.0000e+00  0.0000e+00     0.0000e+00  0.0000e+00     0.0000e+00  0.0000e+00     0.0000e+00  0.0000e+00 
3.7646e+03     0.0000e+00  0.0000e+00     0.0000e+00  0.0000e+00     0.0000e+00  0.0000e+00     0.0000e+00  0.0000e+00 
4.2240e+03     0.0000e+00  0.0000e+00     0.0000e+00  0.0000e+00     0.0000e+00  0.0000e+00     0.0000e+00  0.0000e+00 
4.7394e+03     0.0000e+00  0.0000e+00     0.0000e+00  0.0000e+00     0.0000e+00  0.0000e+00     0.0000e+00  0.0000e+00 
5.3176e+03     0.0000e+00  0.0000e+00     0.0000e+00  0.0000e+00     0.0000e+00  0.0000e+00     0.0000e+00  0.0000e+00 
5.9665e+03     0.0000e+00  0.0000e+00     0.0000e+00  0.0000e+00     0.0000e+00  0.0000e+00     0.0000e+00  0.0000e+00 
6.6945e+03     0.0000e+00  0.0000e+00     0.0000e+00  0.0000e+00     0.0000e+00  0.0000e+00     0.0000e+00  0.0000e+00 
7.5114e+03     0.0000e+00  0.0000e+00     0.0000e+00  0.0000e+00     0.0000e+00  0.0000e+00     0.0000e+00  0.0000e+00 
8.4279e+03     0.0000e+00  0.0000e+00     0.0000e+00  0.0000e+00     0.0000e+00  0.0000e+00     0.0000e+00  0.0000e+00 
9.4563e+03     0.0000e+00  0.0000e+00     0.0000e+00  0.0000e+00     0.0000e+00  0.0000e+00     0.0000e+00  0.0000e+00 
