yF = 5.4478e+00 (std: 0.0000e+00) keV/um
yD = 2.2619e+01 (std: 0.0000e+00) keV/um
y (keV/um)     f(y)(std)                  yf(y)(std)                 d(y)(std)                  yd(y)(std)  
1.0610e-01     1.9130e+01  0.0000e+00     2.0297e+00  0.0000e+00     3.7257e-01  0.0000e+00     3.9530e-02  0.0000e+00 
1.1905e-01     1.6920e+00  0.0000e+00     2.0142e-01  0.0000e+00     3.6973e-02  0.0000e+00     4.4016e-03  0.0000e+00 
1.3357e-01     6.1417e-01  0.0000e+00     8.2036e-02  0.0000e+00     1.5059e-02  0.0000e+00     2.0114e-03  0.0000e+00 
1.4987e-01     2.3800e+00  0.0000e+00     3.5669e-01  0.0000e+00     6.5474e-02  0.0000e+00     9.8127e-03  0.0000e+00 
1.6816e-01     8.9732e-01  0.0000e+00     1.5089e-01  0.0000e+00     2.7698e-02  0.0000e+00     4.6576e-03  0.0000e+00 
1.8868e-01     6.6726e-01  0.0000e+00     1.2590e-01  0.0000e+00     2.3109e-02  0.0000e+00     4.3602e-03  0.0000e+00 
2.1170e-01     6.9126e-01  0.0000e+00     1.4634e-01  0.0000e+00     2.6862e-02  0.0000e+00     5.6866e-03  0.0000e+00 
2.3753e-01     6.4756e-01  0.0000e+00     1.5382e-01  0.0000e+00     2.8234e-02  0.0000e+00     6.7065e-03  0.0000e+00 
2.6651e-01     3.4253e-01  0.0000e+00     9.1289e-02  0.0000e+00     1.6757e-02  0.0000e+00     4.4659e-03  0.0000e+00 
2.9903e-01     3.0474e-01  0.0000e+00     9.1127e-02  0.0000e+00     1.6727e-02  0.0000e+00     5.0020e-03  0.0000e+00 
3.3552e-01     1.1066e+00  0.0000e+00     3.7129e-01  0.0000e+00     6.8153e-02  0.0000e+00     2.2867e-02  0.0000e+00 
3.7646e-01     8.4794e-01  0.0000e+00     3.1922e-01  0.0000e+00     5.8595e-02  0.0000e+00     2.2059e-02  0.0000e+00 
4.2240e-01     4.4944e-01  0.0000e+00     1.8984e-01  0.0000e+00     3.4847e-02  0.0000e+00     1.4719e-02  0.0000e+00 
4.7394e-01     4.5338e-01  0.0000e+00     2.1487e-01  0.0000e+00     3.9442e-02  0.0000e+00     1.8693e-02  0.0000e+00 
5.3176e-01     3.2982e-01  0.0000e+00     1.7539e-01  0.0000e+00     3.2194e-02  0.0000e+00     1.7120e-02  0.0000e+00 
5.9665e-01     2.0253e-01  0.0000e+00     1.2084e-01  0.0000e+00     2.2181e-02  0.0000e+00     1.3234e-02  0.0000e+00 
6.6945e-01     2.3207e-01  0.0000e+00     1.5536e-01  0.0000e+00     2.8517e-02  0.0000e+00     1.9091e-02  0.0000e+00 
7.5114e-01     2.2278e-01  0.0000e+00     1.6734e-01  0.0000e+00     3.0716e-02  0.0000e+00     2.3072e-02  0.0000e+00 
8.4279e-01     1.3147e-01  0.0000e+00     1.1080e-01  0.0000e+00     2.0338e-02  0.0000e+00     1.7141e-02  0.0000e+00 
9.4563e-01     8.7493e-02  0.0000e+00     8.2736e-02  0.0000e+00     1.5187e-02  0.0000e+00     1.4361e-02  0.0000e+00 
1.0610e+00     6.8176e-02  0.0000e+00     7.2335e-02  0.0000e+00     1.3278e-02  0.0000e+00     1.4088e-02  0.0000e+00 
1.1905e+00     4.2807e-02  0.0000e+00     5.0961e-02  0.0000e+00     9.3544e-03  0.0000e+00     1.1136e-02  0.0000e+00 
1.3357e+00     2.4057e-02  0.0000e+00     3.2133e-02  0.0000e+00     5.8983e-03  0.0000e+00     7.8786e-03  0.0000e+00 
1.4987e+00     1.5279e-02  0.0000e+00     2.2898e-02  0.0000e+00     4.2032e-03  0.0000e+00     6.2994e-03  0.0000e+00 
1.6816e+00     7.6883e-03  0.0000e+00     1.2929e-02  0.0000e+00     2.3732e-03  0.0000e+00     3.9907e-03  0.0000e+00 
1.8868e+00     3.7350e-03  0.0000e+00     7.0470e-03  0.0000e+00     1.2936e-03  0.0000e+00     2.4406e-03  0.0000e+00 
2.1170e+00     1.9905e-03  0.0000e+00     4.2139e-03  0.0000e+00     7.7350e-04  0.0000e+00     1.6375e-03  0.0000e+00 
2.3753e+00     5.5863e-04  0.0000e+00     1.3269e-03  0.0000e+00     2.4357e-04  0.0000e+00     5.7855e-04  0.0000e+00 
2.6651e+00     2.8258e-04  0.0000e+00     7.5312e-04  0.0000e+00     1.3824e-04  0.0000e+00     3.6843e-04  0.0000e+00 
2.9903e+00     5.9965e-05  0.0000e+00     1.7931e-04  0.0000e+00     3.2915e-05  0.0000e+00     9.8426e-05  0.0000e+00 
3.3552e+00     1.0689e-05  0.0000e+00     3.5863e-05  0.0000e+00     6.5830e-06  0.0000e+00     2.2087e-05  0.0000e+00 
3.7646e+00     4.7632e-06  0.0000e+00     1.7931e-05  0.0000e+00     3.2915e-06  0.0000e+00     1.2391e-05  0.0000e+00 
4.2240e+00     0.0000e+00  0.0000e+00     0.0000e+00  0.0000e+00     0.0000e+00  0.0000e+00     0.0000e+00  0.0000e+00 
4.7394e+00     0.0000e+00  0.0000e+00     0.0000e+00  0.0000e+00     0.0000e+00  0.0000e+00     0.0000e+00  0.0000e+00 
5.3176e+00     0.0000e+00  0.0000e+00     0.0000e+00  0.0000e+00     0.0000e+00  0.0000e+00     0.0000e+00  0.0000e+00 
5.9665e+00     1.1009e-01  0.0000e+00     6.5685e-01  0.0000e+00     1.2057e-01  0.0000e+00     7.1938e-01  0.0000e+00 
6.6945e+00     3.6535e-02  0.0000e+00     2.4458e-01  0.0000e+00     4.4896e-02  0.0000e+00     3.0056e-01  0.0000e+00 
7.5114e+00     8.9521e-03  0.0000e+00     6.7243e-02  0.0000e+00     1.2343e-02  0.0000e+00     9.2713e-02  0.0000e+00 
8.4279e+00     2.4383e-02  0.0000e+00     2.0549e-01  0.0000e+00     3.7720e-02  0.0000e+00     3.1790e-01  0.0000e+00 
9.4563e+00     2.0942e-02  0.0000e+00     1.9803e-01  0.0000e+00     3.6351e-02  0.0000e+00     3.4375e-01  0.0000e+00 
1.0610e+01     2.7272e-02  0.0000e+00     2.8936e-01  0.0000e+00     5.3115e-02  0.0000e+00     5.6355e-01  0.0000e+00 
1.1905e+01     2.2339e-02  0.0000e+00     2.6594e-01  0.0000e+00     4.8816e-02  0.0000e+00     5.8114e-01  0.0000e+00 
1.3357e+01     1.6104e-02  0.0000e+00     2.1511e-01  0.0000e+00     3.9485e-02  0.0000e+00     5.2741e-01  0.0000e+00 
1.4987e+01     1.0757e-02  0.0000e+00     1.6122e-01  0.0000e+00     2.9594e-02  0.0000e+00     4.4353e-01  0.0000e+00 
1.6816e+01     7.5465e-03  0.0000e+00     1.2690e-01  0.0000e+00     2.3294e-02  0.0000e+00     3.9171e-01  0.0000e+00 
1.8868e+01     5.9636e-03  0.0000e+00     1.1252e-01  0.0000e+00     2.0654e-02  0.0000e+00     3.8969e-01  0.0000e+00 
2.1170e+01     5.1380e-03  0.0000e+00     1.0877e-01  0.0000e+00     1.9966e-02  0.0000e+00     4.2268e-01  0.0000e+00 
2.3753e+01     4.4774e-03  0.0000e+00     1.0635e-01  0.0000e+00     1.9522e-02  0.0000e+00     4.6370e-01  0.0000e+00 
2.6651e+01     3.1219e-03  0.0000e+00     8.3202e-02  0.0000e+00     1.5272e-02  0.0000e+00     4.0703e-01  0.0000e+00 
2.9903e+01     2.2241e-03  0.0000e+00     6.6508e-02  0.0000e+00     1.2208e-02  0.0000e+00     3.6506e-01  0.0000e+00 
3.3552e+01     1.8272e-03  0.0000e+00     6.1308e-02  0.0000e+00     1.1254e-02  0.0000e+00     3.7758e-01  0.0000e+00 
3.7646e+01     1.3418e-03  0.0000e+00     5.0513e-02  0.0000e+00     9.2721e-03  0.0000e+00     3.4906e-01  0.0000e+00 
4.2240e+01     8.9955e-04  0.0000e+00     3.7997e-02  0.0000e+00     6.9747e-03  0.0000e+00     2.9461e-01  0.0000e+00 
4.7394e+01     6.7195e-04  0.0000e+00     3.1846e-02  0.0000e+00     5.8457e-03  0.0000e+00     2.7705e-01  0.0000e+00 
5.3176e+01     4.3837e-04  0.0000e+00     2.3311e-02  0.0000e+00     4.2789e-03  0.0000e+00     2.2754e-01  0.0000e+00 
5.9665e+01     2.8190e-04  0.0000e+00     1.6820e-02  0.0000e+00     3.0874e-03  0.0000e+00     1.8421e-01  0.0000e+00 
6.6945e+01     1.5830e-04  0.0000e+00     1.0597e-02  0.0000e+00     1.9453e-03  0.0000e+00     1.3023e-01  0.0000e+00 
7.5114e+01     8.0927e-05  0.0000e+00     6.0788e-03  0.0000e+00     1.1158e-03  0.0000e+00     8.3813e-02  0.0000e+00 
8.4279e+01     4.5531e-05  0.0000e+00     3.8373e-03  0.0000e+00     7.0438e-04  0.0000e+00     5.9364e-02  0.0000e+00 
9.4563e+01     1.8014e-05  0.0000e+00     1.7035e-03  0.0000e+00     3.1269e-04  0.0000e+00     2.9569e-02  0.0000e+00 
1.0610e+02     8.9572e-06  0.0000e+00     9.5037e-04  0.0000e+00     1.7445e-04  0.0000e+00     1.8509e-02  0.0000e+00 
1.1905e+02     4.9706e-06  0.0000e+00     5.9174e-04  0.0000e+00     1.0862e-04  0.0000e+00     1.2931e-02  0.0000e+00 
1.3357e+02     8.0547e-07  0.0000e+00     1.0759e-04  0.0000e+00     1.9749e-05  0.0000e+00     2.6379e-03  0.0000e+00 
1.4987e+02     1.1965e-07  0.0000e+00     1.7931e-05  0.0000e+00     3.2915e-06  0.0000e+00     4.9330e-04  0.0000e+00 
1.6816e+02     1.0663e-07  0.0000e+00     1.7931e-05  0.0000e+00     3.2915e-06  0.0000e+00     5.5349e-04  0.0000e+00 
1.8868e+02     0.0000e+00  0.0000e+00     0.0000e+00  0.0000e+00     0.0000e+00  0.0000e+00     0.0000e+00  0.0000e+00 
2.1170e+02     0.0000e+00  0.0000e+00     0.0000e+00  0.0000e+00     0.0000e+00  0.0000e+00     0.0000e+00  0.0000e+00 
2.3753e+02     0.0000e+00  0.0000e+00     0.0000e+00  0.0000e+00     0.0000e+00  0.0000e+00     0.0000e+00  0.0000e+00 
2.6651e+02     0.0000e+00  0.0000e+00     0.0000e+00  0.0000e+00     0.0000e+00  0.0000e+00     0.0000e+00  0.0000e+00 
2.9903e+02     0.0000e+00  0.0000e+00     0.0000e+00  0.0000e+00     0.0000e+00  0.0000e+00     0.0000e+00  0.0000e+00 
3.3552e+02     0.0000e+00  0.0000e+00     0.0000e+00  0.0000e+00     0.0000e+00  0.0000e+00     0.0000e+00  0.0000e+00 
3.7646e+02     0.0000e+00  0.0000e+00     0.0000e+00  0.0000e+00     0.0000e+00  0.0000e+00     0.0000e+00  0.0000e+00 
4.2240e+02     0.0000e+00  0.0000e+00     0.0000e+00  0.0000e+00     0.0000e+00  0.0000e+00     0.0000e+00  0.0000e+00 
4.7394e+02     0.0000e+00  0.0000e+00     0.0000e+00  0.0000e+00     0.0000e+00  0.0000e+00     0.0000e+00  0.0000e+00 
5.3176e+02     0.0000e+00  0.0000e+00     0.0000e+00  0.0000e+00     0.0000e+00  0.0000e+00     0.0000e+00  0.0000e+00 
5.9665e+02     0.0000e+00  0.0000e+00     0.0000e+00  0.0000e+00     0.0000e+00  0.0000e+00     0.0000e+00  0.0000e+00 
6.6945e+02     0.0000e+00  0.0000e+00     0.0000e+00  0.0000e+00     0.0000e+00  0.0000e+00     0.0000e+00  0.0000e+00 
7.5114e+02     0.0000e+00  0.0000e+00     0.0000e+00  0.0000e+00     0.0000e+00  0.0000e+00     0.0000e+00  0.0000e+00 
8.4279e+02     0.0000e+00  0.0000e+00     0.0000e+00  0.0000e+00     0.0000e+00  0.0000e+00     0.0000e+00  0.0000e+00 
9.4563e+02     0.0000e+00  0.0000e+00     0.0000e+00  0.0000e+00     0.0000e+00  0.0000e+00     0.0000e+00  0.0000e+00 
1.0610e+03     0.0000e+00  0.0000e+00     0.0000e+00  0.0000e+00     0.0000e+00  0.0000e+00     0.0000e+00  0.0000e+00 
1.1905e+03     0.0000e+00  0.0000e+00     0.0000e+00  0.0000e+00     0.0000e+00  0.0000e+00     0.0000e+00  0.0000e+00 
1.3357e+03     0.0000e+00  0.0000e+00     0.0000e+00  0.0000e+00     0.0000e+00  0.0000e+00     0.0000e+00  0.0000e+00 
1.4987e+03     0.0000e+00  0.0000e+00     0.0000e+00  0.0000e+00     0.0000e+00  0.0000e+00     0.0000e+00  0.0000e+00 
1.6816e+03     0.0000e+00  0.0000e+00     0.0000e+00  0.0000e+00     0.0000e+00  0.0000e+00     0.0000e+00  0.0000e+00 
1.8868e+03     0.0000e+00  0.0000e+00     0.0000e+00  0.0000e+00     0.0000e+00  0.0000e+00     0.0000e+00  0.0000e+00 
2.1170e+03     0.0000e+00  0.0000e+00     0.0000e+00  0.0000e+00     0.0000e+00  0.0000e+00     0.0000e+00  0.0000e+00 
2.3753e+03     0.0000e+00  0.0000e+00     0.0000e+00  0.0000e+00     0.0000e+00  0.0000e+00     0.0000e+00  0.0000e+00 
2.6651e+03     0.0000e+00  0.0000e+00     0.0000e+00  0.0000e+00     0.0000e+00  0.0000e+00     0.0000e+00  0.0000e+00 
2.9903e+03     0.0000e+00  0.0000e+00     0.0000e+00  0.0000e+00     0.0000e+00  0.0000e+00     0.0000e+00  0.0000e+00 
3.3552e+03     0.0000e+00  0.0000e+00     0.0000e+00  0.0000e+00     0.0000e+00  0.0000e+00     0.0000e+00  0.0000e+00 
3.7646e+03     0.0000e+00  0.0000e+00     0.0000e+00  0.0000e+00     0.0000e+00  0.0000e+00     0.0000e+00  0.0000e+00 
4.2240e+03     0.0000e+00  0.0000e+00     0.0000e+00  0.0000e+00     0.0000e+00  0.0000e+00     0.0000e+00  0.0000e+00 
4.7394e+03     0.0000e+00  0.0000e+00     0.0000e+00  0.0000e+00     0.0000e+00  0.0000e+00     0.0000e+00  0.0000e+00 
5.3176e+03     0.0000e+00  0.0000e+00     0.0000e+00  0.0000e+00     0.0000e+00  0.0000e+00     0.0000e+00  0.0000e+00 
5.9665e+03     0.0000e+00  0.0000e+00     0.0000e+00  0.0000e+00     0.0000e+00  0.0000e+00     0.0000e+00  0.0000e+00 
6.6945e+03     0.0000e+00  0.0000e+00     0.0000e+00  0.0000e+00     0.0000e+00  0.0000e+00     0.0000e+00  0.0000e+00 
7.5114e+03     0.0000e+00  0.0000e+00     0.0000e+00  0.0000e+00     0.0000e+00  0.0000e+00     0.0000e+00  0.0000e+00 
8.4279e+03     0.0000e+00  0.0000e+00     0.0000e+00  0.0000e+00     0.0000e+00  0.0000e+00     0.0000e+00  0.0000e+00 
9.4563e+03     0.0000e+00  0.0000e+00     0.0000e+00  0.0000e+00     0.0000e+00  0.0000e+00     0.0000e+00  0.0000e+00 
