yF = 4.9979e+00 (std: 0.0000e+00) keV/um
yD = 2.3641e+01 (std: 0.0000e+00) keV/um
y (keV/um)     f(y)(std)                  yf(y)(std)                 d(y)(std)                  yd(y)(std)  
1.0610e-01     2.5125e+01  0.0000e+00     2.6657e+00  0.0000e+00     5.3338e-01  0.0000e+00     5.6592e-02  0.0000e+00 
1.1905e-01     1.9741e+00  0.0000e+00     2.3501e-01  0.0000e+00     4.7023e-02  0.0000e+00     5.5979e-03  0.0000e+00 
1.3357e-01     5.3214e-01  0.0000e+00     7.1080e-02  0.0000e+00     1.4222e-02  0.0000e+00     1.8997e-03  0.0000e+00 
1.4987e-01     2.8573e+00  0.0000e+00     4.2823e-01  0.0000e+00     8.5683e-02  0.0000e+00     1.2841e-02  0.0000e+00 
1.6816e-01     8.3646e-01  0.0000e+00     1.4066e-01  0.0000e+00     2.8144e-02  0.0000e+00     4.7326e-03  0.0000e+00 
1.8868e-01     5.5713e-01  0.0000e+00     1.0512e-01  0.0000e+00     2.1033e-02  0.0000e+00     3.9684e-03  0.0000e+00 
2.1170e-01     6.3841e-01  0.0000e+00     1.3515e-01  0.0000e+00     2.7042e-02  0.0000e+00     5.7247e-03  0.0000e+00 
2.3753e-01     5.5002e-01  0.0000e+00     1.3065e-01  0.0000e+00     2.6140e-02  0.0000e+00     6.2092e-03  0.0000e+00 
2.6651e-01     2.4135e-01  0.0000e+00     6.4322e-02  0.0000e+00     1.2870e-02  0.0000e+00     3.4300e-03  0.0000e+00 
2.9903e-01     2.2514e-01  0.0000e+00     6.7325e-02  0.0000e+00     1.3471e-02  0.0000e+00     4.0282e-03  0.0000e+00 
3.3552e-01     1.3270e+00  0.0000e+00     4.4525e-01  0.0000e+00     8.9088e-02  0.0000e+00     2.9891e-02  0.0000e+00 
3.7646e-01     8.5031e-01  0.0000e+00     3.2011e-01  0.0000e+00     6.4049e-02  0.0000e+00     2.4112e-02  0.0000e+00 
4.2240e-01     4.0944e-01  0.0000e+00     1.7294e-01  0.0000e+00     3.4604e-02  0.0000e+00     1.4616e-02  0.0000e+00 
4.7394e-01     3.5804e-01  0.0000e+00     1.6969e-01  0.0000e+00     3.3953e-02  0.0000e+00     1.6091e-02  0.0000e+00 
5.3176e-01     2.4098e-01  0.0000e+00     1.2814e-01  0.0000e+00     2.5640e-02  0.0000e+00     1.3634e-02  0.0000e+00 
5.9665e-01     1.1158e-01  0.0000e+00     6.6575e-02  0.0000e+00     1.3321e-02  0.0000e+00     7.9477e-03  0.0000e+00 
6.6945e-01     1.8805e-01  0.0000e+00     1.2589e-01  0.0000e+00     2.5189e-02  0.0000e+00     1.6863e-02  0.0000e+00 
7.5114e-01     1.8593e-01  0.0000e+00     1.3966e-01  0.0000e+00     2.7943e-02  0.0000e+00     2.0989e-02  0.0000e+00 
8.4279e-01     8.2557e-02  0.0000e+00     6.9578e-02  0.0000e+00     1.3922e-02  0.0000e+00     1.1733e-02  0.0000e+00 
9.4563e-01     5.4258e-02  0.0000e+00     5.1307e-02  0.0000e+00     1.0266e-02  0.0000e+00     9.7077e-03  0.0000e+00 
1.0610e+00     3.9629e-02  0.0000e+00     4.2047e-02  0.0000e+00     8.4130e-03  0.0000e+00     8.9263e-03  0.0000e+00 
1.1905e+00     2.2916e-02  0.0000e+00     2.7281e-02  0.0000e+00     5.4585e-03  0.0000e+00     6.4981e-03  0.0000e+00 
1.3357e+00     1.1617e-02  0.0000e+00     1.5517e-02  0.0000e+00     3.1048e-03  0.0000e+00     4.1472e-03  0.0000e+00 
1.4987e+00     5.5109e-03  0.0000e+00     8.2592e-03  0.0000e+00     1.6526e-03  0.0000e+00     2.4767e-03  0.0000e+00 
1.6816e+00     3.2744e-03  0.0000e+00     5.5062e-03  0.0000e+00     1.1017e-03  0.0000e+00     1.8526e-03  0.0000e+00 
1.8868e+00     1.4591e-03  0.0000e+00     2.7531e-03  0.0000e+00     5.5085e-04  0.0000e+00     1.0393e-03  0.0000e+00 
2.1170e+00     4.7290e-04  0.0000e+00     1.0011e-03  0.0000e+00     2.0031e-04  0.0000e+00     4.2406e-04  0.0000e+00 
2.3753e+00     0.0000e+00  0.0000e+00     0.0000e+00  0.0000e+00     0.0000e+00  0.0000e+00     0.0000e+00  0.0000e+00 
2.6651e+00     9.3909e-05  0.0000e+00     2.5028e-04  0.0000e+00     5.0078e-05  0.0000e+00     1.3346e-04  0.0000e+00 
2.9903e+00     0.0000e+00  0.0000e+00     0.0000e+00  0.0000e+00     0.0000e+00  0.0000e+00     0.0000e+00  0.0000e+00 
3.3552e+00     0.0000e+00  0.0000e+00     0.0000e+00  0.0000e+00     0.0000e+00  0.0000e+00     0.0000e+00  0.0000e+00 
3.7646e+00     0.0000e+00  0.0000e+00     0.0000e+00  0.0000e+00     0.0000e+00  0.0000e+00     0.0000e+00  0.0000e+00 
4.2240e+00     0.0000e+00  0.0000e+00     0.0000e+00  0.0000e+00     0.0000e+00  0.0000e+00     0.0000e+00  0.0000e+00 
4.7394e+00     0.0000e+00  0.0000e+00     0.0000e+00  0.0000e+00     0.0000e+00  0.0000e+00     0.0000e+00  0.0000e+00 
5.3176e+00     0.0000e+00  0.0000e+00     0.0000e+00  0.0000e+00     0.0000e+00  0.0000e+00     0.0000e+00  0.0000e+00 
5.9665e+00     1.0156e-01  0.0000e+00     6.0593e-01  0.0000e+00     1.2124e-01  0.0000e+00     7.2336e-01  0.0000e+00 
6.6945e+00     2.1048e-02  0.0000e+00     1.4091e-01  0.0000e+00     2.8194e-02  0.0000e+00     1.8874e-01  0.0000e+00 
7.5114e+00     5.9976e-03  0.0000e+00     4.5050e-02  0.0000e+00     9.0140e-03  0.0000e+00     6.7707e-02  0.0000e+00 
8.4279e+00     2.6549e-02  0.0000e+00     2.2375e-01  0.0000e+00     4.4769e-02  0.0000e+00     3.7731e-01  0.0000e+00 
9.4563e+00     1.7362e-02  0.0000e+00     1.6418e-01  0.0000e+00     3.2851e-02  0.0000e+00     3.1065e-01  0.0000e+00 
1.0610e+01     2.6726e-02  0.0000e+00     2.8357e-01  0.0000e+00     5.6738e-02  0.0000e+00     6.0199e-01  0.0000e+00 
1.1905e+01     1.9110e-02  0.0000e+00     2.2750e-01  0.0000e+00     4.5520e-02  0.0000e+00     5.4191e-01  0.0000e+00 
1.3357e+01     2.4134e-02  0.0000e+00     3.2236e-01  0.0000e+00     6.4500e-02  0.0000e+00     8.6155e-01  0.0000e+00 
1.4987e+01     8.4834e-03  0.0000e+00     1.2714e-01  0.0000e+00     2.5439e-02  0.0000e+00     3.8126e-01  0.0000e+00 
1.6816e+01     5.3581e-03  0.0000e+00     9.0101e-02  0.0000e+00     1.8028e-02  0.0000e+00     3.0316e-01  0.0000e+00 
1.8868e+01     4.6162e-03  0.0000e+00     8.7097e-02  0.0000e+00     1.7427e-02  0.0000e+00     3.2881e-01  0.0000e+00 
2.1170e+01     4.4216e-03  0.0000e+00     9.3605e-02  0.0000e+00     1.8729e-02  0.0000e+00     3.9649e-01  0.0000e+00 
2.3753e+01     4.1620e-03  0.0000e+00     9.8861e-02  0.0000e+00     1.9781e-02  0.0000e+00     4.6985e-01  0.0000e+00 
2.6651e+01     2.4135e-03  0.0000e+00     6.4322e-02  0.0000e+00     1.2870e-02  0.0000e+00     3.4300e-01  0.0000e+00 
2.9903e+01     1.9418e-03  0.0000e+00     5.8065e-02  0.0000e+00     1.1618e-02  0.0000e+00     3.4742e-01  0.0000e+00 
3.3552e+01     1.6038e-03  0.0000e+00     5.3810e-02  0.0000e+00     1.0767e-02  0.0000e+00     3.6124e-01  0.0000e+00 
3.7646e+01     1.1302e-03  0.0000e+00     4.2548e-02  0.0000e+00     8.5132e-03  0.0000e+00     3.2049e-01  0.0000e+00 
4.2240e+01     8.2361e-04  0.0000e+00     3.4789e-02  0.0000e+00     6.9608e-03  0.0000e+00     2.9402e-01  0.0000e+00 
4.7394e+01     5.5449e-04  0.0000e+00     2.6279e-02  0.0000e+00     5.2581e-03  0.0000e+00     2.4920e-01  0.0000e+00 
5.3176e+01     4.0477e-04  0.0000e+00     2.1524e-02  0.0000e+00     4.3067e-03  0.0000e+00     2.2901e-01  0.0000e+00 
5.9665e+01     3.1461e-04  0.0000e+00     1.8771e-02  0.0000e+00     3.7558e-03  0.0000e+00     2.2409e-01  0.0000e+00 
6.6945e+01     1.6824e-04  0.0000e+00     1.1263e-02  0.0000e+00     2.2535e-03  0.0000e+00     1.5086e-01  0.0000e+00 
7.5114e+01     1.0329e-04  0.0000e+00     7.7587e-03  0.0000e+00     1.5524e-03  0.0000e+00     1.1661e-01  0.0000e+00 
8.4279e+01     6.5333e-05  0.0000e+00     5.5062e-03  0.0000e+00     1.1017e-03  0.0000e+00     9.2851e-02  0.0000e+00 
9.4563e+01     2.9114e-05  0.0000e+00     2.7531e-03  0.0000e+00     5.5085e-04  0.0000e+00     5.2090e-02  0.0000e+00 
1.0610e+02     2.1230e-05  0.0000e+00     2.2525e-03  0.0000e+00     4.5070e-04  0.0000e+00     4.7819e-02  0.0000e+00 
1.1905e+02     6.3071e-06  0.0000e+00     7.5084e-04  0.0000e+00     1.5023e-04  0.0000e+00     1.7885e-02  0.0000e+00 
1.3357e+02     0.0000e+00  0.0000e+00     0.0000e+00  0.0000e+00     0.0000e+00  0.0000e+00     0.0000e+00  0.0000e+00 
1.4987e+02     0.0000e+00  0.0000e+00     0.0000e+00  0.0000e+00     0.0000e+00  0.0000e+00     0.0000e+00  0.0000e+00 
1.6816e+02     0.0000e+00  0.0000e+00     0.0000e+00  0.0000e+00     0.0000e+00  0.0000e+00     0.0000e+00  0.0000e+00 
1.8868e+02     0.0000e+00  0.0000e+00     0.0000e+00  0.0000e+00     0.0000e+00  0.0000e+00     0.0000e+00  0.0000e+00 
2.1170e+02     0.0000e+00  0.0000e+00     0.0000e+00  0.0000e+00     0.0000e+00  0.0000e+00     0.0000e+00  0.0000e+00 
2.3753e+02     0.0000e+00  0.0000e+00     0.0000e+00  0.0000e+00     0.0000e+00  0.0000e+00     0.0000e+00  0.0000e+00 
2.6651e+02     0.0000e+00  0.0000e+00     0.0000e+00  0.0000e+00     0.0000e+00  0.0000e+00     0.0000e+00  0.0000e+00 
2.9903e+02     0.0000e+00  0.0000e+00     0.0000e+00  0.0000e+00     0.0000e+00  0.0000e+00     0.0000e+00  0.0000e+00 
3.3552e+02     0.0000e+00  0.0000e+00     0.0000e+00  0.0000e+00     0.0000e+00  0.0000e+00     0.0000e+00  0.0000e+00 
3.7646e+02     0.0000e+00  0.0000e+00     0.0000e+00  0.0000e+00     0.0000e+00  0.0000e+00     0.0000e+00  0.0000e+00 
4.2240e+02     0.0000e+00  0.0000e+00     0.0000e+00  0.0000e+00     0.0000e+00  0.0000e+00     0.0000e+00  0.0000e+00 
4.7394e+02     0.0000e+00  0.0000e+00     0.0000e+00  0.0000e+00     0.0000e+00  0.0000e+00     0.0000e+00  0.0000e+00 
5.3176e+02     0.0000e+00  0.0000e+00     0.0000e+00  0.0000e+00     0.0000e+00  0.0000e+00     0.0000e+00  0.0000e+00 
5.9665e+02     0.0000e+00  0.0000e+00     0.0000e+00  0.0000e+00     0.0000e+00  0.0000e+00     0.0000e+00  0.0000e+00 
6.6945e+02     0.0000e+00  0.0000e+00     0.0000e+00  0.0000e+00     0.0000e+00  0.0000e+00     0.0000e+00  0.0000e+00 
7.5114e+02     0.0000e+00  0.0000e+00     0.0000e+00  0.0000e+00     0.0000e+00  0.0000e+00     0.0000e+00  0.0000e+00 
8.4279e+02     0.0000e+00  0.0000e+00     0.0000e+00  0.0000e+00     0.0000e+00  0.0000e+00     0.0000e+00  0.0000e+00 
9.4563e+02     0.0000e+00  0.0000e+00     0.0000e+00  0.0000e+00     0.0000e+00  0.0000e+00     0.0000e+00  0.0000e+00 
1.0610e+03     0.0000e+00  0.0000e+00     0.0000e+00  0.0000e+00     0.0000e+00  0.0000e+00     0.0000e+00  0.0000e+00 
1.1905e+03     0.0000e+00  0.0000e+00     0.0000e+00  0.0000e+00     0.0000e+00  0.0000e+00     0.0000e+00  0.0000e+00 
1.3357e+03     0.0000e+00  0.0000e+00     0.0000e+00  0.0000e+00     0.0000e+00  0.0000e+00     0.0000e+00  0.0000e+00 
1.4987e+03     0.0000e+00  0.0000e+00     0.0000e+00  0.0000e+00     0.0000e+00  0.0000e+00     0.0000e+00  0.0000e+00 
1.6816e+03     0.0000e+00  0.0000e+00     0.0000e+00  0.0000e+00     0.0000e+00  0.0000e+00     0.0000e+00  0.0000e+00 
1.8868e+03     0.0000e+00  0.0000e+00     0.0000e+00  0.0000e+00     0.0000e+00  0.0000e+00     0.0000e+00  0.0000e+00 
2.1170e+03     0.0000e+00  0.0000e+00     0.0000e+00  0.0000e+00     0.0000e+00  0.0000e+00     0.0000e+00  0.0000e+00 
2.3753e+03     0.0000e+00  0.0000e+00     0.0000e+00  0.0000e+00     0.0000e+00  0.0000e+00     0.0000e+00  0.0000e+00 
2.6651e+03     0.0000e+00  0.0000e+00     0.0000e+00  0.0000e+00     0.0000e+00  0.0000e+00     0.0000e+00  0.0000e+00 
2.9903e+03     0.0000e+00  0.0000e+00     0.0000e+00  0.0000e+00     0.0000e+00  0.0000e+00     0.0000e+00  0.0000e+00 
3.3552e+03     0.0000e+00  0.0000e+00     0.0000e+00  0.0000e+00     0.0000e+00  0.0000e+00     0.0000e+00  0.0000e+00 
3.7646e+03     0.0000e+00  0.0000e+00     0.0000e+00  0.0000e+00     0.0000e+00  0.0000e+00     0.0000e+00  0.0000e+00 
4.2240e+03     0.0000e+00  0.0000e+00     0.0000e+00  0.0000e+00     0.0000e+00  0.0000e+00     0.0000e+00  0.0000e+00 
4.7394e+03     0.0000e+00  0.0000e+00     0.0000e+00  0.0000e+00     0.0000e+00  0.0000e+00     0.0000e+00  0.0000e+00 
5.3176e+03     0.0000e+00  0.0000e+00     0.0000e+00  0.0000e+00     0.0000e+00  0.0000e+00     0.0000e+00  0.0000e+00 
5.9665e+03     0.0000e+00  0.0000e+00     0.0000e+00  0.0000e+00     0.0000e+00  0.0000e+00     0.0000e+00  0.0000e+00 
6.6945e+03     0.0000e+00  0.0000e+00     0.0000e+00  0.0000e+00     0.0000e+00  0.0000e+00     0.0000e+00  0.0000e+00 
7.5114e+03     0.0000e+00  0.0000e+00     0.0000e+00  0.0000e+00     0.0000e+00  0.0000e+00     0.0000e+00  0.0000e+00 
8.4279e+03     0.0000e+00  0.0000e+00     0.0000e+00  0.0000e+00     0.0000e+00  0.0000e+00     0.0000e+00  0.0000e+00 
9.4563e+03     0.0000e+00  0.0000e+00     0.0000e+00  0.0000e+00     0.0000e+00  0.0000e+00     0.0000e+00  0.0000e+00 
