yF = 9.7027e+01 (std: 0.0000e+00) keV/um
yD = 1.1373e+02 (std: 0.0000e+00) keV/um
y (keV/um)     f(y)(std)                  yf(y)(std)                 d(y)(std)                  yd(y)(std)  
1.0610e-01     8.1955e-04  0.0000e+00     8.6955e-05  0.0000e+00     8.9619e-07  0.0000e+00     9.5087e-08  0.0000e+00 
1.1905e-01     2.1913e-04  0.0000e+00     2.6086e-05  0.0000e+00     2.6886e-07  0.0000e+00     3.2007e-08  0.0000e+00 
1.3357e-01     0.0000e+00  0.0000e+00     0.0000e+00  0.0000e+00     0.0000e+00  0.0000e+00     0.0000e+00  0.0000e+00 
1.4987e-01     1.1604e-04  0.0000e+00     1.7391e-05  0.0000e+00     1.7924e-07  0.0000e+00     2.6863e-08  0.0000e+00 
1.6816e-01     1.0342e-04  0.0000e+00     1.7391e-05  0.0000e+00     1.7924e-07  0.0000e+00     3.0140e-08  0.0000e+00 
1.8868e-01     2.7652e-04  0.0000e+00     5.2173e-05  0.0000e+00     5.3771e-07  0.0000e+00     1.0145e-07  0.0000e+00 
2.1170e-01     2.4645e-04  0.0000e+00     5.2173e-05  0.0000e+00     5.3771e-07  0.0000e+00     1.1383e-07  0.0000e+00 
2.3753e-01     2.9286e-04  0.0000e+00     6.9564e-05  0.0000e+00     7.1695e-07  0.0000e+00     1.7030e-07  0.0000e+00 
2.6651e-01     1.3051e-04  0.0000e+00     3.4782e-05  0.0000e+00     3.5848e-07  0.0000e+00     9.5539e-08  0.0000e+00 
2.9903e-01     1.1631e-04  0.0000e+00     3.4782e-05  0.0000e+00     3.5848e-07  0.0000e+00     1.0720e-07  0.0000e+00 
3.3552e-01     1.5550e-04  0.0000e+00     5.2173e-05  0.0000e+00     5.3771e-07  0.0000e+00     1.8041e-07  0.0000e+00 
3.7646e-01     2.0788e-04  0.0000e+00     7.8259e-05  0.0000e+00     8.0657e-07  0.0000e+00     3.0364e-07  0.0000e+00 
4.2240e-01     1.4410e-04  0.0000e+00     6.0868e-05  0.0000e+00     6.2733e-07  0.0000e+00     2.6498e-07  0.0000e+00 
4.7394e-01     1.8347e-04  0.0000e+00     8.6955e-05  0.0000e+00     8.9619e-07  0.0000e+00     4.2474e-07  0.0000e+00 
5.3176e-01     8.1761e-05  0.0000e+00     4.3477e-05  0.0000e+00     4.4810e-07  0.0000e+00     2.3828e-07  0.0000e+00 
5.9665e-01     1.6031e-04  0.0000e+00     9.5650e-05  0.0000e+00     9.8581e-07  0.0000e+00     5.8818e-07  0.0000e+00 
6.6945e-01     7.7934e-05  0.0000e+00     5.2173e-05  0.0000e+00     5.3771e-07  0.0000e+00     3.5997e-07  0.0000e+00 
7.5114e-01     1.1576e-05  0.0000e+00     8.6955e-06  0.0000e+00     8.9619e-08  0.0000e+00     6.7316e-08  0.0000e+00 
8.4279e-01     4.1270e-05  0.0000e+00     3.4782e-05  0.0000e+00     3.5848e-07  0.0000e+00     3.0212e-07  0.0000e+00 
9.4563e-01     7.3564e-05  0.0000e+00     6.9564e-05  0.0000e+00     7.1695e-07  0.0000e+00     6.7797e-07  0.0000e+00 
1.0610e+00     3.2782e-05  0.0000e+00     3.4782e-05  0.0000e+00     3.5848e-07  0.0000e+00     3.8035e-07  0.0000e+00 
1.1905e+00     1.4608e-05  0.0000e+00     1.7391e-05  0.0000e+00     1.7924e-07  0.0000e+00     2.1338e-07  0.0000e+00 
1.3357e+00     2.6040e-05  0.0000e+00     3.4782e-05  0.0000e+00     3.5848e-07  0.0000e+00     4.7883e-07  0.0000e+00 
1.4987e+00     2.3208e-05  0.0000e+00     3.4782e-05  0.0000e+00     3.5848e-07  0.0000e+00     5.3725e-07  0.0000e+00 
1.6816e+00     5.1710e-06  0.0000e+00     8.6955e-06  0.0000e+00     8.9619e-08  0.0000e+00     1.5070e-07  0.0000e+00 
1.8868e+00     0.0000e+00  0.0000e+00     0.0000e+00  0.0000e+00     0.0000e+00  0.0000e+00     0.0000e+00  0.0000e+00 
2.1170e+00     1.8484e-04  0.0000e+00     3.9130e-04  0.0000e+00     4.0329e-06  0.0000e+00     8.5375e-06  0.0000e+00 
2.3753e+00     2.7822e-04  0.0000e+00     6.6086e-04  0.0000e+00     6.8111e-06  0.0000e+00     1.6178e-05  0.0000e+00 
2.6651e+00     1.7945e-04  0.0000e+00     4.7825e-04  0.0000e+00     4.9291e-06  0.0000e+00     1.3137e-05  0.0000e+00 
2.9903e+00     1.0759e-04  0.0000e+00     3.2173e-04  0.0000e+00     3.3159e-06  0.0000e+00     9.9157e-06  0.0000e+00 
3.3552e+00     3.1877e-04  0.0000e+00     1.0695e-03  0.0000e+00     1.1023e-05  0.0000e+00     3.6985e-05  0.0000e+00 
3.7646e+00     2.6563e-04  0.0000e+00     9.9998e-04  0.0000e+00     1.0306e-05  0.0000e+00     3.8799e-05  0.0000e+00 
4.2240e+00     1.3793e-04  0.0000e+00     5.8260e-04  0.0000e+00     6.0045e-06  0.0000e+00     2.5363e-05  0.0000e+00 
4.7394e+00     1.1008e-04  0.0000e+00     5.2173e-04  0.0000e+00     5.3771e-06  0.0000e+00     2.5484e-05  0.0000e+00 
5.3176e+00     4.5786e-05  0.0000e+00     2.4347e-04  0.0000e+00     2.5093e-06  0.0000e+00     1.3344e-05  0.0000e+00 
5.9665e+00     1.3554e-04  0.0000e+00     8.0868e-04  0.0000e+00     8.3346e-06  0.0000e+00     4.9728e-05  0.0000e+00 
6.6945e+00     5.5853e-05  0.0000e+00     3.7391e-04  0.0000e+00     3.8536e-06  0.0000e+00     2.5798e-05  0.0000e+00 
7.5114e+00     1.2734e-05  0.0000e+00     9.5650e-05  0.0000e+00     9.8581e-07  0.0000e+00     7.4048e-06  0.0000e+00 
8.4279e+00     1.1349e-04  0.0000e+00     9.5650e-04  0.0000e+00     9.8581e-06  0.0000e+00     8.3083e-05  0.0000e+00 
9.4563e+00     1.8023e-04  0.0000e+00     1.7043e-03  0.0000e+00     1.7565e-05  0.0000e+00     1.6610e-04  0.0000e+00 
1.0610e+01     3.4749e-04  0.0000e+00     3.6869e-03  0.0000e+00     3.7999e-05  0.0000e+00     4.0317e-04  0.0000e+00 
1.1905e+01     5.6096e-04  0.0000e+00     6.6781e-03  0.0000e+00     6.8827e-05  0.0000e+00     8.1937e-04  0.0000e+00 
1.3357e+01     6.3276e-04  0.0000e+00     8.4520e-03  0.0000e+00     8.7110e-05  0.0000e+00     1.1636e-03  0.0000e+00 
1.4987e+01     6.0921e-04  0.0000e+00     9.1303e-03  0.0000e+00     9.4100e-05  0.0000e+00     1.4103e-03  0.0000e+00 
1.6816e+01     5.8587e-04  0.0000e+00     9.8520e-03  0.0000e+00     1.0154e-04  0.0000e+00     1.7075e-03  0.0000e+00 
1.8868e+01     7.4660e-04  0.0000e+00     1.4087e-02  0.0000e+00     1.4518e-04  0.0000e+00     2.7393e-03  0.0000e+00 
2.1170e+01     1.2183e-03  0.0000e+00     2.5791e-02  0.0000e+00     2.6581e-04  0.0000e+00     5.6272e-03  0.0000e+00 
2.3753e+01     1.5064e-03  0.0000e+00     3.5782e-02  0.0000e+00     3.6878e-04  0.0000e+00     8.7597e-03  0.0000e+00 
2.6651e+01     1.7537e-03  0.0000e+00     4.6738e-02  0.0000e+00     4.8170e-04  0.0000e+00     1.2838e-02  0.0000e+00 
2.9903e+01     2.3074e-03  0.0000e+00     6.8999e-02  0.0000e+00     7.1113e-04  0.0000e+00     2.1265e-02  0.0000e+00 
3.3552e+01     2.9363e-03  0.0000e+00     9.8520e-02  0.0000e+00     1.0154e-03  0.0000e+00     3.4068e-02  0.0000e+00 
3.7646e+01     3.7433e-03  0.0000e+00     1.4092e-01  0.0000e+00     1.4524e-03  0.0000e+00     5.4676e-02  0.0000e+00 
4.2240e+01     4.6446e-03  0.0000e+00     1.9619e-01  0.0000e+00     2.0220e-03  0.0000e+00     8.5408e-02  0.0000e+00 
4.7394e+01     5.7356e-03  0.0000e+00     2.7183e-01  0.0000e+00     2.8016e-03  0.0000e+00     1.3278e-01  0.0000e+00 
5.3176e+01     6.8689e-03  0.0000e+00     3.6526e-01  0.0000e+00     3.7645e-03  0.0000e+00     2.0018e-01  0.0000e+00 
5.9665e+01     8.0894e-03  0.0000e+00     4.8265e-01  0.0000e+00     4.9744e-03  0.0000e+00     2.9680e-01  0.0000e+00 
6.6945e+01     9.1440e-03  0.0000e+00     6.1214e-01  0.0000e+00     6.3090e-03  0.0000e+00     4.2236e-01  0.0000e+00 
7.5114e+01     9.9918e-03  0.0000e+00     7.5052e-01  0.0000e+00     7.7352e-03  0.0000e+00     5.8102e-01  0.0000e+00 
8.4279e+01     1.0308e-02  0.0000e+00     8.6874e-01  0.0000e+00     8.9536e-03  0.0000e+00     7.5460e-01  0.0000e+00 
9.4563e+01     9.9108e-03  0.0000e+00     9.3719e-01  0.0000e+00     9.6591e-03  0.0000e+00     9.1339e-01  0.0000e+00 
1.0610e+02     8.9501e-03  0.0000e+00     9.4962e-01  0.0000e+00     9.7871e-03  0.0000e+00     1.0384e+00  0.0000e+00 
1.1905e+02     7.3889e-03  0.0000e+00     8.7963e-01  0.0000e+00     9.0658e-03  0.0000e+00     1.0793e+00  0.0000e+00 
1.3357e+02     5.4334e-03  0.0000e+00     7.2575e-01  0.0000e+00     7.4799e-03  0.0000e+00     9.9911e-01  0.0000e+00 
1.4987e+02     3.5619e-03  0.0000e+00     5.3383e-01  0.0000e+00     5.5019e-03  0.0000e+00     8.2458e-01  0.0000e+00 
1.6816e+02     2.0213e-03  0.0000e+00     3.3991e-01  0.0000e+00     3.5032e-03  0.0000e+00     5.8910e-01  0.0000e+00 
1.8868e+02     9.7114e-04  0.0000e+00     1.8323e-01  0.0000e+00     1.8885e-03  0.0000e+00     3.5631e-01  0.0000e+00 
2.1170e+02     3.8327e-04  0.0000e+00     8.1138e-02  0.0000e+00     8.3624e-04  0.0000e+00     1.7703e-01  0.0000e+00 
2.3753e+02     1.2077e-04  0.0000e+00     2.8686e-02  0.0000e+00     2.9565e-04  0.0000e+00     7.0227e-02  0.0000e+00 
2.6651e+02     2.9788e-05  0.0000e+00     7.9390e-03  0.0000e+00     8.1822e-05  0.0000e+00     2.1807e-02  0.0000e+00 
2.9903e+02     6.8916e-06  0.0000e+00     2.0608e-03  0.0000e+00     2.1240e-05  0.0000e+00     6.3514e-03  0.0000e+00 
3.3552e+02     5.4424e-07  0.0000e+00     1.8261e-04  0.0000e+00     1.8820e-06  0.0000e+00     6.3145e-04  0.0000e+00 
3.7646e+02     9.2392e-08  0.0000e+00     3.4782e-05  0.0000e+00     3.5848e-07  0.0000e+00     1.3495e-04  0.0000e+00 
4.2240e+02     0.0000e+00  0.0000e+00     0.0000e+00  0.0000e+00     0.0000e+00  0.0000e+00     0.0000e+00  0.0000e+00 
4.7394e+02     0.0000e+00  0.0000e+00     0.0000e+00  0.0000e+00     0.0000e+00  0.0000e+00     0.0000e+00  0.0000e+00 
5.3176e+02     0.0000e+00  0.0000e+00     0.0000e+00  0.0000e+00     0.0000e+00  0.0000e+00     0.0000e+00  0.0000e+00 
5.9665e+02     0.0000e+00  0.0000e+00     0.0000e+00  0.0000e+00     0.0000e+00  0.0000e+00     0.0000e+00  0.0000e+00 
6.6945e+02     0.0000e+00  0.0000e+00     0.0000e+00  0.0000e+00     0.0000e+00  0.0000e+00     0.0000e+00  0.0000e+00 
7.5114e+02     0.0000e+00  0.0000e+00     0.0000e+00  0.0000e+00     0.0000e+00  0.0000e+00     0.0000e+00  0.0000e+00 
8.4279e+02     0.0000e+00  0.0000e+00     0.0000e+00  0.0000e+00     0.0000e+00  0.0000e+00     0.0000e+00  0.0000e+00 
9.4563e+02     0.0000e+00  0.0000e+00     0.0000e+00  0.0000e+00     0.0000e+00  0.0000e+00     0.0000e+00  0.0000e+00 
1.0610e+03     0.0000e+00  0.0000e+00     0.0000e+00  0.0000e+00     0.0000e+00  0.0000e+00     0.0000e+00  0.0000e+00 
1.1905e+03     0.0000e+00  0.0000e+00     0.0000e+00  0.0000e+00     0.0000e+00  0.0000e+00     0.0000e+00  0.0000e+00 
1.3357e+03     0.0000e+00  0.0000e+00     0.0000e+00  0.0000e+00     0.0000e+00  0.0000e+00     0.0000e+00  0.0000e+00 
1.4987e+03     0.0000e+00  0.0000e+00     0.0000e+00  0.0000e+00     0.0000e+00  0.0000e+00     0.0000e+00  0.0000e+00 
1.6816e+03     0.0000e+00  0.0000e+00     0.0000e+00  0.0000e+00     0.0000e+00  0.0000e+00     0.0000e+00  0.0000e+00 
1.8868e+03     0.0000e+00  0.0000e+00     0.0000e+00  0.0000e+00     0.0000e+00  0.0000e+00     0.0000e+00  0.0000e+00 
2.1170e+03     0.0000e+00  0.0000e+00     0.0000e+00  0.0000e+00     0.0000e+00  0.0000e+00     0.0000e+00  0.0000e+00 
2.3753e+03     0.0000e+00  0.0000e+00     0.0000e+00  0.0000e+00     0.0000e+00  0.0000e+00     0.0000e+00  0.0000e+00 
2.6651e+03     0.0000e+00  0.0000e+00     0.0000e+00  0.0000e+00     0.0000e+00  0.0000e+00     0.0000e+00  0.0000e+00 
2.9903e+03     0.0000e+00  0.0000e+00     0.0000e+00  0.0000e+00     0.0000e+00  0.0000e+00     0.0000e+00  0.0000e+00 
3.3552e+03     0.0000e+00  0.0000e+00     0.0000e+00  0.0000e+00     0.0000e+00  0.0000e+00     0.0000e+00  0.0000e+00 
3.7646e+03     0.0000e+00  0.0000e+00     0.0000e+00  0.0000e+00     0.0000e+00  0.0000e+00     0.0000e+00  0.0000e+00 
4.2240e+03     0.0000e+00  0.0000e+00     0.0000e+00  0.0000e+00     0.0000e+00  0.0000e+00     0.0000e+00  0.0000e+00 
4.7394e+03     0.0000e+00  0.0000e+00     0.0000e+00  0.0000e+00     0.0000e+00  0.0000e+00     0.0000e+00  0.0000e+00 
5.3176e+03     0.0000e+00  0.0000e+00     0.0000e+00  0.0000e+00     0.0000e+00  0.0000e+00     0.0000e+00  0.0000e+00 
5.9665e+03     0.0000e+00  0.0000e+00     0.0000e+00  0.0000e+00     0.0000e+00  0.0000e+00     0.0000e+00  0.0000e+00 
6.6945e+03     0.0000e+00  0.0000e+00     0.0000e+00  0.0000e+00     0.0000e+00  0.0000e+00     0.0000e+00  0.0000e+00 
7.5114e+03     0.0000e+00  0.0000e+00     0.0000e+00  0.0000e+00     0.0000e+00  0.0000e+00     0.0000e+00  0.0000e+00 
8.4279e+03     0.0000e+00  0.0000e+00     0.0000e+00  0.0000e+00     0.0000e+00  0.0000e+00     0.0000e+00  0.0000e+00 
9.4563e+03     0.0000e+00  0.0000e+00     0.0000e+00  0.0000e+00     0.0000e+00  0.0000e+00     0.0000e+00  0.0000e+00 
