yF = 7.0974e+00 (std: 0.0000e+00) keV/um
yD = 2.4698e+01 (std: 0.0000e+00) keV/um
y (keV/um)     f(y)(std)                  yf(y)(std)                 d(y)(std)                  yd(y)(std)  
1.0610e-01     2.1986e+01  0.0000e+00     2.3328e+00  0.0000e+00     3.2868e-01  0.0000e+00     3.4873e-02  0.0000e+00 
1.1905e-01     1.6045e+00  0.0000e+00     1.9102e-01  0.0000e+00     2.6913e-02  0.0000e+00     3.2040e-03  0.0000e+00 
1.3357e-01     4.8155e-01  0.0000e+00     6.4322e-02  0.0000e+00     9.0627e-03  0.0000e+00     1.2105e-03  0.0000e+00 
1.4987e-01     2.3961e+00  0.0000e+00     3.5910e-01  0.0000e+00     5.0596e-02  0.0000e+00     7.5829e-03  0.0000e+00 
1.6816e-01     7.2104e-01  0.0000e+00     1.2125e-01  0.0000e+00     1.7083e-02  0.0000e+00     2.8727e-03  0.0000e+00 
1.8868e-01     4.9708e-01  0.0000e+00     9.3788e-02  0.0000e+00     1.3214e-02  0.0000e+00     2.4933e-03  0.0000e+00 
2.1170e-01     5.2210e-01  0.0000e+00     1.1053e-01  0.0000e+00     1.5573e-02  0.0000e+00     3.2968e-03  0.0000e+00 
2.3753e-01     5.0032e-01  0.0000e+00     1.1884e-01  0.0000e+00     1.6744e-02  0.0000e+00     3.9773e-03  0.0000e+00 
2.6651e-01     2.2844e-01  0.0000e+00     6.0882e-02  0.0000e+00     8.5781e-03  0.0000e+00     2.2862e-03  0.0000e+00 
2.9903e-01     1.8328e-01  0.0000e+00     5.4805e-02  0.0000e+00     7.7219e-03  0.0000e+00     2.3091e-03  0.0000e+00 
3.3552e-01     1.0658e+00  0.0000e+00     3.5761e-01  0.0000e+00     5.0386e-02  0.0000e+00     1.6906e-02  0.0000e+00 
3.7646e-01     6.9120e-01  0.0000e+00     2.6021e-01  0.0000e+00     3.6663e-02  0.0000e+00     1.3802e-02  0.0000e+00 
4.2240e-01     3.1541e-01  0.0000e+00     1.3323e-01  0.0000e+00     1.8772e-02  0.0000e+00     7.9290e-03  0.0000e+00 
4.7394e-01     2.9902e-01  0.0000e+00     1.4171e-01  0.0000e+00     1.9967e-02  0.0000e+00     9.4631e-03  0.0000e+00 
5.3176e-01     1.8952e-01  0.0000e+00     1.0078e-01  0.0000e+00     1.4200e-02  0.0000e+00     7.5510e-03  0.0000e+00 
5.9665e-01     1.0473e-01  0.0000e+00     6.2487e-02  0.0000e+00     8.8042e-03  0.0000e+00     5.2530e-03  0.0000e+00 
6.6945e-01     1.5902e-01  0.0000e+00     1.0646e-01  0.0000e+00     1.5000e-02  0.0000e+00     1.0041e-02  0.0000e+00 
7.5114e-01     1.3249e-01  0.0000e+00     9.9521e-02  0.0000e+00     1.4022e-02  0.0000e+00     1.0533e-02  0.0000e+00 
8.4279e-01     6.9926e-02  0.0000e+00     5.8933e-02  0.0000e+00     8.3034e-03  0.0000e+00     6.9981e-03  0.0000e+00 
9.4563e-01     4.1649e-02  0.0000e+00     3.9384e-02  0.0000e+00     5.5491e-03  0.0000e+00     5.2474e-03  0.0000e+00 
1.0610e+00     3.3067e-02  0.0000e+00     3.5085e-02  0.0000e+00     4.9433e-03  0.0000e+00     5.2449e-03  0.0000e+00 
1.1905e+00     1.7143e-02  0.0000e+00     2.0409e-02  0.0000e+00     2.8755e-03  0.0000e+00     3.4232e-03  0.0000e+00 
1.3357e+00     9.5279e-03  0.0000e+00     1.2727e-02  0.0000e+00     1.7932e-03  0.0000e+00     2.3952e-03  0.0000e+00 
1.4987e+00     4.9344e-03  0.0000e+00     7.3953e-03  0.0000e+00     1.0420e-03  0.0000e+00     1.5616e-03  0.0000e+00 
1.6816e+00     2.4205e-03  0.0000e+00     4.0703e-03  0.0000e+00     5.7349e-04  0.0000e+00     9.6437e-04  0.0000e+00 
1.8868e+00     1.2154e-03  0.0000e+00     2.2931e-03  0.0000e+00     3.2309e-04  0.0000e+00     6.0960e-04  0.0000e+00 
2.1170e+00     5.6868e-04  0.0000e+00     1.2039e-03  0.0000e+00     1.6962e-04  0.0000e+00     3.5909e-04  0.0000e+00 
2.3753e+00     7.2405e-05  0.0000e+00     1.7198e-04  0.0000e+00     2.4232e-05  0.0000e+00     5.7558e-05  0.0000e+00 
2.6651e+00     6.4531e-05  0.0000e+00     1.7198e-04  0.0000e+00     2.4232e-05  0.0000e+00     6.4581e-05  0.0000e+00 
2.9903e+00     0.0000e+00  0.0000e+00     0.0000e+00  0.0000e+00     0.0000e+00  0.0000e+00     0.0000e+00  0.0000e+00 
3.3552e+00     0.0000e+00  0.0000e+00     0.0000e+00  0.0000e+00     0.0000e+00  0.0000e+00     0.0000e+00  0.0000e+00 
3.7646e+00     0.0000e+00  0.0000e+00     0.0000e+00  0.0000e+00     0.0000e+00  0.0000e+00     0.0000e+00  0.0000e+00 
4.2240e+00     0.0000e+00  0.0000e+00     0.0000e+00  0.0000e+00     0.0000e+00  0.0000e+00     0.0000e+00  0.0000e+00 
4.7394e+00     0.0000e+00  0.0000e+00     0.0000e+00  0.0000e+00     0.0000e+00  0.0000e+00     0.0000e+00  0.0000e+00 
5.3176e+00     0.0000e+00  0.0000e+00     0.0000e+00  0.0000e+00     0.0000e+00  0.0000e+00     0.0000e+00  0.0000e+00 
5.9665e+00     6.5673e-02  0.0000e+00     3.9184e-01  0.0000e+00     5.5208e-02  0.0000e+00     3.2940e-01  0.0000e+00 
6.6945e+00     1.8506e-02  0.0000e+00     1.2389e-01  0.0000e+00     1.7455e-02  0.0000e+00     1.1685e-01  0.0000e+00 
7.5114e+00     6.4034e-03  0.0000e+00     4.8098e-02  0.0000e+00     6.7768e-03  0.0000e+00     5.0903e-02  0.0000e+00 
8.4279e+00     4.6010e-02  0.0000e+00     3.8777e-01  0.0000e+00     5.4635e-02  0.0000e+00     4.6046e-01  0.0000e+00 
9.4563e+00     2.5056e-02  0.0000e+00     2.3694e-01  0.0000e+00     3.3383e-02  0.0000e+00     3.1568e-01  0.0000e+00 
1.0610e+01     4.0745e-02  0.0000e+00     4.3231e-01  0.0000e+00     6.0911e-02  0.0000e+00     6.4627e-01  0.0000e+00 
1.1905e+01     3.0299e-02  0.0000e+00     3.6071e-01  0.0000e+00     5.0822e-02  0.0000e+00     6.0502e-01  0.0000e+00 
1.3357e+01     2.7142e-02  0.0000e+00     3.6254e-01  0.0000e+00     5.1081e-02  0.0000e+00     6.8230e-01  0.0000e+00 
1.4987e+01     1.6460e-02  0.0000e+00     2.4668e-01  0.0000e+00     3.4757e-02  0.0000e+00     5.2090e-01  0.0000e+00 
1.6816e+01     1.0452e-02  0.0000e+00     1.7577e-01  0.0000e+00     2.4765e-02  0.0000e+00     4.1644e-01  0.0000e+00 
1.8868e+01     7.5808e-03  0.0000e+00     1.4303e-01  0.0000e+00     2.0153e-02  0.0000e+00     3.8024e-01  0.0000e+00 
2.1170e+01     5.7843e-03  0.0000e+00     1.2245e-01  0.0000e+00     1.7253e-02  0.0000e+00     3.6525e-01  0.0000e+00 
2.3753e+01     5.5076e-03  0.0000e+00     1.3082e-01  0.0000e+00     1.8432e-02  0.0000e+00     4.3782e-01  0.0000e+00 
2.6651e+01     5.5905e-03  0.0000e+00     1.4899e-01  0.0000e+00     2.0993e-02  0.0000e+00     5.5949e-01  0.0000e+00 
2.9903e+01     2.7932e-03  0.0000e+00     8.3527e-02  0.0000e+00     1.1769e-02  0.0000e+00     3.5192e-01  0.0000e+00 
3.3552e+01     2.3169e-03  0.0000e+00     7.7737e-02  0.0000e+00     1.0953e-02  0.0000e+00     3.6749e-01  0.0000e+00 
3.7646e+01     1.8791e-03  0.0000e+00     7.0743e-02  0.0000e+00     9.9674e-03  0.0000e+00     3.7523e-01  0.0000e+00 
4.2240e+01     1.2826e-03  0.0000e+00     5.4175e-02  0.0000e+00     7.6330e-03  0.0000e+00     3.2242e-01  0.0000e+00 
4.7394e+01     9.5680e-04  0.0000e+00     4.5346e-02  0.0000e+00     6.3891e-03  0.0000e+00     3.0280e-01  0.0000e+00 
5.3176e+01     6.5978e-04  0.0000e+00     3.5085e-02  0.0000e+00     4.9433e-03  0.0000e+00     2.6287e-01  0.0000e+00 
5.9665e+01     4.3045e-04  0.0000e+00     2.5683e-02  0.0000e+00     3.6186e-03  0.0000e+00     2.1590e-01  0.0000e+00 
6.6945e+01     2.4919e-04  0.0000e+00     1.6682e-02  0.0000e+00     2.3505e-03  0.0000e+00     1.5735e-01  0.0000e+00 
7.5114e+01     1.4043e-04  0.0000e+00     1.0548e-02  0.0000e+00     1.4862e-03  0.0000e+00     1.1164e-01  0.0000e+00 
8.4279e+01     8.7068e-05  0.0000e+00     7.3380e-03  0.0000e+00     1.0339e-03  0.0000e+00     8.7135e-02  0.0000e+00 
9.4563e+01     3.2131e-05  0.0000e+00     3.0384e-03  0.0000e+00     4.2810e-04  0.0000e+00     4.0482e-02  0.0000e+00 
1.0610e+02     1.5669e-05  0.0000e+00     1.6625e-03  0.0000e+00     2.3424e-04  0.0000e+00     2.4853e-02  0.0000e+00 
1.1905e+02     5.7787e-06  0.0000e+00     6.8793e-04  0.0000e+00     9.6927e-05  0.0000e+00     1.1539e-02  0.0000e+00 
1.3357e+02     1.7167e-06  0.0000e+00     2.2931e-04  0.0000e+00     3.2309e-05  0.0000e+00     4.3156e-03  0.0000e+00 
1.4987e+02     0.0000e+00  0.0000e+00     0.0000e+00  0.0000e+00     0.0000e+00  0.0000e+00     0.0000e+00  0.0000e+00 
1.6816e+02     0.0000e+00  0.0000e+00     0.0000e+00  0.0000e+00     0.0000e+00  0.0000e+00     0.0000e+00  0.0000e+00 
1.8868e+02     0.0000e+00  0.0000e+00     0.0000e+00  0.0000e+00     0.0000e+00  0.0000e+00     0.0000e+00  0.0000e+00 
2.1170e+02     0.0000e+00  0.0000e+00     0.0000e+00  0.0000e+00     0.0000e+00  0.0000e+00     0.0000e+00  0.0000e+00 
2.3753e+02     0.0000e+00  0.0000e+00     0.0000e+00  0.0000e+00     0.0000e+00  0.0000e+00     0.0000e+00  0.0000e+00 
2.6651e+02     0.0000e+00  0.0000e+00     0.0000e+00  0.0000e+00     0.0000e+00  0.0000e+00     0.0000e+00  0.0000e+00 
2.9903e+02     0.0000e+00  0.0000e+00     0.0000e+00  0.0000e+00     0.0000e+00  0.0000e+00     0.0000e+00  0.0000e+00 
3.3552e+02     0.0000e+00  0.0000e+00     0.0000e+00  0.0000e+00     0.0000e+00  0.0000e+00     0.0000e+00  0.0000e+00 
3.7646e+02     0.0000e+00  0.0000e+00     0.0000e+00  0.0000e+00     0.0000e+00  0.0000e+00     0.0000e+00  0.0000e+00 
4.2240e+02     0.0000e+00  0.0000e+00     0.0000e+00  0.0000e+00     0.0000e+00  0.0000e+00     0.0000e+00  0.0000e+00 
4.7394e+02     0.0000e+00  0.0000e+00     0.0000e+00  0.0000e+00     0.0000e+00  0.0000e+00     0.0000e+00  0.0000e+00 
5.3176e+02     0.0000e+00  0.0000e+00     0.0000e+00  0.0000e+00     0.0000e+00  0.0000e+00     0.0000e+00  0.0000e+00 
5.9665e+02     0.0000e+00  0.0000e+00     0.0000e+00  0.0000e+00     0.0000e+00  0.0000e+00     0.0000e+00  0.0000e+00 
6.6945e+02     0.0000e+00  0.0000e+00     0.0000e+00  0.0000e+00     0.0000e+00  0.0000e+00     0.0000e+00  0.0000e+00 
7.5114e+02     0.0000e+00  0.0000e+00     0.0000e+00  0.0000e+00     0.0000e+00  0.0000e+00     0.0000e+00  0.0000e+00 
8.4279e+02     0.0000e+00  0.0000e+00     0.0000e+00  0.0000e+00     0.0000e+00  0.0000e+00     0.0000e+00  0.0000e+00 
9.4563e+02     0.0000e+00  0.0000e+00     0.0000e+00  0.0000e+00     0.0000e+00  0.0000e+00     0.0000e+00  0.0000e+00 
1.0610e+03     0.0000e+00  0.0000e+00     0.0000e+00  0.0000e+00     0.0000e+00  0.0000e+00     0.0000e+00  0.0000e+00 
1.1905e+03     0.0000e+00  0.0000e+00     0.0000e+00  0.0000e+00     0.0000e+00  0.0000e+00     0.0000e+00  0.0000e+00 
1.3357e+03     0.0000e+00  0.0000e+00     0.0000e+00  0.0000e+00     0.0000e+00  0.0000e+00     0.0000e+00  0.0000e+00 
1.4987e+03     0.0000e+00  0.0000e+00     0.0000e+00  0.0000e+00     0.0000e+00  0.0000e+00     0.0000e+00  0.0000e+00 
1.6816e+03     0.0000e+00  0.0000e+00     0.0000e+00  0.0000e+00     0.0000e+00  0.0000e+00     0.0000e+00  0.0000e+00 
1.8868e+03     0.0000e+00  0.0000e+00     0.0000e+00  0.0000e+00     0.0000e+00  0.0000e+00     0.0000e+00  0.0000e+00 
2.1170e+03     0.0000e+00  0.0000e+00     0.0000e+00  0.0000e+00     0.0000e+00  0.0000e+00     0.0000e+00  0.0000e+00 
2.3753e+03     0.0000e+00  0.0000e+00     0.0000e+00  0.0000e+00     0.0000e+00  0.0000e+00     0.0000e+00  0.0000e+00 
2.6651e+03     0.0000e+00  0.0000e+00     0.0000e+00  0.0000e+00     0.0000e+00  0.0000e+00     0.0000e+00  0.0000e+00 
2.9903e+03     0.0000e+00  0.0000e+00     0.0000e+00  0.0000e+00     0.0000e+00  0.0000e+00     0.0000e+00  0.0000e+00 
3.3552e+03     0.0000e+00  0.0000e+00     0.0000e+00  0.0000e+00     0.0000e+00  0.0000e+00     0.0000e+00  0.0000e+00 
3.7646e+03     0.0000e+00  0.0000e+00     0.0000e+00  0.0000e+00     0.0000e+00  0.0000e+00     0.0000e+00  0.0000e+00 
4.2240e+03     0.0000e+00  0.0000e+00     0.0000e+00  0.0000e+00     0.0000e+00  0.0000e+00     0.0000e+00  0.0000e+00 
4.7394e+03     0.0000e+00  0.0000e+00     0.0000e+00  0.0000e+00     0.0000e+00  0.0000e+00     0.0000e+00  0.0000e+00 
5.3176e+03     0.0000e+00  0.0000e+00     0.0000e+00  0.0000e+00     0.0000e+00  0.0000e+00     0.0000e+00  0.0000e+00 
5.9665e+03     0.0000e+00  0.0000e+00     0.0000e+00  0.0000e+00     0.0000e+00  0.0000e+00     0.0000e+00  0.0000e+00 
6.6945e+03     0.0000e+00  0.0000e+00     0.0000e+00  0.0000e+00     0.0000e+00  0.0000e+00     0.0000e+00  0.0000e+00 
7.5114e+03     0.0000e+00  0.0000e+00     0.0000e+00  0.0000e+00     0.0000e+00  0.0000e+00     0.0000e+00  0.0000e+00 
8.4279e+03     0.0000e+00  0.0000e+00     0.0000e+00  0.0000e+00     0.0000e+00  0.0000e+00     0.0000e+00  0.0000e+00 
9.4563e+03     0.0000e+00  0.0000e+00     0.0000e+00  0.0000e+00     0.0000e+00  0.0000e+00     0.0000e+00  0.0000e+00 
