yF = 4.0761e+00 (std: 0.0000e+00) keV/um
yD = 2.1319e+01 (std: 0.0000e+00) keV/um
y (keV/um)     f(y)(std)                  yf(y)(std)                 d(y)(std)                  yd(y)(std)  
1.0610e-01     2.6296e+01  0.0000e+00     2.7900e+00  0.0000e+00     6.8448e-01  0.0000e+00     7.2624e-02  0.0000e+00 
1.1905e-01     2.0006e+00  0.0000e+00     2.3816e-01  0.0000e+00     5.8428e-02  0.0000e+00     6.9557e-03  0.0000e+00 
1.3357e-01     5.8423e-01  0.0000e+00     7.8038e-02  0.0000e+00     1.9145e-02  0.0000e+00     2.5573e-03  0.0000e+00 
1.4987e-01     2.8991e+00  0.0000e+00     4.3449e-01  0.0000e+00     1.0659e-01  0.0000e+00     1.5975e-02  0.0000e+00 
1.6816e-01     9.1611e-01  0.0000e+00     1.5405e-01  0.0000e+00     3.7794e-02  0.0000e+00     6.3553e-03  0.0000e+00 
1.8868e-01     5.5187e-01  0.0000e+00     1.0413e-01  0.0000e+00     2.5545e-02  0.0000e+00     4.8198e-03  0.0000e+00 
2.1170e-01     6.3102e-01  0.0000e+00     1.3359e-01  0.0000e+00     3.2773e-02  0.0000e+00     6.9380e-03  0.0000e+00 
2.3753e-01     6.2867e-01  0.0000e+00     1.4933e-01  0.0000e+00     3.6635e-02  0.0000e+00     8.7019e-03  0.0000e+00 
2.6651e-01     2.5315e-01  0.0000e+00     6.7468e-02  0.0000e+00     1.6552e-02  0.0000e+00     4.4113e-03  0.0000e+00 
2.9903e-01     2.3389e-01  0.0000e+00     6.9942e-02  0.0000e+00     1.7159e-02  0.0000e+00     5.1311e-03  0.0000e+00 
3.3552e-01     1.4491e+00  0.0000e+00     4.8622e-01  0.0000e+00     1.1928e-01  0.0000e+00     4.0022e-02  0.0000e+00 
3.7646e-01     9.3312e-01  0.0000e+00     3.5128e-01  0.0000e+00     8.6180e-02  0.0000e+00     3.2444e-02  0.0000e+00 
4.2240e-01     4.0837e-01  0.0000e+00     1.7249e-01  0.0000e+00     4.2318e-02  0.0000e+00     1.7875e-02  0.0000e+00 
4.7394e-01     3.7772e-01  0.0000e+00     1.7901e-01  0.0000e+00     4.3918e-02  0.0000e+00     2.0814e-02  0.0000e+00 
5.3176e-01     2.5544e-01  0.0000e+00     1.3584e-01  0.0000e+00     3.3325e-02  0.0000e+00     1.7721e-02  0.0000e+00 
5.9665e-01     1.4022e-01  0.0000e+00     8.3660e-02  0.0000e+00     2.0524e-02  0.0000e+00     1.2246e-02  0.0000e+00 
6.6945e-01     2.1634e-01  0.0000e+00     1.4483e-01  0.0000e+00     3.5532e-02  0.0000e+00     2.3787e-02  0.0000e+00 
7.5114e-01     1.7515e-01  0.0000e+00     1.3156e-01  0.0000e+00     3.2276e-02  0.0000e+00     2.4244e-02  0.0000e+00 
8.4279e-01     9.4463e-02  0.0000e+00     7.9612e-02  0.0000e+00     1.9531e-02  0.0000e+00     1.6461e-02  0.0000e+00 
9.4563e-01     5.4700e-02  0.0000e+00     5.1725e-02  0.0000e+00     1.2690e-02  0.0000e+00     1.2000e-02  0.0000e+00 
1.0610e+00     4.2180e-02  0.0000e+00     4.4754e-02  0.0000e+00     1.0979e-02  0.0000e+00     1.1649e-02  0.0000e+00 
1.1905e+00     2.3803e-02  0.0000e+00     2.8336e-02  0.0000e+00     6.9518e-03  0.0000e+00     8.2759e-03  0.0000e+00 
1.3357e+00     1.2796e-02  0.0000e+00     1.7092e-02  0.0000e+00     4.1932e-03  0.0000e+00     5.6009e-03  0.0000e+00 
1.4987e+00     7.2027e-03  0.0000e+00     1.0795e-02  0.0000e+00     2.6483e-03  0.0000e+00     3.9691e-03  0.0000e+00 
1.6816e+00     2.2736e-03  0.0000e+00     3.8232e-03  0.0000e+00     9.3794e-04  0.0000e+00     1.5772e-03  0.0000e+00 
1.8868e+00     8.3436e-04  0.0000e+00     1.5742e-03  0.0000e+00     3.8621e-04  0.0000e+00     7.2869e-04  0.0000e+00 
2.1170e+00     5.3116e-04  0.0000e+00     1.1245e-03  0.0000e+00     2.7587e-04  0.0000e+00     5.8401e-04  0.0000e+00 
2.3753e+00     9.4680e-05  0.0000e+00     2.2489e-04  0.0000e+00     5.5173e-05  0.0000e+00     1.3105e-04  0.0000e+00 
2.6651e+00     0.0000e+00  0.0000e+00     0.0000e+00  0.0000e+00     0.0000e+00  0.0000e+00     0.0000e+00  0.0000e+00 
2.9903e+00     0.0000e+00  0.0000e+00     0.0000e+00  0.0000e+00     0.0000e+00  0.0000e+00     0.0000e+00  0.0000e+00 
3.3552e+00     0.0000e+00  0.0000e+00     0.0000e+00  0.0000e+00     0.0000e+00  0.0000e+00     0.0000e+00  0.0000e+00 
3.7646e+00     0.0000e+00  0.0000e+00     0.0000e+00  0.0000e+00     0.0000e+00  0.0000e+00     0.0000e+00  0.0000e+00 
4.2240e+00     0.0000e+00  0.0000e+00     0.0000e+00  0.0000e+00     0.0000e+00  0.0000e+00     0.0000e+00  0.0000e+00 
4.7394e+00     0.0000e+00  0.0000e+00     0.0000e+00  0.0000e+00     0.0000e+00  0.0000e+00     0.0000e+00  0.0000e+00 
5.3176e+00     0.0000e+00  0.0000e+00     0.0000e+00  0.0000e+00     0.0000e+00  0.0000e+00     0.0000e+00  0.0000e+00 
5.9665e+00     1.2295e-01  0.0000e+00     7.3360e-01  0.0000e+00     1.7997e-01  0.0000e+00     1.0738e+00  0.0000e+00 
6.6945e+00     2.1130e-02  0.0000e+00     1.4146e-01  0.0000e+00     3.4704e-02  0.0000e+00     2.3233e-01  0.0000e+00 
7.5114e+00     6.2276e-03  0.0000e+00     4.6778e-02  0.0000e+00     1.1476e-02  0.0000e+00     8.6201e-02  0.0000e+00 
8.4279e+00     2.6551e-02  0.0000e+00     2.2377e-01  0.0000e+00     5.4897e-02  0.0000e+00     4.6267e-01  0.0000e+00 
9.4563e+00     1.6862e-02  0.0000e+00     1.5945e-01  0.0000e+00     3.9118e-02  0.0000e+00     3.6991e-01  0.0000e+00 
1.0610e+01     2.3740e-02  0.0000e+00     2.5188e-01  0.0000e+00     6.1794e-02  0.0000e+00     6.5564e-01  0.0000e+00 
1.1905e+01     1.6567e-02  0.0000e+00     1.9723e-01  0.0000e+00     4.8387e-02  0.0000e+00     5.7603e-01  0.0000e+00 
1.3357e+01     1.0388e-02  0.0000e+00     1.3876e-01  0.0000e+00     3.4042e-02  0.0000e+00     4.5471e-01  0.0000e+00 
1.4987e+01     6.7376e-03  0.0000e+00     1.0098e-01  0.0000e+00     2.4773e-02  0.0000e+00     3.7127e-01  0.0000e+00 
1.6816e+01     4.2663e-03  0.0000e+00     7.1741e-02  0.0000e+00     1.7600e-02  0.0000e+00     2.9596e-01  0.0000e+00 
1.8868e+01     3.4328e-03  0.0000e+00     6.4769e-02  0.0000e+00     1.5890e-02  0.0000e+00     2.9981e-01  0.0000e+00 
2.1170e+01     3.3569e-03  0.0000e+00     7.1066e-02  0.0000e+00     1.7435e-02  0.0000e+00     3.6909e-01  0.0000e+00 
2.3753e+01     3.4842e-03  0.0000e+00     8.2761e-02  0.0000e+00     2.0304e-02  0.0000e+00     4.8227e-01  0.0000e+00 
2.6651e+01     1.9408e-03  0.0000e+00     5.1725e-02  0.0000e+00     1.2690e-02  0.0000e+00     3.3820e-01  0.0000e+00 
2.9903e+01     1.5041e-03  0.0000e+00     4.4979e-02  0.0000e+00     1.1035e-02  0.0000e+00     3.2997e-01  0.0000e+00 
3.3552e+01     1.2668e-03  0.0000e+00     4.2505e-02  0.0000e+00     1.0428e-02  0.0000e+00     3.4987e-01  0.0000e+00 
3.7646e+01     9.5582e-04  0.0000e+00     3.5983e-02  0.0000e+00     8.8277e-03  0.0000e+00     3.3233e-01  0.0000e+00 
4.2240e+01     6.3358e-04  0.0000e+00     2.6762e-02  0.0000e+00     6.5656e-03  0.0000e+00     2.7733e-01  0.0000e+00 
4.7394e+01     4.8876e-04  0.0000e+00     2.3164e-02  0.0000e+00     5.6828e-03  0.0000e+00     2.6933e-01  0.0000e+00 
5.3176e+01     2.7913e-04  0.0000e+00     1.4843e-02  0.0000e+00     3.6414e-03  0.0000e+00     1.9364e-01  0.0000e+00 
5.9665e+01     1.5831e-04  0.0000e+00     9.4455e-03  0.0000e+00     2.3173e-03  0.0000e+00     1.3826e-01  0.0000e+00 
6.6945e+01     1.1086e-04  0.0000e+00     7.4215e-03  0.0000e+00     1.8207e-03  0.0000e+00     1.2189e-01  0.0000e+00 
7.5114e+01     7.1857e-05  0.0000e+00     5.3974e-03  0.0000e+00     1.3242e-03  0.0000e+00     9.9462e-02  0.0000e+00 
8.4279e+01     3.4690e-05  0.0000e+00     2.9236e-03  0.0000e+00     7.1725e-04  0.0000e+00     6.0449e-02  0.0000e+00 
9.4563e+01     2.3782e-05  0.0000e+00     2.2489e-03  0.0000e+00     5.5173e-04  0.0000e+00     5.2173e-02  0.0000e+00 
1.0610e+02     4.2392e-06  0.0000e+00     4.4979e-04  0.0000e+00     1.1035e-04  0.0000e+00     1.1708e-02  0.0000e+00 
1.1905e+02     1.8891e-06  0.0000e+00     2.2489e-04  0.0000e+00     5.5173e-05  0.0000e+00     6.5682e-03  0.0000e+00 
1.3357e+02     0.0000e+00  0.0000e+00     0.0000e+00  0.0000e+00     0.0000e+00  0.0000e+00     0.0000e+00  0.0000e+00 
1.4987e+02     0.0000e+00  0.0000e+00     0.0000e+00  0.0000e+00     0.0000e+00  0.0000e+00     0.0000e+00  0.0000e+00 
1.6816e+02     0.0000e+00  0.0000e+00     0.0000e+00  0.0000e+00     0.0000e+00  0.0000e+00     0.0000e+00  0.0000e+00 
1.8868e+02     0.0000e+00  0.0000e+00     0.0000e+00  0.0000e+00     0.0000e+00  0.0000e+00     0.0000e+00  0.0000e+00 
2.1170e+02     0.0000e+00  0.0000e+00     0.0000e+00  0.0000e+00     0.0000e+00  0.0000e+00     0.0000e+00  0.0000e+00 
2.3753e+02     0.0000e+00  0.0000e+00     0.0000e+00  0.0000e+00     0.0000e+00  0.0000e+00     0.0000e+00  0.0000e+00 
2.6651e+02     0.0000e+00  0.0000e+00     0.0000e+00  0.0000e+00     0.0000e+00  0.0000e+00     0.0000e+00  0.0000e+00 
2.9903e+02     0.0000e+00  0.0000e+00     0.0000e+00  0.0000e+00     0.0000e+00  0.0000e+00     0.0000e+00  0.0000e+00 
3.3552e+02     0.0000e+00  0.0000e+00     0.0000e+00  0.0000e+00     0.0000e+00  0.0000e+00     0.0000e+00  0.0000e+00 
3.7646e+02     0.0000e+00  0.0000e+00     0.0000e+00  0.0000e+00     0.0000e+00  0.0000e+00     0.0000e+00  0.0000e+00 
4.2240e+02     0.0000e+00  0.0000e+00     0.0000e+00  0.0000e+00     0.0000e+00  0.0000e+00     0.0000e+00  0.0000e+00 
4.7394e+02     0.0000e+00  0.0000e+00     0.0000e+00  0.0000e+00     0.0000e+00  0.0000e+00     0.0000e+00  0.0000e+00 
5.3176e+02     0.0000e+00  0.0000e+00     0.0000e+00  0.0000e+00     0.0000e+00  0.0000e+00     0.0000e+00  0.0000e+00 
5.9665e+02     0.0000e+00  0.0000e+00     0.0000e+00  0.0000e+00     0.0000e+00  0.0000e+00     0.0000e+00  0.0000e+00 
6.6945e+02     0.0000e+00  0.0000e+00     0.0000e+00  0.0000e+00     0.0000e+00  0.0000e+00     0.0000e+00  0.0000e+00 
7.5114e+02     0.0000e+00  0.0000e+00     0.0000e+00  0.0000e+00     0.0000e+00  0.0000e+00     0.0000e+00  0.0000e+00 
8.4279e+02     0.0000e+00  0.0000e+00     0.0000e+00  0.0000e+00     0.0000e+00  0.0000e+00     0.0000e+00  0.0000e+00 
9.4563e+02     0.0000e+00  0.0000e+00     0.0000e+00  0.0000e+00     0.0000e+00  0.0000e+00     0.0000e+00  0.0000e+00 
1.0610e+03     0.0000e+00  0.0000e+00     0.0000e+00  0.0000e+00     0.0000e+00  0.0000e+00     0.0000e+00  0.0000e+00 
1.1905e+03     0.0000e+00  0.0000e+00     0.0000e+00  0.0000e+00     0.0000e+00  0.0000e+00     0.0000e+00  0.0000e+00 
1.3357e+03     0.0000e+00  0.0000e+00     0.0000e+00  0.0000e+00     0.0000e+00  0.0000e+00     0.0000e+00  0.0000e+00 
1.4987e+03     0.0000e+00  0.0000e+00     0.0000e+00  0.0000e+00     0.0000e+00  0.0000e+00     0.0000e+00  0.0000e+00 
1.6816e+03     0.0000e+00  0.0000e+00     0.0000e+00  0.0000e+00     0.0000e+00  0.0000e+00     0.0000e+00  0.0000e+00 
1.8868e+03     0.0000e+00  0.0000e+00     0.0000e+00  0.0000e+00     0.0000e+00  0.0000e+00     0.0000e+00  0.0000e+00 
2.1170e+03     0.0000e+00  0.0000e+00     0.0000e+00  0.0000e+00     0.0000e+00  0.0000e+00     0.0000e+00  0.0000e+00 
2.3753e+03     0.0000e+00  0.0000e+00     0.0000e+00  0.0000e+00     0.0000e+00  0.0000e+00     0.0000e+00  0.0000e+00 
2.6651e+03     0.0000e+00  0.0000e+00     0.0000e+00  0.0000e+00     0.0000e+00  0.0000e+00     0.0000e+00  0.0000e+00 
2.9903e+03     0.0000e+00  0.0000e+00     0.0000e+00  0.0000e+00     0.0000e+00  0.0000e+00     0.0000e+00  0.0000e+00 
3.3552e+03     0.0000e+00  0.0000e+00     0.0000e+00  0.0000e+00     0.0000e+00  0.0000e+00     0.0000e+00  0.0000e+00 
3.7646e+03     0.0000e+00  0.0000e+00     0.0000e+00  0.0000e+00     0.0000e+00  0.0000e+00     0.0000e+00  0.0000e+00 
4.2240e+03     0.0000e+00  0.0000e+00     0.0000e+00  0.0000e+00     0.0000e+00  0.0000e+00     0.0000e+00  0.0000e+00 
4.7394e+03     0.0000e+00  0.0000e+00     0.0000e+00  0.0000e+00     0.0000e+00  0.0000e+00     0.0000e+00  0.0000e+00 
5.3176e+03     0.0000e+00  0.0000e+00     0.0000e+00  0.0000e+00     0.0000e+00  0.0000e+00     0.0000e+00  0.0000e+00 
5.9665e+03     0.0000e+00  0.0000e+00     0.0000e+00  0.0000e+00     0.0000e+00  0.0000e+00     0.0000e+00  0.0000e+00 
6.6945e+03     0.0000e+00  0.0000e+00     0.0000e+00  0.0000e+00     0.0000e+00  0.0000e+00     0.0000e+00  0.0000e+00 
7.5114e+03     0.0000e+00  0.0000e+00     0.0000e+00  0.0000e+00     0.0000e+00  0.0000e+00     0.0000e+00  0.0000e+00 
8.4279e+03     0.0000e+00  0.0000e+00     0.0000e+00  0.0000e+00     0.0000e+00  0.0000e+00     0.0000e+00  0.0000e+00 
9.4563e+03     0.0000e+00  0.0000e+00     0.0000e+00  0.0000e+00     0.0000e+00  0.0000e+00     0.0000e+00  0.0000e+00 
