yF = 5.1768e+00 (std: 0.0000e+00) keV/um
yD = 2.4245e+01 (std: 0.0000e+00) keV/um
y (keV/um)     f(y)(std)                  yf(y)(std)                 d(y)(std)                  yd(y)(std)  
1.0610e-01     2.4117e+01  0.0000e+00     2.5588e+00  0.0000e+00     4.9428e-01  0.0000e+00     5.2444e-02  0.0000e+00 
1.1905e-01     2.0005e+00  0.0000e+00     2.3816e-01  0.0000e+00     4.6005e-02  0.0000e+00     5.4767e-03  0.0000e+00 
1.3357e-01     5.3904e-01  0.0000e+00     7.2001e-02  0.0000e+00     1.3908e-02  0.0000e+00     1.8578e-03  0.0000e+00 
1.4987e-01     3.0303e+00  0.0000e+00     4.5416e-01  0.0000e+00     8.7730e-02  0.0000e+00     1.3148e-02  0.0000e+00 
1.6816e-01     9.2222e-01  0.0000e+00     1.5508e-01  0.0000e+00     2.9957e-02  0.0000e+00     5.0375e-03  0.0000e+00 
1.8868e-01     5.5774e-01  0.0000e+00     1.0523e-01  0.0000e+00     2.0328e-02  0.0000e+00     3.8354e-03  0.0000e+00 
2.1170e-01     5.8865e-01  0.0000e+00     1.2462e-01  0.0000e+00     2.4072e-02  0.0000e+00     5.0961e-03  0.0000e+00 
2.3753e-01     5.1298e-01  0.0000e+00     1.2185e-01  0.0000e+00     2.3537e-02  0.0000e+00     5.5908e-03  0.0000e+00 
2.6651e-01     3.4289e-01  0.0000e+00     9.1386e-02  0.0000e+00     1.7653e-02  0.0000e+00     4.7048e-03  0.0000e+00 
2.9903e-01     2.0374e-01  0.0000e+00     6.0924e-02  0.0000e+00     1.1769e-02  0.0000e+00     3.5192e-03  0.0000e+00 
3.3552e-01     1.4361e+00  0.0000e+00     4.8185e-01  0.0000e+00     9.3079e-02  0.0000e+00     3.1230e-02  0.0000e+00 
3.7646e-01     7.2089e-01  0.0000e+00     2.7139e-01  0.0000e+00     5.2424e-02  0.0000e+00     1.9736e-02  0.0000e+00 
4.2240e-01     3.0814e-01  0.0000e+00     1.3016e-01  0.0000e+00     2.5142e-02  0.0000e+00     1.0620e-02  0.0000e+00 
4.7394e-01     3.3890e-01  0.0000e+00     1.6062e-01  0.0000e+00     3.1026e-02  0.0000e+00     1.4705e-02  0.0000e+00 
5.3176e-01     2.4476e-01  0.0000e+00     1.3016e-01  0.0000e+00     2.5142e-02  0.0000e+00     1.3370e-02  0.0000e+00 
5.9665e-01     8.8186e-02  0.0000e+00     5.2616e-02  0.0000e+00     1.0164e-02  0.0000e+00     6.0642e-03  0.0000e+00 
6.6945e-01     1.7787e-01  0.0000e+00     1.1908e-01  0.0000e+00     2.3002e-02  0.0000e+00     1.5399e-02  0.0000e+00 
7.5114e-01     1.8802e-01  0.0000e+00     1.4123e-01  0.0000e+00     2.7282e-02  0.0000e+00     2.0492e-02  0.0000e+00 
8.4279e-01     1.0515e-01  0.0000e+00     8.8616e-02  0.0000e+00     1.7118e-02  0.0000e+00     1.4427e-02  0.0000e+00 
9.4563e-01     5.8570e-02  0.0000e+00     5.5385e-02  0.0000e+00     1.0699e-02  0.0000e+00     1.0117e-02  0.0000e+00 
1.0610e+00     2.6100e-02  0.0000e+00     2.7693e-02  0.0000e+00     5.3494e-03  0.0000e+00     5.6757e-03  0.0000e+00 
1.1905e+00     1.3957e-02  0.0000e+00     1.6616e-02  0.0000e+00     3.2096e-03  0.0000e+00     3.8210e-03  0.0000e+00 
1.3357e+00     1.2439e-02  0.0000e+00     1.6616e-02  0.0000e+00     3.2096e-03  0.0000e+00     4.2872e-03  0.0000e+00 
1.4987e+00     3.6955e-03  0.0000e+00     5.5385e-03  0.0000e+00     1.0699e-03  0.0000e+00     1.6034e-03  0.0000e+00 
1.6816e+00     1.6468e-03  0.0000e+00     2.7693e-03  0.0000e+00     5.3494e-04  0.0000e+00     8.9954e-04  0.0000e+00 
1.8868e+00     0.0000e+00  0.0000e+00     0.0000e+00  0.0000e+00     0.0000e+00  0.0000e+00     0.0000e+00  0.0000e+00 
2.1170e+00     0.0000e+00  0.0000e+00     0.0000e+00  0.0000e+00     0.0000e+00  0.0000e+00     0.0000e+00  0.0000e+00 
2.3753e+00     0.0000e+00  0.0000e+00     0.0000e+00  0.0000e+00     0.0000e+00  0.0000e+00     0.0000e+00  0.0000e+00 
2.6651e+00     0.0000e+00  0.0000e+00     0.0000e+00  0.0000e+00     0.0000e+00  0.0000e+00     0.0000e+00  0.0000e+00 
2.9903e+00     0.0000e+00  0.0000e+00     0.0000e+00  0.0000e+00     0.0000e+00  0.0000e+00     0.0000e+00  0.0000e+00 
3.3552e+00     0.0000e+00  0.0000e+00     0.0000e+00  0.0000e+00     0.0000e+00  0.0000e+00     0.0000e+00  0.0000e+00 
3.7646e+00     0.0000e+00  0.0000e+00     0.0000e+00  0.0000e+00     0.0000e+00  0.0000e+00     0.0000e+00  0.0000e+00 
4.2240e+00     0.0000e+00  0.0000e+00     0.0000e+00  0.0000e+00     0.0000e+00  0.0000e+00     0.0000e+00  0.0000e+00 
4.7394e+00     0.0000e+00  0.0000e+00     0.0000e+00  0.0000e+00     0.0000e+00  0.0000e+00     0.0000e+00  0.0000e+00 
5.3176e+00     0.0000e+00  0.0000e+00     0.0000e+00  0.0000e+00     0.0000e+00  0.0000e+00     0.0000e+00  0.0000e+00 
5.9665e+00     9.9325e-02  0.0000e+00     5.9262e-01  0.0000e+00     1.1448e-01  0.0000e+00     6.8303e-01  0.0000e+00 
6.6945e+00     2.1510e-02  0.0000e+00     1.4400e-01  0.0000e+00     2.7817e-02  0.0000e+00     1.8622e-01  0.0000e+00 
7.5114e+00     6.6362e-03  0.0000e+00     4.9847e-02  0.0000e+00     9.6289e-03  0.0000e+00     7.2326e-02  0.0000e+00 
8.4279e+00     2.7930e-02  0.0000e+00     2.3539e-01  0.0000e+00     4.5470e-02  0.0000e+00     3.8321e-01  0.0000e+00 
9.4563e+00     1.7278e-02  0.0000e+00     1.6339e-01  0.0000e+00     3.1561e-02  0.0000e+00     2.9845e-01  0.0000e+00 
1.0610e+01     5.5072e-02  0.0000e+00     5.8431e-01  0.0000e+00     1.1287e-01  0.0000e+00     1.1976e+00  0.0000e+00 
1.1905e+01     1.9307e-02  0.0000e+00     2.2985e-01  0.0000e+00     4.4400e-02  0.0000e+00     5.2857e-01  0.0000e+00 
1.3357e+01     1.3269e-02  0.0000e+00     1.7723e-01  0.0000e+00     3.4236e-02  0.0000e+00     4.5730e-01  0.0000e+00 
1.4987e+01     7.3910e-03  0.0000e+00     1.1077e-01  0.0000e+00     2.1398e-02  0.0000e+00     3.2069e-01  0.0000e+00 
1.6816e+01     4.9404e-03  0.0000e+00     8.3078e-02  0.0000e+00     1.6048e-02  0.0000e+00     2.6986e-01  0.0000e+00 
1.8868e+01     5.5774e-03  0.0000e+00     1.0523e-01  0.0000e+00     2.0328e-02  0.0000e+00     3.8354e-01  0.0000e+00 
2.1170e+01     4.5784e-03  0.0000e+00     9.6924e-02  0.0000e+00     1.8723e-02  0.0000e+00     3.9636e-01  0.0000e+00 
2.3753e+01     3.4976e-03  0.0000e+00     8.3078e-02  0.0000e+00     1.6048e-02  0.0000e+00     3.8119e-01  0.0000e+00 
2.6651e+01     2.2860e-03  0.0000e+00     6.0924e-02  0.0000e+00     1.1769e-02  0.0000e+00     3.1365e-01  0.0000e+00 
2.9903e+01     2.1300e-03  0.0000e+00     6.3693e-02  0.0000e+00     1.2304e-02  0.0000e+00     3.6792e-01  0.0000e+00 
3.3552e+01     9.9044e-04  0.0000e+00     3.3231e-02  0.0000e+00     6.4193e-03  0.0000e+00     2.1538e-01  0.0000e+00 
3.7646e+01     1.7655e-03  0.0000e+00     6.6462e-02  0.0000e+00     1.2839e-02  0.0000e+00     4.8332e-01  0.0000e+00 
4.2240e+01     1.1801e-03  0.0000e+00     4.9847e-02  0.0000e+00     9.6289e-03  0.0000e+00     4.0672e-01  0.0000e+00 
4.7394e+01     4.0902e-04  0.0000e+00     1.9385e-02  0.0000e+00     3.7446e-03  0.0000e+00     1.7747e-01  0.0000e+00 
5.3176e+01     2.0831e-04  0.0000e+00     1.1077e-02  0.0000e+00     2.1398e-03  0.0000e+00     1.1378e-01  0.0000e+00 
5.9665e+01     9.2827e-05  0.0000e+00     5.5385e-03  0.0000e+00     1.0699e-03  0.0000e+00     6.3834e-02  0.0000e+00 
6.6945e+01     2.0683e-04  0.0000e+00     1.3846e-02  0.0000e+00     2.6747e-03  0.0000e+00     1.7906e-01  0.0000e+00 
7.5114e+01     1.8434e-04  0.0000e+00     1.3846e-02  0.0000e+00     2.6747e-03  0.0000e+00     2.0091e-01  0.0000e+00 
8.4279e+01     1.9715e-04  0.0000e+00     1.6616e-02  0.0000e+00     3.2096e-03  0.0000e+00     2.7050e-01  0.0000e+00 
9.4563e+01     0.0000e+00  0.0000e+00     0.0000e+00  0.0000e+00     0.0000e+00  0.0000e+00     0.0000e+00  0.0000e+00 
1.0610e+02     0.0000e+00  0.0000e+00     0.0000e+00  0.0000e+00     0.0000e+00  0.0000e+00     0.0000e+00  0.0000e+00 
1.1905e+02     0.0000e+00  0.0000e+00     0.0000e+00  0.0000e+00     0.0000e+00  0.0000e+00     0.0000e+00  0.0000e+00 
1.3357e+02     2.0732e-05  0.0000e+00     2.7693e-03  0.0000e+00     5.3494e-04  0.0000e+00     7.1453e-02  0.0000e+00 
1.4987e+02     0.0000e+00  0.0000e+00     0.0000e+00  0.0000e+00     0.0000e+00  0.0000e+00     0.0000e+00  0.0000e+00 
1.6816e+02     0.0000e+00  0.0000e+00     0.0000e+00  0.0000e+00     0.0000e+00  0.0000e+00     0.0000e+00  0.0000e+00 
1.8868e+02     0.0000e+00  0.0000e+00     0.0000e+00  0.0000e+00     0.0000e+00  0.0000e+00     0.0000e+00  0.0000e+00 
2.1170e+02     0.0000e+00  0.0000e+00     0.0000e+00  0.0000e+00     0.0000e+00  0.0000e+00     0.0000e+00  0.0000e+00 
2.3753e+02     0.0000e+00  0.0000e+00     0.0000e+00  0.0000e+00     0.0000e+00  0.0000e+00     0.0000e+00  0.0000e+00 
2.6651e+02     0.0000e+00  0.0000e+00     0.0000e+00  0.0000e+00     0.0000e+00  0.0000e+00     0.0000e+00  0.0000e+00 
2.9903e+02     0.0000e+00  0.0000e+00     0.0000e+00  0.0000e+00     0.0000e+00  0.0000e+00     0.0000e+00  0.0000e+00 
3.3552e+02     0.0000e+00  0.0000e+00     0.0000e+00  0.0000e+00     0.0000e+00  0.0000e+00     0.0000e+00  0.0000e+00 
3.7646e+02     0.0000e+00  0.0000e+00     0.0000e+00  0.0000e+00     0.0000e+00  0.0000e+00     0.0000e+00  0.0000e+00 
4.2240e+02     0.0000e+00  0.0000e+00     0.0000e+00  0.0000e+00     0.0000e+00  0.0000e+00     0.0000e+00  0.0000e+00 
4.7394e+02     0.0000e+00  0.0000e+00     0.0000e+00  0.0000e+00     0.0000e+00  0.0000e+00     0.0000e+00  0.0000e+00 
5.3176e+02     0.0000e+00  0.0000e+00     0.0000e+00  0.0000e+00     0.0000e+00  0.0000e+00     0.0000e+00  0.0000e+00 
5.9665e+02     0.0000e+00  0.0000e+00     0.0000e+00  0.0000e+00     0.0000e+00  0.0000e+00     0.0000e+00  0.0000e+00 
6.6945e+02     0.0000e+00  0.0000e+00     0.0000e+00  0.0000e+00     0.0000e+00  0.0000e+00     0.0000e+00  0.0000e+00 
7.5114e+02     0.0000e+00  0.0000e+00     0.0000e+00  0.0000e+00     0.0000e+00  0.0000e+00     0.0000e+00  0.0000e+00 
8.4279e+02     0.0000e+00  0.0000e+00     0.0000e+00  0.0000e+00     0.0000e+00  0.0000e+00     0.0000e+00  0.0000e+00 
9.4563e+02     0.0000e+00  0.0000e+00     0.0000e+00  0.0000e+00     0.0000e+00  0.0000e+00     0.0000e+00  0.0000e+00 
1.0610e+03     0.0000e+00  0.0000e+00     0.0000e+00  0.0000e+00     0.0000e+00  0.0000e+00     0.0000e+00  0.0000e+00 
1.1905e+03     0.0000e+00  0.0000e+00     0.0000e+00  0.0000e+00     0.0000e+00  0.0000e+00     0.0000e+00  0.0000e+00 
1.3357e+03     0.0000e+00  0.0000e+00     0.0000e+00  0.0000e+00     0.0000e+00  0.0000e+00     0.0000e+00  0.0000e+00 
1.4987e+03     0.0000e+00  0.0000e+00     0.0000e+00  0.0000e+00     0.0000e+00  0.0000e+00     0.0000e+00  0.0000e+00 
1.6816e+03     0.0000e+00  0.0000e+00     0.0000e+00  0.0000e+00     0.0000e+00  0.0000e+00     0.0000e+00  0.0000e+00 
1.8868e+03     0.0000e+00  0.0000e+00     0.0000e+00  0.0000e+00     0.0000e+00  0.0000e+00     0.0000e+00  0.0000e+00 
2.1170e+03     0.0000e+00  0.0000e+00     0.0000e+00  0.0000e+00     0.0000e+00  0.0000e+00     0.0000e+00  0.0000e+00 
2.3753e+03     0.0000e+00  0.0000e+00     0.0000e+00  0.0000e+00     0.0000e+00  0.0000e+00     0.0000e+00  0.0000e+00 
2.6651e+03     0.0000e+00  0.0000e+00     0.0000e+00  0.0000e+00     0.0000e+00  0.0000e+00     0.0000e+00  0.0000e+00 
2.9903e+03     0.0000e+00  0.0000e+00     0.0000e+00  0.0000e+00     0.0000e+00  0.0000e+00     0.0000e+00  0.0000e+00 
3.3552e+03     0.0000e+00  0.0000e+00     0.0000e+00  0.0000e+00     0.0000e+00  0.0000e+00     0.0000e+00  0.0000e+00 
3.7646e+03     0.0000e+00  0.0000e+00     0.0000e+00  0.0000e+00     0.0000e+00  0.0000e+00     0.0000e+00  0.0000e+00 
4.2240e+03     0.0000e+00  0.0000e+00     0.0000e+00  0.0000e+00     0.0000e+00  0.0000e+00     0.0000e+00  0.0000e+00 
4.7394e+03     0.0000e+00  0.0000e+00     0.0000e+00  0.0000e+00     0.0000e+00  0.0000e+00     0.0000e+00  0.0000e+00 
5.3176e+03     0.0000e+00  0.0000e+00     0.0000e+00  0.0000e+00     0.0000e+00  0.0000e+00     0.0000e+00  0.0000e+00 
5.9665e+03     0.0000e+00  0.0000e+00     0.0000e+00  0.0000e+00     0.0000e+00  0.0000e+00     0.0000e+00  0.0000e+00 
6.6945e+03     0.0000e+00  0.0000e+00     0.0000e+00  0.0000e+00     0.0000e+00  0.0000e+00     0.0000e+00  0.0000e+00 
7.5114e+03     0.0000e+00  0.0000e+00     0.0000e+00  0.0000e+00     0.0000e+00  0.0000e+00     0.0000e+00  0.0000e+00 
8.4279e+03     0.0000e+00  0.0000e+00     0.0000e+00  0.0000e+00     0.0000e+00  0.0000e+00     0.0000e+00  0.0000e+00 
9.4563e+03     0.0000e+00  0.0000e+00     0.0000e+00  0.0000e+00     0.0000e+00  0.0000e+00     0.0000e+00  0.0000e+00 
