yF = 1.0203e+02 (std: 0.0000e+00) keV/um
yD = 1.1871e+02 (std: 0.0000e+00) keV/um
y (keV/um)     f(y)(std)                  yf(y)(std)                 d(y)(std)                  yd(y)(std)  
1.0610e-01     5.1632e-03  0.0000e+00     5.4783e-04  0.0000e+00     5.3695e-06  0.0000e+00     5.6970e-07  0.0000e+00 
1.1905e-01     8.7652e-04  0.0000e+00     1.0435e-04  0.0000e+00     1.0228e-06  0.0000e+00     1.2176e-07  0.0000e+00 
1.3357e-01     7.1610e-04  0.0000e+00     9.5652e-05  0.0000e+00     9.3752e-07  0.0000e+00     1.2523e-07  0.0000e+00 
1.4987e-01     5.2219e-04  0.0000e+00     7.8261e-05  0.0000e+00     7.6707e-07  0.0000e+00     1.1496e-07  0.0000e+00 
1.6816e-01     4.1369e-04  0.0000e+00     6.9565e-05  0.0000e+00     6.8184e-07  0.0000e+00     1.1466e-07  0.0000e+00 
1.8868e-01     5.0696e-04  0.0000e+00     9.5652e-05  0.0000e+00     9.3752e-07  0.0000e+00     1.7689e-07  0.0000e+00 
2.1170e-01     4.1075e-04  0.0000e+00     8.6956e-05  0.0000e+00     8.5230e-07  0.0000e+00     1.8043e-07  0.0000e+00 
2.3753e-01     6.2235e-04  0.0000e+00     1.4783e-04  0.0000e+00     1.4489e-06  0.0000e+00     3.4416e-07  0.0000e+00 
2.6651e-01     5.5467e-04  0.0000e+00     1.4783e-04  0.0000e+00     1.4489e-06  0.0000e+00     3.8615e-07  0.0000e+00 
2.9903e-01     4.0711e-04  0.0000e+00     1.2174e-04  0.0000e+00     1.1932e-06  0.0000e+00     3.5681e-07  0.0000e+00 
3.3552e-01     5.1834e-04  0.0000e+00     1.7391e-04  0.0000e+00     1.7046e-06  0.0000e+00     5.7193e-07  0.0000e+00 
3.7646e-01     4.3887e-04  0.0000e+00     1.6522e-04  0.0000e+00     1.6194e-06  0.0000e+00     6.0963e-07  0.0000e+00 
4.2240e-01     3.7056e-04  0.0000e+00     1.5652e-04  0.0000e+00     1.5341e-06  0.0000e+00     6.4801e-07  0.0000e+00 
4.7394e-01     4.2200e-04  0.0000e+00     2.0000e-04  0.0000e+00     1.9603e-06  0.0000e+00     9.2905e-07  0.0000e+00 
5.3176e-01     1.4717e-04  0.0000e+00     7.8261e-05  0.0000e+00     7.6707e-07  0.0000e+00     4.0790e-07  0.0000e+00 
5.9665e-01     1.3117e-04  0.0000e+00     7.8261e-05  0.0000e+00     7.6707e-07  0.0000e+00     4.5767e-07  0.0000e+00 
6.6945e-01     2.9875e-04  0.0000e+00     2.0000e-04  0.0000e+00     1.9603e-06  0.0000e+00     1.3123e-06  0.0000e+00 
7.5114e-01     1.6207e-04  0.0000e+00     1.2174e-04  0.0000e+00     1.1932e-06  0.0000e+00     8.9627e-07  0.0000e+00 
8.4279e-01     1.3413e-04  0.0000e+00     1.1304e-04  0.0000e+00     1.1080e-06  0.0000e+00     9.3380e-07  0.0000e+00 
9.4563e-01     1.7472e-04  0.0000e+00     1.6522e-04  0.0000e+00     1.6194e-06  0.0000e+00     1.5313e-06  0.0000e+00 
1.0610e+00     6.5565e-05  0.0000e+00     6.9565e-05  0.0000e+00     6.8184e-07  0.0000e+00     7.2343e-07  0.0000e+00 
1.1905e+00     7.3044e-05  0.0000e+00     8.6956e-05  0.0000e+00     8.5230e-07  0.0000e+00     1.0146e-06  0.0000e+00 
1.3357e+00     1.3020e-05  0.0000e+00     1.7391e-05  0.0000e+00     1.7046e-07  0.0000e+00     2.2769e-07  0.0000e+00 
1.4987e+00     1.1604e-05  0.0000e+00     1.7391e-05  0.0000e+00     1.7046e-07  0.0000e+00     2.5547e-07  0.0000e+00 
1.6816e+00     5.1711e-06  0.0000e+00     8.6956e-06  0.0000e+00     8.5230e-08  0.0000e+00     1.4332e-07  0.0000e+00 
1.8868e+00     0.0000e+00  0.0000e+00     0.0000e+00  0.0000e+00     0.0000e+00  0.0000e+00     0.0000e+00  0.0000e+00 
2.1170e+00     8.2151e-06  0.0000e+00     1.7391e-05  0.0000e+00     1.7046e-07  0.0000e+00     3.6086e-07  0.0000e+00 
2.3753e+00     3.6609e-06  0.0000e+00     8.6956e-06  0.0000e+00     8.5230e-08  0.0000e+00     2.0245e-07  0.0000e+00 
2.6651e+00     0.0000e+00  0.0000e+00     0.0000e+00  0.0000e+00     0.0000e+00  0.0000e+00     0.0000e+00  0.0000e+00 
2.9903e+00     0.0000e+00  0.0000e+00     0.0000e+00  0.0000e+00     0.0000e+00  0.0000e+00     0.0000e+00  0.0000e+00 
3.3552e+00     0.0000e+00  0.0000e+00     0.0000e+00  0.0000e+00     0.0000e+00  0.0000e+00     0.0000e+00  0.0000e+00 
3.7646e+00     0.0000e+00  0.0000e+00     0.0000e+00  0.0000e+00     0.0000e+00  0.0000e+00     0.0000e+00  0.0000e+00 
4.2240e+00     0.0000e+00  0.0000e+00     0.0000e+00  0.0000e+00     0.0000e+00  0.0000e+00     0.0000e+00  0.0000e+00 
4.7394e+00     0.0000e+00  0.0000e+00     0.0000e+00  0.0000e+00     0.0000e+00  0.0000e+00     0.0000e+00  0.0000e+00 
5.3176e+00     0.0000e+00  0.0000e+00     0.0000e+00  0.0000e+00     0.0000e+00  0.0000e+00     0.0000e+00  0.0000e+00 
5.9665e+00     4.3722e-05  0.0000e+00     2.6087e-04  0.0000e+00     2.5569e-06  0.0000e+00     1.5256e-05  0.0000e+00 
6.6945e+00     6.1049e-05  0.0000e+00     4.0869e-04  0.0000e+00     4.0058e-06  0.0000e+00     2.6817e-05  0.0000e+00 
7.5114e+00     2.0838e-05  0.0000e+00     1.5652e-04  0.0000e+00     1.5341e-06  0.0000e+00     1.1523e-05  0.0000e+00 
8.4279e+00     5.1382e-04  0.0000e+00     4.3304e-03  0.0000e+00     4.2444e-05  0.0000e+00     3.5772e-04  0.0000e+00 
9.4563e+00     3.8806e-04  0.0000e+00     3.6696e-03  0.0000e+00     3.5967e-05  0.0000e+00     3.4011e-04  0.0000e+00 
1.0610e+01     4.7207e-04  0.0000e+00     5.0087e-03  0.0000e+00     4.9092e-05  0.0000e+00     5.2087e-04  0.0000e+00 
1.1905e+01     3.1701e-04  0.0000e+00     3.7739e-03  0.0000e+00     3.6990e-05  0.0000e+00     4.4035e-04  0.0000e+00 
1.3357e+01     2.9230e-04  0.0000e+00     3.9043e-03  0.0000e+00     3.8268e-05  0.0000e+00     5.1116e-04  0.0000e+00 
1.4987e+01     2.3672e-04  0.0000e+00     3.5478e-03  0.0000e+00     3.4774e-05  0.0000e+00     5.2116e-04  0.0000e+00 
1.6816e+01     4.7471e-04  0.0000e+00     7.9826e-03  0.0000e+00     7.8241e-05  0.0000e+00     1.3157e-03  0.0000e+00 
1.8868e+01     8.7243e-04  0.0000e+00     1.6461e-02  0.0000e+00     1.6134e-04  0.0000e+00     3.0441e-03  0.0000e+00 
2.1170e+01     1.0725e-03  0.0000e+00     2.2704e-02  0.0000e+00     2.2253e-04  0.0000e+00     4.7110e-03  0.0000e+00 
2.3753e+01     1.0130e-03  0.0000e+00     2.4061e-02  0.0000e+00     2.3583e-04  0.0000e+00     5.6017e-03  0.0000e+00 
2.6651e+01     1.3491e-03  0.0000e+00     3.5956e-02  0.0000e+00     3.5242e-04  0.0000e+00     9.3926e-03  0.0000e+00 
2.9903e+01     1.9672e-03  0.0000e+00     5.8826e-02  0.0000e+00     5.7658e-04  0.0000e+00     1.7242e-02  0.0000e+00 
3.3552e+01     2.3468e-03  0.0000e+00     7.8739e-02  0.0000e+00     7.7175e-04  0.0000e+00     2.5894e-02  0.0000e+00 
3.7646e+01     2.9132e-03  0.0000e+00     1.0967e-01  0.0000e+00     1.0749e-03  0.0000e+00     4.0466e-02  0.0000e+00 
4.2240e+01     3.8526e-03  0.0000e+00     1.6273e-01  0.0000e+00     1.5950e-03  0.0000e+00     6.7371e-02  0.0000e+00 
4.7394e+01     4.6754e-03  0.0000e+00     2.2158e-01  0.0000e+00     2.1718e-03  0.0000e+00     1.0293e-01  0.0000e+00 
5.3176e+01     5.9400e-03  0.0000e+00     3.1587e-01  0.0000e+00     3.0960e-03  0.0000e+00     1.6463e-01  0.0000e+00 
5.9665e+01     7.0138e-03  0.0000e+00     4.1848e-01  0.0000e+00     4.1017e-03  0.0000e+00     2.4473e-01  0.0000e+00 
6.6945e+01     8.2424e-03  0.0000e+00     5.5179e-01  0.0000e+00     5.4083e-03  0.0000e+00     3.6206e-01  0.0000e+00 
7.5114e+01     9.2617e-03  0.0000e+00     6.9568e-01  0.0000e+00     6.8186e-03  0.0000e+00     5.1217e-01  0.0000e+00 
8.4279e+01     9.9346e-03  0.0000e+00     8.3728e-01  0.0000e+00     8.2065e-03  0.0000e+00     6.9163e-01  0.0000e+00 
9.4563e+01     9.8973e-03  0.0000e+00     9.3591e-01  0.0000e+00     9.1733e-03  0.0000e+00     8.6745e-01  0.0000e+00 
1.0610e+02     9.2492e-03  0.0000e+00     9.8135e-01  0.0000e+00     9.6186e-03  0.0000e+00     1.0205e+00  0.0000e+00 
1.1905e+02     7.9433e-03  0.0000e+00     9.4562e-01  0.0000e+00     9.2685e-03  0.0000e+00     1.1034e+00  0.0000e+00 
1.3357e+02     6.0932e-03  0.0000e+00     8.1389e-01  0.0000e+00     7.9773e-03  0.0000e+00     1.0656e+00  0.0000e+00 
1.4987e+02     4.1741e-03  0.0000e+00     6.2558e-01  0.0000e+00     6.1316e-03  0.0000e+00     9.1895e-01  0.0000e+00 
1.6816e+02     2.4698e-03  0.0000e+00     4.1532e-01  0.0000e+00     4.0707e-03  0.0000e+00     6.8453e-01  0.0000e+00 
1.8868e+02     1.2340e-03  0.0000e+00     2.3283e-01  0.0000e+00     2.2821e-03  0.0000e+00     4.3058e-01  0.0000e+00 
2.1170e+02     4.9788e-04  0.0000e+00     1.0540e-01  0.0000e+00     1.0331e-03  0.0000e+00     2.1870e-01  0.0000e+00 
2.3753e+02     1.6459e-04  0.0000e+00     3.9096e-02  0.0000e+00     3.8319e-04  0.0000e+00     9.1020e-02  0.0000e+00 
2.6651e+02     4.2970e-05  0.0000e+00     1.1452e-02  0.0000e+00     1.1225e-04  0.0000e+00     2.9915e-02  0.0000e+00 
2.9903e+02     8.6656e-06  0.0000e+00     2.5913e-03  0.0000e+00     2.5398e-05  0.0000e+00     7.5950e-03  0.0000e+00 
3.3552e+02     1.0108e-06  0.0000e+00     3.3913e-04  0.0000e+00     3.3240e-06  0.0000e+00     1.1153e-03  0.0000e+00 
3.7646e+02     9.2394e-08  0.0000e+00     3.4783e-05  0.0000e+00     3.4092e-07  0.0000e+00     1.2834e-04  0.0000e+00 
4.2240e+02     4.1173e-08  0.0000e+00     1.7391e-05  0.0000e+00     1.7046e-07  0.0000e+00     7.2001e-05  0.0000e+00 
4.7394e+02     0.0000e+00  0.0000e+00     0.0000e+00  0.0000e+00     0.0000e+00  0.0000e+00     0.0000e+00  0.0000e+00 
5.3176e+02     0.0000e+00  0.0000e+00     0.0000e+00  0.0000e+00     0.0000e+00  0.0000e+00     0.0000e+00  0.0000e+00 
5.9665e+02     0.0000e+00  0.0000e+00     0.0000e+00  0.0000e+00     0.0000e+00  0.0000e+00     0.0000e+00  0.0000e+00 
6.6945e+02     0.0000e+00  0.0000e+00     0.0000e+00  0.0000e+00     0.0000e+00  0.0000e+00     0.0000e+00  0.0000e+00 
7.5114e+02     0.0000e+00  0.0000e+00     0.0000e+00  0.0000e+00     0.0000e+00  0.0000e+00     0.0000e+00  0.0000e+00 
8.4279e+02     0.0000e+00  0.0000e+00     0.0000e+00  0.0000e+00     0.0000e+00  0.0000e+00     0.0000e+00  0.0000e+00 
9.4563e+02     0.0000e+00  0.0000e+00     0.0000e+00  0.0000e+00     0.0000e+00  0.0000e+00     0.0000e+00  0.0000e+00 
1.0610e+03     0.0000e+00  0.0000e+00     0.0000e+00  0.0000e+00     0.0000e+00  0.0000e+00     0.0000e+00  0.0000e+00 
1.1905e+03     0.0000e+00  0.0000e+00     0.0000e+00  0.0000e+00     0.0000e+00  0.0000e+00     0.0000e+00  0.0000e+00 
1.3357e+03     0.0000e+00  0.0000e+00     0.0000e+00  0.0000e+00     0.0000e+00  0.0000e+00     0.0000e+00  0.0000e+00 
1.4987e+03     0.0000e+00  0.0000e+00     0.0000e+00  0.0000e+00     0.0000e+00  0.0000e+00     0.0000e+00  0.0000e+00 
1.6816e+03     0.0000e+00  0.0000e+00     0.0000e+00  0.0000e+00     0.0000e+00  0.0000e+00     0.0000e+00  0.0000e+00 
1.8868e+03     0.0000e+00  0.0000e+00     0.0000e+00  0.0000e+00     0.0000e+00  0.0000e+00     0.0000e+00  0.0000e+00 
2.1170e+03     0.0000e+00  0.0000e+00     0.0000e+00  0.0000e+00     0.0000e+00  0.0000e+00     0.0000e+00  0.0000e+00 
2.3753e+03     0.0000e+00  0.0000e+00     0.0000e+00  0.0000e+00     0.0000e+00  0.0000e+00     0.0000e+00  0.0000e+00 
2.6651e+03     0.0000e+00  0.0000e+00     0.0000e+00  0.0000e+00     0.0000e+00  0.0000e+00     0.0000e+00  0.0000e+00 
2.9903e+03     0.0000e+00  0.0000e+00     0.0000e+00  0.0000e+00     0.0000e+00  0.0000e+00     0.0000e+00  0.0000e+00 
3.3552e+03     0.0000e+00  0.0000e+00     0.0000e+00  0.0000e+00     0.0000e+00  0.0000e+00     0.0000e+00  0.0000e+00 
3.7646e+03     0.0000e+00  0.0000e+00     0.0000e+00  0.0000e+00     0.0000e+00  0.0000e+00     0.0000e+00  0.0000e+00 
4.2240e+03     0.0000e+00  0.0000e+00     0.0000e+00  0.0000e+00     0.0000e+00  0.0000e+00     0.0000e+00  0.0000e+00 
4.7394e+03     0.0000e+00  0.0000e+00     0.0000e+00  0.0000e+00     0.0000e+00  0.0000e+00     0.0000e+00  0.0000e+00 
5.3176e+03     0.0000e+00  0.0000e+00     0.0000e+00  0.0000e+00     0.0000e+00  0.0000e+00     0.0000e+00  0.0000e+00 
5.9665e+03     0.0000e+00  0.0000e+00     0.0000e+00  0.0000e+00     0.0000e+00  0.0000e+00     0.0000e+00  0.0000e+00 
6.6945e+03     0.0000e+00  0.0000e+00     0.0000e+00  0.0000e+00     0.0000e+00  0.0000e+00     0.0000e+00  0.0000e+00 
7.5114e+03     0.0000e+00  0.0000e+00     0.0000e+00  0.0000e+00     0.0000e+00  0.0000e+00     0.0000e+00  0.0000e+00 
8.4279e+03     0.0000e+00  0.0000e+00     0.0000e+00  0.0000e+00     0.0000e+00  0.0000e+00     0.0000e+00  0.0000e+00 
9.4563e+03     0.0000e+00  0.0000e+00     0.0000e+00  0.0000e+00     0.0000e+00  0.0000e+00     0.0000e+00  0.0000e+00 
