yF = 1.4689e+01 (std: 0.0000e+00) keV/um
yD = 3.5158e+01 (std: 0.0000e+00) keV/um
y (keV/um)     f(y)(std)                  yf(y)(std)                 d(y)(std)                  yd(y)(std)  
1.0610e-01     8.4690e+00  0.0000e+00     8.9857e-01  0.0000e+00     6.1174e-02  0.0000e+00     6.4906e-03  0.0000e+00 
1.1905e-01     8.8051e-01  0.0000e+00     1.0482e-01  0.0000e+00     7.1362e-03  0.0000e+00     8.4954e-04  0.0000e+00 
1.3357e-01     3.8307e-01  0.0000e+00     5.1168e-02  0.0000e+00     3.4834e-03  0.0000e+00     4.6529e-04  0.0000e+00 
1.4987e-01     1.1507e+00  0.0000e+00     1.7246e-01  0.0000e+00     1.1740e-02  0.0000e+00     1.7596e-03  0.0000e+00 
1.6816e-01     5.3982e-01  0.0000e+00     9.0775e-02  0.0000e+00     6.1798e-03  0.0000e+00     1.0392e-03  0.0000e+00 
1.8868e-01     4.2186e-01  0.0000e+00     7.9595e-02  0.0000e+00     5.4187e-03  0.0000e+00     1.0224e-03  0.0000e+00 
2.1170e-01     4.2278e-01  0.0000e+00     8.9501e-02  0.0000e+00     6.0931e-03  0.0000e+00     1.2899e-03  0.0000e+00 
2.3753e-01     4.0213e-01  0.0000e+00     9.5518e-02  0.0000e+00     6.5027e-03  0.0000e+00     1.5446e-03  0.0000e+00 
2.6651e-01     2.4952e-01  0.0000e+00     6.6499e-02  0.0000e+00     4.5272e-03  0.0000e+00     1.2066e-03  0.0000e+00 
2.9903e-01     2.1531e-01  0.0000e+00     6.4384e-02  0.0000e+00     4.3831e-03  0.0000e+00     1.3107e-03  0.0000e+00 
3.3552e-01     5.1848e-01  0.0000e+00     1.7396e-01  0.0000e+00     1.1843e-02  0.0000e+00     3.9735e-03  0.0000e+00 
3.7646e-01     4.5264e-01  0.0000e+00     1.7040e-01  0.0000e+00     1.1601e-02  0.0000e+00     4.3671e-03  0.0000e+00 
4.2240e-01     2.7700e-01  0.0000e+00     1.1701e-01  0.0000e+00     7.9656e-03  0.0000e+00     3.3646e-03  0.0000e+00 
4.7394e-01     2.8001e-01  0.0000e+00     1.3271e-01  0.0000e+00     9.0346e-03  0.0000e+00     4.2818e-03  0.0000e+00 
5.3176e-01     2.3314e-01  0.0000e+00     1.2397e-01  0.0000e+00     8.4400e-03  0.0000e+00     4.4881e-03  0.0000e+00 
5.9665e-01     1.5817e-01  0.0000e+00     9.4375e-02  0.0000e+00     6.4249e-03  0.0000e+00     3.8334e-03  0.0000e+00 
6.6945e-01     1.5370e-01  0.0000e+00     1.0290e-01  0.0000e+00     7.0051e-03  0.0000e+00     4.6896e-03  0.0000e+00 
7.5114e-01     1.5019e-01  0.0000e+00     1.1281e-01  0.0000e+00     7.6802e-03  0.0000e+00     5.7689e-03  0.0000e+00 
8.4279e-01     1.0032e-01  0.0000e+00     8.4548e-02  0.0000e+00     5.7559e-03  0.0000e+00     4.8510e-03  0.0000e+00 
9.4563e-01     7.3960e-02  0.0000e+00     6.9939e-02  0.0000e+00     4.7613e-03  0.0000e+00     4.5024e-03  0.0000e+00 
1.0610e+00     5.5077e-02  0.0000e+00     5.8438e-02  0.0000e+00     3.9783e-03  0.0000e+00     4.2211e-03  0.0000e+00 
1.1905e+00     3.9705e-02  0.0000e+00     4.7267e-02  0.0000e+00     3.2179e-03  0.0000e+00     3.8308e-03  0.0000e+00 
1.3357e+00     2.5298e-02  0.0000e+00     3.3791e-02  0.0000e+00     2.3005e-03  0.0000e+00     3.0728e-03  0.0000e+00 
1.4987e+00     1.5201e-02  0.0000e+00     2.2781e-02  0.0000e+00     1.5509e-03  0.0000e+00     2.3244e-03  0.0000e+00 
1.6816e+00     8.9681e-03  0.0000e+00     1.5081e-02  0.0000e+00     1.0267e-03  0.0000e+00     1.7264e-03  0.0000e+00 
1.8868e+00     4.8095e-03  0.0000e+00     9.0745e-03  0.0000e+00     6.1778e-04  0.0000e+00     1.1656e-03  0.0000e+00 
2.1170e+00     2.1977e-03  0.0000e+00     4.6525e-03  0.0000e+00     3.1674e-04  0.0000e+00     6.7053e-04  0.0000e+00 
2.3753e+00     8.7382e-04  0.0000e+00     2.0756e-03  0.0000e+00     1.4130e-04  0.0000e+00     3.3564e-04  0.0000e+00 
2.6651e+00     3.7999e-04  0.0000e+00     1.0127e-03  0.0000e+00     6.8945e-05  0.0000e+00     1.8375e-04  0.0000e+00 
2.9903e+00     1.9448e-04  0.0000e+00     5.8157e-04  0.0000e+00     3.9592e-05  0.0000e+00     1.1839e-04  0.0000e+00 
3.3552e+00     5.3793e-05  0.0000e+00     1.8049e-04  0.0000e+00     1.2287e-05  0.0000e+00     4.1226e-05  0.0000e+00 
3.7646e+00     1.0654e-05  0.0000e+00     4.0108e-05  0.0000e+00     2.7305e-06  0.0000e+00     1.0279e-05  0.0000e+00 
4.2240e+00     0.0000e+00  0.0000e+00     0.0000e+00  0.0000e+00     0.0000e+00  0.0000e+00     0.0000e+00  0.0000e+00 
4.7394e+00     2.1157e-06  0.0000e+00     1.0027e-05  0.0000e+00     6.8263e-07  0.0000e+00     3.2352e-06  0.0000e+00 
5.3176e+00     0.0000e+00  0.0000e+00     0.0000e+00  0.0000e+00     0.0000e+00  0.0000e+00     0.0000e+00  0.0000e+00 
5.9665e+00     5.1731e-02  0.0000e+00     3.0865e-01  0.0000e+00     2.1013e-02  0.0000e+00     1.2537e-01  0.0000e+00 
6.6945e+00     2.9363e-02  0.0000e+00     1.9657e-01  0.0000e+00     1.3382e-02  0.0000e+00     8.9587e-02  0.0000e+00 
7.5114e+00     8.6943e-03  0.0000e+00     6.5306e-02  0.0000e+00     4.4459e-03  0.0000e+00     3.3395e-02  0.0000e+00 
8.4279e+00     3.6426e-02  0.0000e+00     3.0700e-01  0.0000e+00     2.0900e-02  0.0000e+00     1.7614e-01  0.0000e+00 
9.4563e+00     3.0907e-02  0.0000e+00     2.9227e-01  0.0000e+00     1.9897e-02  0.0000e+00     1.8815e-01  0.0000e+00 
1.0610e+01     4.2188e-02  0.0000e+00     4.4762e-01  0.0000e+00     3.0473e-02  0.0000e+00     3.2332e-01  0.0000e+00 
1.1905e+01     3.1157e-02  0.0000e+00     3.7092e-01  0.0000e+00     2.5252e-02  0.0000e+00     3.0061e-01  0.0000e+00 
1.3357e+01     2.4783e-02  0.0000e+00     3.3103e-01  0.0000e+00     2.2536e-02  0.0000e+00     3.0102e-01  0.0000e+00 
1.4987e+01     1.8617e-02  0.0000e+00     2.7902e-01  0.0000e+00     1.8995e-02  0.0000e+00     2.8469e-01  0.0000e+00 
1.6816e+01     1.9959e-02  0.0000e+00     3.3563e-01  0.0000e+00     2.2849e-02  0.0000e+00     3.8422e-01  0.0000e+00 
1.8868e+01     1.5468e-02  0.0000e+00     2.9185e-01  0.0000e+00     1.9869e-02  0.0000e+00     3.7487e-01  0.0000e+00 
2.1170e+01     1.4250e-02  0.0000e+00     3.0166e-01  0.0000e+00     2.0537e-02  0.0000e+00     4.3476e-01  0.0000e+00 
2.3753e+01     1.3561e-02  0.0000e+00     3.2211e-01  0.0000e+00     2.1929e-02  0.0000e+00     5.2087e-01  0.0000e+00 
2.6651e+01     1.0936e-02  0.0000e+00     2.9147e-01  0.0000e+00     1.9843e-02  0.0000e+00     5.2883e-01  0.0000e+00 
2.9903e+01     8.3484e-03  0.0000e+00     2.4964e-01  0.0000e+00     1.6995e-02  0.0000e+00     5.0822e-01  0.0000e+00 
3.3552e+01     7.1380e-03  0.0000e+00     2.3950e-01  0.0000e+00     1.6305e-02  0.0000e+00     5.4705e-01  0.0000e+00 
3.7646e+01     5.7646e-03  0.0000e+00     2.1702e-01  0.0000e+00     1.4774e-02  0.0000e+00     5.5619e-01  0.0000e+00 
4.2240e+01     4.3316e-03  0.0000e+00     1.8296e-01  0.0000e+00     1.2456e-02  0.0000e+00     5.2613e-01  0.0000e+00 
4.7394e+01     3.3210e-03  0.0000e+00     1.5739e-01  0.0000e+00     1.0715e-02  0.0000e+00     5.0783e-01  0.0000e+00 
5.3176e+01     2.3595e-03  0.0000e+00     1.2547e-01  0.0000e+00     8.5417e-03  0.0000e+00     4.5422e-01  0.0000e+00 
5.9665e+01     1.6374e-03  0.0000e+00     9.7693e-02  0.0000e+00     6.6508e-03  0.0000e+00     3.9682e-01  0.0000e+00 
6.6945e+01     1.0793e-03  0.0000e+00     7.2255e-02  0.0000e+00     4.9190e-03  0.0000e+00     3.2930e-01  0.0000e+00 
7.5114e+01     6.6145e-04  0.0000e+00     4.9684e-02  0.0000e+00     3.3824e-03  0.0000e+00     2.5407e-01  0.0000e+00 
8.4279e+01     3.8096e-04  0.0000e+00     3.2107e-02  0.0000e+00     2.1858e-03  0.0000e+00     1.8421e-01  0.0000e+00 
9.4563e+01     2.0677e-04  0.0000e+00     1.9553e-02  0.0000e+00     1.3311e-03  0.0000e+00     1.2587e-01  0.0000e+00 
1.0610e+02     9.9325e-05  0.0000e+00     1.0538e-02  0.0000e+00     7.1744e-04  0.0000e+00     7.6121e-02  0.0000e+00 
1.1905e+02     4.7757e-05  0.0000e+00     5.6853e-03  0.0000e+00     3.8705e-04  0.0000e+00     4.6077e-02  0.0000e+00 
1.3357e+02     1.8467e-05  0.0000e+00     2.4667e-03  0.0000e+00     1.6793e-04  0.0000e+00     2.2430e-02  0.0000e+00 
1.4987e+02     7.3595e-06  0.0000e+00     1.1030e-03  0.0000e+00     7.5089e-05  0.0000e+00     1.1254e-02  0.0000e+00 
1.6816e+02     1.7889e-06  0.0000e+00     3.0081e-04  0.0000e+00     2.0479e-05  0.0000e+00     3.4437e-03  0.0000e+00 
1.8868e+02     5.3144e-07  0.0000e+00     1.0027e-04  0.0000e+00     6.8263e-06  0.0000e+00     1.2880e-03  0.0000e+00 
2.1170e+02     9.4729e-08  0.0000e+00     2.0054e-05  0.0000e+00     1.3653e-06  0.0000e+00     2.8902e-04  0.0000e+00 
2.3753e+02     0.0000e+00  0.0000e+00     0.0000e+00  0.0000e+00     0.0000e+00  0.0000e+00     0.0000e+00  0.0000e+00 
2.6651e+02     0.0000e+00  0.0000e+00     0.0000e+00  0.0000e+00     0.0000e+00  0.0000e+00     0.0000e+00  0.0000e+00 
2.9903e+02     0.0000e+00  0.0000e+00     0.0000e+00  0.0000e+00     0.0000e+00  0.0000e+00     0.0000e+00  0.0000e+00 
3.3552e+02     0.0000e+00  0.0000e+00     0.0000e+00  0.0000e+00     0.0000e+00  0.0000e+00     0.0000e+00  0.0000e+00 
3.7646e+02     0.0000e+00  0.0000e+00     0.0000e+00  0.0000e+00     0.0000e+00  0.0000e+00     0.0000e+00  0.0000e+00 
4.2240e+02     0.0000e+00  0.0000e+00     0.0000e+00  0.0000e+00     0.0000e+00  0.0000e+00     0.0000e+00  0.0000e+00 
4.7394e+02     0.0000e+00  0.0000e+00     0.0000e+00  0.0000e+00     0.0000e+00  0.0000e+00     0.0000e+00  0.0000e+00 
5.3176e+02     0.0000e+00  0.0000e+00     0.0000e+00  0.0000e+00     0.0000e+00  0.0000e+00     0.0000e+00  0.0000e+00 
5.9665e+02     0.0000e+00  0.0000e+00     0.0000e+00  0.0000e+00     0.0000e+00  0.0000e+00     0.0000e+00  0.0000e+00 
6.6945e+02     0.0000e+00  0.0000e+00     0.0000e+00  0.0000e+00     0.0000e+00  0.0000e+00     0.0000e+00  0.0000e+00 
7.5114e+02     0.0000e+00  0.0000e+00     0.0000e+00  0.0000e+00     0.0000e+00  0.0000e+00     0.0000e+00  0.0000e+00 
8.4279e+02     0.0000e+00  0.0000e+00     0.0000e+00  0.0000e+00     0.0000e+00  0.0000e+00     0.0000e+00  0.0000e+00 
9.4563e+02     0.0000e+00  0.0000e+00     0.0000e+00  0.0000e+00     0.0000e+00  0.0000e+00     0.0000e+00  0.0000e+00 
1.0610e+03     0.0000e+00  0.0000e+00     0.0000e+00  0.0000e+00     0.0000e+00  0.0000e+00     0.0000e+00  0.0000e+00 
1.1905e+03     0.0000e+00  0.0000e+00     0.0000e+00  0.0000e+00     0.0000e+00  0.0000e+00     0.0000e+00  0.0000e+00 
1.3357e+03     0.0000e+00  0.0000e+00     0.0000e+00  0.0000e+00     0.0000e+00  0.0000e+00     0.0000e+00  0.0000e+00 
1.4987e+03     0.0000e+00  0.0000e+00     0.0000e+00  0.0000e+00     0.0000e+00  0.0000e+00     0.0000e+00  0.0000e+00 
1.6816e+03     0.0000e+00  0.0000e+00     0.0000e+00  0.0000e+00     0.0000e+00  0.0000e+00     0.0000e+00  0.0000e+00 
1.8868e+03     0.0000e+00  0.0000e+00     0.0000e+00  0.0000e+00     0.0000e+00  0.0000e+00     0.0000e+00  0.0000e+00 
2.1170e+03     0.0000e+00  0.0000e+00     0.0000e+00  0.0000e+00     0.0000e+00  0.0000e+00     0.0000e+00  0.0000e+00 
2.3753e+03     0.0000e+00  0.0000e+00     0.0000e+00  0.0000e+00     0.0000e+00  0.0000e+00     0.0000e+00  0.0000e+00 
2.6651e+03     0.0000e+00  0.0000e+00     0.0000e+00  0.0000e+00     0.0000e+00  0.0000e+00     0.0000e+00  0.0000e+00 
2.9903e+03     0.0000e+00  0.0000e+00     0.0000e+00  0.0000e+00     0.0000e+00  0.0000e+00     0.0000e+00  0.0000e+00 
3.3552e+03     0.0000e+00  0.0000e+00     0.0000e+00  0.0000e+00     0.0000e+00  0.0000e+00     0.0000e+00  0.0000e+00 
3.7646e+03     0.0000e+00  0.0000e+00     0.0000e+00  0.0000e+00     0.0000e+00  0.0000e+00     0.0000e+00  0.0000e+00 
4.2240e+03     0.0000e+00  0.0000e+00     0.0000e+00  0.0000e+00     0.0000e+00  0.0000e+00     0.0000e+00  0.0000e+00 
4.7394e+03     0.0000e+00  0.0000e+00     0.0000e+00  0.0000e+00     0.0000e+00  0.0000e+00     0.0000e+00  0.0000e+00 
5.3176e+03     0.0000e+00  0.0000e+00     0.0000e+00  0.0000e+00     0.0000e+00  0.0000e+00     0.0000e+00  0.0000e+00 
5.9665e+03     0.0000e+00  0.0000e+00     0.0000e+00  0.0000e+00     0.0000e+00  0.0000e+00     0.0000e+00  0.0000e+00 
6.6945e+03     0.0000e+00  0.0000e+00     0.0000e+00  0.0000e+00     0.0000e+00  0.0000e+00     0.0000e+00  0.0000e+00 
7.5114e+03     0.0000e+00  0.0000e+00     0.0000e+00  0.0000e+00     0.0000e+00  0.0000e+00     0.0000e+00  0.0000e+00 
8.4279e+03     0.0000e+00  0.0000e+00     0.0000e+00  0.0000e+00     0.0000e+00  0.0000e+00     0.0000e+00  0.0000e+00 
9.4563e+03     0.0000e+00  0.0000e+00     0.0000e+00  0.0000e+00     0.0000e+00  0.0000e+00     0.0000e+00  0.0000e+00 
