yF = 4.9963e+00 (std: 0.0000e+00) keV/um
yD = 2.4485e+01 (std: 0.0000e+00) keV/um
y (keV/um)     f(y)(std)                  yf(y)(std)                 d(y)(std)                  yd(y)(std)  
1.0610e-01     2.4785e+01  0.0000e+00     2.6297e+00  0.0000e+00     5.2634e-01  0.0000e+00     5.5845e-02  0.0000e+00 
1.1905e-01     1.8618e+00  0.0000e+00     2.2164e-01  0.0000e+00     4.4362e-02  0.0000e+00     5.2812e-03  0.0000e+00 
1.3357e-01     5.4558e-01  0.0000e+00     7.2875e-02  0.0000e+00     1.4586e-02  0.0000e+00     1.9483e-03  0.0000e+00 
1.4987e-01     2.7714e+00  0.0000e+00     4.1535e-01  0.0000e+00     8.3132e-02  0.0000e+00     1.2459e-02  0.0000e+00 
1.6816e-01     8.2856e-01  0.0000e+00     1.3933e-01  0.0000e+00     2.7887e-02  0.0000e+00     4.6894e-03  0.0000e+00 
1.8868e-01     5.7135e-01  0.0000e+00     1.0780e-01  0.0000e+00     2.1576e-02  0.0000e+00     4.0710e-03  0.0000e+00 
2.1170e-01     6.6796e-01  0.0000e+00     1.4141e-01  0.0000e+00     2.8302e-02  0.0000e+00     5.9916e-03  0.0000e+00 
2.3753e-01     5.8658e-01  0.0000e+00     1.3933e-01  0.0000e+00     2.7887e-02  0.0000e+00     6.6240e-03  0.0000e+00 
2.6651e-01     2.7485e-01  0.0000e+00     7.3252e-02  0.0000e+00     1.4661e-02  0.0000e+00     3.9075e-03  0.0000e+00 
2.9903e-01     2.4118e-01  0.0000e+00     7.2119e-02  0.0000e+00     1.4435e-02  0.0000e+00     4.3164e-03  0.0000e+00 
3.3552e-01     1.3488e+00  0.0000e+00     4.5254e-01  0.0000e+00     9.0576e-02  0.0000e+00     3.0390e-02  0.0000e+00 
3.7646e-01     9.0621e-01  0.0000e+00     3.4115e-01  0.0000e+00     6.8281e-02  0.0000e+00     2.5705e-02  0.0000e+00 
4.2240e-01     4.0405e-01  0.0000e+00     1.7067e-01  0.0000e+00     3.4159e-02  0.0000e+00     1.4429e-02  0.0000e+00 
4.7394e-01     3.7963e-01  0.0000e+00     1.7992e-01  0.0000e+00     3.6011e-02  0.0000e+00     1.7067e-02  0.0000e+00 
5.3176e-01     2.4391e-01  0.0000e+00     1.2970e-01  0.0000e+00     2.5960e-02  0.0000e+00     1.3804e-02  0.0000e+00 
5.9665e-01     1.4366e-01  0.0000e+00     8.5713e-02  0.0000e+00     1.7155e-02  0.0000e+00     1.0236e-02  0.0000e+00 
6.6945e-01     2.2053e-01  0.0000e+00     1.4764e-01  0.0000e+00     2.9549e-02  0.0000e+00     1.9782e-02  0.0000e+00 
7.5114e-01     1.7594e-01  0.0000e+00     1.3216e-01  0.0000e+00     2.6451e-02  0.0000e+00     1.9868e-02  0.0000e+00 
8.4279e-01     8.0420e-02  0.0000e+00     6.7777e-02  0.0000e+00     1.3566e-02  0.0000e+00     1.1433e-02  0.0000e+00 
9.4563e-01     5.9496e-02  0.0000e+00     5.6261e-02  0.0000e+00     1.1261e-02  0.0000e+00     1.0648e-02  0.0000e+00 
1.0610e+00     4.1815e-02  0.0000e+00     4.4367e-02  0.0000e+00     8.8800e-03  0.0000e+00     9.4217e-03  0.0000e+00 
1.1905e+00     2.1568e-02  0.0000e+00     2.5676e-02  0.0000e+00     5.1390e-03  0.0000e+00     6.1179e-03  0.0000e+00 
1.3357e+00     1.0459e-02  0.0000e+00     1.3971e-02  0.0000e+00     2.7962e-03  0.0000e+00     3.7350e-03  0.0000e+00 
1.4987e+00     6.4245e-03  0.0000e+00     9.6285e-03  0.0000e+00     1.9271e-03  0.0000e+00     2.8882e-03  0.0000e+00 
1.6816e+00     3.0313e-03  0.0000e+00     5.0974e-03  0.0000e+00     1.0203e-03  0.0000e+00     1.7156e-03  0.0000e+00 
1.8868e+00     1.3008e-03  0.0000e+00     2.4543e-03  0.0000e+00     4.9123e-04  0.0000e+00     9.2684e-04  0.0000e+00 
2.1170e+00     6.2426e-04  0.0000e+00     1.3216e-03  0.0000e+00     2.6451e-04  0.0000e+00     5.5996e-04  0.0000e+00 
2.3753e+00     7.9482e-05  0.0000e+00     1.8879e-04  0.0000e+00     3.7787e-05  0.0000e+00     8.9756e-05  0.0000e+00 
2.6651e+00     0.0000e+00  0.0000e+00     0.0000e+00  0.0000e+00     0.0000e+00  0.0000e+00     0.0000e+00  0.0000e+00 
2.9903e+00     0.0000e+00  0.0000e+00     0.0000e+00  0.0000e+00     0.0000e+00  0.0000e+00     0.0000e+00  0.0000e+00 
3.3552e+00     0.0000e+00  0.0000e+00     0.0000e+00  0.0000e+00     0.0000e+00  0.0000e+00     0.0000e+00  0.0000e+00 
3.7646e+00     0.0000e+00  0.0000e+00     0.0000e+00  0.0000e+00     0.0000e+00  0.0000e+00     0.0000e+00  0.0000e+00 
4.2240e+00     0.0000e+00  0.0000e+00     0.0000e+00  0.0000e+00     0.0000e+00  0.0000e+00     0.0000e+00  0.0000e+00 
4.7394e+00     0.0000e+00  0.0000e+00     0.0000e+00  0.0000e+00     0.0000e+00  0.0000e+00     0.0000e+00  0.0000e+00 
5.3176e+00     0.0000e+00  0.0000e+00     0.0000e+00  0.0000e+00     0.0000e+00  0.0000e+00     0.0000e+00  0.0000e+00 
5.9665e+00     1.1587e-01  0.0000e+00     6.9136e-01  0.0000e+00     1.3838e-01  0.0000e+00     8.2562e-01  0.0000e+00 
6.6945e+00     2.1151e-02  0.0000e+00     1.4160e-01  0.0000e+00     2.8340e-02  0.0000e+00     1.8972e-01  0.0000e+00 
7.5114e+00     5.9317e-03  0.0000e+00     4.4555e-02  0.0000e+00     8.9177e-03  0.0000e+00     6.6984e-02  0.0000e+00 
8.4279e+00     2.8942e-02  0.0000e+00     2.4392e-01  0.0000e+00     4.8821e-02  0.0000e+00     4.1146e-01  0.0000e+00 
9.4563e+00     1.5912e-02  0.0000e+00     1.5047e-01  0.0000e+00     3.0116e-02  0.0000e+00     2.8479e-01  0.0000e+00 
1.0610e+01     2.5997e-02  0.0000e+00     2.7583e-01  0.0000e+00     5.5207e-02  0.0000e+00     5.8575e-01  0.0000e+00 
1.1905e+01     1.6842e-02  0.0000e+00     2.0050e-01  0.0000e+00     4.0130e-02  0.0000e+00     4.7773e-01  0.0000e+00 
1.3357e+01     1.3399e-02  0.0000e+00     1.7898e-01  0.0000e+00     3.5822e-02  0.0000e+00     4.7849e-01  0.0000e+00 
1.4987e+01     7.7850e-03  0.0000e+00     1.1667e-01  0.0000e+00     2.3352e-02  0.0000e+00     3.4999e-01  0.0000e+00 
1.6816e+01     5.5574e-03  0.0000e+00     9.3453e-02  0.0000e+00     1.8705e-02  0.0000e+00     3.1453e-01  0.0000e+00 
1.8868e+01     4.2927e-03  0.0000e+00     8.0993e-02  0.0000e+00     1.6211e-02  0.0000e+00     3.0586e-01  0.0000e+00 
2.1170e+01     4.6106e-03  0.0000e+00     9.7607e-02  0.0000e+00     1.9536e-02  0.0000e+00     4.1357e-01  0.0000e+00 
2.3753e+01     4.2920e-03  0.0000e+00     1.0195e-01  0.0000e+00     2.0405e-02  0.0000e+00     4.8468e-01  0.0000e+00 
2.6651e+01     2.8831e-03  0.0000e+00     7.6839e-02  0.0000e+00     1.5379e-02  0.0000e+00     4.0988e-01  0.0000e+00 
2.9903e+01     1.9951e-03  0.0000e+00     5.9659e-02  0.0000e+00     1.1941e-02  0.0000e+00     3.5707e-01  0.0000e+00 
3.3552e+01     1.6937e-03  0.0000e+00     5.6827e-02  0.0000e+00     1.1374e-02  0.0000e+00     3.8162e-01  0.0000e+00 
3.7646e+01     1.3390e-03  0.0000e+00     5.0408e-02  0.0000e+00     1.0089e-02  0.0000e+00     3.7982e-01  0.0000e+00 
4.2240e+01     9.9225e-04  0.0000e+00     4.1912e-02  0.0000e+00     8.3887e-03  0.0000e+00     3.5434e-01  0.0000e+00 
4.7394e+01     8.3256e-04  0.0000e+00     3.9458e-02  0.0000e+00     7.8975e-03  0.0000e+00     3.7429e-01  0.0000e+00 
5.3176e+01     4.6154e-04  0.0000e+00     2.4543e-02  0.0000e+00     4.9123e-03  0.0000e+00     2.6122e-01  0.0000e+00 
5.9665e+01     3.3541e-04  0.0000e+00     2.0012e-02  0.0000e+00     4.0054e-03  0.0000e+00     2.3898e-01  0.0000e+00 
6.6945e+01     2.0023e-04  0.0000e+00     1.3404e-02  0.0000e+00     2.6829e-03  0.0000e+00     1.7961e-01  0.0000e+00 
7.5114e+01     9.2997e-05  0.0000e+00     6.9854e-03  0.0000e+00     1.3981e-03  0.0000e+00     1.0502e-01  0.0000e+00 
8.4279e+01     5.1523e-05  0.0000e+00     4.3423e-03  0.0000e+00     8.6910e-04  0.0000e+00     7.3247e-02  0.0000e+00 
9.4563e+01     2.3958e-05  0.0000e+00     2.2655e-03  0.0000e+00     4.5344e-04  0.0000e+00     4.2879e-02  0.0000e+00 
1.0610e+02     8.8969e-06  0.0000e+00     9.4397e-04  0.0000e+00     1.8894e-04  0.0000e+00     2.0046e-02  0.0000e+00 
1.1905e+02     6.3435e-06  0.0000e+00     7.5518e-04  0.0000e+00     1.5115e-04  0.0000e+00     1.7994e-02  0.0000e+00 
1.3357e+02     0.0000e+00  0.0000e+00     0.0000e+00  0.0000e+00     0.0000e+00  0.0000e+00     0.0000e+00  0.0000e+00 
1.4987e+02     0.0000e+00  0.0000e+00     0.0000e+00  0.0000e+00     0.0000e+00  0.0000e+00     0.0000e+00  0.0000e+00 
1.6816e+02     1.1227e-06  0.0000e+00     1.8879e-04  0.0000e+00     3.7787e-05  0.0000e+00     6.3542e-03  0.0000e+00 
1.8868e+02     0.0000e+00  0.0000e+00     0.0000e+00  0.0000e+00     0.0000e+00  0.0000e+00     0.0000e+00  0.0000e+00 
2.1170e+02     0.0000e+00  0.0000e+00     0.0000e+00  0.0000e+00     0.0000e+00  0.0000e+00     0.0000e+00  0.0000e+00 
2.3753e+02     0.0000e+00  0.0000e+00     0.0000e+00  0.0000e+00     0.0000e+00  0.0000e+00     0.0000e+00  0.0000e+00 
2.6651e+02     0.0000e+00  0.0000e+00     0.0000e+00  0.0000e+00     0.0000e+00  0.0000e+00     0.0000e+00  0.0000e+00 
2.9903e+02     0.0000e+00  0.0000e+00     0.0000e+00  0.0000e+00     0.0000e+00  0.0000e+00     0.0000e+00  0.0000e+00 
3.3552e+02     0.0000e+00  0.0000e+00     0.0000e+00  0.0000e+00     0.0000e+00  0.0000e+00     0.0000e+00  0.0000e+00 
3.7646e+02     0.0000e+00  0.0000e+00     0.0000e+00  0.0000e+00     0.0000e+00  0.0000e+00     0.0000e+00  0.0000e+00 
4.2240e+02     0.0000e+00  0.0000e+00     0.0000e+00  0.0000e+00     0.0000e+00  0.0000e+00     0.0000e+00  0.0000e+00 
4.7394e+02     0.0000e+00  0.0000e+00     0.0000e+00  0.0000e+00     0.0000e+00  0.0000e+00     0.0000e+00  0.0000e+00 
5.3176e+02     0.0000e+00  0.0000e+00     0.0000e+00  0.0000e+00     0.0000e+00  0.0000e+00     0.0000e+00  0.0000e+00 
5.9665e+02     0.0000e+00  0.0000e+00     0.0000e+00  0.0000e+00     0.0000e+00  0.0000e+00     0.0000e+00  0.0000e+00 
6.6945e+02     0.0000e+00  0.0000e+00     0.0000e+00  0.0000e+00     0.0000e+00  0.0000e+00     0.0000e+00  0.0000e+00 
7.5114e+02     0.0000e+00  0.0000e+00     0.0000e+00  0.0000e+00     0.0000e+00  0.0000e+00     0.0000e+00  0.0000e+00 
8.4279e+02     0.0000e+00  0.0000e+00     0.0000e+00  0.0000e+00     0.0000e+00  0.0000e+00     0.0000e+00  0.0000e+00 
9.4563e+02     0.0000e+00  0.0000e+00     0.0000e+00  0.0000e+00     0.0000e+00  0.0000e+00     0.0000e+00  0.0000e+00 
1.0610e+03     0.0000e+00  0.0000e+00     0.0000e+00  0.0000e+00     0.0000e+00  0.0000e+00     0.0000e+00  0.0000e+00 
1.1905e+03     0.0000e+00  0.0000e+00     0.0000e+00  0.0000e+00     0.0000e+00  0.0000e+00     0.0000e+00  0.0000e+00 
1.3357e+03     0.0000e+00  0.0000e+00     0.0000e+00  0.0000e+00     0.0000e+00  0.0000e+00     0.0000e+00  0.0000e+00 
1.4987e+03     0.0000e+00  0.0000e+00     0.0000e+00  0.0000e+00     0.0000e+00  0.0000e+00     0.0000e+00  0.0000e+00 
1.6816e+03     0.0000e+00  0.0000e+00     0.0000e+00  0.0000e+00     0.0000e+00  0.0000e+00     0.0000e+00  0.0000e+00 
1.8868e+03     0.0000e+00  0.0000e+00     0.0000e+00  0.0000e+00     0.0000e+00  0.0000e+00     0.0000e+00  0.0000e+00 
2.1170e+03     0.0000e+00  0.0000e+00     0.0000e+00  0.0000e+00     0.0000e+00  0.0000e+00     0.0000e+00  0.0000e+00 
2.3753e+03     0.0000e+00  0.0000e+00     0.0000e+00  0.0000e+00     0.0000e+00  0.0000e+00     0.0000e+00  0.0000e+00 
2.6651e+03     0.0000e+00  0.0000e+00     0.0000e+00  0.0000e+00     0.0000e+00  0.0000e+00     0.0000e+00  0.0000e+00 
2.9903e+03     0.0000e+00  0.0000e+00     0.0000e+00  0.0000e+00     0.0000e+00  0.0000e+00     0.0000e+00  0.0000e+00 
3.3552e+03     0.0000e+00  0.0000e+00     0.0000e+00  0.0000e+00     0.0000e+00  0.0000e+00     0.0000e+00  0.0000e+00 
3.7646e+03     0.0000e+00  0.0000e+00     0.0000e+00  0.0000e+00     0.0000e+00  0.0000e+00     0.0000e+00  0.0000e+00 
4.2240e+03     0.0000e+00  0.0000e+00     0.0000e+00  0.0000e+00     0.0000e+00  0.0000e+00     0.0000e+00  0.0000e+00 
4.7394e+03     0.0000e+00  0.0000e+00     0.0000e+00  0.0000e+00     0.0000e+00  0.0000e+00     0.0000e+00  0.0000e+00 
5.3176e+03     0.0000e+00  0.0000e+00     0.0000e+00  0.0000e+00     0.0000e+00  0.0000e+00     0.0000e+00  0.0000e+00 
5.9665e+03     0.0000e+00  0.0000e+00     0.0000e+00  0.0000e+00     0.0000e+00  0.0000e+00     0.0000e+00  0.0000e+00 
6.6945e+03     0.0000e+00  0.0000e+00     0.0000e+00  0.0000e+00     0.0000e+00  0.0000e+00     0.0000e+00  0.0000e+00 
7.5114e+03     0.0000e+00  0.0000e+00     0.0000e+00  0.0000e+00     0.0000e+00  0.0000e+00     0.0000e+00  0.0000e+00 
8.4279e+03     0.0000e+00  0.0000e+00     0.0000e+00  0.0000e+00     0.0000e+00  0.0000e+00     0.0000e+00  0.0000e+00 
9.4563e+03     0.0000e+00  0.0000e+00     0.0000e+00  0.0000e+00     0.0000e+00  0.0000e+00     0.0000e+00  0.0000e+00 
