yF = 5.5912e+00 (std: 0.0000e+00) keV/um
yD = 2.3464e+01 (std: 0.0000e+00) keV/um
y (keV/um)     f(y)(std)                  yf(y)(std)                 d(y)(std)                  yd(y)(std)  
1.0610e-01     2.1227e+01  0.0000e+00     2.2522e+00  0.0000e+00     4.0282e-01  0.0000e+00     4.2739e-02  0.0000e+00 
1.1905e-01     1.7207e+00  0.0000e+00     2.0485e-01  0.0000e+00     3.6638e-02  0.0000e+00     4.3616e-03  0.0000e+00 
1.3357e-01     5.8439e-01  0.0000e+00     7.8058e-02  0.0000e+00     1.3961e-02  0.0000e+00     1.8648e-03  0.0000e+00 
1.4987e-01     2.4979e+00  0.0000e+00     3.7437e-01  0.0000e+00     6.6958e-02  0.0000e+00     1.0035e-02  0.0000e+00 
1.6816e-01     8.7270e-01  0.0000e+00     1.4675e-01  0.0000e+00     2.6247e-02  0.0000e+00     4.4137e-03  0.0000e+00 
1.8868e-01     6.0510e-01  0.0000e+00     1.1417e-01  0.0000e+00     2.0419e-02  0.0000e+00     3.8527e-03  0.0000e+00 
2.1170e-01     6.5587e-01  0.0000e+00     1.3885e-01  0.0000e+00     2.4833e-02  0.0000e+00     5.2572e-03  0.0000e+00 
2.3753e-01     6.2189e-01  0.0000e+00     1.4772e-01  0.0000e+00     2.6420e-02  0.0000e+00     6.2755e-03  0.0000e+00 
2.6651e-01     3.0266e-01  0.0000e+00     8.0663e-02  0.0000e+00     1.4427e-02  0.0000e+00     3.8450e-03  0.0000e+00 
2.9903e-01     2.6126e-01  0.0000e+00     7.8126e-02  0.0000e+00     1.3973e-02  0.0000e+00     4.1784e-03  0.0000e+00 
3.3552e-01     1.1692e+00  0.0000e+00     3.9229e-01  0.0000e+00     7.0163e-02  0.0000e+00     2.3541e-02  0.0000e+00 
3.7646e-01     8.4753e-01  0.0000e+00     3.1906e-01  0.0000e+00     5.7065e-02  0.0000e+00     2.1483e-02  0.0000e+00 
4.2240e-01     4.2090e-01  0.0000e+00     1.7779e-01  0.0000e+00     3.1798e-02  0.0000e+00     1.3431e-02  0.0000e+00 
4.7394e-01     4.1071e-01  0.0000e+00     1.9465e-01  0.0000e+00     3.4814e-02  0.0000e+00     1.6500e-02  0.0000e+00 
5.3176e-01     2.8974e-01  0.0000e+00     1.5407e-01  0.0000e+00     2.7557e-02  0.0000e+00     1.4654e-02  0.0000e+00 
5.9665e-01     1.6015e-01  0.0000e+00     9.5552e-02  0.0000e+00     1.7090e-02  0.0000e+00     1.0197e-02  0.0000e+00 
6.6945e-01     2.1589e-01  0.0000e+00     1.4453e-01  0.0000e+00     2.5850e-02  0.0000e+00     1.7305e-02  0.0000e+00 
7.5114e-01     1.9869e-01  0.0000e+00     1.4925e-01  0.0000e+00     2.6693e-02  0.0000e+00     2.0050e-02  0.0000e+00 
8.4279e-01     1.0394e-01  0.0000e+00     8.7602e-02  0.0000e+00     1.5668e-02  0.0000e+00     1.3205e-02  0.0000e+00 
9.4563e-01     6.6327e-02  0.0000e+00     6.2721e-02  0.0000e+00     1.1218e-02  0.0000e+00     1.0608e-02  0.0000e+00 
1.0610e+00     5.2638e-02  0.0000e+00     5.5849e-02  0.0000e+00     9.9888e-03  0.0000e+00     1.0598e-02  0.0000e+00 
1.1905e+00     3.0332e-02  0.0000e+00     3.6110e-02  0.0000e+00     6.4584e-03  0.0000e+00     7.6885e-03  0.0000e+00 
1.3357e+00     1.8056e-02  0.0000e+00     2.4118e-02  0.0000e+00     4.3136e-03  0.0000e+00     5.7618e-03  0.0000e+00 
1.4987e+00     1.0474e-02  0.0000e+00     1.5697e-02  0.0000e+00     2.8075e-03  0.0000e+00     4.2076e-03  0.0000e+00 
1.6816e+00     5.2082e-03  0.0000e+00     8.7580e-03  0.0000e+00     1.5664e-03  0.0000e+00     2.6340e-03  0.0000e+00 
1.8868e+00     2.3566e-03  0.0000e+00     4.4464e-03  0.0000e+00     7.9525e-04  0.0000e+00     1.5005e-03  0.0000e+00 
2.1170e+00     8.6983e-04  0.0000e+00     1.8414e-03  0.0000e+00     3.2935e-04  0.0000e+00     6.9722e-04  0.0000e+00 
2.3753e+00     3.4980e-04  0.0000e+00     8.3089e-04  0.0000e+00     1.4861e-04  0.0000e+00     3.5299e-04  0.0000e+00 
2.6651e+00     5.8982e-05  0.0000e+00     1.5719e-04  0.0000e+00     2.8115e-05  0.0000e+00     7.4930e-05  0.0000e+00 
2.9903e+00     3.0039e-05  0.0000e+00     8.9826e-05  0.0000e+00     1.6066e-05  0.0000e+00     4.8042e-05  0.0000e+00 
3.3552e+00     6.6930e-06  0.0000e+00     2.2456e-05  0.0000e+00     4.0164e-06  0.0000e+00     1.3476e-05  0.0000e+00 
3.7646e+00     5.9651e-06  0.0000e+00     2.2456e-05  0.0000e+00     4.0164e-06  0.0000e+00     1.5120e-05  0.0000e+00 
4.2240e+00     5.3164e-06  0.0000e+00     2.2456e-05  0.0000e+00     4.0164e-06  0.0000e+00     1.6965e-05  0.0000e+00 
4.7394e+00     0.0000e+00  0.0000e+00     0.0000e+00  0.0000e+00     0.0000e+00  0.0000e+00     0.0000e+00  0.0000e+00 
5.3176e+00     0.0000e+00  0.0000e+00     0.0000e+00  0.0000e+00     0.0000e+00  0.0000e+00     0.0000e+00  0.0000e+00 
5.9665e+00     1.0402e-01  0.0000e+00     6.2063e-01  0.0000e+00     1.1100e-01  0.0000e+00     6.6229e-01  0.0000e+00 
6.6945e+00     2.8503e-02  0.0000e+00     1.9081e-01  0.0000e+00     3.4127e-02  0.0000e+00     2.2847e-01  0.0000e+00 
7.5114e+00     7.1602e-03  0.0000e+00     5.3783e-02  0.0000e+00     9.6193e-03  0.0000e+00     7.2254e-02  0.0000e+00 
8.4279e+00     2.9081e-02  0.0000e+00     2.4509e-01  0.0000e+00     4.3835e-02  0.0000e+00     3.6944e-01  0.0000e+00 
9.4563e+00     2.0285e-02  0.0000e+00     1.9182e-01  0.0000e+00     3.4308e-02  0.0000e+00     3.2443e-01  0.0000e+00 
1.0610e+01     2.9974e-02  0.0000e+00     3.1803e-01  0.0000e+00     5.6880e-02  0.0000e+00     6.0351e-01  0.0000e+00 
1.1905e+01     2.2964e-02  0.0000e+00     2.7338e-01  0.0000e+00     4.8896e-02  0.0000e+00     5.8209e-01  0.0000e+00 
1.3357e+01     1.6420e-02  0.0000e+00     2.1933e-01  0.0000e+00     3.9228e-02  0.0000e+00     5.2398e-01  0.0000e+00 
1.4987e+01     1.0495e-02  0.0000e+00     1.5728e-01  0.0000e+00     2.8131e-02  0.0000e+00     4.2160e-01  0.0000e+00 
1.6816e+01     7.1299e-03  0.0000e+00     1.1989e-01  0.0000e+00     2.1444e-02  0.0000e+00     3.6059e-01  0.0000e+00 
1.8868e+01     5.7868e-03  0.0000e+00     1.0918e-01  0.0000e+00     1.9528e-02  0.0000e+00     3.6844e-01  0.0000e+00 
2.1170e+01     5.3686e-03  0.0000e+00     1.1365e-01  0.0000e+00     2.0327e-02  0.0000e+00     4.3032e-01  0.0000e+00 
2.3753e+01     4.9303e-03  0.0000e+00     1.1711e-01  0.0000e+00     2.0946e-02  0.0000e+00     4.9752e-01  0.0000e+00 
2.6651e+01     3.3325e-03  0.0000e+00     8.8815e-02  0.0000e+00     1.5885e-02  0.0000e+00     4.2335e-01  0.0000e+00 
2.9903e+01     2.2334e-03  0.0000e+00     6.6785e-02  0.0000e+00     1.1945e-02  0.0000e+00     3.5719e-01  0.0000e+00 
3.3552e+01     1.9918e-03  0.0000e+00     6.6830e-02  0.0000e+00     1.1953e-02  0.0000e+00     4.0104e-01  0.0000e+00 
3.7646e+01     1.5032e-03  0.0000e+00     5.6590e-02  0.0000e+00     1.0121e-02  0.0000e+00     3.8103e-01  0.0000e+00 
4.2240e+01     9.9205e-04  0.0000e+00     4.1904e-02  0.0000e+00     7.4946e-03  0.0000e+00     3.1657e-01  0.0000e+00 
4.7394e+01     7.0600e-04  0.0000e+00     3.3460e-02  0.0000e+00     5.9845e-03  0.0000e+00     2.8362e-01  0.0000e+00 
5.3176e+01     4.7129e-04  0.0000e+00     2.5061e-02  0.0000e+00     4.4823e-03  0.0000e+00     2.3835e-01  0.0000e+00 
5.9665e+01     2.8605e-04  0.0000e+00     1.7067e-02  0.0000e+00     3.0525e-03  0.0000e+00     1.8213e-01  0.0000e+00 
6.6945e+01     1.7108e-04  0.0000e+00     1.1453e-02  0.0000e+00     2.0484e-03  0.0000e+00     1.3713e-01  0.0000e+00 
7.5114e+01     9.3875e-05  0.0000e+00     7.0513e-03  0.0000e+00     1.2612e-03  0.0000e+00     9.4730e-02  0.0000e+00 
8.4279e+01     5.6488e-05  0.0000e+00     4.7608e-03  0.0000e+00     8.5148e-04  0.0000e+00     7.1762e-02  0.0000e+00 
9.4563e+01     2.5410e-05  0.0000e+00     2.4028e-03  0.0000e+00     4.2976e-04  0.0000e+00     4.0639e-02  0.0000e+00 
1.0610e+02     1.0794e-05  0.0000e+00     1.1453e-03  0.0000e+00     2.0484e-04  0.0000e+00     2.1733e-02  0.0000e+00 
1.1905e+02     5.8477e-06  0.0000e+00     6.9615e-04  0.0000e+00     1.2451e-04  0.0000e+00     1.4822e-02  0.0000e+00 
1.3357e+02     1.1768e-06  0.0000e+00     1.5719e-04  0.0000e+00     2.8115e-05  0.0000e+00     3.7554e-03  0.0000e+00 
1.4987e+02     1.4984e-07  0.0000e+00     2.2456e-05  0.0000e+00     4.0164e-06  0.0000e+00     6.0195e-04  0.0000e+00 
1.6816e+02     1.3354e-07  0.0000e+00     2.2456e-05  0.0000e+00     4.0164e-06  0.0000e+00     6.7539e-04  0.0000e+00 
1.8868e+02     0.0000e+00  0.0000e+00     0.0000e+00  0.0000e+00     0.0000e+00  0.0000e+00     0.0000e+00  0.0000e+00 
2.1170e+02     0.0000e+00  0.0000e+00     0.0000e+00  0.0000e+00     0.0000e+00  0.0000e+00     0.0000e+00  0.0000e+00 
2.3753e+02     0.0000e+00  0.0000e+00     0.0000e+00  0.0000e+00     0.0000e+00  0.0000e+00     0.0000e+00  0.0000e+00 
2.6651e+02     0.0000e+00  0.0000e+00     0.0000e+00  0.0000e+00     0.0000e+00  0.0000e+00     0.0000e+00  0.0000e+00 
2.9903e+02     0.0000e+00  0.0000e+00     0.0000e+00  0.0000e+00     0.0000e+00  0.0000e+00     0.0000e+00  0.0000e+00 
3.3552e+02     0.0000e+00  0.0000e+00     0.0000e+00  0.0000e+00     0.0000e+00  0.0000e+00     0.0000e+00  0.0000e+00 
3.7646e+02     0.0000e+00  0.0000e+00     0.0000e+00  0.0000e+00     0.0000e+00  0.0000e+00     0.0000e+00  0.0000e+00 
4.2240e+02     0.0000e+00  0.0000e+00     0.0000e+00  0.0000e+00     0.0000e+00  0.0000e+00     0.0000e+00  0.0000e+00 
4.7394e+02     0.0000e+00  0.0000e+00     0.0000e+00  0.0000e+00     0.0000e+00  0.0000e+00     0.0000e+00  0.0000e+00 
5.3176e+02     0.0000e+00  0.0000e+00     0.0000e+00  0.0000e+00     0.0000e+00  0.0000e+00     0.0000e+00  0.0000e+00 
5.9665e+02     0.0000e+00  0.0000e+00     0.0000e+00  0.0000e+00     0.0000e+00  0.0000e+00     0.0000e+00  0.0000e+00 
6.6945e+02     0.0000e+00  0.0000e+00     0.0000e+00  0.0000e+00     0.0000e+00  0.0000e+00     0.0000e+00  0.0000e+00 
7.5114e+02     0.0000e+00  0.0000e+00     0.0000e+00  0.0000e+00     0.0000e+00  0.0000e+00     0.0000e+00  0.0000e+00 
8.4279e+02     0.0000e+00  0.0000e+00     0.0000e+00  0.0000e+00     0.0000e+00  0.0000e+00     0.0000e+00  0.0000e+00 
9.4563e+02     0.0000e+00  0.0000e+00     0.0000e+00  0.0000e+00     0.0000e+00  0.0000e+00     0.0000e+00  0.0000e+00 
1.0610e+03     0.0000e+00  0.0000e+00     0.0000e+00  0.0000e+00     0.0000e+00  0.0000e+00     0.0000e+00  0.0000e+00 
1.1905e+03     0.0000e+00  0.0000e+00     0.0000e+00  0.0000e+00     0.0000e+00  0.0000e+00     0.0000e+00  0.0000e+00 
1.3357e+03     0.0000e+00  0.0000e+00     0.0000e+00  0.0000e+00     0.0000e+00  0.0000e+00     0.0000e+00  0.0000e+00 
1.4987e+03     0.0000e+00  0.0000e+00     0.0000e+00  0.0000e+00     0.0000e+00  0.0000e+00     0.0000e+00  0.0000e+00 
1.6816e+03     0.0000e+00  0.0000e+00     0.0000e+00  0.0000e+00     0.0000e+00  0.0000e+00     0.0000e+00  0.0000e+00 
1.8868e+03     0.0000e+00  0.0000e+00     0.0000e+00  0.0000e+00     0.0000e+00  0.0000e+00     0.0000e+00  0.0000e+00 
2.1170e+03     0.0000e+00  0.0000e+00     0.0000e+00  0.0000e+00     0.0000e+00  0.0000e+00     0.0000e+00  0.0000e+00 
2.3753e+03     0.0000e+00  0.0000e+00     0.0000e+00  0.0000e+00     0.0000e+00  0.0000e+00     0.0000e+00  0.0000e+00 
2.6651e+03     0.0000e+00  0.0000e+00     0.0000e+00  0.0000e+00     0.0000e+00  0.0000e+00     0.0000e+00  0.0000e+00 
2.9903e+03     0.0000e+00  0.0000e+00     0.0000e+00  0.0000e+00     0.0000e+00  0.0000e+00     0.0000e+00  0.0000e+00 
3.3552e+03     0.0000e+00  0.0000e+00     0.0000e+00  0.0000e+00     0.0000e+00  0.0000e+00     0.0000e+00  0.0000e+00 
3.7646e+03     0.0000e+00  0.0000e+00     0.0000e+00  0.0000e+00     0.0000e+00  0.0000e+00     0.0000e+00  0.0000e+00 
4.2240e+03     0.0000e+00  0.0000e+00     0.0000e+00  0.0000e+00     0.0000e+00  0.0000e+00     0.0000e+00  0.0000e+00 
4.7394e+03     0.0000e+00  0.0000e+00     0.0000e+00  0.0000e+00     0.0000e+00  0.0000e+00     0.0000e+00  0.0000e+00 
5.3176e+03     0.0000e+00  0.0000e+00     0.0000e+00  0.0000e+00     0.0000e+00  0.0000e+00     0.0000e+00  0.0000e+00 
5.9665e+03     0.0000e+00  0.0000e+00     0.0000e+00  0.0000e+00     0.0000e+00  0.0000e+00     0.0000e+00  0.0000e+00 
6.6945e+03     0.0000e+00  0.0000e+00     0.0000e+00  0.0000e+00     0.0000e+00  0.0000e+00     0.0000e+00  0.0000e+00 
7.5114e+03     0.0000e+00  0.0000e+00     0.0000e+00  0.0000e+00     0.0000e+00  0.0000e+00     0.0000e+00  0.0000e+00 
8.4279e+03     0.0000e+00  0.0000e+00     0.0000e+00  0.0000e+00     0.0000e+00  0.0000e+00     0.0000e+00  0.0000e+00 
9.4563e+03     0.0000e+00  0.0000e+00     0.0000e+00  0.0000e+00     0.0000e+00  0.0000e+00     0.0000e+00  0.0000e+00 
