yF = 9.2268e+01 (std: 0.0000e+00) keV/um
yD = 1.3196e+02 (std: 0.0000e+00) keV/um
y (keV/um)     f(y)(std)                  yf(y)(std)                 d(y)(std)                  yd(y)(std)  
1.0610e-01     6.8573e-01  0.0000e+00     7.2757e-02  0.0000e+00     7.8854e-04  0.0000e+00     8.3665e-05  0.0000e+00 
1.1905e-01     4.9188e-02  0.0000e+00     5.8557e-03  0.0000e+00     6.3464e-05  0.0000e+00     7.5553e-06  0.0000e+00 
1.3357e-01     1.6522e-02  0.0000e+00     2.2069e-03  0.0000e+00     2.3918e-05  0.0000e+00     3.1948e-06  0.0000e+00 
1.4987e-01     6.3066e-02  0.0000e+00     9.4518e-03  0.0000e+00     1.0244e-04  0.0000e+00     1.5353e-05  0.0000e+00 
1.6816e-01     2.1960e-02  0.0000e+00     3.6928e-03  0.0000e+00     4.0023e-05  0.0000e+00     6.7301e-06  0.0000e+00 
1.8868e-01     1.5005e-02  0.0000e+00     2.8312e-03  0.0000e+00     3.0684e-05  0.0000e+00     5.7894e-06  0.0000e+00 
2.1170e-01     1.4080e-02  0.0000e+00     2.9806e-03  0.0000e+00     3.2304e-05  0.0000e+00     6.8387e-06  0.0000e+00 
2.3753e-01     1.5917e-02  0.0000e+00     3.7807e-03  0.0000e+00     4.0976e-05  0.0000e+00     9.7329e-06  0.0000e+00 
2.6651e-01     7.2249e-03  0.0000e+00     1.9255e-03  0.0000e+00     2.0869e-05  0.0000e+00     5.5618e-06  0.0000e+00 
2.9903e-01     6.5862e-03  0.0000e+00     1.9695e-03  0.0000e+00     2.1345e-05  0.0000e+00     6.3830e-06  0.0000e+00 
3.3552e-01     2.1724e-02  0.0000e+00     7.2889e-03  0.0000e+00     7.8997e-05  0.0000e+00     2.6505e-05  0.0000e+00 
3.7646e-01     1.3266e-02  0.0000e+00     4.9941e-03  0.0000e+00     5.4126e-05  0.0000e+00     2.0376e-05  0.0000e+00 
4.2240e-01     7.3271e-03  0.0000e+00     3.0949e-03  0.0000e+00     3.3543e-05  0.0000e+00     1.4168e-05  0.0000e+00 
4.7394e-01     6.7158e-03  0.0000e+00     3.1828e-03  0.0000e+00     3.4496e-05  0.0000e+00     1.6349e-05  0.0000e+00 
5.3176e-01     4.8446e-03  0.0000e+00     2.5762e-03  0.0000e+00     2.7921e-05  0.0000e+00     1.4847e-05  0.0000e+00 
5.9665e-01     2.7410e-03  0.0000e+00     1.6354e-03  0.0000e+00     1.7724e-05  0.0000e+00     1.0575e-05  0.0000e+00 
6.6945e-01     2.9288e-03  0.0000e+00     1.9607e-03  0.0000e+00     2.1250e-05  0.0000e+00     1.4226e-05  0.0000e+00 
7.5114e-01     2.8795e-03  0.0000e+00     2.1629e-03  0.0000e+00     2.3442e-05  0.0000e+00     1.7608e-05  0.0000e+00 
8.4279e-01     1.5544e-03  0.0000e+00     1.3101e-03  0.0000e+00     1.4198e-05  0.0000e+00     1.1966e-05  0.0000e+00 
9.4563e-01     1.0135e-03  0.0000e+00     9.5837e-04  0.0000e+00     1.0387e-05  0.0000e+00     9.8220e-06  0.0000e+00 
1.0610e+00     8.1211e-04  0.0000e+00     8.6166e-04  0.0000e+00     9.3386e-06  0.0000e+00     9.9083e-06  0.0000e+00 
1.1905e+00     4.3575e-04  0.0000e+00     5.1875e-04  0.0000e+00     5.6222e-06  0.0000e+00     6.6931e-06  0.0000e+00 
1.3357e+00     3.1596e-04  0.0000e+00     4.2204e-04  0.0000e+00     4.5740e-06  0.0000e+00     6.1097e-06  0.0000e+00 
1.4987e+00     1.2907e-04  0.0000e+00     1.9343e-04  0.0000e+00     2.0964e-06  0.0000e+00     3.1419e-06  0.0000e+00 
1.6816e+00     8.8887e-05  0.0000e+00     1.4947e-04  0.0000e+00     1.6200e-06  0.0000e+00     2.7241e-06  0.0000e+00 
1.8868e+00     3.2620e-05  0.0000e+00     6.1547e-05  0.0000e+00     6.6704e-07  0.0000e+00     1.2586e-06  0.0000e+00 
2.1170e+00     2.0766e-05  0.0000e+00     4.3962e-05  0.0000e+00     4.7646e-07  0.0000e+00     1.0087e-06  0.0000e+00 
2.3753e+00     4.3309e-04  0.0000e+00     1.0287e-03  0.0000e+00     1.1149e-05  0.0000e+00     2.6483e-05  0.0000e+00 
2.6651e+00     3.7939e-04  0.0000e+00     1.0111e-03  0.0000e+00     1.0959e-05  0.0000e+00     2.9206e-05  0.0000e+00 
2.9903e+00     7.0567e-05  0.0000e+00     2.1102e-04  0.0000e+00     2.2870e-06  0.0000e+00     6.8389e-06  0.0000e+00 
3.3552e+00     2.0964e-05  0.0000e+00     7.0339e-05  0.0000e+00     7.6234e-07  0.0000e+00     2.5578e-06  0.0000e+00 
3.7646e+00     1.8684e-05  0.0000e+00     7.0339e-05  0.0000e+00     7.6234e-07  0.0000e+00     2.8699e-06  0.0000e+00 
4.2240e+00     2.0816e-06  0.0000e+00     8.7924e-06  0.0000e+00     9.5292e-08  0.0000e+00     4.0251e-07  0.0000e+00 
4.7394e+00     1.1131e-05  0.0000e+00     5.2754e-05  0.0000e+00     5.7175e-07  0.0000e+00     2.7097e-06  0.0000e+00 
5.3176e+00     9.9206e-06  0.0000e+00     5.2754e-05  0.0000e+00     5.7175e-07  0.0000e+00     3.0404e-06  0.0000e+00 
5.9665e+00     9.2102e-04  0.0000e+00     5.4953e-03  0.0000e+00     5.9557e-05  0.0000e+00     3.5535e-04  0.0000e+00 
6.6945e+00     1.0074e-03  0.0000e+00     6.7438e-03  0.0000e+00     7.3089e-05  0.0000e+00     4.8929e-04  0.0000e+00 
7.5114e+00     6.4146e-04  0.0000e+00     4.8182e-03  0.0000e+00     5.2220e-05  0.0000e+00     3.9224e-04  0.0000e+00 
8.4279e+00     1.0672e-02  0.0000e+00     8.9946e-02  0.0000e+00     9.7484e-04  0.0000e+00     8.2158e-03  0.0000e+00 
9.4563e+00     4.2036e-03  0.0000e+00     3.9750e-02  0.0000e+00     4.3081e-04  0.0000e+00     4.0739e-03  0.0000e+00 
1.0610e+01     8.0291e-03  0.0000e+00     8.5190e-02  0.0000e+00     9.2328e-04  0.0000e+00     9.7961e-03  0.0000e+00 
1.1905e+01     4.2881e-03  0.0000e+00     5.1049e-02  0.0000e+00     5.5326e-04  0.0000e+00     6.5865e-03  0.0000e+00 
1.3357e+01     4.0594e-03  0.0000e+00     5.4223e-02  0.0000e+00     5.8767e-04  0.0000e+00     7.8496e-03  0.0000e+00 
1.4987e+01     3.1351e-03  0.0000e+00     4.6987e-02  0.0000e+00     5.0924e-04  0.0000e+00     7.6321e-03  0.0000e+00 
1.6816e+01     5.1241e-03  0.0000e+00     8.6166e-02  0.0000e+00     9.3386e-04  0.0000e+00     1.5704e-02  0.0000e+00 
1.8868e+01     4.9662e-03  0.0000e+00     9.3701e-02  0.0000e+00     1.0155e-03  0.0000e+00     1.9161e-02  0.0000e+00 
2.1170e+01     5.7959e-03  0.0000e+00     1.2270e-01  0.0000e+00     1.3298e-03  0.0000e+00     2.8152e-02  0.0000e+00 
2.3753e+01     5.7893e-03  0.0000e+00     1.3751e-01  0.0000e+00     1.4904e-03  0.0000e+00     3.5401e-02  0.0000e+00 
2.6651e+01     5.3019e-03  0.0000e+00     1.4130e-01  0.0000e+00     1.5314e-03  0.0000e+00     4.0815e-02  0.0000e+00 
2.9903e+01     5.8426e-03  0.0000e+00     1.7471e-01  0.0000e+00     1.8935e-03  0.0000e+00     5.6623e-02  0.0000e+00 
3.3552e+01     6.4551e-03  0.0000e+00     2.1658e-01  0.0000e+00     2.3473e-03  0.0000e+00     7.8758e-02  0.0000e+00 
3.7646e+01     6.4164e-03  0.0000e+00     2.4155e-01  0.0000e+00     2.6180e-03  0.0000e+00     9.8556e-02  0.0000e+00 
4.2240e+01     6.7959e-03  0.0000e+00     2.8705e-01  0.0000e+00     3.1111e-03  0.0000e+00     1.3141e-01  0.0000e+00 
4.7394e+01     6.9822e-03  0.0000e+00     3.3091e-01  0.0000e+00     3.5864e-03  0.0000e+00     1.6997e-01  0.0000e+00 
5.3176e+01     7.0939e-03  0.0000e+00     3.7723e-01  0.0000e+00     4.0884e-03  0.0000e+00     2.1741e-01  0.0000e+00 
5.9665e+01     7.2500e-03  0.0000e+00     4.3257e-01  0.0000e+00     4.6882e-03  0.0000e+00     2.7972e-01  0.0000e+00 
6.6945e+01     7.3227e-03  0.0000e+00     4.9022e-01  0.0000e+00     5.3130e-03  0.0000e+00     3.5568e-01  0.0000e+00 
7.5114e+01     7.1030e-03  0.0000e+00     5.3353e-01  0.0000e+00     5.7824e-03  0.0000e+00     4.3434e-01  0.0000e+00 
8.4279e+01     6.7587e-03  0.0000e+00     5.6962e-01  0.0000e+00     6.1735e-03  0.0000e+00     5.2029e-01  0.0000e+00 
9.4563e+01     6.2683e-03  0.0000e+00     5.9275e-01  0.0000e+00     6.4242e-03  0.0000e+00     6.0749e-01  0.0000e+00 
1.0610e+02     5.6375e-03  0.0000e+00     5.9815e-01  0.0000e+00     6.4827e-03  0.0000e+00     6.8782e-01  0.0000e+00 
1.1905e+02     4.8143e-03  0.0000e+00     5.7312e-01  0.0000e+00     6.2115e-03  0.0000e+00     7.3946e-01  0.0000e+00 
1.3357e+02     4.0054e-03  0.0000e+00     5.3501e-01  0.0000e+00     5.7984e-03  0.0000e+00     7.7451e-01  0.0000e+00 
1.4987e+02     3.1186e-03  0.0000e+00     4.6740e-01  0.0000e+00     5.0656e-03  0.0000e+00     7.5919e-01  0.0000e+00 
1.6816e+02     2.2870e-03  0.0000e+00     3.8457e-01  0.0000e+00     4.1680e-03  0.0000e+00     7.0088e-01  0.0000e+00 
1.8868e+02     1.5509e-03  0.0000e+00     2.9262e-01  0.0000e+00     3.1714e-03  0.0000e+00     5.9837e-01  0.0000e+00 
2.1170e+02     9.7776e-04  0.0000e+00     2.0699e-01  0.0000e+00     2.2434e-03  0.0000e+00     4.7492e-01  0.0000e+00 
2.3753e+02     5.6223e-04  0.0000e+00     1.3355e-01  0.0000e+00     1.4474e-03  0.0000e+00     3.4380e-01  0.0000e+00 
2.6651e+02     2.9338e-04  0.0000e+00     7.8191e-02  0.0000e+00     8.4743e-04  0.0000e+00     2.2585e-01  0.0000e+00 
2.9903e+02     1.3587e-04  0.0000e+00     4.0630e-02  0.0000e+00     4.4034e-04  0.0000e+00     1.3168e-01  0.0000e+00 
3.3552e+02     5.7887e-05  0.0000e+00     1.9422e-02  0.0000e+00     2.1050e-04  0.0000e+00     7.0627e-02  0.0000e+00 
3.7646e+02     2.0249e-05  0.0000e+00     7.6230e-03  0.0000e+00     8.2618e-05  0.0000e+00     3.1102e-02  0.0000e+00 
4.2240e+02     7.0148e-06  0.0000e+00     2.9630e-03  0.0000e+00     3.2113e-05  0.0000e+00     1.3565e-02  0.0000e+00 
4.7394e+02     2.2819e-06  0.0000e+00     1.0815e-03  0.0000e+00     1.1721e-05  0.0000e+00     5.5550e-03  0.0000e+00 
5.3176e+02     7.6058e-07  0.0000e+00     4.0445e-04  0.0000e+00     4.3834e-06  0.0000e+00     2.3310e-03  0.0000e+00 
5.9665e+02     8.8418e-08  0.0000e+00     5.2754e-05  0.0000e+00     5.7175e-07  0.0000e+00     3.4114e-04  0.0000e+00 
6.6945e+02     3.9401e-08  0.0000e+00     2.6377e-05  0.0000e+00     2.8588e-07  0.0000e+00     1.9138e-04  0.0000e+00 
7.5114e+02     0.0000e+00  0.0000e+00     0.0000e+00  0.0000e+00     0.0000e+00  0.0000e+00     0.0000e+00  0.0000e+00 
8.4279e+02     0.0000e+00  0.0000e+00     0.0000e+00  0.0000e+00     0.0000e+00  0.0000e+00     0.0000e+00  0.0000e+00 
9.4563e+02     0.0000e+00  0.0000e+00     0.0000e+00  0.0000e+00     0.0000e+00  0.0000e+00     0.0000e+00  0.0000e+00 
1.0610e+03     0.0000e+00  0.0000e+00     0.0000e+00  0.0000e+00     0.0000e+00  0.0000e+00     0.0000e+00  0.0000e+00 
1.1905e+03     0.0000e+00  0.0000e+00     0.0000e+00  0.0000e+00     0.0000e+00  0.0000e+00     0.0000e+00  0.0000e+00 
1.3357e+03     0.0000e+00  0.0000e+00     0.0000e+00  0.0000e+00     0.0000e+00  0.0000e+00     0.0000e+00  0.0000e+00 
1.4987e+03     0.0000e+00  0.0000e+00     0.0000e+00  0.0000e+00     0.0000e+00  0.0000e+00     0.0000e+00  0.0000e+00 
1.6816e+03     0.0000e+00  0.0000e+00     0.0000e+00  0.0000e+00     0.0000e+00  0.0000e+00     0.0000e+00  0.0000e+00 
1.8868e+03     0.0000e+00  0.0000e+00     0.0000e+00  0.0000e+00     0.0000e+00  0.0000e+00     0.0000e+00  0.0000e+00 
2.1170e+03     0.0000e+00  0.0000e+00     0.0000e+00  0.0000e+00     0.0000e+00  0.0000e+00     0.0000e+00  0.0000e+00 
2.3753e+03     0.0000e+00  0.0000e+00     0.0000e+00  0.0000e+00     0.0000e+00  0.0000e+00     0.0000e+00  0.0000e+00 
2.6651e+03     0.0000e+00  0.0000e+00     0.0000e+00  0.0000e+00     0.0000e+00  0.0000e+00     0.0000e+00  0.0000e+00 
2.9903e+03     0.0000e+00  0.0000e+00     0.0000e+00  0.0000e+00     0.0000e+00  0.0000e+00     0.0000e+00  0.0000e+00 
3.3552e+03     0.0000e+00  0.0000e+00     0.0000e+00  0.0000e+00     0.0000e+00  0.0000e+00     0.0000e+00  0.0000e+00 
3.7646e+03     0.0000e+00  0.0000e+00     0.0000e+00  0.0000e+00     0.0000e+00  0.0000e+00     0.0000e+00  0.0000e+00 
4.2240e+03     0.0000e+00  0.0000e+00     0.0000e+00  0.0000e+00     0.0000e+00  0.0000e+00     0.0000e+00  0.0000e+00 
4.7394e+03     0.0000e+00  0.0000e+00     0.0000e+00  0.0000e+00     0.0000e+00  0.0000e+00     0.0000e+00  0.0000e+00 
5.3176e+03     0.0000e+00  0.0000e+00     0.0000e+00  0.0000e+00     0.0000e+00  0.0000e+00     0.0000e+00  0.0000e+00 
5.9665e+03     0.0000e+00  0.0000e+00     0.0000e+00  0.0000e+00     0.0000e+00  0.0000e+00     0.0000e+00  0.0000e+00 
6.6945e+03     0.0000e+00  0.0000e+00     0.0000e+00  0.0000e+00     0.0000e+00  0.0000e+00     0.0000e+00  0.0000e+00 
7.5114e+03     0.0000e+00  0.0000e+00     0.0000e+00  0.0000e+00     0.0000e+00  0.0000e+00     0.0000e+00  0.0000e+00 
8.4279e+03     0.0000e+00  0.0000e+00     0.0000e+00  0.0000e+00     0.0000e+00  0.0000e+00     0.0000e+00  0.0000e+00 
9.4563e+03     0.0000e+00  0.0000e+00     0.0000e+00  0.0000e+00     0.0000e+00  0.0000e+00     0.0000e+00  0.0000e+00 
