yF = 1.4703e+01 (std: 0.0000e+00) keV/um
yD = 3.5231e+01 (std: 0.0000e+00) keV/um
y (keV/um)     f(y)(std)                  yf(y)(std)                 d(y)(std)                  yd(y)(std)  
1.0610e-01     8.4334e+00  0.0000e+00     8.9479e-01  0.0000e+00     6.0857e-02  0.0000e+00     6.4570e-03  0.0000e+00 
1.1905e-01     8.7817e-01  0.0000e+00     1.0454e-01  0.0000e+00     7.1103e-03  0.0000e+00     8.4646e-04  0.0000e+00 
1.3357e-01     3.8492e-01  0.0000e+00     5.1415e-02  0.0000e+00     3.4969e-03  0.0000e+00     4.6709e-04  0.0000e+00 
1.4987e-01     1.1488e+00  0.0000e+00     1.7217e-01  0.0000e+00     1.1710e-02  0.0000e+00     1.7550e-03  0.0000e+00 
1.6816e-01     5.2672e-01  0.0000e+00     8.8572e-02  0.0000e+00     6.0240e-03  0.0000e+00     1.0130e-03  0.0000e+00 
1.8868e-01     4.1731e-01  0.0000e+00     7.8736e-02  0.0000e+00     5.3551e-03  0.0000e+00     1.0104e-03  0.0000e+00 
2.1170e-01     4.3880e-01  0.0000e+00     9.2893e-02  0.0000e+00     6.3179e-03  0.0000e+00     1.3375e-03  0.0000e+00 
2.3753e-01     4.0927e-01  0.0000e+00     9.7215e-02  0.0000e+00     6.6118e-03  0.0000e+00     1.5705e-03  0.0000e+00 
2.6651e-01     2.5597e-01  0.0000e+00     6.8219e-02  0.0000e+00     4.6397e-03  0.0000e+00     1.2366e-03  0.0000e+00 
2.9903e-01     2.1231e-01  0.0000e+00     6.3486e-02  0.0000e+00     4.3179e-03  0.0000e+00     1.2912e-03  0.0000e+00 
3.3552e-01     5.2522e-01  0.0000e+00     1.7622e-01  0.0000e+00     1.1985e-02  0.0000e+00     4.0213e-03  0.0000e+00 
3.7646e-01     4.4450e-01  0.0000e+00     1.6734e-01  0.0000e+00     1.1381e-02  0.0000e+00     4.2846e-03  0.0000e+00 
4.2240e-01     2.8489e-01  0.0000e+00     1.2034e-01  0.0000e+00     8.1843e-03  0.0000e+00     3.4570e-03  0.0000e+00 
4.7394e-01     2.7840e-01  0.0000e+00     1.3195e-01  0.0000e+00     8.9740e-03  0.0000e+00     4.2531e-03  0.0000e+00 
5.3176e-01     2.3534e-01  0.0000e+00     1.2515e-01  0.0000e+00     8.5117e-03  0.0000e+00     4.5262e-03  0.0000e+00 
5.9665e-01     1.5747e-01  0.0000e+00     9.3956e-02  0.0000e+00     6.3902e-03  0.0000e+00     3.8127e-03  0.0000e+00 
6.6945e-01     1.5107e-01  0.0000e+00     1.0113e-01  0.0000e+00     6.8785e-03  0.0000e+00     4.6048e-03  0.0000e+00 
7.5114e-01     1.4874e-01  0.0000e+00     1.1172e-01  0.0000e+00     7.5986e-03  0.0000e+00     5.7076e-03  0.0000e+00 
8.4279e-01     1.0163e-01  0.0000e+00     8.5654e-02  0.0000e+00     5.8256e-03  0.0000e+00     4.9098e-03  0.0000e+00 
9.4563e-01     7.2778e-02  0.0000e+00     6.8820e-02  0.0000e+00     4.6807e-03  0.0000e+00     4.4262e-03  0.0000e+00 
1.0610e+00     5.6982e-02  0.0000e+00     6.0458e-02  0.0000e+00     4.1119e-03  0.0000e+00     4.3628e-03  0.0000e+00 
1.1905e+00     3.7461e-02  0.0000e+00     4.4597e-02  0.0000e+00     3.0332e-03  0.0000e+00     3.6109e-03  0.0000e+00 
1.3357e+00     2.4335e-02  0.0000e+00     3.2505e-02  0.0000e+00     2.2108e-03  0.0000e+00     2.9530e-03  0.0000e+00 
1.4987e+00     1.6049e-02  0.0000e+00     2.4053e-02  0.0000e+00     1.6359e-03  0.0000e+00     2.4518e-03  0.0000e+00 
1.6816e+00     9.1702e-03  0.0000e+00     1.5420e-02  0.0000e+00     1.0488e-03  0.0000e+00     1.7636e-03  0.0000e+00 
1.8868e+00     4.8251e-03  0.0000e+00     9.1039e-03  0.0000e+00     6.1918e-04  0.0000e+00     1.1682e-03  0.0000e+00 
2.1170e+00     2.3396e-03  0.0000e+00     4.9530e-03  0.0000e+00     3.3687e-04  0.0000e+00     7.1314e-04  0.0000e+00 
2.3753e+00     8.9064e-04  0.0000e+00     2.1155e-03  0.0000e+00     1.4388e-04  0.0000e+00     3.4177e-04  0.0000e+00 
2.6651e+00     3.7244e-04  0.0000e+00     9.9260e-04  0.0000e+00     6.7510e-05  0.0000e+00     1.7992e-04  0.0000e+00 
2.9903e+00     1.3412e-04  0.0000e+00     4.0105e-04  0.0000e+00     2.7277e-05  0.0000e+00     8.1566e-05  0.0000e+00 
3.3552e+00     4.1836e-05  0.0000e+00     1.4037e-04  0.0000e+00     9.5468e-06  0.0000e+00     3.2031e-05  0.0000e+00 
3.7646e+00     5.3266e-06  0.0000e+00     2.0053e-05  0.0000e+00     1.3638e-06  0.0000e+00     5.1343e-06  0.0000e+00 
4.2240e+00     0.0000e+00  0.0000e+00     0.0000e+00  0.0000e+00     0.0000e+00  0.0000e+00     0.0000e+00  0.0000e+00 
4.7394e+00     0.0000e+00  0.0000e+00     0.0000e+00  0.0000e+00     0.0000e+00  0.0000e+00     0.0000e+00  0.0000e+00 
5.3176e+00     1.8855e-06  0.0000e+00     1.0026e-05  0.0000e+00     6.8191e-07  0.0000e+00     3.6262e-06  0.0000e+00 
5.9665e+00     5.2614e-02  0.0000e+00     3.1392e-01  0.0000e+00     2.1351e-02  0.0000e+00     1.2739e-01  0.0000e+00 
6.6945e+00     2.9612e-02  0.0000e+00     1.9824e-01  0.0000e+00     1.3483e-02  0.0000e+00     9.0261e-02  0.0000e+00 
7.5114e+00     8.7283e-03  0.0000e+00     6.5562e-02  0.0000e+00     4.4590e-03  0.0000e+00     3.3493e-02  0.0000e+00 
8.4279e+00     3.6625e-02  0.0000e+00     3.0867e-01  0.0000e+00     2.0993e-02  0.0000e+00     1.7693e-01  0.0000e+00 
9.4563e+00     3.0572e-02  0.0000e+00     2.8910e-01  0.0000e+00     1.9662e-02  0.0000e+00     1.8593e-01  0.0000e+00 
1.0610e+01     4.2369e-02  0.0000e+00     4.4954e-01  0.0000e+00     3.0574e-02  0.0000e+00     3.2440e-01  0.0000e+00 
1.1905e+01     3.0793e-02  0.0000e+00     3.6658e-01  0.0000e+00     2.4932e-02  0.0000e+00     2.9681e-01  0.0000e+00 
1.3357e+01     2.4671e-02  0.0000e+00     3.2954e-01  0.0000e+00     2.2413e-02  0.0000e+00     2.9938e-01  0.0000e+00 
1.4987e+01     1.8646e-02  0.0000e+00     2.7945e-01  0.0000e+00     1.9006e-02  0.0000e+00     2.8485e-01  0.0000e+00 
1.6816e+01     2.0015e-02  0.0000e+00     3.3657e-01  0.0000e+00     2.2891e-02  0.0000e+00     3.8494e-01  0.0000e+00 
1.8868e+01     1.5455e-02  0.0000e+00     2.9160e-01  0.0000e+00     1.9833e-02  0.0000e+00     3.7420e-01  0.0000e+00 
2.1170e+01     1.3997e-02  0.0000e+00     2.9632e-01  0.0000e+00     2.0153e-02  0.0000e+00     4.2664e-01  0.0000e+00 
2.3753e+01     1.3711e-02  0.0000e+00     3.2568e-01  0.0000e+00     2.2151e-02  0.0000e+00     5.2614e-01  0.0000e+00 
2.6651e+01     1.0820e-02  0.0000e+00     2.8837e-01  0.0000e+00     1.9613e-02  0.0000e+00     5.2270e-01  0.0000e+00 
2.9903e+01     8.3551e-03  0.0000e+00     2.4984e-01  0.0000e+00     1.6993e-02  0.0000e+00     5.0814e-01  0.0000e+00 
3.3552e+01     7.1267e-03  0.0000e+00     2.3912e-01  0.0000e+00     1.6263e-02  0.0000e+00     5.4566e-01  0.0000e+00 
3.7646e+01     5.8071e-03  0.0000e+00     2.1861e-01  0.0000e+00     1.4868e-02  0.0000e+00     5.5974e-01  0.0000e+00 
4.2240e+01     4.3037e-03  0.0000e+00     1.8179e-01  0.0000e+00     1.2364e-02  0.0000e+00     5.2224e-01  0.0000e+00 
4.7394e+01     3.3108e-03  0.0000e+00     1.5691e-01  0.0000e+00     1.0672e-02  0.0000e+00     5.0578e-01  0.0000e+00 
5.3176e+01     2.3768e-03  0.0000e+00     1.2639e-01  0.0000e+00     8.5962e-03  0.0000e+00     4.5712e-01  0.0000e+00 
5.9665e+01     1.6754e-03  0.0000e+00     9.9962e-02  0.0000e+00     6.7987e-03  0.0000e+00     4.0564e-01  0.0000e+00 
6.6945e+01     1.0773e-03  0.0000e+00     7.2119e-02  0.0000e+00     4.9050e-03  0.0000e+00     3.2837e-01  0.0000e+00 
7.5114e+01     6.6874e-04  0.0000e+00     5.0232e-02  0.0000e+00     3.4164e-03  0.0000e+00     2.5662e-01  0.0000e+00 
8.4279e+01     3.7843e-04  0.0000e+00     3.1894e-02  0.0000e+00     2.1692e-03  0.0000e+00     1.8282e-01  0.0000e+00 
9.4563e+01     2.0930e-04  0.0000e+00     1.9792e-02  0.0000e+00     1.3461e-03  0.0000e+00     1.2729e-01  0.0000e+00 
1.0610e+02     1.0451e-04  0.0000e+00     1.1089e-02  0.0000e+00     7.5420e-04  0.0000e+00     8.0021e-02  0.0000e+00 
1.1905e+02     4.5142e-05  0.0000e+00     5.3741e-03  0.0000e+00     3.6551e-04  0.0000e+00     4.3512e-02  0.0000e+00 
1.3357e+02     1.9441e-05  0.0000e+00     2.5968e-03  0.0000e+00     1.7662e-04  0.0000e+00     2.3591e-02  0.0000e+00 
1.4987e+02     7.4258e-06  0.0000e+00     1.1129e-03  0.0000e+00     7.5693e-05  0.0000e+00     1.1344e-02  0.0000e+00 
1.6816e+02     1.7887e-06  0.0000e+00     3.0079e-04  0.0000e+00     2.0457e-05  0.0000e+00     3.4401e-03  0.0000e+00 
1.8868e+02     4.7826e-07  0.0000e+00     9.0236e-05  0.0000e+00     6.1372e-06  0.0000e+00     1.1580e-03  0.0000e+00 
2.1170e+02     9.4722e-08  0.0000e+00     2.0053e-05  0.0000e+00     1.3638e-06  0.0000e+00     2.8872e-04  0.0000e+00 
2.3753e+02     0.0000e+00  0.0000e+00     0.0000e+00  0.0000e+00     0.0000e+00  0.0000e+00     0.0000e+00  0.0000e+00 
2.6651e+02     0.0000e+00  0.0000e+00     0.0000e+00  0.0000e+00     0.0000e+00  0.0000e+00     0.0000e+00  0.0000e+00 
2.9903e+02     0.0000e+00  0.0000e+00     0.0000e+00  0.0000e+00     0.0000e+00  0.0000e+00     0.0000e+00  0.0000e+00 
3.3552e+02     0.0000e+00  0.0000e+00     0.0000e+00  0.0000e+00     0.0000e+00  0.0000e+00     0.0000e+00  0.0000e+00 
3.7646e+02     0.0000e+00  0.0000e+00     0.0000e+00  0.0000e+00     0.0000e+00  0.0000e+00     0.0000e+00  0.0000e+00 
4.2240e+02     0.0000e+00  0.0000e+00     0.0000e+00  0.0000e+00     0.0000e+00  0.0000e+00     0.0000e+00  0.0000e+00 
4.7394e+02     0.0000e+00  0.0000e+00     0.0000e+00  0.0000e+00     0.0000e+00  0.0000e+00     0.0000e+00  0.0000e+00 
5.3176e+02     0.0000e+00  0.0000e+00     0.0000e+00  0.0000e+00     0.0000e+00  0.0000e+00     0.0000e+00  0.0000e+00 
5.9665e+02     0.0000e+00  0.0000e+00     0.0000e+00  0.0000e+00     0.0000e+00  0.0000e+00     0.0000e+00  0.0000e+00 
6.6945e+02     0.0000e+00  0.0000e+00     0.0000e+00  0.0000e+00     0.0000e+00  0.0000e+00     0.0000e+00  0.0000e+00 
7.5114e+02     0.0000e+00  0.0000e+00     0.0000e+00  0.0000e+00     0.0000e+00  0.0000e+00     0.0000e+00  0.0000e+00 
8.4279e+02     0.0000e+00  0.0000e+00     0.0000e+00  0.0000e+00     0.0000e+00  0.0000e+00     0.0000e+00  0.0000e+00 
9.4563e+02     0.0000e+00  0.0000e+00     0.0000e+00  0.0000e+00     0.0000e+00  0.0000e+00     0.0000e+00  0.0000e+00 
1.0610e+03     0.0000e+00  0.0000e+00     0.0000e+00  0.0000e+00     0.0000e+00  0.0000e+00     0.0000e+00  0.0000e+00 
1.1905e+03     0.0000e+00  0.0000e+00     0.0000e+00  0.0000e+00     0.0000e+00  0.0000e+00     0.0000e+00  0.0000e+00 
1.3357e+03     0.0000e+00  0.0000e+00     0.0000e+00  0.0000e+00     0.0000e+00  0.0000e+00     0.0000e+00  0.0000e+00 
1.4987e+03     0.0000e+00  0.0000e+00     0.0000e+00  0.0000e+00     0.0000e+00  0.0000e+00     0.0000e+00  0.0000e+00 
1.6816e+03     0.0000e+00  0.0000e+00     0.0000e+00  0.0000e+00     0.0000e+00  0.0000e+00     0.0000e+00  0.0000e+00 
1.8868e+03     0.0000e+00  0.0000e+00     0.0000e+00  0.0000e+00     0.0000e+00  0.0000e+00     0.0000e+00  0.0000e+00 
2.1170e+03     0.0000e+00  0.0000e+00     0.0000e+00  0.0000e+00     0.0000e+00  0.0000e+00     0.0000e+00  0.0000e+00 
2.3753e+03     0.0000e+00  0.0000e+00     0.0000e+00  0.0000e+00     0.0000e+00  0.0000e+00     0.0000e+00  0.0000e+00 
2.6651e+03     0.0000e+00  0.0000e+00     0.0000e+00  0.0000e+00     0.0000e+00  0.0000e+00     0.0000e+00  0.0000e+00 
2.9903e+03     0.0000e+00  0.0000e+00     0.0000e+00  0.0000e+00     0.0000e+00  0.0000e+00     0.0000e+00  0.0000e+00 
3.3552e+03     0.0000e+00  0.0000e+00     0.0000e+00  0.0000e+00     0.0000e+00  0.0000e+00     0.0000e+00  0.0000e+00 
3.7646e+03     0.0000e+00  0.0000e+00     0.0000e+00  0.0000e+00     0.0000e+00  0.0000e+00     0.0000e+00  0.0000e+00 
4.2240e+03     0.0000e+00  0.0000e+00     0.0000e+00  0.0000e+00     0.0000e+00  0.0000e+00     0.0000e+00  0.0000e+00 
4.7394e+03     0.0000e+00  0.0000e+00     0.0000e+00  0.0000e+00     0.0000e+00  0.0000e+00     0.0000e+00  0.0000e+00 
5.3176e+03     0.0000e+00  0.0000e+00     0.0000e+00  0.0000e+00     0.0000e+00  0.0000e+00     0.0000e+00  0.0000e+00 
5.9665e+03     0.0000e+00  0.0000e+00     0.0000e+00  0.0000e+00     0.0000e+00  0.0000e+00     0.0000e+00  0.0000e+00 
6.6945e+03     0.0000e+00  0.0000e+00     0.0000e+00  0.0000e+00     0.0000e+00  0.0000e+00     0.0000e+00  0.0000e+00 
7.5114e+03     0.0000e+00  0.0000e+00     0.0000e+00  0.0000e+00     0.0000e+00  0.0000e+00     0.0000e+00  0.0000e+00 
8.4279e+03     0.0000e+00  0.0000e+00     0.0000e+00  0.0000e+00     0.0000e+00  0.0000e+00     0.0000e+00  0.0000e+00 
9.4563e+03     0.0000e+00  0.0000e+00     0.0000e+00  0.0000e+00     0.0000e+00  0.0000e+00     0.0000e+00  0.0000e+00 
