yF = 4.8508e+00 (std: 0.0000e+00) keV/um
yD = 2.3847e+01 (std: 0.0000e+00) keV/um
y (keV/um)     f(y)(std)                  yf(y)(std)                 d(y)(std)                  yd(y)(std)  
1.0610e-01     2.5182e+01  0.0000e+00     2.6718e+00  0.0000e+00     5.5080e-01  0.0000e+00     5.8440e-02  0.0000e+00 
1.1905e-01     1.8989e+00  0.0000e+00     2.2606e-01  0.0000e+00     4.6601e-02  0.0000e+00     5.5478e-03  0.0000e+00 
1.3357e-01     5.2657e-01  0.0000e+00     7.0335e-02  0.0000e+00     1.4500e-02  0.0000e+00     1.9368e-03  0.0000e+00 
1.4987e-01     2.7681e+00  0.0000e+00     4.1486e-01  0.0000e+00     8.5523e-02  0.0000e+00     1.2817e-02  0.0000e+00 
1.6816e-01     8.5957e-01  0.0000e+00     1.4454e-01  0.0000e+00     2.9798e-02  0.0000e+00     5.0108e-03  0.0000e+00 
1.8868e-01     5.8681e-01  0.0000e+00     1.1072e-01  0.0000e+00     2.2825e-02  0.0000e+00     4.3065e-03  0.0000e+00 
2.1170e-01     6.5604e-01  0.0000e+00     1.3888e-01  0.0000e+00     2.8631e-02  0.0000e+00     6.0611e-03  0.0000e+00 
2.3753e-01     5.7465e-01  0.0000e+00     1.3650e-01  0.0000e+00     2.8139e-02  0.0000e+00     6.6839e-03  0.0000e+00 
2.6651e-01     2.6223e-01  0.0000e+00     6.9888e-02  0.0000e+00     1.4407e-02  0.0000e+00     3.8398e-03  0.0000e+00 
2.9903e-01     2.6311e-01  0.0000e+00     7.8680e-02  0.0000e+00     1.6220e-02  0.0000e+00     4.8503e-03  0.0000e+00 
3.3552e-01     1.3182e+00  0.0000e+00     4.4228e-01  0.0000e+00     9.1175e-02  0.0000e+00     3.0591e-02  0.0000e+00 
3.7646e-01     8.9775e-01  0.0000e+00     3.3797e-01  0.0000e+00     6.9672e-02  0.0000e+00     2.6229e-02  0.0000e+00 
4.2240e-01     4.1205e-01  0.0000e+00     1.7405e-01  0.0000e+00     3.5880e-02  0.0000e+00     1.5156e-02  0.0000e+00 
4.7394e-01     4.0466e-01  0.0000e+00     1.9178e-01  0.0000e+00     3.9536e-02  0.0000e+00     1.8737e-02  0.0000e+00 
5.3176e-01     2.6257e-01  0.0000e+00     1.3963e-01  0.0000e+00     2.8784e-02  0.0000e+00     1.5306e-02  0.0000e+00 
5.9665e-01     1.3262e-01  0.0000e+00     7.9127e-02  0.0000e+00     1.6312e-02  0.0000e+00     9.7326e-03  0.0000e+00 
6.6945e-01     2.2526e-01  0.0000e+00     1.5080e-01  0.0000e+00     3.1088e-02  0.0000e+00     2.0812e-02  0.0000e+00 
7.5114e-01     1.6347e-01  0.0000e+00     1.2279e-01  0.0000e+00     2.5313e-02  0.0000e+00     1.9013e-02  0.0000e+00 
8.4279e-01     8.9467e-02  0.0000e+00     7.5402e-02  0.0000e+00     1.5544e-02  0.0000e+00     1.3100e-02  0.0000e+00 
9.4563e-01     4.7590e-02  0.0000e+00     4.5003e-02  0.0000e+00     9.2773e-03  0.0000e+00     8.7728e-03  0.0000e+00 
1.0610e+00     4.0449e-02  0.0000e+00     4.2916e-02  0.0000e+00     8.8472e-03  0.0000e+00     9.3870e-03  0.0000e+00 
1.1905e+00     1.9151e-02  0.0000e+00     2.2799e-02  0.0000e+00     4.7001e-03  0.0000e+00     5.5953e-03  0.0000e+00 
1.3357e+00     1.2829e-02  0.0000e+00     1.7137e-02  0.0000e+00     3.5327e-03  0.0000e+00     4.7188e-03  0.0000e+00 
1.4987e+00     6.0651e-03  0.0000e+00     9.0899e-03  0.0000e+00     1.8739e-03  0.0000e+00     2.8084e-03  0.0000e+00 
1.6816e+00     2.9243e-03  0.0000e+00     4.9175e-03  0.0000e+00     1.0137e-03  0.0000e+00     1.7047e-03  0.0000e+00 
1.8868e+00     1.0267e-03  0.0000e+00     1.9372e-03  0.0000e+00     3.9935e-04  0.0000e+00     7.5349e-04  0.0000e+00 
2.1170e+00     6.3351e-04  0.0000e+00     1.3411e-03  0.0000e+00     2.7648e-04  0.0000e+00     5.8530e-04  0.0000e+00 
2.3753e+00     6.2735e-05  0.0000e+00     1.4902e-04  0.0000e+00     3.0719e-05  0.0000e+00     7.2968e-05  0.0000e+00 
2.6651e+00     5.5913e-05  0.0000e+00     1.4902e-04  0.0000e+00     3.0719e-05  0.0000e+00     8.1872e-05  0.0000e+00 
2.9903e+00     0.0000e+00  0.0000e+00     0.0000e+00  0.0000e+00     0.0000e+00  0.0000e+00     0.0000e+00  0.0000e+00 
3.3552e+00     0.0000e+00  0.0000e+00     0.0000e+00  0.0000e+00     0.0000e+00  0.0000e+00     0.0000e+00  0.0000e+00 
3.7646e+00     0.0000e+00  0.0000e+00     0.0000e+00  0.0000e+00     0.0000e+00  0.0000e+00     0.0000e+00  0.0000e+00 
4.2240e+00     0.0000e+00  0.0000e+00     0.0000e+00  0.0000e+00     0.0000e+00  0.0000e+00     0.0000e+00  0.0000e+00 
4.7394e+00     0.0000e+00  0.0000e+00     0.0000e+00  0.0000e+00     0.0000e+00  0.0000e+00     0.0000e+00  0.0000e+00 
5.3176e+00     0.0000e+00  0.0000e+00     0.0000e+00  0.0000e+00     0.0000e+00  0.0000e+00     0.0000e+00  0.0000e+00 
5.9665e+00     1.0932e-01  0.0000e+00     6.5224e-01  0.0000e+00     1.3446e-01  0.0000e+00     8.0225e-01  0.0000e+00 
6.6945e+00     2.2883e-02  0.0000e+00     1.5319e-01  0.0000e+00     3.1580e-02  0.0000e+00     2.1141e-01  0.0000e+00 
7.5114e+00     6.3682e-03  0.0000e+00     4.7834e-02  0.0000e+00     9.8610e-03  0.0000e+00     7.4069e-02  0.0000e+00 
8.4279e+00     2.8484e-02  0.0000e+00     2.4006e-01  0.0000e+00     4.9489e-02  0.0000e+00     4.1709e-01  0.0000e+00 
9.4563e+00     1.5554e-02  0.0000e+00     1.4708e-01  0.0000e+00     3.0320e-02  0.0000e+00     2.8671e-01  0.0000e+00 
1.0610e+01     2.6825e-02  0.0000e+00     2.8462e-01  0.0000e+00     5.8674e-02  0.0000e+00     6.2254e-01  0.0000e+00 
1.1905e+01     1.7537e-02  0.0000e+00     2.0877e-01  0.0000e+00     4.3038e-02  0.0000e+00     5.1236e-01  0.0000e+00 
1.3357e+01     1.3488e-02  0.0000e+00     1.8016e-01  0.0000e+00     3.7140e-02  0.0000e+00     4.9609e-01  0.0000e+00 
1.4987e+01     7.8747e-03  0.0000e+00     1.1802e-01  0.0000e+00     2.4330e-02  0.0000e+00     3.6463e-01  0.0000e+00 
1.6816e+01     5.2992e-03  0.0000e+00     8.9111e-02  0.0000e+00     1.8370e-02  0.0000e+00     3.0891e-01  0.0000e+00 
1.8868e+01     4.6992e-03  0.0000e+00     8.8664e-02  0.0000e+00     1.8278e-02  0.0000e+00     3.4487e-01  0.0000e+00 
2.1170e+01     4.6598e-03  0.0000e+00     9.8648e-02  0.0000e+00     2.0336e-02  0.0000e+00     4.3052e-01  0.0000e+00 
2.3753e+01     4.1280e-03  0.0000e+00     9.8052e-02  0.0000e+00     2.0213e-02  0.0000e+00     4.8013e-01  0.0000e+00 
2.6651e+01     2.5496e-03  0.0000e+00     6.7951e-02  0.0000e+00     1.4008e-02  0.0000e+00     3.7333e-01  0.0000e+00 
2.9903e+01     2.1029e-03  0.0000e+00     6.2884e-02  0.0000e+00     1.2964e-02  0.0000e+00     3.8765e-01  0.0000e+00 
3.3552e+01     1.6522e-03  0.0000e+00     5.5434e-02  0.0000e+00     1.1428e-02  0.0000e+00     3.8342e-01  0.0000e+00 
3.7646e+01     1.2390e-03  0.0000e+00     4.6642e-02  0.0000e+00     9.6152e-03  0.0000e+00     3.6197e-01  0.0000e+00 
4.2240e+01     8.1141e-04  0.0000e+00     3.4273e-02  0.0000e+00     7.0655e-03  0.0000e+00     2.9844e-01  0.0000e+00 
4.7394e+01     5.6596e-04  0.0000e+00     2.6823e-02  0.0000e+00     5.5295e-03  0.0000e+00     2.6206e-01  0.0000e+00 
5.3176e+01     4.9881e-04  0.0000e+00     2.6525e-02  0.0000e+00     5.4681e-03  0.0000e+00     2.9077e-01  0.0000e+00 
5.9665e+01     3.2218e-04  0.0000e+00     1.9223e-02  0.0000e+00     3.9628e-03  0.0000e+00     2.3644e-01  0.0000e+00 
6.6945e+01     1.9811e-04  0.0000e+00     1.3262e-02  0.0000e+00     2.7340e-03  0.0000e+00     1.8303e-01  0.0000e+00 
7.5114e+01     1.0118e-04  0.0000e+00     7.5998e-03  0.0000e+00     1.5667e-03  0.0000e+00     1.1768e-01  0.0000e+00 
8.4279e+01     3.5362e-05  0.0000e+00     2.9803e-03  0.0000e+00     6.1439e-04  0.0000e+00     5.1780e-02  0.0000e+00 
9.4563e+01     1.8910e-05  0.0000e+00     1.7882e-03  0.0000e+00     3.6863e-04  0.0000e+00     3.4859e-02  0.0000e+00 
1.0610e+02     1.1236e-05  0.0000e+00     1.1921e-03  0.0000e+00     2.4576e-04  0.0000e+00     2.6075e-02  0.0000e+00 
1.1905e+02     2.5035e-06  0.0000e+00     2.9803e-04  0.0000e+00     6.1439e-05  0.0000e+00     7.3141e-03  0.0000e+00 
1.3357e+02     4.4624e-06  0.0000e+00     5.9606e-04  0.0000e+00     1.2288e-04  0.0000e+00     1.6413e-02  0.0000e+00 
1.4987e+02     0.0000e+00  0.0000e+00     0.0000e+00  0.0000e+00     0.0000e+00  0.0000e+00     0.0000e+00  0.0000e+00 
1.6816e+02     0.0000e+00  0.0000e+00     0.0000e+00  0.0000e+00     0.0000e+00  0.0000e+00     0.0000e+00  0.0000e+00 
1.8868e+02     0.0000e+00  0.0000e+00     0.0000e+00  0.0000e+00     0.0000e+00  0.0000e+00     0.0000e+00  0.0000e+00 
2.1170e+02     0.0000e+00  0.0000e+00     0.0000e+00  0.0000e+00     0.0000e+00  0.0000e+00     0.0000e+00  0.0000e+00 
2.3753e+02     0.0000e+00  0.0000e+00     0.0000e+00  0.0000e+00     0.0000e+00  0.0000e+00     0.0000e+00  0.0000e+00 
2.6651e+02     0.0000e+00  0.0000e+00     0.0000e+00  0.0000e+00     0.0000e+00  0.0000e+00     0.0000e+00  0.0000e+00 
2.9903e+02     0.0000e+00  0.0000e+00     0.0000e+00  0.0000e+00     0.0000e+00  0.0000e+00     0.0000e+00  0.0000e+00 
3.3552e+02     0.0000e+00  0.0000e+00     0.0000e+00  0.0000e+00     0.0000e+00  0.0000e+00     0.0000e+00  0.0000e+00 
3.7646e+02     0.0000e+00  0.0000e+00     0.0000e+00  0.0000e+00     0.0000e+00  0.0000e+00     0.0000e+00  0.0000e+00 
4.2240e+02     0.0000e+00  0.0000e+00     0.0000e+00  0.0000e+00     0.0000e+00  0.0000e+00     0.0000e+00  0.0000e+00 
4.7394e+02     0.0000e+00  0.0000e+00     0.0000e+00  0.0000e+00     0.0000e+00  0.0000e+00     0.0000e+00  0.0000e+00 
5.3176e+02     0.0000e+00  0.0000e+00     0.0000e+00  0.0000e+00     0.0000e+00  0.0000e+00     0.0000e+00  0.0000e+00 
5.9665e+02     0.0000e+00  0.0000e+00     0.0000e+00  0.0000e+00     0.0000e+00  0.0000e+00     0.0000e+00  0.0000e+00 
6.6945e+02     0.0000e+00  0.0000e+00     0.0000e+00  0.0000e+00     0.0000e+00  0.0000e+00     0.0000e+00  0.0000e+00 
7.5114e+02     0.0000e+00  0.0000e+00     0.0000e+00  0.0000e+00     0.0000e+00  0.0000e+00     0.0000e+00  0.0000e+00 
8.4279e+02     0.0000e+00  0.0000e+00     0.0000e+00  0.0000e+00     0.0000e+00  0.0000e+00     0.0000e+00  0.0000e+00 
9.4563e+02     0.0000e+00  0.0000e+00     0.0000e+00  0.0000e+00     0.0000e+00  0.0000e+00     0.0000e+00  0.0000e+00 
1.0610e+03     0.0000e+00  0.0000e+00     0.0000e+00  0.0000e+00     0.0000e+00  0.0000e+00     0.0000e+00  0.0000e+00 
1.1905e+03     0.0000e+00  0.0000e+00     0.0000e+00  0.0000e+00     0.0000e+00  0.0000e+00     0.0000e+00  0.0000e+00 
1.3357e+03     0.0000e+00  0.0000e+00     0.0000e+00  0.0000e+00     0.0000e+00  0.0000e+00     0.0000e+00  0.0000e+00 
1.4987e+03     0.0000e+00  0.0000e+00     0.0000e+00  0.0000e+00     0.0000e+00  0.0000e+00     0.0000e+00  0.0000e+00 
1.6816e+03     0.0000e+00  0.0000e+00     0.0000e+00  0.0000e+00     0.0000e+00  0.0000e+00     0.0000e+00  0.0000e+00 
1.8868e+03     0.0000e+00  0.0000e+00     0.0000e+00  0.0000e+00     0.0000e+00  0.0000e+00     0.0000e+00  0.0000e+00 
2.1170e+03     0.0000e+00  0.0000e+00     0.0000e+00  0.0000e+00     0.0000e+00  0.0000e+00     0.0000e+00  0.0000e+00 
2.3753e+03     0.0000e+00  0.0000e+00     0.0000e+00  0.0000e+00     0.0000e+00  0.0000e+00     0.0000e+00  0.0000e+00 
2.6651e+03     0.0000e+00  0.0000e+00     0.0000e+00  0.0000e+00     0.0000e+00  0.0000e+00     0.0000e+00  0.0000e+00 
2.9903e+03     0.0000e+00  0.0000e+00     0.0000e+00  0.0000e+00     0.0000e+00  0.0000e+00     0.0000e+00  0.0000e+00 
3.3552e+03     0.0000e+00  0.0000e+00     0.0000e+00  0.0000e+00     0.0000e+00  0.0000e+00     0.0000e+00  0.0000e+00 
3.7646e+03     0.0000e+00  0.0000e+00     0.0000e+00  0.0000e+00     0.0000e+00  0.0000e+00     0.0000e+00  0.0000e+00 
4.2240e+03     0.0000e+00  0.0000e+00     0.0000e+00  0.0000e+00     0.0000e+00  0.0000e+00     0.0000e+00  0.0000e+00 
4.7394e+03     0.0000e+00  0.0000e+00     0.0000e+00  0.0000e+00     0.0000e+00  0.0000e+00     0.0000e+00  0.0000e+00 
5.3176e+03     0.0000e+00  0.0000e+00     0.0000e+00  0.0000e+00     0.0000e+00  0.0000e+00     0.0000e+00  0.0000e+00 
5.9665e+03     0.0000e+00  0.0000e+00     0.0000e+00  0.0000e+00     0.0000e+00  0.0000e+00     0.0000e+00  0.0000e+00 
6.6945e+03     0.0000e+00  0.0000e+00     0.0000e+00  0.0000e+00     0.0000e+00  0.0000e+00     0.0000e+00  0.0000e+00 
7.5114e+03     0.0000e+00  0.0000e+00     0.0000e+00  0.0000e+00     0.0000e+00  0.0000e+00     0.0000e+00  0.0000e+00 
8.4279e+03     0.0000e+00  0.0000e+00     0.0000e+00  0.0000e+00     0.0000e+00  0.0000e+00     0.0000e+00  0.0000e+00 
9.4563e+03     0.0000e+00  0.0000e+00     0.0000e+00  0.0000e+00     0.0000e+00  0.0000e+00     0.0000e+00  0.0000e+00 
