yF = 3.6744e+00 (std: 0.0000e+00) keV/um
yD = 1.8688e+01 (std: 0.0000e+00) keV/um
y (keV/um)     f(y)(std)                  yf(y)(std)                 d(y)(std)                  yd(y)(std)  
1.0610e-01     2.8671e+01  0.0000e+00     3.0420e+00  0.0000e+00     8.2789e-01  0.0000e+00     8.7840e-02  0.0000e+00 
1.1905e-01     1.8674e+00  0.0000e+00     2.2231e-01  0.0000e+00     6.0503e-02  0.0000e+00     7.2027e-03  0.0000e+00 
1.3357e-01     4.6349e-01  0.0000e+00     6.1910e-02  0.0000e+00     1.6849e-02  0.0000e+00     2.2506e-03  0.0000e+00 
1.4987e-01     2.9479e+00  0.0000e+00     4.4181e-01  0.0000e+00     1.2024e-01  0.0000e+00     1.8021e-02  0.0000e+00 
1.6816e-01     9.2040e-01  0.0000e+00     1.5477e-01  0.0000e+00     4.2122e-02  0.0000e+00     7.0832e-03  0.0000e+00 
1.8868e-01     7.3082e-01  0.0000e+00     1.3789e-01  0.0000e+00     3.7527e-02  0.0000e+00     7.0805e-03  0.0000e+00 
2.1170e-01     5.7159e-01  0.0000e+00     1.2101e-01  0.0000e+00     3.2932e-02  0.0000e+00     6.9717e-03  0.0000e+00 
2.3753e-01     5.4497e-01  0.0000e+00     1.2945e-01  0.0000e+00     3.5230e-02  0.0000e+00     8.3681e-03  0.0000e+00 
2.6651e-01     3.2732e-01  0.0000e+00     8.7236e-02  0.0000e+00     2.3742e-02  0.0000e+00     6.3275e-03  0.0000e+00 
2.9903e-01     2.7291e-01  0.0000e+00     8.1608e-02  0.0000e+00     2.2210e-02  0.0000e+00     6.6415e-03  0.0000e+00 
3.3552e-01     1.4678e+00  0.0000e+00     4.9246e-01  0.0000e+00     1.3403e-01  0.0000e+00     4.4968e-02  0.0000e+00 
3.7646e-01     9.0449e-01  0.0000e+00     3.4050e-01  0.0000e+00     9.2669e-02  0.0000e+00     3.4886e-02  0.0000e+00 
4.2240e-01     4.3970e-01  0.0000e+00     1.8573e-01  0.0000e+00     5.0547e-02  0.0000e+00     2.1351e-02  0.0000e+00 
4.7394e-01     3.9189e-01  0.0000e+00     1.8573e-01  0.0000e+00     5.0547e-02  0.0000e+00     2.3956e-02  0.0000e+00 
5.3176e-01     2.6460e-01  0.0000e+00     1.4070e-01  0.0000e+00     3.8293e-02  0.0000e+00     2.0363e-02  0.0000e+00 
5.9665e-01     1.2734e-01  0.0000e+00     7.5980e-02  0.0000e+00     2.0678e-02  0.0000e+00     1.2338e-02  0.0000e+00 
6.6945e-01     1.7655e-01  0.0000e+00     1.1819e-01  0.0000e+00     3.2166e-02  0.0000e+00     2.1534e-02  0.0000e+00 
7.5114e-01     1.9481e-01  0.0000e+00     1.4633e-01  0.0000e+00     3.9825e-02  0.0000e+00     2.9914e-02  0.0000e+00 
8.4279e-01     4.6746e-02  0.0000e+00     3.9397e-02  0.0000e+00     1.0722e-02  0.0000e+00     9.0364e-03  0.0000e+00 
9.4563e-01     3.8686e-02  0.0000e+00     3.6583e-02  0.0000e+00     9.9562e-03  0.0000e+00     9.4148e-03  0.0000e+00 
1.0610e+00     3.1827e-02  0.0000e+00     3.3769e-02  0.0000e+00     9.1903e-03  0.0000e+00     9.7510e-03  0.0000e+00 
1.1905e+00     2.6002e-02  0.0000e+00     3.0955e-02  0.0000e+00     8.4244e-03  0.0000e+00     1.0029e-02  0.0000e+00 
1.3357e+00     6.3203e-03  0.0000e+00     8.4422e-03  0.0000e+00     2.2976e-03  0.0000e+00     3.0689e-03  0.0000e+00 
1.4987e+00     1.8777e-03  0.0000e+00     2.8141e-03  0.0000e+00     7.6586e-04  0.0000e+00     1.1478e-03  0.0000e+00 
1.6816e+00     3.3469e-03  0.0000e+00     5.6281e-03  0.0000e+00     1.5317e-03  0.0000e+00     2.5757e-03  0.0000e+00 
1.8868e+00     1.4915e-03  0.0000e+00     2.8141e-03  0.0000e+00     7.6586e-04  0.0000e+00     1.4450e-03  0.0000e+00 
2.1170e+00     0.0000e+00  0.0000e+00     0.0000e+00  0.0000e+00     0.0000e+00  0.0000e+00     0.0000e+00  0.0000e+00 
2.3753e+00     0.0000e+00  0.0000e+00     0.0000e+00  0.0000e+00     0.0000e+00  0.0000e+00     0.0000e+00  0.0000e+00 
2.6651e+00     0.0000e+00  0.0000e+00     0.0000e+00  0.0000e+00     0.0000e+00  0.0000e+00     0.0000e+00  0.0000e+00 
2.9903e+00     0.0000e+00  0.0000e+00     0.0000e+00  0.0000e+00     0.0000e+00  0.0000e+00     0.0000e+00  0.0000e+00 
3.3552e+00     0.0000e+00  0.0000e+00     0.0000e+00  0.0000e+00     0.0000e+00  0.0000e+00     0.0000e+00  0.0000e+00 
3.7646e+00     0.0000e+00  0.0000e+00     0.0000e+00  0.0000e+00     0.0000e+00  0.0000e+00     0.0000e+00  0.0000e+00 
4.2240e+00     0.0000e+00  0.0000e+00     0.0000e+00  0.0000e+00     0.0000e+00  0.0000e+00     0.0000e+00  0.0000e+00 
4.7394e+00     0.0000e+00  0.0000e+00     0.0000e+00  0.0000e+00     0.0000e+00  0.0000e+00     0.0000e+00  0.0000e+00 
5.3176e+00     0.0000e+00  0.0000e+00     0.0000e+00  0.0000e+00     0.0000e+00  0.0000e+00     0.0000e+00  0.0000e+00 
5.9665e+00     1.1037e-01  0.0000e+00     6.5849e-01  0.0000e+00     1.7921e-01  0.0000e+00     1.0693e+00  0.0000e+00 
6.6945e+00     2.3960e-02  0.0000e+00     1.6040e-01  0.0000e+00     4.3654e-02  0.0000e+00     2.9224e-01  0.0000e+00 
7.5114e+00     5.6196e-03  0.0000e+00     4.2211e-02  0.0000e+00     1.1488e-02  0.0000e+00     8.6290e-02  0.0000e+00 
8.4279e+00     2.1703e-02  0.0000e+00     1.8291e-01  0.0000e+00     4.9781e-02  0.0000e+00     4.1955e-01  0.0000e+00 
9.4563e+00     1.5772e-02  0.0000e+00     1.4915e-01  0.0000e+00     4.0591e-02  0.0000e+00     3.8383e-01  0.0000e+00 
1.0610e+01     2.2809e-02  0.0000e+00     2.4201e-01  0.0000e+00     6.5864e-02  0.0000e+00     6.9882e-01  0.0000e+00 
1.1905e+01     1.5129e-02  0.0000e+00     1.8010e-01  0.0000e+00     4.9015e-02  0.0000e+00     5.8351e-01  0.0000e+00 
1.3357e+01     1.0744e-02  0.0000e+00     1.4352e-01  0.0000e+00     3.9059e-02  0.0000e+00     5.2172e-01  0.0000e+00 
1.4987e+01     6.1963e-03  0.0000e+00     9.2864e-02  0.0000e+00     2.5273e-02  0.0000e+00     3.7878e-01  0.0000e+00 
1.6816e+01     4.5183e-03  0.0000e+00     7.5980e-02  0.0000e+00     2.0678e-02  0.0000e+00     3.4772e-01  0.0000e+00 
1.8868e+01     3.5795e-03  0.0000e+00     6.7538e-02  0.0000e+00     1.8381e-02  0.0000e+00     3.4680e-01  0.0000e+00 
2.1170e+01     2.6586e-03  0.0000e+00     5.6281e-02  0.0000e+00     1.5317e-02  0.0000e+00     3.2426e-01  0.0000e+00 
2.3753e+01     3.1987e-03  0.0000e+00     7.5980e-02  0.0000e+00     2.0678e-02  0.0000e+00     4.9117e-01  0.0000e+00 
2.6651e+01     2.2174e-03  0.0000e+00     5.9096e-02  0.0000e+00     1.6083e-02  0.0000e+00     4.2863e-01  0.0000e+00 
2.9903e+01     1.6939e-03  0.0000e+00     5.0653e-02  0.0000e+00     1.3785e-02  0.0000e+00     4.1223e-01  0.0000e+00 
3.3552e+01     9.2259e-04  0.0000e+00     3.0955e-02  0.0000e+00     8.4244e-03  0.0000e+00     2.8266e-01  0.0000e+00 
3.7646e+01     1.1960e-03  0.0000e+00     4.5025e-02  0.0000e+00     1.2254e-02  0.0000e+00     4.6130e-01  0.0000e+00 
4.2240e+01     3.9973e-04  0.0000e+00     1.6884e-02  0.0000e+00     4.5952e-03  0.0000e+00     1.9410e-01  0.0000e+00 
4.7394e+01     4.1564e-04  0.0000e+00     1.9699e-02  0.0000e+00     5.3610e-03  0.0000e+00     2.5408e-01  0.0000e+00 
5.3176e+01     1.5876e-04  0.0000e+00     8.4422e-03  0.0000e+00     2.2976e-03  0.0000e+00     1.2218e-01  0.0000e+00 
5.9665e+01     1.8866e-04  0.0000e+00     1.1256e-02  0.0000e+00     3.0634e-03  0.0000e+00     1.8278e-01  0.0000e+00 
6.6945e+01     0.0000e+00  0.0000e+00     0.0000e+00  0.0000e+00     0.0000e+00  0.0000e+00     0.0000e+00  0.0000e+00 
7.5114e+01     0.0000e+00  0.0000e+00     0.0000e+00  0.0000e+00     0.0000e+00  0.0000e+00     0.0000e+00  0.0000e+00 
8.4279e+01     0.0000e+00  0.0000e+00     0.0000e+00  0.0000e+00     0.0000e+00  0.0000e+00     0.0000e+00  0.0000e+00 
9.4563e+01     0.0000e+00  0.0000e+00     0.0000e+00  0.0000e+00     0.0000e+00  0.0000e+00     0.0000e+00  0.0000e+00 
1.0610e+02     0.0000e+00  0.0000e+00     0.0000e+00  0.0000e+00     0.0000e+00  0.0000e+00     0.0000e+00  0.0000e+00 
1.1905e+02     0.0000e+00  0.0000e+00     0.0000e+00  0.0000e+00     0.0000e+00  0.0000e+00     0.0000e+00  0.0000e+00 
1.3357e+02     0.0000e+00  0.0000e+00     0.0000e+00  0.0000e+00     0.0000e+00  0.0000e+00     0.0000e+00  0.0000e+00 
1.4987e+02     0.0000e+00  0.0000e+00     0.0000e+00  0.0000e+00     0.0000e+00  0.0000e+00     0.0000e+00  0.0000e+00 
1.6816e+02     0.0000e+00  0.0000e+00     0.0000e+00  0.0000e+00     0.0000e+00  0.0000e+00     0.0000e+00  0.0000e+00 
1.8868e+02     0.0000e+00  0.0000e+00     0.0000e+00  0.0000e+00     0.0000e+00  0.0000e+00     0.0000e+00  0.0000e+00 
2.1170e+02     0.0000e+00  0.0000e+00     0.0000e+00  0.0000e+00     0.0000e+00  0.0000e+00     0.0000e+00  0.0000e+00 
2.3753e+02     0.0000e+00  0.0000e+00     0.0000e+00  0.0000e+00     0.0000e+00  0.0000e+00     0.0000e+00  0.0000e+00 
2.6651e+02     0.0000e+00  0.0000e+00     0.0000e+00  0.0000e+00     0.0000e+00  0.0000e+00     0.0000e+00  0.0000e+00 
2.9903e+02     0.0000e+00  0.0000e+00     0.0000e+00  0.0000e+00     0.0000e+00  0.0000e+00     0.0000e+00  0.0000e+00 
3.3552e+02     0.0000e+00  0.0000e+00     0.0000e+00  0.0000e+00     0.0000e+00  0.0000e+00     0.0000e+00  0.0000e+00 
3.7646e+02     0.0000e+00  0.0000e+00     0.0000e+00  0.0000e+00     0.0000e+00  0.0000e+00     0.0000e+00  0.0000e+00 
4.2240e+02     0.0000e+00  0.0000e+00     0.0000e+00  0.0000e+00     0.0000e+00  0.0000e+00     0.0000e+00  0.0000e+00 
4.7394e+02     0.0000e+00  0.0000e+00     0.0000e+00  0.0000e+00     0.0000e+00  0.0000e+00     0.0000e+00  0.0000e+00 
5.3176e+02     0.0000e+00  0.0000e+00     0.0000e+00  0.0000e+00     0.0000e+00  0.0000e+00     0.0000e+00  0.0000e+00 
5.9665e+02     0.0000e+00  0.0000e+00     0.0000e+00  0.0000e+00     0.0000e+00  0.0000e+00     0.0000e+00  0.0000e+00 
6.6945e+02     0.0000e+00  0.0000e+00     0.0000e+00  0.0000e+00     0.0000e+00  0.0000e+00     0.0000e+00  0.0000e+00 
7.5114e+02     0.0000e+00  0.0000e+00     0.0000e+00  0.0000e+00     0.0000e+00  0.0000e+00     0.0000e+00  0.0000e+00 
8.4279e+02     0.0000e+00  0.0000e+00     0.0000e+00  0.0000e+00     0.0000e+00  0.0000e+00     0.0000e+00  0.0000e+00 
9.4563e+02     0.0000e+00  0.0000e+00     0.0000e+00  0.0000e+00     0.0000e+00  0.0000e+00     0.0000e+00  0.0000e+00 
1.0610e+03     0.0000e+00  0.0000e+00     0.0000e+00  0.0000e+00     0.0000e+00  0.0000e+00     0.0000e+00  0.0000e+00 
1.1905e+03     0.0000e+00  0.0000e+00     0.0000e+00  0.0000e+00     0.0000e+00  0.0000e+00     0.0000e+00  0.0000e+00 
1.3357e+03     0.0000e+00  0.0000e+00     0.0000e+00  0.0000e+00     0.0000e+00  0.0000e+00     0.0000e+00  0.0000e+00 
1.4987e+03     0.0000e+00  0.0000e+00     0.0000e+00  0.0000e+00     0.0000e+00  0.0000e+00     0.0000e+00  0.0000e+00 
1.6816e+03     0.0000e+00  0.0000e+00     0.0000e+00  0.0000e+00     0.0000e+00  0.0000e+00     0.0000e+00  0.0000e+00 
1.8868e+03     0.0000e+00  0.0000e+00     0.0000e+00  0.0000e+00     0.0000e+00  0.0000e+00     0.0000e+00  0.0000e+00 
2.1170e+03     0.0000e+00  0.0000e+00     0.0000e+00  0.0000e+00     0.0000e+00  0.0000e+00     0.0000e+00  0.0000e+00 
2.3753e+03     0.0000e+00  0.0000e+00     0.0000e+00  0.0000e+00     0.0000e+00  0.0000e+00     0.0000e+00  0.0000e+00 
2.6651e+03     0.0000e+00  0.0000e+00     0.0000e+00  0.0000e+00     0.0000e+00  0.0000e+00     0.0000e+00  0.0000e+00 
2.9903e+03     0.0000e+00  0.0000e+00     0.0000e+00  0.0000e+00     0.0000e+00  0.0000e+00     0.0000e+00  0.0000e+00 
3.3552e+03     0.0000e+00  0.0000e+00     0.0000e+00  0.0000e+00     0.0000e+00  0.0000e+00     0.0000e+00  0.0000e+00 
3.7646e+03     0.0000e+00  0.0000e+00     0.0000e+00  0.0000e+00     0.0000e+00  0.0000e+00     0.0000e+00  0.0000e+00 
4.2240e+03     0.0000e+00  0.0000e+00     0.0000e+00  0.0000e+00     0.0000e+00  0.0000e+00     0.0000e+00  0.0000e+00 
4.7394e+03     0.0000e+00  0.0000e+00     0.0000e+00  0.0000e+00     0.0000e+00  0.0000e+00     0.0000e+00  0.0000e+00 
5.3176e+03     0.0000e+00  0.0000e+00     0.0000e+00  0.0000e+00     0.0000e+00  0.0000e+00     0.0000e+00  0.0000e+00 
5.9665e+03     0.0000e+00  0.0000e+00     0.0000e+00  0.0000e+00     0.0000e+00  0.0000e+00     0.0000e+00  0.0000e+00 
6.6945e+03     0.0000e+00  0.0000e+00     0.0000e+00  0.0000e+00     0.0000e+00  0.0000e+00     0.0000e+00  0.0000e+00 
7.5114e+03     0.0000e+00  0.0000e+00     0.0000e+00  0.0000e+00     0.0000e+00  0.0000e+00     0.0000e+00  0.0000e+00 
8.4279e+03     0.0000e+00  0.0000e+00     0.0000e+00  0.0000e+00     0.0000e+00  0.0000e+00     0.0000e+00  0.0000e+00 
9.4563e+03     0.0000e+00  0.0000e+00     0.0000e+00  0.0000e+00     0.0000e+00  0.0000e+00     0.0000e+00  0.0000e+00 
