yF = 1.6252e+02 (std: 0.0000e+00) keV/um
yD = 1.7999e+02 (std: 0.0000e+00) keV/um
y (keV/um)     f(y)(std)                  yf(y)(std)                 d(y)(std)                  yd(y)(std)  
1.0610e-01     0.0000e+00  0.0000e+00     0.0000e+00  0.0000e+00     0.0000e+00  0.0000e+00     0.0000e+00  0.0000e+00 
1.1905e-01     0.0000e+00  0.0000e+00     0.0000e+00  0.0000e+00     0.0000e+00  0.0000e+00     0.0000e+00  0.0000e+00 
1.3357e-01     0.0000e+00  0.0000e+00     0.0000e+00  0.0000e+00     0.0000e+00  0.0000e+00     0.0000e+00  0.0000e+00 
1.4987e-01     5.8020e-05  0.0000e+00     8.6955e-06  0.0000e+00     5.3503e-08  0.0000e+00     8.0186e-09  0.0000e+00 
1.6816e-01     0.0000e+00  0.0000e+00     0.0000e+00  0.0000e+00     0.0000e+00  0.0000e+00     0.0000e+00  0.0000e+00 
1.8868e-01     0.0000e+00  0.0000e+00     0.0000e+00  0.0000e+00     0.0000e+00  0.0000e+00     0.0000e+00  0.0000e+00 
2.1170e-01     0.0000e+00  0.0000e+00     0.0000e+00  0.0000e+00     0.0000e+00  0.0000e+00     0.0000e+00  0.0000e+00 
2.3753e-01     3.6608e-05  0.0000e+00     8.6955e-06  0.0000e+00     5.3503e-08  0.0000e+00     1.2709e-08  0.0000e+00 
2.6651e-01     0.0000e+00  0.0000e+00     0.0000e+00  0.0000e+00     0.0000e+00  0.0000e+00     0.0000e+00  0.0000e+00 
2.9903e-01     2.9079e-05  0.0000e+00     8.6955e-06  0.0000e+00     5.3503e-08  0.0000e+00     1.5999e-08  0.0000e+00 
3.3552e-01     0.0000e+00  0.0000e+00     0.0000e+00  0.0000e+00     0.0000e+00  0.0000e+00     0.0000e+00  0.0000e+00 
3.7646e-01     2.3098e-05  0.0000e+00     8.6955e-06  0.0000e+00     5.3503e-08  0.0000e+00     2.0142e-08  0.0000e+00 
4.2240e-01     0.0000e+00  0.0000e+00     0.0000e+00  0.0000e+00     0.0000e+00  0.0000e+00     0.0000e+00  0.0000e+00 
4.7394e-01     1.8347e-05  0.0000e+00     8.6955e-06  0.0000e+00     5.3503e-08  0.0000e+00     2.5357e-08  0.0000e+00 
5.3176e-01     1.6352e-05  0.0000e+00     8.6955e-06  0.0000e+00     5.3503e-08  0.0000e+00     2.8451e-08  0.0000e+00 
5.9665e-01     1.4574e-05  0.0000e+00     8.6955e-06  0.0000e+00     5.3503e-08  0.0000e+00     3.1923e-08  0.0000e+00 
6.6945e-01     0.0000e+00  0.0000e+00     0.0000e+00  0.0000e+00     0.0000e+00  0.0000e+00     0.0000e+00  0.0000e+00 
7.5114e-01     1.1576e-05  0.0000e+00     8.6955e-06  0.0000e+00     5.3503e-08  0.0000e+00     4.0188e-08  0.0000e+00 
8.4279e-01     1.0318e-05  0.0000e+00     8.6955e-06  0.0000e+00     5.3503e-08  0.0000e+00     4.5092e-08  0.0000e+00 
9.4563e-01     9.1955e-06  0.0000e+00     8.6955e-06  0.0000e+00     5.3503e-08  0.0000e+00     5.0594e-08  0.0000e+00 
1.0610e+00     8.1955e-06  0.0000e+00     8.6955e-06  0.0000e+00     5.3503e-08  0.0000e+00     5.6767e-08  0.0000e+00 
1.1905e+00     0.0000e+00  0.0000e+00     0.0000e+00  0.0000e+00     0.0000e+00  0.0000e+00     0.0000e+00  0.0000e+00 
1.3357e+00     0.0000e+00  0.0000e+00     0.0000e+00  0.0000e+00     0.0000e+00  0.0000e+00     0.0000e+00  0.0000e+00 
1.4987e+00     0.0000e+00  0.0000e+00     0.0000e+00  0.0000e+00     0.0000e+00  0.0000e+00     0.0000e+00  0.0000e+00 
1.6816e+00     1.0342e-05  0.0000e+00     1.7391e-05  0.0000e+00     1.0701e-07  0.0000e+00     1.7994e-07  0.0000e+00 
1.8868e+00     0.0000e+00  0.0000e+00     0.0000e+00  0.0000e+00     0.0000e+00  0.0000e+00     0.0000e+00  0.0000e+00 
2.1170e+00     0.0000e+00  0.0000e+00     0.0000e+00  0.0000e+00     0.0000e+00  0.0000e+00     0.0000e+00  0.0000e+00 
2.3753e+00     0.0000e+00  0.0000e+00     0.0000e+00  0.0000e+00     0.0000e+00  0.0000e+00     0.0000e+00  0.0000e+00 
2.6651e+00     0.0000e+00  0.0000e+00     0.0000e+00  0.0000e+00     0.0000e+00  0.0000e+00     0.0000e+00  0.0000e+00 
2.9903e+00     0.0000e+00  0.0000e+00     0.0000e+00  0.0000e+00     0.0000e+00  0.0000e+00     0.0000e+00  0.0000e+00 
3.3552e+00     0.0000e+00  0.0000e+00     0.0000e+00  0.0000e+00     0.0000e+00  0.0000e+00     0.0000e+00  0.0000e+00 
3.7646e+00     0.0000e+00  0.0000e+00     0.0000e+00  0.0000e+00     0.0000e+00  0.0000e+00     0.0000e+00  0.0000e+00 
4.2240e+00     0.0000e+00  0.0000e+00     0.0000e+00  0.0000e+00     0.0000e+00  0.0000e+00     0.0000e+00  0.0000e+00 
4.7394e+00     0.0000e+00  0.0000e+00     0.0000e+00  0.0000e+00     0.0000e+00  0.0000e+00     0.0000e+00  0.0000e+00 
5.3176e+00     1.6352e-06  0.0000e+00     8.6955e-06  0.0000e+00     5.3503e-08  0.0000e+00     2.8451e-07  0.0000e+00 
5.9665e+00     2.9148e-06  0.0000e+00     1.7391e-05  0.0000e+00     1.0701e-07  0.0000e+00     6.3845e-07  0.0000e+00 
6.6945e+00     1.2989e-06  0.0000e+00     8.6955e-06  0.0000e+00     5.3503e-08  0.0000e+00     3.5818e-07  0.0000e+00 
7.5114e+00     1.1576e-06  0.0000e+00     8.6955e-06  0.0000e+00     5.3503e-08  0.0000e+00     4.0188e-07  0.0000e+00 
8.4279e+00     9.2858e-06  0.0000e+00     7.8259e-05  0.0000e+00     4.8153e-07  0.0000e+00     4.0583e-06  0.0000e+00 
9.4563e+00     1.2874e-05  0.0000e+00     1.2174e-04  0.0000e+00     7.4904e-07  0.0000e+00     7.0831e-06  0.0000e+00 
1.0610e+01     9.0150e-06  0.0000e+00     9.5650e-05  0.0000e+00     5.8853e-07  0.0000e+00     6.2444e-06  0.0000e+00 
1.1905e+01     7.3042e-06  0.0000e+00     8.6955e-05  0.0000e+00     5.3503e-07  0.0000e+00     6.3694e-06  0.0000e+00 
1.3357e+01     5.8589e-06  0.0000e+00     7.8259e-05  0.0000e+00     4.8153e-07  0.0000e+00     6.4319e-06  0.0000e+00 
1.4987e+01     7.5426e-06  0.0000e+00     1.1304e-04  0.0000e+00     6.9554e-07  0.0000e+00     1.0424e-05  0.0000e+00 
1.6816e+01     1.9650e-05  0.0000e+00     3.3043e-04  0.0000e+00     2.0331e-06  0.0000e+00     3.4189e-05  0.0000e+00 
1.8868e+01     2.3504e-05  0.0000e+00     4.4347e-04  0.0000e+00     2.7287e-06  0.0000e+00     5.1483e-05  0.0000e+00 
2.1170e+01     3.4914e-05  0.0000e+00     7.3912e-04  0.0000e+00     4.5478e-06  0.0000e+00     9.6276e-05  0.0000e+00 
2.3753e+01     3.6974e-05  0.0000e+00     8.7824e-04  0.0000e+00     5.4038e-06  0.0000e+00     1.2836e-04  0.0000e+00 
2.6651e+01     6.0033e-05  0.0000e+00     1.6000e-03  0.0000e+00     9.8445e-06  0.0000e+00     2.6237e-04  0.0000e+00 
2.9903e+01     8.0548e-05  0.0000e+00     2.4087e-03  0.0000e+00     1.4820e-05  0.0000e+00     4.4318e-04  0.0000e+00 
3.3552e+01     1.2025e-04  0.0000e+00     4.0347e-03  0.0000e+00     2.4825e-05  0.0000e+00     8.3294e-04  0.0000e+00 
3.7646e+01     1.7970e-04  0.0000e+00     6.7651e-03  0.0000e+00     4.1625e-05  0.0000e+00     1.5670e-03  0.0000e+00 
4.2240e+01     2.8697e-04  0.0000e+00     1.2122e-02  0.0000e+00     7.4583e-05  0.0000e+00     3.1504e-03  0.0000e+00 
4.7394e+01     4.0566e-04  0.0000e+00     1.9226e-02  0.0000e+00     1.1830e-04  0.0000e+00     5.6064e-03  0.0000e+00 
5.3176e+01     6.0012e-04  0.0000e+00     3.1912e-02  0.0000e+00     1.9636e-04  0.0000e+00     1.0442e-02  0.0000e+00 
5.9665e+01     9.1378e-04  0.0000e+00     5.4521e-02  0.0000e+00     3.3546e-04  0.0000e+00     2.0015e-02  0.0000e+00 
6.6945e+01     1.3696e-03  0.0000e+00     9.1685e-02  0.0000e+00     5.6414e-04  0.0000e+00     3.7766e-02  0.0000e+00 
7.5114e+01     1.9739e-03  0.0000e+00     1.4827e-01  0.0000e+00     9.1228e-04  0.0000e+00     6.8525e-02  0.0000e+00 
8.4279e+01     2.7736e-03  0.0000e+00     2.3375e-01  0.0000e+00     1.4383e-03  0.0000e+00     1.2122e-01  0.0000e+00 
9.4563e+01     3.8210e-03  0.0000e+00     3.6132e-01  0.0000e+00     2.2232e-03  0.0000e+00     2.1023e-01  0.0000e+00 
1.0610e+02     5.0482e-03  0.0000e+00     5.3562e-01  0.0000e+00     3.2956e-03  0.0000e+00     3.4967e-01  0.0000e+00 
1.1905e+02     6.2690e-03  0.0000e+00     7.4631e-01  0.0000e+00     4.5920e-03  0.0000e+00     5.4666e-01  0.0000e+00 
1.3357e+02     7.2261e-03  0.0000e+00     9.6521e-01  0.0000e+00     5.9389e-03  0.0000e+00     7.9328e-01  0.0000e+00 
1.4987e+02     7.6418e-03  0.0000e+00     1.1453e+00  0.0000e+00     7.0469e-03  0.0000e+00     1.0561e+00  0.0000e+00 
1.6816e+02     7.1965e-03  0.0000e+00     1.2102e+00  0.0000e+00     7.4461e-03  0.0000e+00     1.2521e+00  0.0000e+00 
1.8868e+02     5.9897e-03  0.0000e+00     1.1301e+00  0.0000e+00     6.9536e-03  0.0000e+00     1.3120e+00  0.0000e+00 
2.1170e+02     4.2686e-03  0.0000e+00     9.0366e-01  0.0000e+00     5.5602e-03  0.0000e+00     1.1771e+00  0.0000e+00 
2.3753e+02     2.5037e-03  0.0000e+00     5.9469e-01  0.0000e+00     3.6591e-03  0.0000e+00     8.6915e-01  0.0000e+00 
2.6651e+02     1.1857e-03  0.0000e+00     3.1600e-01  0.0000e+00     1.9444e-03  0.0000e+00     5.1820e-01  0.0000e+00 
2.9903e+02     4.3095e-04  0.0000e+00     1.2887e-01  0.0000e+00     7.9291e-04  0.0000e+00     2.3711e-01  0.0000e+00 
3.3552e+02     1.1608e-04  0.0000e+00     3.8947e-02  0.0000e+00     2.3964e-04  0.0000e+00     8.0404e-02  0.0000e+00 
3.7646e+02     2.2613e-05  0.0000e+00     8.5129e-03  0.0000e+00     5.2379e-05  0.0000e+00     1.9719e-02  0.0000e+00 
4.2240e+02     2.9644e-06  0.0000e+00     1.2522e-03  0.0000e+00     7.7044e-06  0.0000e+00     3.2543e-03  0.0000e+00 
4.7394e+02     2.0182e-07  0.0000e+00     9.5650e-05  0.0000e+00     5.8853e-07  0.0000e+00     2.7893e-04  0.0000e+00 
5.3176e+02     1.6352e-08  0.0000e+00     8.6955e-06  0.0000e+00     5.3503e-08  0.0000e+00     2.8451e-05  0.0000e+00 
5.9665e+02     0.0000e+00  0.0000e+00     0.0000e+00  0.0000e+00     0.0000e+00  0.0000e+00     0.0000e+00  0.0000e+00 
6.6945e+02     0.0000e+00  0.0000e+00     0.0000e+00  0.0000e+00     0.0000e+00  0.0000e+00     0.0000e+00  0.0000e+00 
7.5114e+02     0.0000e+00  0.0000e+00     0.0000e+00  0.0000e+00     0.0000e+00  0.0000e+00     0.0000e+00  0.0000e+00 
8.4279e+02     0.0000e+00  0.0000e+00     0.0000e+00  0.0000e+00     0.0000e+00  0.0000e+00     0.0000e+00  0.0000e+00 
9.4563e+02     0.0000e+00  0.0000e+00     0.0000e+00  0.0000e+00     0.0000e+00  0.0000e+00     0.0000e+00  0.0000e+00 
1.0610e+03     0.0000e+00  0.0000e+00     0.0000e+00  0.0000e+00     0.0000e+00  0.0000e+00     0.0000e+00  0.0000e+00 
1.1905e+03     0.0000e+00  0.0000e+00     0.0000e+00  0.0000e+00     0.0000e+00  0.0000e+00     0.0000e+00  0.0000e+00 
1.3357e+03     0.0000e+00  0.0000e+00     0.0000e+00  0.0000e+00     0.0000e+00  0.0000e+00     0.0000e+00  0.0000e+00 
1.4987e+03     0.0000e+00  0.0000e+00     0.0000e+00  0.0000e+00     0.0000e+00  0.0000e+00     0.0000e+00  0.0000e+00 
1.6816e+03     0.0000e+00  0.0000e+00     0.0000e+00  0.0000e+00     0.0000e+00  0.0000e+00     0.0000e+00  0.0000e+00 
1.8868e+03     0.0000e+00  0.0000e+00     0.0000e+00  0.0000e+00     0.0000e+00  0.0000e+00     0.0000e+00  0.0000e+00 
2.1170e+03     0.0000e+00  0.0000e+00     0.0000e+00  0.0000e+00     0.0000e+00  0.0000e+00     0.0000e+00  0.0000e+00 
2.3753e+03     0.0000e+00  0.0000e+00     0.0000e+00  0.0000e+00     0.0000e+00  0.0000e+00     0.0000e+00  0.0000e+00 
2.6651e+03     0.0000e+00  0.0000e+00     0.0000e+00  0.0000e+00     0.0000e+00  0.0000e+00     0.0000e+00  0.0000e+00 
2.9903e+03     0.0000e+00  0.0000e+00     0.0000e+00  0.0000e+00     0.0000e+00  0.0000e+00     0.0000e+00  0.0000e+00 
3.3552e+03     0.0000e+00  0.0000e+00     0.0000e+00  0.0000e+00     0.0000e+00  0.0000e+00     0.0000e+00  0.0000e+00 
3.7646e+03     0.0000e+00  0.0000e+00     0.0000e+00  0.0000e+00     0.0000e+00  0.0000e+00     0.0000e+00  0.0000e+00 
4.2240e+03     0.0000e+00  0.0000e+00     0.0000e+00  0.0000e+00     0.0000e+00  0.0000e+00     0.0000e+00  0.0000e+00 
4.7394e+03     0.0000e+00  0.0000e+00     0.0000e+00  0.0000e+00     0.0000e+00  0.0000e+00     0.0000e+00  0.0000e+00 
5.3176e+03     0.0000e+00  0.0000e+00     0.0000e+00  0.0000e+00     0.0000e+00  0.0000e+00     0.0000e+00  0.0000e+00 
5.9665e+03     0.0000e+00  0.0000e+00     0.0000e+00  0.0000e+00     0.0000e+00  0.0000e+00     0.0000e+00  0.0000e+00 
6.6945e+03     0.0000e+00  0.0000e+00     0.0000e+00  0.0000e+00     0.0000e+00  0.0000e+00     0.0000e+00  0.0000e+00 
7.5114e+03     0.0000e+00  0.0000e+00     0.0000e+00  0.0000e+00     0.0000e+00  0.0000e+00     0.0000e+00  0.0000e+00 
8.4279e+03     0.0000e+00  0.0000e+00     0.0000e+00  0.0000e+00     0.0000e+00  0.0000e+00     0.0000e+00  0.0000e+00 
9.4563e+03     0.0000e+00  0.0000e+00     0.0000e+00  0.0000e+00     0.0000e+00  0.0000e+00     0.0000e+00  0.0000e+00 
