yF = 9.2106e+01 (std: 0.0000e+00) keV/um
yD = 1.3171e+02 (std: 0.0000e+00) keV/um
y (keV/um)     f(y)(std)                  yf(y)(std)                 d(y)(std)                  yd(y)(std)  
1.0610e-01     6.8269e-01  0.0000e+00     7.2434e-02  0.0000e+00     7.8642e-04  0.0000e+00     8.3440e-05  0.0000e+00 
1.1905e-01     5.0372e-02  0.0000e+00     5.9966e-03  0.0000e+00     6.5105e-05  0.0000e+00     7.7506e-06  0.0000e+00 
1.3357e-01     1.7905e-02  0.0000e+00     2.3916e-03  0.0000e+00     2.5966e-05  0.0000e+00     3.4683e-06  0.0000e+00 
1.4987e-01     6.6060e-02  0.0000e+00     9.9006e-03  0.0000e+00     1.0749e-04  0.0000e+00     1.6110e-05  0.0000e+00 
1.6816e-01     2.1752e-02  0.0000e+00     3.6578e-03  0.0000e+00     3.9712e-05  0.0000e+00     6.6780e-06  0.0000e+00 
1.8868e-01     1.4493e-02  0.0000e+00     2.7345e-03  0.0000e+00     2.9689e-05  0.0000e+00     5.6016e-06  0.0000e+00 
2.1170e-01     1.5575e-02  0.0000e+00     3.2973e-03  0.0000e+00     3.5798e-05  0.0000e+00     7.5785e-06  0.0000e+00 
2.3753e-01     1.4622e-02  0.0000e+00     3.4731e-03  0.0000e+00     3.7708e-05  0.0000e+00     8.9567e-06  0.0000e+00 
2.6651e-01     7.7530e-03  0.0000e+00     2.0663e-03  0.0000e+00     2.2434e-05  0.0000e+00     5.9789e-06  0.0000e+00 
2.9903e-01     6.6746e-03  0.0000e+00     1.9959e-03  0.0000e+00     2.1670e-05  0.0000e+00     6.4800e-06  0.0000e+00 
3.3552e-01     2.0650e-02  0.0000e+00     6.9286e-03  0.0000e+00     7.5224e-05  0.0000e+00     2.5239e-05  0.0000e+00 
3.7646e-01     1.4294e-02  0.0000e+00     5.3811e-03  0.0000e+00     5.8423e-05  0.0000e+00     2.1994e-05  0.0000e+00 
4.2240e-01     7.6187e-03  0.0000e+00     3.2181e-03  0.0000e+00     3.4939e-05  0.0000e+00     1.4758e-05  0.0000e+00 
4.7394e-01     7.3097e-03  0.0000e+00     3.4643e-03  0.0000e+00     3.7612e-05  0.0000e+00     1.7826e-05  0.0000e+00 
5.3176e-01     4.7786e-03  0.0000e+00     2.5411e-03  0.0000e+00     2.7589e-05  0.0000e+00     1.4671e-05  0.0000e+00 
5.9665e-01     2.8147e-03  0.0000e+00     1.6794e-03  0.0000e+00     1.8233e-05  0.0000e+00     1.0879e-05  0.0000e+00 
6.6945e-01     3.1653e-03  0.0000e+00     2.1190e-03  0.0000e+00     2.3006e-05  0.0000e+00     1.5402e-05  0.0000e+00 
7.5114e-01     2.7040e-03  0.0000e+00     2.0311e-03  0.0000e+00     2.2052e-05  0.0000e+00     1.6564e-05  0.0000e+00 
8.4279e-01     1.9614e-03  0.0000e+00     1.6530e-03  0.0000e+00     1.7947e-05  0.0000e+00     1.5125e-05  0.0000e+00 
9.4563e-01     9.5772e-04  0.0000e+00     9.0565e-04  0.0000e+00     9.8326e-06  0.0000e+00     9.2980e-06  0.0000e+00 
1.0610e+00     8.1213e-04  0.0000e+00     8.6168e-04  0.0000e+00     9.3553e-06  0.0000e+00     9.9261e-06  0.0000e+00 
1.1905e+00     4.8747e-04  0.0000e+00     5.8032e-04  0.0000e+00     6.3005e-06  0.0000e+00     7.5006e-06  0.0000e+00 
1.3357e+00     3.1597e-04  0.0000e+00     4.2205e-04  0.0000e+00     4.5822e-06  0.0000e+00     6.1206e-06  0.0000e+00 
1.4987e+00     1.2907e-04  0.0000e+00     1.9344e-04  0.0000e+00     2.1002e-06  0.0000e+00     3.1476e-06  0.0000e+00 
1.6816e+00     9.4118e-05  0.0000e+00     1.5827e-04  0.0000e+00     1.7183e-06  0.0000e+00     2.8895e-06  0.0000e+00 
1.8868e+00     6.0582e-05  0.0000e+00     1.1430e-04  0.0000e+00     1.2410e-06  0.0000e+00     2.3415e-06  0.0000e+00 
2.1170e+00     1.6614e-05  0.0000e+00     3.5171e-05  0.0000e+00     3.8185e-07  0.0000e+00     8.0837e-07  0.0000e+00 
2.3753e+00     4.0719e-04  0.0000e+00     9.6719e-04  0.0000e+00     1.0501e-05  0.0000e+00     2.4943e-05  0.0000e+00 
2.6651e+00     3.3651e-04  0.0000e+00     8.9685e-04  0.0000e+00     9.7372e-06  0.0000e+00     2.5951e-05  0.0000e+00 
2.9903e+00     9.1151e-05  0.0000e+00     2.7257e-04  0.0000e+00     2.9593e-06  0.0000e+00     8.8494e-06  0.0000e+00 
3.3552e+00     1.8344e-05  0.0000e+00     6.1549e-05  0.0000e+00     6.6824e-07  0.0000e+00     2.2421e-06  0.0000e+00 
3.7646e+00     1.1678e-05  0.0000e+00     4.3963e-05  0.0000e+00     4.7731e-07  0.0000e+00     1.7969e-06  0.0000e+00 
4.2240e+00     0.0000e+00  0.0000e+00     0.0000e+00  0.0000e+00     0.0000e+00  0.0000e+00     0.0000e+00  0.0000e+00 
4.7394e+00     5.5657e-06  0.0000e+00     2.6378e-05  0.0000e+00     2.8639e-07  0.0000e+00     1.3573e-06  0.0000e+00 
5.3176e+00     1.6535e-05  0.0000e+00     8.7927e-05  0.0000e+00     9.5462e-07  0.0000e+00     5.0764e-06  0.0000e+00 
5.9665e+00     9.6526e-04  0.0000e+00     5.7592e-03  0.0000e+00     6.2528e-05  0.0000e+00     3.7307e-04  0.0000e+00 
6.6945e+00     9.6273e-04  0.0000e+00     6.4450e-03  0.0000e+00     6.9974e-05  0.0000e+00     4.6844e-04  0.0000e+00 
7.5114e+00     6.2158e-04  0.0000e+00     4.6689e-03  0.0000e+00     5.0691e-05  0.0000e+00     3.8076e-04  0.0000e+00 
8.4279e+00     1.0831e-02  0.0000e+00     9.1286e-02  0.0000e+00     9.9109e-04  0.0000e+00     8.3528e-03  0.0000e+00 
9.4563e+00     4.2409e-03  0.0000e+00     4.0103e-02  0.0000e+00     4.3540e-04  0.0000e+00     4.1173e-03  0.0000e+00 
1.0610e+01     7.8993e-03  0.0000e+00     8.3812e-02  0.0000e+00     9.0995e-04  0.0000e+00     9.6546e-03  0.0000e+00 
1.1905e+01     4.4323e-03  0.0000e+00     5.2765e-02  0.0000e+00     5.7287e-04  0.0000e+00     6.8199e-03  0.0000e+00 
1.3357e+01     4.2274e-03  0.0000e+00     5.6467e-02  0.0000e+00     6.1306e-04  0.0000e+00     8.1888e-03  0.0000e+00 
1.4987e+01     3.2795e-03  0.0000e+00     4.9151e-02  0.0000e+00     5.3364e-04  0.0000e+00     7.9977e-03  0.0000e+00 
1.6816e+01     5.0066e-03  0.0000e+00     8.4190e-02  0.0000e+00     9.1405e-04  0.0000e+00     1.5371e-02  0.0000e+00 
1.8868e+01     4.9836e-03  0.0000e+00     9.4029e-02  0.0000e+00     1.0209e-03  0.0000e+00     1.9262e-02  0.0000e+00 
2.1170e+01     5.7782e-03  0.0000e+00     1.2232e-01  0.0000e+00     1.3281e-03  0.0000e+00     2.8115e-02  0.0000e+00 
2.3753e+01     5.8232e-03  0.0000e+00     1.3832e-01  0.0000e+00     1.5017e-03  0.0000e+00     3.5670e-02  0.0000e+00 
2.6651e+01     5.3403e-03  0.0000e+00     1.4233e-01  0.0000e+00     1.5453e-03  0.0000e+00     4.1183e-02  0.0000e+00 
2.9903e+01     5.8722e-03  0.0000e+00     1.7560e-01  0.0000e+00     1.9065e-03  0.0000e+00     5.7010e-02  0.0000e+00 
3.3552e+01     6.4944e-03  0.0000e+00     2.1790e-01  0.0000e+00     2.3658e-03  0.0000e+00     7.9376e-02  0.0000e+00 
3.7646e+01     6.4180e-03  0.0000e+00     2.4161e-01  0.0000e+00     2.6232e-03  0.0000e+00     9.8754e-02  0.0000e+00 
4.2240e+01     6.8531e-03  0.0000e+00     2.8947e-01  0.0000e+00     3.1428e-03  0.0000e+00     1.3275e-01  0.0000e+00 
4.7394e+01     6.9297e-03  0.0000e+00     3.2842e-01  0.0000e+00     3.5657e-03  0.0000e+00     1.6899e-01  0.0000e+00 
5.3176e+01     7.1900e-03  0.0000e+00     3.8234e-01  0.0000e+00     4.1511e-03  0.0000e+00     2.2074e-01  0.0000e+00 
5.9665e+01     7.2744e-03  0.0000e+00     4.3402e-01  0.0000e+00     4.7122e-03  0.0000e+00     2.8115e-01  0.0000e+00 
6.6945e+01     7.2301e-03  0.0000e+00     4.8402e-01  0.0000e+00     5.2550e-03  0.0000e+00     3.5180e-01  0.0000e+00 
7.5114e+01     7.0176e-03  0.0000e+00     5.2712e-01  0.0000e+00     5.7230e-03  0.0000e+00     4.2987e-01  0.0000e+00 
8.4279e+01     6.7438e-03  0.0000e+00     5.6836e-01  0.0000e+00     6.1707e-03  0.0000e+00     5.2006e-01  0.0000e+00 
9.4563e+01     6.2487e-03  0.0000e+00     5.9089e-01  0.0000e+00     6.4154e-03  0.0000e+00     6.0665e-01  0.0000e+00 
1.0610e+02     5.6226e-03  0.0000e+00     5.9657e-01  0.0000e+00     6.4769e-03  0.0000e+00     6.8721e-01  0.0000e+00 
1.1905e+02     4.8578e-03  0.0000e+00     5.7831e-01  0.0000e+00     6.2788e-03  0.0000e+00     7.4747e-01  0.0000e+00 
1.3357e+02     4.0124e-03  0.0000e+00     5.3595e-01  0.0000e+00     5.8188e-03  0.0000e+00     7.7724e-01  0.0000e+00 
1.4987e+02     3.1127e-03  0.0000e+00     4.6650e-01  0.0000e+00     5.0649e-03  0.0000e+00     7.5908e-01  0.0000e+00 
1.6816e+02     2.2814e-03  0.0000e+00     3.8364e-01  0.0000e+00     4.1652e-03  0.0000e+00     7.0042e-01  0.0000e+00 
1.8868e+02     1.5685e-03  0.0000e+00     2.9594e-01  0.0000e+00     3.2130e-03  0.0000e+00     6.0622e-01  0.0000e+00 
2.1170e+02     9.7251e-04  0.0000e+00     2.0588e-01  0.0000e+00     2.2353e-03  0.0000e+00     4.7320e-01  0.0000e+00 
2.3753e+02     5.5344e-04  0.0000e+00     1.3146e-01  0.0000e+00     1.4273e-03  0.0000e+00     3.3902e-01  0.0000e+00 
2.6651e+02     2.8115e-04  0.0000e+00     7.4931e-02  0.0000e+00     8.1353e-04  0.0000e+00     2.1682e-01  0.0000e+00 
2.9903e+02     1.3770e-04  0.0000e+00     4.1176e-02  0.0000e+00     4.4705e-04  0.0000e+00     1.3368e-01  0.0000e+00 
3.3552e+02     5.6474e-05  0.0000e+00     1.8948e-02  0.0000e+00     2.0572e-04  0.0000e+00     6.9024e-02  0.0000e+00 
3.7646e+02     2.1558e-05  0.0000e+00     8.1156e-03  0.0000e+00     8.8112e-05  0.0000e+00     3.3171e-02  0.0000e+00 
4.2240e+02     7.0567e-06  0.0000e+00     2.9807e-03  0.0000e+00     3.2362e-05  0.0000e+00     1.3669e-02  0.0000e+00 
4.7394e+02     1.9109e-06  0.0000e+00     9.0565e-04  0.0000e+00     9.8326e-06  0.0000e+00     4.6600e-03  0.0000e+00 
5.3176e+02     2.1495e-07  0.0000e+00     1.1430e-04  0.0000e+00     1.2410e-06  0.0000e+00     6.5993e-04  0.0000e+00 
5.9665e+02     5.8947e-08  0.0000e+00     3.5171e-05  0.0000e+00     3.8185e-07  0.0000e+00     2.2783e-04  0.0000e+00 
6.6945e+02     3.9402e-08  0.0000e+00     2.6378e-05  0.0000e+00     2.8639e-07  0.0000e+00     1.9172e-04  0.0000e+00 
7.5114e+02     0.0000e+00  0.0000e+00     0.0000e+00  0.0000e+00     0.0000e+00  0.0000e+00     0.0000e+00  0.0000e+00 
8.4279e+02     0.0000e+00  0.0000e+00     0.0000e+00  0.0000e+00     0.0000e+00  0.0000e+00     0.0000e+00  0.0000e+00 
9.4563e+02     0.0000e+00  0.0000e+00     0.0000e+00  0.0000e+00     0.0000e+00  0.0000e+00     0.0000e+00  0.0000e+00 
1.0610e+03     0.0000e+00  0.0000e+00     0.0000e+00  0.0000e+00     0.0000e+00  0.0000e+00     0.0000e+00  0.0000e+00 
1.1905e+03     0.0000e+00  0.0000e+00     0.0000e+00  0.0000e+00     0.0000e+00  0.0000e+00     0.0000e+00  0.0000e+00 
1.3357e+03     0.0000e+00  0.0000e+00     0.0000e+00  0.0000e+00     0.0000e+00  0.0000e+00     0.0000e+00  0.0000e+00 
1.4987e+03     0.0000e+00  0.0000e+00     0.0000e+00  0.0000e+00     0.0000e+00  0.0000e+00     0.0000e+00  0.0000e+00 
1.6816e+03     0.0000e+00  0.0000e+00     0.0000e+00  0.0000e+00     0.0000e+00  0.0000e+00     0.0000e+00  0.0000e+00 
1.8868e+03     0.0000e+00  0.0000e+00     0.0000e+00  0.0000e+00     0.0000e+00  0.0000e+00     0.0000e+00  0.0000e+00 
2.1170e+03     0.0000e+00  0.0000e+00     0.0000e+00  0.0000e+00     0.0000e+00  0.0000e+00     0.0000e+00  0.0000e+00 
2.3753e+03     0.0000e+00  0.0000e+00     0.0000e+00  0.0000e+00     0.0000e+00  0.0000e+00     0.0000e+00  0.0000e+00 
2.6651e+03     0.0000e+00  0.0000e+00     0.0000e+00  0.0000e+00     0.0000e+00  0.0000e+00     0.0000e+00  0.0000e+00 
2.9903e+03     0.0000e+00  0.0000e+00     0.0000e+00  0.0000e+00     0.0000e+00  0.0000e+00     0.0000e+00  0.0000e+00 
3.3552e+03     0.0000e+00  0.0000e+00     0.0000e+00  0.0000e+00     0.0000e+00  0.0000e+00     0.0000e+00  0.0000e+00 
3.7646e+03     0.0000e+00  0.0000e+00     0.0000e+00  0.0000e+00     0.0000e+00  0.0000e+00     0.0000e+00  0.0000e+00 
4.2240e+03     0.0000e+00  0.0000e+00     0.0000e+00  0.0000e+00     0.0000e+00  0.0000e+00     0.0000e+00  0.0000e+00 
4.7394e+03     0.0000e+00  0.0000e+00     0.0000e+00  0.0000e+00     0.0000e+00  0.0000e+00     0.0000e+00  0.0000e+00 
5.3176e+03     0.0000e+00  0.0000e+00     0.0000e+00  0.0000e+00     0.0000e+00  0.0000e+00     0.0000e+00  0.0000e+00 
5.9665e+03     0.0000e+00  0.0000e+00     0.0000e+00  0.0000e+00     0.0000e+00  0.0000e+00     0.0000e+00  0.0000e+00 
6.6945e+03     0.0000e+00  0.0000e+00     0.0000e+00  0.0000e+00     0.0000e+00  0.0000e+00     0.0000e+00  0.0000e+00 
7.5114e+03     0.0000e+00  0.0000e+00     0.0000e+00  0.0000e+00     0.0000e+00  0.0000e+00     0.0000e+00  0.0000e+00 
8.4279e+03     0.0000e+00  0.0000e+00     0.0000e+00  0.0000e+00     0.0000e+00  0.0000e+00     0.0000e+00  0.0000e+00 
9.4563e+03     0.0000e+00  0.0000e+00     0.0000e+00  0.0000e+00     0.0000e+00  0.0000e+00     0.0000e+00  0.0000e+00 
