yF = 4.5846e+00 (std: 0.0000e+00) keV/um
yD = 2.2679e+01 (std: 0.0000e+00) keV/um
y (keV/um)     f(y)(std)                  yf(y)(std)                 d(y)(std)                  yd(y)(std)  
1.0610e-01     2.5951e+01  0.0000e+00     2.7534e+00  0.0000e+00     6.0058e-01  0.0000e+00     6.3722e-02  0.0000e+00 
1.1905e-01     1.9070e+00  0.0000e+00     2.2702e-01  0.0000e+00     4.9518e-02  0.0000e+00     5.8949e-03  0.0000e+00 
1.3357e-01     5.4223e-01  0.0000e+00     7.2427e-02  0.0000e+00     1.5798e-02  0.0000e+00     2.1102e-03  0.0000e+00 
1.4987e-01     2.7737e+00  0.0000e+00     4.1569e-01  0.0000e+00     9.0672e-02  0.0000e+00     1.3589e-02  0.0000e+00 
1.6816e-01     8.2703e-01  0.0000e+00     1.3907e-01  0.0000e+00     3.0334e-02  0.0000e+00     5.1010e-03  0.0000e+00 
1.8868e-01     6.1612e-01  0.0000e+00     1.1625e-01  0.0000e+00     2.5356e-02  0.0000e+00     4.7841e-03  0.0000e+00 
2.1170e-01     7.0293e-01  0.0000e+00     1.4881e-01  0.0000e+00     3.2459e-02  0.0000e+00     6.8714e-03  0.0000e+00 
2.3753e-01     5.9190e-01  0.0000e+00     1.4059e-01  0.0000e+00     3.0666e-02  0.0000e+00     7.2842e-03  0.0000e+00 
2.6651e-01     2.7061e-01  0.0000e+00     7.2123e-02  0.0000e+00     1.5731e-02  0.0000e+00     4.1926e-03  0.0000e+00 
2.9903e-01     2.2389e-01  0.0000e+00     6.6949e-02  0.0000e+00     1.4603e-02  0.0000e+00     4.3668e-03  0.0000e+00 
3.3552e-01     1.4748e+00  0.0000e+00     4.9482e-01  0.0000e+00     1.0793e-01  0.0000e+00     3.6213e-02  0.0000e+00 
3.7646e-01     8.9081e-01  0.0000e+00     3.3535e-01  0.0000e+00     7.3148e-02  0.0000e+00     2.7537e-02  0.0000e+00 
4.2240e-01     3.9841e-01  0.0000e+00     1.6829e-01  0.0000e+00     3.6707e-02  0.0000e+00     1.5505e-02  0.0000e+00 
4.7394e-01     3.7820e-01  0.0000e+00     1.7924e-01  0.0000e+00     3.9096e-02  0.0000e+00     1.8529e-02  0.0000e+00 
5.3176e-01     2.5066e-01  0.0000e+00     1.3329e-01  0.0000e+00     2.9073e-02  0.0000e+00     1.5460e-02  0.0000e+00 
5.9665e-01     1.3006e-01  0.0000e+00     7.7600e-02  0.0000e+00     1.6926e-02  0.0000e+00     1.0099e-02  0.0000e+00 
6.6945e-01     2.0365e-01  0.0000e+00     1.3633e-01  0.0000e+00     2.9737e-02  0.0000e+00     1.9908e-02  0.0000e+00 
7.5114e-01     1.8515e-01  0.0000e+00     1.3907e-01  0.0000e+00     3.0334e-02  0.0000e+00     2.2785e-02  0.0000e+00 
8.4279e-01     7.5105e-02  0.0000e+00     6.3297e-02  0.0000e+00     1.3806e-02  0.0000e+00     1.1636e-02  0.0000e+00 
9.4563e-01     5.1490e-02  0.0000e+00     4.8690e-02  0.0000e+00     1.0620e-02  0.0000e+00     1.0043e-02  0.0000e+00 
1.0610e+00     4.4456e-02  0.0000e+00     4.7169e-02  0.0000e+00     1.0288e-02  0.0000e+00     1.0916e-02  0.0000e+00 
1.1905e+00     1.9172e-02  0.0000e+00     2.2824e-02  0.0000e+00     4.9783e-03  0.0000e+00     5.9265e-03  0.0000e+00 
1.3357e+00     1.0708e-02  0.0000e+00     1.4303e-02  0.0000e+00     3.1197e-03  0.0000e+00     4.1671e-03  0.0000e+00 
1.4987e+00     5.0763e-03  0.0000e+00     7.6079e-03  0.0000e+00     1.6594e-03  0.0000e+00     2.4870e-03  0.0000e+00 
1.6816e+00     2.1716e-03  0.0000e+00     3.6518e-03  0.0000e+00     7.9653e-04  0.0000e+00     1.3394e-03  0.0000e+00 
1.8868e+00     8.0644e-04  0.0000e+00     1.5216e-03  0.0000e+00     3.3189e-04  0.0000e+00     6.2619e-04  0.0000e+00 
2.1170e+00     1.4375e-04  0.0000e+00     3.0431e-04  0.0000e+00     6.6377e-05  0.0000e+00     1.4052e-04  0.0000e+00 
2.3753e+00     0.0000e+00  0.0000e+00     0.0000e+00  0.0000e+00     0.0000e+00  0.0000e+00     0.0000e+00  0.0000e+00 
2.6651e+00     1.1418e-04  0.0000e+00     3.0431e-04  0.0000e+00     6.6377e-05  0.0000e+00     1.7690e-04  0.0000e+00 
2.9903e+00     0.0000e+00  0.0000e+00     0.0000e+00  0.0000e+00     0.0000e+00  0.0000e+00     0.0000e+00  0.0000e+00 
3.3552e+00     0.0000e+00  0.0000e+00     0.0000e+00  0.0000e+00     0.0000e+00  0.0000e+00     0.0000e+00  0.0000e+00 
3.7646e+00     0.0000e+00  0.0000e+00     0.0000e+00  0.0000e+00     0.0000e+00  0.0000e+00     0.0000e+00  0.0000e+00 
4.2240e+00     0.0000e+00  0.0000e+00     0.0000e+00  0.0000e+00     0.0000e+00  0.0000e+00     0.0000e+00  0.0000e+00 
4.7394e+00     0.0000e+00  0.0000e+00     0.0000e+00  0.0000e+00     0.0000e+00  0.0000e+00     0.0000e+00  0.0000e+00 
5.3176e+00     0.0000e+00  0.0000e+00     0.0000e+00  0.0000e+00     0.0000e+00  0.0000e+00     0.0000e+00  0.0000e+00 
5.9665e+00     1.0165e-01  0.0000e+00     6.0650e-01  0.0000e+00     1.3229e-01  0.0000e+00     7.8931e-01  0.0000e+00 
6.6945e+00     2.0410e-02  0.0000e+00     1.3664e-01  0.0000e+00     2.9803e-02  0.0000e+00     1.9952e-01  0.0000e+00 
7.5114e+00     5.9555e-03  0.0000e+00     4.4734e-02  0.0000e+00     9.7575e-03  0.0000e+00     7.3292e-02  0.0000e+00 
8.4279e+00     2.5492e-02  0.0000e+00     2.1485e-01  0.0000e+00     4.6862e-02  0.0000e+00     3.9495e-01  0.0000e+00 
9.4563e+00     1.9405e-02  0.0000e+00     1.8350e-01  0.0000e+00     4.0026e-02  0.0000e+00     3.7849e-01  0.0000e+00 
1.0610e+01     2.6244e-02  0.0000e+00     2.7845e-01  0.0000e+00     6.0735e-02  0.0000e+00     6.4441e-01  0.0000e+00 
1.1905e+01     1.7766e-02  0.0000e+00     2.1150e-01  0.0000e+00     4.6132e-02  0.0000e+00     5.4919e-01  0.0000e+00 
1.3357e+01     1.4558e-02  0.0000e+00     1.9446e-01  0.0000e+00     4.2415e-02  0.0000e+00     5.6655e-01  0.0000e+00 
1.4987e+01     8.8124e-03  0.0000e+00     1.3207e-01  0.0000e+00     2.8808e-02  0.0000e+00     4.3175e-01  0.0000e+00 
1.6816e+01     5.3929e-03  0.0000e+00     9.0686e-02  0.0000e+00     1.9780e-02  0.0000e+00     3.3263e-01  0.0000e+00 
1.8868e+01     4.4193e-03  0.0000e+00     8.3382e-02  0.0000e+00     1.8187e-02  0.0000e+00     3.4315e-01  0.0000e+00 
2.1170e+01     3.8812e-03  0.0000e+00     8.2165e-02  0.0000e+00     1.7922e-02  0.0000e+00     3.7941e-01  0.0000e+00 
2.3753e+01     3.3566e-03  0.0000e+00     7.9730e-02  0.0000e+00     1.7391e-02  0.0000e+00     4.1309e-01  0.0000e+00 
2.6651e+01     2.2608e-03  0.0000e+00     6.0254e-02  0.0000e+00     1.3143e-02  0.0000e+00     3.5027e-01  0.0000e+00 
2.9903e+01     1.4960e-03  0.0000e+00     4.4734e-02  0.0000e+00     9.7575e-03  0.0000e+00     2.9178e-01  0.0000e+00 
3.3552e+01     1.4965e-03  0.0000e+00     5.0212e-02  0.0000e+00     1.0952e-02  0.0000e+00     3.6747e-01  0.0000e+00 
3.7646e+01     1.2045e-03  0.0000e+00     4.5343e-02  0.0000e+00     9.8902e-03  0.0000e+00     3.7233e-01  0.0000e+00 
4.2240e+01     9.8702e-04  0.0000e+00     4.1691e-02  0.0000e+00     9.0937e-03  0.0000e+00     3.8411e-01  0.0000e+00 
4.7394e+01     6.1642e-04  0.0000e+00     2.9214e-02  0.0000e+00     6.3722e-03  0.0000e+00     3.0200e-01  0.0000e+00 
5.3176e+01     4.5782e-04  0.0000e+00     2.4345e-02  0.0000e+00     5.3102e-03  0.0000e+00     2.8238e-01  0.0000e+00 
5.9665e+01     3.1112e-04  0.0000e+00     1.8563e-02  0.0000e+00     4.0490e-03  0.0000e+00     2.4158e-01  0.0000e+00 
6.6945e+01     1.0455e-04  0.0000e+00     6.9992e-03  0.0000e+00     1.5267e-03  0.0000e+00     1.0220e-01  0.0000e+00 
7.5114e+01     5.6719e-05  0.0000e+00     4.2604e-03  0.0000e+00     9.2928e-04  0.0000e+00     6.9802e-02  0.0000e+00 
8.4279e+01     2.8886e-05  0.0000e+00     2.4345e-03  0.0000e+00     5.3102e-04  0.0000e+00     4.4754e-02  0.0000e+00 
9.4563e+01     1.9309e-05  0.0000e+00     1.8259e-03  0.0000e+00     3.9826e-04  0.0000e+00     3.7661e-02  0.0000e+00 
1.0610e+02     5.7363e-06  0.0000e+00     6.0863e-04  0.0000e+00     1.3275e-04  0.0000e+00     1.4085e-02  0.0000e+00 
1.1905e+02     2.5563e-06  0.0000e+00     3.0431e-04  0.0000e+00     6.6377e-05  0.0000e+00     7.9020e-03  0.0000e+00 
1.3357e+02     0.0000e+00  0.0000e+00     0.0000e+00  0.0000e+00     0.0000e+00  0.0000e+00     0.0000e+00  0.0000e+00 
1.4987e+02     0.0000e+00  0.0000e+00     0.0000e+00  0.0000e+00     0.0000e+00  0.0000e+00     0.0000e+00  0.0000e+00 
1.6816e+02     0.0000e+00  0.0000e+00     0.0000e+00  0.0000e+00     0.0000e+00  0.0000e+00     0.0000e+00  0.0000e+00 
1.8868e+02     0.0000e+00  0.0000e+00     0.0000e+00  0.0000e+00     0.0000e+00  0.0000e+00     0.0000e+00  0.0000e+00 
2.1170e+02     0.0000e+00  0.0000e+00     0.0000e+00  0.0000e+00     0.0000e+00  0.0000e+00     0.0000e+00  0.0000e+00 
2.3753e+02     0.0000e+00  0.0000e+00     0.0000e+00  0.0000e+00     0.0000e+00  0.0000e+00     0.0000e+00  0.0000e+00 
2.6651e+02     0.0000e+00  0.0000e+00     0.0000e+00  0.0000e+00     0.0000e+00  0.0000e+00     0.0000e+00  0.0000e+00 
2.9903e+02     0.0000e+00  0.0000e+00     0.0000e+00  0.0000e+00     0.0000e+00  0.0000e+00     0.0000e+00  0.0000e+00 
3.3552e+02     0.0000e+00  0.0000e+00     0.0000e+00  0.0000e+00     0.0000e+00  0.0000e+00     0.0000e+00  0.0000e+00 
3.7646e+02     0.0000e+00  0.0000e+00     0.0000e+00  0.0000e+00     0.0000e+00  0.0000e+00     0.0000e+00  0.0000e+00 
4.2240e+02     0.0000e+00  0.0000e+00     0.0000e+00  0.0000e+00     0.0000e+00  0.0000e+00     0.0000e+00  0.0000e+00 
4.7394e+02     0.0000e+00  0.0000e+00     0.0000e+00  0.0000e+00     0.0000e+00  0.0000e+00     0.0000e+00  0.0000e+00 
5.3176e+02     0.0000e+00  0.0000e+00     0.0000e+00  0.0000e+00     0.0000e+00  0.0000e+00     0.0000e+00  0.0000e+00 
5.9665e+02     0.0000e+00  0.0000e+00     0.0000e+00  0.0000e+00     0.0000e+00  0.0000e+00     0.0000e+00  0.0000e+00 
6.6945e+02     0.0000e+00  0.0000e+00     0.0000e+00  0.0000e+00     0.0000e+00  0.0000e+00     0.0000e+00  0.0000e+00 
7.5114e+02     0.0000e+00  0.0000e+00     0.0000e+00  0.0000e+00     0.0000e+00  0.0000e+00     0.0000e+00  0.0000e+00 
8.4279e+02     0.0000e+00  0.0000e+00     0.0000e+00  0.0000e+00     0.0000e+00  0.0000e+00     0.0000e+00  0.0000e+00 
9.4563e+02     0.0000e+00  0.0000e+00     0.0000e+00  0.0000e+00     0.0000e+00  0.0000e+00     0.0000e+00  0.0000e+00 
1.0610e+03     0.0000e+00  0.0000e+00     0.0000e+00  0.0000e+00     0.0000e+00  0.0000e+00     0.0000e+00  0.0000e+00 
1.1905e+03     0.0000e+00  0.0000e+00     0.0000e+00  0.0000e+00     0.0000e+00  0.0000e+00     0.0000e+00  0.0000e+00 
1.3357e+03     0.0000e+00  0.0000e+00     0.0000e+00  0.0000e+00     0.0000e+00  0.0000e+00     0.0000e+00  0.0000e+00 
1.4987e+03     0.0000e+00  0.0000e+00     0.0000e+00  0.0000e+00     0.0000e+00  0.0000e+00     0.0000e+00  0.0000e+00 
1.6816e+03     0.0000e+00  0.0000e+00     0.0000e+00  0.0000e+00     0.0000e+00  0.0000e+00     0.0000e+00  0.0000e+00 
1.8868e+03     0.0000e+00  0.0000e+00     0.0000e+00  0.0000e+00     0.0000e+00  0.0000e+00     0.0000e+00  0.0000e+00 
2.1170e+03     0.0000e+00  0.0000e+00     0.0000e+00  0.0000e+00     0.0000e+00  0.0000e+00     0.0000e+00  0.0000e+00 
2.3753e+03     0.0000e+00  0.0000e+00     0.0000e+00  0.0000e+00     0.0000e+00  0.0000e+00     0.0000e+00  0.0000e+00 
2.6651e+03     0.0000e+00  0.0000e+00     0.0000e+00  0.0000e+00     0.0000e+00  0.0000e+00     0.0000e+00  0.0000e+00 
2.9903e+03     0.0000e+00  0.0000e+00     0.0000e+00  0.0000e+00     0.0000e+00  0.0000e+00     0.0000e+00  0.0000e+00 
3.3552e+03     0.0000e+00  0.0000e+00     0.0000e+00  0.0000e+00     0.0000e+00  0.0000e+00     0.0000e+00  0.0000e+00 
3.7646e+03     0.0000e+00  0.0000e+00     0.0000e+00  0.0000e+00     0.0000e+00  0.0000e+00     0.0000e+00  0.0000e+00 
4.2240e+03     0.0000e+00  0.0000e+00     0.0000e+00  0.0000e+00     0.0000e+00  0.0000e+00     0.0000e+00  0.0000e+00 
4.7394e+03     0.0000e+00  0.0000e+00     0.0000e+00  0.0000e+00     0.0000e+00  0.0000e+00     0.0000e+00  0.0000e+00 
5.3176e+03     0.0000e+00  0.0000e+00     0.0000e+00  0.0000e+00     0.0000e+00  0.0000e+00     0.0000e+00  0.0000e+00 
5.9665e+03     0.0000e+00  0.0000e+00     0.0000e+00  0.0000e+00     0.0000e+00  0.0000e+00     0.0000e+00  0.0000e+00 
6.6945e+03     0.0000e+00  0.0000e+00     0.0000e+00  0.0000e+00     0.0000e+00  0.0000e+00     0.0000e+00  0.0000e+00 
7.5114e+03     0.0000e+00  0.0000e+00     0.0000e+00  0.0000e+00     0.0000e+00  0.0000e+00     0.0000e+00  0.0000e+00 
8.4279e+03     0.0000e+00  0.0000e+00     0.0000e+00  0.0000e+00     0.0000e+00  0.0000e+00     0.0000e+00  0.0000e+00 
9.4563e+03     0.0000e+00  0.0000e+00     0.0000e+00  0.0000e+00     0.0000e+00  0.0000e+00     0.0000e+00  0.0000e+00 
