yF = 1.4722e+01 (std: 0.0000e+00) keV/um
yD = 3.5190e+01 (std: 0.0000e+00) keV/um
y (keV/um)     f(y)(std)                  yf(y)(std)                 d(y)(std)                  yd(y)(std)  
1.0610e-01     8.4044e+00  0.0000e+00     8.9172e-01  0.0000e+00     6.0571e-02  0.0000e+00     6.4266e-03  0.0000e+00 
1.1905e-01     8.7112e-01  0.0000e+00     1.0370e-01  0.0000e+00     7.0442e-03  0.0000e+00     8.3859e-04  0.0000e+00 
1.3357e-01     3.8673e-01  0.0000e+00     5.1657e-02  0.0000e+00     3.5088e-03  0.0000e+00     4.6868e-04  0.0000e+00 
1.4987e-01     1.1597e+00  0.0000e+00     1.7380e-01  0.0000e+00     1.1806e-02  0.0000e+00     1.7694e-03  0.0000e+00 
1.6816e-01     5.2364e-01  0.0000e+00     8.8055e-02  0.0000e+00     5.9812e-03  0.0000e+00     1.0058e-03  0.0000e+00 
1.8868e-01     4.2358e-01  0.0000e+00     7.9919e-02  0.0000e+00     5.4286e-03  0.0000e+00     1.0243e-03  0.0000e+00 
2.1170e-01     4.2143e-01  0.0000e+00     8.9217e-02  0.0000e+00     6.0601e-03  0.0000e+00     1.2829e-03  0.0000e+00 
2.3753e-01     4.0753e-01  0.0000e+00     9.6801e-02  0.0000e+00     6.5753e-03  0.0000e+00     1.5618e-03  0.0000e+00 
2.6651e-01     2.5258e-01  0.0000e+00     6.7316e-02  0.0000e+00     4.5725e-03  0.0000e+00     1.2186e-03  0.0000e+00 
2.9903e-01     2.1838e-01  0.0000e+00     6.5302e-02  0.0000e+00     4.4357e-03  0.0000e+00     1.3264e-03  0.0000e+00 
3.3552e-01     5.2070e-01  0.0000e+00     1.7471e-01  0.0000e+00     1.1867e-02  0.0000e+00     3.9817e-03  0.0000e+00 
3.7646e-01     4.5117e-01  0.0000e+00     1.6985e-01  0.0000e+00     1.1537e-02  0.0000e+00     4.3432e-03  0.0000e+00 
4.2240e-01     2.7758e-01  0.0000e+00     1.1725e-01  0.0000e+00     7.9643e-03  0.0000e+00     3.3641e-03  0.0000e+00 
4.7394e-01     2.8344e-01  0.0000e+00     1.3433e-01  0.0000e+00     9.1246e-03  0.0000e+00     4.3245e-03  0.0000e+00 
5.3176e-01     2.3423e-01  0.0000e+00     1.2455e-01  0.0000e+00     8.4604e-03  0.0000e+00     4.4989e-03  0.0000e+00 
5.9665e-01     1.5727e-01  0.0000e+00     9.3835e-02  0.0000e+00     6.3739e-03  0.0000e+00     3.8030e-03  0.0000e+00 
6.6945e-01     1.5046e-01  0.0000e+00     1.0073e-01  0.0000e+00     6.8421e-03  0.0000e+00     4.5804e-03  0.0000e+00 
7.5114e-01     1.5052e-01  0.0000e+00     1.1306e-01  0.0000e+00     7.6798e-03  0.0000e+00     5.7686e-03  0.0000e+00 
8.4279e-01     1.0098e-01  0.0000e+00     8.5109e-02  0.0000e+00     5.7811e-03  0.0000e+00     4.8723e-03  0.0000e+00 
9.4563e-01     7.1356e-02  0.0000e+00     6.7476e-02  0.0000e+00     4.5834e-03  0.0000e+00     4.3342e-03  0.0000e+00 
1.0610e+00     5.6646e-02  0.0000e+00     6.0102e-02  0.0000e+00     4.0825e-03  0.0000e+00     4.3316e-03  0.0000e+00 
1.1905e+00     3.8039e-02  0.0000e+00     4.5285e-02  0.0000e+00     3.0760e-03  0.0000e+00     3.6619e-03  0.0000e+00 
1.3357e+00     2.3972e-02  0.0000e+00     3.2020e-02  0.0000e+00     2.1750e-03  0.0000e+00     2.9052e-03  0.0000e+00 
1.4987e+00     1.5917e-02  0.0000e+00     2.3855e-02  0.0000e+00     1.6203e-03  0.0000e+00     2.4284e-03  0.0000e+00 
1.6816e+00     8.6449e-03  0.0000e+00     1.4537e-02  0.0000e+00     9.8745e-04  0.0000e+00     1.6605e-03  0.0000e+00 
1.8868e+00     4.3383e-03  0.0000e+00     8.1853e-03  0.0000e+00     5.5599e-04  0.0000e+00     1.0490e-03  0.0000e+00 
2.1170e+00     2.3237e-03  0.0000e+00     4.9192e-03  0.0000e+00     3.3414e-04  0.0000e+00     7.0737e-04  0.0000e+00 
2.3753e+00     1.0165e-03  0.0000e+00     2.4145e-03  0.0000e+00     1.6401e-04  0.0000e+00     3.8957e-04  0.0000e+00 
2.6651e+00     4.2103e-04  0.0000e+00     1.1221e-03  0.0000e+00     7.6220e-05  0.0000e+00     2.0314e-04  0.0000e+00 
2.9903e+00     1.5077e-04  0.0000e+00     4.5084e-04  0.0000e+00     3.0624e-05  0.0000e+00     9.1576e-05  0.0000e+00 
3.3552e+00     4.7776e-05  0.0000e+00     1.6030e-04  0.0000e+00     1.0889e-05  0.0000e+00     3.6533e-05  0.0000e+00 
3.7646e+00     7.9839e-06  0.0000e+00     3.0056e-05  0.0000e+00     2.0416e-06  0.0000e+00     7.6858e-06  0.0000e+00 
4.2240e+00     4.7438e-06  0.0000e+00     2.0037e-05  0.0000e+00     1.3611e-06  0.0000e+00     5.7491e-06  0.0000e+00 
4.7394e+00     2.1139e-06  0.0000e+00     1.0019e-05  0.0000e+00     6.8053e-07  0.0000e+00     3.2253e-06  0.0000e+00 
5.3176e+00     0.0000e+00  0.0000e+00     0.0000e+00  0.0000e+00     0.0000e+00  0.0000e+00     0.0000e+00  0.0000e+00 
5.9665e+00     5.2560e-02  0.0000e+00     3.1360e-01  0.0000e+00     2.1301e-02  0.0000e+00     1.2709e-01  0.0000e+00 
6.6945e+00     2.9237e-02  0.0000e+00     1.9573e-01  0.0000e+00     1.3295e-02  0.0000e+00     8.9003e-02  0.0000e+00 
7.5114e+00     8.7444e-03  0.0000e+00     6.5683e-02  0.0000e+00     4.4616e-03  0.0000e+00     3.3512e-02  0.0000e+00 
8.4279e+00     3.6747e-02  0.0000e+00     3.0970e-01  0.0000e+00     2.1037e-02  0.0000e+00     1.7729e-01  0.0000e+00 
9.4563e+00     3.0708e-02  0.0000e+00     2.9038e-01  0.0000e+00     1.9725e-02  0.0000e+00     1.8652e-01  0.0000e+00 
1.0610e+01     4.2236e-02  0.0000e+00     4.4813e-01  0.0000e+00     3.0440e-02  0.0000e+00     3.2297e-01  0.0000e+00 
1.1905e+01     3.0856e-02  0.0000e+00     3.6734e-01  0.0000e+00     2.4952e-02  0.0000e+00     2.9704e-01  0.0000e+00 
1.3357e+01     2.4754e-02  0.0000e+00     3.3065e-01  0.0000e+00     2.2460e-02  0.0000e+00     3.0000e-01  0.0000e+00 
1.4987e+01     1.8531e-02  0.0000e+00     2.7773e-01  0.0000e+00     1.8865e-02  0.0000e+00     2.8273e-01  0.0000e+00 
1.6816e+01     2.0243e-02  0.0000e+00     3.4040e-01  0.0000e+00     2.3122e-02  0.0000e+00     3.8881e-01  0.0000e+00 
1.8868e+01     1.5458e-02  0.0000e+00     2.9166e-01  0.0000e+00     1.9811e-02  0.0000e+00     3.7379e-01  0.0000e+00 
2.1170e+01     1.4033e-02  0.0000e+00     2.9708e-01  0.0000e+00     2.0179e-02  0.0000e+00     4.2719e-01  0.0000e+00 
2.3753e+01     1.3659e-02  0.0000e+00     3.2444e-01  0.0000e+00     2.2038e-02  0.0000e+00     5.2346e-01  0.0000e+00 
2.6651e+01     1.0852e-02  0.0000e+00     2.8923e-01  0.0000e+00     1.9646e-02  0.0000e+00     5.2360e-01  0.0000e+00 
2.9903e+01     8.3883e-03  0.0000e+00     2.5084e-01  0.0000e+00     1.7038e-02  0.0000e+00     5.0951e-01  0.0000e+00 
3.3552e+01     7.2659e-03  0.0000e+00     2.4379e-01  0.0000e+00     1.6559e-02  0.0000e+00     5.5560e-01  0.0000e+00 
3.7646e+01     5.8176e-03  0.0000e+00     2.1901e-01  0.0000e+00     1.4876e-02  0.0000e+00     5.6004e-01  0.0000e+00 
4.2240e+01     4.3427e-03  0.0000e+00     1.8343e-01  0.0000e+00     1.2460e-02  0.0000e+00     5.2630e-01  0.0000e+00 
4.7394e+01     3.3170e-03  0.0000e+00     1.5720e-01  0.0000e+00     1.0678e-02  0.0000e+00     5.0608e-01  0.0000e+00 
5.3176e+01     2.3615e-03  0.0000e+00     1.2557e-01  0.0000e+00     8.5298e-03  0.0000e+00     4.5358e-01  0.0000e+00 
5.9665e+01     1.6463e-03  0.0000e+00     9.8224e-02  0.0000e+00     6.6719e-03  0.0000e+00     3.9808e-01  0.0000e+00 
6.6945e+01     1.0693e-03  0.0000e+00     7.1584e-02  0.0000e+00     4.8624e-03  0.0000e+00     3.2551e-01  0.0000e+00 
7.5114e+01     6.7184e-04  0.0000e+00     5.0464e-02  0.0000e+00     3.4278e-03  0.0000e+00     2.5748e-01  0.0000e+00 
8.4279e+01     3.7446e-04  0.0000e+00     3.1559e-02  0.0000e+00     2.1437e-03  0.0000e+00     1.8067e-01  0.0000e+00 
9.4563e+01     2.1137e-04  0.0000e+00     1.9987e-02  0.0000e+00     1.3577e-03  0.0000e+00     1.2838e-01  0.0000e+00 
1.0610e+02     1.0623e-04  0.0000e+00     1.1271e-02  0.0000e+00     7.6560e-04  0.0000e+00     8.1231e-02  0.0000e+00 
1.1905e+02     4.5782e-05  0.0000e+00     5.4502e-03  0.0000e+00     3.7021e-04  0.0000e+00     4.4072e-02  0.0000e+00 
1.3357e+02     1.7401e-05  0.0000e+00     2.3243e-03  0.0000e+00     1.5788e-04  0.0000e+00     2.1089e-02  0.0000e+00 
1.4987e+02     7.2865e-06  0.0000e+00     1.0920e-03  0.0000e+00     7.4178e-05  0.0000e+00     1.1117e-02  0.0000e+00 
1.6816e+02     2.0257e-06  0.0000e+00     3.4064e-04  0.0000e+00     2.3138e-05  0.0000e+00     3.8909e-03  0.0000e+00 
1.8868e+02     5.8410e-07  0.0000e+00     1.1021e-04  0.0000e+00     7.4859e-06  0.0000e+00     1.4124e-03  0.0000e+00 
2.1170e+02     4.7325e-08  0.0000e+00     1.0019e-05  0.0000e+00     6.8053e-07  0.0000e+00     1.4407e-04  0.0000e+00 
2.3753e+02     0.0000e+00  0.0000e+00     0.0000e+00  0.0000e+00     0.0000e+00  0.0000e+00     0.0000e+00  0.0000e+00 
2.6651e+02     0.0000e+00  0.0000e+00     0.0000e+00  0.0000e+00     0.0000e+00  0.0000e+00     0.0000e+00  0.0000e+00 
2.9903e+02     0.0000e+00  0.0000e+00     0.0000e+00  0.0000e+00     0.0000e+00  0.0000e+00     0.0000e+00  0.0000e+00 
3.3552e+02     0.0000e+00  0.0000e+00     0.0000e+00  0.0000e+00     0.0000e+00  0.0000e+00     0.0000e+00  0.0000e+00 
3.7646e+02     0.0000e+00  0.0000e+00     0.0000e+00  0.0000e+00     0.0000e+00  0.0000e+00     0.0000e+00  0.0000e+00 
4.2240e+02     0.0000e+00  0.0000e+00     0.0000e+00  0.0000e+00     0.0000e+00  0.0000e+00     0.0000e+00  0.0000e+00 
4.7394e+02     0.0000e+00  0.0000e+00     0.0000e+00  0.0000e+00     0.0000e+00  0.0000e+00     0.0000e+00  0.0000e+00 
5.3176e+02     0.0000e+00  0.0000e+00     0.0000e+00  0.0000e+00     0.0000e+00  0.0000e+00     0.0000e+00  0.0000e+00 
5.9665e+02     0.0000e+00  0.0000e+00     0.0000e+00  0.0000e+00     0.0000e+00  0.0000e+00     0.0000e+00  0.0000e+00 
6.6945e+02     0.0000e+00  0.0000e+00     0.0000e+00  0.0000e+00     0.0000e+00  0.0000e+00     0.0000e+00  0.0000e+00 
7.5114e+02     0.0000e+00  0.0000e+00     0.0000e+00  0.0000e+00     0.0000e+00  0.0000e+00     0.0000e+00  0.0000e+00 
8.4279e+02     0.0000e+00  0.0000e+00     0.0000e+00  0.0000e+00     0.0000e+00  0.0000e+00     0.0000e+00  0.0000e+00 
9.4563e+02     0.0000e+00  0.0000e+00     0.0000e+00  0.0000e+00     0.0000e+00  0.0000e+00     0.0000e+00  0.0000e+00 
1.0610e+03     0.0000e+00  0.0000e+00     0.0000e+00  0.0000e+00     0.0000e+00  0.0000e+00     0.0000e+00  0.0000e+00 
1.1905e+03     0.0000e+00  0.0000e+00     0.0000e+00  0.0000e+00     0.0000e+00  0.0000e+00     0.0000e+00  0.0000e+00 
1.3357e+03     0.0000e+00  0.0000e+00     0.0000e+00  0.0000e+00     0.0000e+00  0.0000e+00     0.0000e+00  0.0000e+00 
1.4987e+03     0.0000e+00  0.0000e+00     0.0000e+00  0.0000e+00     0.0000e+00  0.0000e+00     0.0000e+00  0.0000e+00 
1.6816e+03     0.0000e+00  0.0000e+00     0.0000e+00  0.0000e+00     0.0000e+00  0.0000e+00     0.0000e+00  0.0000e+00 
1.8868e+03     0.0000e+00  0.0000e+00     0.0000e+00  0.0000e+00     0.0000e+00  0.0000e+00     0.0000e+00  0.0000e+00 
2.1170e+03     0.0000e+00  0.0000e+00     0.0000e+00  0.0000e+00     0.0000e+00  0.0000e+00     0.0000e+00  0.0000e+00 
2.3753e+03     0.0000e+00  0.0000e+00     0.0000e+00  0.0000e+00     0.0000e+00  0.0000e+00     0.0000e+00  0.0000e+00 
2.6651e+03     0.0000e+00  0.0000e+00     0.0000e+00  0.0000e+00     0.0000e+00  0.0000e+00     0.0000e+00  0.0000e+00 
2.9903e+03     0.0000e+00  0.0000e+00     0.0000e+00  0.0000e+00     0.0000e+00  0.0000e+00     0.0000e+00  0.0000e+00 
3.3552e+03     0.0000e+00  0.0000e+00     0.0000e+00  0.0000e+00     0.0000e+00  0.0000e+00     0.0000e+00  0.0000e+00 
3.7646e+03     0.0000e+00  0.0000e+00     0.0000e+00  0.0000e+00     0.0000e+00  0.0000e+00     0.0000e+00  0.0000e+00 
4.2240e+03     0.0000e+00  0.0000e+00     0.0000e+00  0.0000e+00     0.0000e+00  0.0000e+00     0.0000e+00  0.0000e+00 
4.7394e+03     0.0000e+00  0.0000e+00     0.0000e+00  0.0000e+00     0.0000e+00  0.0000e+00     0.0000e+00  0.0000e+00 
5.3176e+03     0.0000e+00  0.0000e+00     0.0000e+00  0.0000e+00     0.0000e+00  0.0000e+00     0.0000e+00  0.0000e+00 
5.9665e+03     0.0000e+00  0.0000e+00     0.0000e+00  0.0000e+00     0.0000e+00  0.0000e+00     0.0000e+00  0.0000e+00 
6.6945e+03     0.0000e+00  0.0000e+00     0.0000e+00  0.0000e+00     0.0000e+00  0.0000e+00     0.0000e+00  0.0000e+00 
7.5114e+03     0.0000e+00  0.0000e+00     0.0000e+00  0.0000e+00     0.0000e+00  0.0000e+00     0.0000e+00  0.0000e+00 
8.4279e+03     0.0000e+00  0.0000e+00     0.0000e+00  0.0000e+00     0.0000e+00  0.0000e+00     0.0000e+00  0.0000e+00 
9.4563e+03     0.0000e+00  0.0000e+00     0.0000e+00  0.0000e+00     0.0000e+00  0.0000e+00     0.0000e+00  0.0000e+00 
