yF = 1.0618e+01 (std: 0.0000e+00) keV/um
yD = 2.0059e+01 (std: 0.0000e+00) keV/um
y (keV/um)     f(y)(std)                  yf(y)(std)                 d(y)(std)                  yd(y)(std)  
1.0610e-01     1.5419e+01  0.0000e+00     1.6360e+00  0.0000e+00     1.5407e-01  0.0000e+00     1.6347e-02  0.0000e+00 
1.1905e-01     9.4436e-01  0.0000e+00     1.1242e-01  0.0000e+00     1.0588e-02  0.0000e+00     1.2604e-03  0.0000e+00 
1.3357e-01     2.4243e-01  0.0000e+00     3.2382e-02  0.0000e+00     3.0497e-03  0.0000e+00     4.0736e-04  0.0000e+00 
1.4987e-01     1.2482e+00  0.0000e+00     1.8707e-01  0.0000e+00     1.7618e-02  0.0000e+00     2.6404e-03  0.0000e+00 
1.6816e-01     3.4564e-01  0.0000e+00     5.8123e-02  0.0000e+00     5.4739e-03  0.0000e+00     9.2048e-04  0.0000e+00 
1.8868e-01     1.9843e-01  0.0000e+00     3.7438e-02  0.0000e+00     3.5258e-03  0.0000e+00     6.6525e-04  0.0000e+00 
2.1170e-01     2.1187e-01  0.0000e+00     4.4853e-02  0.0000e+00     4.2241e-03  0.0000e+00     8.9424e-04  0.0000e+00 
2.3753e-01     2.0635e-01  0.0000e+00     4.9014e-02  0.0000e+00     4.6160e-03  0.0000e+00     1.0964e-03  0.0000e+00 
2.6651e-01     7.8527e-02  0.0000e+00     2.0929e-02  0.0000e+00     1.9710e-03  0.0000e+00     5.2530e-04  0.0000e+00 
2.9903e-01     6.5681e-02  0.0000e+00     1.9641e-02  0.0000e+00     1.8497e-03  0.0000e+00     5.5313e-04  0.0000e+00 
3.3552e-01     3.8387e-01  0.0000e+00     1.2880e-01  0.0000e+00     1.2130e-02  0.0000e+00     4.0698e-03  0.0000e+00 
3.7646e-01     1.9497e-01  0.0000e+00     7.3399e-02  0.0000e+00     6.9125e-03  0.0000e+00     2.6023e-03  0.0000e+00 
4.2240e-01     8.0097e-02  0.0000e+00     3.3833e-02  0.0000e+00     3.1863e-03  0.0000e+00     1.3459e-03  0.0000e+00 
4.7394e-01     7.0929e-02  0.0000e+00     3.3616e-02  0.0000e+00     3.1659e-03  0.0000e+00     1.5004e-03  0.0000e+00 
5.3176e-01     3.9943e-02  0.0000e+00     2.1240e-02  0.0000e+00     2.0004e-03  0.0000e+00     1.0637e-03  0.0000e+00 
5.9665e-01     2.1446e-02  0.0000e+00     1.2796e-02  0.0000e+00     1.2051e-03  0.0000e+00     7.1900e-04  0.0000e+00 
6.6945e-01     2.8853e-02  0.0000e+00     1.9316e-02  0.0000e+00     1.8191e-03  0.0000e+00     1.2178e-03  0.0000e+00 
7.5114e-01     2.2268e-02  0.0000e+00     1.6727e-02  0.0000e+00     1.5753e-03  0.0000e+00     1.1832e-03  0.0000e+00 
8.4279e-01     1.1387e-02  0.0000e+00     9.5968e-03  0.0000e+00     9.0380e-04  0.0000e+00     7.6171e-04  0.0000e+00 
9.4563e-01     6.7944e-03  0.0000e+00     6.4250e-03  0.0000e+00     6.0509e-04  0.0000e+00     5.7219e-04  0.0000e+00 
1.0610e+00     4.6119e-03  0.0000e+00     4.8933e-03  0.0000e+00     4.6084e-04  0.0000e+00     4.8895e-04  0.0000e+00 
1.1905e+00     2.4252e-03  0.0000e+00     2.8872e-03  0.0000e+00     2.7191e-04  0.0000e+00     3.2370e-04  0.0000e+00 
1.3357e+00     1.3801e-03  0.0000e+00     1.8435e-03  0.0000e+00     1.7361e-04  0.0000e+00     2.3190e-04  0.0000e+00 
1.4987e+00     6.6928e-04  0.0000e+00     1.0031e-03  0.0000e+00     9.4465e-05  0.0000e+00     1.4158e-04  0.0000e+00 
1.6816e+00     3.1437e-04  0.0000e+00     5.2864e-04  0.0000e+00     4.9786e-05  0.0000e+00     8.3719e-05  0.0000e+00 
1.8868e+00     1.2931e-04  0.0000e+00     2.4399e-04  0.0000e+00     2.2978e-05  0.0000e+00     4.3354e-05  0.0000e+00 
2.1170e+00     5.1223e-05  0.0000e+00     1.0844e-04  0.0000e+00     1.0212e-05  0.0000e+00     2.1620e-05  0.0000e+00 
2.3753e+00     1.7120e-05  0.0000e+00     4.0664e-05  0.0000e+00     3.8297e-06  0.0000e+00     9.0966e-06  0.0000e+00 
2.6651e+00     0.0000e+00  0.0000e+00     0.0000e+00  0.0000e+00     0.0000e+00  0.0000e+00     0.0000e+00  0.0000e+00 
2.9903e+00     4.5329e-06  0.0000e+00     1.3555e-05  0.0000e+00     1.2766e-06  0.0000e+00     3.8173e-06  0.0000e+00 
3.3552e+00     0.0000e+00  0.0000e+00     0.0000e+00  0.0000e+00     0.0000e+00  0.0000e+00     0.0000e+00  0.0000e+00 
3.7646e+00     0.0000e+00  0.0000e+00     0.0000e+00  0.0000e+00     0.0000e+00  0.0000e+00     0.0000e+00  0.0000e+00 
4.2240e+00     9.6271e-06  0.0000e+00     4.0664e-05  0.0000e+00     3.8297e-06  0.0000e+00     1.6176e-05  0.0000e+00 
4.7394e+00     2.8601e-06  0.0000e+00     1.3555e-05  0.0000e+00     1.2766e-06  0.0000e+00     6.0500e-06  0.0000e+00 
5.3176e+00     0.0000e+00  0.0000e+00     0.0000e+00  0.0000e+00     0.0000e+00  0.0000e+00     0.0000e+00  0.0000e+00 
5.9665e+00     1.0514e-02  0.0000e+00     6.2732e-02  0.0000e+00     5.9079e-03  0.0000e+00     3.5249e-02  0.0000e+00 
6.6945e+00     1.4513e-02  0.0000e+00     9.7161e-02  0.0000e+00     9.1503e-03  0.0000e+00     6.1257e-02  0.0000e+00 
7.5114e+00     1.3361e-02  0.0000e+00     1.0036e-01  0.0000e+00     9.4516e-03  0.0000e+00     7.0995e-02  0.0000e+00 
8.4279e+00     5.8870e-02  0.0000e+00     4.9615e-01  0.0000e+00     4.6726e-02  0.0000e+00     3.9380e-01  0.0000e+00 
9.4563e+00     6.1878e-02  0.0000e+00     5.8513e-01  0.0000e+00     5.5106e-02  0.0000e+00     5.2110e-01  0.0000e+00 
1.0610e+01     1.3537e-01  0.0000e+00     1.4363e+00  0.0000e+00     1.3526e-01  0.0000e+00     1.4351e+00  0.0000e+00 
1.1905e+01     6.5118e-02  0.0000e+00     7.7521e-01  0.0000e+00     7.3007e-02  0.0000e+00     8.6913e-01  0.0000e+00 
1.3357e+01     1.9056e-02  0.0000e+00     2.5453e-01  0.0000e+00     2.3971e-02  0.0000e+00     3.2019e-01  0.0000e+00 
1.4987e+01     3.9496e-03  0.0000e+00     5.9194e-02  0.0000e+00     5.5747e-03  0.0000e+00     8.3549e-02  0.0000e+00 
1.6816e+01     6.3688e-02  0.0000e+00     1.0710e+00  0.0000e+00     1.0086e-01  0.0000e+00     1.6961e+00  0.0000e+00 
1.8868e+01     1.7468e-02  0.0000e+00     3.2958e-01  0.0000e+00     3.1039e-02  0.0000e+00     5.8564e-01  0.0000e+00 
2.1170e+01     9.5569e-03  0.0000e+00     2.0232e-01  0.0000e+00     1.9054e-02  0.0000e+00     4.0337e-01  0.0000e+00 
2.3753e+01     5.8749e-03  0.0000e+00     1.3955e-01  0.0000e+00     1.3142e-02  0.0000e+00     3.1217e-01  0.0000e+00 
2.6651e+01     3.0114e-03  0.0000e+00     8.0258e-02  0.0000e+00     7.5585e-03  0.0000e+00     2.0144e-01  0.0000e+00 
2.9903e+01     4.7355e-03  0.0000e+00     1.4161e-01  0.0000e+00     1.3336e-02  0.0000e+00     3.9880e-01  0.0000e+00 
3.3552e+01     2.1331e-03  0.0000e+00     7.1569e-02  0.0000e+00     6.7402e-03  0.0000e+00     2.2615e-01  0.0000e+00 
3.7646e+01     1.6592e-03  0.0000e+00     6.2460e-02  0.0000e+00     5.8824e-03  0.0000e+00     2.2145e-01  0.0000e+00 
4.2240e+01     1.1492e-03  0.0000e+00     4.8540e-02  0.0000e+00     4.5713e-03  0.0000e+00     1.9309e-01  0.0000e+00 
4.7394e+01     8.6688e-04  0.0000e+00     4.1085e-02  0.0000e+00     3.8692e-03  0.0000e+00     1.8338e-01  0.0000e+00 
5.3176e+01     5.4906e-04  0.0000e+00     2.9197e-02  0.0000e+00     2.7497e-03  0.0000e+00     1.4622e-01  0.0000e+00 
5.9665e+01     3.7031e-04  0.0000e+00     2.2094e-02  0.0000e+00     2.0808e-03  0.0000e+00     1.2415e-01  0.0000e+00 
6.6945e+01     1.8608e-04  0.0000e+00     1.2457e-02  0.0000e+00     1.1732e-03  0.0000e+00     7.8537e-02  0.0000e+00 
7.5114e+01     8.8243e-05  0.0000e+00     6.6283e-03  0.0000e+00     6.2424e-04  0.0000e+00     4.6889e-02  0.0000e+00 
8.4279e+01     3.3936e-05  0.0000e+00     2.8601e-03  0.0000e+00     2.6935e-04  0.0000e+00     2.2701e-02  0.0000e+00 
9.4563e+01     1.5051e-05  0.0000e+00     1.4233e-03  0.0000e+00     1.3404e-04  0.0000e+00     1.2675e-02  0.0000e+00 
1.0610e+02     4.8546e-06  0.0000e+00     5.1508e-04  0.0000e+00     4.8509e-05  0.0000e+00     5.1469e-03  0.0000e+00 
1.1905e+02     2.2772e-06  0.0000e+00     2.7110e-04  0.0000e+00     2.5531e-05  0.0000e+00     3.0394e-03  0.0000e+00 
1.3357e+02     1.2177e-06  0.0000e+00     1.6266e-04  0.0000e+00     1.5319e-05  0.0000e+00     2.0462e-03  0.0000e+00 
1.4987e+02     9.0443e-08  0.0000e+00     1.3555e-05  0.0000e+00     1.2766e-06  0.0000e+00     1.9132e-04  0.0000e+00 
1.6816e+02     8.0607e-08  0.0000e+00     1.3555e-05  0.0000e+00     1.2766e-06  0.0000e+00     2.1466e-04  0.0000e+00 
1.8868e+02     0.0000e+00  0.0000e+00     0.0000e+00  0.0000e+00     0.0000e+00  0.0000e+00     0.0000e+00  0.0000e+00 
2.1170e+02     0.0000e+00  0.0000e+00     0.0000e+00  0.0000e+00     0.0000e+00  0.0000e+00     0.0000e+00  0.0000e+00 
2.3753e+02     0.0000e+00  0.0000e+00     0.0000e+00  0.0000e+00     0.0000e+00  0.0000e+00     0.0000e+00  0.0000e+00 
2.6651e+02     0.0000e+00  0.0000e+00     0.0000e+00  0.0000e+00     0.0000e+00  0.0000e+00     0.0000e+00  0.0000e+00 
2.9903e+02     0.0000e+00  0.0000e+00     0.0000e+00  0.0000e+00     0.0000e+00  0.0000e+00     0.0000e+00  0.0000e+00 
3.3552e+02     0.0000e+00  0.0000e+00     0.0000e+00  0.0000e+00     0.0000e+00  0.0000e+00     0.0000e+00  0.0000e+00 
3.7646e+02     0.0000e+00  0.0000e+00     0.0000e+00  0.0000e+00     0.0000e+00  0.0000e+00     0.0000e+00  0.0000e+00 
4.2240e+02     0.0000e+00  0.0000e+00     0.0000e+00  0.0000e+00     0.0000e+00  0.0000e+00     0.0000e+00  0.0000e+00 
4.7394e+02     0.0000e+00  0.0000e+00     0.0000e+00  0.0000e+00     0.0000e+00  0.0000e+00     0.0000e+00  0.0000e+00 
5.3176e+02     0.0000e+00  0.0000e+00     0.0000e+00  0.0000e+00     0.0000e+00  0.0000e+00     0.0000e+00  0.0000e+00 
5.9665e+02     0.0000e+00  0.0000e+00     0.0000e+00  0.0000e+00     0.0000e+00  0.0000e+00     0.0000e+00  0.0000e+00 
6.6945e+02     0.0000e+00  0.0000e+00     0.0000e+00  0.0000e+00     0.0000e+00  0.0000e+00     0.0000e+00  0.0000e+00 
7.5114e+02     0.0000e+00  0.0000e+00     0.0000e+00  0.0000e+00     0.0000e+00  0.0000e+00     0.0000e+00  0.0000e+00 
8.4279e+02     0.0000e+00  0.0000e+00     0.0000e+00  0.0000e+00     0.0000e+00  0.0000e+00     0.0000e+00  0.0000e+00 
9.4563e+02     0.0000e+00  0.0000e+00     0.0000e+00  0.0000e+00     0.0000e+00  0.0000e+00     0.0000e+00  0.0000e+00 
1.0610e+03     0.0000e+00  0.0000e+00     0.0000e+00  0.0000e+00     0.0000e+00  0.0000e+00     0.0000e+00  0.0000e+00 
1.1905e+03     0.0000e+00  0.0000e+00     0.0000e+00  0.0000e+00     0.0000e+00  0.0000e+00     0.0000e+00  0.0000e+00 
1.3357e+03     0.0000e+00  0.0000e+00     0.0000e+00  0.0000e+00     0.0000e+00  0.0000e+00     0.0000e+00  0.0000e+00 
1.4987e+03     0.0000e+00  0.0000e+00     0.0000e+00  0.0000e+00     0.0000e+00  0.0000e+00     0.0000e+00  0.0000e+00 
1.6816e+03     0.0000e+00  0.0000e+00     0.0000e+00  0.0000e+00     0.0000e+00  0.0000e+00     0.0000e+00  0.0000e+00 
1.8868e+03     0.0000e+00  0.0000e+00     0.0000e+00  0.0000e+00     0.0000e+00  0.0000e+00     0.0000e+00  0.0000e+00 
2.1170e+03     0.0000e+00  0.0000e+00     0.0000e+00  0.0000e+00     0.0000e+00  0.0000e+00     0.0000e+00  0.0000e+00 
2.3753e+03     0.0000e+00  0.0000e+00     0.0000e+00  0.0000e+00     0.0000e+00  0.0000e+00     0.0000e+00  0.0000e+00 
2.6651e+03     0.0000e+00  0.0000e+00     0.0000e+00  0.0000e+00     0.0000e+00  0.0000e+00     0.0000e+00  0.0000e+00 
2.9903e+03     0.0000e+00  0.0000e+00     0.0000e+00  0.0000e+00     0.0000e+00  0.0000e+00     0.0000e+00  0.0000e+00 
3.3552e+03     0.0000e+00  0.0000e+00     0.0000e+00  0.0000e+00     0.0000e+00  0.0000e+00     0.0000e+00  0.0000e+00 
3.7646e+03     0.0000e+00  0.0000e+00     0.0000e+00  0.0000e+00     0.0000e+00  0.0000e+00     0.0000e+00  0.0000e+00 
4.2240e+03     0.0000e+00  0.0000e+00     0.0000e+00  0.0000e+00     0.0000e+00  0.0000e+00     0.0000e+00  0.0000e+00 
4.7394e+03     0.0000e+00  0.0000e+00     0.0000e+00  0.0000e+00     0.0000e+00  0.0000e+00     0.0000e+00  0.0000e+00 
5.3176e+03     0.0000e+00  0.0000e+00     0.0000e+00  0.0000e+00     0.0000e+00  0.0000e+00     0.0000e+00  0.0000e+00 
5.9665e+03     0.0000e+00  0.0000e+00     0.0000e+00  0.0000e+00     0.0000e+00  0.0000e+00     0.0000e+00  0.0000e+00 
6.6945e+03     0.0000e+00  0.0000e+00     0.0000e+00  0.0000e+00     0.0000e+00  0.0000e+00     0.0000e+00  0.0000e+00 
7.5114e+03     0.0000e+00  0.0000e+00     0.0000e+00  0.0000e+00     0.0000e+00  0.0000e+00     0.0000e+00  0.0000e+00 
8.4279e+03     0.0000e+00  0.0000e+00     0.0000e+00  0.0000e+00     0.0000e+00  0.0000e+00     0.0000e+00  0.0000e+00 
9.4563e+03     0.0000e+00  0.0000e+00     0.0000e+00  0.0000e+00     0.0000e+00  0.0000e+00     0.0000e+00  0.0000e+00 
