yF = 1.0181e+02 (std: 0.0000e+00) keV/um
yD = 1.4295e+02 (std: 0.0000e+00) keV/um
y (keV/um)     f(y)(std)                  yf(y)(std)                 d(y)(std)                  yd(y)(std)  
1.0610e-01     1.6580e-01  0.0000e+00     1.7592e-02  0.0000e+00     1.7279e-04  0.0000e+00     1.8334e-05  0.0000e+00 
1.1905e-01     2.1131e-02  0.0000e+00     2.5156e-03  0.0000e+00     2.4709e-05  0.0000e+00     2.9416e-06  0.0000e+00 
1.3357e-01     1.1990e-02  0.0000e+00     1.6016e-03  0.0000e+00     1.5732e-05  0.0000e+00     2.1014e-06  0.0000e+00 
1.4987e-01     2.5961e-02  0.0000e+00     3.8909e-03  0.0000e+00     3.8218e-05  0.0000e+00     5.7278e-06  0.0000e+00 
1.6816e-01     1.5943e-02  0.0000e+00     2.6810e-03  0.0000e+00     2.6334e-05  0.0000e+00     4.4282e-06  0.0000e+00 
1.8868e-01     1.2779e-02  0.0000e+00     2.4111e-03  0.0000e+00     2.3683e-05  0.0000e+00     4.4685e-06  0.0000e+00 
2.1170e-01     1.1472e-02  0.0000e+00     2.4285e-03  0.0000e+00     2.3854e-05  0.0000e+00     5.0499e-06  0.0000e+00 
2.3753e-01     1.1213e-02  0.0000e+00     2.6635e-03  0.0000e+00     2.6163e-05  0.0000e+00     6.2145e-06  0.0000e+00 
2.6651e-01     7.2179e-03  0.0000e+00     1.9237e-03  0.0000e+00     1.8895e-05  0.0000e+00     5.0359e-06  0.0000e+00 
2.9903e-01     5.9963e-03  0.0000e+00     1.7931e-03  0.0000e+00     1.7613e-05  0.0000e+00     5.2668e-06  0.0000e+00 
3.3552e-01     9.6248e-03  0.0000e+00     3.2293e-03  0.0000e+00     3.1720e-05  0.0000e+00     1.0643e-05  0.0000e+00 
3.7646e-01     8.3469e-03  0.0000e+00     3.1423e-03  0.0000e+00     3.0865e-05  0.0000e+00     1.1620e-05  0.0000e+00 
4.2240e-01     6.1616e-03  0.0000e+00     2.6026e-03  0.0000e+00     2.5564e-05  0.0000e+00     1.0798e-05  0.0000e+00 
4.7394e-01     6.0057e-03  0.0000e+00     2.8463e-03  0.0000e+00     2.7958e-05  0.0000e+00     1.3250e-05  0.0000e+00 
5.3176e-01     4.5997e-03  0.0000e+00     2.4459e-03  0.0000e+00     2.4025e-05  0.0000e+00     1.2776e-05  0.0000e+00 
5.9665e-01     3.5013e-03  0.0000e+00     2.0891e-03  0.0000e+00     2.0520e-05  0.0000e+00     1.2243e-05  0.0000e+00 
6.6945e-01     2.6265e-03  0.0000e+00     1.7583e-03  0.0000e+00     1.7271e-05  0.0000e+00     1.1562e-05  0.0000e+00 
7.5114e-01     2.6537e-03  0.0000e+00     1.9933e-03  0.0000e+00     1.9579e-05  0.0000e+00     1.4707e-05  0.0000e+00 
8.4279e-01     1.7145e-03  0.0000e+00     1.4449e-03  0.0000e+00     1.4193e-05  0.0000e+00     1.1962e-05  0.0000e+00 
9.4563e-01     1.3347e-03  0.0000e+00     1.2621e-03  0.0000e+00     1.2397e-05  0.0000e+00     1.1723e-05  0.0000e+00 
1.0610e+00     8.7781e-04  0.0000e+00     9.3137e-04  0.0000e+00     9.1484e-06  0.0000e+00     9.7066e-06  0.0000e+00 
1.1905e+00     5.7763e-04  0.0000e+00     6.8765e-04  0.0000e+00     6.7544e-06  0.0000e+00     8.0410e-06  0.0000e+00 
1.3357e+00     5.0829e-04  0.0000e+00     6.7894e-04  0.0000e+00     6.6689e-06  0.0000e+00     8.9079e-06  0.0000e+00 
1.4987e+00     1.6262e-04  0.0000e+00     2.4372e-04  0.0000e+00     2.3940e-06  0.0000e+00     3.5879e-06  0.0000e+00 
1.6816e+00     1.4494e-04  0.0000e+00     2.4372e-04  0.0000e+00     2.3940e-06  0.0000e+00     4.0257e-06  0.0000e+00 
1.8868e+00     6.9201e-05  0.0000e+00     1.3057e-04  0.0000e+00     1.2825e-06  0.0000e+00     2.4198e-06  0.0000e+00 
2.1170e+00     1.5624e-04  0.0000e+00     3.3077e-04  0.0000e+00     3.2490e-06  0.0000e+00     6.8780e-06  0.0000e+00 
2.3753e+00     1.5758e-04  0.0000e+00     3.7429e-04  0.0000e+00     3.6765e-06  0.0000e+00     8.7327e-06  0.0000e+00 
2.6651e+00     1.3391e-04  0.0000e+00     3.5688e-04  0.0000e+00     3.5055e-06  0.0000e+00     9.3425e-06  0.0000e+00 
2.9903e+00     5.8217e-05  0.0000e+00     1.7409e-04  0.0000e+00     1.7100e-06  0.0000e+00     5.1134e-06  0.0000e+00 
3.3552e+00     1.3490e-04  0.0000e+00     4.5263e-04  0.0000e+00     4.4460e-06  0.0000e+00     1.4917e-05  0.0000e+00 
3.7646e+00     1.4104e-04  0.0000e+00     5.3097e-04  0.0000e+00     5.2155e-06  0.0000e+00     1.9634e-05  0.0000e+00 
4.2240e+00     7.2125e-05  0.0000e+00     3.0465e-04  0.0000e+00     2.9925e-06  0.0000e+00     1.2640e-05  0.0000e+00 
4.7394e+00     3.1223e-05  0.0000e+00     1.4797e-04  0.0000e+00     1.4535e-06  0.0000e+00     6.8886e-06  0.0000e+00 
5.3176e+00     1.6369e-05  0.0000e+00     8.7044e-05  0.0000e+00     8.5499e-07  0.0000e+00     4.5465e-06  0.0000e+00 
5.9665e+00     3.5888e-04  0.0000e+00     2.1413e-03  0.0000e+00     2.1033e-05  0.0000e+00     1.2549e-04  0.0000e+00 
6.6945e+00     6.5271e-04  0.0000e+00     4.3696e-03  0.0000e+00     4.2921e-05  0.0000e+00     2.8733e-04  0.0000e+00 
7.5114e+00     3.6619e-04  0.0000e+00     2.7506e-03  0.0000e+00     2.7018e-05  0.0000e+00     2.0294e-04  0.0000e+00 
8.4279e+00     3.1428e-03  0.0000e+00     2.6487e-02  0.0000e+00     2.6017e-04  0.0000e+00     2.1927e-03  0.0000e+00 
9.4563e+00     3.2742e-03  0.0000e+00     3.0962e-02  0.0000e+00     3.0412e-04  0.0000e+00     2.8758e-03  0.0000e+00 
1.0610e+01     4.2439e-03  0.0000e+00     4.5028e-02  0.0000e+00     4.4229e-04  0.0000e+00     4.6927e-03  0.0000e+00 
1.1905e+01     2.6739e-03  0.0000e+00     3.1832e-02  0.0000e+00     3.1267e-04  0.0000e+00     3.7223e-03  0.0000e+00 
1.3357e+01     1.9465e-03  0.0000e+00     2.6000e-02  0.0000e+00     2.5539e-04  0.0000e+00     3.4113e-03  0.0000e+00 
1.4987e+01     1.3091e-03  0.0000e+00     1.9620e-02  0.0000e+00     1.9272e-04  0.0000e+00     2.8883e-03  0.0000e+00 
1.6816e+01     3.1053e-03  0.0000e+00     5.2218e-02  0.0000e+00     5.1291e-04  0.0000e+00     8.6250e-03  0.0000e+00 
1.8868e+01     4.1276e-03  0.0000e+00     7.7878e-02  0.0000e+00     7.6496e-04  0.0000e+00     1.4433e-02  0.0000e+00 
2.1170e+01     4.1088e-03  0.0000e+00     8.6983e-02  0.0000e+00     8.5439e-04  0.0000e+00     1.8087e-02  0.0000e+00 
2.3753e+01     3.5704e-03  0.0000e+00     8.4807e-02  0.0000e+00     8.3302e-04  0.0000e+00     1.9787e-02  0.0000e+00 
2.6651e+01     4.8732e-03  0.0000e+00     1.2988e-01  0.0000e+00     1.2757e-03  0.0000e+00     3.4000e-02  0.0000e+00 
2.9903e+01     5.3268e-03  0.0000e+00     1.5929e-01  0.0000e+00     1.5646e-03  0.0000e+00     4.6788e-02  0.0000e+00 
3.3552e+01     5.3237e-03  0.0000e+00     1.7862e-01  0.0000e+00     1.7545e-03  0.0000e+00     5.8868e-02  0.0000e+00 
3.7646e+01     6.2190e-03  0.0000e+00     2.3412e-01  0.0000e+00     2.2997e-03  0.0000e+00     8.6574e-02  0.0000e+00 
4.2240e+01     6.3965e-03  0.0000e+00     2.7018e-01  0.0000e+00     2.6539e-03  0.0000e+00     1.1210e-01  0.0000e+00 
4.7394e+01     7.0499e-03  0.0000e+00     3.3412e-01  0.0000e+00     3.2819e-03  0.0000e+00     1.5554e-01  0.0000e+00 
5.3176e+01     7.3044e-03  0.0000e+00     3.8842e-01  0.0000e+00     3.8153e-03  0.0000e+00     2.0288e-01  0.0000e+00 
5.9665e+01     7.5218e-03  0.0000e+00     4.4879e-01  0.0000e+00     4.4083e-03  0.0000e+00     2.6302e-01  0.0000e+00 
6.6945e+01     7.6100e-03  0.0000e+00     5.0945e-01  0.0000e+00     5.0041e-03  0.0000e+00     3.3500e-01  0.0000e+00 
7.5114e+01     7.4562e-03  0.0000e+00     5.6007e-01  0.0000e+00     5.5013e-03  0.0000e+00     4.1322e-01  0.0000e+00 
8.4279e+01     7.1283e-03  0.0000e+00     6.0077e-01  0.0000e+00     5.9011e-03  0.0000e+00     4.9734e-01  0.0000e+00 
9.4563e+01     6.5723e-03  0.0000e+00     6.2149e-01  0.0000e+00     6.1046e-03  0.0000e+00     5.7727e-01  0.0000e+00 
1.0610e+02     5.8149e-03  0.0000e+00     6.1697e-01  0.0000e+00     6.0602e-03  0.0000e+00     6.4299e-01  0.0000e+00 
1.1905e+02     4.9959e-03  0.0000e+00     5.9475e-01  0.0000e+00     5.8420e-03  0.0000e+00     6.9547e-01  0.0000e+00 
1.3357e+02     4.1073e-03  0.0000e+00     5.4862e-01  0.0000e+00     5.3888e-03  0.0000e+00     7.1980e-01  0.0000e+00 
1.4987e+02     3.2330e-03  0.0000e+00     4.8454e-01  0.0000e+00     4.7594e-03  0.0000e+00     7.1330e-01  0.0000e+00 
1.6816e+02     2.4512e-03  0.0000e+00     4.1219e-01  0.0000e+00     4.0487e-03  0.0000e+00     6.8083e-01  0.0000e+00 
1.8868e+02     1.7676e-03  0.0000e+00     3.3351e-01  0.0000e+00     3.2759e-03  0.0000e+00     6.1809e-01  0.0000e+00 
2.1170e+02     1.2085e-03  0.0000e+00     2.5585e-01  0.0000e+00     2.5131e-03  0.0000e+00     5.3202e-01  0.0000e+00 
2.3753e+02     7.8091e-04  0.0000e+00     1.8549e-01  0.0000e+00     1.8220e-03  0.0000e+00     4.3278e-01  0.0000e+00 
2.6651e+02     4.6430e-04  0.0000e+00     1.2374e-01  0.0000e+00     1.2155e-03  0.0000e+00     3.2394e-01  0.0000e+00 
2.9903e+02     2.5144e-04  0.0000e+00     7.5188e-02  0.0000e+00     7.3854e-04  0.0000e+00     2.2085e-01  0.0000e+00 
3.3552e+02     1.2056e-04  0.0000e+00     4.0449e-02  0.0000e+00     3.9731e-04  0.0000e+00     1.3331e-01  0.0000e+00 
3.7646e+02     5.0382e-05  0.0000e+00     1.8967e-02  0.0000e+00     1.8630e-04  0.0000e+00     7.0136e-02  0.0000e+00 
4.2240e+02     1.7763e-05  0.0000e+00     7.5032e-03  0.0000e+00     7.3700e-05  0.0000e+00     3.1131e-02  0.0000e+00 
4.7394e+02     5.6935e-06  0.0000e+00     2.6984e-03  0.0000e+00     2.6505e-05  0.0000e+00     1.2562e-02  0.0000e+00 
5.3176e+02     1.0967e-06  0.0000e+00     5.8319e-04  0.0000e+00     5.7284e-06  0.0000e+00     3.0462e-03  0.0000e+00 
5.9665e+02     2.0424e-07  0.0000e+00     1.2186e-04  0.0000e+00     1.1970e-06  0.0000e+00     7.1418e-04  0.0000e+00 
6.6945e+02     6.5011e-08  0.0000e+00     4.3522e-05  0.0000e+00     4.2750e-07  0.0000e+00     2.8619e-04  0.0000e+00 
7.5114e+02     0.0000e+00  0.0000e+00     0.0000e+00  0.0000e+00     0.0000e+00  0.0000e+00     0.0000e+00  0.0000e+00 
8.4279e+02     0.0000e+00  0.0000e+00     0.0000e+00  0.0000e+00     0.0000e+00  0.0000e+00     0.0000e+00  0.0000e+00 
9.4563e+02     0.0000e+00  0.0000e+00     0.0000e+00  0.0000e+00     0.0000e+00  0.0000e+00     0.0000e+00  0.0000e+00 
1.0610e+03     0.0000e+00  0.0000e+00     0.0000e+00  0.0000e+00     0.0000e+00  0.0000e+00     0.0000e+00  0.0000e+00 
1.1905e+03     0.0000e+00  0.0000e+00     0.0000e+00  0.0000e+00     0.0000e+00  0.0000e+00     0.0000e+00  0.0000e+00 
1.3357e+03     0.0000e+00  0.0000e+00     0.0000e+00  0.0000e+00     0.0000e+00  0.0000e+00     0.0000e+00  0.0000e+00 
1.4987e+03     0.0000e+00  0.0000e+00     0.0000e+00  0.0000e+00     0.0000e+00  0.0000e+00     0.0000e+00  0.0000e+00 
1.6816e+03     0.0000e+00  0.0000e+00     0.0000e+00  0.0000e+00     0.0000e+00  0.0000e+00     0.0000e+00  0.0000e+00 
1.8868e+03     0.0000e+00  0.0000e+00     0.0000e+00  0.0000e+00     0.0000e+00  0.0000e+00     0.0000e+00  0.0000e+00 
2.1170e+03     0.0000e+00  0.0000e+00     0.0000e+00  0.0000e+00     0.0000e+00  0.0000e+00     0.0000e+00  0.0000e+00 
2.3753e+03     0.0000e+00  0.0000e+00     0.0000e+00  0.0000e+00     0.0000e+00  0.0000e+00     0.0000e+00  0.0000e+00 
2.6651e+03     0.0000e+00  0.0000e+00     0.0000e+00  0.0000e+00     0.0000e+00  0.0000e+00     0.0000e+00  0.0000e+00 
2.9903e+03     0.0000e+00  0.0000e+00     0.0000e+00  0.0000e+00     0.0000e+00  0.0000e+00     0.0000e+00  0.0000e+00 
3.3552e+03     0.0000e+00  0.0000e+00     0.0000e+00  0.0000e+00     0.0000e+00  0.0000e+00     0.0000e+00  0.0000e+00 
3.7646e+03     0.0000e+00  0.0000e+00     0.0000e+00  0.0000e+00     0.0000e+00  0.0000e+00     0.0000e+00  0.0000e+00 
4.2240e+03     0.0000e+00  0.0000e+00     0.0000e+00  0.0000e+00     0.0000e+00  0.0000e+00     0.0000e+00  0.0000e+00 
4.7394e+03     0.0000e+00  0.0000e+00     0.0000e+00  0.0000e+00     0.0000e+00  0.0000e+00     0.0000e+00  0.0000e+00 
5.3176e+03     0.0000e+00  0.0000e+00     0.0000e+00  0.0000e+00     0.0000e+00  0.0000e+00     0.0000e+00  0.0000e+00 
5.9665e+03     0.0000e+00  0.0000e+00     0.0000e+00  0.0000e+00     0.0000e+00  0.0000e+00     0.0000e+00  0.0000e+00 
6.6945e+03     0.0000e+00  0.0000e+00     0.0000e+00  0.0000e+00     0.0000e+00  0.0000e+00     0.0000e+00  0.0000e+00 
7.5114e+03     0.0000e+00  0.0000e+00     0.0000e+00  0.0000e+00     0.0000e+00  0.0000e+00     0.0000e+00  0.0000e+00 
8.4279e+03     0.0000e+00  0.0000e+00     0.0000e+00  0.0000e+00     0.0000e+00  0.0000e+00     0.0000e+00  0.0000e+00 
9.4563e+03     0.0000e+00  0.0000e+00     0.0000e+00  0.0000e+00     0.0000e+00  0.0000e+00     0.0000e+00  0.0000e+00 
