yF = 5.5787e+00 (std: 0.0000e+00) keV/um
yD = 1.9108e+01 (std: 0.0000e+00) keV/um
y (keV/um)     f(y)(std)                  yf(y)(std)                 d(y)(std)                  yd(y)(std)  
1.0610e-01     2.3683e+01  0.0000e+00     2.5128e+00  0.0000e+00     4.5043e-01  0.0000e+00     4.7791e-02  0.0000e+00 
1.1905e-01     1.7027e+00  0.0000e+00     2.0271e-01  0.0000e+00     3.6336e-02  0.0000e+00     4.3257e-03  0.0000e+00 
1.3357e-01     4.7813e-01  0.0000e+00     6.3865e-02  0.0000e+00     1.1448e-02  0.0000e+00     1.5291e-03  0.0000e+00 
1.4987e-01     2.4992e+00  0.0000e+00     3.7456e-01  0.0000e+00     6.7141e-02  0.0000e+00     1.0063e-02  0.0000e+00 
1.6816e-01     6.8222e-01  0.0000e+00     1.1472e-01  0.0000e+00     2.0564e-02  0.0000e+00     3.4580e-03  0.0000e+00 
1.8868e-01     4.8504e-01  0.0000e+00     9.1516e-02  0.0000e+00     1.6404e-02  0.0000e+00     3.0951e-03  0.0000e+00 
2.1170e-01     5.0331e-01  0.0000e+00     1.0655e-01  0.0000e+00     1.9099e-02  0.0000e+00     4.0433e-03  0.0000e+00 
2.3753e-01     5.0059e-01  0.0000e+00     1.1890e-01  0.0000e+00     2.1314e-02  0.0000e+00     5.0627e-03  0.0000e+00 
2.6651e-01     2.3252e-01  0.0000e+00     6.1969e-02  0.0000e+00     1.1108e-02  0.0000e+00     2.9605e-03  0.0000e+00 
2.9903e-01     1.9084e-01  0.0000e+00     5.7066e-02  0.0000e+00     1.0229e-02  0.0000e+00     3.0589e-03  0.0000e+00 
3.3552e-01     1.1584e+00  0.0000e+00     3.8868e-01  0.0000e+00     6.9672e-02  0.0000e+00     2.3376e-02  0.0000e+00 
3.7646e-01     7.2147e-01  0.0000e+00     2.7161e-01  0.0000e+00     4.8686e-02  0.0000e+00     1.8328e-02  0.0000e+00 
4.2240e-01     3.0270e-01  0.0000e+00     1.2786e-01  0.0000e+00     2.2919e-02  0.0000e+00     9.6810e-03  0.0000e+00 
4.7394e-01     3.0261e-01  0.0000e+00     1.4342e-01  0.0000e+00     2.5708e-02  0.0000e+00     1.2184e-02  0.0000e+00 
5.3176e-01     1.8796e-01  0.0000e+00     9.9948e-02  0.0000e+00     1.7916e-02  0.0000e+00     9.5271e-03  0.0000e+00 
5.9665e-01     9.3016e-02  0.0000e+00     5.5498e-02  0.0000e+00     9.9481e-03  0.0000e+00     5.9355e-03  0.0000e+00 
6.6945e-01     1.6336e-01  0.0000e+00     1.0936e-01  0.0000e+00     1.9603e-02  0.0000e+00     1.3123e-02  0.0000e+00 
7.5114e-01     1.3063e-01  0.0000e+00     9.8118e-02  0.0000e+00     1.7588e-02  0.0000e+00     1.3211e-02  0.0000e+00 
8.4279e-01     6.4842e-02  0.0000e+00     5.4648e-02  0.0000e+00     9.7958e-03  0.0000e+00     8.2558e-03  0.0000e+00 
9.4563e-01     3.7743e-02  0.0000e+00     3.5691e-02  0.0000e+00     6.3977e-03  0.0000e+00     6.0499e-03  0.0000e+00 
1.0610e+00     3.0682e-02  0.0000e+00     3.2553e-02  0.0000e+00     5.8353e-03  0.0000e+00     6.1913e-03  0.0000e+00 
1.1905e+00     1.6473e-02  0.0000e+00     1.9610e-02  0.0000e+00     3.5152e-03  0.0000e+00     4.1848e-03  0.0000e+00 
1.3357e+00     8.0748e-03  0.0000e+00     1.0786e-02  0.0000e+00     1.9334e-03  0.0000e+00     2.5825e-03  0.0000e+00 
1.4987e+00     4.8850e-03  0.0000e+00     7.3212e-03  0.0000e+00     1.3124e-03  0.0000e+00     1.9668e-03  0.0000e+00 
1.6816e+00     1.7882e-03  0.0000e+00     3.0069e-03  0.0000e+00     5.3900e-04  0.0000e+00     9.0638e-04  0.0000e+00 
1.8868e+00     6.9291e-04  0.0000e+00     1.3074e-03  0.0000e+00     2.3435e-04  0.0000e+00     4.4216e-04  0.0000e+00 
2.1170e+00     2.1615e-04  0.0000e+00     4.5758e-04  0.0000e+00     8.2022e-05  0.0000e+00     1.7364e-04  0.0000e+00 
2.3753e+00     1.3760e-04  0.0000e+00     3.2684e-04  0.0000e+00     5.8587e-05  0.0000e+00     1.3916e-04  0.0000e+00 
2.6651e+00     0.0000e+00  0.0000e+00     0.0000e+00  0.0000e+00     0.0000e+00  0.0000e+00     0.0000e+00  0.0000e+00 
2.9903e+00     0.0000e+00  0.0000e+00     0.0000e+00  0.0000e+00     0.0000e+00  0.0000e+00     0.0000e+00  0.0000e+00 
3.3552e+00     1.9483e-05  0.0000e+00     6.5368e-05  0.0000e+00     1.1717e-05  0.0000e+00     3.9315e-05  0.0000e+00 
3.7646e+00     0.0000e+00  0.0000e+00     0.0000e+00  0.0000e+00     0.0000e+00  0.0000e+00     0.0000e+00  0.0000e+00 
4.2240e+00     0.0000e+00  0.0000e+00     0.0000e+00  0.0000e+00     0.0000e+00  0.0000e+00     0.0000e+00  0.0000e+00 
4.7394e+00     0.0000e+00  0.0000e+00     0.0000e+00  0.0000e+00     0.0000e+00  0.0000e+00     0.0000e+00  0.0000e+00 
5.3176e+00     0.0000e+00  0.0000e+00     0.0000e+00  0.0000e+00     0.0000e+00  0.0000e+00     0.0000e+00  0.0000e+00 
5.9665e+00     8.1282e-02  0.0000e+00     4.8497e-01  0.0000e+00     8.6932e-02  0.0000e+00     5.1868e-01  0.0000e+00 
6.6945e+00     1.9568e-02  0.0000e+00     1.3100e-01  0.0000e+00     2.3482e-02  0.0000e+00     1.5720e-01  0.0000e+00 
7.5114e+00     8.5285e-03  0.0000e+00     6.4061e-02  0.0000e+00     1.1483e-02  0.0000e+00     8.6254e-02  0.0000e+00 
8.4279e+00     3.2871e-02  0.0000e+00     2.7703e-01  0.0000e+00     4.9659e-02  0.0000e+00     4.1852e-01  0.0000e+00 
9.4563e+00     3.1515e-02  0.0000e+00     2.9801e-01  0.0000e+00     5.3420e-02  0.0000e+00     5.0515e-01  0.0000e+00 
1.0610e+01     7.3358e-02  0.0000e+00     7.7834e-01  0.0000e+00     1.3952e-01  0.0000e+00     1.4803e+00  0.0000e+00 
1.1905e+01     2.7839e-02  0.0000e+00     3.3142e-01  0.0000e+00     5.9408e-02  0.0000e+00     7.0723e-01  0.0000e+00 
1.3357e+01     1.2543e-02  0.0000e+00     1.6754e-01  0.0000e+00     3.0032e-02  0.0000e+00     4.0115e-01  0.0000e+00 
1.4987e+01     5.1860e-03  0.0000e+00     7.7723e-02  0.0000e+00     1.3932e-02  0.0000e+00     2.0880e-01  0.0000e+00 
1.6816e+01     2.3919e-02  0.0000e+00     4.0221e-01  0.0000e+00     7.2098e-02  0.0000e+00     1.2124e+00  0.0000e+00 
1.8868e+01     6.3956e-03  0.0000e+00     1.2067e-01  0.0000e+00     2.1630e-02  0.0000e+00     4.0812e-01  0.0000e+00 
2.1170e+01     3.3070e-03  0.0000e+00     7.0009e-02  0.0000e+00     1.2549e-02  0.0000e+00     2.6567e-01  0.0000e+00 
2.3753e+01     2.8373e-03  0.0000e+00     6.7395e-02  0.0000e+00     1.2081e-02  0.0000e+00     2.8695e-01  0.0000e+00 
2.6651e+01     2.0210e-03  0.0000e+00     5.3863e-02  0.0000e+00     9.6552e-03  0.0000e+00     2.5732e-01  0.0000e+00 
2.9903e+01     1.4449e-03  0.0000e+00     4.3208e-02  0.0000e+00     7.7452e-03  0.0000e+00     2.3161e-01  0.0000e+00 
3.3552e+01     1.1943e-03  0.0000e+00     4.0071e-02  0.0000e+00     7.1828e-03  0.0000e+00     2.4100e-01  0.0000e+00 
3.7646e+01     9.1161e-04  0.0000e+00     3.4318e-02  0.0000e+00     6.1517e-03  0.0000e+00     2.3159e-01  0.0000e+00 
4.2240e+01     5.6950e-04  0.0000e+00     2.4056e-02  0.0000e+00     4.3120e-03  0.0000e+00     1.8214e-01  0.0000e+00 
4.7394e+01     4.8136e-04  0.0000e+00     2.2814e-02  0.0000e+00     4.0894e-03  0.0000e+00     1.9381e-01  0.0000e+00 
5.3176e+01     2.9994e-04  0.0000e+00     1.5950e-02  0.0000e+00     2.8591e-03  0.0000e+00     1.5203e-01  0.0000e+00 
5.9665e+01     1.8296e-04  0.0000e+00     1.0916e-02  0.0000e+00     1.9568e-03  0.0000e+00     1.1675e-01  0.0000e+00 
6.6945e+01     9.3739e-05  0.0000e+00     6.2754e-03  0.0000e+00     1.1249e-03  0.0000e+00     7.5305e-02  0.0000e+00 
7.5114e+01     5.7437e-05  0.0000e+00     4.3143e-03  0.0000e+00     7.7335e-04  0.0000e+00     5.8089e-02  0.0000e+00 
8.4279e+01     1.9390e-05  0.0000e+00     1.6342e-03  0.0000e+00     2.9294e-04  0.0000e+00     2.4688e-02  0.0000e+00 
9.4563e+01     8.9865e-06  0.0000e+00     8.4979e-04  0.0000e+00     1.5233e-04  0.0000e+00     1.4404e-02  0.0000e+00 
1.0610e+02     1.1706e-05  0.0000e+00     1.2420e-03  0.0000e+00     2.2263e-04  0.0000e+00     2.3621e-02  0.0000e+00 
1.1905e+02     3.2946e-06  0.0000e+00     3.9221e-04  0.0000e+00     7.0305e-05  0.0000e+00     8.3696e-03  0.0000e+00 
1.3357e+02     9.7876e-07  0.0000e+00     1.3074e-04  0.0000e+00     2.3435e-05  0.0000e+00     3.1303e-03  0.0000e+00 
1.4987e+02     8.7232e-07  0.0000e+00     1.3074e-04  0.0000e+00     2.3435e-05  0.0000e+00     3.5122e-03  0.0000e+00 
1.6816e+02     0.0000e+00  0.0000e+00     0.0000e+00  0.0000e+00     0.0000e+00  0.0000e+00     0.0000e+00  0.0000e+00 
1.8868e+02     0.0000e+00  0.0000e+00     0.0000e+00  0.0000e+00     0.0000e+00  0.0000e+00     0.0000e+00  0.0000e+00 
2.1170e+02     0.0000e+00  0.0000e+00     0.0000e+00  0.0000e+00     0.0000e+00  0.0000e+00     0.0000e+00  0.0000e+00 
2.3753e+02     0.0000e+00  0.0000e+00     0.0000e+00  0.0000e+00     0.0000e+00  0.0000e+00     0.0000e+00  0.0000e+00 
2.6651e+02     0.0000e+00  0.0000e+00     0.0000e+00  0.0000e+00     0.0000e+00  0.0000e+00     0.0000e+00  0.0000e+00 
2.9903e+02     0.0000e+00  0.0000e+00     0.0000e+00  0.0000e+00     0.0000e+00  0.0000e+00     0.0000e+00  0.0000e+00 
3.3552e+02     0.0000e+00  0.0000e+00     0.0000e+00  0.0000e+00     0.0000e+00  0.0000e+00     0.0000e+00  0.0000e+00 
3.7646e+02     0.0000e+00  0.0000e+00     0.0000e+00  0.0000e+00     0.0000e+00  0.0000e+00     0.0000e+00  0.0000e+00 
4.2240e+02     0.0000e+00  0.0000e+00     0.0000e+00  0.0000e+00     0.0000e+00  0.0000e+00     0.0000e+00  0.0000e+00 
4.7394e+02     0.0000e+00  0.0000e+00     0.0000e+00  0.0000e+00     0.0000e+00  0.0000e+00     0.0000e+00  0.0000e+00 
5.3176e+02     0.0000e+00  0.0000e+00     0.0000e+00  0.0000e+00     0.0000e+00  0.0000e+00     0.0000e+00  0.0000e+00 
5.9665e+02     0.0000e+00  0.0000e+00     0.0000e+00  0.0000e+00     0.0000e+00  0.0000e+00     0.0000e+00  0.0000e+00 
6.6945e+02     0.0000e+00  0.0000e+00     0.0000e+00  0.0000e+00     0.0000e+00  0.0000e+00     0.0000e+00  0.0000e+00 
7.5114e+02     0.0000e+00  0.0000e+00     0.0000e+00  0.0000e+00     0.0000e+00  0.0000e+00     0.0000e+00  0.0000e+00 
8.4279e+02     0.0000e+00  0.0000e+00     0.0000e+00  0.0000e+00     0.0000e+00  0.0000e+00     0.0000e+00  0.0000e+00 
9.4563e+02     0.0000e+00  0.0000e+00     0.0000e+00  0.0000e+00     0.0000e+00  0.0000e+00     0.0000e+00  0.0000e+00 
1.0610e+03     0.0000e+00  0.0000e+00     0.0000e+00  0.0000e+00     0.0000e+00  0.0000e+00     0.0000e+00  0.0000e+00 
1.1905e+03     0.0000e+00  0.0000e+00     0.0000e+00  0.0000e+00     0.0000e+00  0.0000e+00     0.0000e+00  0.0000e+00 
1.3357e+03     0.0000e+00  0.0000e+00     0.0000e+00  0.0000e+00     0.0000e+00  0.0000e+00     0.0000e+00  0.0000e+00 
1.4987e+03     0.0000e+00  0.0000e+00     0.0000e+00  0.0000e+00     0.0000e+00  0.0000e+00     0.0000e+00  0.0000e+00 
1.6816e+03     0.0000e+00  0.0000e+00     0.0000e+00  0.0000e+00     0.0000e+00  0.0000e+00     0.0000e+00  0.0000e+00 
1.8868e+03     0.0000e+00  0.0000e+00     0.0000e+00  0.0000e+00     0.0000e+00  0.0000e+00     0.0000e+00  0.0000e+00 
2.1170e+03     0.0000e+00  0.0000e+00     0.0000e+00  0.0000e+00     0.0000e+00  0.0000e+00     0.0000e+00  0.0000e+00 
2.3753e+03     0.0000e+00  0.0000e+00     0.0000e+00  0.0000e+00     0.0000e+00  0.0000e+00     0.0000e+00  0.0000e+00 
2.6651e+03     0.0000e+00  0.0000e+00     0.0000e+00  0.0000e+00     0.0000e+00  0.0000e+00     0.0000e+00  0.0000e+00 
2.9903e+03     0.0000e+00  0.0000e+00     0.0000e+00  0.0000e+00     0.0000e+00  0.0000e+00     0.0000e+00  0.0000e+00 
3.3552e+03     0.0000e+00  0.0000e+00     0.0000e+00  0.0000e+00     0.0000e+00  0.0000e+00     0.0000e+00  0.0000e+00 
3.7646e+03     0.0000e+00  0.0000e+00     0.0000e+00  0.0000e+00     0.0000e+00  0.0000e+00     0.0000e+00  0.0000e+00 
4.2240e+03     0.0000e+00  0.0000e+00     0.0000e+00  0.0000e+00     0.0000e+00  0.0000e+00     0.0000e+00  0.0000e+00 
4.7394e+03     0.0000e+00  0.0000e+00     0.0000e+00  0.0000e+00     0.0000e+00  0.0000e+00     0.0000e+00  0.0000e+00 
5.3176e+03     0.0000e+00  0.0000e+00     0.0000e+00  0.0000e+00     0.0000e+00  0.0000e+00     0.0000e+00  0.0000e+00 
5.9665e+03     0.0000e+00  0.0000e+00     0.0000e+00  0.0000e+00     0.0000e+00  0.0000e+00     0.0000e+00  0.0000e+00 
6.6945e+03     0.0000e+00  0.0000e+00     0.0000e+00  0.0000e+00     0.0000e+00  0.0000e+00     0.0000e+00  0.0000e+00 
7.5114e+03     0.0000e+00  0.0000e+00     0.0000e+00  0.0000e+00     0.0000e+00  0.0000e+00     0.0000e+00  0.0000e+00 
8.4279e+03     0.0000e+00  0.0000e+00     0.0000e+00  0.0000e+00     0.0000e+00  0.0000e+00     0.0000e+00  0.0000e+00 
9.4563e+03     0.0000e+00  0.0000e+00     0.0000e+00  0.0000e+00     0.0000e+00  0.0000e+00     0.0000e+00  0.0000e+00 
