yF = 1.4801e+01 (std: 0.0000e+00) keV/um
yD = 3.5806e+01 (std: 0.0000e+00) keV/um
y (keV/um)     f(y)(std)                  yf(y)(std)                 d(y)(std)                  yd(y)(std)  
1.0610e-01     8.1687e+00  0.0000e+00     8.6671e-01  0.0000e+00     5.8558e-02  0.0000e+00     6.2131e-03  0.0000e+00 
1.1905e-01     8.5471e-01  0.0000e+00     1.0175e-01  0.0000e+00     6.8746e-03  0.0000e+00     8.1841e-04  0.0000e+00 
1.3357e-01     3.9279e-01  0.0000e+00     5.2467e-02  0.0000e+00     3.5449e-03  0.0000e+00     4.7350e-04  0.0000e+00 
1.4987e-01     1.1331e+00  0.0000e+00     1.6982e-01  0.0000e+00     1.1474e-02  0.0000e+00     1.7196e-03  0.0000e+00 
1.6816e-01     5.3857e-01  0.0000e+00     9.0565e-02  0.0000e+00     6.1189e-03  0.0000e+00     1.0290e-03  0.0000e+00 
1.8868e-01     4.2996e-01  0.0000e+00     8.1124e-02  0.0000e+00     5.4811e-03  0.0000e+00     1.0342e-03  0.0000e+00 
2.1170e-01     4.4707e-01  0.0000e+00     9.4645e-02  0.0000e+00     6.3946e-03  0.0000e+00     1.3537e-03  0.0000e+00 
2.3753e-01     4.1480e-01  0.0000e+00     9.8528e-02  0.0000e+00     6.6569e-03  0.0000e+00     1.5812e-03  0.0000e+00 
2.6651e-01     2.6560e-01  0.0000e+00     7.0787e-02  0.0000e+00     4.7826e-03  0.0000e+00     1.2746e-03  0.0000e+00 
2.9903e-01     2.2574e-01  0.0000e+00     6.7505e-02  0.0000e+00     4.5609e-03  0.0000e+00     1.3639e-03  0.0000e+00 
3.3552e-01     5.2725e-01  0.0000e+00     1.7690e-01  0.0000e+00     1.1952e-02  0.0000e+00     4.0102e-03  0.0000e+00 
3.7646e-01     4.5517e-01  0.0000e+00     1.7135e-01  0.0000e+00     1.1577e-02  0.0000e+00     4.3584e-03  0.0000e+00 
4.2240e-01     2.9233e-01  0.0000e+00     1.2348e-01  0.0000e+00     8.3428e-03  0.0000e+00     3.5240e-03  0.0000e+00 
4.7394e-01     2.8851e-01  0.0000e+00     1.3673e-01  0.0000e+00     9.2383e-03  0.0000e+00     4.3784e-03  0.0000e+00 
5.3176e-01     2.4694e-01  0.0000e+00     1.3131e-01  0.0000e+00     8.8721e-03  0.0000e+00     4.7179e-03  0.0000e+00 
5.9665e-01     1.6755e-01  0.0000e+00     9.9967e-02  0.0000e+00     6.7541e-03  0.0000e+00     4.0298e-03  0.0000e+00 
6.6945e-01     1.5595e-01  0.0000e+00     1.0440e-01  0.0000e+00     7.0538e-03  0.0000e+00     4.7221e-03  0.0000e+00 
7.5114e-01     1.5749e-01  0.0000e+00     1.1830e-01  0.0000e+00     7.9926e-03  0.0000e+00     6.0035e-03  0.0000e+00 
8.4279e-01     1.0933e-01  0.0000e+00     9.2142e-02  0.0000e+00     6.2255e-03  0.0000e+00     5.2468e-03  0.0000e+00 
9.4563e-01     7.7973e-02  0.0000e+00     7.3733e-02  0.0000e+00     4.9817e-03  0.0000e+00     4.7108e-03  0.0000e+00 
1.0610e+00     5.8376e-02  0.0000e+00     6.1937e-02  0.0000e+00     4.1847e-03  0.0000e+00     4.4400e-03  0.0000e+00 
1.1905e+00     4.2715e-02  0.0000e+00     5.0850e-02  0.0000e+00     3.4357e-03  0.0000e+00     4.0901e-03  0.0000e+00 
1.3357e+00     2.7423e-02  0.0000e+00     3.6630e-02  0.0000e+00     2.4749e-03  0.0000e+00     3.3058e-03  0.0000e+00 
1.4987e+00     1.7589e-02  0.0000e+00     2.6361e-02  0.0000e+00     1.7811e-03  0.0000e+00     2.6693e-03  0.0000e+00 
1.6816e+00     9.9158e-03  0.0000e+00     1.6674e-02  0.0000e+00     1.1266e-03  0.0000e+00     1.8944e-03  0.0000e+00 
1.8868e+00     5.0664e-03  0.0000e+00     9.5591e-03  0.0000e+00     6.4585e-04  0.0000e+00     1.2186e-03  0.0000e+00 
2.1170e+00     2.3555e-03  0.0000e+00     4.9865e-03  0.0000e+00     3.3691e-04  0.0000e+00     7.1323e-04  0.0000e+00 
2.3753e+00     1.0248e-03  0.0000e+00     2.4341e-03  0.0000e+00     1.6446e-04  0.0000e+00     3.9064e-04  0.0000e+00 
2.6651e+00     5.0658e-04  0.0000e+00     1.3501e-03  0.0000e+00     9.1218e-05  0.0000e+00     2.4311e-04  0.0000e+00 
2.9903e+00     2.0103e-04  0.0000e+00     6.0114e-04  0.0000e+00     4.0615e-05  0.0000e+00     1.2145e-04  0.0000e+00 
3.3552e+00     5.8743e-05  0.0000e+00     1.9709e-04  0.0000e+00     1.3317e-05  0.0000e+00     4.4680e-05  0.0000e+00 
3.7646e+00     5.2355e-06  0.0000e+00     1.9709e-05  0.0000e+00     1.3317e-06  0.0000e+00     5.0131e-06  0.0000e+00 
4.2240e+00     6.9992e-06  0.0000e+00     2.9564e-05  0.0000e+00     1.9975e-06  0.0000e+00     8.4372e-06  0.0000e+00 
4.7394e+00     0.0000e+00  0.0000e+00     0.0000e+00  0.0000e+00     0.0000e+00  0.0000e+00     0.0000e+00  0.0000e+00 
5.3176e+00     1.8532e-06  0.0000e+00     9.8547e-06  0.0000e+00     6.6583e-07  0.0000e+00     3.5406e-06  0.0000e+00 
5.9665e+00     4.5510e-02  0.0000e+00     2.7154e-01  0.0000e+00     1.8346e-02  0.0000e+00     1.0946e-01  0.0000e+00 
6.6945e+00     2.7121e-02  0.0000e+00     1.8156e-01  0.0000e+00     1.2267e-02  0.0000e+00     8.2123e-02  0.0000e+00 
7.5114e+00     8.0398e-03  0.0000e+00     6.0390e-02  0.0000e+00     4.0802e-03  0.0000e+00     3.0648e-02  0.0000e+00 
8.4279e+00     3.4824e-02  0.0000e+00     2.9349e-01  0.0000e+00     1.9830e-02  0.0000e+00     1.6712e-01  0.0000e+00 
9.4563e+00     2.9769e-02  0.0000e+00     2.8150e-01  0.0000e+00     1.9019e-02  0.0000e+00     1.7985e-01  0.0000e+00 
1.0610e+01     4.7854e-02  0.0000e+00     5.0774e-01  0.0000e+00     3.4305e-02  0.0000e+00     3.6398e-01  0.0000e+00 
1.1905e+01     3.2580e-02  0.0000e+00     3.8785e-01  0.0000e+00     2.6205e-02  0.0000e+00     3.1196e-01  0.0000e+00 
1.3357e+01     2.5305e-02  0.0000e+00     3.3801e-01  0.0000e+00     2.2837e-02  0.0000e+00     3.0504e-01  0.0000e+00 
1.4987e+01     1.8927e-02  0.0000e+00     2.8367e-01  0.0000e+00     1.9166e-02  0.0000e+00     2.8724e-01  0.0000e+00 
1.6816e+01     1.5943e-02  0.0000e+00     2.6810e-01  0.0000e+00     1.8114e-02  0.0000e+00     3.0460e-01  0.0000e+00 
1.8868e+01     1.4523e-02  0.0000e+00     2.7401e-01  0.0000e+00     1.8513e-02  0.0000e+00     3.4930e-01  0.0000e+00 
2.1170e+01     1.4919e-02  0.0000e+00     3.1582e-01  0.0000e+00     2.1338e-02  0.0000e+00     4.5173e-01  0.0000e+00 
2.3753e+01     1.3870e-02  0.0000e+00     3.2946e-01  0.0000e+00     2.2260e-02  0.0000e+00     5.2874e-01  0.0000e+00 
2.6651e+01     1.0301e-02  0.0000e+00     2.7453e-01  0.0000e+00     1.8549e-02  0.0000e+00     4.9434e-01  0.0000e+00 
2.9903e+01     8.3225e-03  0.0000e+00     2.4887e-01  0.0000e+00     1.6815e-02  0.0000e+00     5.0282e-01  0.0000e+00 
3.3552e+01     7.2445e-03  0.0000e+00     2.4307e-01  0.0000e+00     1.6423e-02  0.0000e+00     5.5101e-01  0.0000e+00 
3.7646e+01     5.7993e-03  0.0000e+00     2.1832e-01  0.0000e+00     1.4751e-02  0.0000e+00     5.5531e-01  0.0000e+00 
4.2240e+01     4.3554e-03  0.0000e+00     1.8397e-01  0.0000e+00     1.2430e-02  0.0000e+00     5.2502e-01  0.0000e+00 
4.7394e+01     3.3677e-03  0.0000e+00     1.5961e-01  0.0000e+00     1.0784e-02  0.0000e+00     5.1108e-01  0.0000e+00 
5.3176e+01     2.4210e-03  0.0000e+00     1.2874e-01  0.0000e+00     8.6983e-03  0.0000e+00     4.6255e-01  0.0000e+00 
5.9665e+01     1.7419e-03  0.0000e+00     1.0393e-01  0.0000e+00     7.0218e-03  0.0000e+00     4.1896e-01  0.0000e+00 
6.6945e+01     1.1551e-03  0.0000e+00     7.7330e-02  0.0000e+00     5.2247e-03  0.0000e+00     3.4977e-01  0.0000e+00 
7.5114e+01     6.9837e-04  0.0000e+00     5.2457e-02  0.0000e+00     3.5442e-03  0.0000e+00     2.6622e-01  0.0000e+00 
8.4279e+01     4.1732e-04  0.0000e+00     3.5172e-02  0.0000e+00     2.3763e-03  0.0000e+00     2.0027e-01  0.0000e+00 
9.4563e+01     2.1958e-04  0.0000e+00     2.0764e-02  0.0000e+00     1.4029e-03  0.0000e+00     1.3266e-01  0.0000e+00 
1.0610e+02     1.0691e-04  0.0000e+00     1.1343e-02  0.0000e+00     7.6637e-04  0.0000e+00     8.1312e-02  0.0000e+00 
1.1905e+02     5.0248e-05  0.0000e+00     5.9818e-03  0.0000e+00     4.0416e-04  0.0000e+00     4.8114e-02  0.0000e+00 
1.3357e+02     1.9699e-05  0.0000e+00     2.6312e-03  0.0000e+00     1.7778e-04  0.0000e+00     2.3746e-02  0.0000e+00 
1.4987e+02     7.6275e-06  0.0000e+00     1.1432e-03  0.0000e+00     7.7236e-05  0.0000e+00     1.1575e-02  0.0000e+00 
1.6816e+02     2.5786e-06  0.0000e+00     4.3361e-04  0.0000e+00     2.9296e-05  0.0000e+00     4.9264e-03  0.0000e+00 
1.8868e+02     8.3569e-07  0.0000e+00     1.5768e-04  0.0000e+00     1.0653e-05  0.0000e+00     2.0100e-03  0.0000e+00 
2.1170e+02     9.3101e-08  0.0000e+00     1.9709e-05  0.0000e+00     1.3317e-06  0.0000e+00     2.8191e-04  0.0000e+00 
2.3753e+02     0.0000e+00  0.0000e+00     0.0000e+00  0.0000e+00     0.0000e+00  0.0000e+00     0.0000e+00  0.0000e+00 
2.6651e+02     0.0000e+00  0.0000e+00     0.0000e+00  0.0000e+00     0.0000e+00  0.0000e+00     0.0000e+00  0.0000e+00 
2.9903e+02     0.0000e+00  0.0000e+00     0.0000e+00  0.0000e+00     0.0000e+00  0.0000e+00     0.0000e+00  0.0000e+00 
3.3552e+02     0.0000e+00  0.0000e+00     0.0000e+00  0.0000e+00     0.0000e+00  0.0000e+00     0.0000e+00  0.0000e+00 
3.7646e+02     0.0000e+00  0.0000e+00     0.0000e+00  0.0000e+00     0.0000e+00  0.0000e+00     0.0000e+00  0.0000e+00 
4.2240e+02     0.0000e+00  0.0000e+00     0.0000e+00  0.0000e+00     0.0000e+00  0.0000e+00     0.0000e+00  0.0000e+00 
4.7394e+02     0.0000e+00  0.0000e+00     0.0000e+00  0.0000e+00     0.0000e+00  0.0000e+00     0.0000e+00  0.0000e+00 
5.3176e+02     0.0000e+00  0.0000e+00     0.0000e+00  0.0000e+00     0.0000e+00  0.0000e+00     0.0000e+00  0.0000e+00 
5.9665e+02     0.0000e+00  0.0000e+00     0.0000e+00  0.0000e+00     0.0000e+00  0.0000e+00     0.0000e+00  0.0000e+00 
6.6945e+02     0.0000e+00  0.0000e+00     0.0000e+00  0.0000e+00     0.0000e+00  0.0000e+00     0.0000e+00  0.0000e+00 
7.5114e+02     0.0000e+00  0.0000e+00     0.0000e+00  0.0000e+00     0.0000e+00  0.0000e+00     0.0000e+00  0.0000e+00 
8.4279e+02     0.0000e+00  0.0000e+00     0.0000e+00  0.0000e+00     0.0000e+00  0.0000e+00     0.0000e+00  0.0000e+00 
9.4563e+02     0.0000e+00  0.0000e+00     0.0000e+00  0.0000e+00     0.0000e+00  0.0000e+00     0.0000e+00  0.0000e+00 
1.0610e+03     0.0000e+00  0.0000e+00     0.0000e+00  0.0000e+00     0.0000e+00  0.0000e+00     0.0000e+00  0.0000e+00 
1.1905e+03     0.0000e+00  0.0000e+00     0.0000e+00  0.0000e+00     0.0000e+00  0.0000e+00     0.0000e+00  0.0000e+00 
1.3357e+03     0.0000e+00  0.0000e+00     0.0000e+00  0.0000e+00     0.0000e+00  0.0000e+00     0.0000e+00  0.0000e+00 
1.4987e+03     0.0000e+00  0.0000e+00     0.0000e+00  0.0000e+00     0.0000e+00  0.0000e+00     0.0000e+00  0.0000e+00 
1.6816e+03     0.0000e+00  0.0000e+00     0.0000e+00  0.0000e+00     0.0000e+00  0.0000e+00     0.0000e+00  0.0000e+00 
1.8868e+03     0.0000e+00  0.0000e+00     0.0000e+00  0.0000e+00     0.0000e+00  0.0000e+00     0.0000e+00  0.0000e+00 
2.1170e+03     0.0000e+00  0.0000e+00     0.0000e+00  0.0000e+00     0.0000e+00  0.0000e+00     0.0000e+00  0.0000e+00 
2.3753e+03     0.0000e+00  0.0000e+00     0.0000e+00  0.0000e+00     0.0000e+00  0.0000e+00     0.0000e+00  0.0000e+00 
2.6651e+03     0.0000e+00  0.0000e+00     0.0000e+00  0.0000e+00     0.0000e+00  0.0000e+00     0.0000e+00  0.0000e+00 
2.9903e+03     0.0000e+00  0.0000e+00     0.0000e+00  0.0000e+00     0.0000e+00  0.0000e+00     0.0000e+00  0.0000e+00 
3.3552e+03     0.0000e+00  0.0000e+00     0.0000e+00  0.0000e+00     0.0000e+00  0.0000e+00     0.0000e+00  0.0000e+00 
3.7646e+03     0.0000e+00  0.0000e+00     0.0000e+00  0.0000e+00     0.0000e+00  0.0000e+00     0.0000e+00  0.0000e+00 
4.2240e+03     0.0000e+00  0.0000e+00     0.0000e+00  0.0000e+00     0.0000e+00  0.0000e+00     0.0000e+00  0.0000e+00 
4.7394e+03     0.0000e+00  0.0000e+00     0.0000e+00  0.0000e+00     0.0000e+00  0.0000e+00     0.0000e+00  0.0000e+00 
5.3176e+03     0.0000e+00  0.0000e+00     0.0000e+00  0.0000e+00     0.0000e+00  0.0000e+00     0.0000e+00  0.0000e+00 
5.9665e+03     0.0000e+00  0.0000e+00     0.0000e+00  0.0000e+00     0.0000e+00  0.0000e+00     0.0000e+00  0.0000e+00 
6.6945e+03     0.0000e+00  0.0000e+00     0.0000e+00  0.0000e+00     0.0000e+00  0.0000e+00     0.0000e+00  0.0000e+00 
7.5114e+03     0.0000e+00  0.0000e+00     0.0000e+00  0.0000e+00     0.0000e+00  0.0000e+00     0.0000e+00  0.0000e+00 
8.4279e+03     0.0000e+00  0.0000e+00     0.0000e+00  0.0000e+00     0.0000e+00  0.0000e+00     0.0000e+00  0.0000e+00 
9.4563e+03     0.0000e+00  0.0000e+00     0.0000e+00  0.0000e+00     0.0000e+00  0.0000e+00     0.0000e+00  0.0000e+00 
