yF = 9.5008e+01 (std: 0.0000e+00) keV/um
yD = 1.1214e+02 (std: 0.0000e+00) keV/um
y (keV/um)     f(y)(std)                  yf(y)(std)                 d(y)(std)                  yd(y)(std)  
1.0610e-01     2.1308e-03  0.0000e+00     2.2608e-04  0.0000e+00     2.3796e-06  0.0000e+00     2.5248e-07  0.0000e+00 
1.1905e-01     2.1913e-04  0.0000e+00     2.6087e-05  0.0000e+00     2.7457e-07  0.0000e+00     3.2687e-08  0.0000e+00 
1.3357e-01     5.8589e-04  0.0000e+00     7.8260e-05  0.0000e+00     8.2371e-07  0.0000e+00     1.1003e-07  0.0000e+00 
1.4987e-01     2.9010e-04  0.0000e+00     4.3478e-05  0.0000e+00     4.5762e-07  0.0000e+00     6.8584e-08  0.0000e+00 
1.6816e-01     4.1368e-04  0.0000e+00     6.9564e-05  0.0000e+00     7.3219e-07  0.0000e+00     1.2312e-07  0.0000e+00 
1.8868e-01     5.0695e-04  0.0000e+00     9.5651e-05  0.0000e+00     1.0068e-06  0.0000e+00     1.8995e-07  0.0000e+00 
2.1170e-01     5.3397e-04  0.0000e+00     1.1304e-04  0.0000e+00     1.1898e-06  0.0000e+00     2.5188e-07  0.0000e+00 
2.3753e-01     4.0269e-04  0.0000e+00     9.5651e-05  0.0000e+00     1.0068e-06  0.0000e+00     2.3914e-07  0.0000e+00 
2.6651e-01     5.2203e-04  0.0000e+00     1.3913e-04  0.0000e+00     1.4644e-06  0.0000e+00     3.9028e-07  0.0000e+00 
2.9903e-01     4.3618e-04  0.0000e+00     1.3043e-04  0.0000e+00     1.3729e-06  0.0000e+00     4.1053e-07  0.0000e+00 
3.3552e-01     2.8508e-04  0.0000e+00     9.5651e-05  0.0000e+00     1.0068e-06  0.0000e+00     3.3779e-07  0.0000e+00 
3.7646e-01     3.9267e-04  0.0000e+00     1.4782e-04  0.0000e+00     1.5559e-06  0.0000e+00     5.8574e-07  0.0000e+00 
4.2240e-01     5.9700e-04  0.0000e+00     2.5217e-04  0.0000e+00     2.6542e-06  0.0000e+00     1.1211e-06  0.0000e+00 
4.7394e-01     6.4216e-04  0.0000e+00     3.0434e-04  0.0000e+00     3.2033e-06  0.0000e+00     1.5182e-06  0.0000e+00 
5.3176e-01     3.9245e-04  0.0000e+00     2.0869e-04  0.0000e+00     2.1966e-06  0.0000e+00     1.1681e-06  0.0000e+00 
5.9665e-01     3.2063e-04  0.0000e+00     1.9130e-04  0.0000e+00     2.0135e-06  0.0000e+00     1.2014e-06  0.0000e+00 
6.6945e-01     4.0266e-04  0.0000e+00     2.6956e-04  0.0000e+00     2.8372e-06  0.0000e+00     1.8994e-06  0.0000e+00 
7.5114e-01     4.1675e-04  0.0000e+00     3.1304e-04  0.0000e+00     3.2949e-06  0.0000e+00     2.4749e-06  0.0000e+00 
8.4279e-01     3.5080e-04  0.0000e+00     2.9565e-04  0.0000e+00     3.1118e-06  0.0000e+00     2.6226e-06  0.0000e+00 
9.4563e-01     2.8506e-04  0.0000e+00     2.6956e-04  0.0000e+00     2.8372e-06  0.0000e+00     2.6830e-06  0.0000e+00 
1.0610e+00     2.2128e-04  0.0000e+00     2.3478e-04  0.0000e+00     2.4711e-06  0.0000e+00     2.6219e-06  0.0000e+00 
1.1905e+00     2.4104e-04  0.0000e+00     2.8695e-04  0.0000e+00     3.0203e-06  0.0000e+00     3.5956e-06  0.0000e+00 
1.3357e+00     1.1067e-04  0.0000e+00     1.4782e-04  0.0000e+00     1.5559e-06  0.0000e+00     2.0783e-06  0.0000e+00 
1.4987e+00     5.2218e-05  0.0000e+00     7.8260e-05  0.0000e+00     8.2371e-07  0.0000e+00     1.2345e-06  0.0000e+00 
1.6816e+00     8.7907e-05  0.0000e+00     1.4782e-04  0.0000e+00     1.5559e-06  0.0000e+00     2.6164e-06  0.0000e+00 
1.8868e+00     5.9913e-05  0.0000e+00     1.1304e-04  0.0000e+00     1.1898e-06  0.0000e+00     2.2449e-06  0.0000e+00 
2.1170e+00     0.0000e+00  0.0000e+00     0.0000e+00  0.0000e+00     0.0000e+00  0.0000e+00     0.0000e+00  0.0000e+00 
2.3753e+00     1.4643e-05  0.0000e+00     3.4782e-05  0.0000e+00     3.6609e-07  0.0000e+00     8.6959e-07  0.0000e+00 
2.6651e+00     3.2627e-06  0.0000e+00     8.6955e-06  0.0000e+00     9.1524e-08  0.0000e+00     2.4392e-07  0.0000e+00 
2.9903e+00     5.8158e-06  0.0000e+00     1.7391e-05  0.0000e+00     1.8305e-07  0.0000e+00     5.4737e-07  0.0000e+00 
3.3552e+00     0.0000e+00  0.0000e+00     0.0000e+00  0.0000e+00     0.0000e+00  0.0000e+00     0.0000e+00  0.0000e+00 
3.7646e+00     0.0000e+00  0.0000e+00     0.0000e+00  0.0000e+00     0.0000e+00  0.0000e+00     0.0000e+00  0.0000e+00 
4.2240e+00     0.0000e+00  0.0000e+00     0.0000e+00  0.0000e+00     0.0000e+00  0.0000e+00     0.0000e+00  0.0000e+00 
4.7394e+00     1.8347e-05  0.0000e+00     8.6955e-05  0.0000e+00     9.1524e-07  0.0000e+00     4.3376e-06  0.0000e+00 
5.3176e+00     3.6629e-04  0.0000e+00     1.9478e-03  0.0000e+00     2.0501e-05  0.0000e+00     1.0902e-04  0.0000e+00 
5.9665e+00     3.2208e-04  0.0000e+00     1.9217e-03  0.0000e+00     2.0227e-05  0.0000e+00     1.2068e-04  0.0000e+00 
6.6945e+00     1.4807e-04  0.0000e+00     9.9129e-04  0.0000e+00     1.0434e-05  0.0000e+00     6.9849e-05  0.0000e+00 
7.5114e+00     5.0936e-05  0.0000e+00     3.8260e-04  0.0000e+00     4.0270e-06  0.0000e+00     3.0249e-05  0.0000e+00 
8.4279e+00     3.1056e-04  0.0000e+00     2.6173e-03  0.0000e+00     2.7549e-05  0.0000e+00     2.3218e-04  0.0000e+00 
9.4563e+00     5.0851e-04  0.0000e+00     4.8086e-03  0.0000e+00     5.0613e-05  0.0000e+00     4.7861e-04  0.0000e+00 
1.0610e+01     5.6795e-04  0.0000e+00     6.0260e-03  0.0000e+00     6.3426e-05  0.0000e+00     6.7295e-04  0.0000e+00 
1.1905e+01     5.3832e-04  0.0000e+00     6.4086e-03  0.0000e+00     6.7453e-05  0.0000e+00     8.0301e-04  0.0000e+00 
1.3357e+01     5.7873e-04  0.0000e+00     7.7303e-03  0.0000e+00     8.1364e-05  0.0000e+00     1.0868e-03  0.0000e+00 
1.4987e+01     6.7303e-04  0.0000e+00     1.0087e-02  0.0000e+00     1.0617e-04  0.0000e+00     1.5911e-03  0.0000e+00 
1.6816e+01     8.3150e-04  0.0000e+00     1.3982e-02  0.0000e+00     1.4717e-04  0.0000e+00     2.4748e-03  0.0000e+00 
1.8868e+01     1.1065e-03  0.0000e+00     2.0878e-02  0.0000e+00     2.1975e-04  0.0000e+00     4.1461e-03  0.0000e+00 
2.1170e+01     1.3510e-03  0.0000e+00     2.8600e-02  0.0000e+00     3.0102e-04  0.0000e+00     6.3726e-03  0.0000e+00 
2.3753e+01     1.7565e-03  0.0000e+00     4.1721e-02  0.0000e+00     4.3913e-04  0.0000e+00     1.0431e-02  0.0000e+00 
2.6651e+01     2.0271e-03  0.0000e+00     5.4025e-02  0.0000e+00     5.6864e-04  0.0000e+00     1.5155e-02  0.0000e+00 
2.9903e+01     2.6752e-03  0.0000e+00     7.9999e-02  0.0000e+00     8.4202e-04  0.0000e+00     2.5179e-02  0.0000e+00 
3.3552e+01     3.4096e-03  0.0000e+00     1.1440e-01  0.0000e+00     1.2041e-03  0.0000e+00     4.0400e-02  0.0000e+00 
3.7646e+01     4.1279e-03  0.0000e+00     1.5540e-01  0.0000e+00     1.6356e-03  0.0000e+00     6.1575e-02  0.0000e+00 
4.2240e+01     5.0889e-03  0.0000e+00     2.1495e-01  0.0000e+00     2.2625e-03  0.0000e+00     9.5565e-02  0.0000e+00 
4.7394e+01     6.1759e-03  0.0000e+00     2.9270e-01  0.0000e+00     3.0808e-03  0.0000e+00     1.4601e-01  0.0000e+00 
5.3176e+01     7.2874e-03  0.0000e+00     3.8752e-01  0.0000e+00     4.0787e-03  0.0000e+00     2.1689e-01  0.0000e+00 
5.9665e+01     8.4239e-03  0.0000e+00     5.0261e-01  0.0000e+00     5.2902e-03  0.0000e+00     3.1564e-01  0.0000e+00 
6.6945e+01     9.3994e-03  0.0000e+00     6.2924e-01  0.0000e+00     6.6230e-03  0.0000e+00     4.4338e-01  0.0000e+00 
7.5114e+01     1.0132e-02  0.0000e+00     7.6103e-01  0.0000e+00     8.0101e-03  0.0000e+00     6.0167e-01  0.0000e+00 
8.4279e+01     1.0268e-02  0.0000e+00     8.6536e-01  0.0000e+00     9.1082e-03  0.0000e+00     7.6763e-01  0.0000e+00 
9.4563e+01     9.8070e-03  0.0000e+00     9.2738e-01  0.0000e+00     9.7610e-03  0.0000e+00     9.2302e-01  0.0000e+00 
1.0610e+02     8.6935e-03  0.0000e+00     9.2239e-01  0.0000e+00     9.7086e-03  0.0000e+00     1.0301e+00  0.0000e+00 
1.1905e+02     7.0788e-03  0.0000e+00     8.4272e-01  0.0000e+00     8.8699e-03  0.0000e+00     1.0559e+00  0.0000e+00 
1.3357e+02     5.1642e-03  0.0000e+00     6.8980e-01  0.0000e+00     7.2604e-03  0.0000e+00     9.6979e-01  0.0000e+00 
1.4987e+02     3.3389e-03  0.0000e+00     5.0041e-01  0.0000e+00     5.2670e-03  0.0000e+00     7.8937e-01  0.0000e+00 
1.6816e+02     1.9008e-03  0.0000e+00     3.1964e-01  0.0000e+00     3.3643e-03  0.0000e+00     5.6574e-01  0.0000e+00 
1.8868e+02     9.0063e-04  0.0000e+00     1.6993e-01  0.0000e+00     1.7886e-03  0.0000e+00     3.3746e-01  0.0000e+00 
2.1170e+02     3.6191e-04  0.0000e+00     7.6616e-02  0.0000e+00     8.0641e-04  0.0000e+00     1.7072e-01  0.0000e+00 
2.3753e+02     1.1528e-04  0.0000e+00     2.7382e-02  0.0000e+00     2.8821e-04  0.0000e+00     6.8458e-02  0.0000e+00 
2.6651e+02     2.7407e-05  0.0000e+00     7.3042e-03  0.0000e+00     7.6880e-05  0.0000e+00     2.0490e-02  0.0000e+00 
2.9903e+02     5.9030e-06  0.0000e+00     1.7652e-03  0.0000e+00     1.8579e-05  0.0000e+00     5.5558e-03  0.0000e+00 
3.3552e+02     7.7749e-07  0.0000e+00     2.6087e-04  0.0000e+00     2.7457e-06  0.0000e+00     9.2124e-04  0.0000e+00 
3.7646e+02     1.1549e-07  0.0000e+00     4.3478e-05  0.0000e+00     4.5762e-07  0.0000e+00     1.7228e-04  0.0000e+00 
4.2240e+02     0.0000e+00  0.0000e+00     0.0000e+00  0.0000e+00     0.0000e+00  0.0000e+00     0.0000e+00  0.0000e+00 
4.7394e+02     0.0000e+00  0.0000e+00     0.0000e+00  0.0000e+00     0.0000e+00  0.0000e+00     0.0000e+00  0.0000e+00 
5.3176e+02     0.0000e+00  0.0000e+00     0.0000e+00  0.0000e+00     0.0000e+00  0.0000e+00     0.0000e+00  0.0000e+00 
5.9665e+02     0.0000e+00  0.0000e+00     0.0000e+00  0.0000e+00     0.0000e+00  0.0000e+00     0.0000e+00  0.0000e+00 
6.6945e+02     0.0000e+00  0.0000e+00     0.0000e+00  0.0000e+00     0.0000e+00  0.0000e+00     0.0000e+00  0.0000e+00 
7.5114e+02     0.0000e+00  0.0000e+00     0.0000e+00  0.0000e+00     0.0000e+00  0.0000e+00     0.0000e+00  0.0000e+00 
8.4279e+02     0.0000e+00  0.0000e+00     0.0000e+00  0.0000e+00     0.0000e+00  0.0000e+00     0.0000e+00  0.0000e+00 
9.4563e+02     0.0000e+00  0.0000e+00     0.0000e+00  0.0000e+00     0.0000e+00  0.0000e+00     0.0000e+00  0.0000e+00 
1.0610e+03     0.0000e+00  0.0000e+00     0.0000e+00  0.0000e+00     0.0000e+00  0.0000e+00     0.0000e+00  0.0000e+00 
1.1905e+03     0.0000e+00  0.0000e+00     0.0000e+00  0.0000e+00     0.0000e+00  0.0000e+00     0.0000e+00  0.0000e+00 
1.3357e+03     0.0000e+00  0.0000e+00     0.0000e+00  0.0000e+00     0.0000e+00  0.0000e+00     0.0000e+00  0.0000e+00 
1.4987e+03     0.0000e+00  0.0000e+00     0.0000e+00  0.0000e+00     0.0000e+00  0.0000e+00     0.0000e+00  0.0000e+00 
1.6816e+03     0.0000e+00  0.0000e+00     0.0000e+00  0.0000e+00     0.0000e+00  0.0000e+00     0.0000e+00  0.0000e+00 
1.8868e+03     0.0000e+00  0.0000e+00     0.0000e+00  0.0000e+00     0.0000e+00  0.0000e+00     0.0000e+00  0.0000e+00 
2.1170e+03     0.0000e+00  0.0000e+00     0.0000e+00  0.0000e+00     0.0000e+00  0.0000e+00     0.0000e+00  0.0000e+00 
2.3753e+03     0.0000e+00  0.0000e+00     0.0000e+00  0.0000e+00     0.0000e+00  0.0000e+00     0.0000e+00  0.0000e+00 
2.6651e+03     0.0000e+00  0.0000e+00     0.0000e+00  0.0000e+00     0.0000e+00  0.0000e+00     0.0000e+00  0.0000e+00 
2.9903e+03     0.0000e+00  0.0000e+00     0.0000e+00  0.0000e+00     0.0000e+00  0.0000e+00     0.0000e+00  0.0000e+00 
3.3552e+03     0.0000e+00  0.0000e+00     0.0000e+00  0.0000e+00     0.0000e+00  0.0000e+00     0.0000e+00  0.0000e+00 
3.7646e+03     0.0000e+00  0.0000e+00     0.0000e+00  0.0000e+00     0.0000e+00  0.0000e+00     0.0000e+00  0.0000e+00 
4.2240e+03     0.0000e+00  0.0000e+00     0.0000e+00  0.0000e+00     0.0000e+00  0.0000e+00     0.0000e+00  0.0000e+00 
4.7394e+03     0.0000e+00  0.0000e+00     0.0000e+00  0.0000e+00     0.0000e+00  0.0000e+00     0.0000e+00  0.0000e+00 
5.3176e+03     0.0000e+00  0.0000e+00     0.0000e+00  0.0000e+00     0.0000e+00  0.0000e+00     0.0000e+00  0.0000e+00 
5.9665e+03     0.0000e+00  0.0000e+00     0.0000e+00  0.0000e+00     0.0000e+00  0.0000e+00     0.0000e+00  0.0000e+00 
6.6945e+03     0.0000e+00  0.0000e+00     0.0000e+00  0.0000e+00     0.0000e+00  0.0000e+00     0.0000e+00  0.0000e+00 
7.5114e+03     0.0000e+00  0.0000e+00     0.0000e+00  0.0000e+00     0.0000e+00  0.0000e+00     0.0000e+00  0.0000e+00 
8.4279e+03     0.0000e+00  0.0000e+00     0.0000e+00  0.0000e+00     0.0000e+00  0.0000e+00     0.0000e+00  0.0000e+00 
9.4563e+03     0.0000e+00  0.0000e+00     0.0000e+00  0.0000e+00     0.0000e+00  0.0000e+00     0.0000e+00  0.0000e+00 
