yF = 1.0180e+02 (std: 0.0000e+00) keV/um
yD = 1.4261e+02 (std: 0.0000e+00) keV/um
y (keV/um)     f(y)(std)                  yf(y)(std)                 d(y)(std)                  yd(y)(std)  
1.0610e-01     1.6695e-01  0.0000e+00     1.7713e-02  0.0000e+00     1.7400e-04  0.0000e+00     1.8462e-05  0.0000e+00 
1.1905e-01     2.1058e-02  0.0000e+00     2.5068e-03  0.0000e+00     2.4626e-05  0.0000e+00     2.9316e-06  0.0000e+00 
1.3357e-01     1.1208e-02  0.0000e+00     1.4971e-03  0.0000e+00     1.4707e-05  0.0000e+00     1.9644e-06  0.0000e+00 
1.4987e-01     2.5090e-02  0.0000e+00     3.7603e-03  0.0000e+00     3.6938e-05  0.0000e+00     5.5360e-06  0.0000e+00 
1.6816e-01     1.3458e-02  0.0000e+00     2.2631e-03  0.0000e+00     2.2231e-05  0.0000e+00     3.7384e-06  0.0000e+00 
1.8868e-01     1.1764e-02  0.0000e+00     2.2196e-03  0.0000e+00     2.1804e-05  0.0000e+00     4.1139e-06  0.0000e+00 
2.1170e-01     1.1883e-02  0.0000e+00     2.5155e-03  0.0000e+00     2.4711e-05  0.0000e+00     5.2313e-06  0.0000e+00 
2.3753e-01     9.8942e-03  0.0000e+00     2.3502e-03  0.0000e+00     2.3086e-05  0.0000e+00     5.4837e-06  0.0000e+00 
2.6651e-01     7.9690e-03  0.0000e+00     2.1239e-03  0.0000e+00     2.0863e-05  0.0000e+00     5.5604e-06  0.0000e+00 
2.9903e-01     5.9672e-03  0.0000e+00     1.7844e-03  0.0000e+00     1.7529e-05  0.0000e+00     5.2416e-06  0.0000e+00 
3.3552e-01     1.0040e-02  0.0000e+00     3.3686e-03  0.0000e+00     3.3091e-05  0.0000e+00     1.1103e-05  0.0000e+00 
3.7646e-01     7.8844e-03  0.0000e+00     2.9682e-03  0.0000e+00     2.9157e-05  0.0000e+00     1.0977e-05  0.0000e+00 
4.2240e-01     5.6257e-03  0.0000e+00     2.3763e-03  0.0000e+00     2.3343e-05  0.0000e+00     9.8600e-06  0.0000e+00 
4.7394e-01     5.2710e-03  0.0000e+00     2.4981e-03  0.0000e+00     2.4540e-05  0.0000e+00     1.1630e-05  0.0000e+00 
5.3176e-01     4.8779e-03  0.0000e+00     2.5939e-03  0.0000e+00     2.5481e-05  0.0000e+00     1.3550e-05  0.0000e+00 
5.9665e-01     3.3846e-03  0.0000e+00     2.0194e-03  0.0000e+00     1.9837e-05  0.0000e+00     1.1836e-05  0.0000e+00 
6.6945e-01     3.0035e-03  0.0000e+00     2.0107e-03  0.0000e+00     1.9752e-05  0.0000e+00     1.3223e-05  0.0000e+00 
7.5114e-01     2.4799e-03  0.0000e+00     1.8627e-03  0.0000e+00     1.8298e-05  0.0000e+00     1.3744e-05  0.0000e+00 
8.4279e-01     1.8590e-03  0.0000e+00     1.5668e-03  0.0000e+00     1.5391e-05  0.0000e+00     1.2971e-05  0.0000e+00 
9.4563e-01     1.4267e-03  0.0000e+00     1.3492e-03  0.0000e+00     1.3253e-05  0.0000e+00     1.2533e-05  0.0000e+00 
1.0610e+00     9.5164e-04  0.0000e+00     1.0097e-03  0.0000e+00     9.9186e-06  0.0000e+00     1.0524e-05  0.0000e+00 
1.1905e+00     6.9461e-04  0.0000e+00     8.2691e-04  0.0000e+00     8.1230e-06  0.0000e+00     9.6702e-06  0.0000e+00 
1.3357e+00     3.9099e-04  0.0000e+00     5.2226e-04  0.0000e+00     5.1303e-06  0.0000e+00     6.8527e-06  0.0000e+00 
1.4987e+00     1.9166e-04  0.0000e+00     2.8724e-04  0.0000e+00     2.8217e-06  0.0000e+00     4.2289e-06  0.0000e+00 
1.6816e+00     1.3976e-04  0.0000e+00     2.3502e-04  0.0000e+00     2.3086e-06  0.0000e+00     3.8822e-06  0.0000e+00 
1.8868e+00     8.3040e-05  0.0000e+00     1.5668e-04  0.0000e+00     1.5391e-06  0.0000e+00     2.9039e-06  0.0000e+00 
2.1170e+00     1.1924e-04  0.0000e+00     2.5242e-04  0.0000e+00     2.4797e-06  0.0000e+00     5.2494e-06  0.0000e+00 
2.3753e+00     1.3925e-04  0.0000e+00     3.3076e-04  0.0000e+00     3.2492e-06  0.0000e+00     7.7178e-06  0.0000e+00 
2.6651e+00     1.0451e-04  0.0000e+00     2.7854e-04  0.0000e+00     2.7362e-06  0.0000e+00     7.2923e-06  0.0000e+00 
2.9903e+00     6.1127e-05  0.0000e+00     1.8279e-04  0.0000e+00     1.7956e-06  0.0000e+00     5.3695e-06  0.0000e+00 
3.3552e+00     1.5047e-04  0.0000e+00     5.0485e-04  0.0000e+00     4.9593e-06  0.0000e+00     1.6640e-05  0.0000e+00 
3.7646e+00     1.7804e-04  0.0000e+00     6.7023e-04  0.0000e+00     6.5839e-06  0.0000e+00     2.4786e-05  0.0000e+00 
4.2240e+00     8.6549e-05  0.0000e+00     3.6558e-04  0.0000e+00     3.5912e-06  0.0000e+00     1.5169e-05  0.0000e+00 
4.7394e+00     2.0203e-05  0.0000e+00     9.5747e-05  0.0000e+00     9.4056e-07  0.0000e+00     4.4576e-06  0.0000e+00 
5.3176e+00     8.1844e-06  0.0000e+00     4.3522e-05  0.0000e+00     4.2753e-07  0.0000e+00     2.2734e-06  0.0000e+00 
5.9665e+00     3.2533e-04  0.0000e+00     1.9411e-03  0.0000e+00     1.9068e-05  0.0000e+00     1.1377e-04  0.0000e+00 
6.6945e+00     6.7741e-04  0.0000e+00     4.5349e-03  0.0000e+00     4.4548e-05  0.0000e+00     2.9823e-04  0.0000e+00 
7.5114e+00     3.2679e-04  0.0000e+00     2.4546e-03  0.0000e+00     2.4113e-05  0.0000e+00     1.8112e-04  0.0000e+00 
8.4279e+00     3.0901e-03  0.0000e+00     2.6043e-02  0.0000e+00     2.5583e-04  0.0000e+00     2.1561e-03  0.0000e+00 
9.4563e+00     3.1876e-03  0.0000e+00     3.0143e-02  0.0000e+00     2.9611e-04  0.0000e+00     2.8000e-03  0.0000e+00 
1.0610e+01     4.1700e-03  0.0000e+00     4.4244e-02  0.0000e+00     4.3462e-04  0.0000e+00     4.6114e-03  0.0000e+00 
1.1905e+01     2.7053e-03  0.0000e+00     3.2206e-02  0.0000e+00     3.1637e-04  0.0000e+00     3.7663e-03  0.0000e+00 
1.3357e+01     1.9041e-03  0.0000e+00     2.5434e-02  0.0000e+00     2.4985e-04  0.0000e+00     3.3373e-03  0.0000e+00 
1.4987e+01     1.3346e-03  0.0000e+00     2.0002e-02  0.0000e+00     1.9649e-04  0.0000e+00     2.9448e-03  0.0000e+00 
1.6816e+01     3.0737e-03  0.0000e+00     5.1686e-02  0.0000e+00     5.0773e-04  0.0000e+00     8.5379e-03  0.0000e+00 
1.8868e+01     4.0703e-03  0.0000e+00     7.6798e-02  0.0000e+00     7.5441e-04  0.0000e+00     1.4234e-02  0.0000e+00 
2.1170e+01     4.1363e-03  0.0000e+00     8.7565e-02  0.0000e+00     8.6018e-04  0.0000e+00     1.8210e-02  0.0000e+00 
2.3753e+01     3.5234e-03  0.0000e+00     8.3692e-02  0.0000e+00     8.2213e-04  0.0000e+00     1.9528e-02  0.0000e+00 
2.6651e+01     4.8206e-03  0.0000e+00     1.2848e-01  0.0000e+00     1.2621e-03  0.0000e+00     3.3636e-02  0.0000e+00 
2.9903e+01     5.3090e-03  0.0000e+00     1.5876e-01  0.0000e+00     1.5595e-03  0.0000e+00     4.6635e-02  0.0000e+00 
3.3552e+01     5.3434e-03  0.0000e+00     1.7928e-01  0.0000e+00     1.7612e-03  0.0000e+00     5.9090e-02  0.0000e+00 
3.7646e+01     6.2349e-03  0.0000e+00     2.3472e-01  0.0000e+00     2.3057e-03  0.0000e+00     8.6802e-02  0.0000e+00 
4.2240e+01     6.3830e-03  0.0000e+00     2.6962e-01  0.0000e+00     2.6485e-03  0.0000e+00     1.1187e-01  0.0000e+00 
4.7394e+01     6.9198e-03  0.0000e+00     3.2795e-01  0.0000e+00     3.2216e-03  0.0000e+00     1.5268e-01  0.0000e+00 
5.3176e+01     7.3289e-03  0.0000e+00     3.8973e-01  0.0000e+00     3.8284e-03  0.0000e+00     2.0358e-01  0.0000e+00 
5.9665e+01     7.5040e-03  0.0000e+00     4.4772e-01  0.0000e+00     4.3981e-03  0.0000e+00     2.6241e-01  0.0000e+00 
6.6945e+01     7.6103e-03  0.0000e+00     5.0947e-01  0.0000e+00     5.0047e-03  0.0000e+00     3.3504e-01  0.0000e+00 
7.5114e+01     7.4674e-03  0.0000e+00     5.6091e-01  0.0000e+00     5.5100e-03  0.0000e+00     4.1387e-01  0.0000e+00 
8.4279e+01     7.1295e-03  0.0000e+00     6.0087e-01  0.0000e+00     5.9025e-03  0.0000e+00     4.9746e-01  0.0000e+00 
9.4563e+01     6.5818e-03  0.0000e+00     6.2239e-01  0.0000e+00     6.1140e-03  0.0000e+00     5.7815e-01  0.0000e+00 
1.0610e+02     5.8987e-03  0.0000e+00     6.2586e-01  0.0000e+00     6.1480e-03  0.0000e+00     6.5231e-01  0.0000e+00 
1.1905e+02     5.0289e-03  0.0000e+00     5.9868e-01  0.0000e+00     5.8811e-03  0.0000e+00     7.0012e-01  0.0000e+00 
1.3357e+02     4.1184e-03  0.0000e+00     5.5011e-01  0.0000e+00     5.4039e-03  0.0000e+00     7.2182e-01  0.0000e+00 
1.4987e+02     3.2476e-03  0.0000e+00     4.8672e-01  0.0000e+00     4.7812e-03  0.0000e+00     7.1657e-01  0.0000e+00 
1.6816e+02     2.4452e-03  0.0000e+00     4.1117e-01  0.0000e+00     4.0391e-03  0.0000e+00     6.7921e-01  0.0000e+00 
1.8868e+02     1.7795e-03  0.0000e+00     3.3576e-01  0.0000e+00     3.2983e-03  0.0000e+00     6.2231e-01  0.0000e+00 
2.1170e+02     1.2133e-03  0.0000e+00     2.5686e-01  0.0000e+00     2.5232e-03  0.0000e+00     5.3415e-01  0.0000e+00 
2.3753e+02     7.7024e-04  0.0000e+00     1.8296e-01  0.0000e+00     1.7972e-03  0.0000e+00     4.2690e-01  0.0000e+00 
2.6651e+02     4.5002e-04  0.0000e+00     1.1994e-01  0.0000e+00     1.1782e-03  0.0000e+00     3.1400e-01  0.0000e+00 
2.9903e+02     2.4844e-04  0.0000e+00     7.4291e-02  0.0000e+00     7.2979e-04  0.0000e+00     2.1823e-01  0.0000e+00 
3.3552e+02     1.1747e-04  0.0000e+00     3.9413e-02  0.0000e+00     3.8717e-04  0.0000e+00     1.2990e-01  0.0000e+00 
3.7646e+02     5.2000e-05  0.0000e+00     1.9576e-02  0.0000e+00     1.9230e-04  0.0000e+00     7.2394e-02  0.0000e+00 
4.2240e+02     1.7413e-05  0.0000e+00     7.3551e-03  0.0000e+00     7.2252e-05  0.0000e+00     3.0519e-02  0.0000e+00 
4.7394e+02     4.6466e-06  0.0000e+00     2.2022e-03  0.0000e+00     2.1633e-05  0.0000e+00     1.0253e-02  0.0000e+00 
5.3176e+02     1.3095e-06  0.0000e+00     6.9634e-04  0.0000e+00     6.8404e-06  0.0000e+00     3.6375e-03  0.0000e+00 
5.9665e+02     2.0424e-07  0.0000e+00     1.2186e-04  0.0000e+00     1.1971e-06  0.0000e+00     7.1423e-04  0.0000e+00 
6.6945e+02     3.9006e-08  0.0000e+00     2.6113e-05  0.0000e+00     2.5652e-07  0.0000e+00     1.7173e-04  0.0000e+00 
7.5114e+02     0.0000e+00  0.0000e+00     0.0000e+00  0.0000e+00     0.0000e+00  0.0000e+00     0.0000e+00  0.0000e+00 
8.4279e+02     0.0000e+00  0.0000e+00     0.0000e+00  0.0000e+00     0.0000e+00  0.0000e+00     0.0000e+00  0.0000e+00 
9.4563e+02     0.0000e+00  0.0000e+00     0.0000e+00  0.0000e+00     0.0000e+00  0.0000e+00     0.0000e+00  0.0000e+00 
1.0610e+03     0.0000e+00  0.0000e+00     0.0000e+00  0.0000e+00     0.0000e+00  0.0000e+00     0.0000e+00  0.0000e+00 
1.1905e+03     0.0000e+00  0.0000e+00     0.0000e+00  0.0000e+00     0.0000e+00  0.0000e+00     0.0000e+00  0.0000e+00 
1.3357e+03     0.0000e+00  0.0000e+00     0.0000e+00  0.0000e+00     0.0000e+00  0.0000e+00     0.0000e+00  0.0000e+00 
1.4987e+03     0.0000e+00  0.0000e+00     0.0000e+00  0.0000e+00     0.0000e+00  0.0000e+00     0.0000e+00  0.0000e+00 
1.6816e+03     0.0000e+00  0.0000e+00     0.0000e+00  0.0000e+00     0.0000e+00  0.0000e+00     0.0000e+00  0.0000e+00 
1.8868e+03     0.0000e+00  0.0000e+00     0.0000e+00  0.0000e+00     0.0000e+00  0.0000e+00     0.0000e+00  0.0000e+00 
2.1170e+03     0.0000e+00  0.0000e+00     0.0000e+00  0.0000e+00     0.0000e+00  0.0000e+00     0.0000e+00  0.0000e+00 
2.3753e+03     0.0000e+00  0.0000e+00     0.0000e+00  0.0000e+00     0.0000e+00  0.0000e+00     0.0000e+00  0.0000e+00 
2.6651e+03     0.0000e+00  0.0000e+00     0.0000e+00  0.0000e+00     0.0000e+00  0.0000e+00     0.0000e+00  0.0000e+00 
2.9903e+03     0.0000e+00  0.0000e+00     0.0000e+00  0.0000e+00     0.0000e+00  0.0000e+00     0.0000e+00  0.0000e+00 
3.3552e+03     0.0000e+00  0.0000e+00     0.0000e+00  0.0000e+00     0.0000e+00  0.0000e+00     0.0000e+00  0.0000e+00 
3.7646e+03     0.0000e+00  0.0000e+00     0.0000e+00  0.0000e+00     0.0000e+00  0.0000e+00     0.0000e+00  0.0000e+00 
4.2240e+03     0.0000e+00  0.0000e+00     0.0000e+00  0.0000e+00     0.0000e+00  0.0000e+00     0.0000e+00  0.0000e+00 
4.7394e+03     0.0000e+00  0.0000e+00     0.0000e+00  0.0000e+00     0.0000e+00  0.0000e+00     0.0000e+00  0.0000e+00 
5.3176e+03     0.0000e+00  0.0000e+00     0.0000e+00  0.0000e+00     0.0000e+00  0.0000e+00     0.0000e+00  0.0000e+00 
5.9665e+03     0.0000e+00  0.0000e+00     0.0000e+00  0.0000e+00     0.0000e+00  0.0000e+00     0.0000e+00  0.0000e+00 
6.6945e+03     0.0000e+00  0.0000e+00     0.0000e+00  0.0000e+00     0.0000e+00  0.0000e+00     0.0000e+00  0.0000e+00 
7.5114e+03     0.0000e+00  0.0000e+00     0.0000e+00  0.0000e+00     0.0000e+00  0.0000e+00     0.0000e+00  0.0000e+00 
8.4279e+03     0.0000e+00  0.0000e+00     0.0000e+00  0.0000e+00     0.0000e+00  0.0000e+00     0.0000e+00  0.0000e+00 
9.4563e+03     0.0000e+00  0.0000e+00     0.0000e+00  0.0000e+00     0.0000e+00  0.0000e+00     0.0000e+00  0.0000e+00 
