yF = 4.9751e+00 (std: 0.0000e+00) keV/um
yD = 2.3380e+01 (std: 0.0000e+00) keV/um
y (keV/um)     f(y)(std)                  yf(y)(std)                 d(y)(std)                  yd(y)(std)  
1.0610e-01     2.5186e+01  0.0000e+00     2.6722e+00  0.0000e+00     5.3712e-01  0.0000e+00     5.6989e-02  0.0000e+00 
1.1905e-01     1.8762e+00  0.0000e+00     2.2335e-01  0.0000e+00     4.4894e-02  0.0000e+00     5.3445e-03  0.0000e+00 
1.3357e-01     5.7421e-01  0.0000e+00     7.6699e-02  0.0000e+00     1.5417e-02  0.0000e+00     2.0592e-03  0.0000e+00 
1.4987e-01     2.7272e+00  0.0000e+00     4.0873e-01  0.0000e+00     8.2155e-02  0.0000e+00     1.2313e-02  0.0000e+00 
1.6816e-01     7.9782e-01  0.0000e+00     1.3416e-01  0.0000e+00     2.6966e-02  0.0000e+00     4.5346e-03  0.0000e+00 
1.8868e-01     5.5879e-01  0.0000e+00     1.0543e-01  0.0000e+00     2.1191e-02  0.0000e+00     3.9983e-03  0.0000e+00 
2.1170e-01     6.3609e-01  0.0000e+00     1.3466e-01  0.0000e+00     2.7067e-02  0.0000e+00     5.7300e-03  0.0000e+00 
2.3753e-01     5.9847e-01  0.0000e+00     1.4216e-01  0.0000e+00     2.8573e-02  0.0000e+00     6.7870e-03  0.0000e+00 
2.6651e-01     2.6998e-01  0.0000e+00     7.1952e-02  0.0000e+00     1.4462e-02  0.0000e+00     3.8544e-03  0.0000e+00 
2.9903e-01     2.2307e-01  0.0000e+00     6.6706e-02  0.0000e+00     1.3408e-02  0.0000e+00     4.0094e-03  0.0000e+00 
3.3552e-01     1.3701e+00  0.0000e+00     4.5970e-01  0.0000e+00     9.2399e-02  0.0000e+00     3.1002e-02  0.0000e+00 
3.7646e-01     8.9392e-01  0.0000e+00     3.3653e-01  0.0000e+00     6.7642e-02  0.0000e+00     2.5464e-02  0.0000e+00 
4.2240e-01     3.7972e-01  0.0000e+00     1.6039e-01  0.0000e+00     3.2239e-02  0.0000e+00     1.3618e-02  0.0000e+00 
4.7394e-01     3.7322e-01  0.0000e+00     1.7688e-01  0.0000e+00     3.5553e-02  0.0000e+00     1.6850e-02  0.0000e+00 
5.3176e-01     2.3256e-01  0.0000e+00     1.2367e-01  0.0000e+00     2.4857e-02  0.0000e+00     1.3218e-02  0.0000e+00 
5.9665e-01     1.1557e-01  0.0000e+00     6.8954e-02  0.0000e+00     1.3860e-02  0.0000e+00     8.2694e-03  0.0000e+00 
6.6945e-01     2.0749e-01  0.0000e+00     1.3891e-01  0.0000e+00     2.7920e-02  0.0000e+00     1.8691e-02  0.0000e+00 
7.5114e-01     1.7429e-01  0.0000e+00     1.3091e-01  0.0000e+00     2.6314e-02  0.0000e+00     1.9765e-02  0.0000e+00 
8.4279e-01     8.4188e-02  0.0000e+00     7.0953e-02  0.0000e+00     1.4262e-02  0.0000e+00     1.2019e-02  0.0000e+00 
9.4563e-01     4.3593e-02  0.0000e+00     4.1223e-02  0.0000e+00     8.2858e-03  0.0000e+00     7.8352e-03  0.0000e+00 
1.0610e+00     3.9323e-02  0.0000e+00     4.1722e-02  0.0000e+00     8.3862e-03  0.0000e+00     8.8978e-03  0.0000e+00 
1.1905e+00     2.3085e-02  0.0000e+00     2.7482e-02  0.0000e+00     5.5238e-03  0.0000e+00     6.5760e-03  0.0000e+00 
1.3357e+00     1.0848e-02  0.0000e+00     1.4490e-02  0.0000e+00     2.9126e-03  0.0000e+00     3.8904e-03  0.0000e+00 
1.4987e+00     5.6678e-03  0.0000e+00     8.4944e-03  0.0000e+00     1.7074e-03  0.0000e+00     2.5589e-03  0.0000e+00 
1.6816e+00     2.2286e-03  0.0000e+00     3.7475e-03  0.0000e+00     7.5325e-04  0.0000e+00     1.2667e-03  0.0000e+00 
1.8868e+00     1.4566e-03  0.0000e+00     2.7482e-03  0.0000e+00     5.5238e-04  0.0000e+00     1.0422e-03  0.0000e+00 
2.1170e+00     8.2610e-04  0.0000e+00     1.7488e-03  0.0000e+00     3.5152e-04  0.0000e+00     7.4416e-04  0.0000e+00 
2.3753e+00     0.0000e+00  0.0000e+00     0.0000e+00  0.0000e+00     0.0000e+00  0.0000e+00     0.0000e+00  0.0000e+00 
2.6651e+00     0.0000e+00  0.0000e+00     0.0000e+00  0.0000e+00     0.0000e+00  0.0000e+00     0.0000e+00  0.0000e+00 
2.9903e+00     0.0000e+00  0.0000e+00     0.0000e+00  0.0000e+00     0.0000e+00  0.0000e+00     0.0000e+00  0.0000e+00 
3.3552e+00     0.0000e+00  0.0000e+00     0.0000e+00  0.0000e+00     0.0000e+00  0.0000e+00     0.0000e+00  0.0000e+00 
3.7646e+00     0.0000e+00  0.0000e+00     0.0000e+00  0.0000e+00     0.0000e+00  0.0000e+00     0.0000e+00  0.0000e+00 
4.2240e+00     0.0000e+00  0.0000e+00     0.0000e+00  0.0000e+00     0.0000e+00  0.0000e+00     0.0000e+00  0.0000e+00 
4.7394e+00     0.0000e+00  0.0000e+00     0.0000e+00  0.0000e+00     0.0000e+00  0.0000e+00     0.0000e+00  0.0000e+00 
5.3176e+00     0.0000e+00  0.0000e+00     0.0000e+00  0.0000e+00     0.0000e+00  0.0000e+00     0.0000e+00  0.0000e+00 
5.9665e+00     9.5931e-02  0.0000e+00     5.7237e-01  0.0000e+00     1.1505e-01  0.0000e+00     6.8642e-01  0.0000e+00 
6.6945e+00     2.2653e-02  0.0000e+00     1.5165e-01  0.0000e+00     3.0482e-02  0.0000e+00     2.0406e-01  0.0000e+00 
7.5114e+00     6.0202e-03  0.0000e+00     4.5220e-02  0.0000e+00     9.0892e-03  0.0000e+00     6.8273e-02  0.0000e+00 
8.4279e+00     2.8517e-02  0.0000e+00     2.4034e-01  0.0000e+00     4.8308e-02  0.0000e+00     4.0714e-01  0.0000e+00 
9.4563e+00     1.7992e-02  0.0000e+00     1.7014e-01  0.0000e+00     3.4198e-02  0.0000e+00     3.2338e-01  0.0000e+00 
1.0610e+01     2.6914e-02  0.0000e+00     2.8556e-01  0.0000e+00     5.7398e-02  0.0000e+00     6.0899e-01  0.0000e+00 
1.1905e+01     1.8342e-02  0.0000e+00     2.1836e-01  0.0000e+00     4.3889e-02  0.0000e+00     5.2249e-01  0.0000e+00 
1.3357e+01     2.4259e-02  0.0000e+00     3.2404e-01  0.0000e+00     6.5131e-02  0.0000e+00     8.6998e-01  0.0000e+00 
1.4987e+01     8.7684e-03  0.0000e+00     1.3141e-01  0.0000e+00     2.6414e-02  0.0000e+00     3.9587e-01  0.0000e+00 
1.6816e+01     5.6011e-03  0.0000e+00     9.4188e-02  0.0000e+00     1.8932e-02  0.0000e+00     3.1835e-01  0.0000e+00 
1.8868e+01     4.7272e-03  0.0000e+00     8.9191e-02  0.0000e+00     1.7927e-02  0.0000e+00     3.3825e-01  0.0000e+00 
2.1170e+01     3.8473e-03  0.0000e+00     8.1446e-02  0.0000e+00     1.6371e-02  0.0000e+00     3.4657e-01  0.0000e+00 
2.3753e+01     3.5551e-03  0.0000e+00     8.4444e-02  0.0000e+00     1.6973e-02  0.0000e+00     4.0317e-01  0.0000e+00 
2.6651e+01     2.6998e-03  0.0000e+00     7.1952e-02  0.0000e+00     1.4462e-02  0.0000e+00     3.8544e-01  0.0000e+00 
2.9903e+01     2.0135e-03  0.0000e+00     6.0210e-02  0.0000e+00     1.2102e-02  0.0000e+00     3.6190e-01  0.0000e+00 
3.3552e+01     1.5041e-03  0.0000e+00     5.0467e-02  0.0000e+00     1.0144e-02  0.0000e+00     3.4034e-01  0.0000e+00 
3.7646e+01     1.2875e-03  0.0000e+00     4.8468e-02  0.0000e+00     9.7420e-03  0.0000e+00     3.6675e-01  0.0000e+00 
4.2240e+01     8.9903e-04  0.0000e+00     3.7975e-02  0.0000e+00     7.6329e-03  0.0000e+00     3.2241e-01  0.0000e+00 
4.7394e+01     6.4839e-04  0.0000e+00     3.0730e-02  0.0000e+00     6.1767e-03  0.0000e+00     2.9273e-01  0.0000e+00 
5.3176e+01     3.7586e-04  0.0000e+00     1.9987e-02  0.0000e+00     4.0173e-03  0.0000e+00     2.1363e-01  0.0000e+00 
5.9665e+01     1.9680e-04  0.0000e+00     1.1742e-02  0.0000e+00     2.3602e-03  0.0000e+00     1.4082e-01  0.0000e+00 
6.6945e+01     2.0526e-04  0.0000e+00     1.3741e-02  0.0000e+00     2.7619e-03  0.0000e+00     1.8490e-01  0.0000e+00 
7.5114e+01     1.0311e-04  0.0000e+00     7.7449e-03  0.0000e+00     1.5567e-03  0.0000e+00     1.1693e-01  0.0000e+00 
8.4279e+01     4.7430e-05  0.0000e+00     3.9973e-03  0.0000e+00     8.0347e-04  0.0000e+00     6.7715e-02  0.0000e+00 
9.4563e+01     3.1704e-05  0.0000e+00     2.9980e-03  0.0000e+00     6.0260e-04  0.0000e+00     5.6983e-02  0.0000e+00 
1.0610e+02     2.1192e-05  0.0000e+00     2.2485e-03  0.0000e+00     4.5195e-04  0.0000e+00     4.7952e-02  0.0000e+00 
1.1905e+02     0.0000e+00  0.0000e+00     0.0000e+00  0.0000e+00     0.0000e+00  0.0000e+00     0.0000e+00  0.0000e+00 
1.3357e+02     1.8704e-06  0.0000e+00     2.4983e-04  0.0000e+00     5.0217e-05  0.0000e+00     6.7076e-03  0.0000e+00 
1.4987e+02     0.0000e+00  0.0000e+00     0.0000e+00  0.0000e+00     0.0000e+00  0.0000e+00     0.0000e+00  0.0000e+00 
1.6816e+02     0.0000e+00  0.0000e+00     0.0000e+00  0.0000e+00     0.0000e+00  0.0000e+00     0.0000e+00  0.0000e+00 
1.8868e+02     0.0000e+00  0.0000e+00     0.0000e+00  0.0000e+00     0.0000e+00  0.0000e+00     0.0000e+00  0.0000e+00 
2.1170e+02     0.0000e+00  0.0000e+00     0.0000e+00  0.0000e+00     0.0000e+00  0.0000e+00     0.0000e+00  0.0000e+00 
2.3753e+02     0.0000e+00  0.0000e+00     0.0000e+00  0.0000e+00     0.0000e+00  0.0000e+00     0.0000e+00  0.0000e+00 
2.6651e+02     0.0000e+00  0.0000e+00     0.0000e+00  0.0000e+00     0.0000e+00  0.0000e+00     0.0000e+00  0.0000e+00 
2.9903e+02     0.0000e+00  0.0000e+00     0.0000e+00  0.0000e+00     0.0000e+00  0.0000e+00     0.0000e+00  0.0000e+00 
3.3552e+02     0.0000e+00  0.0000e+00     0.0000e+00  0.0000e+00     0.0000e+00  0.0000e+00     0.0000e+00  0.0000e+00 
3.7646e+02     0.0000e+00  0.0000e+00     0.0000e+00  0.0000e+00     0.0000e+00  0.0000e+00     0.0000e+00  0.0000e+00 
4.2240e+02     0.0000e+00  0.0000e+00     0.0000e+00  0.0000e+00     0.0000e+00  0.0000e+00     0.0000e+00  0.0000e+00 
4.7394e+02     0.0000e+00  0.0000e+00     0.0000e+00  0.0000e+00     0.0000e+00  0.0000e+00     0.0000e+00  0.0000e+00 
5.3176e+02     0.0000e+00  0.0000e+00     0.0000e+00  0.0000e+00     0.0000e+00  0.0000e+00     0.0000e+00  0.0000e+00 
5.9665e+02     0.0000e+00  0.0000e+00     0.0000e+00  0.0000e+00     0.0000e+00  0.0000e+00     0.0000e+00  0.0000e+00 
6.6945e+02     0.0000e+00  0.0000e+00     0.0000e+00  0.0000e+00     0.0000e+00  0.0000e+00     0.0000e+00  0.0000e+00 
7.5114e+02     0.0000e+00  0.0000e+00     0.0000e+00  0.0000e+00     0.0000e+00  0.0000e+00     0.0000e+00  0.0000e+00 
8.4279e+02     0.0000e+00  0.0000e+00     0.0000e+00  0.0000e+00     0.0000e+00  0.0000e+00     0.0000e+00  0.0000e+00 
9.4563e+02     0.0000e+00  0.0000e+00     0.0000e+00  0.0000e+00     0.0000e+00  0.0000e+00     0.0000e+00  0.0000e+00 
1.0610e+03     0.0000e+00  0.0000e+00     0.0000e+00  0.0000e+00     0.0000e+00  0.0000e+00     0.0000e+00  0.0000e+00 
1.1905e+03     0.0000e+00  0.0000e+00     0.0000e+00  0.0000e+00     0.0000e+00  0.0000e+00     0.0000e+00  0.0000e+00 
1.3357e+03     0.0000e+00  0.0000e+00     0.0000e+00  0.0000e+00     0.0000e+00  0.0000e+00     0.0000e+00  0.0000e+00 
1.4987e+03     0.0000e+00  0.0000e+00     0.0000e+00  0.0000e+00     0.0000e+00  0.0000e+00     0.0000e+00  0.0000e+00 
1.6816e+03     0.0000e+00  0.0000e+00     0.0000e+00  0.0000e+00     0.0000e+00  0.0000e+00     0.0000e+00  0.0000e+00 
1.8868e+03     0.0000e+00  0.0000e+00     0.0000e+00  0.0000e+00     0.0000e+00  0.0000e+00     0.0000e+00  0.0000e+00 
2.1170e+03     0.0000e+00  0.0000e+00     0.0000e+00  0.0000e+00     0.0000e+00  0.0000e+00     0.0000e+00  0.0000e+00 
2.3753e+03     0.0000e+00  0.0000e+00     0.0000e+00  0.0000e+00     0.0000e+00  0.0000e+00     0.0000e+00  0.0000e+00 
2.6651e+03     0.0000e+00  0.0000e+00     0.0000e+00  0.0000e+00     0.0000e+00  0.0000e+00     0.0000e+00  0.0000e+00 
2.9903e+03     0.0000e+00  0.0000e+00     0.0000e+00  0.0000e+00     0.0000e+00  0.0000e+00     0.0000e+00  0.0000e+00 
3.3552e+03     0.0000e+00  0.0000e+00     0.0000e+00  0.0000e+00     0.0000e+00  0.0000e+00     0.0000e+00  0.0000e+00 
3.7646e+03     0.0000e+00  0.0000e+00     0.0000e+00  0.0000e+00     0.0000e+00  0.0000e+00     0.0000e+00  0.0000e+00 
4.2240e+03     0.0000e+00  0.0000e+00     0.0000e+00  0.0000e+00     0.0000e+00  0.0000e+00     0.0000e+00  0.0000e+00 
4.7394e+03     0.0000e+00  0.0000e+00     0.0000e+00  0.0000e+00     0.0000e+00  0.0000e+00     0.0000e+00  0.0000e+00 
5.3176e+03     0.0000e+00  0.0000e+00     0.0000e+00  0.0000e+00     0.0000e+00  0.0000e+00     0.0000e+00  0.0000e+00 
5.9665e+03     0.0000e+00  0.0000e+00     0.0000e+00  0.0000e+00     0.0000e+00  0.0000e+00     0.0000e+00  0.0000e+00 
6.6945e+03     0.0000e+00  0.0000e+00     0.0000e+00  0.0000e+00     0.0000e+00  0.0000e+00     0.0000e+00  0.0000e+00 
7.5114e+03     0.0000e+00  0.0000e+00     0.0000e+00  0.0000e+00     0.0000e+00  0.0000e+00     0.0000e+00  0.0000e+00 
8.4279e+03     0.0000e+00  0.0000e+00     0.0000e+00  0.0000e+00     0.0000e+00  0.0000e+00     0.0000e+00  0.0000e+00 
9.4563e+03     0.0000e+00  0.0000e+00     0.0000e+00  0.0000e+00     0.0000e+00  0.0000e+00     0.0000e+00  0.0000e+00 
