yF = 1.4813e+01 (std: 0.0000e+00) keV/um
yD = 3.5799e+01 (std: 0.0000e+00) keV/um
y (keV/um)     f(y)(std)                  yf(y)(std)                 d(y)(std)                  yd(y)(std)  
1.0610e-01     8.1511e+00  0.0000e+00     8.6484e-01  0.0000e+00     5.8386e-02  0.0000e+00     6.1948e-03  0.0000e+00 
1.1905e-01     8.7850e-01  0.0000e+00     1.0458e-01  0.0000e+00     7.0604e-03  0.0000e+00     8.4052e-04  0.0000e+00 
1.3357e-01     3.9487e-01  0.0000e+00     5.2745e-02  0.0000e+00     3.5608e-03  0.0000e+00     4.7563e-04  0.0000e+00 
1.4987e-01     1.1397e+00  0.0000e+00     1.7081e-01  0.0000e+00     1.1532e-02  0.0000e+00     1.7282e-03  0.0000e+00 
1.6816e-01     5.3612e-01  0.0000e+00     9.0153e-02  0.0000e+00     6.0863e-03  0.0000e+00     1.0235e-03  0.0000e+00 
1.8868e-01     4.3835e-01  0.0000e+00     8.2707e-02  0.0000e+00     5.5836e-03  0.0000e+00     1.0535e-03  0.0000e+00 
2.1170e-01     4.3856e-01  0.0000e+00     9.2842e-02  0.0000e+00     6.2678e-03  0.0000e+00     1.3269e-03  0.0000e+00 
2.3753e-01     4.1877e-01  0.0000e+00     9.9471e-02  0.0000e+00     6.7153e-03  0.0000e+00     1.5951e-03  0.0000e+00 
2.6651e-01     2.6909e-01  0.0000e+00     7.1715e-02  0.0000e+00     4.8415e-03  0.0000e+00     1.2903e-03  0.0000e+00 
2.9903e-01     2.2556e-01  0.0000e+00     6.7450e-02  0.0000e+00     4.5536e-03  0.0000e+00     1.3617e-03  0.0000e+00 
3.3552e-01     5.1705e-01  0.0000e+00     1.7348e-01  0.0000e+00     1.1712e-02  0.0000e+00     3.9295e-03  0.0000e+00 
3.7646e-01     4.5834e-01  0.0000e+00     1.7255e-01  0.0000e+00     1.1649e-02  0.0000e+00     4.3852e-03  0.0000e+00 
4.2240e-01     2.9220e-01  0.0000e+00     1.2343e-01  0.0000e+00     8.3325e-03  0.0000e+00     3.5196e-03  0.0000e+00 
4.7394e-01     2.8667e-01  0.0000e+00     1.3587e-01  0.0000e+00     9.1723e-03  0.0000e+00     4.3471e-03  0.0000e+00 
5.3176e-01     2.4448e-01  0.0000e+00     1.3000e-01  0.0000e+00     8.7766e-03  0.0000e+00     4.6671e-03  0.0000e+00 
5.9665e-01     1.6272e-01  0.0000e+00     9.7087e-02  0.0000e+00     6.5544e-03  0.0000e+00     3.9107e-03  0.0000e+00 
6.6945e-01     1.5943e-01  0.0000e+00     1.0673e-01  0.0000e+00     7.2054e-03  0.0000e+00     4.8237e-03  0.0000e+00 
7.5114e-01     1.5627e-01  0.0000e+00     1.1738e-01  0.0000e+00     7.9242e-03  0.0000e+00     5.9521e-03  0.0000e+00 
8.4279e-01     1.0865e-01  0.0000e+00     9.1572e-02  0.0000e+00     6.1820e-03  0.0000e+00     5.2101e-03  0.0000e+00 
9.4563e-01     7.8286e-02  0.0000e+00     7.4029e-02  0.0000e+00     4.9977e-03  0.0000e+00     4.7260e-03  0.0000e+00 
1.0610e+00     5.9292e-02  0.0000e+00     6.2909e-02  0.0000e+00     4.2470e-03  0.0000e+00     4.5061e-03  0.0000e+00 
1.1905e+00     4.2088e-02  0.0000e+00     5.0105e-02  0.0000e+00     3.3826e-03  0.0000e+00     4.0269e-03  0.0000e+00 
1.3357e+00     2.6657e-02  0.0000e+00     3.5606e-02  0.0000e+00     2.4038e-03  0.0000e+00     3.2108e-03  0.0000e+00 
1.4987e+00     1.6693e-02  0.0000e+00     2.5018e-02  0.0000e+00     1.6890e-03  0.0000e+00     2.5313e-03  0.0000e+00 
1.6816e+00     9.5884e-03  0.0000e+00     1.6124e-02  0.0000e+00     1.0885e-03  0.0000e+00     1.8304e-03  0.0000e+00 
1.8868e+00     5.4083e-03  0.0000e+00     1.0204e-02  0.0000e+00     6.8889e-04  0.0000e+00     1.2998e-03  0.0000e+00 
2.1170e+00     2.6287e-03  0.0000e+00     5.5650e-03  0.0000e+00     3.7570e-04  0.0000e+00     7.9534e-04  0.0000e+00 
2.3753e+00     1.0947e-03  0.0000e+00     2.6003e-03  0.0000e+00     1.7555e-04  0.0000e+00     4.1698e-04  0.0000e+00 
2.6651e+00     4.6566e-04  0.0000e+00     1.2410e-03  0.0000e+00     8.3783e-05  0.0000e+00     2.2329e-04  0.0000e+00 
2.9903e+00     1.2846e-04  0.0000e+00     3.8413e-04  0.0000e+00     2.5933e-05  0.0000e+00     7.7548e-05  0.0000e+00 
3.3552e+00     6.4583e-05  0.0000e+00     2.1669e-04  0.0000e+00     1.4629e-05  0.0000e+00     4.9083e-05  0.0000e+00 
3.7646e+00     1.3082e-05  0.0000e+00     4.9248e-05  0.0000e+00     3.3247e-06  0.0000e+00     1.2516e-05  0.0000e+00 
4.2240e+00     0.0000e+00  0.0000e+00     0.0000e+00  0.0000e+00     0.0000e+00  0.0000e+00     0.0000e+00  0.0000e+00 
4.7394e+00     0.0000e+00  0.0000e+00     0.0000e+00  0.0000e+00     0.0000e+00  0.0000e+00     0.0000e+00  0.0000e+00 
5.3176e+00     0.0000e+00  0.0000e+00     0.0000e+00  0.0000e+00     0.0000e+00  0.0000e+00     0.0000e+00  0.0000e+00 
5.9665e+00     4.5724e-02  0.0000e+00     2.7281e-01  0.0000e+00     1.8418e-02  0.0000e+00     1.0989e-01  0.0000e+00 
6.6945e+00     2.7050e-02  0.0000e+00     1.8108e-01  0.0000e+00     1.2225e-02  0.0000e+00     8.1841e-02  0.0000e+00 
7.5114e+00     7.9386e-03  0.0000e+00     5.9629e-02  0.0000e+00     4.0256e-03  0.0000e+00     3.0238e-02  0.0000e+00 
8.4279e+00     3.4467e-02  0.0000e+00     2.9048e-01  0.0000e+00     1.9611e-02  0.0000e+00     1.6528e-01  0.0000e+00 
9.4563e+00     2.9738e-02  0.0000e+00     2.8121e-01  0.0000e+00     1.8984e-02  0.0000e+00     1.7952e-01  0.0000e+00 
1.0610e+01     4.8155e-02  0.0000e+00     5.1093e-01  0.0000e+00     3.4493e-02  0.0000e+00     3.6597e-01  0.0000e+00 
1.1905e+01     3.2708e-02  0.0000e+00     3.8938e-01  0.0000e+00     2.6287e-02  0.0000e+00     3.1294e-01  0.0000e+00 
1.3357e+01     2.5725e-02  0.0000e+00     3.4361e-01  0.0000e+00     2.3197e-02  0.0000e+00     3.0985e-01  0.0000e+00 
1.4987e+01     1.9179e-02  0.0000e+00     2.8744e-01  0.0000e+00     1.9405e-02  0.0000e+00     2.9083e-01  0.0000e+00 
1.6816e+01     1.5820e-02  0.0000e+00     2.6603e-01  0.0000e+00     1.7960e-02  0.0000e+00     3.0201e-01  0.0000e+00 
1.8868e+01     1.4320e-02  0.0000e+00     2.7019e-01  0.0000e+00     1.8241e-02  0.0000e+00     3.4416e-01  0.0000e+00 
2.1170e+01     1.4727e-02  0.0000e+00     3.1178e-01  0.0000e+00     2.1048e-02  0.0000e+00     4.4559e-01  0.0000e+00 
2.3753e+01     1.3828e-02  0.0000e+00     3.2846e-01  0.0000e+00     2.2175e-02  0.0000e+00     5.2672e-01  0.0000e+00 
2.6651e+01     1.0276e-02  0.0000e+00     2.7387e-01  0.0000e+00     1.8489e-02  0.0000e+00     4.9275e-01  0.0000e+00 
2.9903e+01     8.3324e-03  0.0000e+00     2.4917e-01  0.0000e+00     1.6821e-02  0.0000e+00     5.0301e-01  0.0000e+00 
3.3552e+01     7.2386e-03  0.0000e+00     2.4287e-01  0.0000e+00     1.6396e-02  0.0000e+00     5.5013e-01  0.0000e+00 
3.7646e+01     5.8766e-03  0.0000e+00     2.2123e-01  0.0000e+00     1.4935e-02  0.0000e+00     5.6226e-01  0.0000e+00 
4.2240e+01     4.3951e-03  0.0000e+00     1.8565e-01  0.0000e+00     1.2533e-02  0.0000e+00     5.2939e-01  0.0000e+00 
4.7394e+01     3.4011e-03  0.0000e+00     1.6119e-01  0.0000e+00     1.0882e-02  0.0000e+00     5.1573e-01  0.0000e+00 
5.3176e+01     2.4348e-03  0.0000e+00     1.2947e-01  0.0000e+00     8.7407e-03  0.0000e+00     4.6480e-01  0.0000e+00 
5.9665e+01     1.7254e-03  0.0000e+00     1.0295e-01  0.0000e+00     6.9500e-03  0.0000e+00     4.1467e-01  0.0000e+00 
6.6945e+01     1.1292e-03  0.0000e+00     7.5596e-02  0.0000e+00     5.1035e-03  0.0000e+00     3.4165e-01  0.0000e+00 
7.5114e+01     7.0875e-04  0.0000e+00     5.3237e-02  0.0000e+00     3.5940e-03  0.0000e+00     2.6996e-01  0.0000e+00 
8.4279e+01     4.0939e-04  0.0000e+00     3.4503e-02  0.0000e+00     2.3293e-03  0.0000e+00     1.9631e-01  0.0000e+00 
9.4563e+01     2.2551e-04  0.0000e+00     2.1324e-02  0.0000e+00     1.4396e-03  0.0000e+00     1.3613e-01  0.0000e+00 
1.0610e+02     1.1363e-04  0.0000e+00     1.2056e-02  0.0000e+00     8.1390e-04  0.0000e+00     8.6355e-02  0.0000e+00 
1.1905e+02     4.8980e-05  0.0000e+00     5.8310e-03  0.0000e+00     3.9365e-04  0.0000e+00     4.6863e-02  0.0000e+00 
1.3357e+02     1.7771e-05  0.0000e+00     2.3738e-03  0.0000e+00     1.6025e-04  0.0000e+00     2.1405e-02  0.0000e+00 
1.4987e+02     6.7692e-06  0.0000e+00     1.0145e-03  0.0000e+00     6.8490e-05  0.0000e+00     1.0265e-02  0.0000e+00 
1.6816e+02     2.8701e-06  0.0000e+00     4.8263e-04  0.0000e+00     3.2582e-05  0.0000e+00     5.4790e-03  0.0000e+00 
1.8868e+02     8.8746e-07  0.0000e+00     1.6744e-04  0.0000e+00     1.1304e-05  0.0000e+00     2.1328e-03  0.0000e+00 
2.1170e+02     0.0000e+00  0.0000e+00     0.0000e+00  0.0000e+00     0.0000e+00  0.0000e+00     0.0000e+00  0.0000e+00 
2.3753e+02     0.0000e+00  0.0000e+00     0.0000e+00  0.0000e+00     0.0000e+00  0.0000e+00     0.0000e+00  0.0000e+00 
2.6651e+02     0.0000e+00  0.0000e+00     0.0000e+00  0.0000e+00     0.0000e+00  0.0000e+00     0.0000e+00  0.0000e+00 
2.9903e+02     0.0000e+00  0.0000e+00     0.0000e+00  0.0000e+00     0.0000e+00  0.0000e+00     0.0000e+00  0.0000e+00 
3.3552e+02     0.0000e+00  0.0000e+00     0.0000e+00  0.0000e+00     0.0000e+00  0.0000e+00     0.0000e+00  0.0000e+00 
3.7646e+02     0.0000e+00  0.0000e+00     0.0000e+00  0.0000e+00     0.0000e+00  0.0000e+00     0.0000e+00  0.0000e+00 
4.2240e+02     0.0000e+00  0.0000e+00     0.0000e+00  0.0000e+00     0.0000e+00  0.0000e+00     0.0000e+00  0.0000e+00 
4.7394e+02     0.0000e+00  0.0000e+00     0.0000e+00  0.0000e+00     0.0000e+00  0.0000e+00     0.0000e+00  0.0000e+00 
5.3176e+02     0.0000e+00  0.0000e+00     0.0000e+00  0.0000e+00     0.0000e+00  0.0000e+00     0.0000e+00  0.0000e+00 
5.9665e+02     0.0000e+00  0.0000e+00     0.0000e+00  0.0000e+00     0.0000e+00  0.0000e+00     0.0000e+00  0.0000e+00 
6.6945e+02     0.0000e+00  0.0000e+00     0.0000e+00  0.0000e+00     0.0000e+00  0.0000e+00     0.0000e+00  0.0000e+00 
7.5114e+02     0.0000e+00  0.0000e+00     0.0000e+00  0.0000e+00     0.0000e+00  0.0000e+00     0.0000e+00  0.0000e+00 
8.4279e+02     0.0000e+00  0.0000e+00     0.0000e+00  0.0000e+00     0.0000e+00  0.0000e+00     0.0000e+00  0.0000e+00 
9.4563e+02     0.0000e+00  0.0000e+00     0.0000e+00  0.0000e+00     0.0000e+00  0.0000e+00     0.0000e+00  0.0000e+00 
1.0610e+03     0.0000e+00  0.0000e+00     0.0000e+00  0.0000e+00     0.0000e+00  0.0000e+00     0.0000e+00  0.0000e+00 
1.1905e+03     0.0000e+00  0.0000e+00     0.0000e+00  0.0000e+00     0.0000e+00  0.0000e+00     0.0000e+00  0.0000e+00 
1.3357e+03     0.0000e+00  0.0000e+00     0.0000e+00  0.0000e+00     0.0000e+00  0.0000e+00     0.0000e+00  0.0000e+00 
1.4987e+03     0.0000e+00  0.0000e+00     0.0000e+00  0.0000e+00     0.0000e+00  0.0000e+00     0.0000e+00  0.0000e+00 
1.6816e+03     0.0000e+00  0.0000e+00     0.0000e+00  0.0000e+00     0.0000e+00  0.0000e+00     0.0000e+00  0.0000e+00 
1.8868e+03     0.0000e+00  0.0000e+00     0.0000e+00  0.0000e+00     0.0000e+00  0.0000e+00     0.0000e+00  0.0000e+00 
2.1170e+03     0.0000e+00  0.0000e+00     0.0000e+00  0.0000e+00     0.0000e+00  0.0000e+00     0.0000e+00  0.0000e+00 
2.3753e+03     0.0000e+00  0.0000e+00     0.0000e+00  0.0000e+00     0.0000e+00  0.0000e+00     0.0000e+00  0.0000e+00 
2.6651e+03     0.0000e+00  0.0000e+00     0.0000e+00  0.0000e+00     0.0000e+00  0.0000e+00     0.0000e+00  0.0000e+00 
2.9903e+03     0.0000e+00  0.0000e+00     0.0000e+00  0.0000e+00     0.0000e+00  0.0000e+00     0.0000e+00  0.0000e+00 
3.3552e+03     0.0000e+00  0.0000e+00     0.0000e+00  0.0000e+00     0.0000e+00  0.0000e+00     0.0000e+00  0.0000e+00 
3.7646e+03     0.0000e+00  0.0000e+00     0.0000e+00  0.0000e+00     0.0000e+00  0.0000e+00     0.0000e+00  0.0000e+00 
4.2240e+03     0.0000e+00  0.0000e+00     0.0000e+00  0.0000e+00     0.0000e+00  0.0000e+00     0.0000e+00  0.0000e+00 
4.7394e+03     0.0000e+00  0.0000e+00     0.0000e+00  0.0000e+00     0.0000e+00  0.0000e+00     0.0000e+00  0.0000e+00 
5.3176e+03     0.0000e+00  0.0000e+00     0.0000e+00  0.0000e+00     0.0000e+00  0.0000e+00     0.0000e+00  0.0000e+00 
5.9665e+03     0.0000e+00  0.0000e+00     0.0000e+00  0.0000e+00     0.0000e+00  0.0000e+00     0.0000e+00  0.0000e+00 
6.6945e+03     0.0000e+00  0.0000e+00     0.0000e+00  0.0000e+00     0.0000e+00  0.0000e+00     0.0000e+00  0.0000e+00 
7.5114e+03     0.0000e+00  0.0000e+00     0.0000e+00  0.0000e+00     0.0000e+00  0.0000e+00     0.0000e+00  0.0000e+00 
8.4279e+03     0.0000e+00  0.0000e+00     0.0000e+00  0.0000e+00     0.0000e+00  0.0000e+00     0.0000e+00  0.0000e+00 
9.4563e+03     0.0000e+00  0.0000e+00     0.0000e+00  0.0000e+00     0.0000e+00  0.0000e+00     0.0000e+00  0.0000e+00 
