yF = 4.8427e+00 (std: 0.0000e+00) keV/um
yD = 2.1364e+01 (std: 0.0000e+00) keV/um
y (keV/um)     f(y)(std)                  yf(y)(std)                 d(y)(std)                  yd(y)(std)  
1.0610e-01     2.3027e+01  0.0000e+00     2.4432e+00  0.0000e+00     5.0451e-01  0.0000e+00     5.3529e-02  0.0000e+00 
1.1905e-01     1.8150e+00  0.0000e+00     2.1607e-01  0.0000e+00     4.4617e-02  0.0000e+00     5.3116e-03  0.0000e+00 
1.3357e-01     5.8811e-01  0.0000e+00     7.8556e-02  0.0000e+00     1.6221e-02  0.0000e+00     2.1667e-03  0.0000e+00 
1.4987e-01     2.6465e+00  0.0000e+00     3.9663e-01  0.0000e+00     8.1903e-02  0.0000e+00     1.2275e-02  0.0000e+00 
1.6816e-01     8.9420e-01  0.0000e+00     1.5037e-01  0.0000e+00     3.1050e-02  0.0000e+00     5.2214e-03  0.0000e+00 
1.8868e-01     6.3201e-01  0.0000e+00     1.1924e-01  0.0000e+00     2.4624e-02  0.0000e+00     4.6459e-03  0.0000e+00 
2.1170e-01     6.5930e-01  0.0000e+00     1.3957e-01  0.0000e+00     2.8821e-02  0.0000e+00     6.1014e-03  0.0000e+00 
2.3753e-01     6.1431e-01  0.0000e+00     1.4592e-01  0.0000e+00     3.0131e-02  0.0000e+00     7.1571e-03  0.0000e+00 
2.6651e-01     3.0547e-01  0.0000e+00     8.1412e-02  0.0000e+00     1.6811e-02  0.0000e+00     4.4804e-03  0.0000e+00 
2.9903e-01     2.7147e-01  0.0000e+00     8.1180e-02  0.0000e+00     1.6763e-02  0.0000e+00     5.0128e-03  0.0000e+00 
3.3552e-01     1.2586e+00  0.0000e+00     4.2227e-01  0.0000e+00     8.7198e-02  0.0000e+00     2.9257e-02  0.0000e+00 
3.7646e-01     8.7597e-01  0.0000e+00     3.2977e-01  0.0000e+00     6.8096e-02  0.0000e+00     2.5635e-02  0.0000e+00 
4.2240e-01     4.2016e-01  0.0000e+00     1.7747e-01  0.0000e+00     3.6647e-02  0.0000e+00     1.5480e-02  0.0000e+00 
4.7394e-01     4.1568e-01  0.0000e+00     1.9700e-01  0.0000e+00     4.0680e-02  0.0000e+00     1.9280e-02  0.0000e+00 
5.3176e-01     2.8583e-01  0.0000e+00     1.5200e-01  0.0000e+00     3.1387e-02  0.0000e+00     1.6690e-02  0.0000e+00 
5.9665e-01     1.5538e-01  0.0000e+00     9.2705e-02  0.0000e+00     1.9143e-02  0.0000e+00     1.1422e-02  0.0000e+00 
6.6945e-01     2.2322e-01  0.0000e+00     1.4944e-01  0.0000e+00     3.0858e-02  0.0000e+00     2.0658e-02  0.0000e+00 
7.5114e-01     1.9488e-01  0.0000e+00     1.4638e-01  0.0000e+00     3.0227e-02  0.0000e+00     2.2705e-02  0.0000e+00 
8.4279e-01     1.0160e-01  0.0000e+00     8.5630e-02  0.0000e+00     1.7682e-02  0.0000e+00     1.4903e-02  0.0000e+00 
9.4563e-01     6.3016e-02  0.0000e+00     5.9589e-02  0.0000e+00     1.2305e-02  0.0000e+00     1.1636e-02  0.0000e+00 
1.0610e+00     4.8649e-02  0.0000e+00     5.1617e-02  0.0000e+00     1.0659e-02  0.0000e+00     1.1309e-02  0.0000e+00 
1.1905e+00     2.7706e-02  0.0000e+00     3.2983e-02  0.0000e+00     6.8109e-03  0.0000e+00     8.1082e-03  0.0000e+00 
1.3357e+00     1.6562e-02  0.0000e+00     2.2122e-02  0.0000e+00     4.5681e-03  0.0000e+00     6.1017e-03  0.0000e+00 
1.4987e+00     9.3971e-03  0.0000e+00     1.4084e-02  0.0000e+00     2.9082e-03  0.0000e+00     4.3586e-03  0.0000e+00 
1.6816e+00     4.6616e-03  0.0000e+00     7.8389e-03  0.0000e+00     1.6187e-03  0.0000e+00     2.7220e-03  0.0000e+00 
1.8868e+00     1.7605e-03  0.0000e+00     3.3216e-03  0.0000e+00     6.8590e-04  0.0000e+00     1.2941e-03  0.0000e+00 
2.1170e+00     9.2572e-04  0.0000e+00     1.9597e-03  0.0000e+00     4.0468e-04  0.0000e+00     8.5670e-04  0.0000e+00 
2.3753e+00     2.9366e-04  0.0000e+00     6.9753e-04  0.0000e+00     1.4404e-04  0.0000e+00     3.4213e-04  0.0000e+00 
2.6651e+00     1.1217e-04  0.0000e+00     2.9894e-04  0.0000e+00     6.1731e-05  0.0000e+00     1.6452e-04  0.0000e+00 
2.9903e+00     5.5539e-05  0.0000e+00     1.6608e-04  0.0000e+00     3.4295e-05  0.0000e+00     1.0255e-04  0.0000e+00 
3.3552e+00     1.9800e-05  0.0000e+00     6.6432e-05  0.0000e+00     1.3718e-05  0.0000e+00     4.6026e-05  0.0000e+00 
3.7646e+00     0.0000e+00  0.0000e+00     0.0000e+00  0.0000e+00     0.0000e+00  0.0000e+00     0.0000e+00  0.0000e+00 
4.2240e+00     7.8637e-06  0.0000e+00     3.3216e-05  0.0000e+00     6.8590e-06  0.0000e+00     2.8972e-05  0.0000e+00 
4.7394e+00     0.0000e+00  0.0000e+00     0.0000e+00  0.0000e+00     0.0000e+00  0.0000e+00     0.0000e+00  0.0000e+00 
5.3176e+00     0.0000e+00  0.0000e+00     0.0000e+00  0.0000e+00     0.0000e+00  0.0000e+00     0.0000e+00  0.0000e+00 
5.9665e+00     1.0615e-01  0.0000e+00     6.3333e-01  0.0000e+00     1.3078e-01  0.0000e+00     7.8030e-01  0.0000e+00 
6.6945e+00     2.6768e-02  0.0000e+00     1.7920e-01  0.0000e+00     3.7004e-02  0.0000e+00     2.4772e-01  0.0000e+00 
7.5114e+00     7.0046e-03  0.0000e+00     5.2614e-02  0.0000e+00     1.0865e-02  0.0000e+00     8.1608e-02  0.0000e+00 
8.4279e+00     2.6725e-02  0.0000e+00     2.2524e-01  0.0000e+00     4.6511e-02  0.0000e+00     3.9199e-01  0.0000e+00 
9.4563e+00     1.9460e-02  0.0000e+00     1.8402e-01  0.0000e+00     3.7999e-02  0.0000e+00     3.5932e-01  0.0000e+00 
1.0610e+01     2.7662e-02  0.0000e+00     2.9350e-01  0.0000e+00     6.0606e-02  0.0000e+00     6.4303e-01  0.0000e+00 
1.1905e+01     2.1233e-02  0.0000e+00     2.5277e-01  0.0000e+00     5.2197e-02  0.0000e+00     6.2139e-01  0.0000e+00 
1.3357e+01     1.5932e-02  0.0000e+00     2.1281e-01  0.0000e+00     4.3945e-02  0.0000e+00     5.8699e-01  0.0000e+00 
1.4987e+01     9.6431e-03  0.0000e+00     1.4452e-01  0.0000e+00     2.9843e-02  0.0000e+00     4.4727e-01  0.0000e+00 
1.6816e+01     6.1944e-03  0.0000e+00     1.0416e-01  0.0000e+00     2.1510e-02  0.0000e+00     3.6170e-01  0.0000e+00 
1.8868e+01     4.9909e-03  0.0000e+00     9.4167e-02  0.0000e+00     1.9445e-02  0.0000e+00     3.6689e-01  0.0000e+00 
2.1170e+01     4.3932e-03  0.0000e+00     9.3004e-02  0.0000e+00     1.9205e-02  0.0000e+00     4.0657e-01  0.0000e+00 
2.3753e+01     4.0819e-03  0.0000e+00     9.6957e-02  0.0000e+00     2.0021e-02  0.0000e+00     4.7557e-01  0.0000e+00 
2.6651e+01     2.7107e-03  0.0000e+00     7.2245e-02  0.0000e+00     1.4918e-02  0.0000e+00     3.9759e-01  0.0000e+00 
2.9903e+01     1.8561e-03  0.0000e+00     5.5504e-02  0.0000e+00     1.1461e-02  0.0000e+00     3.4273e-01  0.0000e+00 
3.3552e+01     1.5553e-03  0.0000e+00     5.2182e-02  0.0000e+00     1.0775e-02  0.0000e+00     3.6154e-01  0.0000e+00 
3.7646e+01     1.1691e-03  0.0000e+00     4.4011e-02  0.0000e+00     9.0881e-03  0.0000e+00     3.4213e-01  0.0000e+00 
4.2240e+01     7.9345e-04  0.0000e+00     3.3515e-02  0.0000e+00     6.9207e-03  0.0000e+00     2.9233e-01  0.0000e+00 
4.7394e+01     5.4106e-04  0.0000e+00     2.5643e-02  0.0000e+00     5.2951e-03  0.0000e+00     2.5095e-01  0.0000e+00 
5.3176e+01     3.2106e-04  0.0000e+00     1.7073e-02  0.0000e+00     3.5255e-03  0.0000e+00     1.8747e-01  0.0000e+00 
5.9665e+01     2.0487e-04  0.0000e+00     1.2223e-02  0.0000e+00     2.5241e-03  0.0000e+00     1.5060e-01  0.0000e+00 
6.6945e+01     1.1908e-04  0.0000e+00     7.9718e-03  0.0000e+00     1.6461e-03  0.0000e+00     1.1020e-01  0.0000e+00 
7.5114e+01     6.4120e-05  0.0000e+00     4.8163e-03  0.0000e+00     9.9455e-04  0.0000e+00     7.4704e-02  0.0000e+00 
8.4279e+01     2.7588e-05  0.0000e+00     2.3251e-03  0.0000e+00     4.8013e-04  0.0000e+00     4.0465e-02  0.0000e+00 
9.4563e+01     1.0186e-05  0.0000e+00     9.6326e-04  0.0000e+00     1.9891e-04  0.0000e+00     1.8809e-02  0.0000e+00 
1.0610e+02     6.8873e-06  0.0000e+00     7.3075e-04  0.0000e+00     1.5090e-04  0.0000e+00     1.6010e-02  0.0000e+00 
1.1905e+02     1.3951e-06  0.0000e+00     1.6608e-04  0.0000e+00     3.4295e-05  0.0000e+00     4.0827e-03  0.0000e+00 
1.3357e+02     1.4920e-06  0.0000e+00     1.9930e-04  0.0000e+00     4.1154e-05  0.0000e+00     5.4970e-03  0.0000e+00 
1.4987e+02     2.2163e-07  0.0000e+00     3.3216e-05  0.0000e+00     6.8590e-06  0.0000e+00     1.0280e-03  0.0000e+00 
1.6816e+02     0.0000e+00  0.0000e+00     0.0000e+00  0.0000e+00     0.0000e+00  0.0000e+00     0.0000e+00  0.0000e+00 
1.8868e+02     0.0000e+00  0.0000e+00     0.0000e+00  0.0000e+00     0.0000e+00  0.0000e+00     0.0000e+00  0.0000e+00 
2.1170e+02     0.0000e+00  0.0000e+00     0.0000e+00  0.0000e+00     0.0000e+00  0.0000e+00     0.0000e+00  0.0000e+00 
2.3753e+02     0.0000e+00  0.0000e+00     0.0000e+00  0.0000e+00     0.0000e+00  0.0000e+00     0.0000e+00  0.0000e+00 
2.6651e+02     0.0000e+00  0.0000e+00     0.0000e+00  0.0000e+00     0.0000e+00  0.0000e+00     0.0000e+00  0.0000e+00 
2.9903e+02     0.0000e+00  0.0000e+00     0.0000e+00  0.0000e+00     0.0000e+00  0.0000e+00     0.0000e+00  0.0000e+00 
3.3552e+02     0.0000e+00  0.0000e+00     0.0000e+00  0.0000e+00     0.0000e+00  0.0000e+00     0.0000e+00  0.0000e+00 
3.7646e+02     0.0000e+00  0.0000e+00     0.0000e+00  0.0000e+00     0.0000e+00  0.0000e+00     0.0000e+00  0.0000e+00 
4.2240e+02     0.0000e+00  0.0000e+00     0.0000e+00  0.0000e+00     0.0000e+00  0.0000e+00     0.0000e+00  0.0000e+00 
4.7394e+02     0.0000e+00  0.0000e+00     0.0000e+00  0.0000e+00     0.0000e+00  0.0000e+00     0.0000e+00  0.0000e+00 
5.3176e+02     0.0000e+00  0.0000e+00     0.0000e+00  0.0000e+00     0.0000e+00  0.0000e+00     0.0000e+00  0.0000e+00 
5.9665e+02     0.0000e+00  0.0000e+00     0.0000e+00  0.0000e+00     0.0000e+00  0.0000e+00     0.0000e+00  0.0000e+00 
6.6945e+02     0.0000e+00  0.0000e+00     0.0000e+00  0.0000e+00     0.0000e+00  0.0000e+00     0.0000e+00  0.0000e+00 
7.5114e+02     0.0000e+00  0.0000e+00     0.0000e+00  0.0000e+00     0.0000e+00  0.0000e+00     0.0000e+00  0.0000e+00 
8.4279e+02     0.0000e+00  0.0000e+00     0.0000e+00  0.0000e+00     0.0000e+00  0.0000e+00     0.0000e+00  0.0000e+00 
9.4563e+02     0.0000e+00  0.0000e+00     0.0000e+00  0.0000e+00     0.0000e+00  0.0000e+00     0.0000e+00  0.0000e+00 
1.0610e+03     0.0000e+00  0.0000e+00     0.0000e+00  0.0000e+00     0.0000e+00  0.0000e+00     0.0000e+00  0.0000e+00 
1.1905e+03     0.0000e+00  0.0000e+00     0.0000e+00  0.0000e+00     0.0000e+00  0.0000e+00     0.0000e+00  0.0000e+00 
1.3357e+03     0.0000e+00  0.0000e+00     0.0000e+00  0.0000e+00     0.0000e+00  0.0000e+00     0.0000e+00  0.0000e+00 
1.4987e+03     0.0000e+00  0.0000e+00     0.0000e+00  0.0000e+00     0.0000e+00  0.0000e+00     0.0000e+00  0.0000e+00 
1.6816e+03     0.0000e+00  0.0000e+00     0.0000e+00  0.0000e+00     0.0000e+00  0.0000e+00     0.0000e+00  0.0000e+00 
1.8868e+03     0.0000e+00  0.0000e+00     0.0000e+00  0.0000e+00     0.0000e+00  0.0000e+00     0.0000e+00  0.0000e+00 
2.1170e+03     0.0000e+00  0.0000e+00     0.0000e+00  0.0000e+00     0.0000e+00  0.0000e+00     0.0000e+00  0.0000e+00 
2.3753e+03     0.0000e+00  0.0000e+00     0.0000e+00  0.0000e+00     0.0000e+00  0.0000e+00     0.0000e+00  0.0000e+00 
2.6651e+03     0.0000e+00  0.0000e+00     0.0000e+00  0.0000e+00     0.0000e+00  0.0000e+00     0.0000e+00  0.0000e+00 
2.9903e+03     0.0000e+00  0.0000e+00     0.0000e+00  0.0000e+00     0.0000e+00  0.0000e+00     0.0000e+00  0.0000e+00 
3.3552e+03     0.0000e+00  0.0000e+00     0.0000e+00  0.0000e+00     0.0000e+00  0.0000e+00     0.0000e+00  0.0000e+00 
3.7646e+03     0.0000e+00  0.0000e+00     0.0000e+00  0.0000e+00     0.0000e+00  0.0000e+00     0.0000e+00  0.0000e+00 
4.2240e+03     0.0000e+00  0.0000e+00     0.0000e+00  0.0000e+00     0.0000e+00  0.0000e+00     0.0000e+00  0.0000e+00 
4.7394e+03     0.0000e+00  0.0000e+00     0.0000e+00  0.0000e+00     0.0000e+00  0.0000e+00     0.0000e+00  0.0000e+00 
5.3176e+03     0.0000e+00  0.0000e+00     0.0000e+00  0.0000e+00     0.0000e+00  0.0000e+00     0.0000e+00  0.0000e+00 
5.9665e+03     0.0000e+00  0.0000e+00     0.0000e+00  0.0000e+00     0.0000e+00  0.0000e+00     0.0000e+00  0.0000e+00 
6.6945e+03     0.0000e+00  0.0000e+00     0.0000e+00  0.0000e+00     0.0000e+00  0.0000e+00     0.0000e+00  0.0000e+00 
7.5114e+03     0.0000e+00  0.0000e+00     0.0000e+00  0.0000e+00     0.0000e+00  0.0000e+00     0.0000e+00  0.0000e+00 
8.4279e+03     0.0000e+00  0.0000e+00     0.0000e+00  0.0000e+00     0.0000e+00  0.0000e+00     0.0000e+00  0.0000e+00 
9.4563e+03     0.0000e+00  0.0000e+00     0.0000e+00  0.0000e+00     0.0000e+00  0.0000e+00     0.0000e+00  0.0000e+00 
