yF = 1.5739e+01 (std: 0.0000e+00) keV/um
yD = 3.6775e+01 (std: 0.0000e+00) keV/um
y (keV/um)     f(y)(std)                  yf(y)(std)                 d(y)(std)                  yd(y)(std)  
1.0610e-01     7.7770e+00  0.0000e+00     8.2514e-01  0.0000e+00     5.2428e-02  0.0000e+00     5.5627e-03  0.0000e+00 
1.1905e-01     8.1667e-01  0.0000e+00     9.7223e-02  0.0000e+00     6.1774e-03  0.0000e+00     7.3540e-04  0.0000e+00 
1.3357e-01     3.6397e-01  0.0000e+00     4.8616e-02  0.0000e+00     3.0890e-03  0.0000e+00     4.1261e-04  0.0000e+00 
1.4987e-01     1.0850e+00  0.0000e+00     1.6260e-01  0.0000e+00     1.0332e-02  0.0000e+00     1.5484e-03  0.0000e+00 
1.6816e-01     5.0141e-01  0.0000e+00     8.4316e-02  0.0000e+00     5.3573e-03  0.0000e+00     9.0088e-04  0.0000e+00 
1.8868e-01     4.0384e-01  0.0000e+00     7.6195e-02  0.0000e+00     4.8413e-03  0.0000e+00     9.1345e-04  0.0000e+00 
2.1170e-01     4.0150e-01  0.0000e+00     8.4997e-02  0.0000e+00     5.4006e-03  0.0000e+00     1.1433e-03  0.0000e+00 
2.3753e-01     3.9576e-01  0.0000e+00     9.4006e-02  0.0000e+00     5.9730e-03  0.0000e+00     1.4188e-03  0.0000e+00 
2.6651e-01     2.4199e-01  0.0000e+00     6.4493e-02  0.0000e+00     4.0978e-03  0.0000e+00     1.0921e-03  0.0000e+00 
2.9903e-01     2.0703e-01  0.0000e+00     6.1908e-02  0.0000e+00     3.9335e-03  0.0000e+00     1.1762e-03  0.0000e+00 
3.3552e-01     4.9148e-01  0.0000e+00     1.6490e-01  0.0000e+00     1.0478e-02  0.0000e+00     3.5155e-03  0.0000e+00 
3.7646e-01     4.2629e-01  0.0000e+00     1.6048e-01  0.0000e+00     1.0197e-02  0.0000e+00     3.8387e-03  0.0000e+00 
4.2240e-01     2.7128e-01  0.0000e+00     1.1459e-01  0.0000e+00     7.2808e-03  0.0000e+00     3.0754e-03  0.0000e+00 
4.7394e-01     2.6862e-01  0.0000e+00     1.2731e-01  0.0000e+00     8.0889e-03  0.0000e+00     3.8336e-03  0.0000e+00 
5.3176e-01     2.2697e-01  0.0000e+00     1.2070e-01  0.0000e+00     7.6689e-03  0.0000e+00     4.0780e-03  0.0000e+00 
5.9665e-01     1.5342e-01  0.0000e+00     9.1539e-02  0.0000e+00     5.8162e-03  0.0000e+00     3.4703e-03  0.0000e+00 
6.6945e-01     1.4638e-01  0.0000e+00     9.7992e-02  0.0000e+00     6.2263e-03  0.0000e+00     4.1682e-03  0.0000e+00 
7.5114e-01     1.4721e-01  0.0000e+00     1.1057e-01  0.0000e+00     7.0256e-03  0.0000e+00     5.2772e-03  0.0000e+00 
8.4279e-01     1.0133e-01  0.0000e+00     8.5402e-02  0.0000e+00     5.4263e-03  0.0000e+00     4.5732e-03  0.0000e+00 
9.4563e-01     7.1718e-02  0.0000e+00     6.7818e-02  0.0000e+00     4.3090e-03  0.0000e+00     4.0747e-03  0.0000e+00 
1.0610e+00     5.3921e-02  0.0000e+00     5.7211e-02  0.0000e+00     3.6351e-03  0.0000e+00     3.8568e-03  0.0000e+00 
1.1905e+00     3.7406e-02  0.0000e+00     4.4531e-02  0.0000e+00     2.8294e-03  0.0000e+00     3.3684e-03  0.0000e+00 
1.3357e+00     2.4311e-02  0.0000e+00     3.2473e-02  0.0000e+00     2.0633e-03  0.0000e+00     2.7560e-03  0.0000e+00 
1.4987e+00     1.6032e-02  0.0000e+00     2.4027e-02  0.0000e+00     1.5266e-03  0.0000e+00     2.2880e-03  0.0000e+00 
1.6816e+00     8.8135e-03  0.0000e+00     1.4821e-02  0.0000e+00     9.4168e-04  0.0000e+00     1.5835e-03  0.0000e+00 
1.8868e+00     4.9160e-03  0.0000e+00     9.2753e-03  0.0000e+00     5.8933e-04  0.0000e+00     1.1119e-03  0.0000e+00 
2.1170e+00     2.3725e-03  0.0000e+00     5.0225e-03  0.0000e+00     3.1912e-04  0.0000e+00     6.7557e-04  0.0000e+00 
2.3753e+00     1.0261e-03  0.0000e+00     2.4372e-03  0.0000e+00     1.5486e-04  0.0000e+00     3.6783e-04  0.0000e+00 
2.6651e+00     4.2207e-04  0.0000e+00     1.1249e-03  0.0000e+00     7.1472e-05  0.0000e+00     1.9048e-04  0.0000e+00 
2.9903e+00     1.5839e-04  0.0000e+00     4.7363e-04  0.0000e+00     3.0094e-05  0.0000e+00     8.9990e-05  0.0000e+00 
3.3552e+00     6.1759e-05  0.0000e+00     2.0721e-04  0.0000e+00     1.3166e-05  0.0000e+00     4.4175e-05  0.0000e+00 
3.7646e+00     1.0484e-05  0.0000e+00     3.9469e-05  0.0000e+00     2.5078e-06  0.0000e+00     9.4409e-06  0.0000e+00 
4.2240e+00     2.3360e-06  0.0000e+00     9.8673e-06  0.0000e+00     6.2695e-07  0.0000e+00     2.6482e-06  0.0000e+00 
4.7394e+00     4.1640e-06  0.0000e+00     1.9735e-05  0.0000e+00     1.2539e-06  0.0000e+00     5.9427e-06  0.0000e+00 
5.3176e+00     1.8556e-06  0.0000e+00     9.8673e-06  0.0000e+00     6.2695e-07  0.0000e+00     3.3339e-06  0.0000e+00 
5.9665e+00     5.0108e-02  0.0000e+00     2.9897e-01  0.0000e+00     1.8996e-02  0.0000e+00     1.1334e-01  0.0000e+00 
6.6945e+00     2.8920e-02  0.0000e+00     1.9361e-01  0.0000e+00     1.2301e-02  0.0000e+00     8.2352e-02  0.0000e+00 
7.5114e+00     8.6346e-03  0.0000e+00     6.4858e-02  0.0000e+00     4.1210e-03  0.0000e+00     3.0954e-02  0.0000e+00 
8.4279e+00     3.6565e-02  0.0000e+00     3.0817e-01  0.0000e+00     1.9580e-02  0.0000e+00     1.6502e-01  0.0000e+00 
9.4563e+00     2.8783e-02  0.0000e+00     2.7218e-01  0.0000e+00     1.7294e-02  0.0000e+00     1.6353e-01  0.0000e+00 
1.0610e+01     4.0370e-02  0.0000e+00     4.2833e-01  0.0000e+00     2.7215e-02  0.0000e+00     2.8876e-01  0.0000e+00 
1.1905e+01     3.2310e-02  0.0000e+00     3.8464e-01  0.0000e+00     2.4439e-02  0.0000e+00     2.9094e-01  0.0000e+00 
1.3357e+01     2.6729e-02  0.0000e+00     3.5703e-01  0.0000e+00     2.2685e-02  0.0000e+00     3.0301e-01  0.0000e+00 
1.4987e+01     1.9175e-02  0.0000e+00     2.8738e-01  0.0000e+00     1.8259e-02  0.0000e+00     2.7366e-01  0.0000e+00 
1.6816e+01     1.5658e-02  0.0000e+00     2.6331e-01  0.0000e+00     1.6730e-02  0.0000e+00     2.8133e-01  0.0000e+00 
1.8868e+01     1.6400e-02  0.0000e+00     3.0943e-01  0.0000e+00     1.9661e-02  0.0000e+00     3.7095e-01  0.0000e+00 
2.1170e+01     1.5466e-02  0.0000e+00     3.2741e-01  0.0000e+00     2.0803e-02  0.0000e+00     4.4040e-01  0.0000e+00 
2.3753e+01     1.4033e-02  0.0000e+00     3.3334e-01  0.0000e+00     2.1180e-02  0.0000e+00     5.0308e-01  0.0000e+00 
2.6651e+01     1.1197e-02  0.0000e+00     2.9842e-01  0.0000e+00     1.8961e-02  0.0000e+00     5.0533e-01  0.0000e+00 
2.9903e+01     9.0225e-03  0.0000e+00     2.6980e-01  0.0000e+00     1.7143e-02  0.0000e+00     5.1262e-01  0.0000e+00 
3.3552e+01     7.8190e-03  0.0000e+00     2.6234e-01  0.0000e+00     1.6669e-02  0.0000e+00     5.5927e-01  0.0000e+00 
3.7646e+01     6.2350e-03  0.0000e+00     2.3472e-01  0.0000e+00     1.4914e-02  0.0000e+00     5.6145e-01  0.0000e+00 
4.2240e+01     4.7798e-03  0.0000e+00     2.0190e-01  0.0000e+00     1.2828e-02  0.0000e+00     5.4185e-01  0.0000e+00 
4.7394e+01     3.7353e-03  0.0000e+00     1.7703e-01  0.0000e+00     1.1248e-02  0.0000e+00     5.3309e-01  0.0000e+00 
5.3176e+01     2.6947e-03  0.0000e+00     1.4329e-01  0.0000e+00     9.1046e-03  0.0000e+00     4.8415e-01  0.0000e+00 
5.9665e+01     1.9133e-03  0.0000e+00     1.1415e-01  0.0000e+00     7.2532e-03  0.0000e+00     4.3276e-01  0.0000e+00 
6.6945e+01     1.2613e-03  0.0000e+00     8.4435e-02  0.0000e+00     5.3648e-03  0.0000e+00     3.5915e-01  0.0000e+00 
7.5114e+01     7.9647e-04  0.0000e+00     5.9826e-02  0.0000e+00     3.8012e-03  0.0000e+00     2.8552e-01  0.0000e+00 
8.4279e+01     4.6960e-04  0.0000e+00     3.9578e-02  0.0000e+00     2.5147e-03  0.0000e+00     2.1194e-01  0.0000e+00 
9.4563e+01     2.4897e-04  0.0000e+00     2.3543e-02  0.0000e+00     1.4959e-03  0.0000e+00     1.4146e-01  0.0000e+00 
1.0610e+02     1.2750e-04  0.0000e+00     1.3528e-02  0.0000e+00     8.5955e-04  0.0000e+00     9.1199e-02  0.0000e+00 
1.1905e+02     5.7440e-05  0.0000e+00     6.8380e-03  0.0000e+00     4.3448e-04  0.0000e+00     5.1723e-02  0.0000e+00 
1.3357e+02     2.2826e-05  0.0000e+00     3.0490e-03  0.0000e+00     1.9373e-04  0.0000e+00     2.5877e-02  0.0000e+00 
1.4987e+02     7.1106e-06  0.0000e+00     1.0657e-03  0.0000e+00     6.7711e-05  0.0000e+00     1.0148e-02  0.0000e+00 
1.6816e+02     3.4620e-06  0.0000e+00     5.8217e-04  0.0000e+00     3.6990e-05  0.0000e+00     6.2202e-03  0.0000e+00 
1.8868e+02     9.9365e-07  0.0000e+00     1.8748e-04  0.0000e+00     1.1912e-05  0.0000e+00     2.2475e-03  0.0000e+00 
2.1170e+02     2.3305e-07  0.0000e+00     4.9337e-05  0.0000e+00     3.1348e-06  0.0000e+00     6.6363e-04  0.0000e+00 
2.3753e+02     4.1541e-08  0.0000e+00     9.8673e-06  0.0000e+00     6.2695e-07  0.0000e+00     1.4892e-04  0.0000e+00 
2.6651e+02     3.7024e-08  0.0000e+00     9.8673e-06  0.0000e+00     6.2695e-07  0.0000e+00     1.6709e-04  0.0000e+00 
2.9903e+02     0.0000e+00  0.0000e+00     0.0000e+00  0.0000e+00     0.0000e+00  0.0000e+00     0.0000e+00  0.0000e+00 
3.3552e+02     0.0000e+00  0.0000e+00     0.0000e+00  0.0000e+00     0.0000e+00  0.0000e+00     0.0000e+00  0.0000e+00 
3.7646e+02     0.0000e+00  0.0000e+00     0.0000e+00  0.0000e+00     0.0000e+00  0.0000e+00     0.0000e+00  0.0000e+00 
4.2240e+02     0.0000e+00  0.0000e+00     0.0000e+00  0.0000e+00     0.0000e+00  0.0000e+00     0.0000e+00  0.0000e+00 
4.7394e+02     0.0000e+00  0.0000e+00     0.0000e+00  0.0000e+00     0.0000e+00  0.0000e+00     0.0000e+00  0.0000e+00 
5.3176e+02     0.0000e+00  0.0000e+00     0.0000e+00  0.0000e+00     0.0000e+00  0.0000e+00     0.0000e+00  0.0000e+00 
5.9665e+02     0.0000e+00  0.0000e+00     0.0000e+00  0.0000e+00     0.0000e+00  0.0000e+00     0.0000e+00  0.0000e+00 
6.6945e+02     0.0000e+00  0.0000e+00     0.0000e+00  0.0000e+00     0.0000e+00  0.0000e+00     0.0000e+00  0.0000e+00 
7.5114e+02     0.0000e+00  0.0000e+00     0.0000e+00  0.0000e+00     0.0000e+00  0.0000e+00     0.0000e+00  0.0000e+00 
8.4279e+02     0.0000e+00  0.0000e+00     0.0000e+00  0.0000e+00     0.0000e+00  0.0000e+00     0.0000e+00  0.0000e+00 
9.4563e+02     0.0000e+00  0.0000e+00     0.0000e+00  0.0000e+00     0.0000e+00  0.0000e+00     0.0000e+00  0.0000e+00 
1.0610e+03     0.0000e+00  0.0000e+00     0.0000e+00  0.0000e+00     0.0000e+00  0.0000e+00     0.0000e+00  0.0000e+00 
1.1905e+03     0.0000e+00  0.0000e+00     0.0000e+00  0.0000e+00     0.0000e+00  0.0000e+00     0.0000e+00  0.0000e+00 
1.3357e+03     0.0000e+00  0.0000e+00     0.0000e+00  0.0000e+00     0.0000e+00  0.0000e+00     0.0000e+00  0.0000e+00 
1.4987e+03     0.0000e+00  0.0000e+00     0.0000e+00  0.0000e+00     0.0000e+00  0.0000e+00     0.0000e+00  0.0000e+00 
1.6816e+03     0.0000e+00  0.0000e+00     0.0000e+00  0.0000e+00     0.0000e+00  0.0000e+00     0.0000e+00  0.0000e+00 
1.8868e+03     0.0000e+00  0.0000e+00     0.0000e+00  0.0000e+00     0.0000e+00  0.0000e+00     0.0000e+00  0.0000e+00 
2.1170e+03     0.0000e+00  0.0000e+00     0.0000e+00  0.0000e+00     0.0000e+00  0.0000e+00     0.0000e+00  0.0000e+00 
2.3753e+03     0.0000e+00  0.0000e+00     0.0000e+00  0.0000e+00     0.0000e+00  0.0000e+00     0.0000e+00  0.0000e+00 
2.6651e+03     0.0000e+00  0.0000e+00     0.0000e+00  0.0000e+00     0.0000e+00  0.0000e+00     0.0000e+00  0.0000e+00 
2.9903e+03     0.0000e+00  0.0000e+00     0.0000e+00  0.0000e+00     0.0000e+00  0.0000e+00     0.0000e+00  0.0000e+00 
3.3552e+03     0.0000e+00  0.0000e+00     0.0000e+00  0.0000e+00     0.0000e+00  0.0000e+00     0.0000e+00  0.0000e+00 
3.7646e+03     0.0000e+00  0.0000e+00     0.0000e+00  0.0000e+00     0.0000e+00  0.0000e+00     0.0000e+00  0.0000e+00 
4.2240e+03     0.0000e+00  0.0000e+00     0.0000e+00  0.0000e+00     0.0000e+00  0.0000e+00     0.0000e+00  0.0000e+00 
4.7394e+03     0.0000e+00  0.0000e+00     0.0000e+00  0.0000e+00     0.0000e+00  0.0000e+00     0.0000e+00  0.0000e+00 
5.3176e+03     0.0000e+00  0.0000e+00     0.0000e+00  0.0000e+00     0.0000e+00  0.0000e+00     0.0000e+00  0.0000e+00 
5.9665e+03     0.0000e+00  0.0000e+00     0.0000e+00  0.0000e+00     0.0000e+00  0.0000e+00     0.0000e+00  0.0000e+00 
6.6945e+03     0.0000e+00  0.0000e+00     0.0000e+00  0.0000e+00     0.0000e+00  0.0000e+00     0.0000e+00  0.0000e+00 
7.5114e+03     0.0000e+00  0.0000e+00     0.0000e+00  0.0000e+00     0.0000e+00  0.0000e+00     0.0000e+00  0.0000e+00 
8.4279e+03     0.0000e+00  0.0000e+00     0.0000e+00  0.0000e+00     0.0000e+00  0.0000e+00     0.0000e+00  0.0000e+00 
9.4563e+03     0.0000e+00  0.0000e+00     0.0000e+00  0.0000e+00     0.0000e+00  0.0000e+00     0.0000e+00  0.0000e+00 
