yF = 1.0167e+02 (std: 0.0000e+00) keV/um
yD = 1.4256e+02 (std: 0.0000e+00) keV/um
y (keV/um)     f(y)(std)                  yf(y)(std)                 d(y)(std)                  yd(y)(std)  
1.0610e-01     1.7211e-01  0.0000e+00     1.8261e-02  0.0000e+00     1.7961e-04  0.0000e+00     1.9056e-05  0.0000e+00 
1.1905e-01     2.0545e-02  0.0000e+00     2.4458e-03  0.0000e+00     2.4056e-05  0.0000e+00     2.8638e-06  0.0000e+00 
1.3357e-01     1.1338e-02  0.0000e+00     1.5145e-03  0.0000e+00     1.4896e-05  0.0000e+00     1.9897e-06  0.0000e+00 
1.4987e-01     2.3288e-02  0.0000e+00     3.4903e-03  0.0000e+00     3.4329e-05  0.0000e+00     5.1449e-06  0.0000e+00 
1.6816e-01     1.2215e-02  0.0000e+00     2.0541e-03  0.0000e+00     2.0204e-05  0.0000e+00     3.3974e-06  0.0000e+00 
1.8868e-01     1.1902e-02  0.0000e+00     2.2456e-03  0.0000e+00     2.2087e-05  0.0000e+00     4.1673e-06  0.0000e+00 
2.1170e-01     1.0649e-02  0.0000e+00     2.2543e-03  0.0000e+00     2.2173e-05  0.0000e+00     4.6939e-06  0.0000e+00 
2.3753e-01     1.0297e-02  0.0000e+00     2.4458e-03  0.0000e+00     2.4056e-05  0.0000e+00     5.7140e-06  0.0000e+00 
2.6651e-01     7.4461e-03  0.0000e+00     1.9845e-03  0.0000e+00     1.9519e-05  0.0000e+00     5.2020e-06  0.0000e+00 
2.9903e-01     5.9087e-03  0.0000e+00     1.7669e-03  0.0000e+00     1.7379e-05  0.0000e+00     5.1968e-06  0.0000e+00 
3.3552e-01     9.3130e-03  0.0000e+00     3.1247e-03  0.0000e+00     3.0733e-05  0.0000e+00     1.0312e-05  0.0000e+00 
3.7646e-01     8.7164e-03  0.0000e+00     3.2814e-03  0.0000e+00     3.2274e-05  0.0000e+00     1.2150e-05  0.0000e+00 
4.2240e-01     6.0994e-03  0.0000e+00     2.5764e-03  0.0000e+00     2.5340e-05  0.0000e+00     1.0704e-05  0.0000e+00 
4.7394e-01     5.1973e-03  0.0000e+00     2.4632e-03  0.0000e+00     2.4227e-05  0.0000e+00     1.1482e-05  0.0000e+00 
5.3176e-01     4.8613e-03  0.0000e+00     2.5851e-03  0.0000e+00     2.5426e-05  0.0000e+00     1.3520e-05  0.0000e+00 
5.9665e-01     3.4574e-03  0.0000e+00     2.0628e-03  0.0000e+00     2.0289e-05  0.0000e+00     1.2106e-05  0.0000e+00 
6.6945e-01     2.6523e-03  0.0000e+00     1.7756e-03  0.0000e+00     1.7464e-05  0.0000e+00     1.1691e-05  0.0000e+00 
7.5114e-01     2.4450e-03  0.0000e+00     1.8365e-03  0.0000e+00     1.8063e-05  0.0000e+00     1.3568e-05  0.0000e+00 
8.4279e-01     1.9416e-03  0.0000e+00     1.6363e-03  0.0000e+00     1.6094e-05  0.0000e+00     1.3564e-05  0.0000e+00 
9.4563e-01     1.5187e-03  0.0000e+00     1.4361e-03  0.0000e+00     1.4125e-05  0.0000e+00     1.3357e-05  0.0000e+00 
1.0610e+00     8.8597e-04  0.0000e+00     9.4002e-04  0.0000e+00     9.2457e-06  0.0000e+00     9.8098e-06  0.0000e+00 
1.1905e+00     6.7995e-04  0.0000e+00     8.0946e-04  0.0000e+00     7.9616e-06  0.0000e+00     9.4781e-06  0.0000e+00 
1.3357e+00     4.5613e-04  0.0000e+00     6.0927e-04  0.0000e+00     5.9926e-06  0.0000e+00     8.0045e-06  0.0000e+00 
1.4987e+00     2.3230e-04  0.0000e+00     3.4816e-04  0.0000e+00     3.4243e-06  0.0000e+00     5.1321e-06  0.0000e+00 
1.6816e+00     1.4493e-04  0.0000e+00     2.4371e-04  0.0000e+00     2.3970e-06  0.0000e+00     4.0308e-06  0.0000e+00 
1.8868e+00     1.2455e-04  0.0000e+00     2.3501e-04  0.0000e+00     2.3114e-06  0.0000e+00     4.3611e-06  0.0000e+00 
2.1170e+00     1.0690e-04  0.0000e+00     2.2630e-04  0.0000e+00     2.2258e-06  0.0000e+00     4.7120e-06  0.0000e+00 
2.3753e+00     2.0520e-04  0.0000e+00     4.8742e-04  0.0000e+00     4.7941e-06  0.0000e+00     1.1387e-05  0.0000e+00 
2.6651e+00     1.1104e-04  0.0000e+00     2.9593e-04  0.0000e+00     2.9107e-06  0.0000e+00     7.7574e-06  0.0000e+00 
2.9903e+00     7.2767e-05  0.0000e+00     2.1760e-04  0.0000e+00     2.1402e-06  0.0000e+00     6.3999e-06  0.0000e+00 
3.3552e+00     1.6084e-04  0.0000e+00     5.3964e-04  0.0000e+00     5.3077e-06  0.0000e+00     1.7809e-05  0.0000e+00 
3.7646e+00     1.2947e-04  0.0000e+00     4.8742e-04  0.0000e+00     4.7941e-06  0.0000e+00     1.8048e-05  0.0000e+00 
4.2240e+00     8.2424e-05  0.0000e+00     3.4816e-04  0.0000e+00     3.4243e-06  0.0000e+00     1.4464e-05  0.0000e+00 
4.7394e+00     3.3057e-05  0.0000e+00     1.5667e-04  0.0000e+00     1.5410e-06  0.0000e+00     7.3031e-06  0.0000e+00 
5.3176e+00     1.1458e-05  0.0000e+00     6.0927e-05  0.0000e+00     5.9926e-07  0.0000e+00     3.1866e-06  0.0000e+00 
5.9665e+00     3.7491e-04  0.0000e+00     2.2369e-03  0.0000e+00     2.2001e-05  0.0000e+00     1.3127e-04  0.0000e+00 
6.6945e+00     7.1248e-04  0.0000e+00     4.7697e-03  0.0000e+00     4.6913e-05  0.0000e+00     3.1406e-04  0.0000e+00 
7.5114e+00     3.4995e-04  0.0000e+00     2.6286e-03  0.0000e+00     2.5854e-05  0.0000e+00     1.9420e-04  0.0000e+00 
8.4279e+00     3.2273e-03  0.0000e+00     2.7200e-02  0.0000e+00     2.6753e-04  0.0000e+00     2.2547e-03  0.0000e+00 
9.4563e+00     3.2795e-03  0.0000e+00     3.1012e-02  0.0000e+00     3.0502e-04  0.0000e+00     2.8844e-03  0.0000e+00 
1.0610e+01     4.1624e-03  0.0000e+00     4.4164e-02  0.0000e+00     4.3438e-04  0.0000e+00     4.6088e-03  0.0000e+00 
1.1905e+01     2.6547e-03  0.0000e+00     3.1604e-02  0.0000e+00     3.1084e-04  0.0000e+00     3.7005e-03  0.0000e+00 
1.3357e+01     1.9399e-03  0.0000e+00     2.5912e-02  0.0000e+00     2.5486e-04  0.0000e+00     3.4042e-03  0.0000e+00 
1.4987e+01     1.2881e-03  0.0000e+00     1.9305e-02  0.0000e+00     1.8988e-04  0.0000e+00     2.8458e-03  0.0000e+00 
1.6816e+01     3.0937e-03  0.0000e+00     5.2023e-02  0.0000e+00     5.1168e-04  0.0000e+00     8.6044e-03  0.0000e+00 
1.8868e+01     4.0905e-03  0.0000e+00     7.7178e-02  0.0000e+00     7.5909e-04  0.0000e+00     1.4322e-02  0.0000e+00 
2.1170e+01     4.1628e-03  0.0000e+00     8.8127e-02  0.0000e+00     8.6679e-04  0.0000e+00     1.8350e-02  0.0000e+00 
2.3753e+01     3.5310e-03  0.0000e+00     8.3871e-02  0.0000e+00     8.2492e-04  0.0000e+00     1.9594e-02  0.0000e+00 
2.6651e+01     4.8586e-03  0.0000e+00     1.2949e-01  0.0000e+00     1.2736e-03  0.0000e+00     3.3943e-02  0.0000e+00 
2.9903e+01     5.3245e-03  0.0000e+00     1.5922e-01  0.0000e+00     1.5660e-03  0.0000e+00     4.6830e-02  0.0000e+00 
3.3552e+01     5.3691e-03  0.0000e+00     1.8014e-01  0.0000e+00     1.7718e-03  0.0000e+00     5.9449e-02  0.0000e+00 
3.7646e+01     6.2968e-03  0.0000e+00     2.3705e-01  0.0000e+00     2.3315e-03  0.0000e+00     8.7774e-02  0.0000e+00 
4.2240e+01     6.4676e-03  0.0000e+00     2.7319e-01  0.0000e+00     2.6870e-03  0.0000e+00     1.1350e-01  0.0000e+00 
4.7394e+01     6.9573e-03  0.0000e+00     3.2973e-01  0.0000e+00     3.2431e-03  0.0000e+00     1.5370e-01  0.0000e+00 
5.3176e+01     7.3700e-03  0.0000e+00     3.9191e-01  0.0000e+00     3.8547e-03  0.0000e+00     2.0498e-01  0.0000e+00 
5.9665e+01     7.4787e-03  0.0000e+00     4.4621e-01  0.0000e+00     4.3888e-03  0.0000e+00     2.6186e-01  0.0000e+00 
6.6945e+01     7.6119e-03  0.0000e+00     5.0958e-01  0.0000e+00     5.0120e-03  0.0000e+00     3.3553e-01  0.0000e+00 
7.5114e+01     7.4296e-03  0.0000e+00     5.5807e-01  0.0000e+00     5.4890e-03  0.0000e+00     4.1230e-01  0.0000e+00 
8.4279e+01     7.1002e-03  0.0000e+00     5.9839e-01  0.0000e+00     5.8856e-03  0.0000e+00     4.9603e-01  0.0000e+00 
9.4563e+01     6.5752e-03  0.0000e+00     6.2177e-01  0.0000e+00     6.1155e-03  0.0000e+00     5.7830e-01  0.0000e+00 
1.0610e+02     5.8472e-03  0.0000e+00     6.2040e-01  0.0000e+00     6.1020e-03  0.0000e+00     6.4743e-01  0.0000e+00 
1.1905e+02     4.9929e-03  0.0000e+00     5.9439e-01  0.0000e+00     5.8462e-03  0.0000e+00     6.9597e-01  0.0000e+00 
1.3357e+02     4.1332e-03  0.0000e+00     5.5209e-01  0.0000e+00     5.4301e-03  0.0000e+00     7.2532e-01  0.0000e+00 
1.4987e+02     3.2593e-03  0.0000e+00     4.8848e-01  0.0000e+00     4.8045e-03  0.0000e+00     7.2006e-01  0.0000e+00 
1.6816e+02     2.4409e-03  0.0000e+00     4.1045e-01  0.0000e+00     4.0370e-03  0.0000e+00     6.7886e-01  0.0000e+00 
1.8868e+02     1.7765e-03  0.0000e+00     3.3518e-01  0.0000e+00     3.2967e-03  0.0000e+00     6.2201e-01  0.0000e+00 
2.1170e+02     1.2044e-03  0.0000e+00     2.5496e-01  0.0000e+00     2.5077e-03  0.0000e+00     5.3088e-01  0.0000e+00 
2.3753e+02     7.7292e-04  0.0000e+00     1.8359e-01  0.0000e+00     1.8057e-03  0.0000e+00     4.2892e-01  0.0000e+00 
2.6651e+02     4.5924e-04  0.0000e+00     1.2239e-01  0.0000e+00     1.2038e-03  0.0000e+00     3.2084e-01  0.0000e+00 
2.9903e+02     2.4668e-04  0.0000e+00     7.3766e-02  0.0000e+00     7.2553e-04  0.0000e+00     2.1696e-01  0.0000e+00 
3.3552e+02     1.1466e-04  0.0000e+00     3.8471e-02  0.0000e+00     3.7839e-04  0.0000e+00     1.2696e-01  0.0000e+00 
3.7646e+02     4.8969e-05  0.0000e+00     1.8435e-02  0.0000e+00     1.8132e-04  0.0000e+00     6.8259e-02  0.0000e+00 
4.2240e+02     1.7989e-05  0.0000e+00     7.5985e-03  0.0000e+00     7.4736e-05  0.0000e+00     3.1568e-02  0.0000e+00 
4.7394e+02     5.1055e-06  0.0000e+00     2.4197e-03  0.0000e+00     2.3799e-05  0.0000e+00     1.1279e-02  0.0000e+00 
5.3176e+02     1.0967e-06  0.0000e+00     5.8316e-04  0.0000e+00     5.7358e-06  0.0000e+00     3.0501e-03  0.0000e+00 
5.9665e+02     3.5011e-07  0.0000e+00     2.0889e-04  0.0000e+00     2.0546e-06  0.0000e+00     1.2259e-03  0.0000e+00 
6.6945e+02     3.9005e-08  0.0000e+00     2.6112e-05  0.0000e+00     2.5683e-07  0.0000e+00     1.7193e-04  0.0000e+00 
7.5114e+02     0.0000e+00  0.0000e+00     0.0000e+00  0.0000e+00     0.0000e+00  0.0000e+00     0.0000e+00  0.0000e+00 
8.4279e+02     0.0000e+00  0.0000e+00     0.0000e+00  0.0000e+00     0.0000e+00  0.0000e+00     0.0000e+00  0.0000e+00 
9.4563e+02     0.0000e+00  0.0000e+00     0.0000e+00  0.0000e+00     0.0000e+00  0.0000e+00     0.0000e+00  0.0000e+00 
1.0610e+03     0.0000e+00  0.0000e+00     0.0000e+00  0.0000e+00     0.0000e+00  0.0000e+00     0.0000e+00  0.0000e+00 
1.1905e+03     0.0000e+00  0.0000e+00     0.0000e+00  0.0000e+00     0.0000e+00  0.0000e+00     0.0000e+00  0.0000e+00 
1.3357e+03     0.0000e+00  0.0000e+00     0.0000e+00  0.0000e+00     0.0000e+00  0.0000e+00     0.0000e+00  0.0000e+00 
1.4987e+03     0.0000e+00  0.0000e+00     0.0000e+00  0.0000e+00     0.0000e+00  0.0000e+00     0.0000e+00  0.0000e+00 
1.6816e+03     0.0000e+00  0.0000e+00     0.0000e+00  0.0000e+00     0.0000e+00  0.0000e+00     0.0000e+00  0.0000e+00 
1.8868e+03     0.0000e+00  0.0000e+00     0.0000e+00  0.0000e+00     0.0000e+00  0.0000e+00     0.0000e+00  0.0000e+00 
2.1170e+03     0.0000e+00  0.0000e+00     0.0000e+00  0.0000e+00     0.0000e+00  0.0000e+00     0.0000e+00  0.0000e+00 
2.3753e+03     0.0000e+00  0.0000e+00     0.0000e+00  0.0000e+00     0.0000e+00  0.0000e+00     0.0000e+00  0.0000e+00 
2.6651e+03     0.0000e+00  0.0000e+00     0.0000e+00  0.0000e+00     0.0000e+00  0.0000e+00     0.0000e+00  0.0000e+00 
2.9903e+03     0.0000e+00  0.0000e+00     0.0000e+00  0.0000e+00     0.0000e+00  0.0000e+00     0.0000e+00  0.0000e+00 
3.3552e+03     0.0000e+00  0.0000e+00     0.0000e+00  0.0000e+00     0.0000e+00  0.0000e+00     0.0000e+00  0.0000e+00 
3.7646e+03     0.0000e+00  0.0000e+00     0.0000e+00  0.0000e+00     0.0000e+00  0.0000e+00     0.0000e+00  0.0000e+00 
4.2240e+03     0.0000e+00  0.0000e+00     0.0000e+00  0.0000e+00     0.0000e+00  0.0000e+00     0.0000e+00  0.0000e+00 
4.7394e+03     0.0000e+00  0.0000e+00     0.0000e+00  0.0000e+00     0.0000e+00  0.0000e+00     0.0000e+00  0.0000e+00 
5.3176e+03     0.0000e+00  0.0000e+00     0.0000e+00  0.0000e+00     0.0000e+00  0.0000e+00     0.0000e+00  0.0000e+00 
5.9665e+03     0.0000e+00  0.0000e+00     0.0000e+00  0.0000e+00     0.0000e+00  0.0000e+00     0.0000e+00  0.0000e+00 
6.6945e+03     0.0000e+00  0.0000e+00     0.0000e+00  0.0000e+00     0.0000e+00  0.0000e+00     0.0000e+00  0.0000e+00 
7.5114e+03     0.0000e+00  0.0000e+00     0.0000e+00  0.0000e+00     0.0000e+00  0.0000e+00     0.0000e+00  0.0000e+00 
8.4279e+03     0.0000e+00  0.0000e+00     0.0000e+00  0.0000e+00     0.0000e+00  0.0000e+00     0.0000e+00  0.0000e+00 
9.4563e+03     0.0000e+00  0.0000e+00     0.0000e+00  0.0000e+00     0.0000e+00  0.0000e+00     0.0000e+00  0.0000e+00 
