yF = 4.7897e+00 (std: 0.0000e+00) keV/um
yD = 2.1004e+01 (std: 0.0000e+00) keV/um
y (keV/um)     f(y)(std)                  yf(y)(std)                 d(y)(std)                  yd(y)(std)  
1.0610e-01     2.2992e+01  0.0000e+00     2.4395e+00  0.0000e+00     5.0932e-01  0.0000e+00     5.4039e-02  0.0000e+00 
1.1905e-01     1.8675e+00  0.0000e+00     2.2232e-01  0.0000e+00     4.6417e-02  0.0000e+00     5.5258e-03  0.0000e+00 
1.3357e-01     5.9756e-01  0.0000e+00     7.9817e-02  0.0000e+00     1.6664e-02  0.0000e+00     2.2259e-03  0.0000e+00 
1.4987e-01     2.6638e+00  0.0000e+00     3.9922e-01  0.0000e+00     8.3349e-02  0.0000e+00     1.2492e-02  0.0000e+00 
1.6816e-01     8.8583e-01  0.0000e+00     1.4896e-01  0.0000e+00     3.1100e-02  0.0000e+00     5.2297e-03  0.0000e+00 
1.8868e-01     6.4302e-01  0.0000e+00     1.2132e-01  0.0000e+00     2.5330e-02  0.0000e+00     4.7792e-03  0.0000e+00 
2.1170e-01     6.6782e-01  0.0000e+00     1.4138e-01  0.0000e+00     2.9517e-02  0.0000e+00     6.2487e-03  0.0000e+00 
2.3753e-01     6.0387e-01  0.0000e+00     1.4344e-01  0.0000e+00     2.9947e-02  0.0000e+00     7.1134e-03  0.0000e+00 
2.6651e-01     3.1733e-01  0.0000e+00     8.4573e-02  0.0000e+00     1.7657e-02  0.0000e+00     4.7059e-03  0.0000e+00 
2.9903e-01     2.6180e-01  0.0000e+00     7.8288e-02  0.0000e+00     1.6345e-02  0.0000e+00     4.8877e-03  0.0000e+00 
3.3552e-01     1.2559e+00  0.0000e+00     4.2137e-01  0.0000e+00     8.7974e-02  0.0000e+00     2.9517e-02  0.0000e+00 
3.7646e-01     8.9570e-01  0.0000e+00     3.3720e-01  0.0000e+00     7.0400e-02  0.0000e+00     2.6503e-02  0.0000e+00 
4.2240e-01     4.1399e-01  0.0000e+00     1.7487e-01  0.0000e+00     3.6509e-02  0.0000e+00     1.5421e-02  0.0000e+00 
4.7394e-01     4.1458e-01  0.0000e+00     1.9648e-01  0.0000e+00     4.1022e-02  0.0000e+00     1.9442e-02  0.0000e+00 
5.3176e-01     2.8713e-01  0.0000e+00     1.5268e-01  0.0000e+00     3.1877e-02  0.0000e+00     1.6951e-02  0.0000e+00 
5.9665e-01     1.5635e-01  0.0000e+00     9.3287e-02  0.0000e+00     1.9476e-02  0.0000e+00     1.1621e-02  0.0000e+00 
6.6945e-01     2.2127e-01  0.0000e+00     1.4813e-01  0.0000e+00     3.0926e-02  0.0000e+00     2.0704e-02  0.0000e+00 
7.5114e-01     1.9375e-01  0.0000e+00     1.4553e-01  0.0000e+00     3.0385e-02  0.0000e+00     2.2823e-02  0.0000e+00 
8.4279e-01     1.0295e-01  0.0000e+00     8.6768e-02  0.0000e+00     1.8116e-02  0.0000e+00     1.5268e-02  0.0000e+00 
9.4563e-01     6.6260e-02  0.0000e+00     6.2657e-02  0.0000e+00     1.3082e-02  0.0000e+00     1.2370e-02  0.0000e+00 
1.0610e+00     4.9901e-02  0.0000e+00     5.2946e-02  0.0000e+00     1.1054e-02  0.0000e+00     1.1728e-02  0.0000e+00 
1.1905e+00     2.9305e-02  0.0000e+00     3.4887e-02  0.0000e+00     7.2837e-03  0.0000e+00     8.6710e-03  0.0000e+00 
1.3357e+00     1.7404e-02  0.0000e+00     2.3247e-02  0.0000e+00     4.8535e-03  0.0000e+00     6.4830e-03  0.0000e+00 
1.4987e+00     9.6973e-03  0.0000e+00     1.4533e-02  0.0000e+00     3.0343e-03  0.0000e+00     4.5475e-03  0.0000e+00 
1.6816e+00     4.2323e-03  0.0000e+00     7.1171e-03  0.0000e+00     1.4859e-03  0.0000e+00     2.4987e-03  0.0000e+00 
1.8868e+00     2.3620e-03  0.0000e+00     4.4565e-03  0.0000e+00     9.3043e-04  0.0000e+00     1.7555e-03  0.0000e+00 
2.1170e+00     1.0368e-03  0.0000e+00     2.1950e-03  0.0000e+00     4.5827e-04  0.0000e+00     9.7015e-04  0.0000e+00 
2.3753e+00     4.2004e-04  0.0000e+00     9.9772e-04  0.0000e+00     2.0830e-04  0.0000e+00     4.9479e-04  0.0000e+00 
2.6651e+00     4.9915e-05  0.0000e+00     1.3303e-04  0.0000e+00     2.7774e-05  0.0000e+00     7.4021e-05  0.0000e+00 
2.9903e+00     1.1122e-05  0.0000e+00     3.3257e-05  0.0000e+00     6.9435e-06  0.0000e+00     2.0763e-05  0.0000e+00 
3.3552e+00     9.9121e-06  0.0000e+00     3.3257e-05  0.0000e+00     6.9435e-06  0.0000e+00     2.3297e-05  0.0000e+00 
3.7646e+00     0.0000e+00  0.0000e+00     0.0000e+00  0.0000e+00     0.0000e+00  0.0000e+00     0.0000e+00  0.0000e+00 
4.2240e+00     0.0000e+00  0.0000e+00     0.0000e+00  0.0000e+00     0.0000e+00  0.0000e+00     0.0000e+00  0.0000e+00 
4.7394e+00     0.0000e+00  0.0000e+00     0.0000e+00  0.0000e+00     0.0000e+00  0.0000e+00     0.0000e+00  0.0000e+00 
5.3176e+00     0.0000e+00  0.0000e+00     0.0000e+00  0.0000e+00     0.0000e+00  0.0000e+00     0.0000e+00  0.0000e+00 
5.9665e+00     1.0500e-01  0.0000e+00     6.2647e-01  0.0000e+00     1.3079e-01  0.0000e+00     7.8038e-01  0.0000e+00 
6.6945e+00     2.6797e-02  0.0000e+00     1.7939e-01  0.0000e+00     3.7453e-02  0.0000e+00     2.5073e-01  0.0000e+00 
7.5114e+00     6.6591e-03  0.0000e+00     5.0019e-02  0.0000e+00     1.0443e-02  0.0000e+00     7.8441e-02  0.0000e+00 
8.4279e+00     2.7066e-02  0.0000e+00     2.2811e-01  0.0000e+00     4.7625e-02  0.0000e+00     4.0138e-01  0.0000e+00 
9.4563e+00     1.9913e-02  0.0000e+00     1.8830e-01  0.0000e+00     3.9314e-02  0.0000e+00     3.7176e-01  0.0000e+00 
1.0610e+01     2.7681e-02  0.0000e+00     2.9370e-01  0.0000e+00     6.1318e-02  0.0000e+00     6.5059e-01  0.0000e+00 
1.1905e+01     2.0681e-02  0.0000e+00     2.4620e-01  0.0000e+00     5.1403e-02  0.0000e+00     6.1193e-01  0.0000e+00 
1.3357e+01     1.5474e-02  0.0000e+00     2.0669e-01  0.0000e+00     4.3154e-02  0.0000e+00     5.7642e-01  0.0000e+00 
1.4987e+01     9.5930e-03  0.0000e+00     1.4377e-01  0.0000e+00     3.0017e-02  0.0000e+00     4.4986e-01  0.0000e+00 
1.6816e+01     6.3367e-03  0.0000e+00     1.0656e-01  0.0000e+00     2.2247e-02  0.0000e+00     3.7410e-01  0.0000e+00 
1.8868e+01     4.9354e-03  0.0000e+00     9.3120e-02  0.0000e+00     1.9442e-02  0.0000e+00     3.6682e-01  0.0000e+00 
2.1170e+01     4.4631e-03  0.0000e+00     9.4484e-02  0.0000e+00     1.9726e-02  0.0000e+00     4.1761e-01  0.0000e+00 
2.3753e+01     4.0828e-03  0.0000e+00     9.6978e-02  0.0000e+00     2.0247e-02  0.0000e+00     4.8093e-01  0.0000e+00 
2.6651e+01     2.6392e-03  0.0000e+00     7.0339e-02  0.0000e+00     1.4685e-02  0.0000e+00     3.9139e-01  0.0000e+00 
2.9903e+01     1.8773e-03  0.0000e+00     5.6138e-02  0.0000e+00     1.1721e-02  0.0000e+00     3.5048e-01  0.0000e+00 
3.3552e+01     1.6177e-03  0.0000e+00     5.4276e-02  0.0000e+00     1.1332e-02  0.0000e+00     3.8020e-01  0.0000e+00 
3.7646e+01     1.1387e-03  0.0000e+00     4.2869e-02  0.0000e+00     8.9501e-03  0.0000e+00     3.3694e-01  0.0000e+00 
4.2240e+01     7.4877e-04  0.0000e+00     3.1628e-02  0.0000e+00     6.6032e-03  0.0000e+00     2.7892e-01  0.0000e+00 
4.7394e+01     5.1647e-04  0.0000e+00     2.4477e-02  0.0000e+00     5.1104e-03  0.0000e+00     2.4220e-01  0.0000e+00 
5.3176e+01     3.1708e-04  0.0000e+00     1.6861e-02  0.0000e+00     3.5203e-03  0.0000e+00     1.8720e-01  0.0000e+00 
5.9665e+01     2.0624e-04  0.0000e+00     1.2305e-02  0.0000e+00     2.5691e-03  0.0000e+00     1.5328e-01  0.0000e+00 
6.6945e+01     9.7370e-05  0.0000e+00     6.5184e-03  0.0000e+00     1.3609e-03  0.0000e+00     9.1107e-02  0.0000e+00 
7.5114e+01     5.7116e-05  0.0000e+00     4.2902e-03  0.0000e+00     8.9571e-04  0.0000e+00     6.7280e-02  0.0000e+00 
8.4279e+01     2.4860e-05  0.0000e+00     2.0952e-03  0.0000e+00     4.3744e-04  0.0000e+00     3.6867e-02  0.0000e+00 
9.4563e+01     7.3856e-06  0.0000e+00     6.9840e-04  0.0000e+00     1.4581e-04  0.0000e+00     1.3788e-02  0.0000e+00 
1.0610e+02     4.7017e-06  0.0000e+00     4.9886e-04  0.0000e+00     1.0415e-04  0.0000e+00     1.1051e-02  0.0000e+00 
1.1905e+02     1.9555e-06  0.0000e+00     2.3280e-04  0.0000e+00     4.8604e-05  0.0000e+00     5.7862e-03  0.0000e+00 
1.3357e+02     4.9796e-07  0.0000e+00     6.6515e-05  0.0000e+00     1.3887e-05  0.0000e+00     1.8549e-03  0.0000e+00 
1.4987e+02     2.2191e-07  0.0000e+00     3.3257e-05  0.0000e+00     6.9435e-06  0.0000e+00     1.0406e-03  0.0000e+00 
1.6816e+02     0.0000e+00  0.0000e+00     0.0000e+00  0.0000e+00     0.0000e+00  0.0000e+00     0.0000e+00  0.0000e+00 
1.8868e+02     0.0000e+00  0.0000e+00     0.0000e+00  0.0000e+00     0.0000e+00  0.0000e+00     0.0000e+00  0.0000e+00 
2.1170e+02     0.0000e+00  0.0000e+00     0.0000e+00  0.0000e+00     0.0000e+00  0.0000e+00     0.0000e+00  0.0000e+00 
2.3753e+02     0.0000e+00  0.0000e+00     0.0000e+00  0.0000e+00     0.0000e+00  0.0000e+00     0.0000e+00  0.0000e+00 
2.6651e+02     0.0000e+00  0.0000e+00     0.0000e+00  0.0000e+00     0.0000e+00  0.0000e+00     0.0000e+00  0.0000e+00 
2.9903e+02     0.0000e+00  0.0000e+00     0.0000e+00  0.0000e+00     0.0000e+00  0.0000e+00     0.0000e+00  0.0000e+00 
3.3552e+02     0.0000e+00  0.0000e+00     0.0000e+00  0.0000e+00     0.0000e+00  0.0000e+00     0.0000e+00  0.0000e+00 
3.7646e+02     0.0000e+00  0.0000e+00     0.0000e+00  0.0000e+00     0.0000e+00  0.0000e+00     0.0000e+00  0.0000e+00 
4.2240e+02     0.0000e+00  0.0000e+00     0.0000e+00  0.0000e+00     0.0000e+00  0.0000e+00     0.0000e+00  0.0000e+00 
4.7394e+02     0.0000e+00  0.0000e+00     0.0000e+00  0.0000e+00     0.0000e+00  0.0000e+00     0.0000e+00  0.0000e+00 
5.3176e+02     0.0000e+00  0.0000e+00     0.0000e+00  0.0000e+00     0.0000e+00  0.0000e+00     0.0000e+00  0.0000e+00 
5.9665e+02     0.0000e+00  0.0000e+00     0.0000e+00  0.0000e+00     0.0000e+00  0.0000e+00     0.0000e+00  0.0000e+00 
6.6945e+02     0.0000e+00  0.0000e+00     0.0000e+00  0.0000e+00     0.0000e+00  0.0000e+00     0.0000e+00  0.0000e+00 
7.5114e+02     0.0000e+00  0.0000e+00     0.0000e+00  0.0000e+00     0.0000e+00  0.0000e+00     0.0000e+00  0.0000e+00 
8.4279e+02     0.0000e+00  0.0000e+00     0.0000e+00  0.0000e+00     0.0000e+00  0.0000e+00     0.0000e+00  0.0000e+00 
9.4563e+02     0.0000e+00  0.0000e+00     0.0000e+00  0.0000e+00     0.0000e+00  0.0000e+00     0.0000e+00  0.0000e+00 
1.0610e+03     0.0000e+00  0.0000e+00     0.0000e+00  0.0000e+00     0.0000e+00  0.0000e+00     0.0000e+00  0.0000e+00 
1.1905e+03     0.0000e+00  0.0000e+00     0.0000e+00  0.0000e+00     0.0000e+00  0.0000e+00     0.0000e+00  0.0000e+00 
1.3357e+03     0.0000e+00  0.0000e+00     0.0000e+00  0.0000e+00     0.0000e+00  0.0000e+00     0.0000e+00  0.0000e+00 
1.4987e+03     0.0000e+00  0.0000e+00     0.0000e+00  0.0000e+00     0.0000e+00  0.0000e+00     0.0000e+00  0.0000e+00 
1.6816e+03     0.0000e+00  0.0000e+00     0.0000e+00  0.0000e+00     0.0000e+00  0.0000e+00     0.0000e+00  0.0000e+00 
1.8868e+03     0.0000e+00  0.0000e+00     0.0000e+00  0.0000e+00     0.0000e+00  0.0000e+00     0.0000e+00  0.0000e+00 
2.1170e+03     0.0000e+00  0.0000e+00     0.0000e+00  0.0000e+00     0.0000e+00  0.0000e+00     0.0000e+00  0.0000e+00 
2.3753e+03     0.0000e+00  0.0000e+00     0.0000e+00  0.0000e+00     0.0000e+00  0.0000e+00     0.0000e+00  0.0000e+00 
2.6651e+03     0.0000e+00  0.0000e+00     0.0000e+00  0.0000e+00     0.0000e+00  0.0000e+00     0.0000e+00  0.0000e+00 
2.9903e+03     0.0000e+00  0.0000e+00     0.0000e+00  0.0000e+00     0.0000e+00  0.0000e+00     0.0000e+00  0.0000e+00 
3.3552e+03     0.0000e+00  0.0000e+00     0.0000e+00  0.0000e+00     0.0000e+00  0.0000e+00     0.0000e+00  0.0000e+00 
3.7646e+03     0.0000e+00  0.0000e+00     0.0000e+00  0.0000e+00     0.0000e+00  0.0000e+00     0.0000e+00  0.0000e+00 
4.2240e+03     0.0000e+00  0.0000e+00     0.0000e+00  0.0000e+00     0.0000e+00  0.0000e+00     0.0000e+00  0.0000e+00 
4.7394e+03     0.0000e+00  0.0000e+00     0.0000e+00  0.0000e+00     0.0000e+00  0.0000e+00     0.0000e+00  0.0000e+00 
5.3176e+03     0.0000e+00  0.0000e+00     0.0000e+00  0.0000e+00     0.0000e+00  0.0000e+00     0.0000e+00  0.0000e+00 
5.9665e+03     0.0000e+00  0.0000e+00     0.0000e+00  0.0000e+00     0.0000e+00  0.0000e+00     0.0000e+00  0.0000e+00 
6.6945e+03     0.0000e+00  0.0000e+00     0.0000e+00  0.0000e+00     0.0000e+00  0.0000e+00     0.0000e+00  0.0000e+00 
7.5114e+03     0.0000e+00  0.0000e+00     0.0000e+00  0.0000e+00     0.0000e+00  0.0000e+00     0.0000e+00  0.0000e+00 
8.4279e+03     0.0000e+00  0.0000e+00     0.0000e+00  0.0000e+00     0.0000e+00  0.0000e+00     0.0000e+00  0.0000e+00 
9.4563e+03     0.0000e+00  0.0000e+00     0.0000e+00  0.0000e+00     0.0000e+00  0.0000e+00     0.0000e+00  0.0000e+00 
