yF = 1.5997e+01 (std: 0.0000e+00) keV/um
yD = 2.5822e+01 (std: 0.0000e+00) keV/um
y (keV/um)     f(y)(std)                  yf(y)(std)                 d(y)(std)                  yd(y)(std)  
1.0610e-01     8.0193e+00  0.0000e+00     8.5086e-01  0.0000e+00     5.3189e-02  0.0000e+00     5.6434e-03  0.0000e+00 
1.1905e-01     4.4761e-01  0.0000e+00     5.3286e-02  0.0000e+00     3.3310e-03  0.0000e+00     3.9655e-04  0.0000e+00 
1.3357e-01     1.2528e-01  0.0000e+00     1.6734e-02  0.0000e+00     1.0461e-03  0.0000e+00     1.3973e-04  0.0000e+00 
1.4987e-01     6.1708e-01  0.0000e+00     9.2483e-02  0.0000e+00     5.7813e-03  0.0000e+00     8.6645e-04  0.0000e+00 
1.6816e-01     1.7035e-01  0.0000e+00     2.8646e-02  0.0000e+00     1.7907e-03  0.0000e+00     3.0113e-04  0.0000e+00 
1.8868e-01     1.0285e-01  0.0000e+00     1.9405e-02  0.0000e+00     1.2130e-03  0.0000e+00     2.2887e-04  0.0000e+00 
2.1170e-01     1.1822e-01  0.0000e+00     2.5027e-02  0.0000e+00     1.5645e-03  0.0000e+00     3.3120e-04  0.0000e+00 
2.3753e-01     1.0565e-01  0.0000e+00     2.5094e-02  0.0000e+00     1.5687e-03  0.0000e+00     3.7261e-04  0.0000e+00 
2.6651e-01     4.2343e-02  0.0000e+00     1.1285e-02  0.0000e+00     7.0544e-04  0.0000e+00     1.8801e-04  0.0000e+00 
2.9903e-01     3.6175e-02  0.0000e+00     1.0818e-02  0.0000e+00     6.7622e-04  0.0000e+00     2.0221e-04  0.0000e+00 
3.3552e-01     1.9571e-01  0.0000e+00     6.5666e-02  0.0000e+00     4.1049e-03  0.0000e+00     1.3773e-03  0.0000e+00 
3.7646e-01     1.1515e-01  0.0000e+00     4.3350e-02  0.0000e+00     2.7099e-03  0.0000e+00     1.0202e-03  0.0000e+00 
4.2240e-01     5.1694e-02  0.0000e+00     2.1835e-02  0.0000e+00     1.3650e-03  0.0000e+00     5.7656e-04  0.0000e+00 
4.7394e-01     4.7960e-02  0.0000e+00     2.2730e-02  0.0000e+00     1.4209e-03  0.0000e+00     6.7342e-04  0.0000e+00 
5.3176e-01     3.1594e-02  0.0000e+00     1.6801e-02  0.0000e+00     1.0502e-03  0.0000e+00     5.5848e-04  0.0000e+00 
5.9665e-01     1.6161e-02  0.0000e+00     9.6423e-03  0.0000e+00     6.0276e-04  0.0000e+00     3.5963e-04  0.0000e+00 
6.6945e-01     2.1306e-02  0.0000e+00     1.4263e-02  0.0000e+00     8.9161e-04  0.0000e+00     5.9689e-04  0.0000e+00 
7.5114e-01     1.9878e-02  0.0000e+00     1.4931e-02  0.0000e+00     9.3335e-04  0.0000e+00     7.0108e-04  0.0000e+00 
8.4279e-01     1.0015e-02  0.0000e+00     8.4403e-03  0.0000e+00     5.2762e-04  0.0000e+00     4.4467e-04  0.0000e+00 
9.4563e-01     6.1576e-03  0.0000e+00     5.8228e-03  0.0000e+00     3.6399e-04  0.0000e+00     3.4420e-04  0.0000e+00 
1.0610e+00     4.4684e-03  0.0000e+00     4.7410e-03  0.0000e+00     2.9637e-04  0.0000e+00     3.1445e-04  0.0000e+00 
1.1905e+00     2.6699e-03  0.0000e+00     3.1785e-03  0.0000e+00     1.9869e-04  0.0000e+00     2.3654e-04  0.0000e+00 
1.3357e+00     1.5997e-03  0.0000e+00     2.1368e-03  0.0000e+00     1.3357e-04  0.0000e+00     1.7842e-04  0.0000e+00 
1.4987e+00     6.0594e-04  0.0000e+00     9.0814e-04  0.0000e+00     5.6769e-05  0.0000e+00     8.5081e-05  0.0000e+00 
1.6816e+00     3.4150e-04  0.0000e+00     5.7426e-04  0.0000e+00     3.5898e-05  0.0000e+00     6.0366e-05  0.0000e+00 
1.8868e+00     1.9819e-04  0.0000e+00     3.7394e-04  0.0000e+00     2.3376e-05  0.0000e+00     4.4104e-05  0.0000e+00 
2.1170e+00     5.0468e-05  0.0000e+00     1.0684e-04  0.0000e+00     6.6787e-06  0.0000e+00     1.4139e-05  0.0000e+00 
2.3753e+00     2.2490e-05  0.0000e+00     5.3420e-05  0.0000e+00     3.3394e-06  0.0000e+00     7.9320e-06  0.0000e+00 
2.6651e+00     5.0110e-06  0.0000e+00     1.3355e-05  0.0000e+00     8.3484e-07  0.0000e+00     2.2250e-06  0.0000e+00 
2.9903e+00     4.4660e-06  0.0000e+00     1.3355e-05  0.0000e+00     8.3484e-07  0.0000e+00     2.4965e-06  0.0000e+00 
3.3552e+00     0.0000e+00  0.0000e+00     0.0000e+00  0.0000e+00     0.0000e+00  0.0000e+00     0.0000e+00  0.0000e+00 
3.7646e+00     0.0000e+00  0.0000e+00     0.0000e+00  0.0000e+00     0.0000e+00  0.0000e+00     0.0000e+00  0.0000e+00 
4.2240e+00     0.0000e+00  0.0000e+00     0.0000e+00  0.0000e+00     0.0000e+00  0.0000e+00     0.0000e+00  0.0000e+00 
4.7394e+00     0.0000e+00  0.0000e+00     0.0000e+00  0.0000e+00     0.0000e+00  0.0000e+00     0.0000e+00  0.0000e+00 
5.3176e+00     0.0000e+00  0.0000e+00     0.0000e+00  0.0000e+00     0.0000e+00  0.0000e+00     0.0000e+00  0.0000e+00 
5.9665e+00     8.6466e-03  0.0000e+00     5.1590e-02  0.0000e+00     3.2250e-03  0.0000e+00     1.9242e-02  0.0000e+00 
6.6945e+00     6.1862e-03  0.0000e+00     4.1414e-02  0.0000e+00     2.5888e-03  0.0000e+00     1.7331e-02  0.0000e+00 
7.5114e+00     4.8681e-03  0.0000e+00     3.6566e-02  0.0000e+00     2.2858e-03  0.0000e+00     1.7169e-02  0.0000e+00 
8.4279e+00     1.3043e-01  0.0000e+00     1.0993e+00  0.0000e+00     6.8717e-02  0.0000e+00     5.7914e-01  0.0000e+00 
9.4563e+00     2.7376e-02  0.0000e+00     2.5887e-01  0.0000e+00     1.6183e-02  0.0000e+00     1.5303e-01  0.0000e+00 
1.0610e+01     8.7602e-02  0.0000e+00     9.2946e-01  0.0000e+00     5.8103e-02  0.0000e+00     6.1647e-01  0.0000e+00 
1.1905e+01     4.3910e-02  0.0000e+00     5.2274e-01  0.0000e+00     3.2677e-02  0.0000e+00     3.8902e-01  0.0000e+00 
1.3357e+01     3.7036e-02  0.0000e+00     4.9471e-01  0.0000e+00     3.0925e-02  0.0000e+00     4.1308e-01  0.0000e+00 
1.4987e+01     2.0701e-02  0.0000e+00     3.1025e-01  0.0000e+00     1.9394e-02  0.0000e+00     2.9066e-01  0.0000e+00 
1.6816e+01     1.9777e-02  0.0000e+00     3.3256e-01  0.0000e+00     2.0789e-02  0.0000e+00     3.4959e-01  0.0000e+00 
1.8868e+01     2.2601e-02  0.0000e+00     4.2644e-01  0.0000e+00     2.6657e-02  0.0000e+00     5.0296e-01  0.0000e+00 
2.1170e+01     2.6912e-02  0.0000e+00     5.6974e-01  0.0000e+00     3.5615e-02  0.0000e+00     7.5397e-01  0.0000e+00 
2.3753e+01     2.7923e-02  0.0000e+00     6.6326e-01  0.0000e+00     4.1462e-02  0.0000e+00     9.8484e-01  0.0000e+00 
2.6651e+01     1.2354e-02  0.0000e+00     3.2924e-01  0.0000e+00     2.0581e-02  0.0000e+00     5.4852e-01  0.0000e+00 
2.9903e+01     1.2781e-02  0.0000e+00     3.8219e-01  0.0000e+00     2.3892e-02  0.0000e+00     7.1444e-01  0.0000e+00 
3.3552e+01     8.2835e-03  0.0000e+00     2.7793e-01  0.0000e+00     1.7374e-02  0.0000e+00     5.8293e-01  0.0000e+00 
3.7646e+01     5.5951e-03  0.0000e+00     2.1063e-01  0.0000e+00     1.3167e-02  0.0000e+00     4.9569e-01  0.0000e+00 
4.2240e+01     3.7371e-03  0.0000e+00     1.5786e-01  0.0000e+00     9.8678e-03  0.0000e+00     4.1681e-01  0.0000e+00 
4.7394e+01     1.8575e-03  0.0000e+00     8.8036e-02  0.0000e+00     5.5033e-03  0.0000e+00     2.6082e-01  0.0000e+00 
5.3176e+01     8.8553e-04  0.0000e+00     4.7090e-02  0.0000e+00     2.9437e-03  0.0000e+00     1.5653e-01  0.0000e+00 
5.9665e+01     6.3591e-04  0.0000e+00     3.7941e-02  0.0000e+00     2.3718e-03  0.0000e+00     1.4151e-01  0.0000e+00 
6.6945e+01     3.9160e-04  0.0000e+00     2.6216e-02  0.0000e+00     1.6388e-03  0.0000e+00     1.0971e-01  0.0000e+00 
7.5114e+01     2.2029e-04  0.0000e+00     1.6547e-02  0.0000e+00     1.0344e-03  0.0000e+00     7.7695e-02  0.0000e+00 
8.4279e+01     1.1885e-04  0.0000e+00     1.0016e-02  0.0000e+00     6.2613e-04  0.0000e+00     5.2770e-02  0.0000e+00 
9.4563e+01     4.3498e-05  0.0000e+00     4.1133e-03  0.0000e+00     2.5713e-04  0.0000e+00     2.4315e-02  0.0000e+00 
1.0610e+02     1.1706e-05  0.0000e+00     1.2420e-03  0.0000e+00     7.7640e-05  0.0000e+00     8.2377e-03  0.0000e+00 
1.1905e+02     2.5802e-06  0.0000e+00     3.0716e-04  0.0000e+00     1.9201e-05  0.0000e+00     2.2859e-03  0.0000e+00 
1.3357e+02     3.9993e-07  0.0000e+00     5.3420e-05  0.0000e+00     3.3394e-06  0.0000e+00     4.4605e-04  0.0000e+00 
1.4987e+02     0.0000e+00  0.0000e+00     0.0000e+00  0.0000e+00     0.0000e+00  0.0000e+00     0.0000e+00  0.0000e+00 
1.6816e+02     0.0000e+00  0.0000e+00     0.0000e+00  0.0000e+00     0.0000e+00  0.0000e+00     0.0000e+00  0.0000e+00 
1.8868e+02     0.0000e+00  0.0000e+00     0.0000e+00  0.0000e+00     0.0000e+00  0.0000e+00     0.0000e+00  0.0000e+00 
2.1170e+02     0.0000e+00  0.0000e+00     0.0000e+00  0.0000e+00     0.0000e+00  0.0000e+00     0.0000e+00  0.0000e+00 
2.3753e+02     0.0000e+00  0.0000e+00     0.0000e+00  0.0000e+00     0.0000e+00  0.0000e+00     0.0000e+00  0.0000e+00 
2.6651e+02     0.0000e+00  0.0000e+00     0.0000e+00  0.0000e+00     0.0000e+00  0.0000e+00     0.0000e+00  0.0000e+00 
2.9903e+02     0.0000e+00  0.0000e+00     0.0000e+00  0.0000e+00     0.0000e+00  0.0000e+00     0.0000e+00  0.0000e+00 
3.3552e+02     0.0000e+00  0.0000e+00     0.0000e+00  0.0000e+00     0.0000e+00  0.0000e+00     0.0000e+00  0.0000e+00 
3.7646e+02     0.0000e+00  0.0000e+00     0.0000e+00  0.0000e+00     0.0000e+00  0.0000e+00     0.0000e+00  0.0000e+00 
4.2240e+02     0.0000e+00  0.0000e+00     0.0000e+00  0.0000e+00     0.0000e+00  0.0000e+00     0.0000e+00  0.0000e+00 
4.7394e+02     0.0000e+00  0.0000e+00     0.0000e+00  0.0000e+00     0.0000e+00  0.0000e+00     0.0000e+00  0.0000e+00 
5.3176e+02     0.0000e+00  0.0000e+00     0.0000e+00  0.0000e+00     0.0000e+00  0.0000e+00     0.0000e+00  0.0000e+00 
5.9665e+02     0.0000e+00  0.0000e+00     0.0000e+00  0.0000e+00     0.0000e+00  0.0000e+00     0.0000e+00  0.0000e+00 
6.6945e+02     0.0000e+00  0.0000e+00     0.0000e+00  0.0000e+00     0.0000e+00  0.0000e+00     0.0000e+00  0.0000e+00 
7.5114e+02     0.0000e+00  0.0000e+00     0.0000e+00  0.0000e+00     0.0000e+00  0.0000e+00     0.0000e+00  0.0000e+00 
8.4279e+02     0.0000e+00  0.0000e+00     0.0000e+00  0.0000e+00     0.0000e+00  0.0000e+00     0.0000e+00  0.0000e+00 
9.4563e+02     0.0000e+00  0.0000e+00     0.0000e+00  0.0000e+00     0.0000e+00  0.0000e+00     0.0000e+00  0.0000e+00 
1.0610e+03     0.0000e+00  0.0000e+00     0.0000e+00  0.0000e+00     0.0000e+00  0.0000e+00     0.0000e+00  0.0000e+00 
1.1905e+03     0.0000e+00  0.0000e+00     0.0000e+00  0.0000e+00     0.0000e+00  0.0000e+00     0.0000e+00  0.0000e+00 
1.3357e+03     0.0000e+00  0.0000e+00     0.0000e+00  0.0000e+00     0.0000e+00  0.0000e+00     0.0000e+00  0.0000e+00 
1.4987e+03     0.0000e+00  0.0000e+00     0.0000e+00  0.0000e+00     0.0000e+00  0.0000e+00     0.0000e+00  0.0000e+00 
1.6816e+03     0.0000e+00  0.0000e+00     0.0000e+00  0.0000e+00     0.0000e+00  0.0000e+00     0.0000e+00  0.0000e+00 
1.8868e+03     0.0000e+00  0.0000e+00     0.0000e+00  0.0000e+00     0.0000e+00  0.0000e+00     0.0000e+00  0.0000e+00 
2.1170e+03     0.0000e+00  0.0000e+00     0.0000e+00  0.0000e+00     0.0000e+00  0.0000e+00     0.0000e+00  0.0000e+00 
2.3753e+03     0.0000e+00  0.0000e+00     0.0000e+00  0.0000e+00     0.0000e+00  0.0000e+00     0.0000e+00  0.0000e+00 
2.6651e+03     0.0000e+00  0.0000e+00     0.0000e+00  0.0000e+00     0.0000e+00  0.0000e+00     0.0000e+00  0.0000e+00 
2.9903e+03     0.0000e+00  0.0000e+00     0.0000e+00  0.0000e+00     0.0000e+00  0.0000e+00     0.0000e+00  0.0000e+00 
3.3552e+03     0.0000e+00  0.0000e+00     0.0000e+00  0.0000e+00     0.0000e+00  0.0000e+00     0.0000e+00  0.0000e+00 
3.7646e+03     0.0000e+00  0.0000e+00     0.0000e+00  0.0000e+00     0.0000e+00  0.0000e+00     0.0000e+00  0.0000e+00 
4.2240e+03     0.0000e+00  0.0000e+00     0.0000e+00  0.0000e+00     0.0000e+00  0.0000e+00     0.0000e+00  0.0000e+00 
4.7394e+03     0.0000e+00  0.0000e+00     0.0000e+00  0.0000e+00     0.0000e+00  0.0000e+00     0.0000e+00  0.0000e+00 
5.3176e+03     0.0000e+00  0.0000e+00     0.0000e+00  0.0000e+00     0.0000e+00  0.0000e+00     0.0000e+00  0.0000e+00 
5.9665e+03     0.0000e+00  0.0000e+00     0.0000e+00  0.0000e+00     0.0000e+00  0.0000e+00     0.0000e+00  0.0000e+00 
6.6945e+03     0.0000e+00  0.0000e+00     0.0000e+00  0.0000e+00     0.0000e+00  0.0000e+00     0.0000e+00  0.0000e+00 
7.5114e+03     0.0000e+00  0.0000e+00     0.0000e+00  0.0000e+00     0.0000e+00  0.0000e+00     0.0000e+00  0.0000e+00 
8.4279e+03     0.0000e+00  0.0000e+00     0.0000e+00  0.0000e+00     0.0000e+00  0.0000e+00     0.0000e+00  0.0000e+00 
9.4563e+03     0.0000e+00  0.0000e+00     0.0000e+00  0.0000e+00     0.0000e+00  0.0000e+00     0.0000e+00  0.0000e+00 
