yF = 3.7984e+00 (std: 0.0000e+00) keV/um
yD = 2.1143e+01 (std: 0.0000e+00) keV/um
y (keV/um)     f(y)(std)                  yf(y)(std)                 d(y)(std)                  yd(y)(std)  
1.0610e-01     2.8111e+01  0.0000e+00     2.9826e+00  0.0000e+00     7.8521e-01  0.0000e+00     8.3312e-02  0.0000e+00 
1.1905e-01     1.9445e+00  0.0000e+00     2.3148e-01  0.0000e+00     6.0942e-02  0.0000e+00     7.2550e-03  0.0000e+00 
1.3357e-01     6.4432e-01  0.0000e+00     8.6064e-02  0.0000e+00     2.2658e-02  0.0000e+00     3.0265e-03  0.0000e+00 
1.4987e-01     3.0693e+00  0.0000e+00     4.6000e-01  0.0000e+00     1.2110e-01  0.0000e+00     1.8150e-02  0.0000e+00 
1.6816e-01     7.5888e-01  0.0000e+00     1.2761e-01  0.0000e+00     3.3596e-02  0.0000e+00     5.6495e-03  0.0000e+00 
1.8868e-01     5.1906e-01  0.0000e+00     9.7935e-02  0.0000e+00     2.5783e-02  0.0000e+00     4.8647e-03  0.0000e+00 
2.1170e-01     5.6075e-01  0.0000e+00     1.1871e-01  0.0000e+00     3.1252e-02  0.0000e+00     6.6161e-03  0.0000e+00 
2.3753e-01     6.7468e-01  0.0000e+00     1.6026e-01  0.0000e+00     4.2191e-02  0.0000e+00     1.0022e-02  0.0000e+00 
2.6651e-01     2.8952e-01  0.0000e+00     7.7161e-02  0.0000e+00     2.0314e-02  0.0000e+00     5.4139e-03  0.0000e+00 
2.9903e-01     1.7864e-01  0.0000e+00     5.3419e-02  0.0000e+00     1.4064e-02  0.0000e+00     4.2055e-03  0.0000e+00 
3.3552e-01     1.3445e+00  0.0000e+00     4.5110e-01  0.0000e+00     1.1876e-01  0.0000e+00     3.9846e-02  0.0000e+00 
3.7646e-01     9.4599e-01  0.0000e+00     3.5613e-01  0.0000e+00     9.3757e-02  0.0000e+00     3.5296e-02  0.0000e+00 
4.2240e-01     4.1453e-01  0.0000e+00     1.7510e-01  0.0000e+00     4.6097e-02  0.0000e+00     1.9471e-02  0.0000e+00 
4.7394e-01     4.2581e-01  0.0000e+00     2.0181e-01  0.0000e+00     5.3129e-02  0.0000e+00     2.5180e-02  0.0000e+00 
5.3176e-01     2.2324e-01  0.0000e+00     1.1871e-01  0.0000e+00     3.1252e-02  0.0000e+00     1.6619e-02  0.0000e+00 
5.9665e-01     1.0943e-01  0.0000e+00     6.5290e-02  0.0000e+00     1.7189e-02  0.0000e+00     1.0256e-02  0.0000e+00 
6.6945e-01     2.0836e-01  0.0000e+00     1.3948e-01  0.0000e+00     3.6721e-02  0.0000e+00     2.4583e-02  0.0000e+00 
7.5114e-01     1.5409e-01  0.0000e+00     1.1574e-01  0.0000e+00     3.0471e-02  0.0000e+00     2.2888e-02  0.0000e+00 
8.4279e-01     1.0916e-01  0.0000e+00     9.2000e-02  0.0000e+00     2.4220e-02  0.0000e+00     2.0413e-02  0.0000e+00 
9.4563e-01     6.2768e-02  0.0000e+00     5.9355e-02  0.0000e+00     1.5626e-02  0.0000e+00     1.4776e-02  0.0000e+00 
1.0610e+00     3.9159e-02  0.0000e+00     4.1548e-02  0.0000e+00     1.0938e-02  0.0000e+00     1.1606e-02  0.0000e+00 
1.1905e+00     4.2379e-02  0.0000e+00     5.0452e-02  0.0000e+00     1.3282e-02  0.0000e+00     1.5812e-02  0.0000e+00 
1.3357e+00     1.5553e-02  0.0000e+00     2.0774e-02  0.0000e+00     5.4691e-03  0.0000e+00     7.3053e-03  0.0000e+00 
1.4987e+00     0.0000e+00  0.0000e+00     0.0000e+00  0.0000e+00     0.0000e+00  0.0000e+00     0.0000e+00  0.0000e+00 
1.6816e+00     5.2945e-03  0.0000e+00     8.9032e-03  0.0000e+00     2.3439e-03  0.0000e+00     3.9415e-03  0.0000e+00 
1.8868e+00     1.5729e-03  0.0000e+00     2.9677e-03  0.0000e+00     7.8131e-04  0.0000e+00     1.4741e-03  0.0000e+00 
2.1170e+00     1.4019e-03  0.0000e+00     2.9677e-03  0.0000e+00     7.8131e-04  0.0000e+00     1.6540e-03  0.0000e+00 
2.3753e+00     0.0000e+00  0.0000e+00     0.0000e+00  0.0000e+00     0.0000e+00  0.0000e+00     0.0000e+00  0.0000e+00 
2.6651e+00     0.0000e+00  0.0000e+00     0.0000e+00  0.0000e+00     0.0000e+00  0.0000e+00     0.0000e+00  0.0000e+00 
2.9903e+00     0.0000e+00  0.0000e+00     0.0000e+00  0.0000e+00     0.0000e+00  0.0000e+00     0.0000e+00  0.0000e+00 
3.3552e+00     0.0000e+00  0.0000e+00     0.0000e+00  0.0000e+00     0.0000e+00  0.0000e+00     0.0000e+00  0.0000e+00 
3.7646e+00     0.0000e+00  0.0000e+00     0.0000e+00  0.0000e+00     0.0000e+00  0.0000e+00     0.0000e+00  0.0000e+00 
4.2240e+00     0.0000e+00  0.0000e+00     0.0000e+00  0.0000e+00     0.0000e+00  0.0000e+00     0.0000e+00  0.0000e+00 
4.7394e+00     0.0000e+00  0.0000e+00     0.0000e+00  0.0000e+00     0.0000e+00  0.0000e+00     0.0000e+00  0.0000e+00 
5.3176e+00     0.0000e+00  0.0000e+00     0.0000e+00  0.0000e+00     0.0000e+00  0.0000e+00     0.0000e+00  0.0000e+00 
5.9665e+00     1.1888e-01  0.0000e+00     7.0929e-01  0.0000e+00     1.8673e-01  0.0000e+00     1.1141e+00  0.0000e+00 
6.6945e+00     1.7732e-02  0.0000e+00     1.1871e-01  0.0000e+00     3.1252e-02  0.0000e+00     2.0922e-01  0.0000e+00 
7.5114e+00     9.8775e-03  0.0000e+00     7.4194e-02  0.0000e+00     1.9533e-02  0.0000e+00     1.4672e-01  0.0000e+00 
8.4279e+00     2.3945e-02  0.0000e+00     2.0181e-01  0.0000e+00     5.3129e-02  0.0000e+00     4.4776e-01  0.0000e+00 
9.4563e+00     1.5692e-02  0.0000e+00     1.4839e-01  0.0000e+00     3.9065e-02  0.0000e+00     3.6941e-01  0.0000e+00 
1.0610e+01     1.9300e-02  0.0000e+00     2.0477e-01  0.0000e+00     5.3910e-02  0.0000e+00     5.7199e-01  0.0000e+00 
1.1905e+01     1.6204e-02  0.0000e+00     1.9290e-01  0.0000e+00     5.0785e-02  0.0000e+00     6.0458e-01  0.0000e+00 
1.3357e+01     1.2220e-02  0.0000e+00     1.6323e-01  0.0000e+00     4.2972e-02  0.0000e+00     5.7399e-01  0.0000e+00 
1.4987e+01     5.1485e-03  0.0000e+00     7.7161e-02  0.0000e+00     2.0314e-02  0.0000e+00     3.0445e-01  0.0000e+00 
1.6816e+01     5.2945e-03  0.0000e+00     8.9032e-02  0.0000e+00     2.3439e-02  0.0000e+00     3.9415e-01  0.0000e+00 
1.8868e+01     2.8313e-03  0.0000e+00     5.3419e-02  0.0000e+00     1.4064e-02  0.0000e+00     2.6535e-01  0.0000e+00 
2.1170e+01     3.2243e-03  0.0000e+00     6.8258e-02  0.0000e+00     1.7970e-02  0.0000e+00     3.8042e-01  0.0000e+00 
2.3753e+01     2.4988e-03  0.0000e+00     5.9355e-02  0.0000e+00     1.5626e-02  0.0000e+00     3.7117e-01  0.0000e+00 
2.6651e+01     1.4476e-03  0.0000e+00     3.8581e-02  0.0000e+00     1.0157e-02  0.0000e+00     2.7070e-01  0.0000e+00 
2.9903e+01     1.2902e-03  0.0000e+00     3.8581e-02  0.0000e+00     1.0157e-02  0.0000e+00     3.0373e-01  0.0000e+00 
3.3552e+01     1.0614e-03  0.0000e+00     3.5613e-02  0.0000e+00     9.3757e-03  0.0000e+00     3.1457e-01  0.0000e+00 
3.7646e+01     7.8833e-04  0.0000e+00     2.9677e-02  0.0000e+00     7.8131e-03  0.0000e+00     2.9413e-01  0.0000e+00 
4.2240e+01     6.3234e-04  0.0000e+00     2.6710e-02  0.0000e+00     7.0318e-03  0.0000e+00     2.9702e-01  0.0000e+00 
4.7394e+01     5.0095e-04  0.0000e+00     2.3742e-02  0.0000e+00     6.2504e-03  0.0000e+00     2.9623e-01  0.0000e+00 
5.3176e+01     1.6743e-04  0.0000e+00     8.9032e-03  0.0000e+00     2.3439e-03  0.0000e+00     1.2464e-01  0.0000e+00 
5.9665e+01     2.9844e-04  0.0000e+00     1.7806e-02  0.0000e+00     4.6878e-03  0.0000e+00     2.7970e-01  0.0000e+00 
6.6945e+01     1.7732e-04  0.0000e+00     1.1871e-02  0.0000e+00     3.1252e-03  0.0000e+00     2.0922e-01  0.0000e+00 
7.5114e+01     3.9510e-05  0.0000e+00     2.9677e-03  0.0000e+00     7.8131e-04  0.0000e+00     5.8687e-02  0.0000e+00 
8.4279e+01     0.0000e+00  0.0000e+00     0.0000e+00  0.0000e+00     0.0000e+00  0.0000e+00     0.0000e+00  0.0000e+00 
9.4563e+01     3.1384e-05  0.0000e+00     2.9677e-03  0.0000e+00     7.8131e-04  0.0000e+00     7.3882e-02  0.0000e+00 
1.0610e+02     0.0000e+00  0.0000e+00     0.0000e+00  0.0000e+00     0.0000e+00  0.0000e+00     0.0000e+00  0.0000e+00 
1.1905e+02     0.0000e+00  0.0000e+00     0.0000e+00  0.0000e+00     0.0000e+00  0.0000e+00     0.0000e+00  0.0000e+00 
1.3357e+02     0.0000e+00  0.0000e+00     0.0000e+00  0.0000e+00     0.0000e+00  0.0000e+00     0.0000e+00  0.0000e+00 
1.4987e+02     0.0000e+00  0.0000e+00     0.0000e+00  0.0000e+00     0.0000e+00  0.0000e+00     0.0000e+00  0.0000e+00 
1.6816e+02     0.0000e+00  0.0000e+00     0.0000e+00  0.0000e+00     0.0000e+00  0.0000e+00     0.0000e+00  0.0000e+00 
1.8868e+02     0.0000e+00  0.0000e+00     0.0000e+00  0.0000e+00     0.0000e+00  0.0000e+00     0.0000e+00  0.0000e+00 
2.1170e+02     0.0000e+00  0.0000e+00     0.0000e+00  0.0000e+00     0.0000e+00  0.0000e+00     0.0000e+00  0.0000e+00 
2.3753e+02     0.0000e+00  0.0000e+00     0.0000e+00  0.0000e+00     0.0000e+00  0.0000e+00     0.0000e+00  0.0000e+00 
2.6651e+02     0.0000e+00  0.0000e+00     0.0000e+00  0.0000e+00     0.0000e+00  0.0000e+00     0.0000e+00  0.0000e+00 
2.9903e+02     0.0000e+00  0.0000e+00     0.0000e+00  0.0000e+00     0.0000e+00  0.0000e+00     0.0000e+00  0.0000e+00 
3.3552e+02     0.0000e+00  0.0000e+00     0.0000e+00  0.0000e+00     0.0000e+00  0.0000e+00     0.0000e+00  0.0000e+00 
3.7646e+02     0.0000e+00  0.0000e+00     0.0000e+00  0.0000e+00     0.0000e+00  0.0000e+00     0.0000e+00  0.0000e+00 
4.2240e+02     0.0000e+00  0.0000e+00     0.0000e+00  0.0000e+00     0.0000e+00  0.0000e+00     0.0000e+00  0.0000e+00 
4.7394e+02     0.0000e+00  0.0000e+00     0.0000e+00  0.0000e+00     0.0000e+00  0.0000e+00     0.0000e+00  0.0000e+00 
5.3176e+02     0.0000e+00  0.0000e+00     0.0000e+00  0.0000e+00     0.0000e+00  0.0000e+00     0.0000e+00  0.0000e+00 
5.9665e+02     0.0000e+00  0.0000e+00     0.0000e+00  0.0000e+00     0.0000e+00  0.0000e+00     0.0000e+00  0.0000e+00 
6.6945e+02     0.0000e+00  0.0000e+00     0.0000e+00  0.0000e+00     0.0000e+00  0.0000e+00     0.0000e+00  0.0000e+00 
7.5114e+02     0.0000e+00  0.0000e+00     0.0000e+00  0.0000e+00     0.0000e+00  0.0000e+00     0.0000e+00  0.0000e+00 
8.4279e+02     0.0000e+00  0.0000e+00     0.0000e+00  0.0000e+00     0.0000e+00  0.0000e+00     0.0000e+00  0.0000e+00 
9.4563e+02     0.0000e+00  0.0000e+00     0.0000e+00  0.0000e+00     0.0000e+00  0.0000e+00     0.0000e+00  0.0000e+00 
1.0610e+03     0.0000e+00  0.0000e+00     0.0000e+00  0.0000e+00     0.0000e+00  0.0000e+00     0.0000e+00  0.0000e+00 
1.1905e+03     0.0000e+00  0.0000e+00     0.0000e+00  0.0000e+00     0.0000e+00  0.0000e+00     0.0000e+00  0.0000e+00 
1.3357e+03     0.0000e+00  0.0000e+00     0.0000e+00  0.0000e+00     0.0000e+00  0.0000e+00     0.0000e+00  0.0000e+00 
1.4987e+03     0.0000e+00  0.0000e+00     0.0000e+00  0.0000e+00     0.0000e+00  0.0000e+00     0.0000e+00  0.0000e+00 
1.6816e+03     0.0000e+00  0.0000e+00     0.0000e+00  0.0000e+00     0.0000e+00  0.0000e+00     0.0000e+00  0.0000e+00 
1.8868e+03     0.0000e+00  0.0000e+00     0.0000e+00  0.0000e+00     0.0000e+00  0.0000e+00     0.0000e+00  0.0000e+00 
2.1170e+03     0.0000e+00  0.0000e+00     0.0000e+00  0.0000e+00     0.0000e+00  0.0000e+00     0.0000e+00  0.0000e+00 
2.3753e+03     0.0000e+00  0.0000e+00     0.0000e+00  0.0000e+00     0.0000e+00  0.0000e+00     0.0000e+00  0.0000e+00 
2.6651e+03     0.0000e+00  0.0000e+00     0.0000e+00  0.0000e+00     0.0000e+00  0.0000e+00     0.0000e+00  0.0000e+00 
2.9903e+03     0.0000e+00  0.0000e+00     0.0000e+00  0.0000e+00     0.0000e+00  0.0000e+00     0.0000e+00  0.0000e+00 
3.3552e+03     0.0000e+00  0.0000e+00     0.0000e+00  0.0000e+00     0.0000e+00  0.0000e+00     0.0000e+00  0.0000e+00 
3.7646e+03     0.0000e+00  0.0000e+00     0.0000e+00  0.0000e+00     0.0000e+00  0.0000e+00     0.0000e+00  0.0000e+00 
4.2240e+03     0.0000e+00  0.0000e+00     0.0000e+00  0.0000e+00     0.0000e+00  0.0000e+00     0.0000e+00  0.0000e+00 
4.7394e+03     0.0000e+00  0.0000e+00     0.0000e+00  0.0000e+00     0.0000e+00  0.0000e+00     0.0000e+00  0.0000e+00 
5.3176e+03     0.0000e+00  0.0000e+00     0.0000e+00  0.0000e+00     0.0000e+00  0.0000e+00     0.0000e+00  0.0000e+00 
5.9665e+03     0.0000e+00  0.0000e+00     0.0000e+00  0.0000e+00     0.0000e+00  0.0000e+00     0.0000e+00  0.0000e+00 
6.6945e+03     0.0000e+00  0.0000e+00     0.0000e+00  0.0000e+00     0.0000e+00  0.0000e+00     0.0000e+00  0.0000e+00 
7.5114e+03     0.0000e+00  0.0000e+00     0.0000e+00  0.0000e+00     0.0000e+00  0.0000e+00     0.0000e+00  0.0000e+00 
8.4279e+03     0.0000e+00  0.0000e+00     0.0000e+00  0.0000e+00     0.0000e+00  0.0000e+00     0.0000e+00  0.0000e+00 
9.4563e+03     0.0000e+00  0.0000e+00     0.0000e+00  0.0000e+00     0.0000e+00  0.0000e+00     0.0000e+00  0.0000e+00 
