yF = 1.0545e+01 (std: 0.0000e+00) keV/um
yD = 2.0036e+01 (std: 0.0000e+00) keV/um
y (keV/um)     f(y)(std)                  yf(y)(std)                 d(y)(std)                  yd(y)(std)  
1.0610e-01     1.5613e+01  0.0000e+00     1.6566e+00  0.0000e+00     1.5710e-01  0.0000e+00     1.6668e-02  0.0000e+00 
1.1905e-01     9.5464e-01  0.0000e+00     1.1365e-01  0.0000e+00     1.0777e-02  0.0000e+00     1.2830e-03  0.0000e+00 
1.3357e-01     2.5052e-01  0.0000e+00     3.3463e-02  0.0000e+00     3.1734e-03  0.0000e+00     4.2388e-04  0.0000e+00 
1.4987e-01     1.2510e+00  0.0000e+00     1.8750e-01  0.0000e+00     1.7781e-02  0.0000e+00     2.6648e-03  0.0000e+00 
1.6816e-01     3.4993e-01  0.0000e+00     5.8844e-02  0.0000e+00     5.5803e-03  0.0000e+00     9.3838e-04  0.0000e+00 
1.8868e-01     1.9991e-01  0.0000e+00     3.7718e-02  0.0000e+00     3.5769e-03  0.0000e+00     6.7487e-04  0.0000e+00 
2.1170e-01     2.1830e-01  0.0000e+00     4.6214e-02  0.0000e+00     4.3825e-03  0.0000e+00     9.2778e-04  0.0000e+00 
2.3753e-01     2.0658e-01  0.0000e+00     4.9068e-02  0.0000e+00     4.6532e-03  0.0000e+00     1.1053e-03  0.0000e+00 
2.6651e-01     8.1621e-02  0.0000e+00     2.1753e-02  0.0000e+00     2.0629e-03  0.0000e+00     5.4979e-04  0.0000e+00 
2.9903e-01     6.4494e-02  0.0000e+00     1.9286e-02  0.0000e+00     1.8289e-03  0.0000e+00     5.4690e-04  0.0000e+00 
3.3552e-01     3.9195e-01  0.0000e+00     1.3151e-01  0.0000e+00     1.2471e-02  0.0000e+00     4.1843e-03  0.0000e+00 
3.7646e-01     1.9921e-01  0.0000e+00     7.4996e-02  0.0000e+00     7.1120e-03  0.0000e+00     2.6774e-03  0.0000e+00 
4.2240e-01     8.1307e-02  0.0000e+00     3.4344e-02  0.0000e+00     3.2569e-03  0.0000e+00     1.3757e-03  0.0000e+00 
4.7394e-01     7.3197e-02  0.0000e+00     3.4690e-02  0.0000e+00     3.2898e-03  0.0000e+00     1.5591e-03  0.0000e+00 
5.3176e-01     4.2488e-02  0.0000e+00     2.2593e-02  0.0000e+00     2.1426e-03  0.0000e+00     1.1393e-03  0.0000e+00 
5.9665e-01     2.0722e-02  0.0000e+00     1.2364e-02  0.0000e+00     1.1725e-03  0.0000e+00     6.9956e-04  0.0000e+00 
6.6945e-01     2.9924e-02  0.0000e+00     2.0033e-02  0.0000e+00     1.8997e-03  0.0000e+00     1.2718e-03  0.0000e+00 
7.5114e-01     2.3101e-02  0.0000e+00     1.7352e-02  0.0000e+00     1.6455e-03  0.0000e+00     1.2360e-03  0.0000e+00 
8.4279e-01     1.1220e-02  0.0000e+00     9.4562e-03  0.0000e+00     8.9675e-04  0.0000e+00     7.5577e-04  0.0000e+00 
9.4563e-01     6.5867e-03  0.0000e+00     6.2285e-03  0.0000e+00     5.9066e-04  0.0000e+00     5.5855e-04  0.0000e+00 
1.0610e+00     5.1413e-03  0.0000e+00     5.4550e-03  0.0000e+00     5.1731e-04  0.0000e+00     5.4887e-04  0.0000e+00 
1.1905e+00     2.5992e-03  0.0000e+00     3.0943e-03  0.0000e+00     2.9343e-04  0.0000e+00     3.4933e-04  0.0000e+00 
1.3357e+00     1.3080e-03  0.0000e+00     1.7472e-03  0.0000e+00     1.6569e-04  0.0000e+00     2.2132e-04  0.0000e+00 
1.4987e+00     6.1404e-04  0.0000e+00     9.2028e-04  0.0000e+00     8.7272e-05  0.0000e+00     1.3080e-04  0.0000e+00 
1.6816e+00     2.3794e-04  0.0000e+00     4.0012e-04  0.0000e+00     3.7944e-05  0.0000e+00     6.3806e-05  0.0000e+00 
1.8868e+00     1.2017e-04  0.0000e+00     2.2673e-04  0.0000e+00     2.1502e-05  0.0000e+00     4.0569e-05  0.0000e+00 
2.1170e+00     4.4101e-05  0.0000e+00     9.3361e-05  0.0000e+00     8.8536e-06  0.0000e+00     1.8743e-05  0.0000e+00 
2.3753e+00     2.2460e-05  0.0000e+00     5.3349e-05  0.0000e+00     5.0592e-06  0.0000e+00     1.2017e-05  0.0000e+00 
2.6651e+00     0.0000e+00  0.0000e+00     0.0000e+00  0.0000e+00     0.0000e+00  0.0000e+00     0.0000e+00  0.0000e+00 
2.9903e+00     0.0000e+00  0.0000e+00     0.0000e+00  0.0000e+00     0.0000e+00  0.0000e+00     0.0000e+00  0.0000e+00 
3.3552e+00     0.0000e+00  0.0000e+00     0.0000e+00  0.0000e+00     0.0000e+00  0.0000e+00     0.0000e+00  0.0000e+00 
3.7646e+00     0.0000e+00  0.0000e+00     0.0000e+00  0.0000e+00     0.0000e+00  0.0000e+00     0.0000e+00  0.0000e+00 
4.2240e+00     0.0000e+00  0.0000e+00     0.0000e+00  0.0000e+00     0.0000e+00  0.0000e+00     0.0000e+00  0.0000e+00 
4.7394e+00     0.0000e+00  0.0000e+00     0.0000e+00  0.0000e+00     0.0000e+00  0.0000e+00     0.0000e+00  0.0000e+00 
5.3176e+00     0.0000e+00  0.0000e+00     0.0000e+00  0.0000e+00     0.0000e+00  0.0000e+00     0.0000e+00  0.0000e+00 
5.9665e+00     1.0470e-02  0.0000e+00     6.2472e-02  0.0000e+00     5.9243e-03  0.0000e+00     3.5348e-02  0.0000e+00 
6.6945e+00     1.4813e-02  0.0000e+00     9.9163e-02  0.0000e+00     9.4038e-03  0.0000e+00     6.2954e-02  0.0000e+00 
7.5114e+00     1.3662e-02  0.0000e+00     1.0262e-01  0.0000e+00     9.7314e-03  0.0000e+00     7.3096e-02  0.0000e+00 
8.4279e+00     5.8674e-02  0.0000e+00     4.9450e-01  0.0000e+00     4.6894e-02  0.0000e+00     3.9522e-01  0.0000e+00 
9.4563e+00     6.2480e-02  0.0000e+00     5.9083e-01  0.0000e+00     5.6030e-02  0.0000e+00     5.2983e-01  0.0000e+00 
1.0610e+01     1.3233e-01  0.0000e+00     1.4040e+00  0.0000e+00     1.3314e-01  0.0000e+00     1.4127e+00  0.0000e+00 
1.1905e+01     6.5304e-02  0.0000e+00     7.7742e-01  0.0000e+00     7.3724e-02  0.0000e+00     8.7767e-01  0.0000e+00 
1.3357e+01     1.8976e-02  0.0000e+00     2.5346e-01  0.0000e+00     2.4036e-02  0.0000e+00     3.2106e-01  0.0000e+00 
1.4987e+01     3.8453e-03  0.0000e+00     5.7631e-02  0.0000e+00     5.4652e-03  0.0000e+00     8.1908e-02  0.0000e+00 
1.6816e+01     6.4713e-02  0.0000e+00     1.0882e+00  0.0000e+00     1.0320e-01  0.0000e+00     1.7353e+00  0.0000e+00 
1.8868e+01     1.7087e-02  0.0000e+00     3.2239e-01  0.0000e+00     3.0573e-02  0.0000e+00     5.7684e-01  0.0000e+00 
2.1170e+01     9.1371e-03  0.0000e+00     1.9343e-01  0.0000e+00     1.8343e-02  0.0000e+00     3.8833e-01  0.0000e+00 
2.3753e+01     5.6925e-03  0.0000e+00     1.3521e-01  0.0000e+00     1.2823e-02  0.0000e+00     3.0458e-01  0.0000e+00 
2.6651e+01     2.9891e-03  0.0000e+00     7.9664e-02  0.0000e+00     7.5547e-03  0.0000e+00     2.0134e-01  0.0000e+00 
2.9903e+01     4.5940e-03  0.0000e+00     1.3737e-01  0.0000e+00     1.3027e-02  0.0000e+00     3.8956e-01  0.0000e+00 
3.3552e+01     2.1426e-03  0.0000e+00     7.1888e-02  0.0000e+00     6.8173e-03  0.0000e+00     2.2873e-01  0.0000e+00 
3.7646e+01     1.6428e-03  0.0000e+00     6.1845e-02  0.0000e+00     5.8649e-03  0.0000e+00     2.2079e-01  0.0000e+00 
4.2240e+01     1.1257e-03  0.0000e+00     4.7548e-02  0.0000e+00     4.5090e-03  0.0000e+00     1.9046e-01  0.0000e+00 
4.7394e+01     8.5748e-04  0.0000e+00     4.0639e-02  0.0000e+00     3.8539e-03  0.0000e+00     1.8265e-01  0.0000e+00 
5.3176e+01     5.5756e-04  0.0000e+00     2.9649e-02  0.0000e+00     2.8117e-03  0.0000e+00     1.4951e-01  0.0000e+00 
5.9665e+01     3.5364e-04  0.0000e+00     2.1100e-02  0.0000e+00     2.0009e-03  0.0000e+00     1.1938e-01  0.0000e+00 
6.6945e+01     1.9186e-04  0.0000e+00     1.2844e-02  0.0000e+00     1.2180e-03  0.0000e+00     8.1540e-02  0.0000e+00 
7.5114e+01     8.8959e-05  0.0000e+00     6.6820e-03  0.0000e+00     6.3367e-04  0.0000e+00     4.7597e-02  0.0000e+00 
8.4279e+01     3.4499e-05  0.0000e+00     2.9075e-03  0.0000e+00     2.7573e-04  0.0000e+00     2.3238e-02  0.0000e+00 
9.4563e+01     1.4245e-05  0.0000e+00     1.3471e-03  0.0000e+00     1.2775e-04  0.0000e+00     1.2080e-02  0.0000e+00 
1.0610e+02     4.9025e-06  0.0000e+00     5.2016e-04  0.0000e+00     4.9327e-05  0.0000e+00     5.2337e-03  0.0000e+00 
1.1905e+02     2.9129e-06  0.0000e+00     3.4677e-04  0.0000e+00     3.2885e-05  0.0000e+00     3.9149e-03  0.0000e+00 
1.3357e+02     7.9880e-07  0.0000e+00     1.0670e-04  0.0000e+00     1.0118e-05  0.0000e+00     1.3516e-03  0.0000e+00 
1.4987e+02     1.7798e-07  0.0000e+00     2.6675e-05  0.0000e+00     2.5296e-06  0.0000e+00     3.7912e-04  0.0000e+00 
1.6816e+02     0.0000e+00  0.0000e+00     0.0000e+00  0.0000e+00     0.0000e+00  0.0000e+00     0.0000e+00  0.0000e+00 
1.8868e+02     7.0689e-08  0.0000e+00     1.3337e-05  0.0000e+00     1.2648e-06  0.0000e+00     2.3864e-04  0.0000e+00 
2.1170e+02     0.0000e+00  0.0000e+00     0.0000e+00  0.0000e+00     0.0000e+00  0.0000e+00     0.0000e+00  0.0000e+00 
2.3753e+02     0.0000e+00  0.0000e+00     0.0000e+00  0.0000e+00     0.0000e+00  0.0000e+00     0.0000e+00  0.0000e+00 
2.6651e+02     0.0000e+00  0.0000e+00     0.0000e+00  0.0000e+00     0.0000e+00  0.0000e+00     0.0000e+00  0.0000e+00 
2.9903e+02     0.0000e+00  0.0000e+00     0.0000e+00  0.0000e+00     0.0000e+00  0.0000e+00     0.0000e+00  0.0000e+00 
3.3552e+02     0.0000e+00  0.0000e+00     0.0000e+00  0.0000e+00     0.0000e+00  0.0000e+00     0.0000e+00  0.0000e+00 
3.7646e+02     0.0000e+00  0.0000e+00     0.0000e+00  0.0000e+00     0.0000e+00  0.0000e+00     0.0000e+00  0.0000e+00 
4.2240e+02     0.0000e+00  0.0000e+00     0.0000e+00  0.0000e+00     0.0000e+00  0.0000e+00     0.0000e+00  0.0000e+00 
4.7394e+02     0.0000e+00  0.0000e+00     0.0000e+00  0.0000e+00     0.0000e+00  0.0000e+00     0.0000e+00  0.0000e+00 
5.3176e+02     0.0000e+00  0.0000e+00     0.0000e+00  0.0000e+00     0.0000e+00  0.0000e+00     0.0000e+00  0.0000e+00 
5.9665e+02     0.0000e+00  0.0000e+00     0.0000e+00  0.0000e+00     0.0000e+00  0.0000e+00     0.0000e+00  0.0000e+00 
6.6945e+02     0.0000e+00  0.0000e+00     0.0000e+00  0.0000e+00     0.0000e+00  0.0000e+00     0.0000e+00  0.0000e+00 
7.5114e+02     0.0000e+00  0.0000e+00     0.0000e+00  0.0000e+00     0.0000e+00  0.0000e+00     0.0000e+00  0.0000e+00 
8.4279e+02     0.0000e+00  0.0000e+00     0.0000e+00  0.0000e+00     0.0000e+00  0.0000e+00     0.0000e+00  0.0000e+00 
9.4563e+02     0.0000e+00  0.0000e+00     0.0000e+00  0.0000e+00     0.0000e+00  0.0000e+00     0.0000e+00  0.0000e+00 
1.0610e+03     0.0000e+00  0.0000e+00     0.0000e+00  0.0000e+00     0.0000e+00  0.0000e+00     0.0000e+00  0.0000e+00 
1.1905e+03     0.0000e+00  0.0000e+00     0.0000e+00  0.0000e+00     0.0000e+00  0.0000e+00     0.0000e+00  0.0000e+00 
1.3357e+03     0.0000e+00  0.0000e+00     0.0000e+00  0.0000e+00     0.0000e+00  0.0000e+00     0.0000e+00  0.0000e+00 
1.4987e+03     0.0000e+00  0.0000e+00     0.0000e+00  0.0000e+00     0.0000e+00  0.0000e+00     0.0000e+00  0.0000e+00 
1.6816e+03     0.0000e+00  0.0000e+00     0.0000e+00  0.0000e+00     0.0000e+00  0.0000e+00     0.0000e+00  0.0000e+00 
1.8868e+03     0.0000e+00  0.0000e+00     0.0000e+00  0.0000e+00     0.0000e+00  0.0000e+00     0.0000e+00  0.0000e+00 
2.1170e+03     0.0000e+00  0.0000e+00     0.0000e+00  0.0000e+00     0.0000e+00  0.0000e+00     0.0000e+00  0.0000e+00 
2.3753e+03     0.0000e+00  0.0000e+00     0.0000e+00  0.0000e+00     0.0000e+00  0.0000e+00     0.0000e+00  0.0000e+00 
2.6651e+03     0.0000e+00  0.0000e+00     0.0000e+00  0.0000e+00     0.0000e+00  0.0000e+00     0.0000e+00  0.0000e+00 
2.9903e+03     0.0000e+00  0.0000e+00     0.0000e+00  0.0000e+00     0.0000e+00  0.0000e+00     0.0000e+00  0.0000e+00 
3.3552e+03     0.0000e+00  0.0000e+00     0.0000e+00  0.0000e+00     0.0000e+00  0.0000e+00     0.0000e+00  0.0000e+00 
3.7646e+03     0.0000e+00  0.0000e+00     0.0000e+00  0.0000e+00     0.0000e+00  0.0000e+00     0.0000e+00  0.0000e+00 
4.2240e+03     0.0000e+00  0.0000e+00     0.0000e+00  0.0000e+00     0.0000e+00  0.0000e+00     0.0000e+00  0.0000e+00 
4.7394e+03     0.0000e+00  0.0000e+00     0.0000e+00  0.0000e+00     0.0000e+00  0.0000e+00     0.0000e+00  0.0000e+00 
5.3176e+03     0.0000e+00  0.0000e+00     0.0000e+00  0.0000e+00     0.0000e+00  0.0000e+00     0.0000e+00  0.0000e+00 
5.9665e+03     0.0000e+00  0.0000e+00     0.0000e+00  0.0000e+00     0.0000e+00  0.0000e+00     0.0000e+00  0.0000e+00 
6.6945e+03     0.0000e+00  0.0000e+00     0.0000e+00  0.0000e+00     0.0000e+00  0.0000e+00     0.0000e+00  0.0000e+00 
7.5114e+03     0.0000e+00  0.0000e+00     0.0000e+00  0.0000e+00     0.0000e+00  0.0000e+00     0.0000e+00  0.0000e+00 
8.4279e+03     0.0000e+00  0.0000e+00     0.0000e+00  0.0000e+00     0.0000e+00  0.0000e+00     0.0000e+00  0.0000e+00 
9.4563e+03     0.0000e+00  0.0000e+00     0.0000e+00  0.0000e+00     0.0000e+00  0.0000e+00     0.0000e+00  0.0000e+00 
