yF = 4.0283e+00 (std: 0.0000e+00) keV/um
yD = 2.0553e+01 (std: 0.0000e+00) keV/um
y (keV/um)     f(y)(std)                  yf(y)(std)                 d(y)(std)                  yd(y)(std)  
1.0610e-01     2.6717e+01  0.0000e+00     2.8347e+00  0.0000e+00     7.0370e-01  0.0000e+00     7.4663e-02  0.0000e+00 
1.1905e-01     1.9013e+00  0.0000e+00     2.2634e-01  0.0000e+00     5.6188e-02  0.0000e+00     6.6890e-03  0.0000e+00 
1.3357e-01     5.4056e-01  0.0000e+00     7.2204e-02  0.0000e+00     1.7924e-02  0.0000e+00     2.3942e-03  0.0000e+00 
1.4987e-01     2.8408e+00  0.0000e+00     4.2575e-01  0.0000e+00     1.0569e-01  0.0000e+00     1.5840e-02  0.0000e+00 
1.6816e-01     8.3319e-01  0.0000e+00     1.4011e-01  0.0000e+00     3.4780e-02  0.0000e+00     5.8486e-03  0.0000e+00 
1.8868e-01     5.5063e-01  0.0000e+00     1.0389e-01  0.0000e+00     2.5790e-02  0.0000e+00     4.8661e-03  0.0000e+00 
2.1170e-01     6.6610e-01  0.0000e+00     1.4101e-01  0.0000e+00     3.5005e-02  0.0000e+00     7.4106e-03  0.0000e+00 
2.3753e-01     6.3273e-01  0.0000e+00     1.5029e-01  0.0000e+00     3.7309e-02  0.0000e+00     8.8620e-03  0.0000e+00 
2.6651e-01     2.7177e-01  0.0000e+00     7.2430e-02  0.0000e+00     1.7980e-02  0.0000e+00     4.7920e-03  0.0000e+00 
2.9903e-01     2.4449e-01  0.0000e+00     7.3109e-02  0.0000e+00     1.8149e-02  0.0000e+00     5.4271e-03  0.0000e+00 
3.3552e-01     1.3951e+00  0.0000e+00     4.6808e-01  0.0000e+00     1.1620e-01  0.0000e+00     3.8987e-02  0.0000e+00 
3.7646e-01     9.6079e-01  0.0000e+00     3.6170e-01  0.0000e+00     8.9789e-02  0.0000e+00     3.3802e-02  0.0000e+00 
4.2240e-01     4.2976e-01  0.0000e+00     1.8153e-01  0.0000e+00     4.5063e-02  0.0000e+00     1.9034e-02  0.0000e+00 
4.7394e-01     4.2266e-01  0.0000e+00     2.0031e-01  0.0000e+00     4.9727e-02  0.0000e+00     2.3567e-02  0.0000e+00 
5.3176e-01     2.5156e-01  0.0000e+00     1.3377e-01  0.0000e+00     3.3207e-02  0.0000e+00     1.7658e-02  0.0000e+00 
5.9665e-01     1.1305e-01  0.0000e+00     6.7451e-02  0.0000e+00     1.6744e-02  0.0000e+00     9.9903e-03  0.0000e+00 
6.6945e-01     2.1537e-01  0.0000e+00     1.4418e-01  0.0000e+00     3.5792e-02  0.0000e+00     2.3961e-02  0.0000e+00 
7.5114e-01     1.8020e-01  0.0000e+00     1.3535e-01  0.0000e+00     3.3601e-02  0.0000e+00     2.5239e-02  0.0000e+00 
8.4279e-01     9.1581e-02  0.0000e+00     7.7184e-02  0.0000e+00     1.9160e-02  0.0000e+00     1.6148e-02  0.0000e+00 
9.4563e-01     5.0266e-02  0.0000e+00     4.7532e-02  0.0000e+00     1.1800e-02  0.0000e+00     1.1158e-02  0.0000e+00 
1.0610e+00     3.9253e-02  0.0000e+00     4.1647e-02  0.0000e+00     1.0339e-02  0.0000e+00     1.0969e-02  0.0000e+00 
1.1905e+00     1.6161e-02  0.0000e+00     1.9239e-02  0.0000e+00     4.7760e-03  0.0000e+00     5.6857e-03  0.0000e+00 
1.3357e+00     1.1014e-02  0.0000e+00     1.4712e-02  0.0000e+00     3.6522e-03  0.0000e+00     4.8784e-03  0.0000e+00 
1.4987e+00     4.3797e-03  0.0000e+00     6.5640e-03  0.0000e+00     1.6295e-03  0.0000e+00     2.4421e-03  0.0000e+00 
1.6816e+00     2.2882e-03  0.0000e+00     3.8479e-03  0.0000e+00     9.5520e-04  0.0000e+00     1.6062e-03  0.0000e+00 
1.8868e+00     7.1978e-04  0.0000e+00     1.3581e-03  0.0000e+00     3.3713e-04  0.0000e+00     6.3609e-04  0.0000e+00 
2.1170e+00     2.1384e-04  0.0000e+00     4.5269e-04  0.0000e+00     1.1238e-04  0.0000e+00     2.3790e-04  0.0000e+00 
2.3753e+00     4.7645e-04  0.0000e+00     1.1317e-03  0.0000e+00     2.8094e-04  0.0000e+00     6.6732e-04  0.0000e+00 
2.6651e+00     0.0000e+00  0.0000e+00     0.0000e+00  0.0000e+00     0.0000e+00  0.0000e+00     0.0000e+00  0.0000e+00 
2.9903e+00     0.0000e+00  0.0000e+00     0.0000e+00  0.0000e+00     0.0000e+00  0.0000e+00     0.0000e+00  0.0000e+00 
3.3552e+00     0.0000e+00  0.0000e+00     0.0000e+00  0.0000e+00     0.0000e+00  0.0000e+00     0.0000e+00  0.0000e+00 
3.7646e+00     0.0000e+00  0.0000e+00     0.0000e+00  0.0000e+00     0.0000e+00  0.0000e+00     0.0000e+00  0.0000e+00 
4.2240e+00     0.0000e+00  0.0000e+00     0.0000e+00  0.0000e+00     0.0000e+00  0.0000e+00     0.0000e+00  0.0000e+00 
4.7394e+00     0.0000e+00  0.0000e+00     0.0000e+00  0.0000e+00     0.0000e+00  0.0000e+00     0.0000e+00  0.0000e+00 
5.3176e+00     0.0000e+00  0.0000e+00     0.0000e+00  0.0000e+00     0.0000e+00  0.0000e+00     0.0000e+00  0.0000e+00 
5.9665e+00     1.2306e-01  0.0000e+00     7.3426e-01  0.0000e+00     1.8227e-01  0.0000e+00     1.0875e+00  0.0000e+00 
6.6945e+00     2.3769e-02  0.0000e+00     1.5912e-01  0.0000e+00     3.9500e-02  0.0000e+00     2.6444e-01  0.0000e+00 
7.5114e+00     5.6651e-03  0.0000e+00     4.2553e-02  0.0000e+00     1.0563e-02  0.0000e+00     7.9345e-02  0.0000e+00 
8.4279e+00     2.4923e-02  0.0000e+00     2.1005e-01  0.0000e+00     5.2143e-02  0.0000e+00     4.3945e-01  0.0000e+00 
9.4563e+00     1.4433e-02  0.0000e+00     1.3649e-01  0.0000e+00     3.3881e-02  0.0000e+00     3.2039e-01  0.0000e+00 
1.0610e+01     2.4192e-02  0.0000e+00     2.5667e-01  0.0000e+00     6.3717e-02  0.0000e+00     6.7605e-01  0.0000e+00 
1.1905e+01     1.5382e-02  0.0000e+00     1.8311e-01  0.0000e+00     4.5456e-02  0.0000e+00     5.4114e-01  0.0000e+00 
1.3357e+01     1.2235e-02  0.0000e+00     1.6342e-01  0.0000e+00     4.0568e-02  0.0000e+00     5.4188e-01  0.0000e+00 
1.4987e+01     7.3852e-03  0.0000e+00     1.1068e-01  0.0000e+00     2.7476e-02  0.0000e+00     4.1179e-01  0.0000e+00 
1.6816e+01     4.4015e-03  0.0000e+00     7.4015e-02  0.0000e+00     1.8374e-02  0.0000e+00     3.0897e-01  0.0000e+00 
1.8868e+01     3.5029e-03  0.0000e+00     6.6093e-02  0.0000e+00     1.6407e-02  0.0000e+00     3.0956e-01  0.0000e+00 
2.1170e+01     3.4214e-03  0.0000e+00     7.2430e-02  0.0000e+00     1.7980e-02  0.0000e+00     3.8064e-01  0.0000e+00 
2.3753e+01     3.2208e-03  0.0000e+00     7.6504e-02  0.0000e+00     1.8992e-02  0.0000e+00     4.5111e-01  0.0000e+00 
2.6651e+01     2.0128e-03  0.0000e+00     5.3644e-02  0.0000e+00     1.3317e-02  0.0000e+00     3.5491e-01  0.0000e+00 
2.9903e+01     1.6274e-03  0.0000e+00     4.8664e-02  0.0000e+00     1.2080e-02  0.0000e+00     3.6125e-01  0.0000e+00 
3.3552e+01     1.4302e-03  0.0000e+00     4.7985e-02  0.0000e+00     1.1912e-02  0.0000e+00     3.9967e-01  0.0000e+00 
3.7646e+01     8.5978e-04  0.0000e+00     3.2367e-02  0.0000e+00     8.0349e-03  0.0000e+00     3.0248e-01  0.0000e+00 
4.2240e+01     5.4122e-04  0.0000e+00     2.2861e-02  0.0000e+00     5.6750e-03  0.0000e+00     2.3971e-01  0.0000e+00 
4.7394e+01     4.4893e-04  0.0000e+00     2.1276e-02  0.0000e+00     5.2817e-03  0.0000e+00     2.5032e-01  0.0000e+00 
5.3176e+01     2.4262e-04  0.0000e+00     1.2902e-02  0.0000e+00     3.2027e-03  0.0000e+00     1.7031e-01  0.0000e+00 
5.9665e+01     1.7451e-04  0.0000e+00     1.0412e-02  0.0000e+00     2.5847e-03  0.0000e+00     1.5421e-01  0.0000e+00 
6.6945e+01     8.1145e-05  0.0000e+00     5.4323e-03  0.0000e+00     1.3485e-03  0.0000e+00     9.0277e-02  0.0000e+00 
7.5114e+01     5.4240e-05  0.0000e+00     4.0742e-03  0.0000e+00     1.0114e-03  0.0000e+00     7.5969e-02  0.0000e+00 
8.4279e+01     3.2228e-05  0.0000e+00     2.7161e-03  0.0000e+00     6.7426e-04  0.0000e+00     5.6826e-02  0.0000e+00 
9.4563e+01     1.4362e-05  0.0000e+00     1.3581e-03  0.0000e+00     3.3713e-04  0.0000e+00     3.1880e-02  0.0000e+00 
1.0610e+02     4.2666e-06  0.0000e+00     4.5269e-04  0.0000e+00     1.1238e-04  0.0000e+00     1.1923e-02  0.0000e+00 
1.1905e+02     0.0000e+00  0.0000e+00     0.0000e+00  0.0000e+00     0.0000e+00  0.0000e+00     0.0000e+00  0.0000e+00 
1.3357e+02     0.0000e+00  0.0000e+00     0.0000e+00  0.0000e+00     0.0000e+00  0.0000e+00     0.0000e+00  0.0000e+00 
1.4987e+02     0.0000e+00  0.0000e+00     0.0000e+00  0.0000e+00     0.0000e+00  0.0000e+00     0.0000e+00  0.0000e+00 
1.6816e+02     0.0000e+00  0.0000e+00     0.0000e+00  0.0000e+00     0.0000e+00  0.0000e+00     0.0000e+00  0.0000e+00 
1.8868e+02     0.0000e+00  0.0000e+00     0.0000e+00  0.0000e+00     0.0000e+00  0.0000e+00     0.0000e+00  0.0000e+00 
2.1170e+02     0.0000e+00  0.0000e+00     0.0000e+00  0.0000e+00     0.0000e+00  0.0000e+00     0.0000e+00  0.0000e+00 
2.3753e+02     0.0000e+00  0.0000e+00     0.0000e+00  0.0000e+00     0.0000e+00  0.0000e+00     0.0000e+00  0.0000e+00 
2.6651e+02     0.0000e+00  0.0000e+00     0.0000e+00  0.0000e+00     0.0000e+00  0.0000e+00     0.0000e+00  0.0000e+00 
2.9903e+02     0.0000e+00  0.0000e+00     0.0000e+00  0.0000e+00     0.0000e+00  0.0000e+00     0.0000e+00  0.0000e+00 
3.3552e+02     0.0000e+00  0.0000e+00     0.0000e+00  0.0000e+00     0.0000e+00  0.0000e+00     0.0000e+00  0.0000e+00 
3.7646e+02     0.0000e+00  0.0000e+00     0.0000e+00  0.0000e+00     0.0000e+00  0.0000e+00     0.0000e+00  0.0000e+00 
4.2240e+02     0.0000e+00  0.0000e+00     0.0000e+00  0.0000e+00     0.0000e+00  0.0000e+00     0.0000e+00  0.0000e+00 
4.7394e+02     0.0000e+00  0.0000e+00     0.0000e+00  0.0000e+00     0.0000e+00  0.0000e+00     0.0000e+00  0.0000e+00 
5.3176e+02     0.0000e+00  0.0000e+00     0.0000e+00  0.0000e+00     0.0000e+00  0.0000e+00     0.0000e+00  0.0000e+00 
5.9665e+02     0.0000e+00  0.0000e+00     0.0000e+00  0.0000e+00     0.0000e+00  0.0000e+00     0.0000e+00  0.0000e+00 
6.6945e+02     0.0000e+00  0.0000e+00     0.0000e+00  0.0000e+00     0.0000e+00  0.0000e+00     0.0000e+00  0.0000e+00 
7.5114e+02     0.0000e+00  0.0000e+00     0.0000e+00  0.0000e+00     0.0000e+00  0.0000e+00     0.0000e+00  0.0000e+00 
8.4279e+02     0.0000e+00  0.0000e+00     0.0000e+00  0.0000e+00     0.0000e+00  0.0000e+00     0.0000e+00  0.0000e+00 
9.4563e+02     0.0000e+00  0.0000e+00     0.0000e+00  0.0000e+00     0.0000e+00  0.0000e+00     0.0000e+00  0.0000e+00 
1.0610e+03     0.0000e+00  0.0000e+00     0.0000e+00  0.0000e+00     0.0000e+00  0.0000e+00     0.0000e+00  0.0000e+00 
1.1905e+03     0.0000e+00  0.0000e+00     0.0000e+00  0.0000e+00     0.0000e+00  0.0000e+00     0.0000e+00  0.0000e+00 
1.3357e+03     0.0000e+00  0.0000e+00     0.0000e+00  0.0000e+00     0.0000e+00  0.0000e+00     0.0000e+00  0.0000e+00 
1.4987e+03     0.0000e+00  0.0000e+00     0.0000e+00  0.0000e+00     0.0000e+00  0.0000e+00     0.0000e+00  0.0000e+00 
1.6816e+03     0.0000e+00  0.0000e+00     0.0000e+00  0.0000e+00     0.0000e+00  0.0000e+00     0.0000e+00  0.0000e+00 
1.8868e+03     0.0000e+00  0.0000e+00     0.0000e+00  0.0000e+00     0.0000e+00  0.0000e+00     0.0000e+00  0.0000e+00 
2.1170e+03     0.0000e+00  0.0000e+00     0.0000e+00  0.0000e+00     0.0000e+00  0.0000e+00     0.0000e+00  0.0000e+00 
2.3753e+03     0.0000e+00  0.0000e+00     0.0000e+00  0.0000e+00     0.0000e+00  0.0000e+00     0.0000e+00  0.0000e+00 
2.6651e+03     0.0000e+00  0.0000e+00     0.0000e+00  0.0000e+00     0.0000e+00  0.0000e+00     0.0000e+00  0.0000e+00 
2.9903e+03     0.0000e+00  0.0000e+00     0.0000e+00  0.0000e+00     0.0000e+00  0.0000e+00     0.0000e+00  0.0000e+00 
3.3552e+03     0.0000e+00  0.0000e+00     0.0000e+00  0.0000e+00     0.0000e+00  0.0000e+00     0.0000e+00  0.0000e+00 
3.7646e+03     0.0000e+00  0.0000e+00     0.0000e+00  0.0000e+00     0.0000e+00  0.0000e+00     0.0000e+00  0.0000e+00 
4.2240e+03     0.0000e+00  0.0000e+00     0.0000e+00  0.0000e+00     0.0000e+00  0.0000e+00     0.0000e+00  0.0000e+00 
4.7394e+03     0.0000e+00  0.0000e+00     0.0000e+00  0.0000e+00     0.0000e+00  0.0000e+00     0.0000e+00  0.0000e+00 
5.3176e+03     0.0000e+00  0.0000e+00     0.0000e+00  0.0000e+00     0.0000e+00  0.0000e+00     0.0000e+00  0.0000e+00 
5.9665e+03     0.0000e+00  0.0000e+00     0.0000e+00  0.0000e+00     0.0000e+00  0.0000e+00     0.0000e+00  0.0000e+00 
6.6945e+03     0.0000e+00  0.0000e+00     0.0000e+00  0.0000e+00     0.0000e+00  0.0000e+00     0.0000e+00  0.0000e+00 
7.5114e+03     0.0000e+00  0.0000e+00     0.0000e+00  0.0000e+00     0.0000e+00  0.0000e+00     0.0000e+00  0.0000e+00 
8.4279e+03     0.0000e+00  0.0000e+00     0.0000e+00  0.0000e+00     0.0000e+00  0.0000e+00     0.0000e+00  0.0000e+00 
9.4563e+03     0.0000e+00  0.0000e+00     0.0000e+00  0.0000e+00     0.0000e+00  0.0000e+00     0.0000e+00  0.0000e+00 
