yF = 1.4606e+01 (std: 0.0000e+00) keV/um
yD = 2.6224e+01 (std: 0.0000e+00) keV/um
y (keV/um)     f(y)(std)                  yf(y)(std)                 d(y)(std)                  yd(y)(std)  
1.0610e-01     9.6264e+00  0.0000e+00     1.0214e+00  0.0000e+00     6.9926e-02  0.0000e+00     7.4192e-03  0.0000e+00 
1.1905e-01     5.7649e-01  0.0000e+00     6.8629e-02  0.0000e+00     4.6986e-03  0.0000e+00     5.5935e-04  0.0000e+00 
1.3357e-01     1.6407e-01  0.0000e+00     2.1916e-02  0.0000e+00     1.5004e-03  0.0000e+00     2.0042e-04  0.0000e+00 
1.4987e-01     7.4379e-01  0.0000e+00     1.1147e-01  0.0000e+00     7.6318e-03  0.0000e+00     1.1438e-03  0.0000e+00 
1.6816e-01     2.1373e-01  0.0000e+00     3.5941e-02  0.0000e+00     2.4606e-03  0.0000e+00     4.1377e-04  0.0000e+00 
1.8868e-01     1.3383e-01  0.0000e+00     2.5251e-02  0.0000e+00     1.7287e-03  0.0000e+00     3.2617e-04  0.0000e+00 
2.1170e-01     1.4073e-01  0.0000e+00     2.9793e-02  0.0000e+00     2.0397e-03  0.0000e+00     4.3180e-04  0.0000e+00 
2.3753e-01     1.2913e-01  0.0000e+00     3.0671e-02  0.0000e+00     2.0998e-03  0.0000e+00     4.9877e-04  0.0000e+00 
2.6651e-01     5.8958e-02  0.0000e+00     1.5713e-02  0.0000e+00     1.0758e-03  0.0000e+00     2.8670e-04  0.0000e+00 
2.9903e-01     4.6718e-02  0.0000e+00     1.3970e-02  0.0000e+00     9.5644e-04  0.0000e+00     2.8601e-04  0.0000e+00 
3.3552e-01     2.3289e-01  0.0000e+00     7.8139e-02  0.0000e+00     5.3496e-03  0.0000e+00     1.7949e-03  0.0000e+00 
3.7646e-01     1.3389e-01  0.0000e+00     5.0405e-02  0.0000e+00     3.4509e-03  0.0000e+00     1.2991e-03  0.0000e+00 
4.2240e-01     6.0592e-02  0.0000e+00     2.5594e-02  0.0000e+00     1.7522e-03  0.0000e+00     7.4013e-04  0.0000e+00 
4.7394e-01     5.5711e-02  0.0000e+00     2.6403e-02  0.0000e+00     1.8076e-03  0.0000e+00     8.5671e-04  0.0000e+00 
5.3176e-01     3.7213e-02  0.0000e+00     1.9789e-02  0.0000e+00     1.3548e-03  0.0000e+00     7.2043e-04  0.0000e+00 
5.9665e-01     1.9527e-02  0.0000e+00     1.1651e-02  0.0000e+00     7.9766e-04  0.0000e+00     4.7592e-04  0.0000e+00 
6.6945e-01     2.4906e-02  0.0000e+00     1.6674e-02  0.0000e+00     1.1415e-03  0.0000e+00     7.6419e-04  0.0000e+00 
7.5114e-01     2.2454e-02  0.0000e+00     1.6866e-02  0.0000e+00     1.1547e-03  0.0000e+00     8.6732e-04  0.0000e+00 
8.4279e-01     1.0535e-02  0.0000e+00     8.8789e-03  0.0000e+00     6.0787e-04  0.0000e+00     5.1231e-04  0.0000e+00 
9.4563e-01     6.8788e-03  0.0000e+00     6.5048e-03  0.0000e+00     4.4533e-04  0.0000e+00     4.2112e-04  0.0000e+00 
1.0610e+00     5.0572e-03  0.0000e+00     5.3657e-03  0.0000e+00     3.6735e-04  0.0000e+00     3.8977e-04  0.0000e+00 
1.1905e+00     3.1124e-03  0.0000e+00     3.7052e-03  0.0000e+00     2.5367e-04  0.0000e+00     3.0199e-04  0.0000e+00 
1.3357e+00     1.6541e-03  0.0000e+00     2.2094e-03  0.0000e+00     1.5126e-04  0.0000e+00     2.0205e-04  0.0000e+00 
1.4987e+00     8.0578e-04  0.0000e+00     1.2076e-03  0.0000e+00     8.2678e-05  0.0000e+00     1.2391e-04  0.0000e+00 
1.6816e+00     3.6724e-04  0.0000e+00     6.1754e-04  0.0000e+00     4.2279e-05  0.0000e+00     7.1095e-05  0.0000e+00 
1.8868e+00     1.8183e-04  0.0000e+00     3.4308e-04  0.0000e+00     2.3488e-05  0.0000e+00     4.4317e-05  0.0000e+00 
2.1170e+00     8.4271e-05  0.0000e+00     1.7840e-04  0.0000e+00     1.2214e-05  0.0000e+00     2.5857e-05  0.0000e+00 
2.3753e+00     5.7774e-05  0.0000e+00     1.3723e-04  0.0000e+00     9.3952e-06  0.0000e+00     2.2317e-05  0.0000e+00 
2.6651e+00     1.0298e-05  0.0000e+00     2.7446e-05  0.0000e+00     1.8790e-06  0.0000e+00     5.0079e-06  0.0000e+00 
2.9903e+00     0.0000e+00  0.0000e+00     0.0000e+00  0.0000e+00     0.0000e+00  0.0000e+00     0.0000e+00  0.0000e+00 
3.3552e+00     0.0000e+00  0.0000e+00     0.0000e+00  0.0000e+00     0.0000e+00  0.0000e+00     0.0000e+00  0.0000e+00 
3.7646e+00     3.6453e-06  0.0000e+00     1.3723e-05  0.0000e+00     9.3952e-07  0.0000e+00     3.5369e-06  0.0000e+00 
4.2240e+00     0.0000e+00  0.0000e+00     0.0000e+00  0.0000e+00     0.0000e+00  0.0000e+00     0.0000e+00  0.0000e+00 
4.7394e+00     0.0000e+00  0.0000e+00     0.0000e+00  0.0000e+00     0.0000e+00  0.0000e+00     0.0000e+00  0.0000e+00 
5.3176e+00     0.0000e+00  0.0000e+00     0.0000e+00  0.0000e+00     0.0000e+00  0.0000e+00     0.0000e+00  0.0000e+00 
5.9665e+00     1.0010e-02  0.0000e+00     5.9723e-02  0.0000e+00     4.0888e-03  0.0000e+00     2.4396e-02  0.0000e+00 
6.6945e+00     8.6629e-03  0.0000e+00     5.7994e-02  0.0000e+00     3.9704e-03  0.0000e+00     2.6580e-02  0.0000e+00 
7.5114e+00     7.4924e-03  0.0000e+00     5.6279e-02  0.0000e+00     3.8530e-03  0.0000e+00     2.8941e-02  0.0000e+00 
8.4279e+00     1.2866e-01  0.0000e+00     1.0844e+00  0.0000e+00     7.4238e-02  0.0000e+00     6.2567e-01  0.0000e+00 
9.4563e+00     3.9544e-02  0.0000e+00     3.7394e-01  0.0000e+00     2.5601e-02  0.0000e+00     2.4209e-01  0.0000e+00 
1.0610e+01     8.6945e-02  0.0000e+00     9.2250e-01  0.0000e+00     6.3157e-02  0.0000e+00     6.7010e-01  0.0000e+00 
1.1905e+01     5.5147e-02  0.0000e+00     6.5651e-01  0.0000e+00     4.4947e-02  0.0000e+00     5.3508e-01  0.0000e+00 
1.3357e+01     5.1274e-02  0.0000e+00     6.8488e-01  0.0000e+00     4.6889e-02  0.0000e+00     6.2631e-01  0.0000e+00 
1.4987e+01     2.8452e-02  0.0000e+00     4.2642e-01  0.0000e+00     2.9194e-02  0.0000e+00     4.3753e-01  0.0000e+00 
1.6816e+01     1.8779e-02  0.0000e+00     3.1578e-01  0.0000e+00     2.1619e-02  0.0000e+00     3.6355e-01  0.0000e+00 
1.8868e+01     1.9540e-02  0.0000e+00     3.6867e-01  0.0000e+00     2.5240e-02  0.0000e+00     4.7623e-01  0.0000e+00 
2.1170e+01     1.1777e-02  0.0000e+00     2.4932e-01  0.0000e+00     1.7069e-02  0.0000e+00     3.6136e-01  0.0000e+00 
2.3753e+01     1.0664e-02  0.0000e+00     2.5330e-01  0.0000e+00     1.7342e-02  0.0000e+00     4.1192e-01  0.0000e+00 
2.6651e+01     2.2869e-02  0.0000e+00     6.0949e-01  0.0000e+00     4.1727e-02  0.0000e+00     1.1121e+00  0.0000e+00 
2.9903e+01     5.4450e-03  0.0000e+00     1.6282e-01  0.0000e+00     1.1147e-02  0.0000e+00     3.3335e-01  0.0000e+00 
3.3552e+01     5.1907e-03  0.0000e+00     1.7416e-01  0.0000e+00     1.1923e-02  0.0000e+00     4.0006e-01  0.0000e+00 
3.7646e+01     4.0886e-03  0.0000e+00     1.5392e-01  0.0000e+00     1.0538e-02  0.0000e+00     3.9670e-01  0.0000e+00 
4.2240e+01     2.8467e-03  0.0000e+00     1.2024e-01  0.0000e+00     8.2321e-03  0.0000e+00     3.4772e-01  0.0000e+00 
4.7394e+01     2.1963e-03  0.0000e+00     1.0409e-01  0.0000e+00     7.1263e-03  0.0000e+00     3.3774e-01  0.0000e+00 
5.3176e+01     1.4465e-03  0.0000e+00     7.6918e-02  0.0000e+00     5.2660e-03  0.0000e+00     2.8003e-01  0.0000e+00 
5.9665e+01     9.9108e-04  0.0000e+00     5.9133e-02  0.0000e+00     4.0484e-03  0.0000e+00     2.4155e-01  0.0000e+00 
6.6945e+01     5.1494e-04  0.0000e+00     3.4472e-02  0.0000e+00     2.3601e-03  0.0000e+00     1.5800e-01  0.0000e+00 
7.5114e+01     2.7021e-04  0.0000e+00     2.0297e-02  0.0000e+00     1.3896e-03  0.0000e+00     1.0437e-01  0.0000e+00 
8.4279e+01     1.2294e-04  0.0000e+00     1.0361e-02  0.0000e+00     7.0934e-04  0.0000e+00     5.9782e-02  0.0000e+00 
9.4563e+01     6.3999e-05  0.0000e+00     6.0519e-03  0.0000e+00     4.1433e-04  0.0000e+00     3.9180e-02  0.0000e+00 
1.0610e+02     2.7420e-05  0.0000e+00     2.9093e-03  0.0000e+00     1.9918e-04  0.0000e+00     2.1133e-02  0.0000e+00 
1.1905e+02     8.0692e-06  0.0000e+00     9.6062e-04  0.0000e+00     6.5767e-05  0.0000e+00     7.8293e-03  0.0000e+00 
1.3357e+02     3.3904e-06  0.0000e+00     4.5286e-04  0.0000e+00     3.1004e-05  0.0000e+00     4.1413e-03  0.0000e+00 
1.4987e+02     4.5783e-07  0.0000e+00     6.8616e-05  0.0000e+00     4.6976e-06  0.0000e+00     7.0404e-04  0.0000e+00 
1.6816e+02     8.1608e-08  0.0000e+00     1.3723e-05  0.0000e+00     9.3952e-07  0.0000e+00     1.5799e-04  0.0000e+00 
1.8868e+02     0.0000e+00  0.0000e+00     0.0000e+00  0.0000e+00     0.0000e+00  0.0000e+00     0.0000e+00  0.0000e+00 
2.1170e+02     0.0000e+00  0.0000e+00     0.0000e+00  0.0000e+00     0.0000e+00  0.0000e+00     0.0000e+00  0.0000e+00 
2.3753e+02     0.0000e+00  0.0000e+00     0.0000e+00  0.0000e+00     0.0000e+00  0.0000e+00     0.0000e+00  0.0000e+00 
2.6651e+02     0.0000e+00  0.0000e+00     0.0000e+00  0.0000e+00     0.0000e+00  0.0000e+00     0.0000e+00  0.0000e+00 
2.9903e+02     0.0000e+00  0.0000e+00     0.0000e+00  0.0000e+00     0.0000e+00  0.0000e+00     0.0000e+00  0.0000e+00 
3.3552e+02     0.0000e+00  0.0000e+00     0.0000e+00  0.0000e+00     0.0000e+00  0.0000e+00     0.0000e+00  0.0000e+00 
3.7646e+02     0.0000e+00  0.0000e+00     0.0000e+00  0.0000e+00     0.0000e+00  0.0000e+00     0.0000e+00  0.0000e+00 
4.2240e+02     0.0000e+00  0.0000e+00     0.0000e+00  0.0000e+00     0.0000e+00  0.0000e+00     0.0000e+00  0.0000e+00 
4.7394e+02     0.0000e+00  0.0000e+00     0.0000e+00  0.0000e+00     0.0000e+00  0.0000e+00     0.0000e+00  0.0000e+00 
5.3176e+02     0.0000e+00  0.0000e+00     0.0000e+00  0.0000e+00     0.0000e+00  0.0000e+00     0.0000e+00  0.0000e+00 
5.9665e+02     0.0000e+00  0.0000e+00     0.0000e+00  0.0000e+00     0.0000e+00  0.0000e+00     0.0000e+00  0.0000e+00 
6.6945e+02     0.0000e+00  0.0000e+00     0.0000e+00  0.0000e+00     0.0000e+00  0.0000e+00     0.0000e+00  0.0000e+00 
7.5114e+02     0.0000e+00  0.0000e+00     0.0000e+00  0.0000e+00     0.0000e+00  0.0000e+00     0.0000e+00  0.0000e+00 
8.4279e+02     0.0000e+00  0.0000e+00     0.0000e+00  0.0000e+00     0.0000e+00  0.0000e+00     0.0000e+00  0.0000e+00 
9.4563e+02     0.0000e+00  0.0000e+00     0.0000e+00  0.0000e+00     0.0000e+00  0.0000e+00     0.0000e+00  0.0000e+00 
1.0610e+03     0.0000e+00  0.0000e+00     0.0000e+00  0.0000e+00     0.0000e+00  0.0000e+00     0.0000e+00  0.0000e+00 
1.1905e+03     0.0000e+00  0.0000e+00     0.0000e+00  0.0000e+00     0.0000e+00  0.0000e+00     0.0000e+00  0.0000e+00 
1.3357e+03     0.0000e+00  0.0000e+00     0.0000e+00  0.0000e+00     0.0000e+00  0.0000e+00     0.0000e+00  0.0000e+00 
1.4987e+03     0.0000e+00  0.0000e+00     0.0000e+00  0.0000e+00     0.0000e+00  0.0000e+00     0.0000e+00  0.0000e+00 
1.6816e+03     0.0000e+00  0.0000e+00     0.0000e+00  0.0000e+00     0.0000e+00  0.0000e+00     0.0000e+00  0.0000e+00 
1.8868e+03     0.0000e+00  0.0000e+00     0.0000e+00  0.0000e+00     0.0000e+00  0.0000e+00     0.0000e+00  0.0000e+00 
2.1170e+03     0.0000e+00  0.0000e+00     0.0000e+00  0.0000e+00     0.0000e+00  0.0000e+00     0.0000e+00  0.0000e+00 
2.3753e+03     0.0000e+00  0.0000e+00     0.0000e+00  0.0000e+00     0.0000e+00  0.0000e+00     0.0000e+00  0.0000e+00 
2.6651e+03     0.0000e+00  0.0000e+00     0.0000e+00  0.0000e+00     0.0000e+00  0.0000e+00     0.0000e+00  0.0000e+00 
2.9903e+03     0.0000e+00  0.0000e+00     0.0000e+00  0.0000e+00     0.0000e+00  0.0000e+00     0.0000e+00  0.0000e+00 
3.3552e+03     0.0000e+00  0.0000e+00     0.0000e+00  0.0000e+00     0.0000e+00  0.0000e+00     0.0000e+00  0.0000e+00 
3.7646e+03     0.0000e+00  0.0000e+00     0.0000e+00  0.0000e+00     0.0000e+00  0.0000e+00     0.0000e+00  0.0000e+00 
4.2240e+03     0.0000e+00  0.0000e+00     0.0000e+00  0.0000e+00     0.0000e+00  0.0000e+00     0.0000e+00  0.0000e+00 
4.7394e+03     0.0000e+00  0.0000e+00     0.0000e+00  0.0000e+00     0.0000e+00  0.0000e+00     0.0000e+00  0.0000e+00 
5.3176e+03     0.0000e+00  0.0000e+00     0.0000e+00  0.0000e+00     0.0000e+00  0.0000e+00     0.0000e+00  0.0000e+00 
5.9665e+03     0.0000e+00  0.0000e+00     0.0000e+00  0.0000e+00     0.0000e+00  0.0000e+00     0.0000e+00  0.0000e+00 
6.6945e+03     0.0000e+00  0.0000e+00     0.0000e+00  0.0000e+00     0.0000e+00  0.0000e+00     0.0000e+00  0.0000e+00 
7.5114e+03     0.0000e+00  0.0000e+00     0.0000e+00  0.0000e+00     0.0000e+00  0.0000e+00     0.0000e+00  0.0000e+00 
8.4279e+03     0.0000e+00  0.0000e+00     0.0000e+00  0.0000e+00     0.0000e+00  0.0000e+00     0.0000e+00  0.0000e+00 
9.4563e+03     0.0000e+00  0.0000e+00     0.0000e+00  0.0000e+00     0.0000e+00  0.0000e+00     0.0000e+00  0.0000e+00 
