yF = 2.5932e+02 (std: 0.0000e+00) keV/um
yD = 3.2343e+02 (std: 0.0000e+00) keV/um
y (keV/um)     f(y)(std)                  yf(y)(std)                 d(y)(std)                  yd(y)(std)  
1.0610e-01     3.8698e-02  0.0000e+00     4.1059e-03  0.0000e+00     1.5833e-05  0.0000e+00     1.6799e-06  0.0000e+00 
1.1905e-01     2.9229e-03  0.0000e+00     3.4796e-04  0.0000e+00     1.3418e-06  0.0000e+00     1.5974e-07  0.0000e+00 
1.3357e-01     1.1071e-03  0.0000e+00     1.4788e-04  0.0000e+00     5.7027e-07  0.0000e+00     7.6172e-08  0.0000e+00 
1.4987e-01     4.7595e-03  0.0000e+00     7.1332e-04  0.0000e+00     2.7507e-06  0.0000e+00     4.1225e-07  0.0000e+00 
1.6816e-01     1.8623e-03  0.0000e+00     3.1316e-04  0.0000e+00     1.2076e-06  0.0000e+00     2.0307e-07  0.0000e+00 
1.8868e-01     1.0143e-03  0.0000e+00     1.9138e-04  0.0000e+00     7.3799e-07  0.0000e+00     1.3924e-07  0.0000e+00 
2.1170e-01     1.4793e-03  0.0000e+00     3.1316e-04  0.0000e+00     1.2076e-06  0.0000e+00     2.5565e-07  0.0000e+00 
2.3753e-01     1.4283e-03  0.0000e+00     3.3926e-04  0.0000e+00     1.3083e-06  0.0000e+00     3.1075e-07  0.0000e+00 
2.6651e-01     5.2224e-04  0.0000e+00     1.3918e-04  0.0000e+00     5.3672e-07  0.0000e+00     1.4304e-07  0.0000e+00 
2.9903e-01     4.6545e-04  0.0000e+00     1.3918e-04  0.0000e+00     5.3672e-07  0.0000e+00     1.6050e-07  0.0000e+00 
3.3552e-01     1.4260e-03  0.0000e+00     4.7844e-04  0.0000e+00     1.8450e-06  0.0000e+00     6.1903e-07  0.0000e+00 
3.7646e-01     9.4740e-04  0.0000e+00     3.5666e-04  0.0000e+00     1.3753e-06  0.0000e+00     5.1776e-07  0.0000e+00 
4.2240e-01     6.5902e-04  0.0000e+00     2.7837e-04  0.0000e+00     1.0734e-06  0.0000e+00     4.5342e-07  0.0000e+00 
4.7394e-01     6.6077e-04  0.0000e+00     3.1316e-04  0.0000e+00     1.2076e-06  0.0000e+00     5.7234e-07  0.0000e+00 
5.3176e-01     3.7625e-04  0.0000e+00     2.0008e-04  0.0000e+00     7.7154e-07  0.0000e+00     4.1028e-07  0.0000e+00 
5.9665e-01     2.0412e-04  0.0000e+00     1.2179e-04  0.0000e+00     4.6963e-07  0.0000e+00     2.8021e-07  0.0000e+00 
6.6945e-01     3.3785e-04  0.0000e+00     2.2617e-04  0.0000e+00     8.7217e-07  0.0000e+00     5.8388e-07  0.0000e+00 
7.5114e-01     2.4320e-04  0.0000e+00     1.8268e-04  0.0000e+00     7.0445e-07  0.0000e+00     5.2914e-07  0.0000e+00 
8.4279e-01     1.5482e-04  0.0000e+00     1.3048e-04  0.0000e+00     5.0318e-07  0.0000e+00     4.2407e-07  0.0000e+00 
9.4563e-01     1.5639e-04  0.0000e+00     1.4788e-04  0.0000e+00     5.7027e-07  0.0000e+00     5.3926e-07  0.0000e+00 
1.0610e+00     8.1988e-05  0.0000e+00     8.6990e-05  0.0000e+00     3.3545e-07  0.0000e+00     3.5592e-07  0.0000e+00 
1.1905e+00     4.3843e-05  0.0000e+00     5.2194e-05  0.0000e+00     2.0127e-07  0.0000e+00     2.3961e-07  0.0000e+00 
1.3357e+00     1.3025e-05  0.0000e+00     1.7398e-05  0.0000e+00     6.7090e-08  0.0000e+00     8.9614e-08  0.0000e+00 
1.4987e+00     3.4826e-05  0.0000e+00     5.2194e-05  0.0000e+00     2.0127e-07  0.0000e+00     3.0165e-07  0.0000e+00 
1.6816e+00     2.0692e-05  0.0000e+00     3.4796e-05  0.0000e+00     1.3418e-07  0.0000e+00     2.2564e-07  0.0000e+00 
1.8868e+00     9.2210e-06  0.0000e+00     1.7398e-05  0.0000e+00     6.7090e-08  0.0000e+00     1.2658e-07  0.0000e+00 
2.1170e+00     0.0000e+00  0.0000e+00     0.0000e+00  0.0000e+00     0.0000e+00  0.0000e+00     0.0000e+00  0.0000e+00 
2.3753e+00     0.0000e+00  0.0000e+00     0.0000e+00  0.0000e+00     0.0000e+00  0.0000e+00     0.0000e+00  0.0000e+00 
2.6651e+00     0.0000e+00  0.0000e+00     0.0000e+00  0.0000e+00     0.0000e+00  0.0000e+00     0.0000e+00  0.0000e+00 
2.9903e+00     0.0000e+00  0.0000e+00     0.0000e+00  0.0000e+00     0.0000e+00  0.0000e+00     0.0000e+00  0.0000e+00 
3.3552e+00     0.0000e+00  0.0000e+00     0.0000e+00  0.0000e+00     0.0000e+00  0.0000e+00     0.0000e+00  0.0000e+00 
3.7646e+00     4.6215e-05  0.0000e+00     1.7398e-04  0.0000e+00     6.7090e-07  0.0000e+00     2.5257e-06  0.0000e+00 
4.2240e+00     2.8832e-05  0.0000e+00     1.2179e-04  0.0000e+00     4.6963e-07  0.0000e+00     1.9837e-06  0.0000e+00 
4.7394e+00     9.1774e-06  0.0000e+00     4.3495e-05  0.0000e+00     1.6773e-07  0.0000e+00     7.9491e-07  0.0000e+00 
5.3176e+00     2.7810e-05  0.0000e+00     1.4788e-04  0.0000e+00     5.7027e-07  0.0000e+00     3.0325e-06  0.0000e+00 
5.9665e+00     5.3945e-05  0.0000e+00     3.2186e-04  0.0000e+00     1.2412e-06  0.0000e+00     7.4054e-06  0.0000e+00 
6.6945e+00     5.7174e-05  0.0000e+00     3.8276e-04  0.0000e+00     1.4760e-06  0.0000e+00     9.8810e-06  0.0000e+00 
7.5114e+00     4.0534e-05  0.0000e+00     3.0446e-04  0.0000e+00     1.1741e-06  0.0000e+00     8.8189e-06  0.0000e+00 
8.4279e+00     5.5943e-04  0.0000e+00     4.7148e-03  0.0000e+00     1.8181e-05  0.0000e+00     1.5323e-04  0.0000e+00 
9.4563e+00     2.9437e-04  0.0000e+00     2.7837e-03  0.0000e+00     1.0734e-05  0.0000e+00     1.0151e-04  0.0000e+00 
1.0610e+01     5.2308e-04  0.0000e+00     5.5499e-03  0.0000e+00     2.1402e-05  0.0000e+00     2.2707e-04  0.0000e+00 
1.1905e+01     2.9375e-04  0.0000e+00     3.4970e-03  0.0000e+00     1.3485e-05  0.0000e+00     1.6054e-04  0.0000e+00 
1.3357e+01     2.6180e-04  0.0000e+00     3.4970e-03  0.0000e+00     1.3485e-05  0.0000e+00     1.8013e-04  0.0000e+00 
1.4987e+01     2.0315e-04  0.0000e+00     3.0446e-03  0.0000e+00     1.1741e-05  0.0000e+00     1.7596e-04  0.0000e+00 
1.6816e+01     3.8384e-04  0.0000e+00     6.4546e-03  0.0000e+00     2.4890e-05  0.0000e+00     4.1855e-04  0.0000e+00 
1.8868e+01     4.4676e-04  0.0000e+00     8.4293e-03  0.0000e+00     3.2505e-05  0.0000e+00     6.1330e-04  0.0000e+00 
2.1170e+01     4.8488e-04  0.0000e+00     1.0265e-02  0.0000e+00     3.9583e-05  0.0000e+00     8.3797e-04  0.0000e+00 
2.3753e+01     4.9221e-04  0.0000e+00     1.1691e-02  0.0000e+00     4.5085e-05  0.0000e+00     1.0709e-03  0.0000e+00 
2.6651e+01     5.1506e-04  0.0000e+00     1.3727e-02  0.0000e+00     5.2934e-05  0.0000e+00     1.4108e-03  0.0000e+00 
2.9903e+01     6.1904e-04  0.0000e+00     1.8511e-02  0.0000e+00     7.1384e-05  0.0000e+00     2.1346e-03  0.0000e+00 
3.3552e+01     7.0314e-04  0.0000e+00     2.3592e-02  0.0000e+00     9.0974e-05  0.0000e+00     3.0524e-03  0.0000e+00 
3.7646e+01     7.7733e-04  0.0000e+00     2.9263e-02  0.0000e+00     1.1285e-04  0.0000e+00     4.2482e-03  0.0000e+00 
4.2240e+01     8.9441e-04  0.0000e+00     3.7780e-02  0.0000e+00     1.4569e-04  0.0000e+00     6.1537e-03  0.0000e+00 
4.7394e+01     9.1866e-04  0.0000e+00     4.3538e-02  0.0000e+00     1.6789e-04  0.0000e+00     7.9571e-03  0.0000e+00 
5.3176e+01     1.0692e-03  0.0000e+00     5.6857e-02  0.0000e+00     2.1925e-04  0.0000e+00     1.1659e-02  0.0000e+00 
5.9665e+01     1.1874e-03  0.0000e+00     7.0844e-02  0.0000e+00     2.7319e-04  0.0000e+00     1.6300e-02  0.0000e+00 
6.6945e+01     1.2736e-03  0.0000e+00     8.5259e-02  0.0000e+00     3.2878e-04  0.0000e+00     2.2010e-02  0.0000e+00 
7.5114e+01     1.4244e-03  0.0000e+00     1.0699e-01  0.0000e+00     4.1257e-04  0.0000e+00     3.0990e-02  0.0000e+00 
8.4279e+01     1.5751e-03  0.0000e+00     1.3275e-01  0.0000e+00     5.1190e-04  0.0000e+00     4.3142e-02  0.0000e+00 
9.4563e+01     1.7581e-03  0.0000e+00     1.6625e-01  0.0000e+00     6.4108e-04  0.0000e+00     6.0622e-02  0.0000e+00 
1.0610e+02     1.9265e-03  0.0000e+00     2.0440e-01  0.0000e+00     7.8821e-04  0.0000e+00     8.3630e-02  0.0000e+00 
1.1905e+02     2.1570e-03  0.0000e+00     2.5679e-01  0.0000e+00     9.9022e-04  0.0000e+00     1.1788e-01  0.0000e+00 
1.3357e+02     2.3757e-03  0.0000e+00     3.1733e-01  0.0000e+00     1.2237e-03  0.0000e+00     1.6345e-01  0.0000e+00 
1.4987e+02     2.6242e-03  0.0000e+00     3.9329e-01  0.0000e+00     1.5166e-03  0.0000e+00     2.2730e-01  0.0000e+00 
1.6816e+02     2.8057e-03  0.0000e+00     4.7181e-01  0.0000e+00     1.8194e-03  0.0000e+00     3.0595e-01  0.0000e+00 
1.8868e+02     2.9961e-03  0.0000e+00     5.6530e-01  0.0000e+00     2.1799e-03  0.0000e+00     4.1130e-01  0.0000e+00 
2.1170e+02     3.1096e-03  0.0000e+00     6.5830e-01  0.0000e+00     2.5386e-03  0.0000e+00     5.3741e-01  0.0000e+00 
2.3753e+02     3.1017e-03  0.0000e+00     7.3674e-01  0.0000e+00     2.8410e-03  0.0000e+00     6.7483e-01  0.0000e+00 
2.6651e+02     2.9698e-03  0.0000e+00     7.9149e-01  0.0000e+00     3.0521e-03  0.0000e+00     8.1343e-01  0.0000e+00 
2.9903e+02     2.6951e-03  0.0000e+00     8.0592e-01  0.0000e+00     3.1078e-03  0.0000e+00     9.2933e-01  0.0000e+00 
3.3552e+02     2.2576e-03  0.0000e+00     7.5747e-01  0.0000e+00     2.9210e-03  0.0000e+00     9.8005e-01  0.0000e+00 
3.7646e+02     1.7440e-03  0.0000e+00     6.5656e-01  0.0000e+00     2.5318e-03  0.0000e+00     9.5314e-01  0.0000e+00 
4.2240e+02     1.2014e-03  0.0000e+00     5.0745e-01  0.0000e+00     1.9568e-03  0.0000e+00     8.2655e-01  0.0000e+00 
4.7394e+02     7.3643e-04  0.0000e+00     3.4902e-01  0.0000e+00     1.3459e-03  0.0000e+00     6.3787e-01  0.0000e+00 
5.3176e+02     3.8435e-04  0.0000e+00     2.0438e-01  0.0000e+00     7.8814e-04  0.0000e+00     4.1911e-01  0.0000e+00 
5.9665e+02     1.7055e-04  0.0000e+00     1.0176e-01  0.0000e+00     3.9241e-04  0.0000e+00     2.3413e-01  0.0000e+00 
6.6945e+02     6.3048e-05  0.0000e+00     4.2207e-02  0.0000e+00     1.6276e-04  0.0000e+00     1.0896e-01  0.0000e+00 
7.5114e+02     1.8599e-05  0.0000e+00     1.3971e-02  0.0000e+00     5.3873e-05  0.0000e+00     4.0466e-02  0.0000e+00 
8.4279e+02     4.7996e-06  0.0000e+00     4.0450e-03  0.0000e+00     1.5598e-05  0.0000e+00     1.3146e-02  0.0000e+00 
9.4563e+02     8.1873e-07  0.0000e+00     7.7421e-04  0.0000e+00     2.9855e-06  0.0000e+00     2.8232e-03  0.0000e+00 
1.0610e+03     1.9677e-07  0.0000e+00     2.0878e-04  0.0000e+00     8.0508e-07  0.0000e+00     8.5420e-04  0.0000e+00 
1.1905e+03     2.9229e-08  0.0000e+00     3.4796e-05  0.0000e+00     1.3418e-07  0.0000e+00     1.5974e-04  0.0000e+00 
1.3357e+03     0.0000e+00  0.0000e+00     0.0000e+00  0.0000e+00     0.0000e+00  0.0000e+00     0.0000e+00  0.0000e+00 
1.4987e+03     5.8043e-09  0.0000e+00     8.6990e-06  0.0000e+00     3.3545e-08  0.0000e+00     5.0275e-05  0.0000e+00 
1.6816e+03     0.0000e+00  0.0000e+00     0.0000e+00  0.0000e+00     0.0000e+00  0.0000e+00     0.0000e+00  0.0000e+00 
1.8868e+03     0.0000e+00  0.0000e+00     0.0000e+00  0.0000e+00     0.0000e+00  0.0000e+00     0.0000e+00  0.0000e+00 
2.1170e+03     0.0000e+00  0.0000e+00     0.0000e+00  0.0000e+00     0.0000e+00  0.0000e+00     0.0000e+00  0.0000e+00 
2.3753e+03     0.0000e+00  0.0000e+00     0.0000e+00  0.0000e+00     0.0000e+00  0.0000e+00     0.0000e+00  0.0000e+00 
2.6651e+03     0.0000e+00  0.0000e+00     0.0000e+00  0.0000e+00     0.0000e+00  0.0000e+00     0.0000e+00  0.0000e+00 
2.9903e+03     0.0000e+00  0.0000e+00     0.0000e+00  0.0000e+00     0.0000e+00  0.0000e+00     0.0000e+00  0.0000e+00 
3.3552e+03     0.0000e+00  0.0000e+00     0.0000e+00  0.0000e+00     0.0000e+00  0.0000e+00     0.0000e+00  0.0000e+00 
3.7646e+03     0.0000e+00  0.0000e+00     0.0000e+00  0.0000e+00     0.0000e+00  0.0000e+00     0.0000e+00  0.0000e+00 
4.2240e+03     0.0000e+00  0.0000e+00     0.0000e+00  0.0000e+00     0.0000e+00  0.0000e+00     0.0000e+00  0.0000e+00 
4.7394e+03     0.0000e+00  0.0000e+00     0.0000e+00  0.0000e+00     0.0000e+00  0.0000e+00     0.0000e+00  0.0000e+00 
5.3176e+03     0.0000e+00  0.0000e+00     0.0000e+00  0.0000e+00     0.0000e+00  0.0000e+00     0.0000e+00  0.0000e+00 
5.9665e+03     0.0000e+00  0.0000e+00     0.0000e+00  0.0000e+00     0.0000e+00  0.0000e+00     0.0000e+00  0.0000e+00 
6.6945e+03     0.0000e+00  0.0000e+00     0.0000e+00  0.0000e+00     0.0000e+00  0.0000e+00     0.0000e+00  0.0000e+00 
7.5114e+03     0.0000e+00  0.0000e+00     0.0000e+00  0.0000e+00     0.0000e+00  0.0000e+00     0.0000e+00  0.0000e+00 
8.4279e+03     0.0000e+00  0.0000e+00     0.0000e+00  0.0000e+00     0.0000e+00  0.0000e+00     0.0000e+00  0.0000e+00 
9.4563e+03     0.0000e+00  0.0000e+00     0.0000e+00  0.0000e+00     0.0000e+00  0.0000e+00     0.0000e+00  0.0000e+00 
