yF = 3.7231e+00 (std: 0.0000e+00) keV/um
yD = 2.1586e+01 (std: 0.0000e+00) keV/um
y (keV/um)     f(y)(std)                  yf(y)(std)                 d(y)(std)                  yd(y)(std)  
1.0610e-01     2.8198e+01  0.0000e+00     2.9918e+00  0.0000e+00     8.0359e-01  0.0000e+00     8.5262e-02  0.0000e+00 
1.1905e-01     2.1105e+00  0.0000e+00     2.5125e-01  0.0000e+00     6.7484e-02  0.0000e+00     8.0338e-03  0.0000e+00 
1.3357e-01     5.5249e-01  0.0000e+00     7.3798e-02  0.0000e+00     1.9822e-02  0.0000e+00     2.6477e-03  0.0000e+00 
1.4987e-01     3.0284e+00  0.0000e+00     4.5387e-01  0.0000e+00     1.2191e-01  0.0000e+00     1.8271e-02  0.0000e+00 
1.6816e-01     8.9488e-01  0.0000e+00     1.5048e-01  0.0000e+00     4.0419e-02  0.0000e+00     6.7968e-03  0.0000e+00 
1.8868e-01     6.1822e-01  0.0000e+00     1.1664e-01  0.0000e+00     3.1330e-02  0.0000e+00     5.9113e-03  0.0000e+00 
2.1170e-01     6.4564e-01  0.0000e+00     1.3668e-01  0.0000e+00     3.6712e-02  0.0000e+00     7.7720e-03  0.0000e+00 
2.3753e-01     6.1603e-01  0.0000e+00     1.4633e-01  0.0000e+00     3.9302e-02  0.0000e+00     9.3355e-03  0.0000e+00 
2.6651e-01     2.9293e-01  0.0000e+00     7.8071e-02  0.0000e+00     2.0970e-02  0.0000e+00     5.5887e-03  0.0000e+00 
2.9903e-01     2.4235e-01  0.0000e+00     7.2470e-02  0.0000e+00     1.9465e-02  0.0000e+00     5.8207e-03  0.0000e+00 
3.3552e-01     1.5768e+00  0.0000e+00     5.2906e-01  0.0000e+00     1.4210e-01  0.0000e+00     4.7678e-02  0.0000e+00 
3.7646e-01     1.0237e+00  0.0000e+00     3.8539e-01  0.0000e+00     1.0351e-01  0.0000e+00     3.8969e-02  0.0000e+00 
4.2240e-01     4.2598e-01  0.0000e+00     1.7993e-01  0.0000e+00     4.8329e-02  0.0000e+00     2.0414e-02  0.0000e+00 
4.7394e-01     4.1377e-01  0.0000e+00     1.9610e-01  0.0000e+00     5.2672e-02  0.0000e+00     2.4963e-02  0.0000e+00 
5.3176e-01     2.5910e-01  0.0000e+00     1.3778e-01  0.0000e+00     3.7007e-02  0.0000e+00     1.9679e-02  0.0000e+00 
5.9665e-01     1.2862e-01  0.0000e+00     7.6743e-02  0.0000e+00     2.0613e-02  0.0000e+00     1.2299e-02  0.0000e+00 
6.6945e-01     2.4842e-01  0.0000e+00     1.6630e-01  0.0000e+00     4.4669e-02  0.0000e+00     2.9904e-02  0.0000e+00 
7.5114e-01     2.0918e-01  0.0000e+00     1.5712e-01  0.0000e+00     4.2203e-02  0.0000e+00     3.1700e-02  0.0000e+00 
8.4279e-01     9.4141e-02  0.0000e+00     7.9341e-02  0.0000e+00     2.1311e-02  0.0000e+00     1.7961e-02  0.0000e+00 
9.4563e-01     6.1431e-02  0.0000e+00     5.8091e-02  0.0000e+00     1.5603e-02  0.0000e+00     1.4755e-02  0.0000e+00 
1.0610e+00     5.2247e-02  0.0000e+00     5.5435e-02  0.0000e+00     1.4890e-02  0.0000e+00     1.5798e-02  0.0000e+00 
1.1905e+00     2.5320e-02  0.0000e+00     3.0143e-02  0.0000e+00     8.0962e-03  0.0000e+00     9.6383e-03  0.0000e+00 
1.3357e+00     1.6082e-02  0.0000e+00     2.1481e-02  0.0000e+00     5.7697e-03  0.0000e+00     7.7068e-03  0.0000e+00 
1.4987e+00     8.9003e-03  0.0000e+00     1.3339e-02  0.0000e+00     3.5828e-03  0.0000e+00     5.3696e-03  0.0000e+00 
1.6816e+00     4.4641e-03  0.0000e+00     7.5068e-03  0.0000e+00     2.0163e-03  0.0000e+00     3.3906e-03  0.0000e+00 
1.8868e+00     1.5915e-03  0.0000e+00     3.0027e-03  0.0000e+00     8.0652e-04  0.0000e+00     1.5217e-03  0.0000e+00 
2.1170e+00     6.2737e-04  0.0000e+00     1.3281e-03  0.0000e+00     3.5673e-04  0.0000e+00     7.5520e-04  0.0000e+00 
2.3753e+00     2.6741e-04  0.0000e+00     6.3519e-04  0.0000e+00     1.7061e-04  0.0000e+00     4.0525e-04  0.0000e+00 
2.6651e+00     1.3000e-04  0.0000e+00     3.4647e-04  0.0000e+00     9.3060e-05  0.0000e+00     2.4802e-04  0.0000e+00 
2.9903e+00     0.0000e+00  0.0000e+00     0.0000e+00  0.0000e+00     0.0000e+00  0.0000e+00     0.0000e+00  0.0000e+00 
3.3552e+00     0.0000e+00  0.0000e+00     0.0000e+00  0.0000e+00     0.0000e+00  0.0000e+00     0.0000e+00  0.0000e+00 
3.7646e+00     0.0000e+00  0.0000e+00     0.0000e+00  0.0000e+00     0.0000e+00  0.0000e+00     0.0000e+00  0.0000e+00 
4.2240e+00     0.0000e+00  0.0000e+00     0.0000e+00  0.0000e+00     0.0000e+00  0.0000e+00     0.0000e+00  0.0000e+00 
4.7394e+00     0.0000e+00  0.0000e+00     0.0000e+00  0.0000e+00     0.0000e+00  0.0000e+00     0.0000e+00  0.0000e+00 
5.3176e+00     0.0000e+00  0.0000e+00     0.0000e+00  0.0000e+00     0.0000e+00  0.0000e+00     0.0000e+00  0.0000e+00 
5.9665e+00     4.8952e-02  0.0000e+00     2.9207e-01  0.0000e+00     7.8450e-02  0.0000e+00     4.6807e-01  0.0000e+00 
6.6945e+00     1.4068e-02  0.0000e+00     9.4182e-02  0.0000e+00     2.5297e-02  0.0000e+00     1.6935e-01  0.0000e+00 
7.5114e+00     6.0655e-03  0.0000e+00     4.5561e-02  0.0000e+00     1.2237e-02  0.0000e+00     9.1920e-02  0.0000e+00 
8.4279e+00     4.3336e-02  0.0000e+00     3.6524e-01  0.0000e+00     9.8101e-02  0.0000e+00     8.2678e-01  0.0000e+00 
9.4563e+00     1.1608e-02  0.0000e+00     1.0977e-01  0.0000e+00     2.9485e-02  0.0000e+00     2.7881e-01  0.0000e+00 
1.0610e+01     1.9930e-02  0.0000e+00     2.1146e-01  0.0000e+00     5.6798e-02  0.0000e+00     6.0263e-01  0.0000e+00 
1.1905e+01     1.6046e-02  0.0000e+00     1.9102e-01  0.0000e+00     5.1307e-02  0.0000e+00     6.1080e-01  0.0000e+00 
1.3357e+01     1.3380e-02  0.0000e+00     1.7872e-01  0.0000e+00     4.8004e-02  0.0000e+00     6.4120e-01  0.0000e+00 
1.4987e+01     7.8446e-03  0.0000e+00     1.1757e-01  0.0000e+00     3.1578e-02  0.0000e+00     4.7327e-01  0.0000e+00 
1.6816e+01     4.2581e-03  0.0000e+00     7.1603e-02  0.0000e+00     1.9232e-02  0.0000e+00     3.2341e-01  0.0000e+00 
1.8868e+01     2.8034e-03  0.0000e+00     5.2894e-02  0.0000e+00     1.4207e-02  0.0000e+00     2.6806e-01  0.0000e+00 
2.1170e+01     2.8122e-03  0.0000e+00     5.9535e-02  0.0000e+00     1.5991e-02  0.0000e+00     3.3852e-01  0.0000e+00 
2.3753e+01     3.8556e-03  0.0000e+00     9.1583e-02  0.0000e+00     2.4599e-02  0.0000e+00     5.8430e-01  0.0000e+00 
2.6651e+01     1.8222e-03  0.0000e+00     4.8563e-02  0.0000e+00     1.3044e-02  0.0000e+00     3.4764e-01  0.0000e+00 
2.9903e+01     1.2745e-03  0.0000e+00     3.8111e-02  0.0000e+00     1.0237e-02  0.0000e+00     3.0611e-01  0.0000e+00 
3.3552e+01     1.2168e-03  0.0000e+00     4.0825e-02  0.0000e+00     1.0966e-02  0.0000e+00     3.6792e-01  0.0000e+00 
3.7646e+01     8.5284e-04  0.0000e+00     3.2106e-02  0.0000e+00     8.6236e-03  0.0000e+00     3.2464e-01  0.0000e+00 
4.2240e+01     5.6187e-04  0.0000e+00     2.3733e-02  0.0000e+00     6.3746e-03  0.0000e+00     2.6926e-01  0.0000e+00 
4.7394e+01     4.5690e-04  0.0000e+00     2.1654e-02  0.0000e+00     5.8163e-03  0.0000e+00     2.7565e-01  0.0000e+00 
5.3176e+01     2.7256e-04  0.0000e+00     1.4494e-02  0.0000e+00     3.8930e-03  0.0000e+00     2.0702e-01  0.0000e+00 
5.9665e+01     1.6356e-04  0.0000e+00     9.7588e-03  0.0000e+00     2.6212e-03  0.0000e+00     1.5639e-01  0.0000e+00 
6.6945e+01     8.8844e-05  0.0000e+00     5.9477e-03  0.0000e+00     1.5975e-03  0.0000e+00     1.0695e-01  0.0000e+00 
7.5114e+01     5.3813e-05  0.0000e+00     4.0421e-03  0.0000e+00     1.0857e-03  0.0000e+00     8.1551e-02  0.0000e+00 
8.4279e+01     2.3295e-05  0.0000e+00     1.9633e-03  0.0000e+00     5.2734e-04  0.0000e+00     4.4444e-02  0.0000e+00 
9.4563e+01     1.5877e-05  0.0000e+00     1.5014e-03  0.0000e+00     4.0326e-04  0.0000e+00     3.8133e-02  0.0000e+00 
1.0610e+02     6.5309e-06  0.0000e+00     6.9294e-04  0.0000e+00     1.8612e-04  0.0000e+00     1.9748e-02  0.0000e+00 
1.1905e+02     9.7011e-07  0.0000e+00     1.1549e-04  0.0000e+00     3.1020e-05  0.0000e+00     3.6929e-03  0.0000e+00 
1.3357e+02     1.7292e-06  0.0000e+00     2.3098e-04  0.0000e+00     6.2040e-05  0.0000e+00     8.2869e-03  0.0000e+00 
1.4987e+02     3.8529e-07  0.0000e+00     5.7745e-05  0.0000e+00     1.5510e-05  0.0000e+00     2.3245e-03  0.0000e+00 
1.6816e+02     0.0000e+00  0.0000e+00     0.0000e+00  0.0000e+00     0.0000e+00  0.0000e+00     0.0000e+00  0.0000e+00 
1.8868e+02     0.0000e+00  0.0000e+00     0.0000e+00  0.0000e+00     0.0000e+00  0.0000e+00     0.0000e+00  0.0000e+00 
2.1170e+02     0.0000e+00  0.0000e+00     0.0000e+00  0.0000e+00     0.0000e+00  0.0000e+00     0.0000e+00  0.0000e+00 
2.3753e+02     0.0000e+00  0.0000e+00     0.0000e+00  0.0000e+00     0.0000e+00  0.0000e+00     0.0000e+00  0.0000e+00 
2.6651e+02     0.0000e+00  0.0000e+00     0.0000e+00  0.0000e+00     0.0000e+00  0.0000e+00     0.0000e+00  0.0000e+00 
2.9903e+02     0.0000e+00  0.0000e+00     0.0000e+00  0.0000e+00     0.0000e+00  0.0000e+00     0.0000e+00  0.0000e+00 
3.3552e+02     0.0000e+00  0.0000e+00     0.0000e+00  0.0000e+00     0.0000e+00  0.0000e+00     0.0000e+00  0.0000e+00 
3.7646e+02     0.0000e+00  0.0000e+00     0.0000e+00  0.0000e+00     0.0000e+00  0.0000e+00     0.0000e+00  0.0000e+00 
4.2240e+02     0.0000e+00  0.0000e+00     0.0000e+00  0.0000e+00     0.0000e+00  0.0000e+00     0.0000e+00  0.0000e+00 
4.7394e+02     0.0000e+00  0.0000e+00     0.0000e+00  0.0000e+00     0.0000e+00  0.0000e+00     0.0000e+00  0.0000e+00 
5.3176e+02     0.0000e+00  0.0000e+00     0.0000e+00  0.0000e+00     0.0000e+00  0.0000e+00     0.0000e+00  0.0000e+00 
5.9665e+02     0.0000e+00  0.0000e+00     0.0000e+00  0.0000e+00     0.0000e+00  0.0000e+00     0.0000e+00  0.0000e+00 
6.6945e+02     0.0000e+00  0.0000e+00     0.0000e+00  0.0000e+00     0.0000e+00  0.0000e+00     0.0000e+00  0.0000e+00 
7.5114e+02     0.0000e+00  0.0000e+00     0.0000e+00  0.0000e+00     0.0000e+00  0.0000e+00     0.0000e+00  0.0000e+00 
8.4279e+02     0.0000e+00  0.0000e+00     0.0000e+00  0.0000e+00     0.0000e+00  0.0000e+00     0.0000e+00  0.0000e+00 
9.4563e+02     0.0000e+00  0.0000e+00     0.0000e+00  0.0000e+00     0.0000e+00  0.0000e+00     0.0000e+00  0.0000e+00 
1.0610e+03     0.0000e+00  0.0000e+00     0.0000e+00  0.0000e+00     0.0000e+00  0.0000e+00     0.0000e+00  0.0000e+00 
1.1905e+03     0.0000e+00  0.0000e+00     0.0000e+00  0.0000e+00     0.0000e+00  0.0000e+00     0.0000e+00  0.0000e+00 
1.3357e+03     0.0000e+00  0.0000e+00     0.0000e+00  0.0000e+00     0.0000e+00  0.0000e+00     0.0000e+00  0.0000e+00 
1.4987e+03     0.0000e+00  0.0000e+00     0.0000e+00  0.0000e+00     0.0000e+00  0.0000e+00     0.0000e+00  0.0000e+00 
1.6816e+03     0.0000e+00  0.0000e+00     0.0000e+00  0.0000e+00     0.0000e+00  0.0000e+00     0.0000e+00  0.0000e+00 
1.8868e+03     0.0000e+00  0.0000e+00     0.0000e+00  0.0000e+00     0.0000e+00  0.0000e+00     0.0000e+00  0.0000e+00 
2.1170e+03     0.0000e+00  0.0000e+00     0.0000e+00  0.0000e+00     0.0000e+00  0.0000e+00     0.0000e+00  0.0000e+00 
2.3753e+03     0.0000e+00  0.0000e+00     0.0000e+00  0.0000e+00     0.0000e+00  0.0000e+00     0.0000e+00  0.0000e+00 
2.6651e+03     0.0000e+00  0.0000e+00     0.0000e+00  0.0000e+00     0.0000e+00  0.0000e+00     0.0000e+00  0.0000e+00 
2.9903e+03     0.0000e+00  0.0000e+00     0.0000e+00  0.0000e+00     0.0000e+00  0.0000e+00     0.0000e+00  0.0000e+00 
3.3552e+03     0.0000e+00  0.0000e+00     0.0000e+00  0.0000e+00     0.0000e+00  0.0000e+00     0.0000e+00  0.0000e+00 
3.7646e+03     0.0000e+00  0.0000e+00     0.0000e+00  0.0000e+00     0.0000e+00  0.0000e+00     0.0000e+00  0.0000e+00 
4.2240e+03     0.0000e+00  0.0000e+00     0.0000e+00  0.0000e+00     0.0000e+00  0.0000e+00     0.0000e+00  0.0000e+00 
4.7394e+03     0.0000e+00  0.0000e+00     0.0000e+00  0.0000e+00     0.0000e+00  0.0000e+00     0.0000e+00  0.0000e+00 
5.3176e+03     0.0000e+00  0.0000e+00     0.0000e+00  0.0000e+00     0.0000e+00  0.0000e+00     0.0000e+00  0.0000e+00 
5.9665e+03     0.0000e+00  0.0000e+00     0.0000e+00  0.0000e+00     0.0000e+00  0.0000e+00     0.0000e+00  0.0000e+00 
6.6945e+03     0.0000e+00  0.0000e+00     0.0000e+00  0.0000e+00     0.0000e+00  0.0000e+00     0.0000e+00  0.0000e+00 
7.5114e+03     0.0000e+00  0.0000e+00     0.0000e+00  0.0000e+00     0.0000e+00  0.0000e+00     0.0000e+00  0.0000e+00 
8.4279e+03     0.0000e+00  0.0000e+00     0.0000e+00  0.0000e+00     0.0000e+00  0.0000e+00     0.0000e+00  0.0000e+00 
9.4563e+03     0.0000e+00  0.0000e+00     0.0000e+00  0.0000e+00     0.0000e+00  0.0000e+00     0.0000e+00  0.0000e+00 
