yF = 9.5030e+01 (std: 0.0000e+00) keV/um
yD = 1.1217e+02 (std: 0.0000e+00) keV/um
y (keV/um)     f(y)(std)                  yf(y)(std)                 d(y)(std)                  yd(y)(std)  
1.0610e-01     1.5571e-03  0.0000e+00     1.6521e-04  0.0000e+00     1.7386e-06  0.0000e+00     1.8446e-07  0.0000e+00 
1.1905e-01     3.6521e-04  0.0000e+00     4.3478e-05  0.0000e+00     4.5752e-07  0.0000e+00     5.4466e-08  0.0000e+00 
1.3357e-01     3.9060e-04  0.0000e+00     5.2173e-05  0.0000e+00     5.4902e-07  0.0000e+00     7.3334e-08  0.0000e+00 
1.4987e-01     1.1604e-04  0.0000e+00     1.7391e-05  0.0000e+00     1.8301e-07  0.0000e+00     2.7427e-08  0.0000e+00 
1.6816e-01     6.7223e-04  0.0000e+00     1.1304e-04  0.0000e+00     1.1895e-06  0.0000e+00     2.0003e-07  0.0000e+00 
1.8868e-01     1.8435e-04  0.0000e+00     3.4782e-05  0.0000e+00     3.6601e-07  0.0000e+00     6.9058e-08  0.0000e+00 
2.1170e-01     5.3397e-04  0.0000e+00     1.1304e-04  0.0000e+00     1.1895e-06  0.0000e+00     2.5182e-07  0.0000e+00 
2.3753e-01     3.6608e-04  0.0000e+00     8.6955e-05  0.0000e+00     9.1503e-07  0.0000e+00     2.1735e-07  0.0000e+00 
2.6651e-01     2.6102e-04  0.0000e+00     6.9564e-05  0.0000e+00     7.3202e-07  0.0000e+00     1.9509e-07  0.0000e+00 
2.9903e-01     2.6171e-04  0.0000e+00     7.8260e-05  0.0000e+00     8.2353e-07  0.0000e+00     2.4626e-07  0.0000e+00 
3.3552e-01     5.1833e-04  0.0000e+00     1.7391e-04  0.0000e+00     1.8301e-06  0.0000e+00     6.1402e-07  0.0000e+00 
3.7646e-01     5.3126e-04  0.0000e+00     2.0000e-04  0.0000e+00     2.1046e-06  0.0000e+00     7.9229e-07  0.0000e+00 
4.2240e-01     4.1172e-04  0.0000e+00     1.7391e-04  0.0000e+00     1.8301e-06  0.0000e+00     7.7301e-07  0.0000e+00 
4.7394e-01     7.1555e-04  0.0000e+00     3.3912e-04  0.0000e+00     3.5686e-06  0.0000e+00     1.6913e-06  0.0000e+00 
5.3176e-01     4.4151e-04  0.0000e+00     2.3478e-04  0.0000e+00     2.4706e-06  0.0000e+00     1.3138e-06  0.0000e+00 
5.9665e-01     4.0807e-04  0.0000e+00     2.4347e-04  0.0000e+00     2.5621e-06  0.0000e+00     1.5287e-06  0.0000e+00 
6.6945e-01     3.6369e-04  0.0000e+00     2.4347e-04  0.0000e+00     2.5621e-06  0.0000e+00     1.7152e-06  0.0000e+00 
7.5114e-01     4.2833e-04  0.0000e+00     3.2173e-04  0.0000e+00     3.3856e-06  0.0000e+00     2.5431e-06  0.0000e+00 
8.4279e-01     3.1984e-04  0.0000e+00     2.6956e-04  0.0000e+00     2.8366e-06  0.0000e+00     2.3907e-06  0.0000e+00 
9.4563e-01     3.4023e-04  0.0000e+00     3.2173e-04  0.0000e+00     3.3856e-06  0.0000e+00     3.2015e-06  0.0000e+00 
1.0610e+00     1.2293e-04  0.0000e+00     1.3043e-04  0.0000e+00     1.3725e-06  0.0000e+00     1.4563e-06  0.0000e+00 
1.1905e+00     2.0452e-04  0.0000e+00     2.4347e-04  0.0000e+00     2.5621e-06  0.0000e+00     3.0501e-06  0.0000e+00 
1.3357e+00     1.3020e-04  0.0000e+00     1.7391e-04  0.0000e+00     1.8301e-06  0.0000e+00     2.4445e-06  0.0000e+00 
1.4987e+00     6.9624e-05  0.0000e+00     1.0435e-04  0.0000e+00     1.0980e-06  0.0000e+00     1.6456e-06  0.0000e+00 
1.6816e+00     6.2052e-05  0.0000e+00     1.0435e-04  0.0000e+00     1.0980e-06  0.0000e+00     1.8464e-06  0.0000e+00 
1.8868e+00     2.3043e-05  0.0000e+00     4.3478e-05  0.0000e+00     4.5752e-07  0.0000e+00     8.6323e-07  0.0000e+00 
2.1170e+00     2.4645e-05  0.0000e+00     5.2173e-05  0.0000e+00     5.4902e-07  0.0000e+00     1.1623e-06  0.0000e+00 
2.3753e+00     2.1965e-05  0.0000e+00     5.2173e-05  0.0000e+00     5.4902e-07  0.0000e+00     1.3041e-06  0.0000e+00 
2.6651e+00     6.5254e-06  0.0000e+00     1.7391e-05  0.0000e+00     1.8301e-07  0.0000e+00     4.8774e-07  0.0000e+00 
2.9903e+00     5.8158e-06  0.0000e+00     1.7391e-05  0.0000e+00     1.8301e-07  0.0000e+00     5.4725e-07  0.0000e+00 
3.3552e+00     0.0000e+00  0.0000e+00     0.0000e+00  0.0000e+00     0.0000e+00  0.0000e+00     0.0000e+00  0.0000e+00 
3.7646e+00     0.0000e+00  0.0000e+00     0.0000e+00  0.0000e+00     0.0000e+00  0.0000e+00     0.0000e+00  0.0000e+00 
4.2240e+00     2.0586e-06  0.0000e+00     8.6955e-06  0.0000e+00     9.1503e-08  0.0000e+00     3.8650e-07  0.0000e+00 
4.7394e+00     2.3852e-05  0.0000e+00     1.1304e-04  0.0000e+00     1.1895e-06  0.0000e+00     5.6377e-06  0.0000e+00 
5.3176e+00     3.3522e-04  0.0000e+00     1.7826e-03  0.0000e+00     1.8758e-05  0.0000e+00     9.9749e-05  0.0000e+00 
5.9665e+00     3.0022e-04  0.0000e+00     1.7913e-03  0.0000e+00     1.8850e-05  0.0000e+00     1.1247e-04  0.0000e+00 
6.6945e+00     1.3379e-04  0.0000e+00     8.9564e-04  0.0000e+00     9.4248e-06  0.0000e+00     6.3095e-05  0.0000e+00 
7.5114e+00     3.3572e-05  0.0000e+00     2.5217e-04  0.0000e+00     2.6536e-06  0.0000e+00     1.9932e-05  0.0000e+00 
8.4279e+00     2.9714e-04  0.0000e+00     2.5043e-03  0.0000e+00     2.6353e-05  0.0000e+00     2.2210e-04  0.0000e+00 
9.4563e+00     5.3058e-04  0.0000e+00     5.0173e-03  0.0000e+00     5.2797e-05  0.0000e+00     4.9926e-04  0.0000e+00 
1.0610e+01     5.3271e-04  0.0000e+00     5.6521e-03  0.0000e+00     5.9477e-05  0.0000e+00     6.3106e-04  0.0000e+00 
1.1905e+01     4.6966e-04  0.0000e+00     5.5912e-03  0.0000e+00     5.8837e-05  0.0000e+00     7.0043e-04  0.0000e+00 
1.3357e+01     5.6311e-04  0.0000e+00     7.5216e-03  0.0000e+00     7.9150e-05  0.0000e+00     1.0572e-03  0.0000e+00 
1.4987e+01     6.6723e-04  0.0000e+00     9.9998e-03  0.0000e+00     1.0523e-04  0.0000e+00     1.5771e-03  0.0000e+00 
1.6816e+01     8.0668e-04  0.0000e+00     1.3565e-02  0.0000e+00     1.4274e-04  0.0000e+00     2.4004e-03  0.0000e+00 
1.8868e+01     1.1125e-03  0.0000e+00     2.0991e-02  0.0000e+00     2.2089e-04  0.0000e+00     4.1677e-03  0.0000e+00 
2.1170e+01     1.3542e-03  0.0000e+00     2.8669e-02  0.0000e+00     3.0169e-04  0.0000e+00     6.3867e-03  0.0000e+00 
2.3753e+01     1.7608e-03  0.0000e+00     4.1825e-02  0.0000e+00     4.4013e-04  0.0000e+00     1.0454e-02  0.0000e+00 
2.6651e+01     2.0943e-03  0.0000e+00     5.5816e-02  0.0000e+00     5.8736e-04  0.0000e+00     1.5654e-02  0.0000e+00 
2.9903e+01     2.6680e-03  0.0000e+00     7.9781e-02  0.0000e+00     8.3954e-04  0.0000e+00     2.5105e-02  0.0000e+00 
3.3552e+01     3.3785e-03  0.0000e+00     1.1335e-01  0.0000e+00     1.1928e-03  0.0000e+00     4.0022e-02  0.0000e+00 
3.7646e+01     4.1122e-03  0.0000e+00     1.5481e-01  0.0000e+00     1.6290e-03  0.0000e+00     6.1327e-02  0.0000e+00 
4.2240e+01     5.1095e-03  0.0000e+00     2.1582e-01  0.0000e+00     2.2711e-03  0.0000e+00     9.5931e-02  0.0000e+00 
4.7394e+01     6.1181e-03  0.0000e+00     2.8996e-01  0.0000e+00     3.0513e-03  0.0000e+00     1.4461e-01  0.0000e+00 
5.3176e+01     7.3021e-03  0.0000e+00     3.8830e-01  0.0000e+00     4.0861e-03  0.0000e+00     2.1728e-01  0.0000e+00 
5.9665e+01     8.4996e-03  0.0000e+00     5.0713e-01  0.0000e+00     5.3366e-03  0.0000e+00     3.1841e-01  0.0000e+00 
6.6945e+01     9.4572e-03  0.0000e+00     6.3311e-01  0.0000e+00     6.6623e-03  0.0000e+00     4.4601e-01  0.0000e+00 
7.5114e+01     1.0114e-02  0.0000e+00     7.5968e-01  0.0000e+00     7.9942e-03  0.0000e+00     6.0047e-01  0.0000e+00 
8.4279e+01     1.0231e-02  0.0000e+00     8.6230e-01  0.0000e+00     9.0740e-03  0.0000e+00     7.6475e-01  0.0000e+00 
9.4563e+01     9.7791e-03  0.0000e+00     9.2473e-01  0.0000e+00     9.7310e-03  0.0000e+00     9.2019e-01  0.0000e+00 
1.0610e+02     8.7097e-03  0.0000e+00     9.2411e-01  0.0000e+00     9.7244e-03  0.0000e+00     1.0318e+00  0.0000e+00 
1.1905e+02     7.0508e-03  0.0000e+00     8.3938e-01  0.0000e+00     8.8328e-03  0.0000e+00     1.0515e+00  0.0000e+00 
1.3357e+02     5.1640e-03  0.0000e+00     6.8977e-01  0.0000e+00     7.2585e-03  0.0000e+00     9.6954e-01  0.0000e+00 
1.4987e+02     3.3669e-03  0.0000e+00     5.0461e-01  0.0000e+00     5.3100e-03  0.0000e+00     7.9582e-01  0.0000e+00 
1.6816e+02     1.9035e-03  0.0000e+00     3.2009e-01  0.0000e+00     3.3683e-03  0.0000e+00     5.6641e-01  0.0000e+00 
1.8868e+02     8.9662e-04  0.0000e+00     1.6917e-01  0.0000e+00     1.7802e-03  0.0000e+00     3.3588e-01  0.0000e+00 
2.1170e+02     3.5608e-04  0.0000e+00     7.5381e-02  0.0000e+00     7.9324e-04  0.0000e+00     1.6793e-01  0.0000e+00 
2.3753e+02     1.1517e-04  0.0000e+00     2.7356e-02  0.0000e+00     2.8787e-04  0.0000e+00     6.8378e-02  0.0000e+00 
2.6651e+02     3.1322e-05  0.0000e+00     8.3477e-03  0.0000e+00     8.7843e-05  0.0000e+00     2.3411e-02  0.0000e+00 
2.9903e+02     5.7576e-06  0.0000e+00     1.7217e-03  0.0000e+00     1.8118e-05  0.0000e+00     5.4178e-03  0.0000e+00 
3.3552e+02     8.5524e-07  0.0000e+00     2.8695e-04  0.0000e+00     3.0196e-06  0.0000e+00     1.0131e-03  0.0000e+00 
3.7646e+02     9.2392e-08  0.0000e+00     3.4782e-05  0.0000e+00     3.6601e-07  0.0000e+00     1.3779e-04  0.0000e+00 
4.2240e+02     4.1172e-08  0.0000e+00     1.7391e-05  0.0000e+00     1.8301e-07  0.0000e+00     7.7301e-05  0.0000e+00 
4.7394e+02     0.0000e+00  0.0000e+00     0.0000e+00  0.0000e+00     0.0000e+00  0.0000e+00     0.0000e+00  0.0000e+00 
5.3176e+02     0.0000e+00  0.0000e+00     0.0000e+00  0.0000e+00     0.0000e+00  0.0000e+00     0.0000e+00  0.0000e+00 
5.9665e+02     0.0000e+00  0.0000e+00     0.0000e+00  0.0000e+00     0.0000e+00  0.0000e+00     0.0000e+00  0.0000e+00 
6.6945e+02     0.0000e+00  0.0000e+00     0.0000e+00  0.0000e+00     0.0000e+00  0.0000e+00     0.0000e+00  0.0000e+00 
7.5114e+02     0.0000e+00  0.0000e+00     0.0000e+00  0.0000e+00     0.0000e+00  0.0000e+00     0.0000e+00  0.0000e+00 
8.4279e+02     0.0000e+00  0.0000e+00     0.0000e+00  0.0000e+00     0.0000e+00  0.0000e+00     0.0000e+00  0.0000e+00 
9.4563e+02     0.0000e+00  0.0000e+00     0.0000e+00  0.0000e+00     0.0000e+00  0.0000e+00     0.0000e+00  0.0000e+00 
1.0610e+03     0.0000e+00  0.0000e+00     0.0000e+00  0.0000e+00     0.0000e+00  0.0000e+00     0.0000e+00  0.0000e+00 
1.1905e+03     0.0000e+00  0.0000e+00     0.0000e+00  0.0000e+00     0.0000e+00  0.0000e+00     0.0000e+00  0.0000e+00 
1.3357e+03     0.0000e+00  0.0000e+00     0.0000e+00  0.0000e+00     0.0000e+00  0.0000e+00     0.0000e+00  0.0000e+00 
1.4987e+03     0.0000e+00  0.0000e+00     0.0000e+00  0.0000e+00     0.0000e+00  0.0000e+00     0.0000e+00  0.0000e+00 
1.6816e+03     0.0000e+00  0.0000e+00     0.0000e+00  0.0000e+00     0.0000e+00  0.0000e+00     0.0000e+00  0.0000e+00 
1.8868e+03     0.0000e+00  0.0000e+00     0.0000e+00  0.0000e+00     0.0000e+00  0.0000e+00     0.0000e+00  0.0000e+00 
2.1170e+03     0.0000e+00  0.0000e+00     0.0000e+00  0.0000e+00     0.0000e+00  0.0000e+00     0.0000e+00  0.0000e+00 
2.3753e+03     0.0000e+00  0.0000e+00     0.0000e+00  0.0000e+00     0.0000e+00  0.0000e+00     0.0000e+00  0.0000e+00 
2.6651e+03     0.0000e+00  0.0000e+00     0.0000e+00  0.0000e+00     0.0000e+00  0.0000e+00     0.0000e+00  0.0000e+00 
2.9903e+03     0.0000e+00  0.0000e+00     0.0000e+00  0.0000e+00     0.0000e+00  0.0000e+00     0.0000e+00  0.0000e+00 
3.3552e+03     0.0000e+00  0.0000e+00     0.0000e+00  0.0000e+00     0.0000e+00  0.0000e+00     0.0000e+00  0.0000e+00 
3.7646e+03     0.0000e+00  0.0000e+00     0.0000e+00  0.0000e+00     0.0000e+00  0.0000e+00     0.0000e+00  0.0000e+00 
4.2240e+03     0.0000e+00  0.0000e+00     0.0000e+00  0.0000e+00     0.0000e+00  0.0000e+00     0.0000e+00  0.0000e+00 
4.7394e+03     0.0000e+00  0.0000e+00     0.0000e+00  0.0000e+00     0.0000e+00  0.0000e+00     0.0000e+00  0.0000e+00 
5.3176e+03     0.0000e+00  0.0000e+00     0.0000e+00  0.0000e+00     0.0000e+00  0.0000e+00     0.0000e+00  0.0000e+00 
5.9665e+03     0.0000e+00  0.0000e+00     0.0000e+00  0.0000e+00     0.0000e+00  0.0000e+00     0.0000e+00  0.0000e+00 
6.6945e+03     0.0000e+00  0.0000e+00     0.0000e+00  0.0000e+00     0.0000e+00  0.0000e+00     0.0000e+00  0.0000e+00 
7.5114e+03     0.0000e+00  0.0000e+00     0.0000e+00  0.0000e+00     0.0000e+00  0.0000e+00     0.0000e+00  0.0000e+00 
8.4279e+03     0.0000e+00  0.0000e+00     0.0000e+00  0.0000e+00     0.0000e+00  0.0000e+00     0.0000e+00  0.0000e+00 
9.4563e+03     0.0000e+00  0.0000e+00     0.0000e+00  0.0000e+00     0.0000e+00  0.0000e+00     0.0000e+00  0.0000e+00 
