yF = 4.1703e+00 (std: 0.0000e+00) keV/um
yD = 1.8998e+01 (std: 0.0000e+00) keV/um
y (keV/um)     f(y)(std)                  yf(y)(std)                 d(y)(std)                  yd(y)(std)  
1.0610e-01     2.6516e+01  0.0000e+00     2.8133e+00  0.0000e+00     6.7461e-01  0.0000e+00     7.1576e-02  0.0000e+00 
1.1905e-01     1.9328e+00  0.0000e+00     2.3009e-01  0.0000e+00     5.5173e-02  0.0000e+00     6.5682e-03  0.0000e+00 
1.3357e-01     5.5181e-01  0.0000e+00     7.3707e-02  0.0000e+00     1.7674e-02  0.0000e+00     2.3608e-03  0.0000e+00 
1.4987e-01     2.7757e+00  0.0000e+00     4.1600e-01  0.0000e+00     9.9752e-02  0.0000e+00     1.4950e-02  0.0000e+00 
1.6816e-01     9.2736e-01  0.0000e+00     1.5594e-01  0.0000e+00     3.7394e-02  0.0000e+00     6.2881e-03  0.0000e+00 
1.8868e-01     5.4830e-01  0.0000e+00     1.0345e-01  0.0000e+00     2.4807e-02  0.0000e+00     4.6805e-03  0.0000e+00 
2.1170e-01     6.2712e-01  0.0000e+00     1.3276e-01  0.0000e+00     3.1834e-02  0.0000e+00     6.7393e-03  0.0000e+00 
2.3753e-01     5.5708e-01  0.0000e+00     1.3232e-01  0.0000e+00     3.1730e-02  0.0000e+00     7.5367e-03  0.0000e+00 
2.6651e-01     2.8231e-01  0.0000e+00     7.5238e-02  0.0000e+00     1.8041e-02  0.0000e+00     4.8082e-03  0.0000e+00 
2.9903e-01     2.1503e-01  0.0000e+00     6.4302e-02  0.0000e+00     1.5419e-02  0.0000e+00     4.6108e-03  0.0000e+00 
3.3552e-01     1.3657e+00  0.0000e+00     4.5821e-01  0.0000e+00     1.0987e-01  0.0000e+00     3.6865e-02  0.0000e+00 
3.7646e-01     8.8948e-01  0.0000e+00     3.3485e-01  0.0000e+00     8.0294e-02  0.0000e+00     3.0228e-02  0.0000e+00 
4.2240e-01     3.9094e-01  0.0000e+00     1.6513e-01  0.0000e+00     3.9596e-02  0.0000e+00     1.6725e-02  0.0000e+00 
4.7394e-01     3.8857e-01  0.0000e+00     1.8416e-01  0.0000e+00     4.4159e-02  0.0000e+00     2.0929e-02  0.0000e+00 
5.3176e-01     2.2580e-01  0.0000e+00     1.2007e-01  0.0000e+00     2.8793e-02  0.0000e+00     1.5311e-02  0.0000e+00 
5.9665e-01     1.1730e-01  0.0000e+00     6.9989e-02  0.0000e+00     1.6783e-02  0.0000e+00     1.0013e-02  0.0000e+00 
6.6945e-01     2.2282e-01  0.0000e+00     1.4916e-01  0.0000e+00     3.5768e-02  0.0000e+00     2.3945e-02  0.0000e+00 
7.5114e-01     1.5753e-01  0.0000e+00     1.1833e-01  0.0000e+00     2.8373e-02  0.0000e+00     2.1312e-02  0.0000e+00 
8.4279e-01     8.5121e-02  0.0000e+00     7.1739e-02  0.0000e+00     1.7202e-02  0.0000e+00     1.4498e-02  0.0000e+00 
9.4563e-01     4.9034e-02  0.0000e+00     4.6368e-02  0.0000e+00     1.1118e-02  0.0000e+00     1.0514e-02  0.0000e+00 
1.0610e+00     4.2671e-02  0.0000e+00     4.5274e-02  0.0000e+00     1.0856e-02  0.0000e+00     1.1519e-02  0.0000e+00 
1.1905e+00     1.8556e-02  0.0000e+00     2.2090e-02  0.0000e+00     5.2970e-03  0.0000e+00     6.3059e-03  0.0000e+00 
1.3357e+00     1.2281e-02  0.0000e+00     1.6404e-02  0.0000e+00     3.9334e-03  0.0000e+00     5.2540e-03  0.0000e+00 
1.4987e+00     6.1293e-03  0.0000e+00     9.1861e-03  0.0000e+00     2.2027e-03  0.0000e+00     3.3012e-03  0.0000e+00 
1.6816e+00     2.3412e-03  0.0000e+00     3.9369e-03  0.0000e+00     9.4402e-04  0.0000e+00     1.5875e-03  0.0000e+00 
1.8868e+00     5.7960e-04  0.0000e+00     1.0936e-03  0.0000e+00     2.6223e-04  0.0000e+00     4.9476e-04  0.0000e+00 
2.1170e+00     3.0994e-04  0.0000e+00     6.5615e-04  0.0000e+00     1.5734e-04  0.0000e+00     3.3308e-04  0.0000e+00 
2.3753e+00     0.0000e+00  0.0000e+00     0.0000e+00  0.0000e+00     0.0000e+00  0.0000e+00     0.0000e+00  0.0000e+00 
2.6651e+00     0.0000e+00  0.0000e+00     0.0000e+00  0.0000e+00     0.0000e+00  0.0000e+00     0.0000e+00  0.0000e+00 
2.9903e+00     0.0000e+00  0.0000e+00     0.0000e+00  0.0000e+00     0.0000e+00  0.0000e+00     0.0000e+00  0.0000e+00 
3.3552e+00     0.0000e+00  0.0000e+00     0.0000e+00  0.0000e+00     0.0000e+00  0.0000e+00     0.0000e+00  0.0000e+00 
3.7646e+00     0.0000e+00  0.0000e+00     0.0000e+00  0.0000e+00     0.0000e+00  0.0000e+00     0.0000e+00  0.0000e+00 
4.2240e+00     0.0000e+00  0.0000e+00     0.0000e+00  0.0000e+00     0.0000e+00  0.0000e+00     0.0000e+00  0.0000e+00 
4.7394e+00     0.0000e+00  0.0000e+00     0.0000e+00  0.0000e+00     0.0000e+00  0.0000e+00     0.0000e+00  0.0000e+00 
5.3176e+00     0.0000e+00  0.0000e+00     0.0000e+00  0.0000e+00     0.0000e+00  0.0000e+00     0.0000e+00  0.0000e+00 
5.9665e+00     1.0455e-01  0.0000e+00     6.2378e-01  0.0000e+00     1.4957e-01  0.0000e+00     8.9244e-01  0.0000e+00 
6.6945e+00     2.1726e-02  0.0000e+00     1.4545e-01  0.0000e+00     3.4876e-02  0.0000e+00     2.3348e-01  0.0000e+00 
7.5114e+00     6.1730e-03  0.0000e+00     4.6368e-02  0.0000e+00     1.1118e-02  0.0000e+00     8.3515e-02  0.0000e+00 
8.4279e+00     2.4472e-02  0.0000e+00     2.0625e-01  0.0000e+00     4.9456e-02  0.0000e+00     4.1681e-01  0.0000e+00 
9.4563e+00     1.8341e-02  0.0000e+00     1.7344e-01  0.0000e+00     4.1589e-02  0.0000e+00     3.9328e-01  0.0000e+00 
1.0610e+01     3.8940e-02  0.0000e+00     4.1315e-01  0.0000e+00     9.9070e-02  0.0000e+00     1.0511e+00  0.0000e+00 
1.1905e+01     1.7913e-02  0.0000e+00     2.1325e-01  0.0000e+00     5.1134e-02  0.0000e+00     6.0874e-01  0.0000e+00 
1.3357e+01     1.3820e-02  0.0000e+00     1.8460e-01  0.0000e+00     4.4264e-02  0.0000e+00     5.9125e-01  0.0000e+00 
1.4987e+01     8.8583e-03  0.0000e+00     1.3276e-01  0.0000e+00     3.1834e-02  0.0000e+00     4.7711e-01  0.0000e+00 
1.6816e+01     4.7864e-03  0.0000e+00     8.0487e-02  0.0000e+00     1.9300e-02  0.0000e+00     3.2455e-01  0.0000e+00 
1.8868e+01     3.6747e-03  0.0000e+00     6.9333e-02  0.0000e+00     1.6625e-02  0.0000e+00     3.1368e-01  0.0000e+00 
2.1170e+01     3.5230e-03  0.0000e+00     7.4582e-02  0.0000e+00     1.7884e-02  0.0000e+00     3.7860e-01  0.0000e+00 
2.3753e+01     3.2964e-03  0.0000e+00     7.8300e-02  0.0000e+00     1.8776e-02  0.0000e+00     4.4598e-01  0.0000e+00 
2.6651e+01     2.2896e-03  0.0000e+00     6.1022e-02  0.0000e+00     1.4632e-02  0.0000e+00     3.8997e-01  0.0000e+00 
2.9903e+01     1.4336e-03  0.0000e+00     4.2868e-02  0.0000e+00     1.0279e-02  0.0000e+00     3.0739e-01  0.0000e+00 
3.3552e+01     1.1017e-03  0.0000e+00     3.6963e-02  0.0000e+00     8.8633e-03  0.0000e+00     2.9738e-01  0.0000e+00 
3.7646e+01     7.7270e-04  0.0000e+00     2.9089e-02  0.0000e+00     6.9753e-03  0.0000e+00     2.6259e-01  0.0000e+00 
4.2240e+01     5.5404e-04  0.0000e+00     2.3403e-02  0.0000e+00     5.6117e-03  0.0000e+00     2.3703e-01  0.0000e+00 
4.7394e+01     4.1995e-04  0.0000e+00     1.9903e-02  0.0000e+00     4.7725e-03  0.0000e+00     2.2619e-01  0.0000e+00 
5.3176e+01     1.9331e-04  0.0000e+00     1.0280e-02  0.0000e+00     2.4649e-03  0.0000e+00     1.3108e-01  0.0000e+00 
5.9665e+01     1.0997e-04  0.0000e+00     6.5615e-03  0.0000e+00     1.5734e-03  0.0000e+00     9.3875e-02  0.0000e+00 
6.6945e+01     6.5342e-05  0.0000e+00     4.3743e-03  0.0000e+00     1.0489e-03  0.0000e+00     7.0220e-02  0.0000e+00 
7.5114e+01     3.2030e-05  0.0000e+00     2.4059e-03  0.0000e+00     5.7690e-04  0.0000e+00     4.3333e-02  0.0000e+00 
8.4279e+01     2.5951e-05  0.0000e+00     2.1872e-03  0.0000e+00     5.2446e-04  0.0000e+00     4.4201e-02  0.0000e+00 
9.4563e+01     4.6258e-06  0.0000e+00     4.3743e-04  0.0000e+00     1.0489e-04  0.0000e+00     9.9188e-03  0.0000e+00 
1.0610e+02     0.0000e+00  0.0000e+00     0.0000e+00  0.0000e+00     0.0000e+00  0.0000e+00     0.0000e+00  0.0000e+00 
1.1905e+02     3.6744e-06  0.0000e+00     4.3743e-04  0.0000e+00     1.0489e-04  0.0000e+00     1.2487e-02  0.0000e+00 
1.3357e+02     0.0000e+00  0.0000e+00     0.0000e+00  0.0000e+00     0.0000e+00  0.0000e+00     0.0000e+00  0.0000e+00 
1.4987e+02     0.0000e+00  0.0000e+00     0.0000e+00  0.0000e+00     0.0000e+00  0.0000e+00     0.0000e+00  0.0000e+00 
1.6816e+02     0.0000e+00  0.0000e+00     0.0000e+00  0.0000e+00     0.0000e+00  0.0000e+00     0.0000e+00  0.0000e+00 
1.8868e+02     0.0000e+00  0.0000e+00     0.0000e+00  0.0000e+00     0.0000e+00  0.0000e+00     0.0000e+00  0.0000e+00 
2.1170e+02     0.0000e+00  0.0000e+00     0.0000e+00  0.0000e+00     0.0000e+00  0.0000e+00     0.0000e+00  0.0000e+00 
2.3753e+02     0.0000e+00  0.0000e+00     0.0000e+00  0.0000e+00     0.0000e+00  0.0000e+00     0.0000e+00  0.0000e+00 
2.6651e+02     0.0000e+00  0.0000e+00     0.0000e+00  0.0000e+00     0.0000e+00  0.0000e+00     0.0000e+00  0.0000e+00 
2.9903e+02     0.0000e+00  0.0000e+00     0.0000e+00  0.0000e+00     0.0000e+00  0.0000e+00     0.0000e+00  0.0000e+00 
3.3552e+02     0.0000e+00  0.0000e+00     0.0000e+00  0.0000e+00     0.0000e+00  0.0000e+00     0.0000e+00  0.0000e+00 
3.7646e+02     0.0000e+00  0.0000e+00     0.0000e+00  0.0000e+00     0.0000e+00  0.0000e+00     0.0000e+00  0.0000e+00 
4.2240e+02     0.0000e+00  0.0000e+00     0.0000e+00  0.0000e+00     0.0000e+00  0.0000e+00     0.0000e+00  0.0000e+00 
4.7394e+02     0.0000e+00  0.0000e+00     0.0000e+00  0.0000e+00     0.0000e+00  0.0000e+00     0.0000e+00  0.0000e+00 
5.3176e+02     0.0000e+00  0.0000e+00     0.0000e+00  0.0000e+00     0.0000e+00  0.0000e+00     0.0000e+00  0.0000e+00 
5.9665e+02     0.0000e+00  0.0000e+00     0.0000e+00  0.0000e+00     0.0000e+00  0.0000e+00     0.0000e+00  0.0000e+00 
6.6945e+02     0.0000e+00  0.0000e+00     0.0000e+00  0.0000e+00     0.0000e+00  0.0000e+00     0.0000e+00  0.0000e+00 
7.5114e+02     0.0000e+00  0.0000e+00     0.0000e+00  0.0000e+00     0.0000e+00  0.0000e+00     0.0000e+00  0.0000e+00 
8.4279e+02     0.0000e+00  0.0000e+00     0.0000e+00  0.0000e+00     0.0000e+00  0.0000e+00     0.0000e+00  0.0000e+00 
9.4563e+02     0.0000e+00  0.0000e+00     0.0000e+00  0.0000e+00     0.0000e+00  0.0000e+00     0.0000e+00  0.0000e+00 
1.0610e+03     0.0000e+00  0.0000e+00     0.0000e+00  0.0000e+00     0.0000e+00  0.0000e+00     0.0000e+00  0.0000e+00 
1.1905e+03     0.0000e+00  0.0000e+00     0.0000e+00  0.0000e+00     0.0000e+00  0.0000e+00     0.0000e+00  0.0000e+00 
1.3357e+03     0.0000e+00  0.0000e+00     0.0000e+00  0.0000e+00     0.0000e+00  0.0000e+00     0.0000e+00  0.0000e+00 
1.4987e+03     0.0000e+00  0.0000e+00     0.0000e+00  0.0000e+00     0.0000e+00  0.0000e+00     0.0000e+00  0.0000e+00 
1.6816e+03     0.0000e+00  0.0000e+00     0.0000e+00  0.0000e+00     0.0000e+00  0.0000e+00     0.0000e+00  0.0000e+00 
1.8868e+03     0.0000e+00  0.0000e+00     0.0000e+00  0.0000e+00     0.0000e+00  0.0000e+00     0.0000e+00  0.0000e+00 
2.1170e+03     0.0000e+00  0.0000e+00     0.0000e+00  0.0000e+00     0.0000e+00  0.0000e+00     0.0000e+00  0.0000e+00 
2.3753e+03     0.0000e+00  0.0000e+00     0.0000e+00  0.0000e+00     0.0000e+00  0.0000e+00     0.0000e+00  0.0000e+00 
2.6651e+03     0.0000e+00  0.0000e+00     0.0000e+00  0.0000e+00     0.0000e+00  0.0000e+00     0.0000e+00  0.0000e+00 
2.9903e+03     0.0000e+00  0.0000e+00     0.0000e+00  0.0000e+00     0.0000e+00  0.0000e+00     0.0000e+00  0.0000e+00 
3.3552e+03     0.0000e+00  0.0000e+00     0.0000e+00  0.0000e+00     0.0000e+00  0.0000e+00     0.0000e+00  0.0000e+00 
3.7646e+03     0.0000e+00  0.0000e+00     0.0000e+00  0.0000e+00     0.0000e+00  0.0000e+00     0.0000e+00  0.0000e+00 
4.2240e+03     0.0000e+00  0.0000e+00     0.0000e+00  0.0000e+00     0.0000e+00  0.0000e+00     0.0000e+00  0.0000e+00 
4.7394e+03     0.0000e+00  0.0000e+00     0.0000e+00  0.0000e+00     0.0000e+00  0.0000e+00     0.0000e+00  0.0000e+00 
5.3176e+03     0.0000e+00  0.0000e+00     0.0000e+00  0.0000e+00     0.0000e+00  0.0000e+00     0.0000e+00  0.0000e+00 
5.9665e+03     0.0000e+00  0.0000e+00     0.0000e+00  0.0000e+00     0.0000e+00  0.0000e+00     0.0000e+00  0.0000e+00 
6.6945e+03     0.0000e+00  0.0000e+00     0.0000e+00  0.0000e+00     0.0000e+00  0.0000e+00     0.0000e+00  0.0000e+00 
7.5114e+03     0.0000e+00  0.0000e+00     0.0000e+00  0.0000e+00     0.0000e+00  0.0000e+00     0.0000e+00  0.0000e+00 
8.4279e+03     0.0000e+00  0.0000e+00     0.0000e+00  0.0000e+00     0.0000e+00  0.0000e+00     0.0000e+00  0.0000e+00 
9.4563e+03     0.0000e+00  0.0000e+00     0.0000e+00  0.0000e+00     0.0000e+00  0.0000e+00     0.0000e+00  0.0000e+00 
