yF = 4.4514e+00 (std: 0.0000e+00) keV/um
yD = 2.2785e+01 (std: 0.0000e+00) keV/um
y (keV/um)     f(y)(std)                  yf(y)(std)                 d(y)(std)                  yd(y)(std)  
1.0610e-01     2.6406e+01  0.0000e+00     2.8017e+00  0.0000e+00     6.2940e-01  0.0000e+00     6.6780e-02  0.0000e+00 
1.1905e-01     1.9340e+00  0.0000e+00     2.3024e-01  0.0000e+00     5.1723e-02  0.0000e+00     6.1575e-03  0.0000e+00 
1.3357e-01     5.6130e-01  0.0000e+00     7.4975e-02  0.0000e+00     1.6843e-02  0.0000e+00     2.2498e-03  0.0000e+00 
1.4987e-01     3.0601e+00  0.0000e+00     4.5862e-01  0.0000e+00     1.0303e-01  0.0000e+00     1.5441e-02  0.0000e+00 
1.6816e-01     8.3480e-01  0.0000e+00     1.4038e-01  0.0000e+00     3.1536e-02  0.0000e+00     5.3030e-03  0.0000e+00 
1.8868e-01     6.0874e-01  0.0000e+00     1.1486e-01  0.0000e+00     2.5802e-02  0.0000e+00     4.8682e-03  0.0000e+00 
2.1170e-01     6.5682e-01  0.0000e+00     1.3905e-01  0.0000e+00     3.1237e-02  0.0000e+00     6.6129e-03  0.0000e+00 
2.3753e-01     6.1002e-01  0.0000e+00     1.4490e-01  0.0000e+00     3.2551e-02  0.0000e+00     7.7319e-03  0.0000e+00 
2.6651e-01     2.7134e-01  0.0000e+00     7.2316e-02  0.0000e+00     1.6246e-02  0.0000e+00     4.3297e-03  0.0000e+00 
2.9903e-01     2.2227e-01  0.0000e+00     6.6467e-02  0.0000e+00     1.4932e-02  0.0000e+00     4.4651e-03  0.0000e+00 
3.3552e-01     1.4382e+00  0.0000e+00     4.8255e-01  0.0000e+00     1.0840e-01  0.0000e+00     3.6372e-02  0.0000e+00 
3.7646e-01     8.5948e-01  0.0000e+00     3.2356e-01  0.0000e+00     7.2688e-02  0.0000e+00     2.7364e-02  0.0000e+00 
4.2240e-01     4.1605e-01  0.0000e+00     1.7574e-01  0.0000e+00     3.9479e-02  0.0000e+00     1.6676e-02  0.0000e+00 
4.7394e-01     3.8091e-01  0.0000e+00     1.8052e-01  0.0000e+00     4.0555e-02  0.0000e+00     1.9220e-02  0.0000e+00 
5.3176e-01     2.3849e-01  0.0000e+00     1.2682e-01  0.0000e+00     2.8490e-02  0.0000e+00     1.5150e-02  0.0000e+00 
5.9665e-01     1.2744e-01  0.0000e+00     7.6038e-02  0.0000e+00     1.7082e-02  0.0000e+00     1.0192e-02  0.0000e+00 
6.6945e-01     1.9619e-01  0.0000e+00     1.3134e-01  0.0000e+00     2.9505e-02  0.0000e+00     1.9752e-02  0.0000e+00 
7.5114e-01     1.7450e-01  0.0000e+00     1.3107e-01  0.0000e+00     2.9445e-02  0.0000e+00     2.2117e-02  0.0000e+00 
8.4279e-01     7.9181e-02  0.0000e+00     6.6733e-02  0.0000e+00     1.4991e-02  0.0000e+00     1.2635e-02  0.0000e+00 
9.4563e-01     4.5828e-02  0.0000e+00     4.3336e-02  0.0000e+00     9.7355e-03  0.0000e+00     9.2061e-03  0.0000e+00 
1.0610e+00     4.2599e-02  0.0000e+00     4.5198e-02  0.0000e+00     1.0154e-02  0.0000e+00     1.0773e-02  0.0000e+00 
1.1905e+00     1.6303e-02  0.0000e+00     1.9408e-02  0.0000e+00     4.3601e-03  0.0000e+00     5.1905e-03  0.0000e+00 
1.3357e+00     7.9617e-03  0.0000e+00     1.0635e-02  0.0000e+00     2.3891e-03  0.0000e+00     3.1912e-03  0.0000e+00 
1.4987e+00     6.3863e-03  0.0000e+00     9.5713e-03  0.0000e+00     2.1502e-03  0.0000e+00     3.2225e-03  0.0000e+00 
1.6816e+00     3.0040e-03  0.0000e+00     5.0515e-03  0.0000e+00     1.1348e-03  0.0000e+00     1.9083e-03  0.0000e+00 
1.8868e+00     1.2682e-03  0.0000e+00     2.3928e-03  0.0000e+00     5.3754e-04  0.0000e+00     1.0142e-03  0.0000e+00 
2.1170e+00     5.0235e-04  0.0000e+00     1.0635e-03  0.0000e+00     2.3891e-04  0.0000e+00     5.0577e-04  0.0000e+00 
2.3753e+00     0.0000e+00  0.0000e+00     0.0000e+00  0.0000e+00     0.0000e+00  0.0000e+00     0.0000e+00  0.0000e+00 
2.6651e+00     0.0000e+00  0.0000e+00     0.0000e+00  0.0000e+00     0.0000e+00  0.0000e+00     0.0000e+00  0.0000e+00 
2.9903e+00     0.0000e+00  0.0000e+00     0.0000e+00  0.0000e+00     0.0000e+00  0.0000e+00     0.0000e+00  0.0000e+00 
3.3552e+00     0.0000e+00  0.0000e+00     0.0000e+00  0.0000e+00     0.0000e+00  0.0000e+00     0.0000e+00  0.0000e+00 
3.7646e+00     0.0000e+00  0.0000e+00     0.0000e+00  0.0000e+00     0.0000e+00  0.0000e+00     0.0000e+00  0.0000e+00 
4.2240e+00     0.0000e+00  0.0000e+00     0.0000e+00  0.0000e+00     0.0000e+00  0.0000e+00     0.0000e+00  0.0000e+00 
4.7394e+00     0.0000e+00  0.0000e+00     0.0000e+00  0.0000e+00     0.0000e+00  0.0000e+00     0.0000e+00  0.0000e+00 
5.3176e+00     0.0000e+00  0.0000e+00     0.0000e+00  0.0000e+00     0.0000e+00  0.0000e+00     0.0000e+00  0.0000e+00 
5.9665e+00     1.0338e-01  0.0000e+00     6.1681e-01  0.0000e+00     1.3857e-01  0.0000e+00     8.2676e-01  0.0000e+00 
6.6945e+00     2.1605e-02  0.0000e+00     1.4463e-01  0.0000e+00     3.2491e-02  0.0000e+00     2.1751e-01  0.0000e+00 
7.5114e+00     5.8402e-03  0.0000e+00     4.3868e-02  0.0000e+00     9.8549e-03  0.0000e+00     7.4024e-02  0.0000e+00 
8.4279e+00     2.4133e-02  0.0000e+00     2.0339e-01  0.0000e+00     4.5691e-02  0.0000e+00     3.8508e-01  0.0000e+00 
9.4563e+00     1.8641e-02  0.0000e+00     1.7627e-01  0.0000e+00     3.9599e-02  0.0000e+00     3.7446e-01  0.0000e+00 
1.0610e+01     2.5233e-02  0.0000e+00     2.6773e-01  0.0000e+00     6.0145e-02  0.0000e+00     6.3814e-01  0.0000e+00 
1.1905e+01     1.8045e-02  0.0000e+00     2.1482e-01  0.0000e+00     4.8259e-02  0.0000e+00     5.7451e-01  0.0000e+00 
1.3357e+01     1.5048e-02  0.0000e+00     2.0100e-01  0.0000e+00     4.5154e-02  0.0000e+00     6.0313e-01  0.0000e+00 
1.4987e+01     8.4264e-03  0.0000e+00     1.2629e-01  0.0000e+00     2.8370e-02  0.0000e+00     4.2519e-01  0.0000e+00 
1.6816e+01     5.1542e-03  0.0000e+00     8.6673e-02  0.0000e+00     1.9471e-02  0.0000e+00     3.2742e-01  0.0000e+00 
1.8868e+01     3.7483e-03  0.0000e+00     7.0721e-02  0.0000e+00     1.5887e-02  0.0000e+00     2.9976e-01  0.0000e+00 
2.1170e+01     3.5792e-03  0.0000e+00     7.5772e-02  0.0000e+00     1.7022e-02  0.0000e+00     3.6036e-01  0.0000e+00 
2.3753e+01     3.6377e-03  0.0000e+00     8.6407e-02  0.0000e+00     1.9411e-02  0.0000e+00     4.6108e-01  0.0000e+00 
2.6651e+01     2.0650e-03  0.0000e+00     5.5035e-02  0.0000e+00     1.2363e-02  0.0000e+00     3.2950e-01  0.0000e+00 
2.9903e+01     1.4137e-03  0.0000e+00     4.2273e-02  0.0000e+00     9.4966e-03  0.0000e+00     2.8398e-01  0.0000e+00 
3.3552e+01     1.3788e-03  0.0000e+00     4.6261e-02  0.0000e+00     1.0392e-02  0.0000e+00     3.4869e-01  0.0000e+00 
3.7646e+01     1.1370e-03  0.0000e+00     4.2805e-02  0.0000e+00     9.6160e-03  0.0000e+00     3.6201e-01  0.0000e+00 
4.2240e+01     7.2384e-04  0.0000e+00     3.0575e-02  0.0000e+00     6.8686e-03  0.0000e+00     2.9013e-01  0.0000e+00 
4.7394e+01     6.1708e-04  0.0000e+00     2.9245e-02  0.0000e+00     6.5700e-03  0.0000e+00     3.1137e-01  0.0000e+00 
5.3176e+01     3.8498e-04  0.0000e+00     2.0472e-02  0.0000e+00     4.5990e-03  0.0000e+00     2.4456e-01  0.0000e+00 
5.9665e+01     2.3617e-04  0.0000e+00     1.4091e-02  0.0000e+00     3.1655e-03  0.0000e+00     1.8887e-01  0.0000e+00 
6.6945e+01     2.0651e-04  0.0000e+00     1.3825e-02  0.0000e+00     3.1058e-03  0.0000e+00     2.0792e-01  0.0000e+00 
7.5114e+01     7.7870e-05  0.0000e+00     5.8491e-03  0.0000e+00     1.3140e-03  0.0000e+00     9.8699e-02  0.0000e+00 
8.4279e+01     3.7855e-05  0.0000e+00     3.1904e-03  0.0000e+00     7.1672e-04  0.0000e+00     6.0405e-02  0.0000e+00 
9.4563e+01     2.5304e-05  0.0000e+00     2.3928e-03  0.0000e+00     5.3754e-04  0.0000e+00     5.0831e-02  0.0000e+00 
1.0610e+02     5.0116e-06  0.0000e+00     5.3174e-04  0.0000e+00     1.1945e-04  0.0000e+00     1.2674e-02  0.0000e+00 
1.1905e+02     0.0000e+00  0.0000e+00     0.0000e+00  0.0000e+00     0.0000e+00  0.0000e+00     0.0000e+00  0.0000e+00 
1.3357e+02     0.0000e+00  0.0000e+00     0.0000e+00  0.0000e+00     0.0000e+00  0.0000e+00     0.0000e+00  0.0000e+00 
1.4987e+02     0.0000e+00  0.0000e+00     0.0000e+00  0.0000e+00     0.0000e+00  0.0000e+00     0.0000e+00  0.0000e+00 
1.6816e+02     0.0000e+00  0.0000e+00     0.0000e+00  0.0000e+00     0.0000e+00  0.0000e+00     0.0000e+00  0.0000e+00 
1.8868e+02     0.0000e+00  0.0000e+00     0.0000e+00  0.0000e+00     0.0000e+00  0.0000e+00     0.0000e+00  0.0000e+00 
2.1170e+02     0.0000e+00  0.0000e+00     0.0000e+00  0.0000e+00     0.0000e+00  0.0000e+00     0.0000e+00  0.0000e+00 
2.3753e+02     0.0000e+00  0.0000e+00     0.0000e+00  0.0000e+00     0.0000e+00  0.0000e+00     0.0000e+00  0.0000e+00 
2.6651e+02     0.0000e+00  0.0000e+00     0.0000e+00  0.0000e+00     0.0000e+00  0.0000e+00     0.0000e+00  0.0000e+00 
2.9903e+02     0.0000e+00  0.0000e+00     0.0000e+00  0.0000e+00     0.0000e+00  0.0000e+00     0.0000e+00  0.0000e+00 
3.3552e+02     0.0000e+00  0.0000e+00     0.0000e+00  0.0000e+00     0.0000e+00  0.0000e+00     0.0000e+00  0.0000e+00 
3.7646e+02     0.0000e+00  0.0000e+00     0.0000e+00  0.0000e+00     0.0000e+00  0.0000e+00     0.0000e+00  0.0000e+00 
4.2240e+02     0.0000e+00  0.0000e+00     0.0000e+00  0.0000e+00     0.0000e+00  0.0000e+00     0.0000e+00  0.0000e+00 
4.7394e+02     0.0000e+00  0.0000e+00     0.0000e+00  0.0000e+00     0.0000e+00  0.0000e+00     0.0000e+00  0.0000e+00 
5.3176e+02     0.0000e+00  0.0000e+00     0.0000e+00  0.0000e+00     0.0000e+00  0.0000e+00     0.0000e+00  0.0000e+00 
5.9665e+02     0.0000e+00  0.0000e+00     0.0000e+00  0.0000e+00     0.0000e+00  0.0000e+00     0.0000e+00  0.0000e+00 
6.6945e+02     0.0000e+00  0.0000e+00     0.0000e+00  0.0000e+00     0.0000e+00  0.0000e+00     0.0000e+00  0.0000e+00 
7.5114e+02     0.0000e+00  0.0000e+00     0.0000e+00  0.0000e+00     0.0000e+00  0.0000e+00     0.0000e+00  0.0000e+00 
8.4279e+02     0.0000e+00  0.0000e+00     0.0000e+00  0.0000e+00     0.0000e+00  0.0000e+00     0.0000e+00  0.0000e+00 
9.4563e+02     0.0000e+00  0.0000e+00     0.0000e+00  0.0000e+00     0.0000e+00  0.0000e+00     0.0000e+00  0.0000e+00 
1.0610e+03     0.0000e+00  0.0000e+00     0.0000e+00  0.0000e+00     0.0000e+00  0.0000e+00     0.0000e+00  0.0000e+00 
1.1905e+03     0.0000e+00  0.0000e+00     0.0000e+00  0.0000e+00     0.0000e+00  0.0000e+00     0.0000e+00  0.0000e+00 
1.3357e+03     0.0000e+00  0.0000e+00     0.0000e+00  0.0000e+00     0.0000e+00  0.0000e+00     0.0000e+00  0.0000e+00 
1.4987e+03     0.0000e+00  0.0000e+00     0.0000e+00  0.0000e+00     0.0000e+00  0.0000e+00     0.0000e+00  0.0000e+00 
1.6816e+03     0.0000e+00  0.0000e+00     0.0000e+00  0.0000e+00     0.0000e+00  0.0000e+00     0.0000e+00  0.0000e+00 
1.8868e+03     0.0000e+00  0.0000e+00     0.0000e+00  0.0000e+00     0.0000e+00  0.0000e+00     0.0000e+00  0.0000e+00 
2.1170e+03     0.0000e+00  0.0000e+00     0.0000e+00  0.0000e+00     0.0000e+00  0.0000e+00     0.0000e+00  0.0000e+00 
2.3753e+03     0.0000e+00  0.0000e+00     0.0000e+00  0.0000e+00     0.0000e+00  0.0000e+00     0.0000e+00  0.0000e+00 
2.6651e+03     0.0000e+00  0.0000e+00     0.0000e+00  0.0000e+00     0.0000e+00  0.0000e+00     0.0000e+00  0.0000e+00 
2.9903e+03     0.0000e+00  0.0000e+00     0.0000e+00  0.0000e+00     0.0000e+00  0.0000e+00     0.0000e+00  0.0000e+00 
3.3552e+03     0.0000e+00  0.0000e+00     0.0000e+00  0.0000e+00     0.0000e+00  0.0000e+00     0.0000e+00  0.0000e+00 
3.7646e+03     0.0000e+00  0.0000e+00     0.0000e+00  0.0000e+00     0.0000e+00  0.0000e+00     0.0000e+00  0.0000e+00 
4.2240e+03     0.0000e+00  0.0000e+00     0.0000e+00  0.0000e+00     0.0000e+00  0.0000e+00     0.0000e+00  0.0000e+00 
4.7394e+03     0.0000e+00  0.0000e+00     0.0000e+00  0.0000e+00     0.0000e+00  0.0000e+00     0.0000e+00  0.0000e+00 
5.3176e+03     0.0000e+00  0.0000e+00     0.0000e+00  0.0000e+00     0.0000e+00  0.0000e+00     0.0000e+00  0.0000e+00 
5.9665e+03     0.0000e+00  0.0000e+00     0.0000e+00  0.0000e+00     0.0000e+00  0.0000e+00     0.0000e+00  0.0000e+00 
6.6945e+03     0.0000e+00  0.0000e+00     0.0000e+00  0.0000e+00     0.0000e+00  0.0000e+00     0.0000e+00  0.0000e+00 
7.5114e+03     0.0000e+00  0.0000e+00     0.0000e+00  0.0000e+00     0.0000e+00  0.0000e+00     0.0000e+00  0.0000e+00 
8.4279e+03     0.0000e+00  0.0000e+00     0.0000e+00  0.0000e+00     0.0000e+00  0.0000e+00     0.0000e+00  0.0000e+00 
9.4563e+03     0.0000e+00  0.0000e+00     0.0000e+00  0.0000e+00     0.0000e+00  0.0000e+00     0.0000e+00  0.0000e+00 
