yF = 1.4615e+01 (std: 0.0000e+00) keV/um
yD = 2.6276e+01 (std: 0.0000e+00) keV/um
y (keV/um)     f(y)(std)                  yf(y)(std)                 d(y)(std)                  yd(y)(std)  
1.0610e-01     9.6747e+00  0.0000e+00     1.0265e+00  0.0000e+00     7.0234e-02  0.0000e+00     7.4519e-03  0.0000e+00 
1.1905e-01     5.8256e-01  0.0000e+00     6.9353e-02  0.0000e+00     4.7452e-03  0.0000e+00     5.6490e-04  0.0000e+00 
1.3357e-01     1.6112e-01  0.0000e+00     2.1521e-02  0.0000e+00     1.4725e-03  0.0000e+00     1.9669e-04  0.0000e+00 
1.4987e-01     7.6001e-01  0.0000e+00     1.1390e-01  0.0000e+00     7.7935e-03  0.0000e+00     1.1680e-03  0.0000e+00 
1.6816e-01     2.2584e-01  0.0000e+00     3.7977e-02  0.0000e+00     2.5985e-03  0.0000e+00     4.3695e-04  0.0000e+00 
1.8868e-01     1.3094e-01  0.0000e+00     2.4705e-02  0.0000e+00     1.6904e-03  0.0000e+00     3.1893e-04  0.0000e+00 
2.1170e-01     1.4607e-01  0.0000e+00     3.0923e-02  0.0000e+00     2.1158e-03  0.0000e+00     4.4791e-04  0.0000e+00 
2.3753e-01     1.3053e-01  0.0000e+00     3.1005e-02  0.0000e+00     2.1214e-03  0.0000e+00     5.0390e-04  0.0000e+00 
2.6651e-01     5.5000e-02  0.0000e+00     1.4658e-02  0.0000e+00     1.0029e-03  0.0000e+00     2.6730e-04  0.0000e+00 
2.9903e-01     4.6678e-02  0.0000e+00     1.3958e-02  0.0000e+00     9.5505e-04  0.0000e+00     2.8559e-04  0.0000e+00 
3.3552e-01     2.2822e-01  0.0000e+00     7.6572e-02  0.0000e+00     5.2392e-03  0.0000e+00     1.7578e-03  0.0000e+00 
3.7646e-01     1.3267e-01  0.0000e+00     4.9945e-02  0.0000e+00     3.4173e-03  0.0000e+00     1.2865e-03  0.0000e+00 
4.2240e-01     6.1672e-02  0.0000e+00     2.6050e-02  0.0000e+00     1.7824e-03  0.0000e+00     7.5287e-04  0.0000e+00 
4.7394e-01     5.3865e-02  0.0000e+00     2.5529e-02  0.0000e+00     1.7467e-03  0.0000e+00     8.2782e-04  0.0000e+00 
5.3176e-01     3.4457e-02  0.0000e+00     1.8323e-02  0.0000e+00     1.2537e-03  0.0000e+00     6.6666e-04  0.0000e+00 
5.9665e-01     1.7920e-02  0.0000e+00     1.0692e-02  0.0000e+00     7.3155e-04  0.0000e+00     4.3648e-04  0.0000e+00 
6.6945e-01     2.4377e-02  0.0000e+00     1.6319e-02  0.0000e+00     1.1166e-03  0.0000e+00     7.4749e-04  0.0000e+00 
7.5114e-01     2.2110e-02  0.0000e+00     1.6607e-02  0.0000e+00     1.1363e-03  0.0000e+00     8.5351e-04  0.0000e+00 
8.4279e-01     1.1318e-02  0.0000e+00     9.5389e-03  0.0000e+00     6.5267e-04  0.0000e+00     5.5006e-04  0.0000e+00 
9.4563e-01     6.8507e-03  0.0000e+00     6.4782e-03  0.0000e+00     4.4325e-04  0.0000e+00     4.1915e-04  0.0000e+00 
1.0610e+00     5.1355e-03  0.0000e+00     5.4488e-03  0.0000e+00     3.7282e-04  0.0000e+00     3.9556e-04  0.0000e+00 
1.1905e+00     3.0091e-03  0.0000e+00     3.5822e-03  0.0000e+00     2.4510e-04  0.0000e+00     2.9179e-04  0.0000e+00 
1.3357e+00     1.6338e-03  0.0000e+00     2.1823e-03  0.0000e+00     1.4931e-04  0.0000e+00     1.9944e-04  0.0000e+00 
1.4987e+00     8.2421e-04  0.0000e+00     1.2353e-03  0.0000e+00     8.4518e-05  0.0000e+00     1.2667e-04  0.0000e+00 
1.6816e+00     3.1015e-04  0.0000e+00     5.2155e-04  0.0000e+00     3.5685e-05  0.0000e+00     6.0008e-05  0.0000e+00 
1.8868e+00     2.0368e-04  0.0000e+00     3.8430e-04  0.0000e+00     2.6294e-05  0.0000e+00     4.9612e-05  0.0000e+00 
2.1170e+00     5.8349e-05  0.0000e+00     1.2353e-04  0.0000e+00     8.4518e-06  0.0000e+00     1.7892e-05  0.0000e+00 
2.3753e+00     1.7335e-05  0.0000e+00     4.1175e-05  0.0000e+00     2.8173e-06  0.0000e+00     6.6919e-06  0.0000e+00 
2.6651e+00     0.0000e+00  0.0000e+00     0.0000e+00  0.0000e+00     0.0000e+00  0.0000e+00     0.0000e+00  0.0000e+00 
2.9903e+00     0.0000e+00  0.0000e+00     0.0000e+00  0.0000e+00     0.0000e+00  0.0000e+00     0.0000e+00  0.0000e+00 
3.3552e+00     0.0000e+00  0.0000e+00     0.0000e+00  0.0000e+00     0.0000e+00  0.0000e+00     0.0000e+00  0.0000e+00 
3.7646e+00     0.0000e+00  0.0000e+00     0.0000e+00  0.0000e+00     0.0000e+00  0.0000e+00     0.0000e+00  0.0000e+00 
4.2240e+00     0.0000e+00  0.0000e+00     0.0000e+00  0.0000e+00     0.0000e+00  0.0000e+00     0.0000e+00  0.0000e+00 
4.7394e+00     0.0000e+00  0.0000e+00     0.0000e+00  0.0000e+00     0.0000e+00  0.0000e+00     0.0000e+00  0.0000e+00 
5.3176e+00     0.0000e+00  0.0000e+00     0.0000e+00  0.0000e+00     0.0000e+00  0.0000e+00     0.0000e+00  0.0000e+00 
5.9665e+00     1.0147e-02  0.0000e+00     6.0541e-02  0.0000e+00     4.1423e-03  0.0000e+00     2.4715e-02  0.0000e+00 
6.6945e+00     8.6026e-03  0.0000e+00     5.7590e-02  0.0000e+00     3.9404e-03  0.0000e+00     2.6379e-02  0.0000e+00 
7.5114e+00     7.2815e-03  0.0000e+00     5.4694e-02  0.0000e+00     3.7423e-03  0.0000e+00     2.8110e-02  0.0000e+00 
8.4279e+00     1.2935e-01  0.0000e+00     1.0902e+00  0.0000e+00     7.4590e-02  0.0000e+00     6.2864e-01  0.0000e+00 
9.4563e+00     3.9114e-02  0.0000e+00     3.6988e-01  0.0000e+00     2.5307e-02  0.0000e+00     2.3931e-01  0.0000e+00 
1.0610e+01     8.6860e-02  0.0000e+00     9.2159e-01  0.0000e+00     6.3057e-02  0.0000e+00     6.6904e-01  0.0000e+00 
1.1905e+01     5.4918e-02  0.0000e+00     6.5378e-01  0.0000e+00     4.4733e-02  0.0000e+00     5.3253e-01  0.0000e+00 
1.3357e+01     5.1096e-02  0.0000e+00     6.8250e-01  0.0000e+00     4.6698e-02  0.0000e+00     6.2376e-01  0.0000e+00 
1.4987e+01     2.8524e-02  0.0000e+00     4.2749e-01  0.0000e+00     2.9250e-02  0.0000e+00     4.3837e-01  0.0000e+00 
1.6816e+01     1.8579e-02  0.0000e+00     3.1242e-01  0.0000e+00     2.1376e-02  0.0000e+00     3.5946e-01  0.0000e+00 
1.8868e+01     1.9497e-02  0.0000e+00     3.6787e-01  0.0000e+00     2.5170e-02  0.0000e+00     4.7491e-01  0.0000e+00 
2.1170e+01     1.1765e-02  0.0000e+00     2.4907e-01  0.0000e+00     1.7042e-02  0.0000e+00     3.6077e-01  0.0000e+00 
2.3753e+01     1.0656e-02  0.0000e+00     2.5312e-01  0.0000e+00     1.7319e-02  0.0000e+00     4.1137e-01  0.0000e+00 
2.6651e+01     2.2920e-02  0.0000e+00     6.1086e-01  0.0000e+00     4.1796e-02  0.0000e+00     1.1139e+00  0.0000e+00 
2.9903e+01     5.4302e-03  0.0000e+00     1.6238e-01  0.0000e+00     1.1110e-02  0.0000e+00     3.3224e-01  0.0000e+00 
3.3552e+01     5.1984e-03  0.0000e+00     1.7442e-01  0.0000e+00     1.1934e-02  0.0000e+00     4.0041e-01  0.0000e+00 
3.7646e+01     4.0268e-03  0.0000e+00     1.5159e-01  0.0000e+00     1.0372e-02  0.0000e+00     3.9047e-01  0.0000e+00 
4.2240e+01     2.8610e-03  0.0000e+00     1.2085e-01  0.0000e+00     8.2687e-03  0.0000e+00     3.4926e-01  0.0000e+00 
4.7394e+01     2.2542e-03  0.0000e+00     1.0684e-01  0.0000e+00     7.3099e-03  0.0000e+00     3.4644e-01  0.0000e+00 
5.3176e+01     1.4885e-03  0.0000e+00     7.9152e-02  0.0000e+00     5.4157e-03  0.0000e+00     2.8799e-01  0.0000e+00 
5.9665e+01     9.6661e-04  0.0000e+00     5.7673e-02  0.0000e+00     3.9460e-03  0.0000e+00     2.3544e-01  0.0000e+00 
6.6945e+01     5.2772e-04  0.0000e+00     3.5328e-02  0.0000e+00     2.4172e-03  0.0000e+00     1.6182e-01  0.0000e+00 
7.5114e+01     2.8304e-04  0.0000e+00     2.1260e-02  0.0000e+00     1.4546e-03  0.0000e+00     1.0926e-01  0.0000e+00 
8.4279e+01     1.2247e-04  0.0000e+00     1.0321e-02  0.0000e+00     7.0619e-04  0.0000e+00     5.9517e-02  0.0000e+00 
9.4563e+01     6.1105e-05  0.0000e+00     5.7782e-03  0.0000e+00     3.9536e-04  0.0000e+00     3.7386e-02  0.0000e+00 
1.0610e+02     2.4449e-05  0.0000e+00     2.5940e-03  0.0000e+00     1.7749e-04  0.0000e+00     1.8832e-02  0.0000e+00 
1.1905e+02     1.0146e-05  0.0000e+00     1.2078e-03  0.0000e+00     8.2640e-05  0.0000e+00     9.8380e-03  0.0000e+00 
1.3357e+02     2.9798e-06  0.0000e+00     3.9803e-04  0.0000e+00     2.7234e-05  0.0000e+00     3.6377e-03  0.0000e+00 
1.4987e+02     3.6631e-07  0.0000e+00     5.4900e-05  0.0000e+00     3.7564e-06  0.0000e+00     5.6297e-04  0.0000e+00 
1.6816e+02     0.0000e+00  0.0000e+00     0.0000e+00  0.0000e+00     0.0000e+00  0.0000e+00     0.0000e+00  0.0000e+00 
1.8868e+02     0.0000e+00  0.0000e+00     0.0000e+00  0.0000e+00     0.0000e+00  0.0000e+00     0.0000e+00  0.0000e+00 
2.1170e+02     0.0000e+00  0.0000e+00     0.0000e+00  0.0000e+00     0.0000e+00  0.0000e+00     0.0000e+00  0.0000e+00 
2.3753e+02     0.0000e+00  0.0000e+00     0.0000e+00  0.0000e+00     0.0000e+00  0.0000e+00     0.0000e+00  0.0000e+00 
2.6651e+02     0.0000e+00  0.0000e+00     0.0000e+00  0.0000e+00     0.0000e+00  0.0000e+00     0.0000e+00  0.0000e+00 
2.9903e+02     0.0000e+00  0.0000e+00     0.0000e+00  0.0000e+00     0.0000e+00  0.0000e+00     0.0000e+00  0.0000e+00 
3.3552e+02     0.0000e+00  0.0000e+00     0.0000e+00  0.0000e+00     0.0000e+00  0.0000e+00     0.0000e+00  0.0000e+00 
3.7646e+02     0.0000e+00  0.0000e+00     0.0000e+00  0.0000e+00     0.0000e+00  0.0000e+00     0.0000e+00  0.0000e+00 
4.2240e+02     0.0000e+00  0.0000e+00     0.0000e+00  0.0000e+00     0.0000e+00  0.0000e+00     0.0000e+00  0.0000e+00 
4.7394e+02     0.0000e+00  0.0000e+00     0.0000e+00  0.0000e+00     0.0000e+00  0.0000e+00     0.0000e+00  0.0000e+00 
5.3176e+02     0.0000e+00  0.0000e+00     0.0000e+00  0.0000e+00     0.0000e+00  0.0000e+00     0.0000e+00  0.0000e+00 
5.9665e+02     0.0000e+00  0.0000e+00     0.0000e+00  0.0000e+00     0.0000e+00  0.0000e+00     0.0000e+00  0.0000e+00 
6.6945e+02     0.0000e+00  0.0000e+00     0.0000e+00  0.0000e+00     0.0000e+00  0.0000e+00     0.0000e+00  0.0000e+00 
7.5114e+02     0.0000e+00  0.0000e+00     0.0000e+00  0.0000e+00     0.0000e+00  0.0000e+00     0.0000e+00  0.0000e+00 
8.4279e+02     0.0000e+00  0.0000e+00     0.0000e+00  0.0000e+00     0.0000e+00  0.0000e+00     0.0000e+00  0.0000e+00 
9.4563e+02     0.0000e+00  0.0000e+00     0.0000e+00  0.0000e+00     0.0000e+00  0.0000e+00     0.0000e+00  0.0000e+00 
1.0610e+03     0.0000e+00  0.0000e+00     0.0000e+00  0.0000e+00     0.0000e+00  0.0000e+00     0.0000e+00  0.0000e+00 
1.1905e+03     0.0000e+00  0.0000e+00     0.0000e+00  0.0000e+00     0.0000e+00  0.0000e+00     0.0000e+00  0.0000e+00 
1.3357e+03     0.0000e+00  0.0000e+00     0.0000e+00  0.0000e+00     0.0000e+00  0.0000e+00     0.0000e+00  0.0000e+00 
1.4987e+03     0.0000e+00  0.0000e+00     0.0000e+00  0.0000e+00     0.0000e+00  0.0000e+00     0.0000e+00  0.0000e+00 
1.6816e+03     0.0000e+00  0.0000e+00     0.0000e+00  0.0000e+00     0.0000e+00  0.0000e+00     0.0000e+00  0.0000e+00 
1.8868e+03     0.0000e+00  0.0000e+00     0.0000e+00  0.0000e+00     0.0000e+00  0.0000e+00     0.0000e+00  0.0000e+00 
2.1170e+03     0.0000e+00  0.0000e+00     0.0000e+00  0.0000e+00     0.0000e+00  0.0000e+00     0.0000e+00  0.0000e+00 
2.3753e+03     0.0000e+00  0.0000e+00     0.0000e+00  0.0000e+00     0.0000e+00  0.0000e+00     0.0000e+00  0.0000e+00 
2.6651e+03     0.0000e+00  0.0000e+00     0.0000e+00  0.0000e+00     0.0000e+00  0.0000e+00     0.0000e+00  0.0000e+00 
2.9903e+03     0.0000e+00  0.0000e+00     0.0000e+00  0.0000e+00     0.0000e+00  0.0000e+00     0.0000e+00  0.0000e+00 
3.3552e+03     0.0000e+00  0.0000e+00     0.0000e+00  0.0000e+00     0.0000e+00  0.0000e+00     0.0000e+00  0.0000e+00 
3.7646e+03     0.0000e+00  0.0000e+00     0.0000e+00  0.0000e+00     0.0000e+00  0.0000e+00     0.0000e+00  0.0000e+00 
4.2240e+03     0.0000e+00  0.0000e+00     0.0000e+00  0.0000e+00     0.0000e+00  0.0000e+00     0.0000e+00  0.0000e+00 
4.7394e+03     0.0000e+00  0.0000e+00     0.0000e+00  0.0000e+00     0.0000e+00  0.0000e+00     0.0000e+00  0.0000e+00 
5.3176e+03     0.0000e+00  0.0000e+00     0.0000e+00  0.0000e+00     0.0000e+00  0.0000e+00     0.0000e+00  0.0000e+00 
5.9665e+03     0.0000e+00  0.0000e+00     0.0000e+00  0.0000e+00     0.0000e+00  0.0000e+00     0.0000e+00  0.0000e+00 
6.6945e+03     0.0000e+00  0.0000e+00     0.0000e+00  0.0000e+00     0.0000e+00  0.0000e+00     0.0000e+00  0.0000e+00 
7.5114e+03     0.0000e+00  0.0000e+00     0.0000e+00  0.0000e+00     0.0000e+00  0.0000e+00     0.0000e+00  0.0000e+00 
8.4279e+03     0.0000e+00  0.0000e+00     0.0000e+00  0.0000e+00     0.0000e+00  0.0000e+00     0.0000e+00  0.0000e+00 
9.4563e+03     0.0000e+00  0.0000e+00     0.0000e+00  0.0000e+00     0.0000e+00  0.0000e+00     0.0000e+00  0.0000e+00 
