yF = 1.0821e+02 (std: 0.0000e+00) keV/um
yD = 1.2456e+02 (std: 0.0000e+00) keV/um
y (keV/um)     f(y)(std)                  yf(y)(std)                 d(y)(std)                  yd(y)(std)  
1.0610e-01     3.1143e-03  0.0000e+00     3.3043e-04  0.0000e+00     3.0535e-06  0.0000e+00     3.2398e-07  0.0000e+00 
1.1905e-01     5.8434e-04  0.0000e+00     6.9565e-05  0.0000e+00     6.4285e-07  0.0000e+00     7.6530e-08  0.0000e+00 
1.3357e-01     4.5570e-04  0.0000e+00     6.0869e-05  0.0000e+00     5.6250e-07  0.0000e+00     7.5134e-08  0.0000e+00 
1.4987e-01     4.0614e-04  0.0000e+00     6.0869e-05  0.0000e+00     5.6250e-07  0.0000e+00     8.4302e-08  0.0000e+00 
1.6816e-01     3.1026e-04  0.0000e+00     5.2173e-05  0.0000e+00     4.8214e-07  0.0000e+00     8.1076e-08  0.0000e+00 
1.8868e-01     3.6870e-04  0.0000e+00     6.9565e-05  0.0000e+00     6.4285e-07  0.0000e+00     1.2129e-07  0.0000e+00 
2.1170e-01     2.0538e-04  0.0000e+00     4.3478e-05  0.0000e+00     4.0178e-07  0.0000e+00     8.5057e-08  0.0000e+00 
2.3753e-01     5.1252e-04  0.0000e+00     1.2174e-04  0.0000e+00     1.1250e-06  0.0000e+00     2.6722e-07  0.0000e+00 
2.6651e-01     2.6102e-04  0.0000e+00     6.9565e-05  0.0000e+00     6.4285e-07  0.0000e+00     1.7133e-07  0.0000e+00 
2.9903e-01     3.4895e-04  0.0000e+00     1.0435e-04  0.0000e+00     9.6428e-07  0.0000e+00     2.8835e-07  0.0000e+00 
3.3552e-01     2.3325e-04  0.0000e+00     7.8260e-05  0.0000e+00     7.2321e-07  0.0000e+00     2.4265e-07  0.0000e+00 
3.7646e-01     3.2338e-04  0.0000e+00     1.2174e-04  0.0000e+00     1.1250e-06  0.0000e+00     4.2351e-07  0.0000e+00 
4.2240e-01     1.2352e-04  0.0000e+00     5.2173e-05  0.0000e+00     4.8214e-07  0.0000e+00     2.0365e-07  0.0000e+00 
4.7394e-01     2.5687e-04  0.0000e+00     1.2174e-04  0.0000e+00     1.1250e-06  0.0000e+00     5.3317e-07  0.0000e+00 
5.3176e-01     1.9623e-04  0.0000e+00     1.0435e-04  0.0000e+00     9.6428e-07  0.0000e+00     5.1277e-07  0.0000e+00 
5.9665e-01     1.6031e-04  0.0000e+00     9.5651e-05  0.0000e+00     8.8392e-07  0.0000e+00     5.2739e-07  0.0000e+00 
6.6945e-01     1.4288e-04  0.0000e+00     9.5651e-05  0.0000e+00     8.8392e-07  0.0000e+00     5.9174e-07  0.0000e+00 
7.5114e-01     1.5050e-04  0.0000e+00     1.1304e-04  0.0000e+00     1.0446e-06  0.0000e+00     7.8466e-07  0.0000e+00 
8.4279e-01     1.1349e-04  0.0000e+00     9.5651e-05  0.0000e+00     8.8392e-07  0.0000e+00     7.4496e-07  0.0000e+00 
9.4563e-01     8.2760e-05  0.0000e+00     7.8260e-05  0.0000e+00     7.2321e-07  0.0000e+00     6.8388e-07  0.0000e+00 
1.0610e+00     7.3760e-05  0.0000e+00     7.8260e-05  0.0000e+00     7.2321e-07  0.0000e+00     7.6733e-07  0.0000e+00 
1.1905e+00     2.1913e-05  0.0000e+00     2.6087e-05  0.0000e+00     2.4107e-07  0.0000e+00     2.8699e-07  0.0000e+00 
1.3357e+00     6.5100e-06  0.0000e+00     8.6956e-06  0.0000e+00     8.0357e-08  0.0000e+00     1.0733e-07  0.0000e+00 
1.4987e+00     1.1604e-05  0.0000e+00     1.7391e-05  0.0000e+00     1.6071e-07  0.0000e+00     2.4086e-07  0.0000e+00 
1.6816e+00     1.0342e-05  0.0000e+00     1.7391e-05  0.0000e+00     1.6071e-07  0.0000e+00     2.7025e-07  0.0000e+00 
1.8868e+00     4.6087e-06  0.0000e+00     8.6956e-06  0.0000e+00     8.0357e-08  0.0000e+00     1.5161e-07  0.0000e+00 
2.1170e+00     0.0000e+00  0.0000e+00     0.0000e+00  0.0000e+00     0.0000e+00  0.0000e+00     0.0000e+00  0.0000e+00 
2.3753e+00     3.6608e-06  0.0000e+00     8.6956e-06  0.0000e+00     8.0357e-08  0.0000e+00     1.9087e-07  0.0000e+00 
2.6651e+00     0.0000e+00  0.0000e+00     0.0000e+00  0.0000e+00     0.0000e+00  0.0000e+00     0.0000e+00  0.0000e+00 
2.9903e+00     0.0000e+00  0.0000e+00     0.0000e+00  0.0000e+00     0.0000e+00  0.0000e+00     0.0000e+00  0.0000e+00 
3.3552e+00     0.0000e+00  0.0000e+00     0.0000e+00  0.0000e+00     0.0000e+00  0.0000e+00     0.0000e+00  0.0000e+00 
3.7646e+00     0.0000e+00  0.0000e+00     0.0000e+00  0.0000e+00     0.0000e+00  0.0000e+00     0.0000e+00  0.0000e+00 
4.2240e+00     0.0000e+00  0.0000e+00     0.0000e+00  0.0000e+00     0.0000e+00  0.0000e+00     0.0000e+00  0.0000e+00 
4.7394e+00     0.0000e+00  0.0000e+00     0.0000e+00  0.0000e+00     0.0000e+00  0.0000e+00     0.0000e+00  0.0000e+00 
5.3176e+00     0.0000e+00  0.0000e+00     0.0000e+00  0.0000e+00     0.0000e+00  0.0000e+00     0.0000e+00  0.0000e+00 
5.9665e+00     3.7892e-05  0.0000e+00     2.2608e-04  0.0000e+00     2.0893e-06  0.0000e+00     1.2466e-05  0.0000e+00 
6.6945e+00     3.8967e-05  0.0000e+00     2.6087e-04  0.0000e+00     2.4107e-06  0.0000e+00     1.6138e-05  0.0000e+00 
7.5114e+00     2.5468e-05  0.0000e+00     1.9130e-04  0.0000e+00     1.7678e-06  0.0000e+00     1.3279e-05  0.0000e+00 
8.4279e+00     3.0540e-04  0.0000e+00     2.5739e-03  0.0000e+00     2.3786e-05  0.0000e+00     2.0046e-04  0.0000e+00 
9.4563e+00     2.8046e-04  0.0000e+00     2.6521e-03  0.0000e+00     2.4509e-05  0.0000e+00     2.3176e-04  0.0000e+00 
1.0610e+01     2.9176e-04  0.0000e+00     3.0956e-03  0.0000e+00     2.8607e-05  0.0000e+00     3.0352e-04  0.0000e+00 
1.1905e+01     1.8772e-04  0.0000e+00     2.2348e-03  0.0000e+00     2.0652e-05  0.0000e+00     2.4585e-04  0.0000e+00 
1.3357e+01     1.8553e-04  0.0000e+00     2.4782e-03  0.0000e+00     2.2902e-05  0.0000e+00     3.0590e-04  0.0000e+00 
1.4987e+01     1.7638e-04  0.0000e+00     2.6435e-03  0.0000e+00     2.4428e-05  0.0000e+00     3.6611e-04  0.0000e+00 
1.6816e+01     3.3819e-04  0.0000e+00     5.6869e-03  0.0000e+00     5.2553e-05  0.0000e+00     8.8373e-04  0.0000e+00 
1.8868e+01     5.7517e-04  0.0000e+00     1.0852e-02  0.0000e+00     1.0028e-04  0.0000e+00     1.8921e-03  0.0000e+00 
2.1170e+01     6.9622e-04  0.0000e+00     1.4739e-02  0.0000e+00     1.3620e-04  0.0000e+00     2.8834e-03  0.0000e+00 
2.3753e+01     6.5309e-04  0.0000e+00     1.5513e-02  0.0000e+00     1.4336e-04  0.0000e+00     3.4051e-03  0.0000e+00 
2.6651e+01     9.6674e-04  0.0000e+00     2.5765e-02  0.0000e+00     2.3810e-04  0.0000e+00     6.3456e-03  0.0000e+00 
2.9903e+01     1.3932e-03  0.0000e+00     4.1660e-02  0.0000e+00     3.8499e-04  0.0000e+00     1.1512e-02  0.0000e+00 
3.3552e+01     1.7040e-03  0.0000e+00     5.7173e-02  0.0000e+00     5.2834e-04  0.0000e+00     1.7727e-02  0.0000e+00 
3.7646e+01     2.1978e-03  0.0000e+00     8.2738e-02  0.0000e+00     7.6459e-04  0.0000e+00     2.8784e-02  0.0000e+00 
4.2240e+01     2.9508e-03  0.0000e+00     1.2464e-01  0.0000e+00     1.1518e-03  0.0000e+00     4.8653e-02  0.0000e+00 
4.7394e+01     3.7369e-03  0.0000e+00     1.7710e-01  0.0000e+00     1.6366e-03  0.0000e+00     7.7565e-02  0.0000e+00 
5.3176e+01     4.7822e-03  0.0000e+00     2.5430e-01  0.0000e+00     2.3500e-03  0.0000e+00     1.2497e-01  0.0000e+00 
5.9665e+01     5.8933e-03  0.0000e+00     3.5162e-01  0.0000e+00     3.2494e-03  0.0000e+00     1.9387e-01  0.0000e+00 
6.6945e+01     7.1248e-03  0.0000e+00     4.7697e-01  0.0000e+00     4.4077e-03  0.0000e+00     2.9508e-01  0.0000e+00 
7.5114e+01     8.2886e-03  0.0000e+00     6.2259e-01  0.0000e+00     5.7534e-03  0.0000e+00     4.3216e-01  0.0000e+00 
8.4279e+01     9.2852e-03  0.0000e+00     7.8255e-01  0.0000e+00     7.2316e-03  0.0000e+00     6.0947e-01  0.0000e+00 
9.4563e+01     9.7388e-03  0.0000e+00     9.2092e-01  0.0000e+00     8.5103e-03  0.0000e+00     8.0476e-01  0.0000e+00 
1.0610e+02     9.4988e-03  0.0000e+00     1.0078e+00  0.0000e+00     9.3135e-03  0.0000e+00     9.8817e-01  0.0000e+00 
1.1905e+02     8.5177e-03  0.0000e+00     1.0140e+00  0.0000e+00     9.3705e-03  0.0000e+00     1.1155e+00  0.0000e+00 
1.3357e+02     6.8969e-03  0.0000e+00     9.2123e-01  0.0000e+00     8.5132e-03  0.0000e+00     1.1371e+00  0.0000e+00 
1.4987e+02     4.9422e-03  0.0000e+00     7.4069e-01  0.0000e+00     6.8448e-03  0.0000e+00     1.0258e+00  0.0000e+00 
1.6816e+02     3.0366e-03  0.0000e+00     5.1064e-01  0.0000e+00     4.7189e-03  0.0000e+00     7.9352e-01  0.0000e+00 
1.8868e+02     1.5886e-03  0.0000e+00     2.9974e-01  0.0000e+00     2.7699e-03  0.0000e+00     5.2261e-01  0.0000e+00 
2.1170e+02     6.7684e-04  0.0000e+00     1.4329e-01  0.0000e+00     1.3241e-03  0.0000e+00     2.8031e-01  0.0000e+00 
2.3753e+02     2.3272e-04  0.0000e+00     5.5278e-02  0.0000e+00     5.1083e-04  0.0000e+00     1.2134e-01  0.0000e+00 
2.6651e+02     5.8566e-05  0.0000e+00     1.5609e-02  0.0000e+00     1.4424e-04  0.0000e+00     3.8442e-02  0.0000e+00 
2.9903e+02     1.1399e-05  0.0000e+00     3.4087e-03  0.0000e+00     3.1500e-05  0.0000e+00     9.4195e-03  0.0000e+00 
3.3552e+02     1.2958e-06  0.0000e+00     4.3478e-04  0.0000e+00     4.0178e-06  0.0000e+00     1.3481e-03  0.0000e+00 
3.7646e+02     1.1549e-07  0.0000e+00     4.3478e-05  0.0000e+00     4.0178e-07  0.0000e+00     1.5126e-04  0.0000e+00 
4.2240e+02     0.0000e+00  0.0000e+00     0.0000e+00  0.0000e+00     0.0000e+00  0.0000e+00     0.0000e+00  0.0000e+00 
4.7394e+02     0.0000e+00  0.0000e+00     0.0000e+00  0.0000e+00     0.0000e+00  0.0000e+00     0.0000e+00  0.0000e+00 
5.3176e+02     0.0000e+00  0.0000e+00     0.0000e+00  0.0000e+00     0.0000e+00  0.0000e+00     0.0000e+00  0.0000e+00 
5.9665e+02     0.0000e+00  0.0000e+00     0.0000e+00  0.0000e+00     0.0000e+00  0.0000e+00     0.0000e+00  0.0000e+00 
6.6945e+02     0.0000e+00  0.0000e+00     0.0000e+00  0.0000e+00     0.0000e+00  0.0000e+00     0.0000e+00  0.0000e+00 
7.5114e+02     0.0000e+00  0.0000e+00     0.0000e+00  0.0000e+00     0.0000e+00  0.0000e+00     0.0000e+00  0.0000e+00 
8.4279e+02     0.0000e+00  0.0000e+00     0.0000e+00  0.0000e+00     0.0000e+00  0.0000e+00     0.0000e+00  0.0000e+00 
9.4563e+02     0.0000e+00  0.0000e+00     0.0000e+00  0.0000e+00     0.0000e+00  0.0000e+00     0.0000e+00  0.0000e+00 
1.0610e+03     0.0000e+00  0.0000e+00     0.0000e+00  0.0000e+00     0.0000e+00  0.0000e+00     0.0000e+00  0.0000e+00 
1.1905e+03     0.0000e+00  0.0000e+00     0.0000e+00  0.0000e+00     0.0000e+00  0.0000e+00     0.0000e+00  0.0000e+00 
1.3357e+03     0.0000e+00  0.0000e+00     0.0000e+00  0.0000e+00     0.0000e+00  0.0000e+00     0.0000e+00  0.0000e+00 
1.4987e+03     0.0000e+00  0.0000e+00     0.0000e+00  0.0000e+00     0.0000e+00  0.0000e+00     0.0000e+00  0.0000e+00 
1.6816e+03     0.0000e+00  0.0000e+00     0.0000e+00  0.0000e+00     0.0000e+00  0.0000e+00     0.0000e+00  0.0000e+00 
1.8868e+03     0.0000e+00  0.0000e+00     0.0000e+00  0.0000e+00     0.0000e+00  0.0000e+00     0.0000e+00  0.0000e+00 
2.1170e+03     0.0000e+00  0.0000e+00     0.0000e+00  0.0000e+00     0.0000e+00  0.0000e+00     0.0000e+00  0.0000e+00 
2.3753e+03     0.0000e+00  0.0000e+00     0.0000e+00  0.0000e+00     0.0000e+00  0.0000e+00     0.0000e+00  0.0000e+00 
2.6651e+03     0.0000e+00  0.0000e+00     0.0000e+00  0.0000e+00     0.0000e+00  0.0000e+00     0.0000e+00  0.0000e+00 
2.9903e+03     0.0000e+00  0.0000e+00     0.0000e+00  0.0000e+00     0.0000e+00  0.0000e+00     0.0000e+00  0.0000e+00 
3.3552e+03     0.0000e+00  0.0000e+00     0.0000e+00  0.0000e+00     0.0000e+00  0.0000e+00     0.0000e+00  0.0000e+00 
3.7646e+03     0.0000e+00  0.0000e+00     0.0000e+00  0.0000e+00     0.0000e+00  0.0000e+00     0.0000e+00  0.0000e+00 
4.2240e+03     0.0000e+00  0.0000e+00     0.0000e+00  0.0000e+00     0.0000e+00  0.0000e+00     0.0000e+00  0.0000e+00 
4.7394e+03     0.0000e+00  0.0000e+00     0.0000e+00  0.0000e+00     0.0000e+00  0.0000e+00     0.0000e+00  0.0000e+00 
5.3176e+03     0.0000e+00  0.0000e+00     0.0000e+00  0.0000e+00     0.0000e+00  0.0000e+00     0.0000e+00  0.0000e+00 
5.9665e+03     0.0000e+00  0.0000e+00     0.0000e+00  0.0000e+00     0.0000e+00  0.0000e+00     0.0000e+00  0.0000e+00 
6.6945e+03     0.0000e+00  0.0000e+00     0.0000e+00  0.0000e+00     0.0000e+00  0.0000e+00     0.0000e+00  0.0000e+00 
7.5114e+03     0.0000e+00  0.0000e+00     0.0000e+00  0.0000e+00     0.0000e+00  0.0000e+00     0.0000e+00  0.0000e+00 
8.4279e+03     0.0000e+00  0.0000e+00     0.0000e+00  0.0000e+00     0.0000e+00  0.0000e+00     0.0000e+00  0.0000e+00 
9.4563e+03     0.0000e+00  0.0000e+00     0.0000e+00  0.0000e+00     0.0000e+00  0.0000e+00     0.0000e+00  0.0000e+00 
