yF = 5.4577e+00 (std: 0.0000e+00) keV/um
yD = 2.4429e+01 (std: 0.0000e+00) keV/um
y (keV/um)     f(y)(std)                  yf(y)(std)                 d(y)(std)                  yd(y)(std)  
1.0610e-01     2.2222e+01  0.0000e+00     2.3577e+00  0.0000e+00     4.3201e-01  0.0000e+00     4.5836e-02  0.0000e+00 
1.1905e-01     1.7780e+00  0.0000e+00     2.1166e-01  0.0000e+00     3.8782e-02  0.0000e+00     4.6169e-03  0.0000e+00 
1.3357e-01     5.8583e-01  0.0000e+00     7.8251e-02  0.0000e+00     1.4338e-02  0.0000e+00     1.9151e-03  0.0000e+00 
1.4987e-01     2.5862e+00  0.0000e+00     3.8760e-01  0.0000e+00     7.1019e-02  0.0000e+00     1.0644e-02  0.0000e+00 
1.6816e-01     8.9383e-01  0.0000e+00     1.5031e-01  0.0000e+00     2.7540e-02  0.0000e+00     4.6311e-03  0.0000e+00 
1.8868e-01     6.2217e-01  0.0000e+00     1.1739e-01  0.0000e+00     2.1509e-02  0.0000e+00     4.0583e-03  0.0000e+00 
2.1170e-01     6.5295e-01  0.0000e+00     1.3823e-01  0.0000e+00     2.5328e-02  0.0000e+00     5.3618e-03  0.0000e+00 
2.3753e-01     6.0692e-01  0.0000e+00     1.4416e-01  0.0000e+00     2.6414e-02  0.0000e+00     6.2742e-03  0.0000e+00 
2.6651e-01     2.9669e-01  0.0000e+00     7.9072e-02  0.0000e+00     1.4488e-02  0.0000e+00     3.8613e-03  0.0000e+00 
2.9903e-01     2.6974e-01  0.0000e+00     8.0661e-02  0.0000e+00     1.4779e-02  0.0000e+00     4.4195e-03  0.0000e+00 
3.3552e-01     1.2173e+00  0.0000e+00     4.0841e-01  0.0000e+00     7.4833e-02  0.0000e+00     2.5108e-02  0.0000e+00 
3.7646e-01     8.7188e-01  0.0000e+00     3.2823e-01  0.0000e+00     6.0141e-02  0.0000e+00     2.2641e-02  0.0000e+00 
4.2240e-01     4.1239e-01  0.0000e+00     1.7419e-01  0.0000e+00     3.1917e-02  0.0000e+00     1.3481e-02  0.0000e+00 
4.7394e-01     4.1230e-01  0.0000e+00     1.9540e-01  0.0000e+00     3.5803e-02  0.0000e+00     1.6968e-02  0.0000e+00 
5.3176e-01     2.7907e-01  0.0000e+00     1.4840e-01  0.0000e+00     2.7191e-02  0.0000e+00     1.4459e-02  0.0000e+00 
5.9665e-01     1.5636e-01  0.0000e+00     9.3292e-02  0.0000e+00     1.7094e-02  0.0000e+00     1.0199e-02  0.0000e+00 
6.6945e-01     2.1491e-01  0.0000e+00     1.4387e-01  0.0000e+00     2.6361e-02  0.0000e+00     1.7647e-02  0.0000e+00 
7.5114e-01     1.9436e-01  0.0000e+00     1.4599e-01  0.0000e+00     2.6749e-02  0.0000e+00     2.0092e-02  0.0000e+00 
8.4279e-01     1.0479e-01  0.0000e+00     8.8314e-02  0.0000e+00     1.6182e-02  0.0000e+00     1.3638e-02  0.0000e+00 
9.4563e-01     6.7404e-02  0.0000e+00     6.3739e-02  0.0000e+00     1.1679e-02  0.0000e+00     1.1044e-02  0.0000e+00 
1.0610e+00     4.9866e-02  0.0000e+00     5.2909e-02  0.0000e+00     9.6944e-03  0.0000e+00     1.0286e-02  0.0000e+00 
1.1905e+00     2.8406e-02  0.0000e+00     3.3816e-02  0.0000e+00     6.1961e-03  0.0000e+00     7.3762e-03  0.0000e+00 
1.3357e+00     1.6455e-02  0.0000e+00     2.1979e-02  0.0000e+00     4.0272e-03  0.0000e+00     5.3792e-03  0.0000e+00 
1.4987e+00     9.3999e-03  0.0000e+00     1.4088e-02  0.0000e+00     2.5813e-03  0.0000e+00     3.8686e-03  0.0000e+00 
1.6816e+00     5.0392e-03  0.0000e+00     8.4739e-03  0.0000e+00     1.5527e-03  0.0000e+00     2.6109e-03  0.0000e+00 
1.8868e+00     1.8807e-03  0.0000e+00     3.5484e-03  0.0000e+00     6.5017e-04  0.0000e+00     1.2267e-03  0.0000e+00 
2.1170e+00     7.8805e-04  0.0000e+00     1.6683e-03  0.0000e+00     3.0568e-04  0.0000e+00     6.4712e-04  0.0000e+00 
2.3753e+00     3.3445e-04  0.0000e+00     7.9442e-04  0.0000e+00     1.4556e-04  0.0000e+00     3.4575e-04  0.0000e+00 
2.6651e+00     1.5898e-04  0.0000e+00     4.2369e-04  0.0000e+00     7.7633e-05  0.0000e+00     2.0690e-04  0.0000e+00 
2.9903e+00     1.7711e-05  0.0000e+00     5.2962e-05  0.0000e+00     9.7041e-06  0.0000e+00     2.9018e-05  0.0000e+00 
3.3552e+00     0.0000e+00  0.0000e+00     0.0000e+00  0.0000e+00     0.0000e+00  0.0000e+00     0.0000e+00  0.0000e+00 
3.7646e+00     0.0000e+00  0.0000e+00     0.0000e+00  0.0000e+00     0.0000e+00  0.0000e+00     0.0000e+00  0.0000e+00 
4.2240e+00     0.0000e+00  0.0000e+00     0.0000e+00  0.0000e+00     0.0000e+00  0.0000e+00     0.0000e+00  0.0000e+00 
4.7394e+00     0.0000e+00  0.0000e+00     0.0000e+00  0.0000e+00     0.0000e+00  0.0000e+00     0.0000e+00  0.0000e+00 
5.3176e+00     0.0000e+00  0.0000e+00     0.0000e+00  0.0000e+00     0.0000e+00  0.0000e+00     0.0000e+00  0.0000e+00 
5.9665e+00     9.8849e-02  0.0000e+00     5.8978e-01  0.0000e+00     1.0806e-01  0.0000e+00     6.4477e-01  0.0000e+00 
6.6945e+00     2.6404e-02  0.0000e+00     1.7676e-01  0.0000e+00     3.2387e-02  0.0000e+00     2.1682e-01  0.0000e+00 
7.5114e+00     6.5573e-03  0.0000e+00     4.9254e-02  0.0000e+00     9.0248e-03  0.0000e+00     6.7789e-02  0.0000e+00 
8.4279e+00     2.8489e-02  0.0000e+00     2.4010e-01  0.0000e+00     4.3993e-02  0.0000e+00     3.7077e-01  0.0000e+00 
9.4563e+00     2.1064e-02  0.0000e+00     1.9919e-01  0.0000e+00     3.6497e-02  0.0000e+00     3.4513e-01  0.0000e+00 
1.0610e+01     2.9975e-02  0.0000e+00     3.1803e-01  0.0000e+00     5.8273e-02  0.0000e+00     6.1828e-01  0.0000e+00 
1.1905e+01     2.0845e-02  0.0000e+00     2.4815e-01  0.0000e+00     4.5468e-02  0.0000e+00     5.4129e-01  0.0000e+00 
1.3357e+01     1.5285e-02  0.0000e+00     2.0417e-01  0.0000e+00     3.7409e-02  0.0000e+00     4.9969e-01  0.0000e+00 
1.4987e+01     9.4830e-03  0.0000e+00     1.4212e-01  0.0000e+00     2.6041e-02  0.0000e+00     3.9028e-01  0.0000e+00 
1.6816e+01     6.7541e-03  0.0000e+00     1.1358e-01  0.0000e+00     2.0810e-02  0.0000e+00     3.4994e-01  0.0000e+00 
1.8868e+01     5.3249e-03  0.0000e+00     1.0047e-01  0.0000e+00     1.8409e-02  0.0000e+00     3.4733e-01  0.0000e+00 
2.1170e+01     4.9735e-03  0.0000e+00     1.0529e-01  0.0000e+00     1.9292e-02  0.0000e+00     4.0840e-01  0.0000e+00 
2.3753e+01     4.5842e-03  0.0000e+00     1.0889e-01  0.0000e+00     1.9952e-02  0.0000e+00     4.7391e-01  0.0000e+00 
2.6651e+01     3.0623e-03  0.0000e+00     8.1614e-02  0.0000e+00     1.4954e-02  0.0000e+00     3.9854e-01  0.0000e+00 
2.9903e+01     2.3352e-03  0.0000e+00     6.9830e-02  0.0000e+00     1.2795e-02  0.0000e+00     3.8261e-01  0.0000e+00 
3.3552e+01     1.8958e-03  0.0000e+00     6.3607e-02  0.0000e+00     1.1655e-02  0.0000e+00     3.9104e-01  0.0000e+00 
3.7646e+01     1.4455e-03  0.0000e+00     5.4418e-02  0.0000e+00     9.9709e-03  0.0000e+00     3.7537e-01  0.0000e+00 
4.2240e+01     9.9618e-04  0.0000e+00     4.2078e-02  0.0000e+00     7.7099e-03  0.0000e+00     3.2566e-01  0.0000e+00 
4.7394e+01     7.4983e-04  0.0000e+00     3.5537e-02  0.0000e+00     6.5114e-03  0.0000e+00     3.0860e-01  0.0000e+00 
5.3176e+01     5.1591e-04  0.0000e+00     2.7434e-02  0.0000e+00     5.0267e-03  0.0000e+00     2.6730e-01  0.0000e+00 
5.9665e+01     3.2399e-04  0.0000e+00     1.9331e-02  0.0000e+00     3.5420e-03  0.0000e+00     2.1133e-01  0.0000e+00 
6.6945e+01     2.0213e-04  0.0000e+00     1.3532e-02  0.0000e+00     2.4794e-03  0.0000e+00     1.6598e-01  0.0000e+00 
7.5114e+01     1.2022e-04  0.0000e+00     9.0300e-03  0.0000e+00     1.6545e-03  0.0000e+00     1.2428e-01  0.0000e+00 
8.4279e+01     6.4412e-05  0.0000e+00     5.4286e-03  0.0000e+00     9.9467e-04  0.0000e+00     8.3830e-02  0.0000e+00 
9.4563e+01     3.1084e-05  0.0000e+00     2.9394e-03  0.0000e+00     5.3858e-04  0.0000e+00     5.0929e-02  0.0000e+00 
1.0610e+02     1.3727e-05  0.0000e+00     1.4564e-03  0.0000e+00     2.6686e-04  0.0000e+00     2.8314e-02  0.0000e+00 
1.1905e+02     4.2264e-06  0.0000e+00     5.0314e-04  0.0000e+00     9.2189e-05  0.0000e+00     1.0975e-02  0.0000e+00 
1.3357e+02     1.5860e-06  0.0000e+00     2.1185e-04  0.0000e+00     3.8816e-05  0.0000e+00     5.1848e-03  0.0000e+00 
1.4987e+02     3.5338e-07  0.0000e+00     5.2962e-05  0.0000e+00     9.7041e-06  0.0000e+00     1.4544e-03  0.0000e+00 
1.6816e+02     1.5748e-07  0.0000e+00     2.6481e-05  0.0000e+00     4.8520e-06  0.0000e+00     8.1591e-04  0.0000e+00 
1.8868e+02     0.0000e+00  0.0000e+00     0.0000e+00  0.0000e+00     0.0000e+00  0.0000e+00     0.0000e+00  0.0000e+00 
2.1170e+02     0.0000e+00  0.0000e+00     0.0000e+00  0.0000e+00     0.0000e+00  0.0000e+00     0.0000e+00  0.0000e+00 
2.3753e+02     0.0000e+00  0.0000e+00     0.0000e+00  0.0000e+00     0.0000e+00  0.0000e+00     0.0000e+00  0.0000e+00 
2.6651e+02     0.0000e+00  0.0000e+00     0.0000e+00  0.0000e+00     0.0000e+00  0.0000e+00     0.0000e+00  0.0000e+00 
2.9903e+02     0.0000e+00  0.0000e+00     0.0000e+00  0.0000e+00     0.0000e+00  0.0000e+00     0.0000e+00  0.0000e+00 
3.3552e+02     0.0000e+00  0.0000e+00     0.0000e+00  0.0000e+00     0.0000e+00  0.0000e+00     0.0000e+00  0.0000e+00 
3.7646e+02     0.0000e+00  0.0000e+00     0.0000e+00  0.0000e+00     0.0000e+00  0.0000e+00     0.0000e+00  0.0000e+00 
4.2240e+02     0.0000e+00  0.0000e+00     0.0000e+00  0.0000e+00     0.0000e+00  0.0000e+00     0.0000e+00  0.0000e+00 
4.7394e+02     0.0000e+00  0.0000e+00     0.0000e+00  0.0000e+00     0.0000e+00  0.0000e+00     0.0000e+00  0.0000e+00 
5.3176e+02     0.0000e+00  0.0000e+00     0.0000e+00  0.0000e+00     0.0000e+00  0.0000e+00     0.0000e+00  0.0000e+00 
5.9665e+02     0.0000e+00  0.0000e+00     0.0000e+00  0.0000e+00     0.0000e+00  0.0000e+00     0.0000e+00  0.0000e+00 
6.6945e+02     0.0000e+00  0.0000e+00     0.0000e+00  0.0000e+00     0.0000e+00  0.0000e+00     0.0000e+00  0.0000e+00 
7.5114e+02     0.0000e+00  0.0000e+00     0.0000e+00  0.0000e+00     0.0000e+00  0.0000e+00     0.0000e+00  0.0000e+00 
8.4279e+02     0.0000e+00  0.0000e+00     0.0000e+00  0.0000e+00     0.0000e+00  0.0000e+00     0.0000e+00  0.0000e+00 
9.4563e+02     0.0000e+00  0.0000e+00     0.0000e+00  0.0000e+00     0.0000e+00  0.0000e+00     0.0000e+00  0.0000e+00 
1.0610e+03     0.0000e+00  0.0000e+00     0.0000e+00  0.0000e+00     0.0000e+00  0.0000e+00     0.0000e+00  0.0000e+00 
1.1905e+03     0.0000e+00  0.0000e+00     0.0000e+00  0.0000e+00     0.0000e+00  0.0000e+00     0.0000e+00  0.0000e+00 
1.3357e+03     0.0000e+00  0.0000e+00     0.0000e+00  0.0000e+00     0.0000e+00  0.0000e+00     0.0000e+00  0.0000e+00 
1.4987e+03     0.0000e+00  0.0000e+00     0.0000e+00  0.0000e+00     0.0000e+00  0.0000e+00     0.0000e+00  0.0000e+00 
1.6816e+03     0.0000e+00  0.0000e+00     0.0000e+00  0.0000e+00     0.0000e+00  0.0000e+00     0.0000e+00  0.0000e+00 
1.8868e+03     0.0000e+00  0.0000e+00     0.0000e+00  0.0000e+00     0.0000e+00  0.0000e+00     0.0000e+00  0.0000e+00 
2.1170e+03     0.0000e+00  0.0000e+00     0.0000e+00  0.0000e+00     0.0000e+00  0.0000e+00     0.0000e+00  0.0000e+00 
2.3753e+03     0.0000e+00  0.0000e+00     0.0000e+00  0.0000e+00     0.0000e+00  0.0000e+00     0.0000e+00  0.0000e+00 
2.6651e+03     0.0000e+00  0.0000e+00     0.0000e+00  0.0000e+00     0.0000e+00  0.0000e+00     0.0000e+00  0.0000e+00 
2.9903e+03     0.0000e+00  0.0000e+00     0.0000e+00  0.0000e+00     0.0000e+00  0.0000e+00     0.0000e+00  0.0000e+00 
3.3552e+03     0.0000e+00  0.0000e+00     0.0000e+00  0.0000e+00     0.0000e+00  0.0000e+00     0.0000e+00  0.0000e+00 
3.7646e+03     0.0000e+00  0.0000e+00     0.0000e+00  0.0000e+00     0.0000e+00  0.0000e+00     0.0000e+00  0.0000e+00 
4.2240e+03     0.0000e+00  0.0000e+00     0.0000e+00  0.0000e+00     0.0000e+00  0.0000e+00     0.0000e+00  0.0000e+00 
4.7394e+03     0.0000e+00  0.0000e+00     0.0000e+00  0.0000e+00     0.0000e+00  0.0000e+00     0.0000e+00  0.0000e+00 
5.3176e+03     0.0000e+00  0.0000e+00     0.0000e+00  0.0000e+00     0.0000e+00  0.0000e+00     0.0000e+00  0.0000e+00 
5.9665e+03     0.0000e+00  0.0000e+00     0.0000e+00  0.0000e+00     0.0000e+00  0.0000e+00     0.0000e+00  0.0000e+00 
6.6945e+03     0.0000e+00  0.0000e+00     0.0000e+00  0.0000e+00     0.0000e+00  0.0000e+00     0.0000e+00  0.0000e+00 
7.5114e+03     0.0000e+00  0.0000e+00     0.0000e+00  0.0000e+00     0.0000e+00  0.0000e+00     0.0000e+00  0.0000e+00 
8.4279e+03     0.0000e+00  0.0000e+00     0.0000e+00  0.0000e+00     0.0000e+00  0.0000e+00     0.0000e+00  0.0000e+00 
9.4563e+03     0.0000e+00  0.0000e+00     0.0000e+00  0.0000e+00     0.0000e+00  0.0000e+00     0.0000e+00  0.0000e+00 
