yF = 4.0777e+00 (std: 0.0000e+00) keV/um
yD = 2.1097e+01 (std: 0.0000e+00) keV/um
y (keV/um)     f(y)(std)                  yf(y)(std)                 d(y)(std)                  yd(y)(std)  
1.0610e-01     2.6315e+01  0.0000e+00     2.7920e+00  0.0000e+00     6.8471e-01  0.0000e+00     7.2648e-02  0.0000e+00 
1.1905e-01     1.9149e+00  0.0000e+00     2.2797e-01  0.0000e+00     5.5906e-02  0.0000e+00     6.6554e-03  0.0000e+00 
1.3357e-01     6.3705e-01  0.0000e+00     8.5093e-02  0.0000e+00     2.0868e-02  0.0000e+00     2.7874e-03  0.0000e+00 
1.4987e-01     3.0361e+00  0.0000e+00     4.5503e-01  0.0000e+00     1.1159e-01  0.0000e+00     1.6724e-02  0.0000e+00 
1.6816e-01     9.5836e-01  0.0000e+00     1.6116e-01  0.0000e+00     3.9521e-02  0.0000e+00     6.6459e-03  0.0000e+00 
1.8868e-01     6.1608e-01  0.0000e+00     1.1624e-01  0.0000e+00     2.8506e-02  0.0000e+00     5.3785e-03  0.0000e+00 
2.1170e-01     6.7170e-01  0.0000e+00     1.4220e-01  0.0000e+00     3.4872e-02  0.0000e+00     7.3824e-03  0.0000e+00 
2.3753e-01     5.9770e-01  0.0000e+00     1.4197e-01  0.0000e+00     3.4817e-02  0.0000e+00     8.2700e-03  0.0000e+00 
2.6651e-01     2.7609e-01  0.0000e+00     7.3581e-02  0.0000e+00     1.8045e-02  0.0000e+00     4.8092e-03  0.0000e+00 
2.9903e-01     2.3474e-01  0.0000e+00     7.0196e-02  0.0000e+00     1.7215e-02  0.0000e+00     5.1477e-03  0.0000e+00 
3.3552e-01     1.3986e+00  0.0000e+00     4.6925e-01  0.0000e+00     1.1508e-01  0.0000e+00     3.8611e-02  0.0000e+00 
3.7646e-01     9.3171e-01  0.0000e+00     3.5075e-01  0.0000e+00     8.6017e-02  0.0000e+00     3.2382e-02  0.0000e+00 
4.2240e-01     3.8046e-01  0.0000e+00     1.6071e-01  0.0000e+00     3.9411e-02  0.0000e+00     1.6647e-02  0.0000e+00 
4.7394e-01     4.0910e-01  0.0000e+00     1.9388e-01  0.0000e+00     4.7548e-02  0.0000e+00     2.2534e-02  0.0000e+00 
5.3176e-01     2.5807e-01  0.0000e+00     1.3723e-01  0.0000e+00     3.3654e-02  0.0000e+00     1.7896e-02  0.0000e+00 
5.9665e-01     1.3732e-01  0.0000e+00     8.1933e-02  0.0000e+00     2.0093e-02  0.0000e+00     1.1988e-02  0.0000e+00 
6.6945e-01     2.1173e-01  0.0000e+00     1.4175e-01  0.0000e+00     3.4761e-02  0.0000e+00     2.3271e-02  0.0000e+00 
7.5114e-01     1.7909e-01  0.0000e+00     1.3452e-01  0.0000e+00     3.2990e-02  0.0000e+00     2.4780e-02  0.0000e+00 
8.4279e-01     8.4629e-02  0.0000e+00     7.1324e-02  0.0000e+00     1.7491e-02  0.0000e+00     1.4741e-02  0.0000e+00 
9.4563e-01     4.9647e-02  0.0000e+00     4.6948e-02  0.0000e+00     1.1513e-02  0.0000e+00     1.0887e-02  0.0000e+00 
1.0610e+00     4.0844e-02  0.0000e+00     4.3336e-02  0.0000e+00     1.0628e-02  0.0000e+00     1.1276e-02  0.0000e+00 
1.1905e+00     1.7822e-02  0.0000e+00     2.1217e-02  0.0000e+00     5.2031e-03  0.0000e+00     6.1942e-03  0.0000e+00 
1.3357e+00     1.1997e-02  0.0000e+00     1.6025e-02  0.0000e+00     3.9300e-03  0.0000e+00     5.2494e-03  0.0000e+00 
1.4987e+00     5.5723e-03  0.0000e+00     8.3513e-03  0.0000e+00     2.0480e-03  0.0000e+00     3.0694e-03  0.0000e+00 
1.6816e+00     2.0134e-03  0.0000e+00     3.3857e-03  0.0000e+00     8.3028e-04  0.0000e+00     1.3962e-03  0.0000e+00 
1.8868e+00     1.0766e-03  0.0000e+00     2.0314e-03  0.0000e+00     4.9817e-04  0.0000e+00     9.3993e-04  0.0000e+00 
2.1170e+00     2.1324e-04  0.0000e+00     4.5142e-04  0.0000e+00     1.1070e-04  0.0000e+00     2.3436e-04  0.0000e+00 
2.3753e+00     0.0000e+00  0.0000e+00     0.0000e+00  0.0000e+00     0.0000e+00  0.0000e+00     0.0000e+00  0.0000e+00 
2.6651e+00     0.0000e+00  0.0000e+00     0.0000e+00  0.0000e+00     0.0000e+00  0.0000e+00     0.0000e+00  0.0000e+00 
2.9903e+00     0.0000e+00  0.0000e+00     0.0000e+00  0.0000e+00     0.0000e+00  0.0000e+00     0.0000e+00  0.0000e+00 
3.3552e+00     0.0000e+00  0.0000e+00     0.0000e+00  0.0000e+00     0.0000e+00  0.0000e+00     0.0000e+00  0.0000e+00 
3.7646e+00     0.0000e+00  0.0000e+00     0.0000e+00  0.0000e+00     0.0000e+00  0.0000e+00     0.0000e+00  0.0000e+00 
4.2240e+00     0.0000e+00  0.0000e+00     0.0000e+00  0.0000e+00     0.0000e+00  0.0000e+00     0.0000e+00  0.0000e+00 
4.7394e+00     0.0000e+00  0.0000e+00     0.0000e+00  0.0000e+00     0.0000e+00  0.0000e+00     0.0000e+00  0.0000e+00 
5.3176e+00     0.0000e+00  0.0000e+00     0.0000e+00  0.0000e+00     0.0000e+00  0.0000e+00     0.0000e+00  0.0000e+00 
5.9665e+00     1.2121e-01  0.0000e+00     7.2318e-01  0.0000e+00     1.7735e-01  0.0000e+00     1.0581e+00  0.0000e+00 
6.6945e+00     2.3702e-02  0.0000e+00     1.5867e-01  0.0000e+00     3.8913e-02  0.0000e+00     2.6050e-01  0.0000e+00 
7.5114e+00     5.7394e-03  0.0000e+00     4.3111e-02  0.0000e+00     1.0572e-02  0.0000e+00     7.9412e-02  0.0000e+00 
8.4279e+00     2.5844e-02  0.0000e+00     2.1781e-01  0.0000e+00     5.3415e-02  0.0000e+00     4.5018e-01  0.0000e+00 
9.4563e+00     1.5443e-02  0.0000e+00     1.4603e-01  0.0000e+00     3.5813e-02  0.0000e+00     3.3866e-01  0.0000e+00 
1.0610e+01     2.2869e-02  0.0000e+00     2.4264e-01  0.0000e+00     5.9504e-02  0.0000e+00     6.3134e-01  0.0000e+00 
1.1905e+01     1.4789e-02  0.0000e+00     1.7605e-01  0.0000e+00     4.3175e-02  0.0000e+00     5.1398e-01  0.0000e+00 
1.3357e+01     1.1541e-02  0.0000e+00     1.5416e-01  0.0000e+00     3.7806e-02  0.0000e+00     5.0498e-01  0.0000e+00 
1.4987e+01     7.6657e-03  0.0000e+00     1.1489e-01  0.0000e+00     2.8174e-02  0.0000e+00     4.2225e-01  0.0000e+00 
1.6816e+01     4.4831e-03  0.0000e+00     7.5387e-02  0.0000e+00     1.8488e-02  0.0000e+00     3.1089e-01  0.0000e+00 
1.8868e+01     3.5051e-03  0.0000e+00     6.6133e-02  0.0000e+00     1.6218e-02  0.0000e+00     3.0600e-01  0.0000e+00 
2.1170e+01     3.3585e-03  0.0000e+00     7.1099e-02  0.0000e+00     1.7436e-02  0.0000e+00     3.6912e-01  0.0000e+00 
2.3753e+01     3.4779e-03  0.0000e+00     8.2610e-02  0.0000e+00     2.0259e-02  0.0000e+00     4.8121e-01  0.0000e+00 
2.6651e+01     2.2189e-03  0.0000e+00     5.9136e-02  0.0000e+00     1.4502e-02  0.0000e+00     3.8651e-01  0.0000e+00 
2.9903e+01     1.6153e-03  0.0000e+00     4.8302e-02  0.0000e+00     1.1845e-02  0.0000e+00     3.5422e-01  0.0000e+00 
3.3552e+01     1.2580e-03  0.0000e+00     4.2208e-02  0.0000e+00     1.0351e-02  0.0000e+00     3.4729e-01  0.0000e+00 
3.7646e+01     9.8328e-04  0.0000e+00     3.7016e-02  0.0000e+00     9.0778e-03  0.0000e+00     3.4174e-01  0.0000e+00 
4.2240e+01     6.0382e-04  0.0000e+00     2.5505e-02  0.0000e+00     6.2548e-03  0.0000e+00     2.6420e-01  0.0000e+00 
4.7394e+01     4.7148e-04  0.0000e+00     2.2345e-02  0.0000e+00     5.4799e-03  0.0000e+00     2.5971e-01  0.0000e+00 
5.3176e+01     2.5043e-04  0.0000e+00     1.3317e-02  0.0000e+00     3.2658e-03  0.0000e+00     1.7366e-01  0.0000e+00 
5.9665e+01     2.2319e-04  0.0000e+00     1.3317e-02  0.0000e+00     3.2658e-03  0.0000e+00     1.9485e-01  0.0000e+00 
6.6945e+01     7.4174e-05  0.0000e+00     4.9656e-03  0.0000e+00     1.2177e-03  0.0000e+00     8.1522e-02  0.0000e+00 
7.5114e+01     6.6108e-05  0.0000e+00     4.9656e-03  0.0000e+00     1.2177e-03  0.0000e+00     9.1470e-02  0.0000e+00 
8.4279e+01     2.6781e-05  0.0000e+00     2.2571e-03  0.0000e+00     5.5352e-04  0.0000e+00     4.6650e-02  0.0000e+00 
9.4563e+01     1.1934e-05  0.0000e+00     1.1286e-03  0.0000e+00     2.7676e-04  0.0000e+00     2.6171e-02  0.0000e+00 
1.0610e+02     0.0000e+00  0.0000e+00     0.0000e+00  0.0000e+00     0.0000e+00  0.0000e+00     0.0000e+00  0.0000e+00 
1.1905e+02     1.8960e-06  0.0000e+00     2.2571e-04  0.0000e+00     5.5352e-05  0.0000e+00     6.5895e-03  0.0000e+00 
1.3357e+02     1.6898e-06  0.0000e+00     2.2571e-04  0.0000e+00     5.5352e-05  0.0000e+00     7.3936e-03  0.0000e+00 
1.4987e+02     1.5060e-06  0.0000e+00     2.2571e-04  0.0000e+00     5.5352e-05  0.0000e+00     8.2957e-03  0.0000e+00 
1.6816e+02     0.0000e+00  0.0000e+00     0.0000e+00  0.0000e+00     0.0000e+00  0.0000e+00     0.0000e+00  0.0000e+00 
1.8868e+02     0.0000e+00  0.0000e+00     0.0000e+00  0.0000e+00     0.0000e+00  0.0000e+00     0.0000e+00  0.0000e+00 
2.1170e+02     0.0000e+00  0.0000e+00     0.0000e+00  0.0000e+00     0.0000e+00  0.0000e+00     0.0000e+00  0.0000e+00 
2.3753e+02     0.0000e+00  0.0000e+00     0.0000e+00  0.0000e+00     0.0000e+00  0.0000e+00     0.0000e+00  0.0000e+00 
2.6651e+02     0.0000e+00  0.0000e+00     0.0000e+00  0.0000e+00     0.0000e+00  0.0000e+00     0.0000e+00  0.0000e+00 
2.9903e+02     0.0000e+00  0.0000e+00     0.0000e+00  0.0000e+00     0.0000e+00  0.0000e+00     0.0000e+00  0.0000e+00 
3.3552e+02     0.0000e+00  0.0000e+00     0.0000e+00  0.0000e+00     0.0000e+00  0.0000e+00     0.0000e+00  0.0000e+00 
3.7646e+02     0.0000e+00  0.0000e+00     0.0000e+00  0.0000e+00     0.0000e+00  0.0000e+00     0.0000e+00  0.0000e+00 
4.2240e+02     0.0000e+00  0.0000e+00     0.0000e+00  0.0000e+00     0.0000e+00  0.0000e+00     0.0000e+00  0.0000e+00 
4.7394e+02     0.0000e+00  0.0000e+00     0.0000e+00  0.0000e+00     0.0000e+00  0.0000e+00     0.0000e+00  0.0000e+00 
5.3176e+02     0.0000e+00  0.0000e+00     0.0000e+00  0.0000e+00     0.0000e+00  0.0000e+00     0.0000e+00  0.0000e+00 
5.9665e+02     0.0000e+00  0.0000e+00     0.0000e+00  0.0000e+00     0.0000e+00  0.0000e+00     0.0000e+00  0.0000e+00 
6.6945e+02     0.0000e+00  0.0000e+00     0.0000e+00  0.0000e+00     0.0000e+00  0.0000e+00     0.0000e+00  0.0000e+00 
7.5114e+02     0.0000e+00  0.0000e+00     0.0000e+00  0.0000e+00     0.0000e+00  0.0000e+00     0.0000e+00  0.0000e+00 
8.4279e+02     0.0000e+00  0.0000e+00     0.0000e+00  0.0000e+00     0.0000e+00  0.0000e+00     0.0000e+00  0.0000e+00 
9.4563e+02     0.0000e+00  0.0000e+00     0.0000e+00  0.0000e+00     0.0000e+00  0.0000e+00     0.0000e+00  0.0000e+00 
1.0610e+03     0.0000e+00  0.0000e+00     0.0000e+00  0.0000e+00     0.0000e+00  0.0000e+00     0.0000e+00  0.0000e+00 
1.1905e+03     0.0000e+00  0.0000e+00     0.0000e+00  0.0000e+00     0.0000e+00  0.0000e+00     0.0000e+00  0.0000e+00 
1.3357e+03     0.0000e+00  0.0000e+00     0.0000e+00  0.0000e+00     0.0000e+00  0.0000e+00     0.0000e+00  0.0000e+00 
1.4987e+03     0.0000e+00  0.0000e+00     0.0000e+00  0.0000e+00     0.0000e+00  0.0000e+00     0.0000e+00  0.0000e+00 
1.6816e+03     0.0000e+00  0.0000e+00     0.0000e+00  0.0000e+00     0.0000e+00  0.0000e+00     0.0000e+00  0.0000e+00 
1.8868e+03     0.0000e+00  0.0000e+00     0.0000e+00  0.0000e+00     0.0000e+00  0.0000e+00     0.0000e+00  0.0000e+00 
2.1170e+03     0.0000e+00  0.0000e+00     0.0000e+00  0.0000e+00     0.0000e+00  0.0000e+00     0.0000e+00  0.0000e+00 
2.3753e+03     0.0000e+00  0.0000e+00     0.0000e+00  0.0000e+00     0.0000e+00  0.0000e+00     0.0000e+00  0.0000e+00 
2.6651e+03     0.0000e+00  0.0000e+00     0.0000e+00  0.0000e+00     0.0000e+00  0.0000e+00     0.0000e+00  0.0000e+00 
2.9903e+03     0.0000e+00  0.0000e+00     0.0000e+00  0.0000e+00     0.0000e+00  0.0000e+00     0.0000e+00  0.0000e+00 
3.3552e+03     0.0000e+00  0.0000e+00     0.0000e+00  0.0000e+00     0.0000e+00  0.0000e+00     0.0000e+00  0.0000e+00 
3.7646e+03     0.0000e+00  0.0000e+00     0.0000e+00  0.0000e+00     0.0000e+00  0.0000e+00     0.0000e+00  0.0000e+00 
4.2240e+03     0.0000e+00  0.0000e+00     0.0000e+00  0.0000e+00     0.0000e+00  0.0000e+00     0.0000e+00  0.0000e+00 
4.7394e+03     0.0000e+00  0.0000e+00     0.0000e+00  0.0000e+00     0.0000e+00  0.0000e+00     0.0000e+00  0.0000e+00 
5.3176e+03     0.0000e+00  0.0000e+00     0.0000e+00  0.0000e+00     0.0000e+00  0.0000e+00     0.0000e+00  0.0000e+00 
5.9665e+03     0.0000e+00  0.0000e+00     0.0000e+00  0.0000e+00     0.0000e+00  0.0000e+00     0.0000e+00  0.0000e+00 
6.6945e+03     0.0000e+00  0.0000e+00     0.0000e+00  0.0000e+00     0.0000e+00  0.0000e+00     0.0000e+00  0.0000e+00 
7.5114e+03     0.0000e+00  0.0000e+00     0.0000e+00  0.0000e+00     0.0000e+00  0.0000e+00     0.0000e+00  0.0000e+00 
8.4279e+03     0.0000e+00  0.0000e+00     0.0000e+00  0.0000e+00     0.0000e+00  0.0000e+00     0.0000e+00  0.0000e+00 
9.4563e+03     0.0000e+00  0.0000e+00     0.0000e+00  0.0000e+00     0.0000e+00  0.0000e+00     0.0000e+00  0.0000e+00 
