yF = 4.5579e+00 (std: 0.0000e+00) keV/um
yD = 2.2900e+01 (std: 0.0000e+00) keV/um
y (keV/um)     f(y)(std)                  yf(y)(std)                 d(y)(std)                  yd(y)(std)  
1.0610e-01     2.6112e+01  0.0000e+00     2.7705e+00  0.0000e+00     6.0784e-01  0.0000e+00     6.4492e-02  0.0000e+00 
1.1905e-01     1.9249e+00  0.0000e+00     2.2915e-01  0.0000e+00     5.0275e-02  0.0000e+00     5.9851e-03  0.0000e+00 
1.3357e-01     5.9235e-01  0.0000e+00     7.9122e-02  0.0000e+00     1.7359e-02  0.0000e+00     2.3187e-03  0.0000e+00 
1.4987e-01     2.8265e+00  0.0000e+00     4.2361e-01  0.0000e+00     9.2939e-02  0.0000e+00     1.3929e-02  0.0000e+00 
1.6816e-01     8.9037e-01  0.0000e+00     1.4972e-01  0.0000e+00     3.2849e-02  0.0000e+00     5.5239e-03  0.0000e+00 
1.8868e-01     6.2741e-01  0.0000e+00     1.1838e-01  0.0000e+00     2.5972e-02  0.0000e+00     4.9003e-03  0.0000e+00 
2.1170e-01     6.6843e-01  0.0000e+00     1.4151e-01  0.0000e+00     3.1046e-02  0.0000e+00     6.5725e-03  0.0000e+00 
2.3753e-01     6.2136e-01  0.0000e+00     1.4759e-01  0.0000e+00     3.2382e-02  0.0000e+00     7.6916e-03  0.0000e+00 
2.6651e-01     2.8432e-01  0.0000e+00     7.5774e-02  0.0000e+00     1.6625e-02  0.0000e+00     4.4307e-03  0.0000e+00 
2.9903e-01     2.3508e-01  0.0000e+00     7.0297e-02  0.0000e+00     1.5423e-02  0.0000e+00     4.6120e-03  0.0000e+00 
3.3552e-01     1.3868e+00  0.0000e+00     4.6530e-01  0.0000e+00     1.0209e-01  0.0000e+00     3.4252e-02  0.0000e+00 
3.7646e-01     9.0617e-01  0.0000e+00     3.4114e-01  0.0000e+00     7.4845e-02  0.0000e+00     2.8176e-02  0.0000e+00 
4.2240e-01     4.2074e-01  0.0000e+00     1.7772e-01  0.0000e+00     3.8992e-02  0.0000e+00     1.6470e-02  0.0000e+00 
4.7394e-01     3.7434e-01  0.0000e+00     1.7742e-01  0.0000e+00     3.8925e-02  0.0000e+00     1.8448e-02  0.0000e+00 
5.3176e-01     2.3807e-01  0.0000e+00     1.2659e-01  0.0000e+00     2.7775e-02  0.0000e+00     1.4770e-02  0.0000e+00 
5.9665e-01     1.3057e-01  0.0000e+00     7.7905e-02  0.0000e+00     1.7092e-02  0.0000e+00     1.0198e-02  0.0000e+00 
6.6945e-01     1.8956e-01  0.0000e+00     1.2690e-01  0.0000e+00     2.7842e-02  0.0000e+00     1.8639e-02  0.0000e+00 
7.5114e-01     1.8920e-01  0.0000e+00     1.4211e-01  0.0000e+00     3.1180e-02  0.0000e+00     2.3420e-02  0.0000e+00 
8.4279e-01     6.4633e-02  0.0000e+00     5.4472e-02  0.0000e+00     1.1951e-02  0.0000e+00     1.0072e-02  0.0000e+00 
9.4563e-01     4.4088e-02  0.0000e+00     4.1691e-02  0.0000e+00     9.1470e-03  0.0000e+00     8.6496e-03  0.0000e+00 
1.0610e+00     3.5852e-02  0.0000e+00     3.8039e-02  0.0000e+00     8.3458e-03  0.0000e+00     8.8550e-03  0.0000e+00 
1.1905e+00     2.3518e-02  0.0000e+00     2.7997e-02  0.0000e+00     6.1425e-03  0.0000e+00     7.3125e-03  0.0000e+00 
1.3357e+00     1.1619e-02  0.0000e+00     1.5520e-02  0.0000e+00     3.4051e-03  0.0000e+00     4.5483e-03  0.0000e+00 
1.4987e+00     6.9037e-03  0.0000e+00     1.0347e-02  0.0000e+00     2.2701e-03  0.0000e+00     3.4022e-03  0.0000e+00 
1.6816e+00     2.7145e-03  0.0000e+00     4.5647e-03  0.0000e+00     1.0015e-03  0.0000e+00     1.6841e-03  0.0000e+00 
1.8868e+00     1.2903e-03  0.0000e+00     2.4345e-03  0.0000e+00     5.3413e-04  0.0000e+00     1.0078e-03  0.0000e+00 
2.1170e+00     1.4375e-04  0.0000e+00     3.0431e-04  0.0000e+00     6.6766e-05  0.0000e+00     1.4134e-04  0.0000e+00 
2.3753e+00     1.2812e-04  0.0000e+00     3.0431e-04  0.0000e+00     6.6766e-05  0.0000e+00     1.5859e-04  0.0000e+00 
2.6651e+00     0.0000e+00  0.0000e+00     0.0000e+00  0.0000e+00     0.0000e+00  0.0000e+00     0.0000e+00  0.0000e+00 
2.9903e+00     0.0000e+00  0.0000e+00     0.0000e+00  0.0000e+00     0.0000e+00  0.0000e+00     0.0000e+00  0.0000e+00 
3.3552e+00     0.0000e+00  0.0000e+00     0.0000e+00  0.0000e+00     0.0000e+00  0.0000e+00     0.0000e+00  0.0000e+00 
3.7646e+00     0.0000e+00  0.0000e+00     0.0000e+00  0.0000e+00     0.0000e+00  0.0000e+00     0.0000e+00  0.0000e+00 
4.2240e+00     0.0000e+00  0.0000e+00     0.0000e+00  0.0000e+00     0.0000e+00  0.0000e+00     0.0000e+00  0.0000e+00 
4.7394e+00     0.0000e+00  0.0000e+00     0.0000e+00  0.0000e+00     0.0000e+00  0.0000e+00     0.0000e+00  0.0000e+00 
5.3176e+00     0.0000e+00  0.0000e+00     0.0000e+00  0.0000e+00     0.0000e+00  0.0000e+00     0.0000e+00  0.0000e+00 
5.9665e+00     1.0395e-01  0.0000e+00     6.2019e-01  0.0000e+00     1.3607e-01  0.0000e+00     8.1186e-01  0.0000e+00 
6.6945e+00     1.9456e-02  0.0000e+00     1.3025e-01  0.0000e+00     2.8576e-02  0.0000e+00     1.9130e-01  0.0000e+00 
7.5114e+00     6.5227e-03  0.0000e+00     4.8995e-02  0.0000e+00     1.0749e-02  0.0000e+00     8.0743e-02  0.0000e+00 
8.4279e+00     2.5239e-02  0.0000e+00     2.1272e-01  0.0000e+00     4.6670e-02  0.0000e+00     3.9333e-01  0.0000e+00 
9.4563e+00     1.8536e-02  0.0000e+00     1.7529e-01  0.0000e+00     3.8457e-02  0.0000e+00     3.6366e-01  0.0000e+00 
1.0610e+01     2.6617e-02  0.0000e+00     2.8240e-01  0.0000e+00     6.1959e-02  0.0000e+00     6.5739e-01  0.0000e+00 
1.1905e+01     1.8175e-02  0.0000e+00     2.1637e-01  0.0000e+00     4.7471e-02  0.0000e+00     5.6513e-01  0.0000e+00 
1.3357e+01     1.4285e-02  0.0000e+00     1.9081e-01  0.0000e+00     4.1863e-02  0.0000e+00     5.5917e-01  0.0000e+00 
1.4987e+01     7.9190e-03  0.0000e+00     1.1868e-01  0.0000e+00     2.6039e-02  0.0000e+00     3.9025e-01  0.0000e+00 
1.6816e+01     5.1576e-03  0.0000e+00     8.6730e-02  0.0000e+00     1.9028e-02  0.0000e+00     3.1998e-01  0.0000e+00 
1.8868e+01     4.6935e-03  0.0000e+00     8.8556e-02  0.0000e+00     1.9429e-02  0.0000e+00     3.6658e-01  0.0000e+00 
2.1170e+01     3.5218e-03  0.0000e+00     7.4557e-02  0.0000e+00     1.6358e-02  0.0000e+00     3.4629e-01  0.0000e+00 
2.3753e+01     3.1517e-03  0.0000e+00     7.4861e-02  0.0000e+00     1.6425e-02  0.0000e+00     3.9013e-01  0.0000e+00 
2.6651e+01     2.5006e-03  0.0000e+00     6.6645e-02  0.0000e+00     1.4622e-02  0.0000e+00     3.8969e-01  0.0000e+00 
2.9903e+01     1.9437e-03  0.0000e+00     5.8124e-02  0.0000e+00     1.2752e-02  0.0000e+00     3.8134e-01  0.0000e+00 
3.3552e+01     1.4058e-03  0.0000e+00     4.7169e-02  0.0000e+00     1.0349e-02  0.0000e+00     3.4722e-01  0.0000e+00 
3.7646e+01     1.1398e-03  0.0000e+00     4.2908e-02  0.0000e+00     9.4141e-03  0.0000e+00     3.5440e-01  0.0000e+00 
4.2240e+01     8.9336e-04  0.0000e+00     3.7735e-02  0.0000e+00     8.2790e-03  0.0000e+00     3.4970e-01  0.0000e+00 
4.7394e+01     6.1000e-04  0.0000e+00     2.8910e-02  0.0000e+00     6.3428e-03  0.0000e+00     3.0061e-01  0.0000e+00 
5.3176e+01     3.7770e-04  0.0000e+00     2.0085e-02  0.0000e+00     4.4066e-03  0.0000e+00     2.3433e-01  0.0000e+00 
5.9665e+01     2.3972e-04  0.0000e+00     1.4303e-02  0.0000e+00     3.1380e-03  0.0000e+00     1.8723e-01  0.0000e+00 
6.6945e+01     1.4546e-04  0.0000e+00     9.7381e-03  0.0000e+00     2.1365e-03  0.0000e+00     1.4303e-01  0.0000e+00 
7.5114e+01     6.0771e-05  0.0000e+00     4.5647e-03  0.0000e+00     1.0015e-03  0.0000e+00     7.5226e-02  0.0000e+00 
8.4279e+01     7.2216e-05  0.0000e+00     6.0863e-03  0.0000e+00     1.3353e-03  0.0000e+00     1.1254e-01  0.0000e+00 
9.4563e+01     1.6091e-05  0.0000e+00     1.5216e-03  0.0000e+00     3.3383e-04  0.0000e+00     3.1568e-02  0.0000e+00 
1.0610e+02     5.7363e-06  0.0000e+00     6.0863e-04  0.0000e+00     1.3353e-04  0.0000e+00     1.4168e-02  0.0000e+00 
1.1905e+02     2.5563e-06  0.0000e+00     3.0431e-04  0.0000e+00     6.6766e-05  0.0000e+00     7.9483e-03  0.0000e+00 
1.3357e+02     0.0000e+00  0.0000e+00     0.0000e+00  0.0000e+00     0.0000e+00  0.0000e+00     0.0000e+00  0.0000e+00 
1.4987e+02     0.0000e+00  0.0000e+00     0.0000e+00  0.0000e+00     0.0000e+00  0.0000e+00     0.0000e+00  0.0000e+00 
1.6816e+02     0.0000e+00  0.0000e+00     0.0000e+00  0.0000e+00     0.0000e+00  0.0000e+00     0.0000e+00  0.0000e+00 
1.8868e+02     0.0000e+00  0.0000e+00     0.0000e+00  0.0000e+00     0.0000e+00  0.0000e+00     0.0000e+00  0.0000e+00 
2.1170e+02     0.0000e+00  0.0000e+00     0.0000e+00  0.0000e+00     0.0000e+00  0.0000e+00     0.0000e+00  0.0000e+00 
2.3753e+02     0.0000e+00  0.0000e+00     0.0000e+00  0.0000e+00     0.0000e+00  0.0000e+00     0.0000e+00  0.0000e+00 
2.6651e+02     0.0000e+00  0.0000e+00     0.0000e+00  0.0000e+00     0.0000e+00  0.0000e+00     0.0000e+00  0.0000e+00 
2.9903e+02     0.0000e+00  0.0000e+00     0.0000e+00  0.0000e+00     0.0000e+00  0.0000e+00     0.0000e+00  0.0000e+00 
3.3552e+02     0.0000e+00  0.0000e+00     0.0000e+00  0.0000e+00     0.0000e+00  0.0000e+00     0.0000e+00  0.0000e+00 
3.7646e+02     0.0000e+00  0.0000e+00     0.0000e+00  0.0000e+00     0.0000e+00  0.0000e+00     0.0000e+00  0.0000e+00 
4.2240e+02     0.0000e+00  0.0000e+00     0.0000e+00  0.0000e+00     0.0000e+00  0.0000e+00     0.0000e+00  0.0000e+00 
4.7394e+02     0.0000e+00  0.0000e+00     0.0000e+00  0.0000e+00     0.0000e+00  0.0000e+00     0.0000e+00  0.0000e+00 
5.3176e+02     0.0000e+00  0.0000e+00     0.0000e+00  0.0000e+00     0.0000e+00  0.0000e+00     0.0000e+00  0.0000e+00 
5.9665e+02     0.0000e+00  0.0000e+00     0.0000e+00  0.0000e+00     0.0000e+00  0.0000e+00     0.0000e+00  0.0000e+00 
6.6945e+02     0.0000e+00  0.0000e+00     0.0000e+00  0.0000e+00     0.0000e+00  0.0000e+00     0.0000e+00  0.0000e+00 
7.5114e+02     0.0000e+00  0.0000e+00     0.0000e+00  0.0000e+00     0.0000e+00  0.0000e+00     0.0000e+00  0.0000e+00 
8.4279e+02     0.0000e+00  0.0000e+00     0.0000e+00  0.0000e+00     0.0000e+00  0.0000e+00     0.0000e+00  0.0000e+00 
9.4563e+02     0.0000e+00  0.0000e+00     0.0000e+00  0.0000e+00     0.0000e+00  0.0000e+00     0.0000e+00  0.0000e+00 
1.0610e+03     0.0000e+00  0.0000e+00     0.0000e+00  0.0000e+00     0.0000e+00  0.0000e+00     0.0000e+00  0.0000e+00 
1.1905e+03     0.0000e+00  0.0000e+00     0.0000e+00  0.0000e+00     0.0000e+00  0.0000e+00     0.0000e+00  0.0000e+00 
1.3357e+03     0.0000e+00  0.0000e+00     0.0000e+00  0.0000e+00     0.0000e+00  0.0000e+00     0.0000e+00  0.0000e+00 
1.4987e+03     0.0000e+00  0.0000e+00     0.0000e+00  0.0000e+00     0.0000e+00  0.0000e+00     0.0000e+00  0.0000e+00 
1.6816e+03     0.0000e+00  0.0000e+00     0.0000e+00  0.0000e+00     0.0000e+00  0.0000e+00     0.0000e+00  0.0000e+00 
1.8868e+03     0.0000e+00  0.0000e+00     0.0000e+00  0.0000e+00     0.0000e+00  0.0000e+00     0.0000e+00  0.0000e+00 
2.1170e+03     0.0000e+00  0.0000e+00     0.0000e+00  0.0000e+00     0.0000e+00  0.0000e+00     0.0000e+00  0.0000e+00 
2.3753e+03     0.0000e+00  0.0000e+00     0.0000e+00  0.0000e+00     0.0000e+00  0.0000e+00     0.0000e+00  0.0000e+00 
2.6651e+03     0.0000e+00  0.0000e+00     0.0000e+00  0.0000e+00     0.0000e+00  0.0000e+00     0.0000e+00  0.0000e+00 
2.9903e+03     0.0000e+00  0.0000e+00     0.0000e+00  0.0000e+00     0.0000e+00  0.0000e+00     0.0000e+00  0.0000e+00 
3.3552e+03     0.0000e+00  0.0000e+00     0.0000e+00  0.0000e+00     0.0000e+00  0.0000e+00     0.0000e+00  0.0000e+00 
3.7646e+03     0.0000e+00  0.0000e+00     0.0000e+00  0.0000e+00     0.0000e+00  0.0000e+00     0.0000e+00  0.0000e+00 
4.2240e+03     0.0000e+00  0.0000e+00     0.0000e+00  0.0000e+00     0.0000e+00  0.0000e+00     0.0000e+00  0.0000e+00 
4.7394e+03     0.0000e+00  0.0000e+00     0.0000e+00  0.0000e+00     0.0000e+00  0.0000e+00     0.0000e+00  0.0000e+00 
5.3176e+03     0.0000e+00  0.0000e+00     0.0000e+00  0.0000e+00     0.0000e+00  0.0000e+00     0.0000e+00  0.0000e+00 
5.9665e+03     0.0000e+00  0.0000e+00     0.0000e+00  0.0000e+00     0.0000e+00  0.0000e+00     0.0000e+00  0.0000e+00 
6.6945e+03     0.0000e+00  0.0000e+00     0.0000e+00  0.0000e+00     0.0000e+00  0.0000e+00     0.0000e+00  0.0000e+00 
7.5114e+03     0.0000e+00  0.0000e+00     0.0000e+00  0.0000e+00     0.0000e+00  0.0000e+00     0.0000e+00  0.0000e+00 
8.4279e+03     0.0000e+00  0.0000e+00     0.0000e+00  0.0000e+00     0.0000e+00  0.0000e+00     0.0000e+00  0.0000e+00 
9.4563e+03     0.0000e+00  0.0000e+00     0.0000e+00  0.0000e+00     0.0000e+00  0.0000e+00     0.0000e+00  0.0000e+00 
