yF = 7.3321e+00 (std: 0.0000e+00) keV/um
yD = 2.4167e+01 (std: 0.0000e+00) keV/um
y (keV/um)     f(y)(std)                  yf(y)(std)                 d(y)(std)                  yd(y)(std)  
1.0610e-01     2.1283e+01  0.0000e+00     2.2581e+00  0.0000e+00     3.0798e-01  0.0000e+00     3.2677e-02  0.0000e+00 
1.1905e-01     1.5917e+00  0.0000e+00     1.8949e-01  0.0000e+00     2.5844e-02  0.0000e+00     3.0767e-03  0.0000e+00 
1.3357e-01     4.7919e-01  0.0000e+00     6.4007e-02  0.0000e+00     8.7297e-03  0.0000e+00     1.1661e-03  0.0000e+00 
1.4987e-01     2.2680e+00  0.0000e+00     3.3991e-01  0.0000e+00     4.6359e-02  0.0000e+00     6.9479e-03  0.0000e+00 
1.6816e-01     6.9220e-01  0.0000e+00     1.1640e-01  0.0000e+00     1.5875e-02  0.0000e+00     2.6696e-03  0.0000e+00 
1.8868e-01     4.7166e-01  0.0000e+00     8.8991e-02  0.0000e+00     1.2137e-02  0.0000e+00     2.2900e-03  0.0000e+00 
2.1170e-01     5.1351e-01  0.0000e+00     1.0871e-01  0.0000e+00     1.4826e-02  0.0000e+00     3.1387e-03  0.0000e+00 
2.3753e-01     4.7744e-01  0.0000e+00     1.1341e-01  0.0000e+00     1.5467e-02  0.0000e+00     3.6739e-03  0.0000e+00 
2.6651e-01     2.1634e-01  0.0000e+00     5.7658e-02  0.0000e+00     7.8638e-03  0.0000e+00     2.0958e-03  0.0000e+00 
2.9903e-01     1.8436e-01  0.0000e+00     5.5129e-02  0.0000e+00     7.5188e-03  0.0000e+00     2.2484e-03  0.0000e+00 
3.3552e-01     1.0377e+00  0.0000e+00     3.4817e-01  0.0000e+00     4.7485e-02  0.0000e+00     1.5932e-02  0.0000e+00 
3.7646e-01     6.7351e-01  0.0000e+00     2.5355e-01  0.0000e+00     3.4581e-02  0.0000e+00     1.3018e-02  0.0000e+00 
4.2240e-01     3.1199e-01  0.0000e+00     1.3178e-01  0.0000e+00     1.7973e-02  0.0000e+00     7.5919e-03  0.0000e+00 
4.7394e-01     2.9396e-01  0.0000e+00     1.3932e-01  0.0000e+00     1.9001e-02  0.0000e+00     9.0053e-03  0.0000e+00 
5.3176e-01     1.8676e-01  0.0000e+00     9.9314e-02  0.0000e+00     1.3545e-02  0.0000e+00     7.2028e-03  0.0000e+00 
5.9665e-01     9.8280e-02  0.0000e+00     5.8639e-02  0.0000e+00     7.9975e-03  0.0000e+00     4.7717e-03  0.0000e+00 
6.6945e-01     1.6285e-01  0.0000e+00     1.0902e-01  0.0000e+00     1.4869e-02  0.0000e+00     9.9539e-03  0.0000e+00 
7.5114e-01     1.3620e-01  0.0000e+00     1.0231e-01  0.0000e+00     1.3953e-02  0.0000e+00     1.0481e-02  0.0000e+00 
8.4279e-01     6.4432e-02  0.0000e+00     5.4303e-02  0.0000e+00     7.4062e-03  0.0000e+00     6.2418e-03  0.0000e+00 
9.4563e-01     3.6901e-02  0.0000e+00     3.4894e-02  0.0000e+00     4.7591e-03  0.0000e+00     4.5003e-03  0.0000e+00 
1.0610e+00     2.9190e-02  0.0000e+00     3.0971e-02  0.0000e+00     4.2241e-03  0.0000e+00     4.4818e-03  0.0000e+00 
1.1905e+00     1.5566e-02  0.0000e+00     1.8531e-02  0.0000e+00     2.5274e-03  0.0000e+00     3.0088e-03  0.0000e+00 
1.3357e+00     9.7771e-03  0.0000e+00     1.3060e-02  0.0000e+00     1.7811e-03  0.0000e+00     2.3791e-03  0.0000e+00 
1.4987e+00     5.6140e-03  0.0000e+00     8.4138e-03  0.0000e+00     1.1475e-03  0.0000e+00     1.7198e-03  0.0000e+00 
1.6816e+00     1.8111e-03  0.0000e+00     3.0455e-03  0.0000e+00     4.1537e-04  0.0000e+00     6.9847e-04  0.0000e+00 
1.8868e+00     1.2038e-03  0.0000e+00     2.2712e-03  0.0000e+00     3.0976e-04  0.0000e+00     5.8445e-04  0.0000e+00 
2.1170e+00     3.6575e-04  0.0000e+00     7.7428e-04  0.0000e+00     1.0560e-04  0.0000e+00     2.2356e-04  0.0000e+00 
2.3753e+00     1.9558e-04  0.0000e+00     4.6457e-04  0.0000e+00     6.3361e-05  0.0000e+00     1.5050e-04  0.0000e+00 
2.6651e+00     1.9368e-05  0.0000e+00     5.1619e-05  0.0000e+00     7.0401e-06  0.0000e+00     1.8763e-05  0.0000e+00 
2.9903e+00     5.1786e-05  0.0000e+00     1.5486e-04  0.0000e+00     2.1120e-05  0.0000e+00     6.3157e-05  0.0000e+00 
3.3552e+00     0.0000e+00  0.0000e+00     0.0000e+00  0.0000e+00     0.0000e+00  0.0000e+00     0.0000e+00  0.0000e+00 
3.7646e+00     0.0000e+00  0.0000e+00     0.0000e+00  0.0000e+00     0.0000e+00  0.0000e+00     0.0000e+00  0.0000e+00 
4.2240e+00     1.2220e-05  0.0000e+00     5.1619e-05  0.0000e+00     7.0401e-06  0.0000e+00     2.9737e-05  0.0000e+00 
4.7394e+00     1.0892e-05  0.0000e+00     5.1619e-05  0.0000e+00     7.0401e-06  0.0000e+00     3.3365e-05  0.0000e+00 
5.3176e+00     0.0000e+00  0.0000e+00     0.0000e+00  0.0000e+00     0.0000e+00  0.0000e+00     0.0000e+00  0.0000e+00 
5.9665e+00     6.5777e-02  0.0000e+00     3.9246e-01  0.0000e+00     5.3526e-02  0.0000e+00     3.1936e-01  0.0000e+00 
6.6945e+00     1.7318e-02  0.0000e+00     1.1594e-01  0.0000e+00     1.5812e-02  0.0000e+00     1.0585e-01  0.0000e+00 
7.5114e+00     6.1024e-03  0.0000e+00     4.5837e-02  0.0000e+00     6.2516e-03  0.0000e+00     4.6958e-02  0.0000e+00 
8.4279e+00     4.5733e-02  0.0000e+00     3.8544e-01  0.0000e+00     5.2568e-02  0.0000e+00     4.4304e-01  0.0000e+00 
9.4563e+00     2.3543e-02  0.0000e+00     2.2263e-01  0.0000e+00     3.0364e-02  0.0000e+00     2.8713e-01  0.0000e+00 
1.0610e+01     4.1027e-02  0.0000e+00     4.3530e-01  0.0000e+00     5.9369e-02  0.0000e+00     6.2991e-01  0.0000e+00 
1.1905e+01     3.0356e-02  0.0000e+00     3.6138e-01  0.0000e+00     4.9288e-02  0.0000e+00     5.8676e-01  0.0000e+00 
1.3357e+01     3.9259e-02  0.0000e+00     5.2439e-01  0.0000e+00     7.1520e-02  0.0000e+00     9.5532e-01  0.0000e+00 
1.4987e+01     1.5409e-02  0.0000e+00     2.3094e-01  0.0000e+00     3.1497e-02  0.0000e+00     4.7206e-01  0.0000e+00 
1.6816e+01     1.0317e-02  0.0000e+00     1.7349e-01  0.0000e+00     2.3662e-02  0.0000e+00     3.9789e-01  0.0000e+00 
1.8868e+01     8.0433e-03  0.0000e+00     1.5176e-01  0.0000e+00     2.0698e-02  0.0000e+00     3.9052e-01  0.0000e+00 
2.1170e+01     7.6733e-03  0.0000e+00     1.6244e-01  0.0000e+00     2.2155e-02  0.0000e+00     4.6902e-01  0.0000e+00 
2.3753e+01     5.6523e-03  0.0000e+00     1.3426e-01  0.0000e+00     1.8311e-02  0.0000e+00     4.3495e-01  0.0000e+00 
2.6651e+01     3.6741e-03  0.0000e+00     9.7921e-02  0.0000e+00     1.3355e-02  0.0000e+00     3.5593e-01  0.0000e+00 
2.9903e+01     3.8977e-03  0.0000e+00     1.1656e-01  0.0000e+00     1.5897e-02  0.0000e+00     4.7536e-01  0.0000e+00 
3.3552e+01     2.4154e-03  0.0000e+00     8.1041e-02  0.0000e+00     1.1053e-02  0.0000e+00     3.7085e-01  0.0000e+00 
3.7646e+01     1.7894e-03  0.0000e+00     6.7362e-02  0.0000e+00     9.1873e-03  0.0000e+00     3.4587e-01  0.0000e+00 
4.2240e+01     1.3015e-03  0.0000e+00     5.4974e-02  0.0000e+00     7.4977e-03  0.0000e+00     3.1670e-01  0.0000e+00 
4.7394e+01     9.4538e-04  0.0000e+00     4.4805e-02  0.0000e+00     6.1108e-03  0.0000e+00     2.8961e-01  0.0000e+00 
5.3176e+01     6.2902e-04  0.0000e+00     3.3449e-02  0.0000e+00     4.5620e-03  0.0000e+00     2.4259e-01  0.0000e+00 
5.9665e+01     4.1613e-04  0.0000e+00     2.4829e-02  0.0000e+00     3.3863e-03  0.0000e+00     2.0204e-01  0.0000e+00 
6.6945e+01     2.1744e-04  0.0000e+00     1.4556e-02  0.0000e+00     1.9853e-03  0.0000e+00     1.3291e-01  0.0000e+00 
7.5114e+01     1.3813e-04  0.0000e+00     1.0375e-02  0.0000e+00     1.4151e-03  0.0000e+00     1.0629e-01  0.0000e+00 
8.4279e+01     7.7172e-05  0.0000e+00     6.5040e-03  0.0000e+00     8.8705e-04  0.0000e+00     7.4760e-02  0.0000e+00 
9.4563e+01     3.8211e-05  0.0000e+00     3.6133e-03  0.0000e+00     4.9281e-04  0.0000e+00     4.6601e-02  0.0000e+00 
1.0610e+02     1.2649e-05  0.0000e+00     1.3421e-03  0.0000e+00     1.8304e-04  0.0000e+00     1.9421e-02  0.0000e+00 
1.1905e+02     5.6368e-06  0.0000e+00     6.7104e-04  0.0000e+00     9.1521e-05  0.0000e+00     1.0895e-02  0.0000e+00 
1.3357e+02     1.5458e-06  0.0000e+00     2.0647e-04  0.0000e+00     2.8160e-05  0.0000e+00     3.7615e-03  0.0000e+00 
1.4987e+02     3.4442e-07  0.0000e+00     5.1619e-05  0.0000e+00     7.0401e-06  0.0000e+00     1.0551e-03  0.0000e+00 
1.6816e+02     0.0000e+00  0.0000e+00     0.0000e+00  0.0000e+00     0.0000e+00  0.0000e+00     0.0000e+00  0.0000e+00 
1.8868e+02     0.0000e+00  0.0000e+00     0.0000e+00  0.0000e+00     0.0000e+00  0.0000e+00     0.0000e+00  0.0000e+00 
2.1170e+02     0.0000e+00  0.0000e+00     0.0000e+00  0.0000e+00     0.0000e+00  0.0000e+00     0.0000e+00  0.0000e+00 
2.3753e+02     0.0000e+00  0.0000e+00     0.0000e+00  0.0000e+00     0.0000e+00  0.0000e+00     0.0000e+00  0.0000e+00 
2.6651e+02     0.0000e+00  0.0000e+00     0.0000e+00  0.0000e+00     0.0000e+00  0.0000e+00     0.0000e+00  0.0000e+00 
2.9903e+02     0.0000e+00  0.0000e+00     0.0000e+00  0.0000e+00     0.0000e+00  0.0000e+00     0.0000e+00  0.0000e+00 
3.3552e+02     0.0000e+00  0.0000e+00     0.0000e+00  0.0000e+00     0.0000e+00  0.0000e+00     0.0000e+00  0.0000e+00 
3.7646e+02     0.0000e+00  0.0000e+00     0.0000e+00  0.0000e+00     0.0000e+00  0.0000e+00     0.0000e+00  0.0000e+00 
4.2240e+02     0.0000e+00  0.0000e+00     0.0000e+00  0.0000e+00     0.0000e+00  0.0000e+00     0.0000e+00  0.0000e+00 
4.7394e+02     0.0000e+00  0.0000e+00     0.0000e+00  0.0000e+00     0.0000e+00  0.0000e+00     0.0000e+00  0.0000e+00 
5.3176e+02     0.0000e+00  0.0000e+00     0.0000e+00  0.0000e+00     0.0000e+00  0.0000e+00     0.0000e+00  0.0000e+00 
5.9665e+02     0.0000e+00  0.0000e+00     0.0000e+00  0.0000e+00     0.0000e+00  0.0000e+00     0.0000e+00  0.0000e+00 
6.6945e+02     0.0000e+00  0.0000e+00     0.0000e+00  0.0000e+00     0.0000e+00  0.0000e+00     0.0000e+00  0.0000e+00 
7.5114e+02     0.0000e+00  0.0000e+00     0.0000e+00  0.0000e+00     0.0000e+00  0.0000e+00     0.0000e+00  0.0000e+00 
8.4279e+02     0.0000e+00  0.0000e+00     0.0000e+00  0.0000e+00     0.0000e+00  0.0000e+00     0.0000e+00  0.0000e+00 
9.4563e+02     0.0000e+00  0.0000e+00     0.0000e+00  0.0000e+00     0.0000e+00  0.0000e+00     0.0000e+00  0.0000e+00 
1.0610e+03     0.0000e+00  0.0000e+00     0.0000e+00  0.0000e+00     0.0000e+00  0.0000e+00     0.0000e+00  0.0000e+00 
1.1905e+03     0.0000e+00  0.0000e+00     0.0000e+00  0.0000e+00     0.0000e+00  0.0000e+00     0.0000e+00  0.0000e+00 
1.3357e+03     0.0000e+00  0.0000e+00     0.0000e+00  0.0000e+00     0.0000e+00  0.0000e+00     0.0000e+00  0.0000e+00 
1.4987e+03     0.0000e+00  0.0000e+00     0.0000e+00  0.0000e+00     0.0000e+00  0.0000e+00     0.0000e+00  0.0000e+00 
1.6816e+03     0.0000e+00  0.0000e+00     0.0000e+00  0.0000e+00     0.0000e+00  0.0000e+00     0.0000e+00  0.0000e+00 
1.8868e+03     0.0000e+00  0.0000e+00     0.0000e+00  0.0000e+00     0.0000e+00  0.0000e+00     0.0000e+00  0.0000e+00 
2.1170e+03     0.0000e+00  0.0000e+00     0.0000e+00  0.0000e+00     0.0000e+00  0.0000e+00     0.0000e+00  0.0000e+00 
2.3753e+03     0.0000e+00  0.0000e+00     0.0000e+00  0.0000e+00     0.0000e+00  0.0000e+00     0.0000e+00  0.0000e+00 
2.6651e+03     0.0000e+00  0.0000e+00     0.0000e+00  0.0000e+00     0.0000e+00  0.0000e+00     0.0000e+00  0.0000e+00 
2.9903e+03     0.0000e+00  0.0000e+00     0.0000e+00  0.0000e+00     0.0000e+00  0.0000e+00     0.0000e+00  0.0000e+00 
3.3552e+03     0.0000e+00  0.0000e+00     0.0000e+00  0.0000e+00     0.0000e+00  0.0000e+00     0.0000e+00  0.0000e+00 
3.7646e+03     0.0000e+00  0.0000e+00     0.0000e+00  0.0000e+00     0.0000e+00  0.0000e+00     0.0000e+00  0.0000e+00 
4.2240e+03     0.0000e+00  0.0000e+00     0.0000e+00  0.0000e+00     0.0000e+00  0.0000e+00     0.0000e+00  0.0000e+00 
4.7394e+03     0.0000e+00  0.0000e+00     0.0000e+00  0.0000e+00     0.0000e+00  0.0000e+00     0.0000e+00  0.0000e+00 
5.3176e+03     0.0000e+00  0.0000e+00     0.0000e+00  0.0000e+00     0.0000e+00  0.0000e+00     0.0000e+00  0.0000e+00 
5.9665e+03     0.0000e+00  0.0000e+00     0.0000e+00  0.0000e+00     0.0000e+00  0.0000e+00     0.0000e+00  0.0000e+00 
6.6945e+03     0.0000e+00  0.0000e+00     0.0000e+00  0.0000e+00     0.0000e+00  0.0000e+00     0.0000e+00  0.0000e+00 
7.5114e+03     0.0000e+00  0.0000e+00     0.0000e+00  0.0000e+00     0.0000e+00  0.0000e+00     0.0000e+00  0.0000e+00 
8.4279e+03     0.0000e+00  0.0000e+00     0.0000e+00  0.0000e+00     0.0000e+00  0.0000e+00     0.0000e+00  0.0000e+00 
9.4563e+03     0.0000e+00  0.0000e+00     0.0000e+00  0.0000e+00     0.0000e+00  0.0000e+00     0.0000e+00  0.0000e+00 
