yF = 3.2068e+01 (std: 0.0000e+00) keV/um
yD = 5.8104e+01 (std: 0.0000e+00) keV/um
y (keV/um)     f(y)(std)                  yf(y)(std)                 d(y)(std)                  yd(y)(std)  
1.0610e-01     2.4463e+00  0.0000e+00     2.5955e-01  0.0000e+00     8.0939e-03  0.0000e+00     8.5877e-04  0.0000e+00 
1.1905e-01     2.7571e-01  0.0000e+00     3.2822e-02  0.0000e+00     1.0235e-03  0.0000e+00     1.2185e-04  0.0000e+00 
1.3357e-01     1.5012e-01  0.0000e+00     2.0052e-02  0.0000e+00     6.2530e-04  0.0000e+00     8.3523e-05  0.0000e+00 
1.4987e-01     3.6561e-01  0.0000e+00     5.4794e-02  0.0000e+00     1.7087e-03  0.0000e+00     2.5609e-04  0.0000e+00 
1.6816e-01     1.9185e-01  0.0000e+00     3.2260e-02  0.0000e+00     1.0060e-03  0.0000e+00     1.6917e-04  0.0000e+00 
1.8868e-01     1.6849e-01  0.0000e+00     3.1790e-02  0.0000e+00     9.9133e-04  0.0000e+00     1.8704e-04  0.0000e+00 
2.1170e-01     1.6920e-01  0.0000e+00     3.5820e-02  0.0000e+00     1.1170e-03  0.0000e+00     2.3647e-04  0.0000e+00 
2.3753e-01     1.6457e-01  0.0000e+00     3.9089e-02  0.0000e+00     1.2190e-03  0.0000e+00     2.8954e-04  0.0000e+00 
2.6651e-01     1.1473e-01  0.0000e+00     3.0576e-02  0.0000e+00     9.5349e-04  0.0000e+00     2.5412e-04  0.0000e+00 
2.9903e-01     9.8918e-02  0.0000e+00     2.9580e-02  0.0000e+00     9.2242e-04  0.0000e+00     2.7583e-04  0.0000e+00 
3.3552e-01     1.8604e-01  0.0000e+00     6.2420e-02  0.0000e+00     1.9465e-03  0.0000e+00     6.5309e-04  0.0000e+00 
3.7646e-01     1.7389e-01  0.0000e+00     6.5463e-02  0.0000e+00     2.0414e-03  0.0000e+00     7.6851e-04  0.0000e+00 
4.2240e-01     1.2260e-01  0.0000e+00     5.1787e-02  0.0000e+00     1.6149e-03  0.0000e+00     6.8214e-04  0.0000e+00 
4.7394e-01     1.2758e-01  0.0000e+00     6.0464e-02  0.0000e+00     1.8855e-03  0.0000e+00     8.9361e-04  0.0000e+00 
5.3176e-01     1.1471e-01  0.0000e+00     6.0998e-02  0.0000e+00     1.9022e-03  0.0000e+00     1.0115e-03  0.0000e+00 
5.9665e-01     9.0394e-02  0.0000e+00     5.3934e-02  0.0000e+00     1.6819e-03  0.0000e+00     1.0035e-03  0.0000e+00 
6.6945e-01     8.2268e-02  0.0000e+00     5.5075e-02  0.0000e+00     1.7175e-03  0.0000e+00     1.1498e-03  0.0000e+00 
7.5114e-01     8.2039e-02  0.0000e+00     6.1623e-02  0.0000e+00     1.9217e-03  0.0000e+00     1.4434e-03  0.0000e+00 
8.4279e-01     6.5617e-02  0.0000e+00     5.5301e-02  0.0000e+00     1.7245e-03  0.0000e+00     1.4534e-03  0.0000e+00 
9.4563e-01     5.2438e-02  0.0000e+00     4.9586e-02  0.0000e+00     1.5463e-03  0.0000e+00     1.4622e-03  0.0000e+00 
1.0610e+00     4.2219e-02  0.0000e+00     4.4795e-02  0.0000e+00     1.3969e-03  0.0000e+00     1.4821e-03  0.0000e+00 
1.1905e+00     3.2782e-02  0.0000e+00     3.9026e-02  0.0000e+00     1.2170e-03  0.0000e+00     1.4488e-03  0.0000e+00 
1.3357e+00     2.4959e-02  0.0000e+00     3.3338e-02  0.0000e+00     1.0396e-03  0.0000e+00     1.3887e-03  0.0000e+00 
1.4987e+00     1.7610e-02  0.0000e+00     2.6392e-02  0.0000e+00     8.2300e-04  0.0000e+00     1.2334e-03  0.0000e+00 
1.6816e+00     1.1677e-02  0.0000e+00     1.9635e-02  0.0000e+00     6.1231e-04  0.0000e+00     1.0297e-03  0.0000e+00 
1.8868e+00     7.4403e-03  0.0000e+00     1.4038e-02  0.0000e+00     4.3777e-04  0.0000e+00     8.2597e-04  0.0000e+00 
2.1170e+00     4.5648e-03  0.0000e+00     9.6637e-03  0.0000e+00     3.0135e-04  0.0000e+00     6.3796e-04  0.0000e+00 
2.3753e+00     2.4593e-03  0.0000e+00     5.8417e-03  0.0000e+00     1.8217e-04  0.0000e+00     4.3270e-04  0.0000e+00 
2.6651e+00     1.2438e-03  0.0000e+00     3.3148e-03  0.0000e+00     1.0337e-04  0.0000e+00     2.7549e-04  0.0000e+00 
2.9903e+00     5.1488e-04  0.0000e+00     1.5397e-03  0.0000e+00     4.8013e-05  0.0000e+00     1.4358e-04  0.0000e+00 
3.3552e+00     1.7816e-04  0.0000e+00     5.9775e-04  0.0000e+00     1.8640e-05  0.0000e+00     6.2542e-05  0.0000e+00 
3.7646e+00     8.6608e-05  0.0000e+00     3.2605e-04  0.0000e+00     1.0168e-05  0.0000e+00     3.8277e-05  0.0000e+00 
4.2240e+00     2.5730e-05  0.0000e+00     1.0868e-04  0.0000e+00     3.3892e-06  0.0000e+00     1.4316e-05  0.0000e+00 
4.7394e+00     3.8220e-06  0.0000e+00     1.8114e-05  0.0000e+00     5.6486e-07  0.0000e+00     2.6771e-06  0.0000e+00 
5.3176e+00     6.8127e-06  0.0000e+00     3.6227e-05  0.0000e+00     1.1297e-06  0.0000e+00     6.0075e-06  0.0000e+00 
5.9665e+00     2.2786e-02  0.0000e+00     1.3595e-01  0.0000e+00     4.2396e-03  0.0000e+00     2.5295e-02  0.0000e+00 
6.6945e+00     2.2076e-02  0.0000e+00     1.4779e-01  0.0000e+00     4.6087e-03  0.0000e+00     3.0853e-02  0.0000e+00 
7.5114e+00     9.1167e-03  0.0000e+00     6.8479e-02  0.0000e+00     2.1355e-03  0.0000e+00     1.6040e-02  0.0000e+00 
8.4279e+00     1.8654e-02  0.0000e+00     1.5722e-01  0.0000e+00     4.9027e-03  0.0000e+00     4.1320e-02  0.0000e+00 
9.4563e+00     2.1045e-02  0.0000e+00     1.9901e-01  0.0000e+00     6.2058e-03  0.0000e+00     5.8684e-02  0.0000e+00 
1.0610e+01     2.4409e-02  0.0000e+00     2.5898e-01  0.0000e+00     8.0761e-03  0.0000e+00     8.5688e-02  0.0000e+00 
1.1905e+01     2.2103e-02  0.0000e+00     2.6313e-01  0.0000e+00     8.2055e-03  0.0000e+00     9.7684e-02  0.0000e+00 
1.3357e+01     1.9448e-02  0.0000e+00     2.5978e-01  0.0000e+00     8.1010e-03  0.0000e+00     1.0821e-01  0.0000e+00 
1.4987e+01     1.6512e-02  0.0000e+00     2.4747e-01  0.0000e+00     7.7171e-03  0.0000e+00     1.1566e-01  0.0000e+00 
1.6816e+01     1.5568e-02  0.0000e+00     2.6179e-01  0.0000e+00     8.1637e-03  0.0000e+00     1.3728e-01  0.0000e+00 
1.8868e+01     1.5513e-02  0.0000e+00     2.9269e-01  0.0000e+00     9.1273e-03  0.0000e+00     1.7221e-01  0.0000e+00 
2.1170e+01     1.6287e-02  0.0000e+00     3.4480e-01  0.0000e+00     1.0752e-02  0.0000e+00     2.2763e-01  0.0000e+00 
2.3753e+01     1.6051e-02  0.0000e+00     3.8126e-01  0.0000e+00     1.1889e-02  0.0000e+00     2.8240e-01  0.0000e+00 
2.6651e+01     1.4295e-02  0.0000e+00     3.8099e-01  0.0000e+00     1.1881e-02  0.0000e+00     3.1664e-01  0.0000e+00 
2.9903e+01     1.3194e-02  0.0000e+00     3.9453e-01  0.0000e+00     1.2303e-02  0.0000e+00     3.6791e-01  0.0000e+00 
3.3552e+01     1.2475e-02  0.0000e+00     4.1856e-01  0.0000e+00     1.3053e-02  0.0000e+00     4.3794e-01  0.0000e+00 
3.7646e+01     1.1070e-02  0.0000e+00     4.1672e-01  0.0000e+00     1.2995e-02  0.0000e+00     4.8922e-01  0.0000e+00 
4.2240e+01     9.7015e-03  0.0000e+00     4.0979e-01  0.0000e+00     1.2779e-02  0.0000e+00     5.3977e-01  0.0000e+00 
4.7394e+01     8.4961e-03  0.0000e+00     4.0266e-01  0.0000e+00     1.2557e-02  0.0000e+00     5.9510e-01  0.0000e+00 
5.3176e+01     7.1058e-03  0.0000e+00     3.7786e-01  0.0000e+00     1.1783e-02  0.0000e+00     6.2659e-01  0.0000e+00 
5.9665e+01     5.8320e-03  0.0000e+00     3.4796e-01  0.0000e+00     1.0851e-02  0.0000e+00     6.4742e-01  0.0000e+00 
6.6945e+01     4.5209e-03  0.0000e+00     3.0265e-01  0.0000e+00     9.4380e-03  0.0000e+00     6.3183e-01  0.0000e+00 
7.5114e+01     3.4026e-03  0.0000e+00     2.5558e-01  0.0000e+00     7.9702e-03  0.0000e+00     5.9867e-01  0.0000e+00 
8.4279e+01     2.4468e-03  0.0000e+00     2.0622e-01  0.0000e+00     6.4307e-03  0.0000e+00     5.4197e-01  0.0000e+00 
9.4563e+01     1.6366e-03  0.0000e+00     1.5476e-01  0.0000e+00     4.8262e-03  0.0000e+00     4.5638e-01  0.0000e+00 
1.0610e+02     1.0440e-03  0.0000e+00     1.1077e-01  0.0000e+00     3.4541e-03  0.0000e+00     3.6649e-01  0.0000e+00 
1.1905e+02     6.0025e-04  0.0000e+00     7.1459e-02  0.0000e+00     2.2284e-03  0.0000e+00     2.6528e-01  0.0000e+00 
1.3357e+02     3.2166e-04  0.0000e+00     4.2966e-02  0.0000e+00     1.3399e-03  0.0000e+00     1.7897e-01  0.0000e+00 
1.4987e+02     1.5712e-04  0.0000e+00     2.3548e-02  0.0000e+00     7.3432e-04  0.0000e+00     1.1005e-01  0.0000e+00 
1.6816e+02     6.6839e-05  0.0000e+00     1.1240e-02  0.0000e+00     3.5050e-04  0.0000e+00     5.8939e-02  0.0000e+00 
1.8868e+02     2.5057e-05  0.0000e+00     4.7277e-03  0.0000e+00     1.4743e-04  0.0000e+00     2.7816e-02  0.0000e+00 
2.1170e+02     8.2996e-06  0.0000e+00     1.7570e-03  0.0000e+00     5.4792e-05  0.0000e+00     1.1599e-02  0.0000e+00 
2.3753e+02     2.3259e-06  0.0000e+00     5.5247e-04  0.0000e+00     1.7228e-05  0.0000e+00     4.0922e-03  0.0000e+00 
2.6651e+02     5.0974e-07  0.0000e+00     1.3585e-04  0.0000e+00     4.2365e-06  0.0000e+00     1.1291e-03  0.0000e+00 
2.9903e+02     9.0861e-08  0.0000e+00     2.7171e-05  0.0000e+00     8.4729e-07  0.0000e+00     2.5337e-04  0.0000e+00 
3.3552e+02     2.6993e-08  0.0000e+00     9.0568e-06  0.0000e+00     2.8243e-07  0.0000e+00     9.4761e-05  0.0000e+00 
3.7646e+02     2.4058e-08  0.0000e+00     9.0568e-06  0.0000e+00     2.8243e-07  0.0000e+00     1.0632e-04  0.0000e+00 
4.2240e+02     0.0000e+00  0.0000e+00     0.0000e+00  0.0000e+00     0.0000e+00  0.0000e+00     0.0000e+00  0.0000e+00 
4.7394e+02     0.0000e+00  0.0000e+00     0.0000e+00  0.0000e+00     0.0000e+00  0.0000e+00     0.0000e+00  0.0000e+00 
5.3176e+02     0.0000e+00  0.0000e+00     0.0000e+00  0.0000e+00     0.0000e+00  0.0000e+00     0.0000e+00  0.0000e+00 
5.9665e+02     0.0000e+00  0.0000e+00     0.0000e+00  0.0000e+00     0.0000e+00  0.0000e+00     0.0000e+00  0.0000e+00 
6.6945e+02     0.0000e+00  0.0000e+00     0.0000e+00  0.0000e+00     0.0000e+00  0.0000e+00     0.0000e+00  0.0000e+00 
7.5114e+02     0.0000e+00  0.0000e+00     0.0000e+00  0.0000e+00     0.0000e+00  0.0000e+00     0.0000e+00  0.0000e+00 
8.4279e+02     0.0000e+00  0.0000e+00     0.0000e+00  0.0000e+00     0.0000e+00  0.0000e+00     0.0000e+00  0.0000e+00 
9.4563e+02     0.0000e+00  0.0000e+00     0.0000e+00  0.0000e+00     0.0000e+00  0.0000e+00     0.0000e+00  0.0000e+00 
1.0610e+03     0.0000e+00  0.0000e+00     0.0000e+00  0.0000e+00     0.0000e+00  0.0000e+00     0.0000e+00  0.0000e+00 
1.1905e+03     0.0000e+00  0.0000e+00     0.0000e+00  0.0000e+00     0.0000e+00  0.0000e+00     0.0000e+00  0.0000e+00 
1.3357e+03     0.0000e+00  0.0000e+00     0.0000e+00  0.0000e+00     0.0000e+00  0.0000e+00     0.0000e+00  0.0000e+00 
1.4987e+03     0.0000e+00  0.0000e+00     0.0000e+00  0.0000e+00     0.0000e+00  0.0000e+00     0.0000e+00  0.0000e+00 
1.6816e+03     0.0000e+00  0.0000e+00     0.0000e+00  0.0000e+00     0.0000e+00  0.0000e+00     0.0000e+00  0.0000e+00 
1.8868e+03     0.0000e+00  0.0000e+00     0.0000e+00  0.0000e+00     0.0000e+00  0.0000e+00     0.0000e+00  0.0000e+00 
2.1170e+03     0.0000e+00  0.0000e+00     0.0000e+00  0.0000e+00     0.0000e+00  0.0000e+00     0.0000e+00  0.0000e+00 
2.3753e+03     0.0000e+00  0.0000e+00     0.0000e+00  0.0000e+00     0.0000e+00  0.0000e+00     0.0000e+00  0.0000e+00 
2.6651e+03     0.0000e+00  0.0000e+00     0.0000e+00  0.0000e+00     0.0000e+00  0.0000e+00     0.0000e+00  0.0000e+00 
2.9903e+03     0.0000e+00  0.0000e+00     0.0000e+00  0.0000e+00     0.0000e+00  0.0000e+00     0.0000e+00  0.0000e+00 
3.3552e+03     0.0000e+00  0.0000e+00     0.0000e+00  0.0000e+00     0.0000e+00  0.0000e+00     0.0000e+00  0.0000e+00 
3.7646e+03     0.0000e+00  0.0000e+00     0.0000e+00  0.0000e+00     0.0000e+00  0.0000e+00     0.0000e+00  0.0000e+00 
4.2240e+03     0.0000e+00  0.0000e+00     0.0000e+00  0.0000e+00     0.0000e+00  0.0000e+00     0.0000e+00  0.0000e+00 
4.7394e+03     0.0000e+00  0.0000e+00     0.0000e+00  0.0000e+00     0.0000e+00  0.0000e+00     0.0000e+00  0.0000e+00 
5.3176e+03     0.0000e+00  0.0000e+00     0.0000e+00  0.0000e+00     0.0000e+00  0.0000e+00     0.0000e+00  0.0000e+00 
5.9665e+03     0.0000e+00  0.0000e+00     0.0000e+00  0.0000e+00     0.0000e+00  0.0000e+00     0.0000e+00  0.0000e+00 
6.6945e+03     0.0000e+00  0.0000e+00     0.0000e+00  0.0000e+00     0.0000e+00  0.0000e+00     0.0000e+00  0.0000e+00 
7.5114e+03     0.0000e+00  0.0000e+00     0.0000e+00  0.0000e+00     0.0000e+00  0.0000e+00     0.0000e+00  0.0000e+00 
8.4279e+03     0.0000e+00  0.0000e+00     0.0000e+00  0.0000e+00     0.0000e+00  0.0000e+00     0.0000e+00  0.0000e+00 
9.4563e+03     0.0000e+00  0.0000e+00     0.0000e+00  0.0000e+00     0.0000e+00  0.0000e+00     0.0000e+00  0.0000e+00 
