yF = 2.3061e+01 (std: 0.0000e+00) keV/um
yD = 4.5066e+01 (std: 0.0000e+00) keV/um
y (keV/um)     f(y)(std)                  yf(y)(std)                 d(y)(std)                  yd(y)(std)  
1.0610e-01     3.5526e+00  0.0000e+00     3.7693e-01  0.0000e+00     1.6345e-02  0.0000e+00     1.7342e-03  0.0000e+00 
1.1905e-01     4.2512e-01  0.0000e+00     5.0609e-02  0.0000e+00     2.1946e-03  0.0000e+00     2.6126e-04  0.0000e+00 
1.3357e-01     2.2483e-01  0.0000e+00     3.0032e-02  0.0000e+00     1.3023e-03  0.0000e+00     1.7395e-04  0.0000e+00 
1.4987e-01     5.4830e-01  0.0000e+00     8.2174e-02  0.0000e+00     3.5634e-03  0.0000e+00     5.3405e-04  0.0000e+00 
1.6816e-01     2.9667e-01  0.0000e+00     4.9887e-02  0.0000e+00     2.1633e-03  0.0000e+00     3.6378e-04  0.0000e+00 
1.8868e-01     2.6120e-01  0.0000e+00     4.9283e-02  0.0000e+00     2.1371e-03  0.0000e+00     4.0322e-04  0.0000e+00 
2.1170e-01     2.5500e-01  0.0000e+00     5.3983e-02  0.0000e+00     2.3409e-03  0.0000e+00     4.9557e-04  0.0000e+00 
2.3753e-01     2.5609e-01  0.0000e+00     6.0830e-02  0.0000e+00     2.6378e-03  0.0000e+00     6.2656e-04  0.0000e+00 
2.6651e-01     1.7260e-01  0.0000e+00     4.5999e-02  0.0000e+00     1.9947e-03  0.0000e+00     5.3161e-04  0.0000e+00 
2.9903e-01     1.5334e-01  0.0000e+00     4.5855e-02  0.0000e+00     1.9884e-03  0.0000e+00     5.9461e-04  0.0000e+00 
3.3552e-01     2.7920e-01  0.0000e+00     9.3676e-02  0.0000e+00     4.0622e-03  0.0000e+00     1.3629e-03  0.0000e+00 
3.7646e-01     2.5876e-01  0.0000e+00     9.7411e-02  0.0000e+00     4.2241e-03  0.0000e+00     1.5902e-03  0.0000e+00 
4.2240e-01     1.8632e-01  0.0000e+00     7.8701e-02  0.0000e+00     3.4128e-03  0.0000e+00     1.4415e-03  0.0000e+00 
4.7394e-01     1.8917e-01  0.0000e+00     8.9653e-02  0.0000e+00     3.8877e-03  0.0000e+00     1.8425e-03  0.0000e+00 
5.3176e-01     1.7614e-01  0.0000e+00     9.3667e-02  0.0000e+00     4.0618e-03  0.0000e+00     2.1599e-03  0.0000e+00 
5.9665e-01     1.2850e-01  0.0000e+00     7.6671e-02  0.0000e+00     3.3248e-03  0.0000e+00     1.9837e-03  0.0000e+00 
6.6945e-01     1.1760e-01  0.0000e+00     7.8728e-02  0.0000e+00     3.4140e-03  0.0000e+00     2.2855e-03  0.0000e+00 
7.5114e-01     1.1544e-01  0.0000e+00     8.6712e-02  0.0000e+00     3.7602e-03  0.0000e+00     2.8244e-03  0.0000e+00 
8.4279e-01     9.1038e-02  0.0000e+00     7.6726e-02  0.0000e+00     3.3271e-03  0.0000e+00     2.8041e-03  0.0000e+00 
9.4563e-01     6.7944e-02  0.0000e+00     6.4249e-02  0.0000e+00     2.7861e-03  0.0000e+00     2.6346e-03  0.0000e+00 
1.0610e+00     5.4544e-02  0.0000e+00     5.7871e-02  0.0000e+00     2.5095e-03  0.0000e+00     2.6626e-03  0.0000e+00 
1.1905e+00     3.9723e-02  0.0000e+00     4.7289e-02  0.0000e+00     2.0506e-03  0.0000e+00     2.4412e-03  0.0000e+00 
1.3357e+00     2.8643e-02  0.0000e+00     3.8259e-02  0.0000e+00     1.6591e-03  0.0000e+00     2.2161e-03  0.0000e+00 
1.4987e+00     1.9791e-02  0.0000e+00     2.9662e-02  0.0000e+00     1.2862e-03  0.0000e+00     1.9277e-03  0.0000e+00 
1.6816e+00     1.1915e-02  0.0000e+00     2.0036e-02  0.0000e+00     8.6884e-04  0.0000e+00     1.4610e-03  0.0000e+00 
1.8868e+00     7.2963e-03  0.0000e+00     1.3766e-02  0.0000e+00     5.9696e-04  0.0000e+00     1.1263e-03  0.0000e+00 
2.1170e+00     3.7074e-03  0.0000e+00     7.8485e-03  0.0000e+00     3.4034e-04  0.0000e+00     7.2049e-04  0.0000e+00 
2.3753e+00     1.7129e-03  0.0000e+00     4.0686e-03  0.0000e+00     1.7643e-04  0.0000e+00     4.1907e-04  0.0000e+00 
2.6651e+00     7.1083e-04  0.0000e+00     1.8945e-03  0.0000e+00     8.2151e-05  0.0000e+00     2.1894e-04  0.0000e+00 
2.9903e+00     3.7710e-04  0.0000e+00     1.1277e-03  0.0000e+00     4.8899e-05  0.0000e+00     1.4622e-04  0.0000e+00 
3.3552e+00     1.0486e-04  0.0000e+00     3.5183e-04  0.0000e+00     1.5257e-05  0.0000e+00     5.1189e-05  0.0000e+00 
3.7646e+00     3.1152e-05  0.0000e+00     1.1728e-04  0.0000e+00     5.0855e-06  0.0000e+00     1.9145e-05  0.0000e+00 
4.2240e+00     1.0679e-05  0.0000e+00     4.5106e-05  0.0000e+00     1.9560e-06  0.0000e+00     8.2619e-06  0.0000e+00 
4.7394e+00     0.0000e+00  0.0000e+00     0.0000e+00  0.0000e+00     0.0000e+00  0.0000e+00     0.0000e+00  0.0000e+00 
5.3176e+00     1.6965e-06  0.0000e+00     9.0212e-06  0.0000e+00     3.9119e-07  0.0000e+00     2.0802e-06  0.0000e+00 
5.9665e+00     3.4488e-02  0.0000e+00     2.0577e-01  0.0000e+00     8.9231e-03  0.0000e+00     5.3240e-02  0.0000e+00 
6.6945e+00     2.8344e-02  0.0000e+00     1.8975e-01  0.0000e+00     8.2284e-03  0.0000e+00     5.5085e-02  0.0000e+00 
7.5114e+00     9.2850e-03  0.0000e+00     6.9743e-02  0.0000e+00     3.0243e-03  0.0000e+00     2.2717e-02  0.0000e+00 
8.4279e+00     2.7836e-02  0.0000e+00     2.3460e-01  0.0000e+00     1.0173e-02  0.0000e+00     8.5737e-02  0.0000e+00 
9.4563e+00     2.6530e-02  0.0000e+00     2.5087e-01  0.0000e+00     1.0879e-02  0.0000e+00     1.0287e-01  0.0000e+00 
1.0610e+01     3.3519e-02  0.0000e+00     3.5563e-01  0.0000e+00     1.5422e-02  0.0000e+00     1.6363e-01  0.0000e+00 
1.1905e+01     2.7670e-02  0.0000e+00     3.2940e-01  0.0000e+00     1.4284e-02  0.0000e+00     1.7005e-01  0.0000e+00 
1.3357e+01     2.4447e-02  0.0000e+00     3.2655e-01  0.0000e+00     1.4160e-02  0.0000e+00     1.8915e-01  0.0000e+00 
1.4987e+01     1.9563e-02  0.0000e+00     2.9319e-01  0.0000e+00     1.2714e-02  0.0000e+00     1.9054e-01  0.0000e+00 
1.6816e+01     1.7282e-02  0.0000e+00     2.9061e-01  0.0000e+00     1.2602e-02  0.0000e+00     2.1191e-01  0.0000e+00 
1.8868e+01     1.7448e-02  0.0000e+00     3.2920e-01  0.0000e+00     1.4275e-02  0.0000e+00     2.6935e-01  0.0000e+00 
2.1170e+01     1.7746e-02  0.0000e+00     3.7568e-01  0.0000e+00     1.6291e-02  0.0000e+00     3.4488e-01  0.0000e+00 
2.3753e+01     1.6882e-02  0.0000e+00     4.0100e-01  0.0000e+00     1.7389e-02  0.0000e+00     4.1304e-01  0.0000e+00 
2.6651e+01     1.4419e-02  0.0000e+00     3.8428e-01  0.0000e+00     1.6664e-02  0.0000e+00     4.4411e-01  0.0000e+00 
2.9903e+01     1.2210e-02  0.0000e+00     3.6513e-01  0.0000e+00     1.5833e-02  0.0000e+00     4.7346e-01  0.0000e+00 
3.3552e+01     1.1184e-02  0.0000e+00     3.7526e-01  0.0000e+00     1.6273e-02  0.0000e+00     5.4598e-01  0.0000e+00 
3.7646e+01     9.5182e-03  0.0000e+00     3.5832e-01  0.0000e+00     1.5538e-02  0.0000e+00     5.8495e-01  0.0000e+00 
4.2240e+01     7.8110e-03  0.0000e+00     3.2993e-01  0.0000e+00     1.4307e-02  0.0000e+00     6.0433e-01  0.0000e+00 
4.7394e+01     6.3905e-03  0.0000e+00     3.0287e-01  0.0000e+00     1.3134e-02  0.0000e+00     6.2245e-01  0.0000e+00 
5.3176e+01     4.9159e-03  0.0000e+00     2.6141e-01  0.0000e+00     1.1336e-02  0.0000e+00     6.0279e-01  0.0000e+00 
5.9665e+01     3.6888e-03  0.0000e+00     2.2009e-01  0.0000e+00     9.5440e-03  0.0000e+00     5.6944e-01  0.0000e+00 
6.6945e+01     2.6190e-03  0.0000e+00     1.7533e-01  0.0000e+00     7.6029e-03  0.0000e+00     5.0897e-01  0.0000e+00 
7.5114e+01     1.7663e-03  0.0000e+00     1.3268e-01  0.0000e+00     5.7533e-03  0.0000e+00     4.3215e-01  0.0000e+00 
8.4279e+01     1.1303e-03  0.0000e+00     9.5264e-02  0.0000e+00     4.1310e-03  0.0000e+00     3.4816e-01  0.0000e+00 
9.4563e+01     6.5969e-04  0.0000e+00     6.2382e-02  0.0000e+00     2.7051e-03  0.0000e+00     2.5580e-01  0.0000e+00 
1.0610e+02     3.6178e-04  0.0000e+00     3.8385e-02  0.0000e+00     1.6645e-03  0.0000e+00     1.7661e-01  0.0000e+00 
1.1905e+02     1.7717e-04  0.0000e+00     2.1092e-02  0.0000e+00     9.1461e-04  0.0000e+00     1.0888e-01  0.0000e+00 
1.3357e+02     7.9087e-05  0.0000e+00     1.0564e-02  0.0000e+00     4.5809e-04  0.0000e+00     6.1188e-02  0.0000e+00 
1.4987e+02     2.6966e-05  0.0000e+00     4.0415e-03  0.0000e+00     1.7525e-04  0.0000e+00     2.6266e-02  0.0000e+00 
1.6816e+02     1.0139e-05  0.0000e+00     1.7050e-03  0.0000e+00     7.3936e-05  0.0000e+00     1.2433e-02  0.0000e+00 
1.8868e+02     2.6297e-06  0.0000e+00     4.9617e-04  0.0000e+00     2.1516e-05  0.0000e+00     4.0595e-03  0.0000e+00 
2.1170e+02     4.2613e-07  0.0000e+00     9.0212e-05  0.0000e+00     3.9119e-06  0.0000e+00     8.2815e-04  0.0000e+00 
2.3753e+02     1.5192e-07  0.0000e+00     3.6085e-05  0.0000e+00     1.5648e-06  0.0000e+00     3.7168e-04  0.0000e+00 
2.6651e+02     0.0000e+00  0.0000e+00     0.0000e+00  0.0000e+00     0.0000e+00  0.0000e+00     0.0000e+00  0.0000e+00 
2.9903e+02     0.0000e+00  0.0000e+00     0.0000e+00  0.0000e+00     0.0000e+00  0.0000e+00     0.0000e+00  0.0000e+00 
3.3552e+02     0.0000e+00  0.0000e+00     0.0000e+00  0.0000e+00     0.0000e+00  0.0000e+00     0.0000e+00  0.0000e+00 
3.7646e+02     0.0000e+00  0.0000e+00     0.0000e+00  0.0000e+00     0.0000e+00  0.0000e+00     0.0000e+00  0.0000e+00 
4.2240e+02     0.0000e+00  0.0000e+00     0.0000e+00  0.0000e+00     0.0000e+00  0.0000e+00     0.0000e+00  0.0000e+00 
4.7394e+02     0.0000e+00  0.0000e+00     0.0000e+00  0.0000e+00     0.0000e+00  0.0000e+00     0.0000e+00  0.0000e+00 
5.3176e+02     0.0000e+00  0.0000e+00     0.0000e+00  0.0000e+00     0.0000e+00  0.0000e+00     0.0000e+00  0.0000e+00 
5.9665e+02     0.0000e+00  0.0000e+00     0.0000e+00  0.0000e+00     0.0000e+00  0.0000e+00     0.0000e+00  0.0000e+00 
6.6945e+02     0.0000e+00  0.0000e+00     0.0000e+00  0.0000e+00     0.0000e+00  0.0000e+00     0.0000e+00  0.0000e+00 
7.5114e+02     0.0000e+00  0.0000e+00     0.0000e+00  0.0000e+00     0.0000e+00  0.0000e+00     0.0000e+00  0.0000e+00 
8.4279e+02     0.0000e+00  0.0000e+00     0.0000e+00  0.0000e+00     0.0000e+00  0.0000e+00     0.0000e+00  0.0000e+00 
9.4563e+02     0.0000e+00  0.0000e+00     0.0000e+00  0.0000e+00     0.0000e+00  0.0000e+00     0.0000e+00  0.0000e+00 
1.0610e+03     0.0000e+00  0.0000e+00     0.0000e+00  0.0000e+00     0.0000e+00  0.0000e+00     0.0000e+00  0.0000e+00 
1.1905e+03     0.0000e+00  0.0000e+00     0.0000e+00  0.0000e+00     0.0000e+00  0.0000e+00     0.0000e+00  0.0000e+00 
1.3357e+03     0.0000e+00  0.0000e+00     0.0000e+00  0.0000e+00     0.0000e+00  0.0000e+00     0.0000e+00  0.0000e+00 
1.4987e+03     0.0000e+00  0.0000e+00     0.0000e+00  0.0000e+00     0.0000e+00  0.0000e+00     0.0000e+00  0.0000e+00 
1.6816e+03     0.0000e+00  0.0000e+00     0.0000e+00  0.0000e+00     0.0000e+00  0.0000e+00     0.0000e+00  0.0000e+00 
1.8868e+03     0.0000e+00  0.0000e+00     0.0000e+00  0.0000e+00     0.0000e+00  0.0000e+00     0.0000e+00  0.0000e+00 
2.1170e+03     0.0000e+00  0.0000e+00     0.0000e+00  0.0000e+00     0.0000e+00  0.0000e+00     0.0000e+00  0.0000e+00 
2.3753e+03     0.0000e+00  0.0000e+00     0.0000e+00  0.0000e+00     0.0000e+00  0.0000e+00     0.0000e+00  0.0000e+00 
2.6651e+03     0.0000e+00  0.0000e+00     0.0000e+00  0.0000e+00     0.0000e+00  0.0000e+00     0.0000e+00  0.0000e+00 
2.9903e+03     0.0000e+00  0.0000e+00     0.0000e+00  0.0000e+00     0.0000e+00  0.0000e+00     0.0000e+00  0.0000e+00 
3.3552e+03     0.0000e+00  0.0000e+00     0.0000e+00  0.0000e+00     0.0000e+00  0.0000e+00     0.0000e+00  0.0000e+00 
3.7646e+03     0.0000e+00  0.0000e+00     0.0000e+00  0.0000e+00     0.0000e+00  0.0000e+00     0.0000e+00  0.0000e+00 
4.2240e+03     0.0000e+00  0.0000e+00     0.0000e+00  0.0000e+00     0.0000e+00  0.0000e+00     0.0000e+00  0.0000e+00 
4.7394e+03     0.0000e+00  0.0000e+00     0.0000e+00  0.0000e+00     0.0000e+00  0.0000e+00     0.0000e+00  0.0000e+00 
5.3176e+03     0.0000e+00  0.0000e+00     0.0000e+00  0.0000e+00     0.0000e+00  0.0000e+00     0.0000e+00  0.0000e+00 
5.9665e+03     0.0000e+00  0.0000e+00     0.0000e+00  0.0000e+00     0.0000e+00  0.0000e+00     0.0000e+00  0.0000e+00 
6.6945e+03     0.0000e+00  0.0000e+00     0.0000e+00  0.0000e+00     0.0000e+00  0.0000e+00     0.0000e+00  0.0000e+00 
7.5114e+03     0.0000e+00  0.0000e+00     0.0000e+00  0.0000e+00     0.0000e+00  0.0000e+00     0.0000e+00  0.0000e+00 
8.4279e+03     0.0000e+00  0.0000e+00     0.0000e+00  0.0000e+00     0.0000e+00  0.0000e+00     0.0000e+00  0.0000e+00 
9.4563e+03     0.0000e+00  0.0000e+00     0.0000e+00  0.0000e+00     0.0000e+00  0.0000e+00     0.0000e+00  0.0000e+00 
