yF = 1.6009e+01 (std: 0.0000e+00) keV/um
yD = 2.5807e+01 (std: 0.0000e+00) keV/um
y (keV/um)     f(y)(std)                  yf(y)(std)                 d(y)(std)                  yd(y)(std)  
1.0610e-01     8.0185e+00  0.0000e+00     8.5077e-01  0.0000e+00     5.3142e-02  0.0000e+00     5.6384e-03  0.0000e+00 
1.1905e-01     4.4111e-01  0.0000e+00     5.2513e-02  0.0000e+00     3.2802e-03  0.0000e+00     3.9049e-04  0.0000e+00 
1.3357e-01     1.2204e-01  0.0000e+00     1.6302e-02  0.0000e+00     1.0183e-03  0.0000e+00     1.3601e-04  0.0000e+00 
1.4987e-01     6.1028e-01  0.0000e+00     9.1464e-02  0.0000e+00     5.7131e-03  0.0000e+00     8.5624e-04  0.0000e+00 
1.6816e-01     1.6862e-01  0.0000e+00     2.8354e-02  0.0000e+00     1.7711e-03  0.0000e+00     2.9783e-04  0.0000e+00 
1.8868e-01     1.0049e-01  0.0000e+00     1.8961e-02  0.0000e+00     1.1844e-03  0.0000e+00     2.2346e-04  0.0000e+00 
2.1170e-01     1.1418e-01  0.0000e+00     2.4172e-02  0.0000e+00     1.5099e-03  0.0000e+00     3.1964e-04  0.0000e+00 
2.3753e-01     1.0446e-01  0.0000e+00     2.4814e-02  0.0000e+00     1.5499e-03  0.0000e+00     3.6816e-04  0.0000e+00 
2.6651e-01     4.7329e-02  0.0000e+00     1.2614e-02  0.0000e+00     7.8790e-04  0.0000e+00     2.0999e-04  0.0000e+00 
2.9903e-01     3.6954e-02  0.0000e+00     1.1050e-02  0.0000e+00     6.9025e-04  0.0000e+00     2.0641e-04  0.0000e+00 
3.3552e-01     1.9956e-01  0.0000e+00     6.6958e-02  0.0000e+00     4.1824e-03  0.0000e+00     1.4033e-03  0.0000e+00 
3.7646e-01     1.1159e-01  0.0000e+00     4.2011e-02  0.0000e+00     2.6241e-03  0.0000e+00     9.8788e-04  0.0000e+00 
4.2240e-01     5.2007e-02  0.0000e+00     2.1967e-02  0.0000e+00     1.3722e-03  0.0000e+00     5.7959e-04  0.0000e+00 
4.7394e-01     4.9734e-02  0.0000e+00     2.3571e-02  0.0000e+00     1.4723e-03  0.0000e+00     6.9778e-04  0.0000e+00 
5.3176e-01     3.0631e-02  0.0000e+00     1.6288e-02  0.0000e+00     1.0174e-03  0.0000e+00     5.4103e-04  0.0000e+00 
5.9665e-01     1.6886e-02  0.0000e+00     1.0075e-02  0.0000e+00     6.2932e-04  0.0000e+00     3.7548e-04  0.0000e+00 
6.6945e-01     2.2315e-02  0.0000e+00     1.4939e-02  0.0000e+00     9.3313e-04  0.0000e+00     6.2469e-04  0.0000e+00 
7.5114e-01     2.0653e-02  0.0000e+00     1.5513e-02  0.0000e+00     9.6902e-04  0.0000e+00     7.2787e-04  0.0000e+00 
8.4279e-01     9.8299e-03  0.0000e+00     8.2845e-03  0.0000e+00     5.1748e-04  0.0000e+00     4.3613e-04  0.0000e+00 
9.4563e-01     5.6522e-03  0.0000e+00     5.3449e-03  0.0000e+00     3.3386e-04  0.0000e+00     3.1570e-04  0.0000e+00 
1.0610e+00     4.6597e-03  0.0000e+00     4.9440e-03  0.0000e+00     3.0882e-04  0.0000e+00     3.2766e-04  0.0000e+00 
1.1905e+00     2.1102e-03  0.0000e+00     2.5121e-03  0.0000e+00     1.5691e-04  0.0000e+00     1.8680e-04  0.0000e+00 
1.3357e+00     1.3905e-03  0.0000e+00     1.8573e-03  0.0000e+00     1.1602e-04  0.0000e+00     1.5497e-04  0.0000e+00 
1.4987e+00     7.2217e-04  0.0000e+00     1.0823e-03  0.0000e+00     6.7606e-05  0.0000e+00     1.0132e-04  0.0000e+00 
1.6816e+00     3.3374e-04  0.0000e+00     5.6121e-04  0.0000e+00     3.5055e-05  0.0000e+00     5.8948e-05  0.0000e+00 
1.8868e+00     1.2748e-04  0.0000e+00     2.4052e-04  0.0000e+00     1.5024e-05  0.0000e+00     2.8346e-05  0.0000e+00 
2.1170e+00     1.8936e-05  0.0000e+00     4.0086e-05  0.0000e+00     2.5039e-06  0.0000e+00     5.3008e-06  0.0000e+00 
2.3753e+00     3.3753e-05  0.0000e+00     8.0173e-05  0.0000e+00     5.0079e-06  0.0000e+00     1.1895e-05  0.0000e+00 
2.6651e+00     5.0137e-06  0.0000e+00     1.3362e-05  0.0000e+00     8.3465e-07  0.0000e+00     2.2244e-06  0.0000e+00 
2.9903e+00     8.9369e-06  0.0000e+00     2.6724e-05  0.0000e+00     1.6693e-06  0.0000e+00     4.9917e-06  0.0000e+00 
3.3552e+00     0.0000e+00  0.0000e+00     0.0000e+00  0.0000e+00     0.0000e+00  0.0000e+00     0.0000e+00  0.0000e+00 
3.7646e+00     0.0000e+00  0.0000e+00     0.0000e+00  0.0000e+00     0.0000e+00  0.0000e+00     0.0000e+00  0.0000e+00 
4.2240e+00     0.0000e+00  0.0000e+00     0.0000e+00  0.0000e+00     0.0000e+00  0.0000e+00     0.0000e+00  0.0000e+00 
4.7394e+00     0.0000e+00  0.0000e+00     0.0000e+00  0.0000e+00     0.0000e+00  0.0000e+00     0.0000e+00  0.0000e+00 
5.3176e+00     0.0000e+00  0.0000e+00     0.0000e+00  0.0000e+00     0.0000e+00  0.0000e+00     0.0000e+00  0.0000e+00 
5.9665e+00     8.7969e-03  0.0000e+00     5.2486e-02  0.0000e+00     3.2785e-03  0.0000e+00     1.9561e-02  0.0000e+00 
6.6945e+00     6.2654e-03  0.0000e+00     4.1944e-02  0.0000e+00     2.6200e-03  0.0000e+00     1.7539e-02  0.0000e+00 
7.5114e+00     5.0006e-03  0.0000e+00     3.7561e-02  0.0000e+00     2.3462e-03  0.0000e+00     1.7623e-02  0.0000e+00 
8.4279e+00     1.3002e-01  0.0000e+00     1.0958e+00  0.0000e+00     6.8448e-02  0.0000e+00     5.7687e-01  0.0000e+00 
9.4563e+00     2.7797e-02  0.0000e+00     2.6286e-01  0.0000e+00     1.6419e-02  0.0000e+00     1.5526e-01  0.0000e+00 
1.0610e+01     8.7197e-02  0.0000e+00     9.2517e-01  0.0000e+00     5.7789e-02  0.0000e+00     6.1315e-01  0.0000e+00 
1.1905e+01     4.3613e-02  0.0000e+00     5.1920e-01  0.0000e+00     3.2431e-02  0.0000e+00     3.8608e-01  0.0000e+00 
1.3357e+01     3.6978e-02  0.0000e+00     4.9393e-01  0.0000e+00     3.0853e-02  0.0000e+00     4.1211e-01  0.0000e+00 
1.4987e+01     2.0521e-02  0.0000e+00     3.0756e-01  0.0000e+00     1.9211e-02  0.0000e+00     2.8792e-01  0.0000e+00 
1.6816e+01     1.9683e-02  0.0000e+00     3.3098e-01  0.0000e+00     2.0674e-02  0.0000e+00     3.4765e-01  0.0000e+00 
1.8868e+01     2.2677e-02  0.0000e+00     4.2787e-01  0.0000e+00     2.6726e-02  0.0000e+00     5.0426e-01  0.0000e+00 
2.1170e+01     2.7000e-02  0.0000e+00     5.7159e-01  0.0000e+00     3.5704e-02  0.0000e+00     7.5584e-01  0.0000e+00 
2.3753e+01     2.8190e-02  0.0000e+00     6.6959e-01  0.0000e+00     4.1825e-02  0.0000e+00     9.9347e-01  0.0000e+00 
2.6651e+01     1.2360e-02  0.0000e+00     3.2940e-01  0.0000e+00     2.0576e-02  0.0000e+00     5.4837e-01  0.0000e+00 
2.9903e+01     1.2913e-02  0.0000e+00     3.8614e-01  0.0000e+00     2.4120e-02  0.0000e+00     7.2125e-01  0.0000e+00 
3.3552e+01     8.2048e-03  0.0000e+00     2.7529e-01  0.0000e+00     1.7195e-02  0.0000e+00     5.7694e-01  0.0000e+00 
3.7646e+01     5.5783e-03  0.0000e+00     2.1000e-01  0.0000e+00     1.3117e-02  0.0000e+00     4.9381e-01  0.0000e+00 
4.2240e+01     3.7645e-03  0.0000e+00     1.5901e-01  0.0000e+00     9.9323e-03  0.0000e+00     4.1953e-01  0.0000e+00 
4.7394e+01     1.8966e-03  0.0000e+00     8.9887e-02  0.0000e+00     5.6147e-03  0.0000e+00     2.6610e-01  0.0000e+00 
5.3176e+01     8.8174e-04  0.0000e+00     4.6888e-02  0.0000e+00     2.9288e-03  0.0000e+00     1.5574e-01  0.0000e+00 
5.9665e+01     6.3289e-04  0.0000e+00     3.7761e-02  0.0000e+00     2.3587e-03  0.0000e+00     1.4073e-01  0.0000e+00 
6.6945e+01     3.7944e-04  0.0000e+00     2.5401e-02  0.0000e+00     1.5867e-03  0.0000e+00     1.0622e-01  0.0000e+00 
7.5114e+01     2.2023e-04  0.0000e+00     1.6542e-02  0.0000e+00     1.0333e-03  0.0000e+00     7.7614e-02  0.0000e+00 
8.4279e+01     1.1701e-04  0.0000e+00     9.8613e-03  0.0000e+00     6.1597e-04  0.0000e+00     5.1913e-02  0.0000e+00 
9.4563e+01     4.1120e-05  0.0000e+00     3.8884e-03  0.0000e+00     2.4288e-04  0.0000e+00     2.2968e-02  0.0000e+00 
1.0610e+02     1.0201e-05  0.0000e+00     1.0823e-03  0.0000e+00     6.7606e-05  0.0000e+00     7.1731e-03  0.0000e+00 
1.1905e+02     3.3673e-06  0.0000e+00     4.0086e-04  0.0000e+00     2.5039e-05  0.0000e+00     2.9809e-03  0.0000e+00 
1.3357e+02     4.0014e-07  0.0000e+00     5.3449e-05  0.0000e+00     3.3386e-06  0.0000e+00     4.4594e-04  0.0000e+00 
1.4987e+02     8.9157e-08  0.0000e+00     1.3362e-05  0.0000e+00     8.3465e-07  0.0000e+00     1.2509e-04  0.0000e+00 
1.6816e+02     0.0000e+00  0.0000e+00     0.0000e+00  0.0000e+00     0.0000e+00  0.0000e+00     0.0000e+00  0.0000e+00 
1.8868e+02     0.0000e+00  0.0000e+00     0.0000e+00  0.0000e+00     0.0000e+00  0.0000e+00     0.0000e+00  0.0000e+00 
2.1170e+02     0.0000e+00  0.0000e+00     0.0000e+00  0.0000e+00     0.0000e+00  0.0000e+00     0.0000e+00  0.0000e+00 
2.3753e+02     0.0000e+00  0.0000e+00     0.0000e+00  0.0000e+00     0.0000e+00  0.0000e+00     0.0000e+00  0.0000e+00 
2.6651e+02     0.0000e+00  0.0000e+00     0.0000e+00  0.0000e+00     0.0000e+00  0.0000e+00     0.0000e+00  0.0000e+00 
2.9903e+02     0.0000e+00  0.0000e+00     0.0000e+00  0.0000e+00     0.0000e+00  0.0000e+00     0.0000e+00  0.0000e+00 
3.3552e+02     0.0000e+00  0.0000e+00     0.0000e+00  0.0000e+00     0.0000e+00  0.0000e+00     0.0000e+00  0.0000e+00 
3.7646e+02     0.0000e+00  0.0000e+00     0.0000e+00  0.0000e+00     0.0000e+00  0.0000e+00     0.0000e+00  0.0000e+00 
4.2240e+02     0.0000e+00  0.0000e+00     0.0000e+00  0.0000e+00     0.0000e+00  0.0000e+00     0.0000e+00  0.0000e+00 
4.7394e+02     0.0000e+00  0.0000e+00     0.0000e+00  0.0000e+00     0.0000e+00  0.0000e+00     0.0000e+00  0.0000e+00 
5.3176e+02     0.0000e+00  0.0000e+00     0.0000e+00  0.0000e+00     0.0000e+00  0.0000e+00     0.0000e+00  0.0000e+00 
5.9665e+02     0.0000e+00  0.0000e+00     0.0000e+00  0.0000e+00     0.0000e+00  0.0000e+00     0.0000e+00  0.0000e+00 
6.6945e+02     0.0000e+00  0.0000e+00     0.0000e+00  0.0000e+00     0.0000e+00  0.0000e+00     0.0000e+00  0.0000e+00 
7.5114e+02     0.0000e+00  0.0000e+00     0.0000e+00  0.0000e+00     0.0000e+00  0.0000e+00     0.0000e+00  0.0000e+00 
8.4279e+02     0.0000e+00  0.0000e+00     0.0000e+00  0.0000e+00     0.0000e+00  0.0000e+00     0.0000e+00  0.0000e+00 
9.4563e+02     0.0000e+00  0.0000e+00     0.0000e+00  0.0000e+00     0.0000e+00  0.0000e+00     0.0000e+00  0.0000e+00 
1.0610e+03     0.0000e+00  0.0000e+00     0.0000e+00  0.0000e+00     0.0000e+00  0.0000e+00     0.0000e+00  0.0000e+00 
1.1905e+03     0.0000e+00  0.0000e+00     0.0000e+00  0.0000e+00     0.0000e+00  0.0000e+00     0.0000e+00  0.0000e+00 
1.3357e+03     0.0000e+00  0.0000e+00     0.0000e+00  0.0000e+00     0.0000e+00  0.0000e+00     0.0000e+00  0.0000e+00 
1.4987e+03     0.0000e+00  0.0000e+00     0.0000e+00  0.0000e+00     0.0000e+00  0.0000e+00     0.0000e+00  0.0000e+00 
1.6816e+03     0.0000e+00  0.0000e+00     0.0000e+00  0.0000e+00     0.0000e+00  0.0000e+00     0.0000e+00  0.0000e+00 
1.8868e+03     0.0000e+00  0.0000e+00     0.0000e+00  0.0000e+00     0.0000e+00  0.0000e+00     0.0000e+00  0.0000e+00 
2.1170e+03     0.0000e+00  0.0000e+00     0.0000e+00  0.0000e+00     0.0000e+00  0.0000e+00     0.0000e+00  0.0000e+00 
2.3753e+03     0.0000e+00  0.0000e+00     0.0000e+00  0.0000e+00     0.0000e+00  0.0000e+00     0.0000e+00  0.0000e+00 
2.6651e+03     0.0000e+00  0.0000e+00     0.0000e+00  0.0000e+00     0.0000e+00  0.0000e+00     0.0000e+00  0.0000e+00 
2.9903e+03     0.0000e+00  0.0000e+00     0.0000e+00  0.0000e+00     0.0000e+00  0.0000e+00     0.0000e+00  0.0000e+00 
3.3552e+03     0.0000e+00  0.0000e+00     0.0000e+00  0.0000e+00     0.0000e+00  0.0000e+00     0.0000e+00  0.0000e+00 
3.7646e+03     0.0000e+00  0.0000e+00     0.0000e+00  0.0000e+00     0.0000e+00  0.0000e+00     0.0000e+00  0.0000e+00 
4.2240e+03     0.0000e+00  0.0000e+00     0.0000e+00  0.0000e+00     0.0000e+00  0.0000e+00     0.0000e+00  0.0000e+00 
4.7394e+03     0.0000e+00  0.0000e+00     0.0000e+00  0.0000e+00     0.0000e+00  0.0000e+00     0.0000e+00  0.0000e+00 
5.3176e+03     0.0000e+00  0.0000e+00     0.0000e+00  0.0000e+00     0.0000e+00  0.0000e+00     0.0000e+00  0.0000e+00 
5.9665e+03     0.0000e+00  0.0000e+00     0.0000e+00  0.0000e+00     0.0000e+00  0.0000e+00     0.0000e+00  0.0000e+00 
6.6945e+03     0.0000e+00  0.0000e+00     0.0000e+00  0.0000e+00     0.0000e+00  0.0000e+00     0.0000e+00  0.0000e+00 
7.5114e+03     0.0000e+00  0.0000e+00     0.0000e+00  0.0000e+00     0.0000e+00  0.0000e+00     0.0000e+00  0.0000e+00 
8.4279e+03     0.0000e+00  0.0000e+00     0.0000e+00  0.0000e+00     0.0000e+00  0.0000e+00     0.0000e+00  0.0000e+00 
9.4563e+03     0.0000e+00  0.0000e+00     0.0000e+00  0.0000e+00     0.0000e+00  0.0000e+00     0.0000e+00  0.0000e+00 
