yF = 3.8212e+00 (std: 0.0000e+00) keV/um
yD = 2.1521e+01 (std: 0.0000e+00) keV/um
y (keV/um)     f(y)(std)                  yf(y)(std)                 d(y)(std)                  yd(y)(std)  
1.0610e-01     2.6644e+01  0.0000e+00     2.8269e+00  0.0000e+00     7.3981e-01  0.0000e+00     7.8494e-02  0.0000e+00 
1.1905e-01     1.8266e+00  0.0000e+00     2.1746e-01  0.0000e+00     5.6908e-02  0.0000e+00     6.7748e-03  0.0000e+00 
1.3357e-01     6.5944e-01  0.0000e+00     8.8083e-02  0.0000e+00     2.3052e-02  0.0000e+00     3.0791e-03  0.0000e+00 
1.4987e-01     3.0121e+00  0.0000e+00     4.5143e-01  0.0000e+00     1.1814e-01  0.0000e+00     1.7706e-02  0.0000e+00 
1.6816e-01     8.8393e-01  0.0000e+00     1.4864e-01  0.0000e+00     3.8899e-02  0.0000e+00     6.5413e-03  0.0000e+00 
1.8868e-01     5.9815e-01  0.0000e+00     1.1286e-01  0.0000e+00     2.9535e-02  0.0000e+00     5.5725e-03  0.0000e+00 
2.1170e-01     4.6809e-01  0.0000e+00     9.9094e-02  0.0000e+00     2.5933e-02  0.0000e+00     5.4900e-03  0.0000e+00 
2.3753e-01     6.0260e-01  0.0000e+00     1.4314e-01  0.0000e+00     3.7459e-02  0.0000e+00     8.8976e-03  0.0000e+00 
2.6651e-01     2.5821e-01  0.0000e+00     6.8815e-02  0.0000e+00     1.8009e-02  0.0000e+00     4.7996e-03  0.0000e+00 
2.9903e-01     2.4854e-01  0.0000e+00     7.4320e-02  0.0000e+00     1.9450e-02  0.0000e+00     5.8161e-03  0.0000e+00 
3.3552e-01     1.5752e+00  0.0000e+00     5.2850e-01  0.0000e+00     1.3831e-01  0.0000e+00     4.6406e-02  0.0000e+00 
3.7646e-01     1.0675e+00  0.0000e+00     4.0188e-01  0.0000e+00     1.0517e-01  0.0000e+00     3.9593e-02  0.0000e+00 
4.2240e-01     3.5190e-01  0.0000e+00     1.4864e-01  0.0000e+00     3.8899e-02  0.0000e+00     1.6431e-02  0.0000e+00 
4.7394e-01     4.6464e-01  0.0000e+00     2.2021e-01  0.0000e+00     5.7629e-02  0.0000e+00     2.7312e-02  0.0000e+00 
5.3176e-01     2.1223e-01  0.0000e+00     1.1286e-01  0.0000e+00     2.9535e-02  0.0000e+00     1.5706e-02  0.0000e+00 
5.9665e-01     2.0760e-01  0.0000e+00     1.2387e-01  0.0000e+00     3.2416e-02  0.0000e+00     1.9341e-02  0.0000e+00 
6.6945e-01     2.1381e-01  0.0000e+00     1.4314e-01  0.0000e+00     3.7459e-02  0.0000e+00     2.5077e-02  0.0000e+00 
7.5114e-01     1.8323e-01  0.0000e+00     1.3763e-01  0.0000e+00     3.6018e-02  0.0000e+00     2.7054e-02  0.0000e+00 
8.4279e-01     1.1431e-01  0.0000e+00     9.6341e-02  0.0000e+00     2.5213e-02  0.0000e+00     2.1249e-02  0.0000e+00 
9.4563e-01     4.9485e-02  0.0000e+00     4.6794e-02  0.0000e+00     1.2246e-02  0.0000e+00     1.1580e-02  0.0000e+00 
1.0610e+00     2.8538e-02  0.0000e+00     3.0279e-02  0.0000e+00     7.9240e-03  0.0000e+00     8.4074e-03  0.0000e+00 
1.1905e+00     2.7746e-02  0.0000e+00     3.3031e-02  0.0000e+00     8.6443e-03  0.0000e+00     1.0291e-02  0.0000e+00 
1.3357e+00     1.2364e-02  0.0000e+00     1.6516e-02  0.0000e+00     4.3222e-03  0.0000e+00     5.7732e-03  0.0000e+00 
1.4987e+00     3.6733e-03  0.0000e+00     5.5052e-03  0.0000e+00     1.4407e-03  0.0000e+00     2.1592e-03  0.0000e+00 
1.6816e+00     8.1846e-03  0.0000e+00     1.3763e-02  0.0000e+00     3.6018e-03  0.0000e+00     6.0567e-03  0.0000e+00 
1.8868e+00     1.4589e-03  0.0000e+00     2.7526e-03  0.0000e+00     7.2036e-04  0.0000e+00     1.3592e-03  0.0000e+00 
2.1170e+00     0.0000e+00  0.0000e+00     0.0000e+00  0.0000e+00     0.0000e+00  0.0000e+00     0.0000e+00  0.0000e+00 
2.3753e+00     0.0000e+00  0.0000e+00     0.0000e+00  0.0000e+00     0.0000e+00  0.0000e+00     0.0000e+00  0.0000e+00 
2.6651e+00     0.0000e+00  0.0000e+00     0.0000e+00  0.0000e+00     0.0000e+00  0.0000e+00     0.0000e+00  0.0000e+00 
2.9903e+00     0.0000e+00  0.0000e+00     0.0000e+00  0.0000e+00     0.0000e+00  0.0000e+00     0.0000e+00  0.0000e+00 
3.3552e+00     0.0000e+00  0.0000e+00     0.0000e+00  0.0000e+00     0.0000e+00  0.0000e+00     0.0000e+00  0.0000e+00 
3.7646e+00     0.0000e+00  0.0000e+00     0.0000e+00  0.0000e+00     0.0000e+00  0.0000e+00     0.0000e+00  0.0000e+00 
4.2240e+00     0.0000e+00  0.0000e+00     0.0000e+00  0.0000e+00     0.0000e+00  0.0000e+00     0.0000e+00  0.0000e+00 
4.7394e+00     0.0000e+00  0.0000e+00     0.0000e+00  0.0000e+00     0.0000e+00  0.0000e+00     0.0000e+00  0.0000e+00 
5.3176e+00     0.0000e+00  0.0000e+00     0.0000e+00  0.0000e+00     0.0000e+00  0.0000e+00     0.0000e+00  0.0000e+00 
5.9665e+00     1.2318e-01  0.0000e+00     7.3495e-01  0.0000e+00     1.9234e-01  0.0000e+00     1.1476e+00  0.0000e+00 
6.6945e+00     2.4259e-02  0.0000e+00     1.6240e-01  0.0000e+00     4.2501e-02  0.0000e+00     2.8453e-01  0.0000e+00 
7.5114e+00     5.4969e-03  0.0000e+00     4.1289e-02  0.0000e+00     1.0805e-02  0.0000e+00     8.1163e-02  0.0000e+00 
8.4279e+00     2.3516e-02  0.0000e+00     1.9819e-01  0.0000e+00     5.1866e-02  0.0000e+00     4.3712e-01  0.0000e+00 
9.4563e+00     1.5137e-02  0.0000e+00     1.4314e-01  0.0000e+00     3.7459e-02  0.0000e+00     3.5422e-01  0.0000e+00 
1.0610e+01     1.9457e-02  0.0000e+00     2.0645e-01  0.0000e+00     5.4027e-02  0.0000e+00     5.7323e-01  0.0000e+00 
1.1905e+01     1.4567e-02  0.0000e+00     1.7341e-01  0.0000e+00     4.5383e-02  0.0000e+00     5.4027e-01  0.0000e+00 
1.3357e+01     1.1952e-02  0.0000e+00     1.5965e-01  0.0000e+00     4.1781e-02  0.0000e+00     5.5808e-01  0.0000e+00 
1.4987e+01     5.8773e-03  0.0000e+00     8.8083e-02  0.0000e+00     2.3052e-02  0.0000e+00     3.4548e-01  0.0000e+00 
1.6816e+01     3.6012e-03  0.0000e+00     6.0557e-02  0.0000e+00     1.5848e-02  0.0000e+00     2.6650e-01  0.0000e+00 
1.8868e+01     2.3342e-03  0.0000e+00     4.4042e-02  0.0000e+00     1.1526e-02  0.0000e+00     2.1746e-01  0.0000e+00 
2.1170e+01     2.9906e-03  0.0000e+00     6.3310e-02  0.0000e+00     1.6568e-02  0.0000e+00     3.5075e-01  0.0000e+00 
2.3753e+01     2.8971e-03  0.0000e+00     6.8815e-02  0.0000e+00     1.8009e-02  0.0000e+00     4.2777e-01  0.0000e+00 
2.6651e+01     1.5492e-03  0.0000e+00     4.1289e-02  0.0000e+00     1.0805e-02  0.0000e+00     2.8798e-01  0.0000e+00 
2.9903e+01     1.5649e-03  0.0000e+00     4.6794e-02  0.0000e+00     1.2246e-02  0.0000e+00     3.6620e-01  0.0000e+00 
3.3552e+01     1.0665e-03  0.0000e+00     3.5784e-02  0.0000e+00     9.3647e-03  0.0000e+00     3.1420e-01  0.0000e+00 
3.7646e+01     1.1699e-03  0.0000e+00     4.4042e-02  0.0000e+00     1.1526e-02  0.0000e+00     4.3390e-01  0.0000e+00 
4.2240e+01     6.5167e-04  0.0000e+00     2.7526e-02  0.0000e+00     7.2036e-03  0.0000e+00     3.0428e-01  0.0000e+00 
4.7394e+01     5.2272e-04  0.0000e+00     2.4773e-02  0.0000e+00     6.4832e-03  0.0000e+00     3.0726e-01  0.0000e+00 
5.3176e+01     1.5529e-04  0.0000e+00     8.2578e-03  0.0000e+00     2.1611e-03  0.0000e+00     1.1492e-01  0.0000e+00 
5.9665e+01     2.7681e-04  0.0000e+00     1.6516e-02  0.0000e+00     4.3222e-03  0.0000e+00     2.5788e-01  0.0000e+00 
6.6945e+01     0.0000e+00  0.0000e+00     0.0000e+00  0.0000e+00     0.0000e+00  0.0000e+00     0.0000e+00  0.0000e+00 
7.5114e+01     7.3292e-05  0.0000e+00     5.5052e-03  0.0000e+00     1.4407e-03  0.0000e+00     1.0822e-01  0.0000e+00 
8.4279e+01     6.5321e-05  0.0000e+00     5.5052e-03  0.0000e+00     1.4407e-03  0.0000e+00     1.2142e-01  0.0000e+00 
9.4563e+01     2.9109e-05  0.0000e+00     2.7526e-03  0.0000e+00     7.2036e-04  0.0000e+00     6.8119e-02  0.0000e+00 
1.0610e+02     0.0000e+00  0.0000e+00     0.0000e+00  0.0000e+00     0.0000e+00  0.0000e+00     0.0000e+00  0.0000e+00 
1.1905e+02     0.0000e+00  0.0000e+00     0.0000e+00  0.0000e+00     0.0000e+00  0.0000e+00     0.0000e+00  0.0000e+00 
1.3357e+02     0.0000e+00  0.0000e+00     0.0000e+00  0.0000e+00     0.0000e+00  0.0000e+00     0.0000e+00  0.0000e+00 
1.4987e+02     0.0000e+00  0.0000e+00     0.0000e+00  0.0000e+00     0.0000e+00  0.0000e+00     0.0000e+00  0.0000e+00 
1.6816e+02     0.0000e+00  0.0000e+00     0.0000e+00  0.0000e+00     0.0000e+00  0.0000e+00     0.0000e+00  0.0000e+00 
1.8868e+02     0.0000e+00  0.0000e+00     0.0000e+00  0.0000e+00     0.0000e+00  0.0000e+00     0.0000e+00  0.0000e+00 
2.1170e+02     0.0000e+00  0.0000e+00     0.0000e+00  0.0000e+00     0.0000e+00  0.0000e+00     0.0000e+00  0.0000e+00 
2.3753e+02     0.0000e+00  0.0000e+00     0.0000e+00  0.0000e+00     0.0000e+00  0.0000e+00     0.0000e+00  0.0000e+00 
2.6651e+02     0.0000e+00  0.0000e+00     0.0000e+00  0.0000e+00     0.0000e+00  0.0000e+00     0.0000e+00  0.0000e+00 
2.9903e+02     0.0000e+00  0.0000e+00     0.0000e+00  0.0000e+00     0.0000e+00  0.0000e+00     0.0000e+00  0.0000e+00 
3.3552e+02     0.0000e+00  0.0000e+00     0.0000e+00  0.0000e+00     0.0000e+00  0.0000e+00     0.0000e+00  0.0000e+00 
3.7646e+02     0.0000e+00  0.0000e+00     0.0000e+00  0.0000e+00     0.0000e+00  0.0000e+00     0.0000e+00  0.0000e+00 
4.2240e+02     0.0000e+00  0.0000e+00     0.0000e+00  0.0000e+00     0.0000e+00  0.0000e+00     0.0000e+00  0.0000e+00 
4.7394e+02     0.0000e+00  0.0000e+00     0.0000e+00  0.0000e+00     0.0000e+00  0.0000e+00     0.0000e+00  0.0000e+00 
5.3176e+02     0.0000e+00  0.0000e+00     0.0000e+00  0.0000e+00     0.0000e+00  0.0000e+00     0.0000e+00  0.0000e+00 
5.9665e+02     0.0000e+00  0.0000e+00     0.0000e+00  0.0000e+00     0.0000e+00  0.0000e+00     0.0000e+00  0.0000e+00 
6.6945e+02     0.0000e+00  0.0000e+00     0.0000e+00  0.0000e+00     0.0000e+00  0.0000e+00     0.0000e+00  0.0000e+00 
7.5114e+02     0.0000e+00  0.0000e+00     0.0000e+00  0.0000e+00     0.0000e+00  0.0000e+00     0.0000e+00  0.0000e+00 
8.4279e+02     0.0000e+00  0.0000e+00     0.0000e+00  0.0000e+00     0.0000e+00  0.0000e+00     0.0000e+00  0.0000e+00 
9.4563e+02     0.0000e+00  0.0000e+00     0.0000e+00  0.0000e+00     0.0000e+00  0.0000e+00     0.0000e+00  0.0000e+00 
1.0610e+03     0.0000e+00  0.0000e+00     0.0000e+00  0.0000e+00     0.0000e+00  0.0000e+00     0.0000e+00  0.0000e+00 
1.1905e+03     0.0000e+00  0.0000e+00     0.0000e+00  0.0000e+00     0.0000e+00  0.0000e+00     0.0000e+00  0.0000e+00 
1.3357e+03     0.0000e+00  0.0000e+00     0.0000e+00  0.0000e+00     0.0000e+00  0.0000e+00     0.0000e+00  0.0000e+00 
1.4987e+03     0.0000e+00  0.0000e+00     0.0000e+00  0.0000e+00     0.0000e+00  0.0000e+00     0.0000e+00  0.0000e+00 
1.6816e+03     0.0000e+00  0.0000e+00     0.0000e+00  0.0000e+00     0.0000e+00  0.0000e+00     0.0000e+00  0.0000e+00 
1.8868e+03     0.0000e+00  0.0000e+00     0.0000e+00  0.0000e+00     0.0000e+00  0.0000e+00     0.0000e+00  0.0000e+00 
2.1170e+03     0.0000e+00  0.0000e+00     0.0000e+00  0.0000e+00     0.0000e+00  0.0000e+00     0.0000e+00  0.0000e+00 
2.3753e+03     0.0000e+00  0.0000e+00     0.0000e+00  0.0000e+00     0.0000e+00  0.0000e+00     0.0000e+00  0.0000e+00 
2.6651e+03     0.0000e+00  0.0000e+00     0.0000e+00  0.0000e+00     0.0000e+00  0.0000e+00     0.0000e+00  0.0000e+00 
2.9903e+03     0.0000e+00  0.0000e+00     0.0000e+00  0.0000e+00     0.0000e+00  0.0000e+00     0.0000e+00  0.0000e+00 
3.3552e+03     0.0000e+00  0.0000e+00     0.0000e+00  0.0000e+00     0.0000e+00  0.0000e+00     0.0000e+00  0.0000e+00 
3.7646e+03     0.0000e+00  0.0000e+00     0.0000e+00  0.0000e+00     0.0000e+00  0.0000e+00     0.0000e+00  0.0000e+00 
4.2240e+03     0.0000e+00  0.0000e+00     0.0000e+00  0.0000e+00     0.0000e+00  0.0000e+00     0.0000e+00  0.0000e+00 
4.7394e+03     0.0000e+00  0.0000e+00     0.0000e+00  0.0000e+00     0.0000e+00  0.0000e+00     0.0000e+00  0.0000e+00 
5.3176e+03     0.0000e+00  0.0000e+00     0.0000e+00  0.0000e+00     0.0000e+00  0.0000e+00     0.0000e+00  0.0000e+00 
5.9665e+03     0.0000e+00  0.0000e+00     0.0000e+00  0.0000e+00     0.0000e+00  0.0000e+00     0.0000e+00  0.0000e+00 
6.6945e+03     0.0000e+00  0.0000e+00     0.0000e+00  0.0000e+00     0.0000e+00  0.0000e+00     0.0000e+00  0.0000e+00 
7.5114e+03     0.0000e+00  0.0000e+00     0.0000e+00  0.0000e+00     0.0000e+00  0.0000e+00     0.0000e+00  0.0000e+00 
8.4279e+03     0.0000e+00  0.0000e+00     0.0000e+00  0.0000e+00     0.0000e+00  0.0000e+00     0.0000e+00  0.0000e+00 
9.4563e+03     0.0000e+00  0.0000e+00     0.0000e+00  0.0000e+00     0.0000e+00  0.0000e+00     0.0000e+00  0.0000e+00 
