yF = 5.4718e+00 (std: 0.0000e+00) keV/um
yD = 2.4242e+01 (std: 0.0000e+00) keV/um
y (keV/um)     f(y)(std)                  yf(y)(std)                 d(y)(std)                  yd(y)(std)  
1.0610e-01     2.2116e+01  0.0000e+00     2.3466e+00  0.0000e+00     4.2885e-01  0.0000e+00     4.5501e-02  0.0000e+00 
1.1905e-01     1.8002e+00  0.0000e+00     2.1431e-01  0.0000e+00     3.9166e-02  0.0000e+00     4.6626e-03  0.0000e+00 
1.3357e-01     5.8465e-01  0.0000e+00     7.8093e-02  0.0000e+00     1.4272e-02  0.0000e+00     1.9063e-03  0.0000e+00 
1.4987e-01     2.5806e+00  0.0000e+00     3.8677e-01  0.0000e+00     7.0683e-02  0.0000e+00     1.0593e-02  0.0000e+00 
1.6816e-01     8.7798e-01  0.0000e+00     1.4764e-01  0.0000e+00     2.6982e-02  0.0000e+00     4.5372e-03  0.0000e+00 
1.8868e-01     6.3828e-01  0.0000e+00     1.2043e-01  0.0000e+00     2.2009e-02  0.0000e+00     4.1525e-03  0.0000e+00 
2.1170e-01     6.4722e-01  0.0000e+00     1.3702e-01  0.0000e+00     2.5040e-02  0.0000e+00     5.3010e-03  0.0000e+00 
2.3753e-01     6.1181e-01  0.0000e+00     1.4532e-01  0.0000e+00     2.6558e-02  0.0000e+00     6.3084e-03  0.0000e+00 
2.6651e-01     3.0431e-01  0.0000e+00     8.1102e-02  0.0000e+00     1.4822e-02  0.0000e+00     3.9502e-03  0.0000e+00 
2.9903e-01     2.6498e-01  0.0000e+00     7.9238e-02  0.0000e+00     1.4481e-02  0.0000e+00     4.3303e-03  0.0000e+00 
3.3552e-01     1.1977e+00  0.0000e+00     4.0186e-01  0.0000e+00     7.3442e-02  0.0000e+00     2.4641e-02  0.0000e+00 
3.7646e-01     8.5827e-01  0.0000e+00     3.2310e-01  0.0000e+00     5.9048e-02  0.0000e+00     2.2229e-02  0.0000e+00 
4.2240e-01     4.2265e-01  0.0000e+00     1.7853e-01  0.0000e+00     3.2626e-02  0.0000e+00     1.3781e-02  0.0000e+00 
4.7394e-01     4.0096e-01  0.0000e+00     1.9003e-01  0.0000e+00     3.4728e-02  0.0000e+00     1.6459e-02  0.0000e+00 
5.3176e-01     2.7994e-01  0.0000e+00     1.4886e-01  0.0000e+00     2.7206e-02  0.0000e+00     1.4467e-02  0.0000e+00 
5.9665e-01     1.5445e-01  0.0000e+00     9.2152e-02  0.0000e+00     1.6841e-02  0.0000e+00     1.0048e-02  0.0000e+00 
6.6945e-01     2.2010e-01  0.0000e+00     1.4735e-01  0.0000e+00     2.6928e-02  0.0000e+00     1.8027e-02  0.0000e+00 
7.5114e-01     1.8872e-01  0.0000e+00     1.4176e-01  0.0000e+00     2.5906e-02  0.0000e+00     1.9459e-02  0.0000e+00 
8.4279e-01     1.0037e-01  0.0000e+00     8.4590e-02  0.0000e+00     1.5459e-02  0.0000e+00     1.3029e-02  0.0000e+00 
9.4563e-01     6.4704e-02  0.0000e+00     6.1186e-02  0.0000e+00     1.1182e-02  0.0000e+00     1.0574e-02  0.0000e+00 
1.0610e+00     4.9587e-02  0.0000e+00     5.2612e-02  0.0000e+00     9.6151e-03  0.0000e+00     1.0202e-02  0.0000e+00 
1.1905e+00     2.9992e-02  0.0000e+00     3.5705e-02  0.0000e+00     6.5252e-03  0.0000e+00     7.7681e-03  0.0000e+00 
1.3357e+00     1.6764e-02  0.0000e+00     2.2392e-02  0.0000e+00     4.0923e-03  0.0000e+00     5.4662e-03  0.0000e+00 
1.4987e+00     8.7585e-03  0.0000e+00     1.3126e-02  0.0000e+00     2.3989e-03  0.0000e+00     3.5953e-03  0.0000e+00 
1.6816e+00     4.3701e-03  0.0000e+00     7.3487e-03  0.0000e+00     1.3430e-03  0.0000e+00     2.2584e-03  0.0000e+00 
1.8868e+00     1.8910e-03  0.0000e+00     3.5678e-03  0.0000e+00     6.5204e-04  0.0000e+00     1.2302e-03  0.0000e+00 
2.1170e+00     7.6721e-04  0.0000e+00     1.6242e-03  0.0000e+00     2.9682e-04  0.0000e+00     6.2837e-04  0.0000e+00 
2.3753e+00     2.0177e-04  0.0000e+00     4.7926e-04  0.0000e+00     8.7587e-05  0.0000e+00     2.0805e-04  0.0000e+00 
2.6651e+00     6.9933e-05  0.0000e+00     1.8638e-04  0.0000e+00     3.4062e-05  0.0000e+00     9.0779e-05  0.0000e+00 
2.9903e+00     2.6712e-05  0.0000e+00     7.9877e-05  0.0000e+00     1.4598e-05  0.0000e+00     4.3652e-05  0.0000e+00 
3.3552e+00     0.0000e+00  0.0000e+00     0.0000e+00  0.0000e+00     0.0000e+00  0.0000e+00     0.0000e+00  0.0000e+00 
3.7646e+00     7.0727e-06  0.0000e+00     2.6626e-05  0.0000e+00     4.8659e-06  0.0000e+00     1.8318e-05  0.0000e+00 
4.2240e+00     0.0000e+00  0.0000e+00     0.0000e+00  0.0000e+00     0.0000e+00  0.0000e+00     0.0000e+00  0.0000e+00 
4.7394e+00     0.0000e+00  0.0000e+00     0.0000e+00  0.0000e+00     0.0000e+00  0.0000e+00     0.0000e+00  0.0000e+00 
5.3176e+00     0.0000e+00  0.0000e+00     0.0000e+00  0.0000e+00     0.0000e+00  0.0000e+00     0.0000e+00  0.0000e+00 
5.9665e+00     1.0398e-01  0.0000e+00     6.2038e-01  0.0000e+00     1.1338e-01  0.0000e+00     6.7646e-01  0.0000e+00 
6.6945e+00     2.7196e-02  0.0000e+00     1.8207e-01  0.0000e+00     3.3273e-02  0.0000e+00     2.2275e-01  0.0000e+00 
7.5114e+00     6.9122e-03  0.0000e+00     5.1920e-02  0.0000e+00     9.4886e-03  0.0000e+00     7.1272e-02  0.0000e+00 
8.4279e+00     2.8117e-02  0.0000e+00     2.3697e-01  0.0000e+00     4.3307e-02  0.0000e+00     3.6499e-01  0.0000e+00 
9.4563e+00     1.9704e-02  0.0000e+00     1.8633e-01  0.0000e+00     3.4052e-02  0.0000e+00     3.2200e-01  0.0000e+00 
1.0610e+01     2.8339e-02  0.0000e+00     3.0068e-01  0.0000e+00     5.4951e-02  0.0000e+00     5.8304e-01  0.0000e+00 
1.1905e+01     2.0932e-02  0.0000e+00     2.4919e-01  0.0000e+00     4.5540e-02  0.0000e+00     5.4215e-01  0.0000e+00 
1.3357e+01     1.6146e-02  0.0000e+00     2.1567e-01  0.0000e+00     3.9414e-02  0.0000e+00     5.2647e-01  0.0000e+00 
1.4987e+01     1.0144e-02  0.0000e+00     1.5203e-01  0.0000e+00     2.7785e-02  0.0000e+00     4.1641e-01  0.0000e+00 
1.6816e+01     6.7689e-03  0.0000e+00     1.1382e-01  0.0000e+00     2.0802e-02  0.0000e+00     3.4980e-01  0.0000e+00 
1.8868e+01     5.4528e-03  0.0000e+00     1.0288e-01  0.0000e+00     1.8802e-02  0.0000e+00     3.5475e-01  0.0000e+00 
2.1170e+01     5.0824e-03  0.0000e+00     1.0759e-01  0.0000e+00     1.9663e-02  0.0000e+00     4.1627e-01  0.0000e+00 
2.3753e+01     4.7091e-03  0.0000e+00     1.1185e-01  0.0000e+00     2.0442e-02  0.0000e+00     4.8556e-01  0.0000e+00 
2.6651e+01     3.0551e-03  0.0000e+00     8.1421e-02  0.0000e+00     1.4880e-02  0.0000e+00     3.9657e-01  0.0000e+00 
2.9903e+01     2.2198e-03  0.0000e+00     6.6378e-02  0.0000e+00     1.2131e-02  0.0000e+00     3.6275e-01  0.0000e+00 
3.3552e+01     1.8784e-03  0.0000e+00     6.3023e-02  0.0000e+00     1.1518e-02  0.0000e+00     3.8644e-01  0.0000e+00 
3.7646e+01     1.4188e-03  0.0000e+00     5.3411e-02  0.0000e+00     9.7611e-03  0.0000e+00     3.6747e-01  0.0000e+00 
4.2240e+01     1.0212e-03  0.0000e+00     4.3134e-02  0.0000e+00     7.8828e-03  0.0000e+00     3.3297e-01  0.0000e+00 
4.7394e+01     7.8933e-04  0.0000e+00     3.7409e-02  0.0000e+00     6.8367e-03  0.0000e+00     3.2401e-01  0.0000e+00 
5.3176e+01     4.6766e-04  0.0000e+00     2.4868e-02  0.0000e+00     4.5448e-03  0.0000e+00     2.4168e-01  0.0000e+00 
5.9665e+01     3.3469e-04  0.0000e+00     1.9969e-02  0.0000e+00     3.6495e-03  0.0000e+00     2.1774e-01  0.0000e+00 
6.6945e+01     1.8892e-04  0.0000e+00     1.2647e-02  0.0000e+00     2.3113e-03  0.0000e+00     1.5473e-01  0.0000e+00 
7.5114e+01     1.0918e-04  0.0000e+00     8.2007e-03  0.0000e+00     1.4987e-03  0.0000e+00     1.1257e-01  0.0000e+00 
8.4279e+01     6.1605e-05  0.0000e+00     5.1920e-03  0.0000e+00     9.4886e-04  0.0000e+00     7.9969e-02  0.0000e+00 
9.4563e+01     3.3507e-05  0.0000e+00     3.1685e-03  0.0000e+00     5.7905e-04  0.0000e+00     5.4756e-02  0.0000e+00 
1.0610e+02     1.2547e-05  0.0000e+00     1.3313e-03  0.0000e+00     2.4330e-04  0.0000e+00     2.5814e-02  0.0000e+00 
1.1905e+02     4.6968e-06  0.0000e+00     5.5914e-04  0.0000e+00     1.0218e-04  0.0000e+00     1.2165e-02  0.0000e+00 
1.3357e+02     1.1960e-06  0.0000e+00     1.5975e-04  0.0000e+00     2.9196e-05  0.0000e+00     3.8998e-03  0.0000e+00 
1.4987e+02     7.1063e-07  0.0000e+00     1.0650e-04  0.0000e+00     1.9464e-05  0.0000e+00     2.9171e-03  0.0000e+00 
1.6816e+02     3.1667e-07  0.0000e+00     5.3251e-05  0.0000e+00     9.7319e-06  0.0000e+00     1.6365e-03  0.0000e+00 
1.8868e+02     0.0000e+00  0.0000e+00     0.0000e+00  0.0000e+00     0.0000e+00  0.0000e+00     0.0000e+00  0.0000e+00 
2.1170e+02     0.0000e+00  0.0000e+00     0.0000e+00  0.0000e+00     0.0000e+00  0.0000e+00     0.0000e+00  0.0000e+00 
2.3753e+02     0.0000e+00  0.0000e+00     0.0000e+00  0.0000e+00     0.0000e+00  0.0000e+00     0.0000e+00  0.0000e+00 
2.6651e+02     0.0000e+00  0.0000e+00     0.0000e+00  0.0000e+00     0.0000e+00  0.0000e+00     0.0000e+00  0.0000e+00 
2.9903e+02     0.0000e+00  0.0000e+00     0.0000e+00  0.0000e+00     0.0000e+00  0.0000e+00     0.0000e+00  0.0000e+00 
3.3552e+02     0.0000e+00  0.0000e+00     0.0000e+00  0.0000e+00     0.0000e+00  0.0000e+00     0.0000e+00  0.0000e+00 
3.7646e+02     0.0000e+00  0.0000e+00     0.0000e+00  0.0000e+00     0.0000e+00  0.0000e+00     0.0000e+00  0.0000e+00 
4.2240e+02     0.0000e+00  0.0000e+00     0.0000e+00  0.0000e+00     0.0000e+00  0.0000e+00     0.0000e+00  0.0000e+00 
4.7394e+02     0.0000e+00  0.0000e+00     0.0000e+00  0.0000e+00     0.0000e+00  0.0000e+00     0.0000e+00  0.0000e+00 
5.3176e+02     0.0000e+00  0.0000e+00     0.0000e+00  0.0000e+00     0.0000e+00  0.0000e+00     0.0000e+00  0.0000e+00 
5.9665e+02     0.0000e+00  0.0000e+00     0.0000e+00  0.0000e+00     0.0000e+00  0.0000e+00     0.0000e+00  0.0000e+00 
6.6945e+02     0.0000e+00  0.0000e+00     0.0000e+00  0.0000e+00     0.0000e+00  0.0000e+00     0.0000e+00  0.0000e+00 
7.5114e+02     0.0000e+00  0.0000e+00     0.0000e+00  0.0000e+00     0.0000e+00  0.0000e+00     0.0000e+00  0.0000e+00 
8.4279e+02     0.0000e+00  0.0000e+00     0.0000e+00  0.0000e+00     0.0000e+00  0.0000e+00     0.0000e+00  0.0000e+00 
9.4563e+02     0.0000e+00  0.0000e+00     0.0000e+00  0.0000e+00     0.0000e+00  0.0000e+00     0.0000e+00  0.0000e+00 
1.0610e+03     0.0000e+00  0.0000e+00     0.0000e+00  0.0000e+00     0.0000e+00  0.0000e+00     0.0000e+00  0.0000e+00 
1.1905e+03     0.0000e+00  0.0000e+00     0.0000e+00  0.0000e+00     0.0000e+00  0.0000e+00     0.0000e+00  0.0000e+00 
1.3357e+03     0.0000e+00  0.0000e+00     0.0000e+00  0.0000e+00     0.0000e+00  0.0000e+00     0.0000e+00  0.0000e+00 
1.4987e+03     0.0000e+00  0.0000e+00     0.0000e+00  0.0000e+00     0.0000e+00  0.0000e+00     0.0000e+00  0.0000e+00 
1.6816e+03     0.0000e+00  0.0000e+00     0.0000e+00  0.0000e+00     0.0000e+00  0.0000e+00     0.0000e+00  0.0000e+00 
1.8868e+03     0.0000e+00  0.0000e+00     0.0000e+00  0.0000e+00     0.0000e+00  0.0000e+00     0.0000e+00  0.0000e+00 
2.1170e+03     0.0000e+00  0.0000e+00     0.0000e+00  0.0000e+00     0.0000e+00  0.0000e+00     0.0000e+00  0.0000e+00 
2.3753e+03     0.0000e+00  0.0000e+00     0.0000e+00  0.0000e+00     0.0000e+00  0.0000e+00     0.0000e+00  0.0000e+00 
2.6651e+03     0.0000e+00  0.0000e+00     0.0000e+00  0.0000e+00     0.0000e+00  0.0000e+00     0.0000e+00  0.0000e+00 
2.9903e+03     0.0000e+00  0.0000e+00     0.0000e+00  0.0000e+00     0.0000e+00  0.0000e+00     0.0000e+00  0.0000e+00 
3.3552e+03     0.0000e+00  0.0000e+00     0.0000e+00  0.0000e+00     0.0000e+00  0.0000e+00     0.0000e+00  0.0000e+00 
3.7646e+03     0.0000e+00  0.0000e+00     0.0000e+00  0.0000e+00     0.0000e+00  0.0000e+00     0.0000e+00  0.0000e+00 
4.2240e+03     0.0000e+00  0.0000e+00     0.0000e+00  0.0000e+00     0.0000e+00  0.0000e+00     0.0000e+00  0.0000e+00 
4.7394e+03     0.0000e+00  0.0000e+00     0.0000e+00  0.0000e+00     0.0000e+00  0.0000e+00     0.0000e+00  0.0000e+00 
5.3176e+03     0.0000e+00  0.0000e+00     0.0000e+00  0.0000e+00     0.0000e+00  0.0000e+00     0.0000e+00  0.0000e+00 
5.9665e+03     0.0000e+00  0.0000e+00     0.0000e+00  0.0000e+00     0.0000e+00  0.0000e+00     0.0000e+00  0.0000e+00 
6.6945e+03     0.0000e+00  0.0000e+00     0.0000e+00  0.0000e+00     0.0000e+00  0.0000e+00     0.0000e+00  0.0000e+00 
7.5114e+03     0.0000e+00  0.0000e+00     0.0000e+00  0.0000e+00     0.0000e+00  0.0000e+00     0.0000e+00  0.0000e+00 
8.4279e+03     0.0000e+00  0.0000e+00     0.0000e+00  0.0000e+00     0.0000e+00  0.0000e+00     0.0000e+00  0.0000e+00 
9.4563e+03     0.0000e+00  0.0000e+00     0.0000e+00  0.0000e+00     0.0000e+00  0.0000e+00     0.0000e+00  0.0000e+00 
