yF = 5.4322e+00 (std: 0.0000e+00) keV/um
yD = 2.2458e+01 (std: 0.0000e+00) keV/um
y (keV/um)     f(y)(std)                  yf(y)(std)                 d(y)(std)                  yd(y)(std)  
1.0610e-01     1.9178e+01  0.0000e+00     2.0348e+00  0.0000e+00     3.7459e-01  0.0000e+00     3.9744e-02  0.0000e+00 
1.1905e-01     1.6911e+00  0.0000e+00     2.0132e-01  0.0000e+00     3.7061e-02  0.0000e+00     4.4120e-03  0.0000e+00 
1.3357e-01     5.9016e-01  0.0000e+00     7.8829e-02  0.0000e+00     1.4511e-02  0.0000e+00     1.9383e-03  0.0000e+00 
1.4987e-01     2.3869e+00  0.0000e+00     3.5773e-01  0.0000e+00     6.5853e-02  0.0000e+00     9.8695e-03  0.0000e+00 
1.6816e-01     8.9501e-01  0.0000e+00     1.5050e-01  0.0000e+00     2.7706e-02  0.0000e+00     4.6590e-03  0.0000e+00 
1.8868e-01     6.6988e-01  0.0000e+00     1.2639e-01  0.0000e+00     2.3267e-02  0.0000e+00     4.3900e-03  0.0000e+00 
2.1170e-01     6.9699e-01  0.0000e+00     1.4755e-01  0.0000e+00     2.7163e-02  0.0000e+00     5.7503e-03  0.0000e+00 
2.3753e-01     6.3234e-01  0.0000e+00     1.5020e-01  0.0000e+00     2.7650e-02  0.0000e+00     6.5677e-03  0.0000e+00 
2.6651e-01     3.4840e-01  0.0000e+00     9.2853e-02  0.0000e+00     1.7093e-02  0.0000e+00     4.5555e-03  0.0000e+00 
2.9903e-01     3.0297e-01  0.0000e+00     9.0599e-02  0.0000e+00     1.6678e-02  0.0000e+00     4.9873e-03  0.0000e+00 
3.3552e-01     1.1097e+00  0.0000e+00     3.7234e-01  0.0000e+00     6.8543e-02  0.0000e+00     2.2998e-02  0.0000e+00 
3.7646e-01     8.4956e-01  0.0000e+00     3.1983e-01  0.0000e+00     5.8876e-02  0.0000e+00     2.2164e-02  0.0000e+00 
4.2240e-01     4.4744e-01  0.0000e+00     1.8900e-01  0.0000e+00     3.4792e-02  0.0000e+00     1.4696e-02  0.0000e+00 
4.7394e-01     4.4362e-01  0.0000e+00     2.1025e-01  0.0000e+00     3.8704e-02  0.0000e+00     1.8343e-02  0.0000e+00 
5.3176e-01     3.2652e-01  0.0000e+00     1.7363e-01  0.0000e+00     3.1963e-02  0.0000e+00     1.6997e-02  0.0000e+00 
5.9665e-01     1.9652e-01  0.0000e+00     1.1725e-01  0.0000e+00     2.1584e-02  0.0000e+00     1.2878e-02  0.0000e+00 
6.6945e-01     2.3687e-01  0.0000e+00     1.5857e-01  0.0000e+00     2.9191e-02  0.0000e+00     1.9542e-02  0.0000e+00 
7.5114e-01     2.2580e-01  0.0000e+00     1.6961e-01  0.0000e+00     3.1223e-02  0.0000e+00     2.3452e-02  0.0000e+00 
8.4279e-01     1.3161e-01  0.0000e+00     1.1092e-01  0.0000e+00     2.0419e-02  0.0000e+00     1.7209e-02  0.0000e+00 
9.4563e-01     8.7751e-02  0.0000e+00     8.2979e-02  0.0000e+00     1.5275e-02  0.0000e+00     1.4445e-02  0.0000e+00 
1.0610e+00     6.6272e-02  0.0000e+00     7.0315e-02  0.0000e+00     1.2944e-02  0.0000e+00     1.3734e-02  0.0000e+00 
1.1905e+00     4.1440e-02  0.0000e+00     4.9333e-02  0.0000e+00     9.0816e-03  0.0000e+00     1.0811e-02  0.0000e+00 
1.3357e+00     2.5122e-02  0.0000e+00     3.3557e-02  0.0000e+00     6.1773e-03  0.0000e+00     8.2513e-03  0.0000e+00 
1.4987e+00     1.5098e-02  0.0000e+00     2.2627e-02  0.0000e+00     4.1654e-03  0.0000e+00     6.2428e-03  0.0000e+00 
1.6816e+00     8.0311e-03  0.0000e+00     1.3505e-02  0.0000e+00     2.4861e-03  0.0000e+00     4.1806e-03  0.0000e+00 
1.8868e+00     4.1240e-03  0.0000e+00     7.7810e-03  0.0000e+00     1.4324e-03  0.0000e+00     2.7026e-03  0.0000e+00 
2.1170e+00     1.7997e-03  0.0000e+00     3.8100e-03  0.0000e+00     7.0137e-04  0.0000e+00     1.4848e-03  0.0000e+00 
2.3753e+00     7.3046e-04  0.0000e+00     1.7351e-03  0.0000e+00     3.1940e-04  0.0000e+00     7.5868e-04  0.0000e+00 
2.6651e+00     2.8860e-04  0.0000e+00     7.6916e-04  0.0000e+00     1.4159e-04  0.0000e+00     3.7736e-04  0.0000e+00 
2.9903e+00     8.3744e-05  0.0000e+00     2.5042e-04  0.0000e+00     4.6100e-05  0.0000e+00     1.3785e-04  0.0000e+00 
3.3552e+00     3.1987e-05  0.0000e+00     1.0732e-04  0.0000e+00     1.9757e-05  0.0000e+00     6.6289e-05  0.0000e+00 
3.7646e+00     0.0000e+00  0.0000e+00     0.0000e+00  0.0000e+00     0.0000e+00  0.0000e+00     0.0000e+00  0.0000e+00 
4.2240e+00     8.4695e-06  0.0000e+00     3.5775e-05  0.0000e+00     6.5857e-06  0.0000e+00     2.7817e-05  0.0000e+00 
4.7394e+00     0.0000e+00  0.0000e+00     0.0000e+00  0.0000e+00     0.0000e+00  0.0000e+00     0.0000e+00  0.0000e+00 
5.3176e+00     0.0000e+00  0.0000e+00     0.0000e+00  0.0000e+00     0.0000e+00  0.0000e+00     0.0000e+00  0.0000e+00 
5.9665e+00     1.1108e-01  0.0000e+00     6.6274e-01  0.0000e+00     1.2200e-01  0.0000e+00     7.2793e-01  0.0000e+00 
6.6945e+00     3.6742e-02  0.0000e+00     2.4597e-01  0.0000e+00     4.5280e-02  0.0000e+00     3.0313e-01  0.0000e+00 
7.5114e+00     8.9397e-03  0.0000e+00     6.7149e-02  0.0000e+00     1.2361e-02  0.0000e+00     9.2850e-02  0.0000e+00 
8.4279e+00     2.4386e-02  0.0000e+00     2.0553e-01  0.0000e+00     3.7835e-02  0.0000e+00     3.1887e-01  0.0000e+00 
9.4563e+00     2.0683e-02  0.0000e+00     1.9558e-01  0.0000e+00     3.6004e-02  0.0000e+00     3.4046e-01  0.0000e+00 
1.0610e+01     2.6991e-02  0.0000e+00     2.8638e-01  0.0000e+00     5.2718e-02  0.0000e+00     5.5934e-01  0.0000e+00 
1.1905e+01     2.1963e-02  0.0000e+00     2.6146e-01  0.0000e+00     4.8131e-02  0.0000e+00     5.7299e-01  0.0000e+00 
1.3357e+01     1.6591e-02  0.0000e+00     2.2161e-01  0.0000e+00     4.0795e-02  0.0000e+00     5.4491e-01  0.0000e+00 
1.4987e+01     1.0923e-02  0.0000e+00     1.6370e-01  0.0000e+00     3.0136e-02  0.0000e+00     4.5165e-01  0.0000e+00 
1.6816e+01     7.5832e-03  0.0000e+00     1.2752e-01  0.0000e+00     2.3475e-02  0.0000e+00     3.9474e-01  0.0000e+00 
1.8868e+01     6.0428e-03  0.0000e+00     1.1401e-01  0.0000e+00     2.0988e-02  0.0000e+00     3.9600e-01  0.0000e+00 
2.1170e+01     5.2614e-03  0.0000e+00     1.1138e-01  0.0000e+00     2.0504e-02  0.0000e+00     4.3408e-01  0.0000e+00 
2.3753e+01     4.3135e-03  0.0000e+00     1.0246e-01  0.0000e+00     1.8861e-02  0.0000e+00     4.4801e-01  0.0000e+00 
2.6651e+01     3.1169e-03  0.0000e+00     8.3069e-02  0.0000e+00     1.5292e-02  0.0000e+00     4.0755e-01  0.0000e+00 
2.9903e+01     2.1983e-03  0.0000e+00     6.5736e-02  0.0000e+00     1.2101e-02  0.0000e+00     3.6186e-01  0.0000e+00 
3.3552e+01     1.7630e-03  0.0000e+00     5.9153e-02  0.0000e+00     1.0889e-02  0.0000e+00     3.6536e-01  0.0000e+00 
3.7646e+01     1.3390e-03  0.0000e+00     5.0407e-02  0.0000e+00     9.2792e-03  0.0000e+00     3.4932e-01  0.0000e+00 
4.2240e+01     9.2783e-04  0.0000e+00     3.9191e-02  0.0000e+00     7.2146e-03  0.0000e+00     3.0474e-01  0.0000e+00 
4.7394e+01     6.5143e-04  0.0000e+00     3.0874e-02  0.0000e+00     5.6834e-03  0.0000e+00     2.6936e-01  0.0000e+00 
5.3176e+01     4.1913e-04  0.0000e+00     2.2288e-02  0.0000e+00     4.1029e-03  0.0000e+00     2.1818e-01  0.0000e+00 
5.9665e+01     2.8031e-04  0.0000e+00     1.6725e-02  0.0000e+00     3.0788e-03  0.0000e+00     1.8370e-01  0.0000e+00 
6.6945e+01     1.5150e-04  0.0000e+00     1.0142e-02  0.0000e+00     1.8670e-03  0.0000e+00     1.2499e-01  0.0000e+00 
7.5114e+01     8.5015e-05  0.0000e+00     6.3858e-03  0.0000e+00     1.1755e-03  0.0000e+00     8.8299e-02  0.0000e+00 
8.4279e+01     4.6056e-05  0.0000e+00     3.8816e-03  0.0000e+00     7.1454e-04  0.0000e+00     6.0221e-02  0.0000e+00 
9.4563e+01     1.8538e-05  0.0000e+00     1.7530e-03  0.0000e+00     3.2270e-04  0.0000e+00     3.0515e-02  0.0000e+00 
1.0610e+02     9.7781e-06  0.0000e+00     1.0375e-03  0.0000e+00     1.9098e-04  0.0000e+00     2.0264e-02  0.0000e+00 
1.1905e+02     1.9533e-06  0.0000e+00     2.3254e-04  0.0000e+00     4.2807e-05  0.0000e+00     5.0960e-03  0.0000e+00 
1.3357e+02     6.6957e-07  0.0000e+00     8.9437e-05  0.0000e+00     1.6464e-05  0.0000e+00     2.1992e-03  0.0000e+00 
1.4987e+02     1.1935e-07  0.0000e+00     1.7887e-05  0.0000e+00     3.2928e-06  0.0000e+00     4.9350e-04  0.0000e+00 
1.6816e+02     0.0000e+00  0.0000e+00     0.0000e+00  0.0000e+00     0.0000e+00  0.0000e+00     0.0000e+00  0.0000e+00 
1.8868e+02     0.0000e+00  0.0000e+00     0.0000e+00  0.0000e+00     0.0000e+00  0.0000e+00     0.0000e+00  0.0000e+00 
2.1170e+02     0.0000e+00  0.0000e+00     0.0000e+00  0.0000e+00     0.0000e+00  0.0000e+00     0.0000e+00  0.0000e+00 
2.3753e+02     0.0000e+00  0.0000e+00     0.0000e+00  0.0000e+00     0.0000e+00  0.0000e+00     0.0000e+00  0.0000e+00 
2.6651e+02     0.0000e+00  0.0000e+00     0.0000e+00  0.0000e+00     0.0000e+00  0.0000e+00     0.0000e+00  0.0000e+00 
2.9903e+02     0.0000e+00  0.0000e+00     0.0000e+00  0.0000e+00     0.0000e+00  0.0000e+00     0.0000e+00  0.0000e+00 
3.3552e+02     0.0000e+00  0.0000e+00     0.0000e+00  0.0000e+00     0.0000e+00  0.0000e+00     0.0000e+00  0.0000e+00 
3.7646e+02     0.0000e+00  0.0000e+00     0.0000e+00  0.0000e+00     0.0000e+00  0.0000e+00     0.0000e+00  0.0000e+00 
4.2240e+02     0.0000e+00  0.0000e+00     0.0000e+00  0.0000e+00     0.0000e+00  0.0000e+00     0.0000e+00  0.0000e+00 
4.7394e+02     0.0000e+00  0.0000e+00     0.0000e+00  0.0000e+00     0.0000e+00  0.0000e+00     0.0000e+00  0.0000e+00 
5.3176e+02     0.0000e+00  0.0000e+00     0.0000e+00  0.0000e+00     0.0000e+00  0.0000e+00     0.0000e+00  0.0000e+00 
5.9665e+02     0.0000e+00  0.0000e+00     0.0000e+00  0.0000e+00     0.0000e+00  0.0000e+00     0.0000e+00  0.0000e+00 
6.6945e+02     0.0000e+00  0.0000e+00     0.0000e+00  0.0000e+00     0.0000e+00  0.0000e+00     0.0000e+00  0.0000e+00 
7.5114e+02     0.0000e+00  0.0000e+00     0.0000e+00  0.0000e+00     0.0000e+00  0.0000e+00     0.0000e+00  0.0000e+00 
8.4279e+02     0.0000e+00  0.0000e+00     0.0000e+00  0.0000e+00     0.0000e+00  0.0000e+00     0.0000e+00  0.0000e+00 
9.4563e+02     0.0000e+00  0.0000e+00     0.0000e+00  0.0000e+00     0.0000e+00  0.0000e+00     0.0000e+00  0.0000e+00 
1.0610e+03     0.0000e+00  0.0000e+00     0.0000e+00  0.0000e+00     0.0000e+00  0.0000e+00     0.0000e+00  0.0000e+00 
1.1905e+03     0.0000e+00  0.0000e+00     0.0000e+00  0.0000e+00     0.0000e+00  0.0000e+00     0.0000e+00  0.0000e+00 
1.3357e+03     0.0000e+00  0.0000e+00     0.0000e+00  0.0000e+00     0.0000e+00  0.0000e+00     0.0000e+00  0.0000e+00 
1.4987e+03     0.0000e+00  0.0000e+00     0.0000e+00  0.0000e+00     0.0000e+00  0.0000e+00     0.0000e+00  0.0000e+00 
1.6816e+03     0.0000e+00  0.0000e+00     0.0000e+00  0.0000e+00     0.0000e+00  0.0000e+00     0.0000e+00  0.0000e+00 
1.8868e+03     0.0000e+00  0.0000e+00     0.0000e+00  0.0000e+00     0.0000e+00  0.0000e+00     0.0000e+00  0.0000e+00 
2.1170e+03     0.0000e+00  0.0000e+00     0.0000e+00  0.0000e+00     0.0000e+00  0.0000e+00     0.0000e+00  0.0000e+00 
2.3753e+03     0.0000e+00  0.0000e+00     0.0000e+00  0.0000e+00     0.0000e+00  0.0000e+00     0.0000e+00  0.0000e+00 
2.6651e+03     0.0000e+00  0.0000e+00     0.0000e+00  0.0000e+00     0.0000e+00  0.0000e+00     0.0000e+00  0.0000e+00 
2.9903e+03     0.0000e+00  0.0000e+00     0.0000e+00  0.0000e+00     0.0000e+00  0.0000e+00     0.0000e+00  0.0000e+00 
3.3552e+03     0.0000e+00  0.0000e+00     0.0000e+00  0.0000e+00     0.0000e+00  0.0000e+00     0.0000e+00  0.0000e+00 
3.7646e+03     0.0000e+00  0.0000e+00     0.0000e+00  0.0000e+00     0.0000e+00  0.0000e+00     0.0000e+00  0.0000e+00 
4.2240e+03     0.0000e+00  0.0000e+00     0.0000e+00  0.0000e+00     0.0000e+00  0.0000e+00     0.0000e+00  0.0000e+00 
4.7394e+03     0.0000e+00  0.0000e+00     0.0000e+00  0.0000e+00     0.0000e+00  0.0000e+00     0.0000e+00  0.0000e+00 
5.3176e+03     0.0000e+00  0.0000e+00     0.0000e+00  0.0000e+00     0.0000e+00  0.0000e+00     0.0000e+00  0.0000e+00 
5.9665e+03     0.0000e+00  0.0000e+00     0.0000e+00  0.0000e+00     0.0000e+00  0.0000e+00     0.0000e+00  0.0000e+00 
6.6945e+03     0.0000e+00  0.0000e+00     0.0000e+00  0.0000e+00     0.0000e+00  0.0000e+00     0.0000e+00  0.0000e+00 
7.5114e+03     0.0000e+00  0.0000e+00     0.0000e+00  0.0000e+00     0.0000e+00  0.0000e+00     0.0000e+00  0.0000e+00 
8.4279e+03     0.0000e+00  0.0000e+00     0.0000e+00  0.0000e+00     0.0000e+00  0.0000e+00     0.0000e+00  0.0000e+00 
9.4563e+03     0.0000e+00  0.0000e+00     0.0000e+00  0.0000e+00     0.0000e+00  0.0000e+00     0.0000e+00  0.0000e+00 
