yF = 3.6738e+00 (std: 0.0000e+00) keV/um
yD = 2.1648e+01 (std: 0.0000e+00) keV/um
y (keV/um)     f(y)(std)                  yf(y)(std)                 d(y)(std)                  yd(y)(std)  
1.0610e-01     2.8425e+01  0.0000e+00     3.0159e+00  0.0000e+00     8.2093e-01  0.0000e+00     8.7102e-02  0.0000e+00 
1.1905e-01     2.1015e+00  0.0000e+00     2.5017e-01  0.0000e+00     6.8097e-02  0.0000e+00     8.1067e-03  0.0000e+00 
1.3357e-01     5.5615e-01  0.0000e+00     7.4286e-02  0.0000e+00     2.0221e-02  0.0000e+00     2.7009e-03  0.0000e+00 
1.4987e-01     3.0951e+00  0.0000e+00     4.6387e-01  0.0000e+00     1.2626e-01  0.0000e+00     1.8923e-02  0.0000e+00 
1.6816e-01     8.9422e-01  0.0000e+00     1.5037e-01  0.0000e+00     4.0931e-02  0.0000e+00     6.8828e-03  0.0000e+00 
1.8868e-01     6.0119e-01  0.0000e+00     1.1343e-01  0.0000e+00     3.0876e-02  0.0000e+00     5.8255e-03  0.0000e+00 
2.1170e-01     6.5168e-01  0.0000e+00     1.3796e-01  0.0000e+00     3.7553e-02  0.0000e+00     7.9499e-03  0.0000e+00 
2.3753e-01     5.9912e-01  0.0000e+00     1.4231e-01  0.0000e+00     3.8736e-02  0.0000e+00     9.2011e-03  0.0000e+00 
2.6651e-01     2.5828e-01  0.0000e+00     6.8835e-02  0.0000e+00     1.8737e-02  0.0000e+00     4.9936e-03  0.0000e+00 
2.9903e-01     2.4532e-01  0.0000e+00     7.3358e-02  0.0000e+00     1.9968e-02  0.0000e+00     5.9711e-03  0.0000e+00 
3.3552e-01     1.5830e+00  0.0000e+00     5.3114e-01  0.0000e+00     1.4458e-01  0.0000e+00     4.8508e-02  0.0000e+00 
3.7646e-01     1.0336e+00  0.0000e+00     3.8912e-01  0.0000e+00     1.0592e-01  0.0000e+00     3.9874e-02  0.0000e+00 
4.2240e-01     4.3068e-01  0.0000e+00     1.8192e-01  0.0000e+00     4.9518e-02  0.0000e+00     2.0916e-02  0.0000e+00 
4.7394e-01     4.2985e-01  0.0000e+00     2.0372e-01  0.0000e+00     5.5453e-02  0.0000e+00     2.6281e-02  0.0000e+00 
5.3176e-01     2.5573e-01  0.0000e+00     1.3599e-01  0.0000e+00     3.7016e-02  0.0000e+00     1.9684e-02  0.0000e+00 
5.9665e-01     1.2713e-01  0.0000e+00     7.5852e-02  0.0000e+00     2.0647e-02  0.0000e+00     1.2319e-02  0.0000e+00 
6.6945e-01     2.6178e-01  0.0000e+00     1.7525e-01  0.0000e+00     4.7702e-02  0.0000e+00     3.1934e-02  0.0000e+00 
7.5114e-01     2.1447e-01  0.0000e+00     1.6110e-01  0.0000e+00     4.3851e-02  0.0000e+00     3.2938e-02  0.0000e+00 
8.4279e-01     9.4405e-02  0.0000e+00     7.9563e-02  0.0000e+00     2.1657e-02  0.0000e+00     1.8252e-02  0.0000e+00 
9.4563e-01     6.0283e-02  0.0000e+00     5.7005e-02  0.0000e+00     1.5517e-02  0.0000e+00     1.4673e-02  0.0000e+00 
1.0610e+00     4.8316e-02  0.0000e+00     5.1264e-02  0.0000e+00     1.3954e-02  0.0000e+00     1.4805e-02  0.0000e+00 
1.1905e+00     2.8740e-02  0.0000e+00     3.4215e-02  0.0000e+00     9.3132e-03  0.0000e+00     1.1087e-02  0.0000e+00 
1.3357e+00     1.6888e-02  0.0000e+00     2.2558e-02  0.0000e+00     6.1404e-03  0.0000e+00     8.2019e-03  0.0000e+00 
1.4987e+00     8.3191e-03  0.0000e+00     1.2468e-02  0.0000e+00     3.3938e-03  0.0000e+00     5.0863e-03  0.0000e+00 
1.6816e+00     3.8969e-03  0.0000e+00     6.5530e-03  0.0000e+00     1.7837e-03  0.0000e+00     2.9995e-03  0.0000e+00 
1.8868e+00     1.4446e-03  0.0000e+00     2.7256e-03  0.0000e+00     7.4190e-04  0.0000e+00     1.3998e-03  0.0000e+00 
2.1170e+00     5.7525e-04  0.0000e+00     1.2178e-03  0.0000e+00     3.3149e-04  0.0000e+00     7.0175e-04  0.0000e+00 
2.3753e+00     2.4414e-04  0.0000e+00     5.7991e-04  0.0000e+00     1.5785e-04  0.0000e+00     3.7494e-04  0.0000e+00 
2.6651e+00     1.0880e-04  0.0000e+00     2.8995e-04  0.0000e+00     7.8925e-05  0.0000e+00     2.1035e-04  0.0000e+00 
2.9903e+00     0.0000e+00  0.0000e+00     0.0000e+00  0.0000e+00     0.0000e+00  0.0000e+00     0.0000e+00  0.0000e+00 
3.3552e+00     0.0000e+00  0.0000e+00     0.0000e+00  0.0000e+00     0.0000e+00  0.0000e+00     0.0000e+00  0.0000e+00 
3.7646e+00     0.0000e+00  0.0000e+00     0.0000e+00  0.0000e+00     0.0000e+00  0.0000e+00     0.0000e+00  0.0000e+00 
4.2240e+00     0.0000e+00  0.0000e+00     0.0000e+00  0.0000e+00     0.0000e+00  0.0000e+00     0.0000e+00  0.0000e+00 
4.7394e+00     0.0000e+00  0.0000e+00     0.0000e+00  0.0000e+00     0.0000e+00  0.0000e+00     0.0000e+00  0.0000e+00 
5.3176e+00     0.0000e+00  0.0000e+00     0.0000e+00  0.0000e+00     0.0000e+00  0.0000e+00     0.0000e+00  0.0000e+00 
5.9665e+00     4.6993e-02  0.0000e+00     2.8039e-01  0.0000e+00     7.6321e-02  0.0000e+00     4.5537e-01  0.0000e+00 
6.6945e+00     1.3444e-02  0.0000e+00     9.0002e-02  0.0000e+00     2.4498e-02  0.0000e+00     1.6400e-01  0.0000e+00 
7.5114e+00     5.5124e-03  0.0000e+00     4.1405e-02  0.0000e+00     1.1271e-02  0.0000e+00     8.4657e-02  0.0000e+00 
8.4279e+00     4.2895e-02  0.0000e+00     3.6151e-01  0.0000e+00     9.8404e-02  0.0000e+00     8.2934e-01  0.0000e+00 
9.4563e+00     1.1646e-02  0.0000e+00     1.1012e-01  0.0000e+00     2.9976e-02  0.0000e+00     2.8346e-01  0.0000e+00 
1.0610e+01     1.9704e-02  0.0000e+00     2.0906e-01  0.0000e+00     5.6905e-02  0.0000e+00     6.0377e-01  0.0000e+00 
1.1905e+01     1.5291e-02  0.0000e+00     1.8203e-01  0.0000e+00     4.9549e-02  0.0000e+00     5.8987e-01  0.0000e+00 
1.3357e+01     1.3163e-02  0.0000e+00     1.7583e-01  0.0000e+00     4.7860e-02  0.0000e+00     6.3928e-01  0.0000e+00 
1.4987e+01     7.5298e-03  0.0000e+00     1.1285e-01  0.0000e+00     3.0718e-02  0.0000e+00     4.6037e-01  0.0000e+00 
1.6816e+01     3.9038e-03  0.0000e+00     6.5646e-02  0.0000e+00     1.7869e-02  0.0000e+00     3.0048e-01  0.0000e+00 
1.8868e+01     2.9383e-03  0.0000e+00     5.5439e-02  0.0000e+00     1.5090e-02  0.0000e+00     2.8472e-01  0.0000e+00 
2.1170e+01     2.9749e-03  0.0000e+00     6.2978e-02  0.0000e+00     1.7143e-02  0.0000e+00     3.6291e-01  0.0000e+00 
2.3753e+01     4.0356e-03  0.0000e+00     9.5859e-02  0.0000e+00     2.6093e-02  0.0000e+00     6.1978e-01  0.0000e+00 
2.6651e+01     1.6885e-03  0.0000e+00     4.5001e-02  0.0000e+00     1.2249e-02  0.0000e+00     3.2646e-01  0.0000e+00 
2.9903e+01     1.3478e-03  0.0000e+00     4.0304e-02  0.0000e+00     1.0971e-02  0.0000e+00     3.2806e-01  0.0000e+00 
3.3552e+01     1.1200e-03  0.0000e+00     3.7578e-02  0.0000e+00     1.0229e-02  0.0000e+00     3.4319e-01  0.0000e+00 
3.7646e+01     9.2887e-04  0.0000e+00     3.4968e-02  0.0000e+00     9.5184e-03  0.0000e+00     3.5833e-01  0.0000e+00 
4.2240e+01     5.6426e-04  0.0000e+00     2.3834e-02  0.0000e+00     6.4877e-03  0.0000e+00     2.7404e-01  0.0000e+00 
4.7394e+01     4.1113e-04  0.0000e+00     1.9485e-02  0.0000e+00     5.3038e-03  0.0000e+00     2.5136e-01  0.0000e+00 
5.3176e+01     2.7591e-04  0.0000e+00     1.4672e-02  0.0000e+00     3.9936e-03  0.0000e+00     2.1237e-01  0.0000e+00 
5.9665e+01     1.5357e-04  0.0000e+00     9.1625e-03  0.0000e+00     2.4940e-03  0.0000e+00     1.4881e-01  0.0000e+00 
6.6945e+01     7.9694e-05  0.0000e+00     5.3351e-03  0.0000e+00     1.4522e-03  0.0000e+00     9.7219e-02  0.0000e+00 
7.5114e+01     5.6359e-05  0.0000e+00     4.2333e-03  0.0000e+00     1.1523e-03  0.0000e+00     8.6554e-02  0.0000e+00 
8.4279e+01     2.6147e-05  0.0000e+00     2.2036e-03  0.0000e+00     5.9983e-04  0.0000e+00     5.0553e-02  0.0000e+00 
9.4563e+01     1.5945e-05  0.0000e+00     1.5078e-03  0.0000e+00     4.1041e-04  0.0000e+00     3.8810e-02  0.0000e+00 
1.0610e+02     3.8259e-06  0.0000e+00     4.0594e-04  0.0000e+00     1.1050e-04  0.0000e+00     1.1724e-02  0.0000e+00 
1.1905e+02     3.4099e-06  0.0000e+00     4.0594e-04  0.0000e+00     1.1050e-04  0.0000e+00     1.3154e-02  0.0000e+00 
1.3357e+02     8.6830e-07  0.0000e+00     1.1598e-04  0.0000e+00     3.1570e-05  0.0000e+00     4.2169e-03  0.0000e+00 
1.4987e+02     7.7387e-07  0.0000e+00     1.1598e-04  0.0000e+00     3.1570e-05  0.0000e+00     4.7315e-03  0.0000e+00 
1.6816e+02     0.0000e+00  0.0000e+00     0.0000e+00  0.0000e+00     0.0000e+00  0.0000e+00     0.0000e+00  0.0000e+00 
1.8868e+02     0.0000e+00  0.0000e+00     0.0000e+00  0.0000e+00     0.0000e+00  0.0000e+00     0.0000e+00  0.0000e+00 
2.1170e+02     0.0000e+00  0.0000e+00     0.0000e+00  0.0000e+00     0.0000e+00  0.0000e+00     0.0000e+00  0.0000e+00 
2.3753e+02     0.0000e+00  0.0000e+00     0.0000e+00  0.0000e+00     0.0000e+00  0.0000e+00     0.0000e+00  0.0000e+00 
2.6651e+02     0.0000e+00  0.0000e+00     0.0000e+00  0.0000e+00     0.0000e+00  0.0000e+00     0.0000e+00  0.0000e+00 
2.9903e+02     0.0000e+00  0.0000e+00     0.0000e+00  0.0000e+00     0.0000e+00  0.0000e+00     0.0000e+00  0.0000e+00 
3.3552e+02     0.0000e+00  0.0000e+00     0.0000e+00  0.0000e+00     0.0000e+00  0.0000e+00     0.0000e+00  0.0000e+00 
3.7646e+02     0.0000e+00  0.0000e+00     0.0000e+00  0.0000e+00     0.0000e+00  0.0000e+00     0.0000e+00  0.0000e+00 
4.2240e+02     0.0000e+00  0.0000e+00     0.0000e+00  0.0000e+00     0.0000e+00  0.0000e+00     0.0000e+00  0.0000e+00 
4.7394e+02     0.0000e+00  0.0000e+00     0.0000e+00  0.0000e+00     0.0000e+00  0.0000e+00     0.0000e+00  0.0000e+00 
5.3176e+02     0.0000e+00  0.0000e+00     0.0000e+00  0.0000e+00     0.0000e+00  0.0000e+00     0.0000e+00  0.0000e+00 
5.9665e+02     0.0000e+00  0.0000e+00     0.0000e+00  0.0000e+00     0.0000e+00  0.0000e+00     0.0000e+00  0.0000e+00 
6.6945e+02     0.0000e+00  0.0000e+00     0.0000e+00  0.0000e+00     0.0000e+00  0.0000e+00     0.0000e+00  0.0000e+00 
7.5114e+02     0.0000e+00  0.0000e+00     0.0000e+00  0.0000e+00     0.0000e+00  0.0000e+00     0.0000e+00  0.0000e+00 
8.4279e+02     0.0000e+00  0.0000e+00     0.0000e+00  0.0000e+00     0.0000e+00  0.0000e+00     0.0000e+00  0.0000e+00 
9.4563e+02     0.0000e+00  0.0000e+00     0.0000e+00  0.0000e+00     0.0000e+00  0.0000e+00     0.0000e+00  0.0000e+00 
1.0610e+03     0.0000e+00  0.0000e+00     0.0000e+00  0.0000e+00     0.0000e+00  0.0000e+00     0.0000e+00  0.0000e+00 
1.1905e+03     0.0000e+00  0.0000e+00     0.0000e+00  0.0000e+00     0.0000e+00  0.0000e+00     0.0000e+00  0.0000e+00 
1.3357e+03     0.0000e+00  0.0000e+00     0.0000e+00  0.0000e+00     0.0000e+00  0.0000e+00     0.0000e+00  0.0000e+00 
1.4987e+03     0.0000e+00  0.0000e+00     0.0000e+00  0.0000e+00     0.0000e+00  0.0000e+00     0.0000e+00  0.0000e+00 
1.6816e+03     0.0000e+00  0.0000e+00     0.0000e+00  0.0000e+00     0.0000e+00  0.0000e+00     0.0000e+00  0.0000e+00 
1.8868e+03     0.0000e+00  0.0000e+00     0.0000e+00  0.0000e+00     0.0000e+00  0.0000e+00     0.0000e+00  0.0000e+00 
2.1170e+03     0.0000e+00  0.0000e+00     0.0000e+00  0.0000e+00     0.0000e+00  0.0000e+00     0.0000e+00  0.0000e+00 
2.3753e+03     0.0000e+00  0.0000e+00     0.0000e+00  0.0000e+00     0.0000e+00  0.0000e+00     0.0000e+00  0.0000e+00 
2.6651e+03     0.0000e+00  0.0000e+00     0.0000e+00  0.0000e+00     0.0000e+00  0.0000e+00     0.0000e+00  0.0000e+00 
2.9903e+03     0.0000e+00  0.0000e+00     0.0000e+00  0.0000e+00     0.0000e+00  0.0000e+00     0.0000e+00  0.0000e+00 
3.3552e+03     0.0000e+00  0.0000e+00     0.0000e+00  0.0000e+00     0.0000e+00  0.0000e+00     0.0000e+00  0.0000e+00 
3.7646e+03     0.0000e+00  0.0000e+00     0.0000e+00  0.0000e+00     0.0000e+00  0.0000e+00     0.0000e+00  0.0000e+00 
4.2240e+03     0.0000e+00  0.0000e+00     0.0000e+00  0.0000e+00     0.0000e+00  0.0000e+00     0.0000e+00  0.0000e+00 
4.7394e+03     0.0000e+00  0.0000e+00     0.0000e+00  0.0000e+00     0.0000e+00  0.0000e+00     0.0000e+00  0.0000e+00 
5.3176e+03     0.0000e+00  0.0000e+00     0.0000e+00  0.0000e+00     0.0000e+00  0.0000e+00     0.0000e+00  0.0000e+00 
5.9665e+03     0.0000e+00  0.0000e+00     0.0000e+00  0.0000e+00     0.0000e+00  0.0000e+00     0.0000e+00  0.0000e+00 
6.6945e+03     0.0000e+00  0.0000e+00     0.0000e+00  0.0000e+00     0.0000e+00  0.0000e+00     0.0000e+00  0.0000e+00 
7.5114e+03     0.0000e+00  0.0000e+00     0.0000e+00  0.0000e+00     0.0000e+00  0.0000e+00     0.0000e+00  0.0000e+00 
8.4279e+03     0.0000e+00  0.0000e+00     0.0000e+00  0.0000e+00     0.0000e+00  0.0000e+00     0.0000e+00  0.0000e+00 
9.4563e+03     0.0000e+00  0.0000e+00     0.0000e+00  0.0000e+00     0.0000e+00  0.0000e+00     0.0000e+00  0.0000e+00 
