yF = 5.6604e+00 (std: 0.0000e+00) keV/um
yD = 1.9201e+01 (std: 0.0000e+00) keV/um
y (keV/um)     f(y)(std)                  yf(y)(std)                 d(y)(std)                  yd(y)(std)  
1.0610e-01     2.3680e+01  0.0000e+00     2.5125e+00  0.0000e+00     4.4388e-01  0.0000e+00     4.7096e-02  0.0000e+00 
1.1905e-01     1.7208e+00  0.0000e+00     2.0486e-01  0.0000e+00     3.6192e-02  0.0000e+00     4.3086e-03  0.0000e+00 
1.3357e-01     4.8306e-01  0.0000e+00     6.4524e-02  0.0000e+00     1.1399e-02  0.0000e+00     1.5226e-03  0.0000e+00 
1.4987e-01     2.4432e+00  0.0000e+00     3.6617e-01  0.0000e+00     6.4690e-02  0.0000e+00     9.6953e-03  0.0000e+00 
1.6816e-01     7.1896e-01  0.0000e+00     1.2090e-01  0.0000e+00     2.1359e-02  0.0000e+00     3.5917e-03  0.0000e+00 
1.8868e-01     4.6660e-01  0.0000e+00     8.8036e-02  0.0000e+00     1.5553e-02  0.0000e+00     2.9345e-03  0.0000e+00 
2.1170e-01     5.0515e-01  0.0000e+00     1.0694e-01  0.0000e+00     1.8893e-02  0.0000e+00     3.9996e-03  0.0000e+00 
2.3753e-01     4.7383e-01  0.0000e+00     1.1255e-01  0.0000e+00     1.9884e-02  0.0000e+00     4.7230e-03  0.0000e+00 
2.6651e-01     2.1053e-01  0.0000e+00     5.6108e-02  0.0000e+00     9.9124e-03  0.0000e+00     2.6418e-03  0.0000e+00 
2.9903e-01     1.8987e-01  0.0000e+00     5.6776e-02  0.0000e+00     1.0030e-02  0.0000e+00     2.9994e-03  0.0000e+00 
3.3552e-01     1.1188e+00  0.0000e+00     3.7539e-01  0.0000e+00     6.6319e-02  0.0000e+00     2.2251e-02  0.0000e+00 
3.7646e-01     7.1877e-01  0.0000e+00     2.7059e-01  0.0000e+00     4.7804e-02  0.0000e+00     1.7996e-02  0.0000e+00 
4.2240e-01     3.1674e-01  0.0000e+00     1.3379e-01  0.0000e+00     2.3636e-02  0.0000e+00     9.9839e-03  0.0000e+00 
4.7394e-01     2.9696e-01  0.0000e+00     1.4074e-01  0.0000e+00     2.4864e-02  0.0000e+00     1.1784e-02  0.0000e+00 
5.3176e-01     1.8264e-01  0.0000e+00     9.7120e-02  0.0000e+00     1.7158e-02  0.0000e+00     9.1240e-03  0.0000e+00 
5.9665e-01     9.1352e-02  0.0000e+00     5.4505e-02  0.0000e+00     9.6292e-03  0.0000e+00     5.7453e-03  0.0000e+00 
6.6945e-01     1.6832e-01  0.0000e+00     1.1268e-01  0.0000e+00     1.9907e-02  0.0000e+00     1.3327e-02  0.0000e+00 
7.5114e-01     1.3374e-01  0.0000e+00     1.0046e-01  0.0000e+00     1.7748e-02  0.0000e+00     1.3331e-02  0.0000e+00 
8.4279e-01     6.0392e-02  0.0000e+00     5.0898e-02  0.0000e+00     8.9920e-03  0.0000e+00     7.5784e-03  0.0000e+00 
9.4563e-01     3.8002e-02  0.0000e+00     3.5936e-02  0.0000e+00     6.3487e-03  0.0000e+00     6.0035e-03  0.0000e+00 
1.0610e+00     2.7889e-02  0.0000e+00     2.9590e-02  0.0000e+00     5.2276e-03  0.0000e+00     5.5466e-03  0.0000e+00 
1.1905e+00     1.5823e-02  0.0000e+00     1.8836e-02  0.0000e+00     3.3277e-03  0.0000e+00     3.9616e-03  0.0000e+00 
1.3357e+00     8.5511e-03  0.0000e+00     1.1422e-02  0.0000e+00     2.0179e-03  0.0000e+00     2.6954e-03  0.0000e+00 
1.4987e+00     3.7437e-03  0.0000e+00     5.6108e-03  0.0000e+00     9.9124e-04  0.0000e+00     1.4856e-03  0.0000e+00 
1.6816e+00     2.1847e-03  0.0000e+00     3.6737e-03  0.0000e+00     6.4903e-04  0.0000e+00     1.0914e-03  0.0000e+00 
1.8868e+00     7.4344e-04  0.0000e+00     1.4027e-03  0.0000e+00     2.4781e-04  0.0000e+00     4.6756e-04  0.0000e+00 
2.1170e+00     1.8931e-04  0.0000e+00     4.0077e-04  0.0000e+00     7.0803e-05  0.0000e+00     1.4989e-04  0.0000e+00 
2.3753e+00     2.8121e-05  0.0000e+00     6.6795e-05  0.0000e+00     1.1801e-05  0.0000e+00     2.8030e-05  0.0000e+00 
2.6651e+00     0.0000e+00  0.0000e+00     0.0000e+00  0.0000e+00     0.0000e+00  0.0000e+00     0.0000e+00  0.0000e+00 
2.9903e+00     0.0000e+00  0.0000e+00     0.0000e+00  0.0000e+00     0.0000e+00  0.0000e+00     0.0000e+00  0.0000e+00 
3.3552e+00     0.0000e+00  0.0000e+00     0.0000e+00  0.0000e+00     0.0000e+00  0.0000e+00     0.0000e+00  0.0000e+00 
3.7646e+00     0.0000e+00  0.0000e+00     0.0000e+00  0.0000e+00     0.0000e+00  0.0000e+00     0.0000e+00  0.0000e+00 
4.2240e+00     1.5813e-05  0.0000e+00     6.6795e-05  0.0000e+00     1.1801e-05  0.0000e+00     4.9845e-05  0.0000e+00 
4.7394e+00     0.0000e+00  0.0000e+00     0.0000e+00  0.0000e+00     0.0000e+00  0.0000e+00     0.0000e+00  0.0000e+00 
5.3176e+00     0.0000e+00  0.0000e+00     0.0000e+00  0.0000e+00     0.0000e+00  0.0000e+00     0.0000e+00  0.0000e+00 
5.9665e+00     7.8679e-02  0.0000e+00     4.6944e-01  0.0000e+00     8.2934e-02  0.0000e+00     4.9483e-01  0.0000e+00 
6.6945e+00     1.9865e-02  0.0000e+00     1.3299e-01  0.0000e+00     2.3495e-02  0.0000e+00     1.5729e-01  0.0000e+00 
7.5114e+00     8.4390e-03  0.0000e+00     6.3389e-02  0.0000e+00     1.1199e-02  0.0000e+00     8.4118e-02  0.0000e+00 
8.4279e+00     3.3533e-02  0.0000e+00     2.8261e-01  0.0000e+00     4.9928e-02  0.0000e+00     4.2079e-01  0.0000e+00 
9.4563e+00     2.9992e-02  0.0000e+00     2.8361e-01  0.0000e+00     5.0105e-02  0.0000e+00     4.7381e-01  0.0000e+00 
1.0610e+01     7.6143e-02  0.0000e+00     8.0789e-01  0.0000e+00     1.4273e-01  0.0000e+00     1.5143e+00  0.0000e+00 
1.1905e+01     2.8716e-02  0.0000e+00     3.4186e-01  0.0000e+00     6.0395e-02  0.0000e+00     7.1899e-01  0.0000e+00 
1.3357e+01     1.2542e-02  0.0000e+00     1.6752e-01  0.0000e+00     2.9596e-02  0.0000e+00     3.9532e-01  0.0000e+00 
1.4987e+01     5.0451e-03  0.0000e+00     7.5612e-02  0.0000e+00     1.3358e-02  0.0000e+00     2.0020e-01  0.0000e+00 
1.6816e+01     2.3579e-02  0.0000e+00     3.9650e-01  0.0000e+00     7.0048e-02  0.0000e+00     1.1779e+00  0.0000e+00 
1.8868e+01     6.7865e-03  0.0000e+00     1.2805e-01  0.0000e+00     2.2622e-02  0.0000e+00     4.2682e-01  0.0000e+00 
2.1170e+01     3.3918e-03  0.0000e+00     7.1805e-02  0.0000e+00     1.2686e-02  0.0000e+00     2.6855e-01  0.0000e+00 
2.3753e+01     3.1917e-03  0.0000e+00     7.5813e-02  0.0000e+00     1.3394e-02  0.0000e+00     3.1814e-01  0.0000e+00 
2.6651e+01     1.9474e-03  0.0000e+00     5.1900e-02  0.0000e+00     9.1690e-03  0.0000e+00     2.4437e-01  0.0000e+00 
2.9903e+01     1.5011e-03  0.0000e+00     4.4886e-02  0.0000e+00     7.9299e-03  0.0000e+00     2.3713e-01  0.0000e+00 
3.3552e+01     1.2900e-03  0.0000e+00     4.3283e-02  0.0000e+00     7.6467e-03  0.0000e+00     2.5656e-01  0.0000e+00 
3.7646e+01     9.7941e-04  0.0000e+00     3.6871e-02  0.0000e+00     6.5139e-03  0.0000e+00     2.4522e-01  0.0000e+00 
4.2240e+01     6.3412e-04  0.0000e+00     2.6785e-02  0.0000e+00     4.7320e-03  0.0000e+00     1.9988e-01  0.0000e+00 
4.7394e+01     4.5946e-04  0.0000e+00     2.1775e-02  0.0000e+00     3.8470e-03  0.0000e+00     1.8232e-01  0.0000e+00 
5.3176e+01     2.7006e-04  0.0000e+00     1.4361e-02  0.0000e+00     2.5371e-03  0.0000e+00     1.3491e-01  0.0000e+00 
5.9665e+01     1.7800e-04  0.0000e+00     1.0620e-02  0.0000e+00     1.8763e-03  0.0000e+00     1.1195e-01  0.0000e+00 
6.6945e+01     8.4810e-05  0.0000e+00     5.6776e-03  0.0000e+00     1.0030e-03  0.0000e+00     6.7149e-02  0.0000e+00 
7.5114e+01     5.6023e-05  0.0000e+00     4.2081e-03  0.0000e+00     7.4343e-04  0.0000e+00     5.5842e-02  0.0000e+00 
8.4279e+01     2.7739e-05  0.0000e+00     2.3378e-03  0.0000e+00     4.1302e-04  0.0000e+00     3.4809e-02  0.0000e+00 
9.4563e+01     1.6246e-05  0.0000e+00     1.5363e-03  0.0000e+00     2.7141e-04  0.0000e+00     2.5665e-02  0.0000e+00 
1.0610e+02     8.8136e-06  0.0000e+00     9.3513e-04  0.0000e+00     1.6521e-04  0.0000e+00     1.7529e-02  0.0000e+00 
1.1905e+02     3.3665e-06  0.0000e+00     4.0077e-04  0.0000e+00     7.0803e-05  0.0000e+00     8.4289e-03  0.0000e+00 
1.3357e+02     1.5002e-06  0.0000e+00     2.0039e-04  0.0000e+00     3.5402e-05  0.0000e+00     4.7287e-03  0.0000e+00 
1.4987e+02     4.4568e-07  0.0000e+00     6.6795e-05  0.0000e+00     1.1801e-05  0.0000e+00     1.7686e-03  0.0000e+00 
1.6816e+02     0.0000e+00  0.0000e+00     0.0000e+00  0.0000e+00     0.0000e+00  0.0000e+00     0.0000e+00  0.0000e+00 
1.8868e+02     0.0000e+00  0.0000e+00     0.0000e+00  0.0000e+00     0.0000e+00  0.0000e+00     0.0000e+00  0.0000e+00 
2.1170e+02     0.0000e+00  0.0000e+00     0.0000e+00  0.0000e+00     0.0000e+00  0.0000e+00     0.0000e+00  0.0000e+00 
2.3753e+02     0.0000e+00  0.0000e+00     0.0000e+00  0.0000e+00     0.0000e+00  0.0000e+00     0.0000e+00  0.0000e+00 
2.6651e+02     0.0000e+00  0.0000e+00     0.0000e+00  0.0000e+00     0.0000e+00  0.0000e+00     0.0000e+00  0.0000e+00 
2.9903e+02     0.0000e+00  0.0000e+00     0.0000e+00  0.0000e+00     0.0000e+00  0.0000e+00     0.0000e+00  0.0000e+00 
3.3552e+02     0.0000e+00  0.0000e+00     0.0000e+00  0.0000e+00     0.0000e+00  0.0000e+00     0.0000e+00  0.0000e+00 
3.7646e+02     0.0000e+00  0.0000e+00     0.0000e+00  0.0000e+00     0.0000e+00  0.0000e+00     0.0000e+00  0.0000e+00 
4.2240e+02     0.0000e+00  0.0000e+00     0.0000e+00  0.0000e+00     0.0000e+00  0.0000e+00     0.0000e+00  0.0000e+00 
4.7394e+02     0.0000e+00  0.0000e+00     0.0000e+00  0.0000e+00     0.0000e+00  0.0000e+00     0.0000e+00  0.0000e+00 
5.3176e+02     0.0000e+00  0.0000e+00     0.0000e+00  0.0000e+00     0.0000e+00  0.0000e+00     0.0000e+00  0.0000e+00 
5.9665e+02     0.0000e+00  0.0000e+00     0.0000e+00  0.0000e+00     0.0000e+00  0.0000e+00     0.0000e+00  0.0000e+00 
6.6945e+02     0.0000e+00  0.0000e+00     0.0000e+00  0.0000e+00     0.0000e+00  0.0000e+00     0.0000e+00  0.0000e+00 
7.5114e+02     0.0000e+00  0.0000e+00     0.0000e+00  0.0000e+00     0.0000e+00  0.0000e+00     0.0000e+00  0.0000e+00 
8.4279e+02     0.0000e+00  0.0000e+00     0.0000e+00  0.0000e+00     0.0000e+00  0.0000e+00     0.0000e+00  0.0000e+00 
9.4563e+02     0.0000e+00  0.0000e+00     0.0000e+00  0.0000e+00     0.0000e+00  0.0000e+00     0.0000e+00  0.0000e+00 
1.0610e+03     0.0000e+00  0.0000e+00     0.0000e+00  0.0000e+00     0.0000e+00  0.0000e+00     0.0000e+00  0.0000e+00 
1.1905e+03     0.0000e+00  0.0000e+00     0.0000e+00  0.0000e+00     0.0000e+00  0.0000e+00     0.0000e+00  0.0000e+00 
1.3357e+03     0.0000e+00  0.0000e+00     0.0000e+00  0.0000e+00     0.0000e+00  0.0000e+00     0.0000e+00  0.0000e+00 
1.4987e+03     0.0000e+00  0.0000e+00     0.0000e+00  0.0000e+00     0.0000e+00  0.0000e+00     0.0000e+00  0.0000e+00 
1.6816e+03     0.0000e+00  0.0000e+00     0.0000e+00  0.0000e+00     0.0000e+00  0.0000e+00     0.0000e+00  0.0000e+00 
1.8868e+03     0.0000e+00  0.0000e+00     0.0000e+00  0.0000e+00     0.0000e+00  0.0000e+00     0.0000e+00  0.0000e+00 
2.1170e+03     0.0000e+00  0.0000e+00     0.0000e+00  0.0000e+00     0.0000e+00  0.0000e+00     0.0000e+00  0.0000e+00 
2.3753e+03     0.0000e+00  0.0000e+00     0.0000e+00  0.0000e+00     0.0000e+00  0.0000e+00     0.0000e+00  0.0000e+00 
2.6651e+03     0.0000e+00  0.0000e+00     0.0000e+00  0.0000e+00     0.0000e+00  0.0000e+00     0.0000e+00  0.0000e+00 
2.9903e+03     0.0000e+00  0.0000e+00     0.0000e+00  0.0000e+00     0.0000e+00  0.0000e+00     0.0000e+00  0.0000e+00 
3.3552e+03     0.0000e+00  0.0000e+00     0.0000e+00  0.0000e+00     0.0000e+00  0.0000e+00     0.0000e+00  0.0000e+00 
3.7646e+03     0.0000e+00  0.0000e+00     0.0000e+00  0.0000e+00     0.0000e+00  0.0000e+00     0.0000e+00  0.0000e+00 
4.2240e+03     0.0000e+00  0.0000e+00     0.0000e+00  0.0000e+00     0.0000e+00  0.0000e+00     0.0000e+00  0.0000e+00 
4.7394e+03     0.0000e+00  0.0000e+00     0.0000e+00  0.0000e+00     0.0000e+00  0.0000e+00     0.0000e+00  0.0000e+00 
5.3176e+03     0.0000e+00  0.0000e+00     0.0000e+00  0.0000e+00     0.0000e+00  0.0000e+00     0.0000e+00  0.0000e+00 
5.9665e+03     0.0000e+00  0.0000e+00     0.0000e+00  0.0000e+00     0.0000e+00  0.0000e+00     0.0000e+00  0.0000e+00 
6.6945e+03     0.0000e+00  0.0000e+00     0.0000e+00  0.0000e+00     0.0000e+00  0.0000e+00     0.0000e+00  0.0000e+00 
7.5114e+03     0.0000e+00  0.0000e+00     0.0000e+00  0.0000e+00     0.0000e+00  0.0000e+00     0.0000e+00  0.0000e+00 
8.4279e+03     0.0000e+00  0.0000e+00     0.0000e+00  0.0000e+00     0.0000e+00  0.0000e+00     0.0000e+00  0.0000e+00 
9.4563e+03     0.0000e+00  0.0000e+00     0.0000e+00  0.0000e+00     0.0000e+00  0.0000e+00     0.0000e+00  0.0000e+00 
