yF = 7.1415e+00 (std: 0.0000e+00) keV/um
yD = 2.4752e+01 (std: 0.0000e+00) keV/um
y (keV/um)     f(y)(std)                  yf(y)(std)                 d(y)(std)                  yd(y)(std)  
1.0610e-01     2.1855e+01  0.0000e+00     2.3189e+00  0.0000e+00     3.2470e-01  0.0000e+00     3.4451e-02  0.0000e+00 
1.1905e-01     1.6361e+00  0.0000e+00     1.9477e-01  0.0000e+00     2.7273e-02  0.0000e+00     3.2468e-03  0.0000e+00 
1.3357e-01     4.6334e-01  0.0000e+00     6.1889e-02  0.0000e+00     8.6662e-03  0.0000e+00     1.1576e-03  0.0000e+00 
1.4987e-01     2.3718e+00  0.0000e+00     3.5546e-01  0.0000e+00     4.9775e-02  0.0000e+00     7.4598e-03  0.0000e+00 
1.6816e-01     7.2454e-01  0.0000e+00     1.2184e-01  0.0000e+00     1.7061e-02  0.0000e+00     2.8689e-03  0.0000e+00 
1.8868e-01     5.0389e-01  0.0000e+00     9.5073e-02  0.0000e+00     1.3313e-02  0.0000e+00     2.5118e-03  0.0000e+00 
2.1170e-01     5.1959e-01  0.0000e+00     1.1000e-01  0.0000e+00     1.5403e-02  0.0000e+00     3.2607e-03  0.0000e+00 
2.3753e-01     5.0812e-01  0.0000e+00     1.2069e-01  0.0000e+00     1.6900e-02  0.0000e+00     4.0144e-03  0.0000e+00 
2.6651e-01     2.2214e-01  0.0000e+00     5.9203e-02  0.0000e+00     8.2900e-03  0.0000e+00     2.2094e-03  0.0000e+00 
2.9903e-01     2.0497e-01  0.0000e+00     6.1292e-02  0.0000e+00     8.5826e-03  0.0000e+00     2.5665e-03  0.0000e+00 
3.3552e-01     1.0654e+00  0.0000e+00     3.5745e-01  0.0000e+00     5.0053e-02  0.0000e+00     1.6794e-02  0.0000e+00 
3.7646e-01     6.6658e-01  0.0000e+00     2.5094e-01  0.0000e+00     3.5138e-02  0.0000e+00     1.3228e-02  0.0000e+00 
4.2240e-01     3.1118e-01  0.0000e+00     1.3144e-01  0.0000e+00     1.8405e-02  0.0000e+00     7.7742e-03  0.0000e+00 
4.7394e-01     3.0169e-01  0.0000e+00     1.4298e-01  0.0000e+00     2.0021e-02  0.0000e+00     9.4888e-03  0.0000e+00 
5.3176e-01     1.8805e-01  0.0000e+00     9.9998e-02  0.0000e+00     1.4002e-02  0.0000e+00     7.4460e-03  0.0000e+00 
5.9665e-01     1.0281e-01  0.0000e+00     6.1342e-02  0.0000e+00     8.5895e-03  0.0000e+00     5.1249e-03  0.0000e+00 
6.6945e-01     1.6394e-01  0.0000e+00     1.0975e-01  0.0000e+00     1.5368e-02  0.0000e+00     1.0288e-02  0.0000e+00 
7.5114e-01     1.3584e-01  0.0000e+00     1.0204e-01  0.0000e+00     1.4288e-02  0.0000e+00     1.0732e-02  0.0000e+00 
8.4279e-01     6.9302e-02  0.0000e+00     5.8407e-02  0.0000e+00     8.1785e-03  0.0000e+00     6.8928e-03  0.0000e+00 
9.4563e-01     4.0142e-02  0.0000e+00     3.7959e-02  0.0000e+00     5.3153e-03  0.0000e+00     5.0263e-03  0.0000e+00 
1.0610e+00     3.3151e-02  0.0000e+00     3.5173e-02  0.0000e+00     4.9252e-03  0.0000e+00     5.2257e-03  0.0000e+00 
1.1905e+00     1.8053e-02  0.0000e+00     2.1492e-02  0.0000e+00     3.0095e-03  0.0000e+00     3.5827e-03  0.0000e+00 
1.3357e+00     1.0466e-02  0.0000e+00     1.3980e-02  0.0000e+00     1.9575e-03  0.0000e+00     2.6148e-03  0.0000e+00 
1.4987e+00     4.6141e-03  0.0000e+00     6.9153e-03  0.0000e+00     9.6832e-04  0.0000e+00     1.4512e-03  0.0000e+00 
1.6816e+00     2.5739e-03  0.0000e+00     4.3283e-03  0.0000e+00     6.0607e-04  0.0000e+00     1.0192e-03  0.0000e+00 
1.8868e+00     9.7561e-04  0.0000e+00     1.8408e-03  0.0000e+00     2.5776e-04  0.0000e+00     4.8633e-04  0.0000e+00 
2.1170e+00     1.6450e-04  0.0000e+00     3.4825e-04  0.0000e+00     4.8765e-05  0.0000e+00     1.0323e-04  0.0000e+00 
2.3753e+00     1.0472e-04  0.0000e+00     2.4875e-04  0.0000e+00     3.4832e-05  0.0000e+00     8.2736e-05  0.0000e+00 
2.6651e+00     1.8667e-05  0.0000e+00     4.9750e-05  0.0000e+00     6.9664e-06  0.0000e+00     1.8566e-05  0.0000e+00 
2.9903e+00     0.0000e+00  0.0000e+00     0.0000e+00  0.0000e+00     0.0000e+00  0.0000e+00     0.0000e+00  0.0000e+00 
3.3552e+00     0.0000e+00  0.0000e+00     0.0000e+00  0.0000e+00     0.0000e+00  0.0000e+00     0.0000e+00  0.0000e+00 
3.7646e+00     0.0000e+00  0.0000e+00     0.0000e+00  0.0000e+00     0.0000e+00  0.0000e+00     0.0000e+00  0.0000e+00 
4.2240e+00     0.0000e+00  0.0000e+00     0.0000e+00  0.0000e+00     0.0000e+00  0.0000e+00     0.0000e+00  0.0000e+00 
4.7394e+00     0.0000e+00  0.0000e+00     0.0000e+00  0.0000e+00     0.0000e+00  0.0000e+00     0.0000e+00  0.0000e+00 
5.3176e+00     0.0000e+00  0.0000e+00     0.0000e+00  0.0000e+00     0.0000e+00  0.0000e+00     0.0000e+00  0.0000e+00 
5.9665e+00     6.8007e-02  0.0000e+00     4.0576e-01  0.0000e+00     5.6818e-02  0.0000e+00     3.3900e-01  0.0000e+00 
6.6945e+00     1.8296e-02  0.0000e+00     1.2248e-01  0.0000e+00     1.7151e-02  0.0000e+00     1.1482e-01  0.0000e+00 
7.5114e+00     6.6829e-03  0.0000e+00     5.0198e-02  0.0000e+00     7.0291e-03  0.0000e+00     5.2798e-02  0.0000e+00 
8.4279e+00     4.5323e-02  0.0000e+00     3.8198e-01  0.0000e+00     5.3488e-02  0.0000e+00     4.5079e-01  0.0000e+00 
9.4563e+00     2.4564e-02  0.0000e+00     2.3228e-01  0.0000e+00     3.2526e-02  0.0000e+00     3.0757e-01  0.0000e+00 
1.0610e+01     4.1174e-02  0.0000e+00     4.3686e-01  0.0000e+00     6.1172e-02  0.0000e+00     6.4904e-01  0.0000e+00 
1.1905e+01     3.0164e-02  0.0000e+00     3.5910e-01  0.0000e+00     5.0283e-02  0.0000e+00     5.9861e-01  0.0000e+00 
1.3357e+01     2.6727e-02  0.0000e+00     3.5701e-01  0.0000e+00     4.9991e-02  0.0000e+00     6.6774e-01  0.0000e+00 
1.4987e+01     1.6760e-02  0.0000e+00     2.5119e-01  0.0000e+00     3.5173e-02  0.0000e+00     5.2715e-01  0.0000e+00 
1.6816e+01     1.0032e-02  0.0000e+00     1.6870e-01  0.0000e+00     2.3623e-02  0.0000e+00     3.9724e-01  0.0000e+00 
1.8868e+01     7.5702e-03  0.0000e+00     1.4283e-01  0.0000e+00     2.0000e-02  0.0000e+00     3.7736e-01  0.0000e+00 
2.1170e+01     5.9832e-03  0.0000e+00     1.2666e-01  0.0000e+00     1.7736e-02  0.0000e+00     3.7548e-01  0.0000e+00 
2.3753e+01     5.5231e-03  0.0000e+00     1.3119e-01  0.0000e+00     1.8370e-02  0.0000e+00     4.3635e-01  0.0000e+00 
2.6651e+01     5.8428e-03  0.0000e+00     1.5572e-01  0.0000e+00     2.1805e-02  0.0000e+00     5.8112e-01  0.0000e+00 
2.9903e+01     2.7368e-03  0.0000e+00     8.1839e-02  0.0000e+00     1.1460e-02  0.0000e+00     3.4268e-01  0.0000e+00 
3.3552e+01     2.4451e-03  0.0000e+00     8.2038e-02  0.0000e+00     1.1488e-02  0.0000e+00     3.8543e-01  0.0000e+00 
3.7646e+01     1.8607e-03  0.0000e+00     7.0048e-02  0.0000e+00     9.8086e-03  0.0000e+00     3.6926e-01  0.0000e+00 
4.2240e+01     1.3286e-03  0.0000e+00     5.6118e-02  0.0000e+00     7.8581e-03  0.0000e+00     3.3192e-01  0.0000e+00 
4.7394e+01     9.9934e-04  0.0000e+00     4.7362e-02  0.0000e+00     6.6320e-03  0.0000e+00     3.1431e-01  0.0000e+00 
5.3176e+01     6.3525e-04  0.0000e+00     3.3780e-02  0.0000e+00     4.7302e-03  0.0000e+00     2.5153e-01  0.0000e+00 
5.9665e+01     4.2942e-04  0.0000e+00     2.5621e-02  0.0000e+00     3.5877e-03  0.0000e+00     2.1406e-01  0.0000e+00 
6.6945e+01     2.6976e-04  0.0000e+00     1.8059e-02  0.0000e+00     2.5288e-03  0.0000e+00     1.6929e-01  0.0000e+00 
7.5114e+01     1.4174e-04  0.0000e+00     1.0647e-02  0.0000e+00     1.4908e-03  0.0000e+00     1.1198e-01  0.0000e+00 
8.4279e+01     7.6149e-05  0.0000e+00     6.4178e-03  0.0000e+00     8.9866e-04  0.0000e+00     7.5738e-02  0.0000e+00 
9.4563e+01     3.4197e-05  0.0000e+00     3.2338e-03  0.0000e+00     4.5281e-04  0.0000e+00     4.2819e-02  0.0000e+00 
1.0610e+02     1.6411e-05  0.0000e+00     1.7413e-03  0.0000e+00     2.4382e-04  0.0000e+00     2.5870e-02  0.0000e+00 
1.1905e+02     5.8506e-06  0.0000e+00     6.9650e-04  0.0000e+00     9.7529e-05  0.0000e+00     1.1611e-02  0.0000e+00 
1.3357e+02     1.1174e-06  0.0000e+00     1.4925e-04  0.0000e+00     2.0899e-05  0.0000e+00     2.7916e-03  0.0000e+00 
1.4987e+02     0.0000e+00  0.0000e+00     0.0000e+00  0.0000e+00     0.0000e+00  0.0000e+00     0.0000e+00  0.0000e+00 
1.6816e+02     0.0000e+00  0.0000e+00     0.0000e+00  0.0000e+00     0.0000e+00  0.0000e+00     0.0000e+00  0.0000e+00 
1.8868e+02     0.0000e+00  0.0000e+00     0.0000e+00  0.0000e+00     0.0000e+00  0.0000e+00     0.0000e+00  0.0000e+00 
2.1170e+02     0.0000e+00  0.0000e+00     0.0000e+00  0.0000e+00     0.0000e+00  0.0000e+00     0.0000e+00  0.0000e+00 
2.3753e+02     0.0000e+00  0.0000e+00     0.0000e+00  0.0000e+00     0.0000e+00  0.0000e+00     0.0000e+00  0.0000e+00 
2.6651e+02     0.0000e+00  0.0000e+00     0.0000e+00  0.0000e+00     0.0000e+00  0.0000e+00     0.0000e+00  0.0000e+00 
2.9903e+02     0.0000e+00  0.0000e+00     0.0000e+00  0.0000e+00     0.0000e+00  0.0000e+00     0.0000e+00  0.0000e+00 
3.3552e+02     0.0000e+00  0.0000e+00     0.0000e+00  0.0000e+00     0.0000e+00  0.0000e+00     0.0000e+00  0.0000e+00 
3.7646e+02     0.0000e+00  0.0000e+00     0.0000e+00  0.0000e+00     0.0000e+00  0.0000e+00     0.0000e+00  0.0000e+00 
4.2240e+02     0.0000e+00  0.0000e+00     0.0000e+00  0.0000e+00     0.0000e+00  0.0000e+00     0.0000e+00  0.0000e+00 
4.7394e+02     0.0000e+00  0.0000e+00     0.0000e+00  0.0000e+00     0.0000e+00  0.0000e+00     0.0000e+00  0.0000e+00 
5.3176e+02     0.0000e+00  0.0000e+00     0.0000e+00  0.0000e+00     0.0000e+00  0.0000e+00     0.0000e+00  0.0000e+00 
5.9665e+02     0.0000e+00  0.0000e+00     0.0000e+00  0.0000e+00     0.0000e+00  0.0000e+00     0.0000e+00  0.0000e+00 
6.6945e+02     0.0000e+00  0.0000e+00     0.0000e+00  0.0000e+00     0.0000e+00  0.0000e+00     0.0000e+00  0.0000e+00 
7.5114e+02     0.0000e+00  0.0000e+00     0.0000e+00  0.0000e+00     0.0000e+00  0.0000e+00     0.0000e+00  0.0000e+00 
8.4279e+02     0.0000e+00  0.0000e+00     0.0000e+00  0.0000e+00     0.0000e+00  0.0000e+00     0.0000e+00  0.0000e+00 
9.4563e+02     0.0000e+00  0.0000e+00     0.0000e+00  0.0000e+00     0.0000e+00  0.0000e+00     0.0000e+00  0.0000e+00 
1.0610e+03     0.0000e+00  0.0000e+00     0.0000e+00  0.0000e+00     0.0000e+00  0.0000e+00     0.0000e+00  0.0000e+00 
1.1905e+03     0.0000e+00  0.0000e+00     0.0000e+00  0.0000e+00     0.0000e+00  0.0000e+00     0.0000e+00  0.0000e+00 
1.3357e+03     0.0000e+00  0.0000e+00     0.0000e+00  0.0000e+00     0.0000e+00  0.0000e+00     0.0000e+00  0.0000e+00 
1.4987e+03     0.0000e+00  0.0000e+00     0.0000e+00  0.0000e+00     0.0000e+00  0.0000e+00     0.0000e+00  0.0000e+00 
1.6816e+03     0.0000e+00  0.0000e+00     0.0000e+00  0.0000e+00     0.0000e+00  0.0000e+00     0.0000e+00  0.0000e+00 
1.8868e+03     0.0000e+00  0.0000e+00     0.0000e+00  0.0000e+00     0.0000e+00  0.0000e+00     0.0000e+00  0.0000e+00 
2.1170e+03     0.0000e+00  0.0000e+00     0.0000e+00  0.0000e+00     0.0000e+00  0.0000e+00     0.0000e+00  0.0000e+00 
2.3753e+03     0.0000e+00  0.0000e+00     0.0000e+00  0.0000e+00     0.0000e+00  0.0000e+00     0.0000e+00  0.0000e+00 
2.6651e+03     0.0000e+00  0.0000e+00     0.0000e+00  0.0000e+00     0.0000e+00  0.0000e+00     0.0000e+00  0.0000e+00 
2.9903e+03     0.0000e+00  0.0000e+00     0.0000e+00  0.0000e+00     0.0000e+00  0.0000e+00     0.0000e+00  0.0000e+00 
3.3552e+03     0.0000e+00  0.0000e+00     0.0000e+00  0.0000e+00     0.0000e+00  0.0000e+00     0.0000e+00  0.0000e+00 
3.7646e+03     0.0000e+00  0.0000e+00     0.0000e+00  0.0000e+00     0.0000e+00  0.0000e+00     0.0000e+00  0.0000e+00 
4.2240e+03     0.0000e+00  0.0000e+00     0.0000e+00  0.0000e+00     0.0000e+00  0.0000e+00     0.0000e+00  0.0000e+00 
4.7394e+03     0.0000e+00  0.0000e+00     0.0000e+00  0.0000e+00     0.0000e+00  0.0000e+00     0.0000e+00  0.0000e+00 
5.3176e+03     0.0000e+00  0.0000e+00     0.0000e+00  0.0000e+00     0.0000e+00  0.0000e+00     0.0000e+00  0.0000e+00 
5.9665e+03     0.0000e+00  0.0000e+00     0.0000e+00  0.0000e+00     0.0000e+00  0.0000e+00     0.0000e+00  0.0000e+00 
6.6945e+03     0.0000e+00  0.0000e+00     0.0000e+00  0.0000e+00     0.0000e+00  0.0000e+00     0.0000e+00  0.0000e+00 
7.5114e+03     0.0000e+00  0.0000e+00     0.0000e+00  0.0000e+00     0.0000e+00  0.0000e+00     0.0000e+00  0.0000e+00 
8.4279e+03     0.0000e+00  0.0000e+00     0.0000e+00  0.0000e+00     0.0000e+00  0.0000e+00     0.0000e+00  0.0000e+00 
9.4563e+03     0.0000e+00  0.0000e+00     0.0000e+00  0.0000e+00     0.0000e+00  0.0000e+00     0.0000e+00  0.0000e+00 
