yF = 1.9164e+01 (std: 0.0000e+00) keV/um
yD = 4.1819e+01 (std: 0.0000e+00) keV/um
y (keV/um)     f(y)(std)                  yf(y)(std)                 d(y)(std)                  yd(y)(std)  
1.0610e-01     4.8620e+00  0.0000e+00     5.1586e-01  0.0000e+00     2.6919e-02  0.0000e+00     2.8561e-03  0.0000e+00 
1.1905e-01     5.5289e-01  0.0000e+00     6.5820e-02  0.0000e+00     3.4346e-03  0.0000e+00     4.0889e-04  0.0000e+00 
1.3357e-01     2.8249e-01  0.0000e+00     3.7733e-02  0.0000e+00     1.9690e-03  0.0000e+00     2.6301e-04  0.0000e+00 
1.4987e-01     7.2556e-01  0.0000e+00     1.0874e-01  0.0000e+00     5.6743e-03  0.0000e+00     8.5042e-04  0.0000e+00 
1.6816e-01     3.8569e-01  0.0000e+00     6.4858e-02  0.0000e+00     3.3844e-03  0.0000e+00     5.6912e-04  0.0000e+00 
1.8868e-01     3.3602e-01  0.0000e+00     6.3400e-02  0.0000e+00     3.3083e-03  0.0000e+00     6.2421e-04  0.0000e+00 
2.1170e-01     3.2668e-01  0.0000e+00     6.9157e-02  0.0000e+00     3.6088e-03  0.0000e+00     7.6397e-04  0.0000e+00 
2.3753e-01     3.3023e-01  0.0000e+00     7.8439e-02  0.0000e+00     4.0931e-03  0.0000e+00     9.7223e-04  0.0000e+00 
2.6651e-01     2.2582e-01  0.0000e+00     6.0184e-02  0.0000e+00     3.1405e-03  0.0000e+00     8.3700e-04  0.0000e+00 
2.9903e-01     1.9489e-01  0.0000e+00     5.8278e-02  0.0000e+00     3.0410e-03  0.0000e+00     9.0937e-04  0.0000e+00 
3.3552e-01     3.6455e-01  0.0000e+00     1.2231e-01  0.0000e+00     6.3825e-03  0.0000e+00     2.1415e-03  0.0000e+00 
3.7646e-01     3.3372e-01  0.0000e+00     1.2563e-01  0.0000e+00     6.5557e-03  0.0000e+00     2.4680e-03  0.0000e+00 
4.2240e-01     2.4230e-01  0.0000e+00     1.0235e-01  0.0000e+00     5.3407e-03  0.0000e+00     2.2559e-03  0.0000e+00 
4.7394e-01     2.3974e-01  0.0000e+00     1.1362e-01  0.0000e+00     5.9289e-03  0.0000e+00     2.8099e-03  0.0000e+00 
5.3176e-01     2.1975e-01  0.0000e+00     1.1685e-01  0.0000e+00     6.0977e-03  0.0000e+00     3.2425e-03  0.0000e+00 
5.9665e-01     1.6309e-01  0.0000e+00     9.7310e-02  0.0000e+00     5.0778e-03  0.0000e+00     3.0297e-03  0.0000e+00 
6.6945e-01     1.5112e-01  0.0000e+00     1.0117e-01  0.0000e+00     5.2793e-03  0.0000e+00     3.5342e-03  0.0000e+00 
7.5114e-01     1.4656e-01  0.0000e+00     1.1009e-01  0.0000e+00     5.7446e-03  0.0000e+00     4.3150e-03  0.0000e+00 
8.4279e-01     1.1500e-01  0.0000e+00     9.6917e-02  0.0000e+00     5.0574e-03  0.0000e+00     4.2623e-03  0.0000e+00 
9.4563e-01     8.8820e-02  0.0000e+00     8.3991e-02  0.0000e+00     4.3828e-03  0.0000e+00     4.1445e-03  0.0000e+00 
1.0610e+00     7.1083e-02  0.0000e+00     7.5420e-02  0.0000e+00     3.9356e-03  0.0000e+00     4.1757e-03  0.0000e+00 
1.1905e+00     5.4135e-02  0.0000e+00     6.4446e-02  0.0000e+00     3.3630e-03  0.0000e+00     4.0035e-03  0.0000e+00 
1.3357e+00     3.9312e-02  0.0000e+00     5.2511e-02  0.0000e+00     2.7401e-03  0.0000e+00     3.6601e-03  0.0000e+00 
1.4987e+00     2.5838e-02  0.0000e+00     3.8724e-02  0.0000e+00     2.0207e-03  0.0000e+00     3.0284e-03  0.0000e+00 
1.6816e+00     1.6669e-02  0.0000e+00     2.8031e-02  0.0000e+00     1.4627e-03  0.0000e+00     2.4597e-03  0.0000e+00 
1.8868e+00     1.0289e-02  0.0000e+00     1.9413e-02  0.0000e+00     1.0130e-03  0.0000e+00     1.9114e-03  0.0000e+00 
2.1170e+00     5.6337e-03  0.0000e+00     1.1927e-02  0.0000e+00     6.2235e-04  0.0000e+00     1.3175e-03  0.0000e+00 
2.3753e+00     2.6719e-03  0.0000e+00     6.3465e-03  0.0000e+00     3.3117e-04  0.0000e+00     7.8664e-04  0.0000e+00 
2.6651e+00     1.1784e-03  0.0000e+00     3.1405e-03  0.0000e+00     1.6388e-04  0.0000e+00     4.3676e-04  0.0000e+00 
2.9903e+00     5.9388e-04  0.0000e+00     1.7759e-03  0.0000e+00     9.2670e-05  0.0000e+00     2.7711e-04  0.0000e+00 
3.3552e+00     1.8665e-04  0.0000e+00     6.2624e-04  0.0000e+00     3.2678e-05  0.0000e+00     1.0964e-04  0.0000e+00 
3.7646e+00     7.2002e-05  0.0000e+00     2.7106e-04  0.0000e+00     1.4144e-05  0.0000e+00     5.3248e-05  0.0000e+00 
4.2240e+00     8.8513e-06  0.0000e+00     3.7387e-05  0.0000e+00     1.9510e-06  0.0000e+00     8.2407e-06  0.0000e+00 
4.7394e+00     3.9444e-06  0.0000e+00     1.8694e-05  0.0000e+00     9.7548e-07  0.0000e+00     4.6231e-06  0.0000e+00 
5.3176e+00     0.0000e+00  0.0000e+00     0.0000e+00  0.0000e+00     0.0000e+00  0.0000e+00     0.0000e+00  0.0000e+00 
5.9665e+00     3.0126e-02  0.0000e+00     1.7975e-01  0.0000e+00     9.3797e-03  0.0000e+00     5.5964e-02  0.0000e+00 
6.6945e+00     2.6571e-02  0.0000e+00     1.7788e-01  0.0000e+00     9.2821e-03  0.0000e+00     6.2139e-02  0.0000e+00 
7.5114e+00     9.2580e-03  0.0000e+00     6.9541e-02  0.0000e+00     3.6288e-03  0.0000e+00     2.7257e-02  0.0000e+00 
8.4279e+00     2.4045e-02  0.0000e+00     2.0265e-01  0.0000e+00     1.0575e-02  0.0000e+00     8.9122e-02  0.0000e+00 
9.4563e+00     2.9929e-02  0.0000e+00     2.8301e-01  0.0000e+00     1.4768e-02  0.0000e+00     1.3965e-01  0.0000e+00 
1.0610e+01     5.1938e-02  0.0000e+00     5.5106e-01  0.0000e+00     2.8756e-02  0.0000e+00     3.0510e-01  0.0000e+00 
1.1905e+01     3.1384e-02  0.0000e+00     3.7361e-01  0.0000e+00     1.9496e-02  0.0000e+00     2.3209e-01  0.0000e+00 
1.3357e+01     2.2536e-02  0.0000e+00     3.0102e-01  0.0000e+00     1.5708e-02  0.0000e+00     2.0981e-01  0.0000e+00 
1.4987e+01     1.7598e-02  0.0000e+00     2.6374e-01  0.0000e+00     1.3762e-02  0.0000e+00     2.0626e-01  0.0000e+00 
1.6816e+01     1.7723e-02  0.0000e+00     2.9803e-01  0.0000e+00     1.5552e-02  0.0000e+00     2.6152e-01  0.0000e+00 
1.8868e+01     1.5419e-02  0.0000e+00     2.9093e-01  0.0000e+00     1.5181e-02  0.0000e+00     2.8644e-01  0.0000e+00 
2.1170e+01     1.7458e-02  0.0000e+00     3.6959e-01  0.0000e+00     1.9286e-02  0.0000e+00     4.0829e-01  0.0000e+00 
2.3753e+01     1.5710e-02  0.0000e+00     3.7316e-01  0.0000e+00     1.9472e-02  0.0000e+00     4.6253e-01  0.0000e+00 
2.6651e+01     1.2359e-02  0.0000e+00     3.2937e-01  0.0000e+00     1.7187e-02  0.0000e+00     4.5807e-01  0.0000e+00 
2.9903e+01     1.0317e-02  0.0000e+00     3.0850e-01  0.0000e+00     1.6098e-02  0.0000e+00     4.8139e-01  0.0000e+00 
3.3552e+01     9.3493e-03  0.0000e+00     3.1369e-01  0.0000e+00     1.6369e-02  0.0000e+00     5.4921e-01  0.0000e+00 
3.7646e+01     7.6339e-03  0.0000e+00     2.8739e-01  0.0000e+00     1.4996e-02  0.0000e+00     5.6456e-01  0.0000e+00 
4.2240e+01     6.0324e-03  0.0000e+00     2.5480e-01  0.0000e+00     1.3296e-02  0.0000e+00     5.6163e-01  0.0000e+00 
4.7394e+01     4.8512e-03  0.0000e+00     2.2991e-01  0.0000e+00     1.1997e-02  0.0000e+00     5.6860e-01  0.0000e+00 
5.3176e+01     3.6645e-03  0.0000e+00     1.9486e-01  0.0000e+00     1.0168e-02  0.0000e+00     5.4072e-01  0.0000e+00 
5.9665e+01     2.7289e-03  0.0000e+00     1.6282e-01  0.0000e+00     8.4964e-03  0.0000e+00     5.0694e-01  0.0000e+00 
6.6945e+01     1.8817e-03  0.0000e+00     1.2597e-01  0.0000e+00     6.5732e-03  0.0000e+00     4.4005e-01  0.0000e+00 
7.5114e+01     1.2625e-03  0.0000e+00     9.4833e-02  0.0000e+00     4.9486e-03  0.0000e+00     3.7171e-01  0.0000e+00 
8.4279e+01     7.8109e-04  0.0000e+00     6.5830e-02  0.0000e+00     3.4351e-03  0.0000e+00     2.8951e-01  0.0000e+00 
9.4563e+01     4.6496e-04  0.0000e+00     4.3968e-02  0.0000e+00     2.2943e-03  0.0000e+00     2.1696e-01  0.0000e+00 
1.0610e+02     2.4975e-04  0.0000e+00     2.6498e-02  0.0000e+00     1.3827e-03  0.0000e+00     1.4671e-01  0.0000e+00 
1.1905e+02     1.1840e-04  0.0000e+00     1.4095e-02  0.0000e+00     7.3551e-04  0.0000e+00     8.7560e-02  0.0000e+00 
1.3357e+02     5.9899e-05  0.0000e+00     8.0009e-03  0.0000e+00     4.1750e-04  0.0000e+00     5.5767e-02  0.0000e+00 
1.4987e+02     2.3013e-05  0.0000e+00     3.4490e-03  0.0000e+00     1.7998e-04  0.0000e+00     2.6973e-02  0.0000e+00 
1.6816e+02     8.7822e-06  0.0000e+00     1.4768e-03  0.0000e+00     7.7063e-05  0.0000e+00     1.2959e-02  0.0000e+00 
1.8868e+02     2.1797e-06  0.0000e+00     4.1126e-04  0.0000e+00     2.1460e-05  0.0000e+00     4.0491e-03  0.0000e+00 
2.1170e+02     7.5058e-07  0.0000e+00     1.5890e-04  0.0000e+00     8.2915e-06  0.0000e+00     1.7553e-03  0.0000e+00 
2.3753e+02     1.5740e-07  0.0000e+00     3.7387e-05  0.0000e+00     1.9510e-06  0.0000e+00     4.6341e-04  0.0000e+00 
2.6651e+02     7.0142e-08  0.0000e+00     1.8694e-05  0.0000e+00     9.7548e-07  0.0000e+00     2.5998e-04  0.0000e+00 
2.9903e+02     0.0000e+00  0.0000e+00     0.0000e+00  0.0000e+00     0.0000e+00  0.0000e+00     0.0000e+00  0.0000e+00 
3.3552e+02     0.0000e+00  0.0000e+00     0.0000e+00  0.0000e+00     0.0000e+00  0.0000e+00     0.0000e+00  0.0000e+00 
3.7646e+02     0.0000e+00  0.0000e+00     0.0000e+00  0.0000e+00     0.0000e+00  0.0000e+00     0.0000e+00  0.0000e+00 
4.2240e+02     0.0000e+00  0.0000e+00     0.0000e+00  0.0000e+00     0.0000e+00  0.0000e+00     0.0000e+00  0.0000e+00 
4.7394e+02     0.0000e+00  0.0000e+00     0.0000e+00  0.0000e+00     0.0000e+00  0.0000e+00     0.0000e+00  0.0000e+00 
5.3176e+02     0.0000e+00  0.0000e+00     0.0000e+00  0.0000e+00     0.0000e+00  0.0000e+00     0.0000e+00  0.0000e+00 
5.9665e+02     0.0000e+00  0.0000e+00     0.0000e+00  0.0000e+00     0.0000e+00  0.0000e+00     0.0000e+00  0.0000e+00 
6.6945e+02     0.0000e+00  0.0000e+00     0.0000e+00  0.0000e+00     0.0000e+00  0.0000e+00     0.0000e+00  0.0000e+00 
7.5114e+02     0.0000e+00  0.0000e+00     0.0000e+00  0.0000e+00     0.0000e+00  0.0000e+00     0.0000e+00  0.0000e+00 
8.4279e+02     0.0000e+00  0.0000e+00     0.0000e+00  0.0000e+00     0.0000e+00  0.0000e+00     0.0000e+00  0.0000e+00 
9.4563e+02     0.0000e+00  0.0000e+00     0.0000e+00  0.0000e+00     0.0000e+00  0.0000e+00     0.0000e+00  0.0000e+00 
1.0610e+03     0.0000e+00  0.0000e+00     0.0000e+00  0.0000e+00     0.0000e+00  0.0000e+00     0.0000e+00  0.0000e+00 
1.1905e+03     0.0000e+00  0.0000e+00     0.0000e+00  0.0000e+00     0.0000e+00  0.0000e+00     0.0000e+00  0.0000e+00 
1.3357e+03     0.0000e+00  0.0000e+00     0.0000e+00  0.0000e+00     0.0000e+00  0.0000e+00     0.0000e+00  0.0000e+00 
1.4987e+03     0.0000e+00  0.0000e+00     0.0000e+00  0.0000e+00     0.0000e+00  0.0000e+00     0.0000e+00  0.0000e+00 
1.6816e+03     0.0000e+00  0.0000e+00     0.0000e+00  0.0000e+00     0.0000e+00  0.0000e+00     0.0000e+00  0.0000e+00 
1.8868e+03     0.0000e+00  0.0000e+00     0.0000e+00  0.0000e+00     0.0000e+00  0.0000e+00     0.0000e+00  0.0000e+00 
2.1170e+03     0.0000e+00  0.0000e+00     0.0000e+00  0.0000e+00     0.0000e+00  0.0000e+00     0.0000e+00  0.0000e+00 
2.3753e+03     0.0000e+00  0.0000e+00     0.0000e+00  0.0000e+00     0.0000e+00  0.0000e+00     0.0000e+00  0.0000e+00 
2.6651e+03     0.0000e+00  0.0000e+00     0.0000e+00  0.0000e+00     0.0000e+00  0.0000e+00     0.0000e+00  0.0000e+00 
2.9903e+03     0.0000e+00  0.0000e+00     0.0000e+00  0.0000e+00     0.0000e+00  0.0000e+00     0.0000e+00  0.0000e+00 
3.3552e+03     0.0000e+00  0.0000e+00     0.0000e+00  0.0000e+00     0.0000e+00  0.0000e+00     0.0000e+00  0.0000e+00 
3.7646e+03     0.0000e+00  0.0000e+00     0.0000e+00  0.0000e+00     0.0000e+00  0.0000e+00     0.0000e+00  0.0000e+00 
4.2240e+03     0.0000e+00  0.0000e+00     0.0000e+00  0.0000e+00     0.0000e+00  0.0000e+00     0.0000e+00  0.0000e+00 
4.7394e+03     0.0000e+00  0.0000e+00     0.0000e+00  0.0000e+00     0.0000e+00  0.0000e+00     0.0000e+00  0.0000e+00 
5.3176e+03     0.0000e+00  0.0000e+00     0.0000e+00  0.0000e+00     0.0000e+00  0.0000e+00     0.0000e+00  0.0000e+00 
5.9665e+03     0.0000e+00  0.0000e+00     0.0000e+00  0.0000e+00     0.0000e+00  0.0000e+00     0.0000e+00  0.0000e+00 
6.6945e+03     0.0000e+00  0.0000e+00     0.0000e+00  0.0000e+00     0.0000e+00  0.0000e+00     0.0000e+00  0.0000e+00 
7.5114e+03     0.0000e+00  0.0000e+00     0.0000e+00  0.0000e+00     0.0000e+00  0.0000e+00     0.0000e+00  0.0000e+00 
8.4279e+03     0.0000e+00  0.0000e+00     0.0000e+00  0.0000e+00     0.0000e+00  0.0000e+00     0.0000e+00  0.0000e+00 
9.4563e+03     0.0000e+00  0.0000e+00     0.0000e+00  0.0000e+00     0.0000e+00  0.0000e+00     0.0000e+00  0.0000e+00 
