yF = 9.4943e+01 (std: 0.0000e+00) keV/um
yD = 1.1211e+02 (std: 0.0000e+00) keV/um
y (keV/um)     f(y)(std)                  yf(y)(std)                 d(y)(std)                  yd(y)(std)  
1.0610e-01     1.7211e-03  0.0000e+00     1.8261e-04  0.0000e+00     1.9233e-06  0.0000e+00     2.0407e-07  0.0000e+00 
1.1905e-01     2.1913e-04  0.0000e+00     2.6086e-05  0.0000e+00     2.7476e-07  0.0000e+00     3.2709e-08  0.0000e+00 
1.3357e-01     5.8589e-04  0.0000e+00     7.8259e-05  0.0000e+00     8.2428e-07  0.0000e+00     1.1010e-07  0.0000e+00 
1.4987e-01     2.3208e-04  0.0000e+00     3.4782e-05  0.0000e+00     3.6635e-07  0.0000e+00     5.4905e-08  0.0000e+00 
1.6816e-01     4.6539e-04  0.0000e+00     7.8259e-05  0.0000e+00     8.2428e-07  0.0000e+00     1.3861e-07  0.0000e+00 
1.8868e-01     2.7652e-04  0.0000e+00     5.2173e-05  0.0000e+00     5.4952e-07  0.0000e+00     1.0368e-07  0.0000e+00 
2.1170e-01     2.4645e-04  0.0000e+00     5.2173e-05  0.0000e+00     5.4952e-07  0.0000e+00     1.1633e-07  0.0000e+00 
2.3753e-01     7.3216e-04  0.0000e+00     1.7391e-04  0.0000e+00     1.8317e-06  0.0000e+00     4.3509e-07  0.0000e+00 
2.6651e-01     2.9364e-04  0.0000e+00     7.8259e-05  0.0000e+00     8.2428e-07  0.0000e+00     2.1968e-07  0.0000e+00 
2.9903e-01     2.6171e-04  0.0000e+00     7.8259e-05  0.0000e+00     8.2428e-07  0.0000e+00     2.4649e-07  0.0000e+00 
3.3552e-01     6.4791e-04  0.0000e+00     2.1739e-04  0.0000e+00     2.2897e-06  0.0000e+00     7.6823e-07  0.0000e+00 
3.7646e-01     3.6957e-04  0.0000e+00     1.3913e-04  0.0000e+00     1.4654e-06  0.0000e+00     5.5166e-07  0.0000e+00 
4.2240e-01     4.3231e-04  0.0000e+00     1.8261e-04  0.0000e+00     1.9233e-06  0.0000e+00     8.1240e-07  0.0000e+00 
4.7394e-01     5.6877e-04  0.0000e+00     2.6956e-04  0.0000e+00     2.8392e-06  0.0000e+00     1.3456e-06  0.0000e+00 
5.3176e-01     5.3962e-04  0.0000e+00     2.8695e-04  0.0000e+00     3.0224e-06  0.0000e+00     1.6072e-06  0.0000e+00 
5.9665e-01     5.8295e-04  0.0000e+00     3.4782e-04  0.0000e+00     3.6635e-06  0.0000e+00     2.1858e-06  0.0000e+00 
6.6945e-01     3.8967e-04  0.0000e+00     2.6086e-04  0.0000e+00     2.7476e-06  0.0000e+00     1.8394e-06  0.0000e+00 
7.5114e-01     5.3252e-04  0.0000e+00     3.9999e-04  0.0000e+00     4.2130e-06  0.0000e+00     3.1645e-06  0.0000e+00 
8.4279e-01     3.0953e-04  0.0000e+00     2.6086e-04  0.0000e+00     2.7476e-06  0.0000e+00     2.3157e-06  0.0000e+00 
9.4563e-01     2.4828e-04  0.0000e+00     2.3478e-04  0.0000e+00     2.4728e-06  0.0000e+00     2.3384e-06  0.0000e+00 
1.0610e+00     2.8684e-04  0.0000e+00     3.0434e-04  0.0000e+00     3.2055e-06  0.0000e+00     3.4011e-06  0.0000e+00 
1.1905e+00     1.5339e-04  0.0000e+00     1.8261e-04  0.0000e+00     1.9233e-06  0.0000e+00     2.2897e-06  0.0000e+00 
1.3357e+00     1.2369e-04  0.0000e+00     1.6521e-04  0.0000e+00     1.7401e-06  0.0000e+00     2.3244e-06  0.0000e+00 
1.4987e+00     6.3822e-05  0.0000e+00     9.5650e-05  0.0000e+00     1.0075e-06  0.0000e+00     1.5099e-06  0.0000e+00 
1.6816e+00     5.1710e-05  0.0000e+00     8.6955e-05  0.0000e+00     9.1587e-07  0.0000e+00     1.5401e-06  0.0000e+00 
1.8868e+00     2.7652e-05  0.0000e+00     5.2173e-05  0.0000e+00     5.4952e-07  0.0000e+00     1.0368e-06  0.0000e+00 
2.1170e+00     2.4645e-05  0.0000e+00     5.2173e-05  0.0000e+00     5.4952e-07  0.0000e+00     1.1633e-06  0.0000e+00 
2.3753e+00     2.5626e-05  0.0000e+00     6.0868e-05  0.0000e+00     6.4111e-07  0.0000e+00     1.5228e-06  0.0000e+00 
2.6651e+00     9.7880e-06  0.0000e+00     2.6086e-05  0.0000e+00     2.7476e-07  0.0000e+00     7.3227e-07  0.0000e+00 
2.9903e+00     0.0000e+00  0.0000e+00     0.0000e+00  0.0000e+00     0.0000e+00  0.0000e+00     0.0000e+00  0.0000e+00 
3.3552e+00     2.5916e-06  0.0000e+00     8.6955e-06  0.0000e+00     9.1587e-08  0.0000e+00     3.0729e-07  0.0000e+00 
3.7646e+00     0.0000e+00  0.0000e+00     0.0000e+00  0.0000e+00     0.0000e+00  0.0000e+00     0.0000e+00  0.0000e+00 
4.2240e+00     6.1758e-06  0.0000e+00     2.6086e-05  0.0000e+00     2.7476e-07  0.0000e+00     1.1606e-06  0.0000e+00 
4.7394e+00     1.6513e-05  0.0000e+00     7.8259e-05  0.0000e+00     8.2428e-07  0.0000e+00     3.9066e-06  0.0000e+00 
5.3176e+00     2.8780e-04  0.0000e+00     1.5304e-03  0.0000e+00     1.6119e-05  0.0000e+00     8.5717e-05  0.0000e+00 
5.9665e+00     3.1334e-04  0.0000e+00     1.8695e-03  0.0000e+00     1.9691e-05  0.0000e+00     1.1749e-04  0.0000e+00 
6.6945e+00     1.1430e-04  0.0000e+00     7.6520e-04  0.0000e+00     8.0596e-06  0.0000e+00     5.3955e-05  0.0000e+00 
7.5114e+00     2.8941e-05  0.0000e+00     2.1739e-04  0.0000e+00     2.2897e-06  0.0000e+00     1.7199e-05  0.0000e+00 
8.4279e+00     2.9611e-04  0.0000e+00     2.4956e-03  0.0000e+00     2.6285e-05  0.0000e+00     2.2153e-04  0.0000e+00 
9.4563e+00     5.1403e-04  0.0000e+00     4.8608e-03  0.0000e+00     5.1197e-05  0.0000e+00     4.8413e-04  0.0000e+00 
1.0610e+01     5.4090e-04  0.0000e+00     5.7390e-03  0.0000e+00     6.0447e-05  0.0000e+00     6.4135e-04  0.0000e+00 
1.1905e+01     4.7697e-04  0.0000e+00     5.6781e-03  0.0000e+00     5.9806e-05  0.0000e+00     7.1198e-04  0.0000e+00 
1.3357e+01     5.7352e-04  0.0000e+00     7.6607e-03  0.0000e+00     8.0688e-05  0.0000e+00     1.0778e-03  0.0000e+00 
1.4987e+01     6.7825e-04  0.0000e+00     1.0165e-02  0.0000e+00     1.0706e-04  0.0000e+00     1.6046e-03  0.0000e+00 
1.6816e+01     8.0719e-04  0.0000e+00     1.3574e-02  0.0000e+00     1.4297e-04  0.0000e+00     2.4041e-03  0.0000e+00 
1.8868e+01     1.1881e-03  0.0000e+00     2.2417e-02  0.0000e+00     2.3611e-04  0.0000e+00     4.4549e-03  0.0000e+00 
2.1170e+01     1.3789e-03  0.0000e+00     2.9191e-02  0.0000e+00     3.0746e-04  0.0000e+00     6.5088e-03  0.0000e+00 
2.3753e+01     1.7539e-03  0.0000e+00     4.1660e-02  0.0000e+00     4.3879e-04  0.0000e+00     1.0423e-02  0.0000e+00 
2.6651e+01     2.0744e-03  0.0000e+00     5.5286e-02  0.0000e+00     5.8231e-04  0.0000e+00     1.5519e-02  0.0000e+00 
2.9903e+01     2.7139e-03  0.0000e+00     8.1155e-02  0.0000e+00     8.5478e-04  0.0000e+00     2.5561e-02  0.0000e+00 
3.3552e+01     3.4306e-03  0.0000e+00     1.1510e-01  0.0000e+00     1.2123e-03  0.0000e+00     4.0676e-02  0.0000e+00 
3.7646e+01     4.0736e-03  0.0000e+00     1.5335e-01  0.0000e+00     1.6152e-03  0.0000e+00     6.0807e-02  0.0000e+00 
4.2240e+01     5.0774e-03  0.0000e+00     2.1447e-01  0.0000e+00     2.2589e-03  0.0000e+00     9.5415e-02  0.0000e+00 
4.7394e+01     6.2695e-03  0.0000e+00     2.9713e-01  0.0000e+00     3.1296e-03  0.0000e+00     1.4832e-01  0.0000e+00 
5.3176e+01     7.3418e-03  0.0000e+00     3.9041e-01  0.0000e+00     4.1121e-03  0.0000e+00     2.1866e-01  0.0000e+00 
5.9665e+01     8.4558e-03  0.0000e+00     5.0451e-01  0.0000e+00     5.3139e-03  0.0000e+00     3.1705e-01  0.0000e+00 
6.6945e+01     9.3854e-03  0.0000e+00     6.2831e-01  0.0000e+00     6.6178e-03  0.0000e+00     4.4303e-01  0.0000e+00 
7.5114e+01     1.0142e-02  0.0000e+00     7.6184e-01  0.0000e+00     8.0242e-03  0.0000e+00     6.0273e-01  0.0000e+00 
8.4279e+01     1.0237e-02  0.0000e+00     8.6277e-01  0.0000e+00     9.0873e-03  0.0000e+00     7.6587e-01  0.0000e+00 
9.4563e+01     9.7975e-03  0.0000e+00     9.2648e-01  0.0000e+00     9.7583e-03  0.0000e+00     9.2277e-01  0.0000e+00 
1.0610e+02     8.7069e-03  0.0000e+00     9.2381e-01  0.0000e+00     9.7302e-03  0.0000e+00     1.0324e+00  0.0000e+00 
1.1905e+02     7.0353e-03  0.0000e+00     8.3753e-01  0.0000e+00     8.8215e-03  0.0000e+00     1.0502e+00  0.0000e+00 
1.3357e+02     5.1474e-03  0.0000e+00     6.8756e-01  0.0000e+00     7.2419e-03  0.0000e+00     9.6732e-01  0.0000e+00 
1.4987e+02     3.3502e-03  0.0000e+00     5.0210e-01  0.0000e+00     5.2885e-03  0.0000e+00     7.9260e-01  0.0000e+00 
1.6816e+02     1.8897e-03  0.0000e+00     3.1777e-01  0.0000e+00     3.3469e-03  0.0000e+00     5.6282e-01  0.0000e+00 
1.8868e+02     8.9675e-04  0.0000e+00     1.6920e-01  0.0000e+00     1.7821e-03  0.0000e+00     3.3624e-01  0.0000e+00 
2.1170e+02     3.6593e-04  0.0000e+00     7.7468e-02  0.0000e+00     8.1595e-04  0.0000e+00     1.7274e-01  0.0000e+00 
2.3753e+02     1.1429e-04  0.0000e+00     2.7147e-02  0.0000e+00     2.8593e-04  0.0000e+00     6.7918e-02  0.0000e+00 
2.6651e+02     2.8548e-05  0.0000e+00     7.6085e-03  0.0000e+00     8.0138e-05  0.0000e+00     2.1358e-02  0.0000e+00 
2.9903e+02     5.9030e-06  0.0000e+00     1.7652e-03  0.0000e+00     1.8592e-05  0.0000e+00     5.5597e-03  0.0000e+00 
3.3552e+02     7.7749e-07  0.0000e+00     2.6086e-04  0.0000e+00     2.7476e-06  0.0000e+00     9.2188e-04  0.0000e+00 
3.7646e+02     1.3859e-07  0.0000e+00     5.2173e-05  0.0000e+00     5.4952e-07  0.0000e+00     2.0687e-04  0.0000e+00 
4.2240e+02     0.0000e+00  0.0000e+00     0.0000e+00  0.0000e+00     0.0000e+00  0.0000e+00     0.0000e+00  0.0000e+00 
4.7394e+02     0.0000e+00  0.0000e+00     0.0000e+00  0.0000e+00     0.0000e+00  0.0000e+00     0.0000e+00  0.0000e+00 
5.3176e+02     0.0000e+00  0.0000e+00     0.0000e+00  0.0000e+00     0.0000e+00  0.0000e+00     0.0000e+00  0.0000e+00 
5.9665e+02     0.0000e+00  0.0000e+00     0.0000e+00  0.0000e+00     0.0000e+00  0.0000e+00     0.0000e+00  0.0000e+00 
6.6945e+02     0.0000e+00  0.0000e+00     0.0000e+00  0.0000e+00     0.0000e+00  0.0000e+00     0.0000e+00  0.0000e+00 
7.5114e+02     0.0000e+00  0.0000e+00     0.0000e+00  0.0000e+00     0.0000e+00  0.0000e+00     0.0000e+00  0.0000e+00 
8.4279e+02     0.0000e+00  0.0000e+00     0.0000e+00  0.0000e+00     0.0000e+00  0.0000e+00     0.0000e+00  0.0000e+00 
9.4563e+02     0.0000e+00  0.0000e+00     0.0000e+00  0.0000e+00     0.0000e+00  0.0000e+00     0.0000e+00  0.0000e+00 
1.0610e+03     0.0000e+00  0.0000e+00     0.0000e+00  0.0000e+00     0.0000e+00  0.0000e+00     0.0000e+00  0.0000e+00 
1.1905e+03     0.0000e+00  0.0000e+00     0.0000e+00  0.0000e+00     0.0000e+00  0.0000e+00     0.0000e+00  0.0000e+00 
1.3357e+03     0.0000e+00  0.0000e+00     0.0000e+00  0.0000e+00     0.0000e+00  0.0000e+00     0.0000e+00  0.0000e+00 
1.4987e+03     0.0000e+00  0.0000e+00     0.0000e+00  0.0000e+00     0.0000e+00  0.0000e+00     0.0000e+00  0.0000e+00 
1.6816e+03     0.0000e+00  0.0000e+00     0.0000e+00  0.0000e+00     0.0000e+00  0.0000e+00     0.0000e+00  0.0000e+00 
1.8868e+03     0.0000e+00  0.0000e+00     0.0000e+00  0.0000e+00     0.0000e+00  0.0000e+00     0.0000e+00  0.0000e+00 
2.1170e+03     0.0000e+00  0.0000e+00     0.0000e+00  0.0000e+00     0.0000e+00  0.0000e+00     0.0000e+00  0.0000e+00 
2.3753e+03     0.0000e+00  0.0000e+00     0.0000e+00  0.0000e+00     0.0000e+00  0.0000e+00     0.0000e+00  0.0000e+00 
2.6651e+03     0.0000e+00  0.0000e+00     0.0000e+00  0.0000e+00     0.0000e+00  0.0000e+00     0.0000e+00  0.0000e+00 
2.9903e+03     0.0000e+00  0.0000e+00     0.0000e+00  0.0000e+00     0.0000e+00  0.0000e+00     0.0000e+00  0.0000e+00 
3.3552e+03     0.0000e+00  0.0000e+00     0.0000e+00  0.0000e+00     0.0000e+00  0.0000e+00     0.0000e+00  0.0000e+00 
3.7646e+03     0.0000e+00  0.0000e+00     0.0000e+00  0.0000e+00     0.0000e+00  0.0000e+00     0.0000e+00  0.0000e+00 
4.2240e+03     0.0000e+00  0.0000e+00     0.0000e+00  0.0000e+00     0.0000e+00  0.0000e+00     0.0000e+00  0.0000e+00 
4.7394e+03     0.0000e+00  0.0000e+00     0.0000e+00  0.0000e+00     0.0000e+00  0.0000e+00     0.0000e+00  0.0000e+00 
5.3176e+03     0.0000e+00  0.0000e+00     0.0000e+00  0.0000e+00     0.0000e+00  0.0000e+00     0.0000e+00  0.0000e+00 
5.9665e+03     0.0000e+00  0.0000e+00     0.0000e+00  0.0000e+00     0.0000e+00  0.0000e+00     0.0000e+00  0.0000e+00 
6.6945e+03     0.0000e+00  0.0000e+00     0.0000e+00  0.0000e+00     0.0000e+00  0.0000e+00     0.0000e+00  0.0000e+00 
7.5114e+03     0.0000e+00  0.0000e+00     0.0000e+00  0.0000e+00     0.0000e+00  0.0000e+00     0.0000e+00  0.0000e+00 
8.4279e+03     0.0000e+00  0.0000e+00     0.0000e+00  0.0000e+00     0.0000e+00  0.0000e+00     0.0000e+00  0.0000e+00 
9.4563e+03     0.0000e+00  0.0000e+00     0.0000e+00  0.0000e+00     0.0000e+00  0.0000e+00     0.0000e+00  0.0000e+00 
