yF = 1.0180e+02 (std: 0.0000e+00) keV/um
yD = 1.4274e+02 (std: 0.0000e+00) keV/um
y (keV/um)     f(y)(std)                  yf(y)(std)                 d(y)(std)                  yd(y)(std)  
1.0610e-01     1.6883e-01  0.0000e+00     1.7913e-02  0.0000e+00     1.7596e-04  0.0000e+00     1.8669e-05  0.0000e+00 
1.1905e-01     2.0399e-02  0.0000e+00     2.4285e-03  0.0000e+00     2.3854e-05  0.0000e+00     2.8398e-06  0.0000e+00 
1.3357e-01     1.3489e-02  0.0000e+00     1.8018e-03  0.0000e+00     1.7698e-05  0.0000e+00     2.3640e-06  0.0000e+00 
1.4987e-01     2.2882e-02  0.0000e+00     3.4294e-03  0.0000e+00     3.3686e-05  0.0000e+00     5.0486e-06  0.0000e+00 
1.6816e-01     1.1802e-02  0.0000e+00     1.9845e-03  0.0000e+00     1.9494e-05  0.0000e+00     3.2780e-06  0.0000e+00 
1.8868e-01     1.0933e-02  0.0000e+00     2.0629e-03  0.0000e+00     2.0263e-05  0.0000e+00     3.8232e-06  0.0000e+00 
2.1170e-01     1.0608e-02  0.0000e+00     2.2457e-03  0.0000e+00     2.2059e-05  0.0000e+00     4.6698e-06  0.0000e+00 
2.3753e-01     1.1140e-02  0.0000e+00     2.6461e-03  0.0000e+00     2.5992e-05  0.0000e+00     6.1738e-06  0.0000e+00 
2.6651e-01     7.8709e-03  0.0000e+00     2.0977e-03  0.0000e+00     2.0605e-05  0.0000e+00     5.4915e-06  0.0000e+00 
2.9903e-01     5.6760e-03  0.0000e+00     1.6973e-03  0.0000e+00     1.6672e-05  0.0000e+00     4.9855e-06  0.0000e+00 
3.3552e-01     1.0507e-02  0.0000e+00     3.5252e-03  0.0000e+00     3.4627e-05  0.0000e+00     1.1618e-05  0.0000e+00 
3.7646e-01     9.4334e-03  0.0000e+00     3.5513e-03  0.0000e+00     3.4883e-05  0.0000e+00     1.3132e-05  0.0000e+00 
4.2240e-01     6.6353e-03  0.0000e+00     2.8027e-03  0.0000e+00     2.7531e-05  0.0000e+00     1.1629e-05  0.0000e+00 
4.7394e-01     6.1158e-03  0.0000e+00     2.8985e-03  0.0000e+00     2.8471e-05  0.0000e+00     1.3493e-05  0.0000e+00 
5.3176e-01     4.8287e-03  0.0000e+00     2.5677e-03  0.0000e+00     2.5222e-05  0.0000e+00     1.3412e-05  0.0000e+00 
5.9665e-01     3.4574e-03  0.0000e+00     2.0629e-03  0.0000e+00     2.0263e-05  0.0000e+00     1.2090e-05  0.0000e+00 
6.6945e-01     2.8604e-03  0.0000e+00     1.9149e-03  0.0000e+00     1.8810e-05  0.0000e+00     1.2592e-05  0.0000e+00 
7.5114e-01     2.5146e-03  0.0000e+00     1.8888e-03  0.0000e+00     1.8553e-05  0.0000e+00     1.3936e-05  0.0000e+00 
8.4279e-01     1.8797e-03  0.0000e+00     1.5842e-03  0.0000e+00     1.5561e-05  0.0000e+00     1.3114e-05  0.0000e+00 
9.4563e-01     1.4543e-03  0.0000e+00     1.3753e-03  0.0000e+00     1.3509e-05  0.0000e+00     1.2774e-05  0.0000e+00 
1.0610e+00     1.0747e-03  0.0000e+00     1.1402e-03  0.0000e+00     1.1200e-05  0.0000e+00     1.1884e-05  0.0000e+00 
1.1905e+00     7.8964e-04  0.0000e+00     9.4005e-04  0.0000e+00     9.2338e-06  0.0000e+00     1.0993e-05  0.0000e+00 
1.3357e+00     3.9750e-04  0.0000e+00     5.3095e-04  0.0000e+00     5.2154e-06  0.0000e+00     6.9664e-06  0.0000e+00 
1.4987e+00     2.7877e-04  0.0000e+00     4.1780e-04  0.0000e+00     4.1039e-06  0.0000e+00     6.1506e-06  0.0000e+00 
1.6816e+00     1.3458e-04  0.0000e+00     2.2631e-04  0.0000e+00     2.2230e-06  0.0000e+00     3.7381e-06  0.0000e+00 
1.8868e+00     9.2265e-05  0.0000e+00     1.7408e-04  0.0000e+00     1.7100e-06  0.0000e+00     3.2263e-06  0.0000e+00 
2.1170e+00     9.8677e-05  0.0000e+00     2.0890e-04  0.0000e+00     2.0520e-06  0.0000e+00     4.3440e-06  0.0000e+00 
2.3753e+00     1.2825e-04  0.0000e+00     3.0464e-04  0.0000e+00     2.9924e-06  0.0000e+00     7.1080e-06  0.0000e+00 
2.6651e+00     1.3390e-04  0.0000e+00     3.5687e-04  0.0000e+00     3.5054e-06  0.0000e+00     9.3425e-06  0.0000e+00 
2.9903e+00     5.8215e-05  0.0000e+00     1.7408e-04  0.0000e+00     1.7100e-06  0.0000e+00     5.1134e-06  0.0000e+00 
3.3552e+00     1.1415e-04  0.0000e+00     3.8298e-04  0.0000e+00     3.7619e-06  0.0000e+00     1.2622e-05  0.0000e+00 
3.7646e+00     1.3873e-04  0.0000e+00     5.2225e-04  0.0000e+00     5.1299e-06  0.0000e+00     1.9312e-05  0.0000e+00 
4.2240e+00     1.0715e-04  0.0000e+00     4.5261e-04  0.0000e+00     4.4459e-06  0.0000e+00     1.8779e-05  0.0000e+00 
4.7394e+00     1.6529e-05  0.0000e+00     7.8337e-05  0.0000e+00     7.6949e-07  0.0000e+00     3.6469e-06  0.0000e+00 
5.3176e+00     1.6368e-06  0.0000e+00     8.7041e-06  0.0000e+00     8.5498e-08  0.0000e+00     4.5465e-07  0.0000e+00 
5.9665e+00     3.5887e-04  0.0000e+00     2.1412e-03  0.0000e+00     2.1033e-05  0.0000e+00     1.2549e-04  0.0000e+00 
6.6945e+00     7.0340e-04  0.0000e+00     4.7089e-03  0.0000e+00     4.6255e-05  0.0000e+00     3.0965e-04  0.0000e+00 
7.5114e+00     3.2099e-04  0.0000e+00     2.4110e-03  0.0000e+00     2.3683e-05  0.0000e+00     1.7789e-04  0.0000e+00 
8.4279e+00     3.2037e-03  0.0000e+00     2.7000e-02  0.0000e+00     2.6522e-04  0.0000e+00     2.2352e-03  0.0000e+00 
9.4563e+00     3.2722e-03  0.0000e+00     3.0943e-02  0.0000e+00     3.0395e-04  0.0000e+00     2.8742e-03  0.0000e+00 
1.0610e+01     4.2396e-03  0.0000e+00     4.4983e-02  0.0000e+00     4.4186e-04  0.0000e+00     4.6881e-03  0.0000e+00 
1.1905e+01     2.6936e-03  0.0000e+00     3.2066e-02  0.0000e+00     3.1498e-04  0.0000e+00     3.7497e-03  0.0000e+00 
1.3357e+01     2.0025e-03  0.0000e+00     2.6748e-02  0.0000e+00     2.6274e-04  0.0000e+00     3.5095e-03  0.0000e+00 
1.4987e+01     1.2498e-03  0.0000e+00     1.8731e-02  0.0000e+00     1.8399e-04  0.0000e+00     2.7575e-03  0.0000e+00 
1.6816e+01     3.1171e-03  0.0000e+00     5.2416e-02  0.0000e+00     5.1487e-04  0.0000e+00     8.6580e-03  0.0000e+00 
1.8868e+01     3.9923e-03  0.0000e+00     7.5325e-02  0.0000e+00     7.3990e-04  0.0000e+00     1.3960e-02  0.0000e+00 
2.1170e+01     4.0787e-03  0.0000e+00     8.6345e-02  0.0000e+00     8.4814e-04  0.0000e+00     1.7955e-02  0.0000e+00 
2.3753e+01     3.4486e-03  0.0000e+00     8.1915e-02  0.0000e+00     8.0463e-04  0.0000e+00     1.9112e-02  0.0000e+00 
2.6651e+01     4.7611e-03  0.0000e+00     1.2689e-01  0.0000e+00     1.2464e-03  0.0000e+00     3.3218e-02  0.0000e+00 
2.9903e+01     5.2589e-03  0.0000e+00     1.5726e-01  0.0000e+00     1.5447e-03  0.0000e+00     4.6192e-02  0.0000e+00 
3.3552e+01     5.4001e-03  0.0000e+00     1.8119e-01  0.0000e+00     1.7797e-03  0.0000e+00     5.9714e-02  0.0000e+00 
3.7646e+01     6.1990e-03  0.0000e+00     2.3337e-01  0.0000e+00     2.2923e-03  0.0000e+00     8.6296e-02  0.0000e+00 
4.2240e+01     6.4925e-03  0.0000e+00     2.7424e-01  0.0000e+00     2.6938e-03  0.0000e+00     1.1378e-01  0.0000e+00 
4.7394e+01     6.9804e-03  0.0000e+00     3.3083e-01  0.0000e+00     3.2496e-03  0.0000e+00     1.5401e-01  0.0000e+00 
5.3176e+01     7.3126e-03  0.0000e+00     3.8886e-01  0.0000e+00     3.8196e-03  0.0000e+00     2.0312e-01  0.0000e+00 
5.9665e+01     7.5356e-03  0.0000e+00     4.4961e-01  0.0000e+00     4.4164e-03  0.0000e+00     2.6351e-01  0.0000e+00 
6.6945e+01     7.6126e-03  0.0000e+00     5.0963e-01  0.0000e+00     5.0059e-03  0.0000e+00     3.3512e-01  0.0000e+00 
7.5114e+01     7.4397e-03  0.0000e+00     5.5882e-01  0.0000e+00     5.4892e-03  0.0000e+00     4.1231e-01  0.0000e+00 
8.4279e+01     7.1079e-03  0.0000e+00     5.9904e-01  0.0000e+00     5.8843e-03  0.0000e+00     4.9592e-01  0.0000e+00 
9.4563e+01     6.5554e-03  0.0000e+00     6.1990e-01  0.0000e+00     6.0891e-03  0.0000e+00     5.7580e-01  0.0000e+00 
1.0610e+02     5.8988e-03  0.0000e+00     6.2587e-01  0.0000e+00     6.1478e-03  0.0000e+00     6.5228e-01  0.0000e+00 
1.1905e+02     5.0095e-03  0.0000e+00     5.9637e-01  0.0000e+00     5.8580e-03  0.0000e+00     6.9738e-01  0.0000e+00 
1.3357e+02     4.1015e-03  0.0000e+00     5.4786e-01  0.0000e+00     5.3814e-03  0.0000e+00     7.1882e-01  0.0000e+00 
1.4987e+02     3.2646e-03  0.0000e+00     4.8928e-01  0.0000e+00     4.8060e-03  0.0000e+00     7.2029e-01  0.0000e+00 
1.6816e+02     2.4659e-03  0.0000e+00     4.1466e-01  0.0000e+00     4.0731e-03  0.0000e+00     6.8493e-01  0.0000e+00 
1.8868e+02     1.7735e-03  0.0000e+00     3.3462e-01  0.0000e+00     3.2869e-03  0.0000e+00     6.2016e-01  0.0000e+00 
2.1170e+02     1.2002e-03  0.0000e+00     2.5408e-01  0.0000e+00     2.4958e-03  0.0000e+00     5.2836e-01  0.0000e+00 
2.3753e+02     7.6663e-04  0.0000e+00     1.8210e-01  0.0000e+00     1.7887e-03  0.0000e+00     4.2487e-01  0.0000e+00 
2.6651e+02     4.5965e-04  0.0000e+00     1.2250e-01  0.0000e+00     1.2033e-03  0.0000e+00     3.2070e-01  0.0000e+00 
2.9903e+02     2.5091e-04  0.0000e+00     7.5030e-02  0.0000e+00     7.3700e-04  0.0000e+00     2.2039e-01  0.0000e+00 
3.3552e+02     1.1863e-04  0.0000e+00     3.9804e-02  0.0000e+00     3.9098e-04  0.0000e+00     1.3118e-01  0.0000e+00 
3.7646e+02     4.9479e-05  0.0000e+00     1.8627e-02  0.0000e+00     1.8297e-04  0.0000e+00     6.8880e-02  0.0000e+00 
4.2240e+02     1.7248e-05  0.0000e+00     7.2854e-03  0.0000e+00     7.1562e-05  0.0000e+00     3.0228e-02  0.0000e+00 
4.7394e+02     5.7484e-06  0.0000e+00     2.7244e-03  0.0000e+00     2.6761e-05  0.0000e+00     1.2683e-02  0.0000e+00 
5.3176e+02     1.3422e-06  0.0000e+00     7.1374e-04  0.0000e+00     7.0109e-06  0.0000e+00     3.7281e-03  0.0000e+00 
5.9665e+02     3.0636e-07  0.0000e+00     1.8279e-04  0.0000e+00     1.7955e-06  0.0000e+00     1.0713e-03  0.0000e+00 
6.6945e+02     2.6004e-08  0.0000e+00     1.7408e-05  0.0000e+00     1.7100e-07  0.0000e+00     1.1447e-04  0.0000e+00 
7.5114e+02     0.0000e+00  0.0000e+00     0.0000e+00  0.0000e+00     0.0000e+00  0.0000e+00     0.0000e+00  0.0000e+00 
8.4279e+02     0.0000e+00  0.0000e+00     0.0000e+00  0.0000e+00     0.0000e+00  0.0000e+00     0.0000e+00  0.0000e+00 
9.4563e+02     0.0000e+00  0.0000e+00     0.0000e+00  0.0000e+00     0.0000e+00  0.0000e+00     0.0000e+00  0.0000e+00 
1.0610e+03     0.0000e+00  0.0000e+00     0.0000e+00  0.0000e+00     0.0000e+00  0.0000e+00     0.0000e+00  0.0000e+00 
1.1905e+03     0.0000e+00  0.0000e+00     0.0000e+00  0.0000e+00     0.0000e+00  0.0000e+00     0.0000e+00  0.0000e+00 
1.3357e+03     0.0000e+00  0.0000e+00     0.0000e+00  0.0000e+00     0.0000e+00  0.0000e+00     0.0000e+00  0.0000e+00 
1.4987e+03     0.0000e+00  0.0000e+00     0.0000e+00  0.0000e+00     0.0000e+00  0.0000e+00     0.0000e+00  0.0000e+00 
1.6816e+03     0.0000e+00  0.0000e+00     0.0000e+00  0.0000e+00     0.0000e+00  0.0000e+00     0.0000e+00  0.0000e+00 
1.8868e+03     0.0000e+00  0.0000e+00     0.0000e+00  0.0000e+00     0.0000e+00  0.0000e+00     0.0000e+00  0.0000e+00 
2.1170e+03     0.0000e+00  0.0000e+00     0.0000e+00  0.0000e+00     0.0000e+00  0.0000e+00     0.0000e+00  0.0000e+00 
2.3753e+03     0.0000e+00  0.0000e+00     0.0000e+00  0.0000e+00     0.0000e+00  0.0000e+00     0.0000e+00  0.0000e+00 
2.6651e+03     0.0000e+00  0.0000e+00     0.0000e+00  0.0000e+00     0.0000e+00  0.0000e+00     0.0000e+00  0.0000e+00 
2.9903e+03     0.0000e+00  0.0000e+00     0.0000e+00  0.0000e+00     0.0000e+00  0.0000e+00     0.0000e+00  0.0000e+00 
3.3552e+03     0.0000e+00  0.0000e+00     0.0000e+00  0.0000e+00     0.0000e+00  0.0000e+00     0.0000e+00  0.0000e+00 
3.7646e+03     0.0000e+00  0.0000e+00     0.0000e+00  0.0000e+00     0.0000e+00  0.0000e+00     0.0000e+00  0.0000e+00 
4.2240e+03     0.0000e+00  0.0000e+00     0.0000e+00  0.0000e+00     0.0000e+00  0.0000e+00     0.0000e+00  0.0000e+00 
4.7394e+03     0.0000e+00  0.0000e+00     0.0000e+00  0.0000e+00     0.0000e+00  0.0000e+00     0.0000e+00  0.0000e+00 
5.3176e+03     0.0000e+00  0.0000e+00     0.0000e+00  0.0000e+00     0.0000e+00  0.0000e+00     0.0000e+00  0.0000e+00 
5.9665e+03     0.0000e+00  0.0000e+00     0.0000e+00  0.0000e+00     0.0000e+00  0.0000e+00     0.0000e+00  0.0000e+00 
6.6945e+03     0.0000e+00  0.0000e+00     0.0000e+00  0.0000e+00     0.0000e+00  0.0000e+00     0.0000e+00  0.0000e+00 
7.5114e+03     0.0000e+00  0.0000e+00     0.0000e+00  0.0000e+00     0.0000e+00  0.0000e+00     0.0000e+00  0.0000e+00 
8.4279e+03     0.0000e+00  0.0000e+00     0.0000e+00  0.0000e+00     0.0000e+00  0.0000e+00     0.0000e+00  0.0000e+00 
9.4563e+03     0.0000e+00  0.0000e+00     0.0000e+00  0.0000e+00     0.0000e+00  0.0000e+00     0.0000e+00  0.0000e+00 
