yF = 5.4160e+00 (std: 0.0000e+00) keV/um
yD = 2.3900e+01 (std: 0.0000e+00) keV/um
y (keV/um)     f(y)(std)                  yf(y)(std)                 d(y)(std)                  yd(y)(std)  
1.0610e-01     2.2212e+01  0.0000e+00     2.3567e+00  0.0000e+00     4.3513e-01  0.0000e+00     4.6168e-02  0.0000e+00 
1.1905e-01     1.7832e+00  0.0000e+00     2.1229e-01  0.0000e+00     3.9196e-02  0.0000e+00     4.6662e-03  0.0000e+00 
1.3357e-01     5.7856e-01  0.0000e+00     7.7281e-02  0.0000e+00     1.4269e-02  0.0000e+00     1.9059e-03  0.0000e+00 
1.4987e-01     2.6212e+00  0.0000e+00     3.9285e-01  0.0000e+00     7.2534e-02  0.0000e+00     1.0871e-02  0.0000e+00 
1.6816e-01     8.7426e-01  0.0000e+00     1.4702e-01  0.0000e+00     2.7144e-02  0.0000e+00     4.5646e-03  0.0000e+00 
1.8868e-01     6.2256e-01  0.0000e+00     1.1746e-01  0.0000e+00     2.1688e-02  0.0000e+00     4.0920e-03  0.0000e+00 
2.1170e-01     6.5243e-01  0.0000e+00     1.3812e-01  0.0000e+00     2.5502e-02  0.0000e+00     5.3987e-03  0.0000e+00 
2.3753e-01     6.0050e-01  0.0000e+00     1.4264e-01  0.0000e+00     2.6336e-02  0.0000e+00     6.2556e-03  0.0000e+00 
2.6651e-01     3.0454e-01  0.0000e+00     8.1164e-02  0.0000e+00     1.4986e-02  0.0000e+00     3.9939e-03  0.0000e+00 
2.9903e-01     2.6976e-01  0.0000e+00     8.0668e-02  0.0000e+00     1.4894e-02  0.0000e+00     4.4539e-03  0.0000e+00 
3.3552e-01     1.2300e+00  0.0000e+00     4.1268e-01  0.0000e+00     7.6195e-02  0.0000e+00     2.5565e-02  0.0000e+00 
3.7646e-01     8.6254e-01  0.0000e+00     3.2471e-01  0.0000e+00     5.9954e-02  0.0000e+00     2.2570e-02  0.0000e+00 
4.2240e-01     4.1743e-01  0.0000e+00     1.7632e-01  0.0000e+00     3.2555e-02  0.0000e+00     1.3751e-02  0.0000e+00 
4.7394e-01     4.1114e-01  0.0000e+00     1.9485e-01  0.0000e+00     3.5977e-02  0.0000e+00     1.7051e-02  0.0000e+00 
5.3176e-01     2.7647e-01  0.0000e+00     1.4702e-01  0.0000e+00     2.7144e-02  0.0000e+00     1.4434e-02  0.0000e+00 
5.9665e-01     1.5727e-01  0.0000e+00     9.3833e-02  0.0000e+00     1.7325e-02  0.0000e+00     1.0337e-02  0.0000e+00 
6.6945e-01     2.0936e-01  0.0000e+00     1.4016e-01  0.0000e+00     2.5878e-02  0.0000e+00     1.7324e-02  0.0000e+00 
7.5114e-01     1.8876e-01  0.0000e+00     1.4178e-01  0.0000e+00     2.6178e-02  0.0000e+00     1.9663e-02  0.0000e+00 
8.4279e-01     9.9572e-02  0.0000e+00     8.3918e-02  0.0000e+00     1.5494e-02  0.0000e+00     1.3058e-02  0.0000e+00 
9.4563e-01     6.3871e-02  0.0000e+00     6.0398e-02  0.0000e+00     1.1152e-02  0.0000e+00     1.0545e-02  0.0000e+00 
1.0610e+00     4.9423e-02  0.0000e+00     5.2438e-02  0.0000e+00     9.6821e-03  0.0000e+00     1.0273e-02  0.0000e+00 
1.1905e+00     2.8247e-02  0.0000e+00     3.3628e-02  0.0000e+00     6.2089e-03  0.0000e+00     7.3916e-03  0.0000e+00 
1.3357e+00     1.5753e-02  0.0000e+00     2.1041e-02  0.0000e+00     3.8850e-03  0.0000e+00     5.1894e-03  0.0000e+00 
1.4987e+00     8.6737e-03  0.0000e+00     1.2999e-02  0.0000e+00     2.4002e-03  0.0000e+00     3.5972e-03  0.0000e+00 
1.6816e+00     4.6186e-03  0.0000e+00     7.7666e-03  0.0000e+00     1.4340e-03  0.0000e+00     2.4114e-03  0.0000e+00 
1.8868e+00     2.0582e-03  0.0000e+00     3.8833e-03  0.0000e+00     7.1700e-04  0.0000e+00     1.3528e-03  0.0000e+00 
2.1170e+00     8.8465e-04  0.0000e+00     1.8728e-03  0.0000e+00     3.4579e-04  0.0000e+00     7.3203e-04  0.0000e+00 
2.3753e+00     3.7103e-04  0.0000e+00     8.8132e-04  0.0000e+00     1.6272e-04  0.0000e+00     3.8652e-04  0.0000e+00 
2.6651e+00     1.5501e-04  0.0000e+00     4.1312e-04  0.0000e+00     7.6277e-05  0.0000e+00     2.0329e-04  0.0000e+00 
2.9903e+00     1.8420e-05  0.0000e+00     5.5082e-05  0.0000e+00     1.0170e-05  0.0000e+00     3.0412e-05  0.0000e+00 
3.3552e+00     1.6417e-05  0.0000e+00     5.5082e-05  0.0000e+00     1.0170e-05  0.0000e+00     3.4123e-05  0.0000e+00 
3.7646e+00     0.0000e+00  0.0000e+00     0.0000e+00  0.0000e+00     0.0000e+00  0.0000e+00     0.0000e+00  0.0000e+00 
4.2240e+00     0.0000e+00  0.0000e+00     0.0000e+00  0.0000e+00     0.0000e+00  0.0000e+00     0.0000e+00  0.0000e+00 
4.7394e+00     0.0000e+00  0.0000e+00     0.0000e+00  0.0000e+00     0.0000e+00  0.0000e+00     0.0000e+00  0.0000e+00 
5.3176e+00     0.0000e+00  0.0000e+00     0.0000e+00  0.0000e+00     0.0000e+00  0.0000e+00     0.0000e+00  0.0000e+00 
5.9665e+00     1.0508e-01  0.0000e+00     6.2695e-01  0.0000e+00     1.1576e-01  0.0000e+00     6.9067e-01  0.0000e+00 
6.6945e+00     2.6494e-02  0.0000e+00     1.7737e-01  0.0000e+00     3.2748e-02  0.0000e+00     2.1923e-01  0.0000e+00 
7.5114e+00     6.7356e-03  0.0000e+00     5.0593e-02  0.0000e+00     9.3414e-03  0.0000e+00     7.0166e-02  0.0000e+00 
8.4279e+00     2.8725e-02  0.0000e+00     2.4209e-01  0.0000e+00     4.4698e-02  0.0000e+00     3.7671e-01  0.0000e+00 
9.4563e+00     1.9080e-02  0.0000e+00     1.8042e-01  0.0000e+00     3.3313e-02  0.0000e+00     3.1501e-01  0.0000e+00 
1.0610e+01     2.8582e-02  0.0000e+00     3.0326e-01  0.0000e+00     5.5992e-02  0.0000e+00     5.9408e-01  0.0000e+00 
1.1905e+01     2.0861e-02  0.0000e+00     2.4834e-01  0.0000e+00     4.5852e-02  0.0000e+00     5.4586e-01  0.0000e+00 
1.3357e+01     1.5652e-02  0.0000e+00     2.0907e-01  0.0000e+00     3.8601e-02  0.0000e+00     5.1561e-01  0.0000e+00 
1.4987e+01     9.7359e-03  0.0000e+00     1.4591e-01  0.0000e+00     2.6941e-02  0.0000e+00     4.0377e-01  0.0000e+00 
1.6816e+01     7.0737e-03  0.0000e+00     1.1895e-01  0.0000e+00     2.1963e-02  0.0000e+00     3.6932e-01  0.0000e+00 
1.8868e+01     5.4126e-03  0.0000e+00     1.0212e-01  0.0000e+00     1.8856e-02  0.0000e+00     3.5576e-01  0.0000e+00 
2.1170e+01     5.0204e-03  0.0000e+00     1.0628e-01  0.0000e+00     1.9623e-02  0.0000e+00     4.1543e-01  0.0000e+00 
2.3753e+01     4.5371e-03  0.0000e+00     1.0777e-01  0.0000e+00     1.9898e-02  0.0000e+00     4.7264e-01  0.0000e+00 
2.6651e+01     3.1901e-03  0.0000e+00     8.5020e-02  0.0000e+00     1.5698e-02  0.0000e+00     4.1837e-01  0.0000e+00 
2.9903e+01     2.2556e-03  0.0000e+00     6.7448e-02  0.0000e+00     1.2453e-02  0.0000e+00     3.7240e-01  0.0000e+00 
3.3552e+01     1.8510e-03  0.0000e+00     6.2105e-02  0.0000e+00     1.1467e-02  0.0000e+00     3.8474e-01  0.0000e+00 
3.7646e+01     1.4463e-03  0.0000e+00     5.4449e-02  0.0000e+00     1.0053e-02  0.0000e+00     3.7847e-01  0.0000e+00 
4.2240e+01     1.0093e-03  0.0000e+00     4.2634e-02  0.0000e+00     7.8718e-03  0.0000e+00     3.3250e-01  0.0000e+00 
4.7394e+01     7.2233e-04  0.0000e+00     3.4234e-02  0.0000e+00     6.3208e-03  0.0000e+00     2.9957e-01  0.0000e+00 
5.3176e+01     4.7908e-04  0.0000e+00     2.5476e-02  0.0000e+00     4.7037e-03  0.0000e+00     2.5013e-01  0.0000e+00 
5.9665e+01     3.0512e-04  0.0000e+00     1.8205e-02  0.0000e+00     3.3613e-03  0.0000e+00     2.0055e-01  0.0000e+00 
6.6945e+01     1.8678e-04  0.0000e+00     1.2504e-02  0.0000e+00     2.3086e-03  0.0000e+00     1.5455e-01  0.0000e+00 
7.5114e+01     1.1000e-04  0.0000e+00     8.2624e-03  0.0000e+00     1.5255e-03  0.0000e+00     1.1459e-01  0.0000e+00 
8.4279e+01     5.5554e-05  0.0000e+00     4.6820e-03  0.0000e+00     8.6447e-04  0.0000e+00     7.2857e-02  0.0000e+00 
9.4563e+01     3.0290e-05  0.0000e+00     2.8643e-03  0.0000e+00     5.2885e-04  0.0000e+00     5.0010e-02  0.0000e+00 
1.0610e+02     8.8256e-06  0.0000e+00     9.3640e-04  0.0000e+00     1.7289e-04  0.0000e+00     1.8344e-02  0.0000e+00 
1.1905e+02     3.9329e-06  0.0000e+00     4.6820e-04  0.0000e+00     8.6447e-05  0.0000e+00     1.0291e-02  0.0000e+00 
1.3357e+02     1.2371e-06  0.0000e+00     1.6525e-04  0.0000e+00     3.0511e-05  0.0000e+00     4.0754e-03  0.0000e+00 
1.4987e+02     3.6753e-07  0.0000e+00     5.5082e-05  0.0000e+00     1.0170e-05  0.0000e+00     1.5242e-03  0.0000e+00 
1.6816e+02     0.0000e+00  0.0000e+00     0.0000e+00  0.0000e+00     0.0000e+00  0.0000e+00     0.0000e+00  0.0000e+00 
1.8868e+02     0.0000e+00  0.0000e+00     0.0000e+00  0.0000e+00     0.0000e+00  0.0000e+00     0.0000e+00  0.0000e+00 
2.1170e+02     0.0000e+00  0.0000e+00     0.0000e+00  0.0000e+00     0.0000e+00  0.0000e+00     0.0000e+00  0.0000e+00 
2.3753e+02     0.0000e+00  0.0000e+00     0.0000e+00  0.0000e+00     0.0000e+00  0.0000e+00     0.0000e+00  0.0000e+00 
2.6651e+02     0.0000e+00  0.0000e+00     0.0000e+00  0.0000e+00     0.0000e+00  0.0000e+00     0.0000e+00  0.0000e+00 
2.9903e+02     0.0000e+00  0.0000e+00     0.0000e+00  0.0000e+00     0.0000e+00  0.0000e+00     0.0000e+00  0.0000e+00 
3.3552e+02     0.0000e+00  0.0000e+00     0.0000e+00  0.0000e+00     0.0000e+00  0.0000e+00     0.0000e+00  0.0000e+00 
3.7646e+02     0.0000e+00  0.0000e+00     0.0000e+00  0.0000e+00     0.0000e+00  0.0000e+00     0.0000e+00  0.0000e+00 
4.2240e+02     0.0000e+00  0.0000e+00     0.0000e+00  0.0000e+00     0.0000e+00  0.0000e+00     0.0000e+00  0.0000e+00 
4.7394e+02     0.0000e+00  0.0000e+00     0.0000e+00  0.0000e+00     0.0000e+00  0.0000e+00     0.0000e+00  0.0000e+00 
5.3176e+02     0.0000e+00  0.0000e+00     0.0000e+00  0.0000e+00     0.0000e+00  0.0000e+00     0.0000e+00  0.0000e+00 
5.9665e+02     0.0000e+00  0.0000e+00     0.0000e+00  0.0000e+00     0.0000e+00  0.0000e+00     0.0000e+00  0.0000e+00 
6.6945e+02     0.0000e+00  0.0000e+00     0.0000e+00  0.0000e+00     0.0000e+00  0.0000e+00     0.0000e+00  0.0000e+00 
7.5114e+02     0.0000e+00  0.0000e+00     0.0000e+00  0.0000e+00     0.0000e+00  0.0000e+00     0.0000e+00  0.0000e+00 
8.4279e+02     0.0000e+00  0.0000e+00     0.0000e+00  0.0000e+00     0.0000e+00  0.0000e+00     0.0000e+00  0.0000e+00 
9.4563e+02     0.0000e+00  0.0000e+00     0.0000e+00  0.0000e+00     0.0000e+00  0.0000e+00     0.0000e+00  0.0000e+00 
1.0610e+03     0.0000e+00  0.0000e+00     0.0000e+00  0.0000e+00     0.0000e+00  0.0000e+00     0.0000e+00  0.0000e+00 
1.1905e+03     0.0000e+00  0.0000e+00     0.0000e+00  0.0000e+00     0.0000e+00  0.0000e+00     0.0000e+00  0.0000e+00 
1.3357e+03     0.0000e+00  0.0000e+00     0.0000e+00  0.0000e+00     0.0000e+00  0.0000e+00     0.0000e+00  0.0000e+00 
1.4987e+03     0.0000e+00  0.0000e+00     0.0000e+00  0.0000e+00     0.0000e+00  0.0000e+00     0.0000e+00  0.0000e+00 
1.6816e+03     0.0000e+00  0.0000e+00     0.0000e+00  0.0000e+00     0.0000e+00  0.0000e+00     0.0000e+00  0.0000e+00 
1.8868e+03     0.0000e+00  0.0000e+00     0.0000e+00  0.0000e+00     0.0000e+00  0.0000e+00     0.0000e+00  0.0000e+00 
2.1170e+03     0.0000e+00  0.0000e+00     0.0000e+00  0.0000e+00     0.0000e+00  0.0000e+00     0.0000e+00  0.0000e+00 
2.3753e+03     0.0000e+00  0.0000e+00     0.0000e+00  0.0000e+00     0.0000e+00  0.0000e+00     0.0000e+00  0.0000e+00 
2.6651e+03     0.0000e+00  0.0000e+00     0.0000e+00  0.0000e+00     0.0000e+00  0.0000e+00     0.0000e+00  0.0000e+00 
2.9903e+03     0.0000e+00  0.0000e+00     0.0000e+00  0.0000e+00     0.0000e+00  0.0000e+00     0.0000e+00  0.0000e+00 
3.3552e+03     0.0000e+00  0.0000e+00     0.0000e+00  0.0000e+00     0.0000e+00  0.0000e+00     0.0000e+00  0.0000e+00 
3.7646e+03     0.0000e+00  0.0000e+00     0.0000e+00  0.0000e+00     0.0000e+00  0.0000e+00     0.0000e+00  0.0000e+00 
4.2240e+03     0.0000e+00  0.0000e+00     0.0000e+00  0.0000e+00     0.0000e+00  0.0000e+00     0.0000e+00  0.0000e+00 
4.7394e+03     0.0000e+00  0.0000e+00     0.0000e+00  0.0000e+00     0.0000e+00  0.0000e+00     0.0000e+00  0.0000e+00 
5.3176e+03     0.0000e+00  0.0000e+00     0.0000e+00  0.0000e+00     0.0000e+00  0.0000e+00     0.0000e+00  0.0000e+00 
5.9665e+03     0.0000e+00  0.0000e+00     0.0000e+00  0.0000e+00     0.0000e+00  0.0000e+00     0.0000e+00  0.0000e+00 
6.6945e+03     0.0000e+00  0.0000e+00     0.0000e+00  0.0000e+00     0.0000e+00  0.0000e+00     0.0000e+00  0.0000e+00 
7.5114e+03     0.0000e+00  0.0000e+00     0.0000e+00  0.0000e+00     0.0000e+00  0.0000e+00     0.0000e+00  0.0000e+00 
8.4279e+03     0.0000e+00  0.0000e+00     0.0000e+00  0.0000e+00     0.0000e+00  0.0000e+00     0.0000e+00  0.0000e+00 
9.4563e+03     0.0000e+00  0.0000e+00     0.0000e+00  0.0000e+00     0.0000e+00  0.0000e+00     0.0000e+00  0.0000e+00 
