yF = 4.1582e+00 (std: 0.0000e+00) keV/um
yD = 2.0131e+01 (std: 0.0000e+00) keV/um
y (keV/um)     f(y)(std)                  yf(y)(std)                 d(y)(std)                  yd(y)(std)  
1.0610e-01     2.6674e+01  0.0000e+00     2.8301e+00  0.0000e+00     6.8062e-01  0.0000e+00     7.2215e-02  0.0000e+00 
1.1905e-01     1.9496e+00  0.0000e+00     2.3209e-01  0.0000e+00     5.5815e-02  0.0000e+00     6.6447e-03  0.0000e+00 
1.3357e-01     4.8921e-01  0.0000e+00     6.5346e-02  0.0000e+00     1.5715e-02  0.0000e+00     2.0991e-03  0.0000e+00 
1.4987e-01     2.6311e+00  0.0000e+00     3.9433e-01  0.0000e+00     9.4832e-02  0.0000e+00     1.4213e-02  0.0000e+00 
1.6816e-01     9.6479e-01  0.0000e+00     1.6224e-01  0.0000e+00     3.9017e-02  0.0000e+00     6.5610e-03  0.0000e+00 
1.8868e-01     5.8519e-01  0.0000e+00     1.1041e-01  0.0000e+00     2.6553e-02  0.0000e+00     5.0099e-03  0.0000e+00 
2.1170e-01     5.8541e-01  0.0000e+00     1.2393e-01  0.0000e+00     2.9804e-02  0.0000e+00     6.3096e-03  0.0000e+00 
2.3753e-01     5.7867e-01  0.0000e+00     1.3745e-01  0.0000e+00     3.3056e-02  0.0000e+00     7.8517e-03  0.0000e+00 
2.6651e-01     2.8746e-01  0.0000e+00     7.6612e-02  0.0000e+00     1.8424e-02  0.0000e+00     4.9104e-03  0.0000e+00 
2.9903e-01     1.8085e-01  0.0000e+00     5.4079e-02  0.0000e+00     1.3006e-02  0.0000e+00     3.8891e-03  0.0000e+00 
3.3552e-01     1.2760e+00  0.0000e+00     4.2813e-01  0.0000e+00     1.0296e-01  0.0000e+00     3.4545e-02  0.0000e+00 
3.7646e-01     9.8162e-01  0.0000e+00     3.6954e-01  0.0000e+00     8.8871e-02  0.0000e+00     3.3456e-02  0.0000e+00 
4.2240e-01     4.3210e-01  0.0000e+00     1.8252e-01  0.0000e+00     4.3894e-02  0.0000e+00     1.8540e-02  0.0000e+00 
4.7394e-01     3.8511e-01  0.0000e+00     1.8252e-01  0.0000e+00     4.3894e-02  0.0000e+00     2.0803e-02  0.0000e+00 
5.3176e-01     2.3729e-01  0.0000e+00     1.2618e-01  0.0000e+00     3.0346e-02  0.0000e+00     1.6137e-02  0.0000e+00 
5.9665e-01     1.0952e-01  0.0000e+00     6.5346e-02  0.0000e+00     1.5715e-02  0.0000e+00     9.3764e-03  0.0000e+00 
6.6945e-01     1.7503e-01  0.0000e+00     1.1717e-01  0.0000e+00     2.8179e-02  0.0000e+00     1.8864e-02  0.0000e+00 
7.5114e-01     1.6799e-01  0.0000e+00     1.2618e-01  0.0000e+00     3.0346e-02  0.0000e+00     2.2794e-02  0.0000e+00 
8.4279e-01     9.6250e-02  0.0000e+00     8.1119e-02  0.0000e+00     1.9508e-02  0.0000e+00     1.6441e-02  0.0000e+00 
9.4563e-01     3.3360e-02  0.0000e+00     3.1546e-02  0.0000e+00     7.5866e-03  0.0000e+00     7.1740e-03  0.0000e+00 
1.0610e+00     3.3980e-02  0.0000e+00     3.6053e-02  0.0000e+00     8.6704e-03  0.0000e+00     9.1993e-03  0.0000e+00 
1.1905e+00     2.8392e-02  0.0000e+00     3.3799e-02  0.0000e+00     8.1285e-03  0.0000e+00     9.6767e-03  0.0000e+00 
1.3357e+00     5.0608e-03  0.0000e+00     6.7599e-03  0.0000e+00     1.6257e-03  0.0000e+00     2.1715e-03  0.0000e+00 
1.4987e+00     9.0209e-03  0.0000e+00     1.3520e-02  0.0000e+00     3.2514e-03  0.0000e+00     4.8729e-03  0.0000e+00 
1.6816e+00     5.3599e-03  0.0000e+00     9.0132e-03  0.0000e+00     2.1676e-03  0.0000e+00     3.6450e-03  0.0000e+00 
1.8868e+00     2.3885e-03  0.0000e+00     4.5066e-03  0.0000e+00     1.0838e-03  0.0000e+00     2.0449e-03  0.0000e+00 
2.1170e+00     0.0000e+00  0.0000e+00     0.0000e+00  0.0000e+00     0.0000e+00  0.0000e+00     0.0000e+00  0.0000e+00 
2.3753e+00     0.0000e+00  0.0000e+00     0.0000e+00  0.0000e+00     0.0000e+00  0.0000e+00     0.0000e+00  0.0000e+00 
2.6651e+00     0.0000e+00  0.0000e+00     0.0000e+00  0.0000e+00     0.0000e+00  0.0000e+00     0.0000e+00  0.0000e+00 
2.9903e+00     0.0000e+00  0.0000e+00     0.0000e+00  0.0000e+00     0.0000e+00  0.0000e+00     0.0000e+00  0.0000e+00 
3.3552e+00     0.0000e+00  0.0000e+00     0.0000e+00  0.0000e+00     0.0000e+00  0.0000e+00     0.0000e+00  0.0000e+00 
3.7646e+00     0.0000e+00  0.0000e+00     0.0000e+00  0.0000e+00     0.0000e+00  0.0000e+00     0.0000e+00  0.0000e+00 
4.2240e+00     0.0000e+00  0.0000e+00     0.0000e+00  0.0000e+00     0.0000e+00  0.0000e+00     0.0000e+00  0.0000e+00 
4.7394e+00     0.0000e+00  0.0000e+00     0.0000e+00  0.0000e+00     0.0000e+00  0.0000e+00     0.0000e+00  0.0000e+00 
5.3176e+00     0.0000e+00  0.0000e+00     0.0000e+00  0.0000e+00     0.0000e+00  0.0000e+00     0.0000e+00  0.0000e+00 
5.9665e+00     1.2085e-01  0.0000e+00     7.2106e-01  0.0000e+00     1.7341e-01  0.0000e+00     1.0346e+00  0.0000e+00 
6.6945e+00     2.2215e-02  0.0000e+00     1.4872e-01  0.0000e+00     3.5765e-02  0.0000e+00     2.3943e-01  0.0000e+00 
7.5114e+00     5.0997e-03  0.0000e+00     3.8306e-02  0.0000e+00     9.2122e-03  0.0000e+00     6.9197e-02  0.0000e+00 
8.4279e+00     2.6201e-02  0.0000e+00     2.2082e-01  0.0000e+00     5.3106e-02  0.0000e+00     4.4757e-01  0.0000e+00 
9.4563e+00     1.4297e-02  0.0000e+00     1.3520e-01  0.0000e+00     3.2514e-02  0.0000e+00     3.0746e-01  0.0000e+00 
1.0610e+01     4.7147e-02  0.0000e+00     5.0023e-01  0.0000e+00     1.2030e-01  0.0000e+00     1.2764e+00  0.0000e+00 
1.1905e+01     1.4764e-02  0.0000e+00     1.7576e-01  0.0000e+00     4.2268e-02  0.0000e+00     5.0319e-01  0.0000e+00 
1.3357e+01     1.1640e-02  0.0000e+00     1.5548e-01  0.0000e+00     3.7391e-02  0.0000e+00     4.9944e-01  0.0000e+00 
1.4987e+01     6.3146e-03  0.0000e+00     9.4639e-02  0.0000e+00     2.2760e-02  0.0000e+00     3.4110e-01  0.0000e+00 
1.6816e+01     3.4840e-03  0.0000e+00     5.8586e-02  0.0000e+00     1.4089e-02  0.0000e+00     2.3692e-01  0.0000e+00 
1.8868e+01     2.0302e-03  0.0000e+00     3.8306e-02  0.0000e+00     9.2122e-03  0.0000e+00     1.7381e-01  0.0000e+00 
2.1170e+01     3.2996e-03  0.0000e+00     6.9852e-02  0.0000e+00     1.6799e-02  0.0000e+00     3.5563e-01  0.0000e+00 
2.3753e+01     3.2254e-03  0.0000e+00     7.6612e-02  0.0000e+00     1.8424e-02  0.0000e+00     4.3764e-01  0.0000e+00 
2.6651e+01     2.6210e-03  0.0000e+00     6.9852e-02  0.0000e+00     1.6799e-02  0.0000e+00     4.4771e-01  0.0000e+00 
2.9903e+01     1.2056e-03  0.0000e+00     3.6053e-02  0.0000e+00     8.6704e-03  0.0000e+00     2.5927e-01  0.0000e+00 
3.3552e+01     9.4022e-04  0.0000e+00     3.1546e-02  0.0000e+00     7.5866e-03  0.0000e+00     2.5454e-01  0.0000e+00 
3.7646e+01     9.5768e-04  0.0000e+00     3.6053e-02  0.0000e+00     8.6704e-03  0.0000e+00     3.2640e-01  0.0000e+00 
4.2240e+01     7.4684e-04  0.0000e+00     3.1546e-02  0.0000e+00     7.5866e-03  0.0000e+00     3.2045e-01  0.0000e+00 
4.7394e+01     2.3772e-04  0.0000e+00     1.1266e-02  0.0000e+00     2.7095e-03  0.0000e+00     1.2841e-01  0.0000e+00 
5.3176e+01     2.9662e-04  0.0000e+00     1.5773e-02  0.0000e+00     3.7933e-03  0.0000e+00     2.0171e-01  0.0000e+00 
5.9665e+01     1.8883e-04  0.0000e+00     1.1266e-02  0.0000e+00     2.7095e-03  0.0000e+00     1.6166e-01  0.0000e+00 
6.6945e+01     1.6829e-04  0.0000e+00     1.1266e-02  0.0000e+00     2.7095e-03  0.0000e+00     1.8139e-01  0.0000e+00 
7.5114e+01     2.9999e-05  0.0000e+00     2.2533e-03  0.0000e+00     5.4190e-04  0.0000e+00     4.0704e-02  0.0000e+00 
8.4279e+01     5.3472e-05  0.0000e+00     4.5066e-03  0.0000e+00     1.0838e-03  0.0000e+00     9.1341e-02  0.0000e+00 
9.4563e+01     0.0000e+00  0.0000e+00     0.0000e+00  0.0000e+00     0.0000e+00  0.0000e+00     0.0000e+00  0.0000e+00 
1.0610e+02     0.0000e+00  0.0000e+00     0.0000e+00  0.0000e+00     0.0000e+00  0.0000e+00     0.0000e+00  0.0000e+00 
1.1905e+02     0.0000e+00  0.0000e+00     0.0000e+00  0.0000e+00     0.0000e+00  0.0000e+00     0.0000e+00  0.0000e+00 
1.3357e+02     0.0000e+00  0.0000e+00     0.0000e+00  0.0000e+00     0.0000e+00  0.0000e+00     0.0000e+00  0.0000e+00 
1.4987e+02     0.0000e+00  0.0000e+00     0.0000e+00  0.0000e+00     0.0000e+00  0.0000e+00     0.0000e+00  0.0000e+00 
1.6816e+02     0.0000e+00  0.0000e+00     0.0000e+00  0.0000e+00     0.0000e+00  0.0000e+00     0.0000e+00  0.0000e+00 
1.8868e+02     0.0000e+00  0.0000e+00     0.0000e+00  0.0000e+00     0.0000e+00  0.0000e+00     0.0000e+00  0.0000e+00 
2.1170e+02     0.0000e+00  0.0000e+00     0.0000e+00  0.0000e+00     0.0000e+00  0.0000e+00     0.0000e+00  0.0000e+00 
2.3753e+02     0.0000e+00  0.0000e+00     0.0000e+00  0.0000e+00     0.0000e+00  0.0000e+00     0.0000e+00  0.0000e+00 
2.6651e+02     0.0000e+00  0.0000e+00     0.0000e+00  0.0000e+00     0.0000e+00  0.0000e+00     0.0000e+00  0.0000e+00 
2.9903e+02     0.0000e+00  0.0000e+00     0.0000e+00  0.0000e+00     0.0000e+00  0.0000e+00     0.0000e+00  0.0000e+00 
3.3552e+02     0.0000e+00  0.0000e+00     0.0000e+00  0.0000e+00     0.0000e+00  0.0000e+00     0.0000e+00  0.0000e+00 
3.7646e+02     0.0000e+00  0.0000e+00     0.0000e+00  0.0000e+00     0.0000e+00  0.0000e+00     0.0000e+00  0.0000e+00 
4.2240e+02     0.0000e+00  0.0000e+00     0.0000e+00  0.0000e+00     0.0000e+00  0.0000e+00     0.0000e+00  0.0000e+00 
4.7394e+02     0.0000e+00  0.0000e+00     0.0000e+00  0.0000e+00     0.0000e+00  0.0000e+00     0.0000e+00  0.0000e+00 
5.3176e+02     0.0000e+00  0.0000e+00     0.0000e+00  0.0000e+00     0.0000e+00  0.0000e+00     0.0000e+00  0.0000e+00 
5.9665e+02     0.0000e+00  0.0000e+00     0.0000e+00  0.0000e+00     0.0000e+00  0.0000e+00     0.0000e+00  0.0000e+00 
6.6945e+02     0.0000e+00  0.0000e+00     0.0000e+00  0.0000e+00     0.0000e+00  0.0000e+00     0.0000e+00  0.0000e+00 
7.5114e+02     0.0000e+00  0.0000e+00     0.0000e+00  0.0000e+00     0.0000e+00  0.0000e+00     0.0000e+00  0.0000e+00 
8.4279e+02     0.0000e+00  0.0000e+00     0.0000e+00  0.0000e+00     0.0000e+00  0.0000e+00     0.0000e+00  0.0000e+00 
9.4563e+02     0.0000e+00  0.0000e+00     0.0000e+00  0.0000e+00     0.0000e+00  0.0000e+00     0.0000e+00  0.0000e+00 
1.0610e+03     0.0000e+00  0.0000e+00     0.0000e+00  0.0000e+00     0.0000e+00  0.0000e+00     0.0000e+00  0.0000e+00 
1.1905e+03     0.0000e+00  0.0000e+00     0.0000e+00  0.0000e+00     0.0000e+00  0.0000e+00     0.0000e+00  0.0000e+00 
1.3357e+03     0.0000e+00  0.0000e+00     0.0000e+00  0.0000e+00     0.0000e+00  0.0000e+00     0.0000e+00  0.0000e+00 
1.4987e+03     0.0000e+00  0.0000e+00     0.0000e+00  0.0000e+00     0.0000e+00  0.0000e+00     0.0000e+00  0.0000e+00 
1.6816e+03     0.0000e+00  0.0000e+00     0.0000e+00  0.0000e+00     0.0000e+00  0.0000e+00     0.0000e+00  0.0000e+00 
1.8868e+03     0.0000e+00  0.0000e+00     0.0000e+00  0.0000e+00     0.0000e+00  0.0000e+00     0.0000e+00  0.0000e+00 
2.1170e+03     0.0000e+00  0.0000e+00     0.0000e+00  0.0000e+00     0.0000e+00  0.0000e+00     0.0000e+00  0.0000e+00 
2.3753e+03     0.0000e+00  0.0000e+00     0.0000e+00  0.0000e+00     0.0000e+00  0.0000e+00     0.0000e+00  0.0000e+00 
2.6651e+03     0.0000e+00  0.0000e+00     0.0000e+00  0.0000e+00     0.0000e+00  0.0000e+00     0.0000e+00  0.0000e+00 
2.9903e+03     0.0000e+00  0.0000e+00     0.0000e+00  0.0000e+00     0.0000e+00  0.0000e+00     0.0000e+00  0.0000e+00 
3.3552e+03     0.0000e+00  0.0000e+00     0.0000e+00  0.0000e+00     0.0000e+00  0.0000e+00     0.0000e+00  0.0000e+00 
3.7646e+03     0.0000e+00  0.0000e+00     0.0000e+00  0.0000e+00     0.0000e+00  0.0000e+00     0.0000e+00  0.0000e+00 
4.2240e+03     0.0000e+00  0.0000e+00     0.0000e+00  0.0000e+00     0.0000e+00  0.0000e+00     0.0000e+00  0.0000e+00 
4.7394e+03     0.0000e+00  0.0000e+00     0.0000e+00  0.0000e+00     0.0000e+00  0.0000e+00     0.0000e+00  0.0000e+00 
5.3176e+03     0.0000e+00  0.0000e+00     0.0000e+00  0.0000e+00     0.0000e+00  0.0000e+00     0.0000e+00  0.0000e+00 
5.9665e+03     0.0000e+00  0.0000e+00     0.0000e+00  0.0000e+00     0.0000e+00  0.0000e+00     0.0000e+00  0.0000e+00 
6.6945e+03     0.0000e+00  0.0000e+00     0.0000e+00  0.0000e+00     0.0000e+00  0.0000e+00     0.0000e+00  0.0000e+00 
7.5114e+03     0.0000e+00  0.0000e+00     0.0000e+00  0.0000e+00     0.0000e+00  0.0000e+00     0.0000e+00  0.0000e+00 
8.4279e+03     0.0000e+00  0.0000e+00     0.0000e+00  0.0000e+00     0.0000e+00  0.0000e+00     0.0000e+00  0.0000e+00 
9.4563e+03     0.0000e+00  0.0000e+00     0.0000e+00  0.0000e+00     0.0000e+00  0.0000e+00     0.0000e+00  0.0000e+00 
