yF = 5.6447e+00 (std: 0.0000e+00) keV/um
yD = 1.9431e+01 (std: 0.0000e+00) keV/um
y (keV/um)     f(y)(std)                  yf(y)(std)                 d(y)(std)                  yd(y)(std)  
1.0610e-01     2.3748e+01  0.0000e+00     2.5197e+00  0.0000e+00     4.4638e-01  0.0000e+00     4.7361e-02  0.0000e+00 
1.1905e-01     1.7286e+00  0.0000e+00     2.0579e-01  0.0000e+00     3.6456e-02  0.0000e+00     4.3400e-03  0.0000e+00 
1.3357e-01     5.0159e-01  0.0000e+00     6.6998e-02  0.0000e+00     1.1869e-02  0.0000e+00     1.5854e-03  0.0000e+00 
1.4987e-01     2.4405e+00  0.0000e+00     3.6577e-01  0.0000e+00     6.4798e-02  0.0000e+00     9.7114e-03  0.0000e+00 
1.6816e-01     7.2114e-01  0.0000e+00     1.2127e-01  0.0000e+00     2.1483e-02  0.0000e+00     3.6126e-03  0.0000e+00 
1.8868e-01     4.4969e-01  0.0000e+00     8.4847e-02  0.0000e+00     1.5031e-02  0.0000e+00     2.8360e-03  0.0000e+00 
2.1170e-01     5.2199e-01  0.0000e+00     1.1050e-01  0.0000e+00     1.9577e-02  0.0000e+00     4.1444e-03  0.0000e+00 
2.3753e-01     4.7987e-01  0.0000e+00     1.1398e-01  0.0000e+00     2.0193e-02  0.0000e+00     4.7964e-03  0.0000e+00 
2.6651e-01     2.1175e-01  0.0000e+00     5.6433e-02  0.0000e+00     9.9976e-03  0.0000e+00     2.6645e-03  0.0000e+00 
2.9903e-01     1.8718e-01  0.0000e+00     5.5974e-02  0.0000e+00     9.9162e-03  0.0000e+00     2.9653e-03  0.0000e+00 
3.3552e-01     1.1320e+00  0.0000e+00     3.7981e-01  0.0000e+00     6.7286e-02  0.0000e+00     2.2576e-02  0.0000e+00 
3.7646e-01     7.2582e-01  0.0000e+00     2.7324e-01  0.0000e+00     4.8407e-02  0.0000e+00     1.8223e-02  0.0000e+00 
4.2240e-01     3.1537e-01  0.0000e+00     1.3321e-01  0.0000e+00     2.3599e-02  0.0000e+00     9.9681e-03  0.0000e+00 
4.7394e-01     3.0045e-01  0.0000e+00     1.4240e-01  0.0000e+00     2.5226e-02  0.0000e+00     1.1956e-02  0.0000e+00 
5.3176e-01     1.8535e-01  0.0000e+00     9.8562e-02  0.0000e+00     1.7461e-02  0.0000e+00     9.2851e-03  0.0000e+00 
5.9665e-01     9.3484e-02  0.0000e+00     5.5777e-02  0.0000e+00     9.8813e-03  0.0000e+00     5.8957e-03  0.0000e+00 
6.6945e-01     1.7026e-01  0.0000e+00     1.1398e-01  0.0000e+00     2.0193e-02  0.0000e+00     1.3518e-02  0.0000e+00 
7.5114e-01     1.3061e-01  0.0000e+00     9.8102e-02  0.0000e+00     1.7379e-02  0.0000e+00     1.3054e-02  0.0000e+00 
8.4279e-01     6.2522e-02  0.0000e+00     5.2693e-02  0.0000e+00     9.3349e-03  0.0000e+00     7.8674e-03  0.0000e+00 
9.4563e-01     3.7334e-02  0.0000e+00     3.5304e-02  0.0000e+00     6.2543e-03  0.0000e+00     5.9142e-03  0.0000e+00 
1.0610e+00     2.9501e-02  0.0000e+00     3.1301e-02  0.0000e+00     5.5452e-03  0.0000e+00     5.8835e-03  0.0000e+00 
1.1905e+00     1.4607e-02  0.0000e+00     1.7389e-02  0.0000e+00     3.0806e-03  0.0000e+00     3.6674e-03  0.0000e+00 
1.3357e+00     8.4007e-03  0.0000e+00     1.1221e-02  0.0000e+00     1.9879e-03  0.0000e+00     2.6553e-03  0.0000e+00 
1.4987e+00     4.5098e-03  0.0000e+00     6.7589e-03  0.0000e+00     1.1974e-03  0.0000e+00     1.7945e-03  0.0000e+00 
1.6816e+00     1.8731e-03  0.0000e+00     3.1498e-03  0.0000e+00     5.5800e-04  0.0000e+00     9.3833e-04  0.0000e+00 
1.8868e+00     7.9992e-04  0.0000e+00     1.5093e-03  0.0000e+00     2.6738e-04  0.0000e+00     5.0448e-04  0.0000e+00 
2.1170e+00     2.1698e-04  0.0000e+00     4.5934e-04  0.0000e+00     8.1375e-05  0.0000e+00     1.7227e-04  0.0000e+00 
2.3753e+00     1.1050e-04  0.0000e+00     2.6248e-04  0.0000e+00     4.6500e-05  0.0000e+00     1.1045e-04  0.0000e+00 
2.6651e+00     0.0000e+00  0.0000e+00     0.0000e+00  0.0000e+00     0.0000e+00  0.0000e+00     0.0000e+00  0.0000e+00 
2.9903e+00     0.0000e+00  0.0000e+00     0.0000e+00  0.0000e+00     0.0000e+00  0.0000e+00     0.0000e+00  0.0000e+00 
3.3552e+00     0.0000e+00  0.0000e+00     0.0000e+00  0.0000e+00     0.0000e+00  0.0000e+00     0.0000e+00  0.0000e+00 
3.7646e+00     0.0000e+00  0.0000e+00     0.0000e+00  0.0000e+00     0.0000e+00  0.0000e+00     0.0000e+00  0.0000e+00 
4.2240e+00     0.0000e+00  0.0000e+00     0.0000e+00  0.0000e+00     0.0000e+00  0.0000e+00     0.0000e+00  0.0000e+00 
4.7394e+00     0.0000e+00  0.0000e+00     0.0000e+00  0.0000e+00     0.0000e+00  0.0000e+00     0.0000e+00  0.0000e+00 
5.3176e+00     0.0000e+00  0.0000e+00     0.0000e+00  0.0000e+00     0.0000e+00  0.0000e+00     0.0000e+00  0.0000e+00 
5.9665e+00     7.9044e-02  0.0000e+00     4.7161e-01  0.0000e+00     8.3549e-02  0.0000e+00     4.9850e-01  0.0000e+00 
6.6945e+00     1.9506e-02  0.0000e+00     1.3058e-01  0.0000e+00     2.3134e-02  0.0000e+00     1.5487e-01  0.0000e+00 
7.5114e+00     8.4915e-03  0.0000e+00     6.3783e-02  0.0000e+00     1.1300e-02  0.0000e+00     8.4875e-02  0.0000e+00 
8.4279e+00     3.3309e-02  0.0000e+00     2.8072e-01  0.0000e+00     4.9732e-02  0.0000e+00     4.1914e-01  0.0000e+00 
9.4563e+00     3.0679e-02  0.0000e+00     2.9011e-01  0.0000e+00     5.1394e-02  0.0000e+00     4.8600e-01  0.0000e+00 
1.0610e+01     7.3765e-02  0.0000e+00     7.8265e-01  0.0000e+00     1.3865e-01  0.0000e+00     1.4711e+00  0.0000e+00 
1.1905e+01     2.8354e-02  0.0000e+00     3.3755e-01  0.0000e+00     5.9799e-02  0.0000e+00     7.1189e-01  0.0000e+00 
1.3357e+01     1.2449e-02  0.0000e+00     1.6628e-01  0.0000e+00     2.9458e-02  0.0000e+00     3.9348e-01  0.0000e+00 
1.4987e+01     5.0834e-03  0.0000e+00     7.6185e-02  0.0000e+00     1.3497e-02  0.0000e+00     2.0228e-01  0.0000e+00 
1.6816e+01     2.3925e-02  0.0000e+00     4.0232e-01  0.0000e+00     7.1273e-02  0.0000e+00     1.1985e+00  0.0000e+00 
1.8868e+01     6.5698e-03  0.0000e+00     1.2396e-01  0.0000e+00     2.1960e-02  0.0000e+00     4.1433e-01  0.0000e+00 
2.1170e+01     3.3508e-03  0.0000e+00     7.0936e-02  0.0000e+00     1.2567e-02  0.0000e+00     2.6604e-01  0.0000e+00 
2.3753e+01     3.1715e-03  0.0000e+00     7.5332e-02  0.0000e+00     1.3346e-02  0.0000e+00     3.1700e-01  0.0000e+00 
2.6651e+01     1.9476e-03  0.0000e+00     5.1906e-02  0.0000e+00     9.1954e-03  0.0000e+00     2.4507e-01  0.0000e+00 
2.9903e+01     1.4461e-03  0.0000e+00     4.3244e-02  0.0000e+00     7.6609e-03  0.0000e+00     2.2909e-01  0.0000e+00 
3.3552e+01     1.2791e-03  0.0000e+00     4.2916e-02  0.0000e+00     7.6028e-03  0.0000e+00     2.5509e-01  0.0000e+00 
3.7646e+01     9.5347e-04  0.0000e+00     3.5894e-02  0.0000e+00     6.3589e-03  0.0000e+00     2.3939e-01  0.0000e+00 
4.2240e+01     6.6646e-04  0.0000e+00     2.8151e-02  0.0000e+00     4.9872e-03  0.0000e+00     2.1065e-01  0.0000e+00 
4.7394e+01     4.7353e-04  0.0000e+00     2.2442e-02  0.0000e+00     3.9758e-03  0.0000e+00     1.8843e-01  0.0000e+00 
5.3176e+01     2.8135e-04  0.0000e+00     1.4961e-02  0.0000e+00     2.6505e-03  0.0000e+00     1.4094e-01  0.0000e+00 
5.9665e+01     1.7267e-04  0.0000e+00     1.0302e-02  0.0000e+00     1.8251e-03  0.0000e+00     1.0890e-01  0.0000e+00 
6.6945e+01     1.0292e-04  0.0000e+00     6.8901e-03  0.0000e+00     1.2206e-03  0.0000e+00     8.1715e-02  0.0000e+00 
7.5114e+01     5.0670e-05  0.0000e+00     3.8060e-03  0.0000e+00     6.7425e-04  0.0000e+00     5.0646e-02  0.0000e+00 
8.4279e+01     3.8930e-05  0.0000e+00     3.2810e-03  0.0000e+00     5.8125e-04  0.0000e+00     4.8987e-02  0.0000e+00 
9.4563e+01     1.8042e-05  0.0000e+00     1.7061e-03  0.0000e+00     3.0225e-04  0.0000e+00     2.8582e-02  0.0000e+00 
1.0610e+02     8.6586e-06  0.0000e+00     9.1868e-04  0.0000e+00     1.6275e-04  0.0000e+00     1.7268e-02  0.0000e+00 
1.1905e+02     3.3073e-06  0.0000e+00     3.9372e-04  0.0000e+00     6.9750e-05  0.0000e+00     8.3036e-03  0.0000e+00 
1.3357e+02     1.4738e-06  0.0000e+00     1.9686e-04  0.0000e+00     3.4875e-05  0.0000e+00     4.6584e-03  0.0000e+00 
1.4987e+02     4.3784e-07  0.0000e+00     6.5620e-05  0.0000e+00     1.1625e-05  0.0000e+00     1.7423e-03  0.0000e+00 
1.6816e+02     0.0000e+00  0.0000e+00     0.0000e+00  0.0000e+00     0.0000e+00  0.0000e+00     0.0000e+00  0.0000e+00 
1.8868e+02     0.0000e+00  0.0000e+00     0.0000e+00  0.0000e+00     0.0000e+00  0.0000e+00     0.0000e+00  0.0000e+00 
2.1170e+02     0.0000e+00  0.0000e+00     0.0000e+00  0.0000e+00     0.0000e+00  0.0000e+00     0.0000e+00  0.0000e+00 
2.3753e+02     0.0000e+00  0.0000e+00     0.0000e+00  0.0000e+00     0.0000e+00  0.0000e+00     0.0000e+00  0.0000e+00 
2.6651e+02     0.0000e+00  0.0000e+00     0.0000e+00  0.0000e+00     0.0000e+00  0.0000e+00     0.0000e+00  0.0000e+00 
2.9903e+02     0.0000e+00  0.0000e+00     0.0000e+00  0.0000e+00     0.0000e+00  0.0000e+00     0.0000e+00  0.0000e+00 
3.3552e+02     0.0000e+00  0.0000e+00     0.0000e+00  0.0000e+00     0.0000e+00  0.0000e+00     0.0000e+00  0.0000e+00 
3.7646e+02     0.0000e+00  0.0000e+00     0.0000e+00  0.0000e+00     0.0000e+00  0.0000e+00     0.0000e+00  0.0000e+00 
4.2240e+02     0.0000e+00  0.0000e+00     0.0000e+00  0.0000e+00     0.0000e+00  0.0000e+00     0.0000e+00  0.0000e+00 
4.7394e+02     0.0000e+00  0.0000e+00     0.0000e+00  0.0000e+00     0.0000e+00  0.0000e+00     0.0000e+00  0.0000e+00 
5.3176e+02     0.0000e+00  0.0000e+00     0.0000e+00  0.0000e+00     0.0000e+00  0.0000e+00     0.0000e+00  0.0000e+00 
5.9665e+02     0.0000e+00  0.0000e+00     0.0000e+00  0.0000e+00     0.0000e+00  0.0000e+00     0.0000e+00  0.0000e+00 
6.6945e+02     0.0000e+00  0.0000e+00     0.0000e+00  0.0000e+00     0.0000e+00  0.0000e+00     0.0000e+00  0.0000e+00 
7.5114e+02     0.0000e+00  0.0000e+00     0.0000e+00  0.0000e+00     0.0000e+00  0.0000e+00     0.0000e+00  0.0000e+00 
8.4279e+02     0.0000e+00  0.0000e+00     0.0000e+00  0.0000e+00     0.0000e+00  0.0000e+00     0.0000e+00  0.0000e+00 
9.4563e+02     0.0000e+00  0.0000e+00     0.0000e+00  0.0000e+00     0.0000e+00  0.0000e+00     0.0000e+00  0.0000e+00 
1.0610e+03     0.0000e+00  0.0000e+00     0.0000e+00  0.0000e+00     0.0000e+00  0.0000e+00     0.0000e+00  0.0000e+00 
1.1905e+03     0.0000e+00  0.0000e+00     0.0000e+00  0.0000e+00     0.0000e+00  0.0000e+00     0.0000e+00  0.0000e+00 
1.3357e+03     0.0000e+00  0.0000e+00     0.0000e+00  0.0000e+00     0.0000e+00  0.0000e+00     0.0000e+00  0.0000e+00 
1.4987e+03     0.0000e+00  0.0000e+00     0.0000e+00  0.0000e+00     0.0000e+00  0.0000e+00     0.0000e+00  0.0000e+00 
1.6816e+03     0.0000e+00  0.0000e+00     0.0000e+00  0.0000e+00     0.0000e+00  0.0000e+00     0.0000e+00  0.0000e+00 
1.8868e+03     0.0000e+00  0.0000e+00     0.0000e+00  0.0000e+00     0.0000e+00  0.0000e+00     0.0000e+00  0.0000e+00 
2.1170e+03     0.0000e+00  0.0000e+00     0.0000e+00  0.0000e+00     0.0000e+00  0.0000e+00     0.0000e+00  0.0000e+00 
2.3753e+03     0.0000e+00  0.0000e+00     0.0000e+00  0.0000e+00     0.0000e+00  0.0000e+00     0.0000e+00  0.0000e+00 
2.6651e+03     0.0000e+00  0.0000e+00     0.0000e+00  0.0000e+00     0.0000e+00  0.0000e+00     0.0000e+00  0.0000e+00 
2.9903e+03     0.0000e+00  0.0000e+00     0.0000e+00  0.0000e+00     0.0000e+00  0.0000e+00     0.0000e+00  0.0000e+00 
3.3552e+03     0.0000e+00  0.0000e+00     0.0000e+00  0.0000e+00     0.0000e+00  0.0000e+00     0.0000e+00  0.0000e+00 
3.7646e+03     0.0000e+00  0.0000e+00     0.0000e+00  0.0000e+00     0.0000e+00  0.0000e+00     0.0000e+00  0.0000e+00 
4.2240e+03     0.0000e+00  0.0000e+00     0.0000e+00  0.0000e+00     0.0000e+00  0.0000e+00     0.0000e+00  0.0000e+00 
4.7394e+03     0.0000e+00  0.0000e+00     0.0000e+00  0.0000e+00     0.0000e+00  0.0000e+00     0.0000e+00  0.0000e+00 
5.3176e+03     0.0000e+00  0.0000e+00     0.0000e+00  0.0000e+00     0.0000e+00  0.0000e+00     0.0000e+00  0.0000e+00 
5.9665e+03     0.0000e+00  0.0000e+00     0.0000e+00  0.0000e+00     0.0000e+00  0.0000e+00     0.0000e+00  0.0000e+00 
6.6945e+03     0.0000e+00  0.0000e+00     0.0000e+00  0.0000e+00     0.0000e+00  0.0000e+00     0.0000e+00  0.0000e+00 
7.5114e+03     0.0000e+00  0.0000e+00     0.0000e+00  0.0000e+00     0.0000e+00  0.0000e+00     0.0000e+00  0.0000e+00 
8.4279e+03     0.0000e+00  0.0000e+00     0.0000e+00  0.0000e+00     0.0000e+00  0.0000e+00     0.0000e+00  0.0000e+00 
9.4563e+03     0.0000e+00  0.0000e+00     0.0000e+00  0.0000e+00     0.0000e+00  0.0000e+00     0.0000e+00  0.0000e+00 
