yF = 7.0735e+00 (std: 0.0000e+00) keV/um
yD = 2.4597e+01 (std: 0.0000e+00) keV/um
y (keV/um)     f(y)(std)                  yf(y)(std)                 d(y)(std)                  yd(y)(std)  
1.0610e-01     2.2139e+01  0.0000e+00     2.3490e+00  0.0000e+00     3.3208e-01  0.0000e+00     3.5234e-02  0.0000e+00 
1.1905e-01     1.6175e+00  0.0000e+00     1.9255e-01  0.0000e+00     2.7222e-02  0.0000e+00     3.2407e-03  0.0000e+00 
1.3357e-01     4.8623e-01  0.0000e+00     6.4948e-02  0.0000e+00     9.1818e-03  0.0000e+00     1.2264e-03  0.0000e+00 
1.4987e-01     2.3547e+00  0.0000e+00     3.5291e-01  0.0000e+00     4.9891e-02  0.0000e+00     7.4773e-03  0.0000e+00 
1.6816e-01     7.4523e-01  0.0000e+00     1.2532e-01  0.0000e+00     1.7716e-02  0.0000e+00     2.9792e-03  0.0000e+00 
1.8868e-01     5.0645e-01  0.0000e+00     9.5555e-02  0.0000e+00     1.3509e-02  0.0000e+00     2.5488e-03  0.0000e+00 
2.1170e-01     5.2472e-01  0.0000e+00     1.1108e-01  0.0000e+00     1.5704e-02  0.0000e+00     3.3245e-03  0.0000e+00 
2.3753e-01     4.9552e-01  0.0000e+00     1.1770e-01  0.0000e+00     1.6640e-02  0.0000e+00     3.9525e-03  0.0000e+00 
2.6651e-01     2.2595e-01  0.0000e+00     6.0220e-02  0.0000e+00     8.5134e-03  0.0000e+00     2.2689e-03  0.0000e+00 
2.9903e-01     1.9872e-01  0.0000e+00     5.9423e-02  0.0000e+00     8.4008e-03  0.0000e+00     2.5121e-03  0.0000e+00 
3.3552e-01     1.0825e+00  0.0000e+00     3.6321e-01  0.0000e+00     5.1348e-02  0.0000e+00     1.7228e-02  0.0000e+00 
3.7646e-01     6.8123e-01  0.0000e+00     2.5646e-01  0.0000e+00     3.6256e-02  0.0000e+00     1.3649e-02  0.0000e+00 
4.2240e-01     3.0505e-01  0.0000e+00     1.2885e-01  0.0000e+00     1.8216e-02  0.0000e+00     7.6943e-03  0.0000e+00 
4.7394e-01     3.0411e-01  0.0000e+00     1.4413e-01  0.0000e+00     2.0376e-02  0.0000e+00     9.6569e-03  0.0000e+00 
5.3176e-01     1.9392e-01  0.0000e+00     1.0312e-01  0.0000e+00     1.4578e-02  0.0000e+00     7.7522e-03  0.0000e+00 
5.9665e-01     1.0193e-01  0.0000e+00     6.0817e-02  0.0000e+00     8.5978e-03  0.0000e+00     5.1299e-03  0.0000e+00 
6.6945e-01     1.6229e-01  0.0000e+00     1.0864e-01  0.0000e+00     1.5359e-02  0.0000e+00     1.0282e-02  0.0000e+00 
7.5114e-01     1.3165e-01  0.0000e+00     9.8890e-02  0.0000e+00     1.3980e-02  0.0000e+00     1.0501e-02  0.0000e+00 
8.4279e-01     6.4426e-02  0.0000e+00     5.4297e-02  0.0000e+00     7.6761e-03  0.0000e+00     6.4694e-03  0.0000e+00 
9.4563e-01     4.0420e-02  0.0000e+00     3.8222e-02  0.0000e+00     5.4035e-03  0.0000e+00     5.1097e-03  0.0000e+00 
1.0610e+00     3.1474e-02  0.0000e+00     3.3395e-02  0.0000e+00     4.7211e-03  0.0000e+00     5.0091e-03  0.0000e+00 
1.1905e+00     1.6053e-02  0.0000e+00     1.9111e-02  0.0000e+00     2.7018e-03  0.0000e+00     3.2164e-03  0.0000e+00 
1.3357e+00     9.5011e-03  0.0000e+00     1.2691e-02  0.0000e+00     1.7941e-03  0.0000e+00     2.3965e-03  0.0000e+00 
1.4987e+00     4.7154e-03  0.0000e+00     7.0671e-03  0.0000e+00     9.9909e-04  0.0000e+00     1.4974e-03  0.0000e+00 
1.6816e+00     2.8116e-03  0.0000e+00     4.7280e-03  0.0000e+00     6.6841e-04  0.0000e+00     1.1240e-03  0.0000e+00 
1.8868e+00     9.7597e-04  0.0000e+00     1.8414e-03  0.0000e+00     2.6033e-04  0.0000e+00     4.9118e-04  0.0000e+00 
2.1170e+00     4.7018e-04  0.0000e+00     9.9537e-04  0.0000e+00     1.4072e-04  0.0000e+00     2.9790e-04  0.0000e+00 
2.3753e+00     2.0952e-04  0.0000e+00     4.9768e-04  0.0000e+00     7.0359e-05  0.0000e+00     1.6712e-04  0.0000e+00 
2.6651e+00     0.0000e+00  0.0000e+00     0.0000e+00  0.0000e+00     0.0000e+00  0.0000e+00     0.0000e+00  0.0000e+00 
2.9903e+00     1.6643e-05  0.0000e+00     4.9768e-05  0.0000e+00     7.0359e-06  0.0000e+00     2.1040e-05  0.0000e+00 
3.3552e+00     0.0000e+00  0.0000e+00     0.0000e+00  0.0000e+00     0.0000e+00  0.0000e+00     0.0000e+00  0.0000e+00 
3.7646e+00     0.0000e+00  0.0000e+00     0.0000e+00  0.0000e+00     0.0000e+00  0.0000e+00     0.0000e+00  0.0000e+00 
4.2240e+00     0.0000e+00  0.0000e+00     0.0000e+00  0.0000e+00     0.0000e+00  0.0000e+00     0.0000e+00  0.0000e+00 
4.7394e+00     0.0000e+00  0.0000e+00     0.0000e+00  0.0000e+00     0.0000e+00  0.0000e+00     0.0000e+00  0.0000e+00 
5.3176e+00     0.0000e+00  0.0000e+00     0.0000e+00  0.0000e+00     0.0000e+00  0.0000e+00     0.0000e+00  0.0000e+00 
5.9665e+00     6.7423e-02  0.0000e+00     4.0228e-01  0.0000e+00     5.6871e-02  0.0000e+00     3.3932e-01  0.0000e+00 
6.6945e+00     1.8660e-02  0.0000e+00     1.2492e-01  0.0000e+00     1.7660e-02  0.0000e+00     1.1823e-01  0.0000e+00 
7.5114e+00     6.4071e-03  0.0000e+00     4.8126e-02  0.0000e+00     6.8037e-03  0.0000e+00     5.1105e-02  0.0000e+00 
8.4279e+00     4.4643e-02  0.0000e+00     3.7625e-01  0.0000e+00     5.3191e-02  0.0000e+00     4.4829e-01  0.0000e+00 
9.4563e+00     2.4852e-02  0.0000e+00     2.3501e-01  0.0000e+00     3.3223e-02  0.0000e+00     3.1417e-01  0.0000e+00 
1.0610e+01     4.0565e-02  0.0000e+00     4.3040e-01  0.0000e+00     6.0846e-02  0.0000e+00     6.4558e-01  0.0000e+00 
1.1905e+01     2.9502e-02  0.0000e+00     3.5122e-01  0.0000e+00     4.9652e-02  0.0000e+00     5.9109e-01  0.0000e+00 
1.3357e+01     2.6812e-02  0.0000e+00     3.5813e-01  0.0000e+00     5.0630e-02  0.0000e+00     6.7628e-01  0.0000e+00 
1.4987e+01     1.6145e-02  0.0000e+00     2.4197e-01  0.0000e+00     3.4208e-02  0.0000e+00     5.1269e-01  0.0000e+00 
1.6816e+01     1.0246e-02  0.0000e+00     1.7230e-01  0.0000e+00     2.4358e-02  0.0000e+00     4.0960e-01  0.0000e+00 
1.8868e+01     7.6548e-03  0.0000e+00     1.4443e-01  0.0000e+00     2.0418e-02  0.0000e+00     3.8524e-01  0.0000e+00 
2.1170e+01     5.8537e-03  0.0000e+00     1.2392e-01  0.0000e+00     1.7519e-02  0.0000e+00     3.7088e-01  0.0000e+00 
2.3753e+01     5.5713e-03  0.0000e+00     1.3233e-01  0.0000e+00     1.8708e-02  0.0000e+00     4.4438e-01  0.0000e+00 
2.6651e+01     5.8281e-03  0.0000e+00     1.5533e-01  0.0000e+00     2.1959e-02  0.0000e+00     5.8524e-01  0.0000e+00 
2.9903e+01     2.7694e-03  0.0000e+00     8.2815e-02  0.0000e+00     1.1708e-02  0.0000e+00     3.5010e-01  0.0000e+00 
3.3552e+01     2.4237e-03  0.0000e+00     8.1322e-02  0.0000e+00     1.1497e-02  0.0000e+00     3.8574e-01  0.0000e+00 
3.7646e+01     1.9063e-03  0.0000e+00     7.1766e-02  0.0000e+00     1.0146e-02  0.0000e+00     3.8195e-01  0.0000e+00 
4.2240e+01     1.3255e-03  0.0000e+00     5.5989e-02  0.0000e+00     7.9154e-03  0.0000e+00     3.3434e-01  0.0000e+00 
4.7394e+01     9.5560e-04  0.0000e+00     4.5289e-02  0.0000e+00     6.4026e-03  0.0000e+00     3.0344e-01  0.0000e+00 
5.3176e+01     6.0741e-04  0.0000e+00     3.2300e-02  0.0000e+00     4.5663e-03  0.0000e+00     2.4282e-01  0.0000e+00 
5.9665e+01     4.2040e-04  0.0000e+00     2.5083e-02  0.0000e+00     3.5461e-03  0.0000e+00     2.1158e-01  0.0000e+00 
6.6945e+01     2.3418e-04  0.0000e+00     1.5677e-02  0.0000e+00     2.2163e-03  0.0000e+00     1.4837e-01  0.0000e+00 
7.5114e+01     1.4974e-04  0.0000e+00     1.1248e-02  0.0000e+00     1.5901e-03  0.0000e+00     1.1944e-01  0.0000e+00 
8.4279e+01     6.9681e-05  0.0000e+00     5.8727e-03  0.0000e+00     8.3023e-04  0.0000e+00     6.9971e-02  0.0000e+00 
9.4563e+01     3.4736e-05  0.0000e+00     3.2847e-03  0.0000e+00     4.6437e-04  0.0000e+00     4.3912e-02  0.0000e+00 
1.0610e+02     1.8294e-05  0.0000e+00     1.9410e-03  0.0000e+00     2.7440e-04  0.0000e+00     2.9114e-02  0.0000e+00 
1.1905e+02     4.5986e-06  0.0000e+00     5.4745e-04  0.0000e+00     7.7395e-05  0.0000e+00     9.2136e-03  0.0000e+00 
1.3357e+02     3.7259e-07  0.0000e+00     4.9768e-05  0.0000e+00     7.0359e-06  0.0000e+00     9.3980e-04  0.0000e+00 
1.4987e+02     0.0000e+00  0.0000e+00     0.0000e+00  0.0000e+00     0.0000e+00  0.0000e+00     0.0000e+00  0.0000e+00 
1.6816e+02     0.0000e+00  0.0000e+00     0.0000e+00  0.0000e+00     0.0000e+00  0.0000e+00     0.0000e+00  0.0000e+00 
1.8868e+02     0.0000e+00  0.0000e+00     0.0000e+00  0.0000e+00     0.0000e+00  0.0000e+00     0.0000e+00  0.0000e+00 
2.1170e+02     0.0000e+00  0.0000e+00     0.0000e+00  0.0000e+00     0.0000e+00  0.0000e+00     0.0000e+00  0.0000e+00 
2.3753e+02     0.0000e+00  0.0000e+00     0.0000e+00  0.0000e+00     0.0000e+00  0.0000e+00     0.0000e+00  0.0000e+00 
2.6651e+02     0.0000e+00  0.0000e+00     0.0000e+00  0.0000e+00     0.0000e+00  0.0000e+00     0.0000e+00  0.0000e+00 
2.9903e+02     0.0000e+00  0.0000e+00     0.0000e+00  0.0000e+00     0.0000e+00  0.0000e+00     0.0000e+00  0.0000e+00 
3.3552e+02     0.0000e+00  0.0000e+00     0.0000e+00  0.0000e+00     0.0000e+00  0.0000e+00     0.0000e+00  0.0000e+00 
3.7646e+02     0.0000e+00  0.0000e+00     0.0000e+00  0.0000e+00     0.0000e+00  0.0000e+00     0.0000e+00  0.0000e+00 
4.2240e+02     0.0000e+00  0.0000e+00     0.0000e+00  0.0000e+00     0.0000e+00  0.0000e+00     0.0000e+00  0.0000e+00 
4.7394e+02     0.0000e+00  0.0000e+00     0.0000e+00  0.0000e+00     0.0000e+00  0.0000e+00     0.0000e+00  0.0000e+00 
5.3176e+02     0.0000e+00  0.0000e+00     0.0000e+00  0.0000e+00     0.0000e+00  0.0000e+00     0.0000e+00  0.0000e+00 
5.9665e+02     0.0000e+00  0.0000e+00     0.0000e+00  0.0000e+00     0.0000e+00  0.0000e+00     0.0000e+00  0.0000e+00 
6.6945e+02     0.0000e+00  0.0000e+00     0.0000e+00  0.0000e+00     0.0000e+00  0.0000e+00     0.0000e+00  0.0000e+00 
7.5114e+02     0.0000e+00  0.0000e+00     0.0000e+00  0.0000e+00     0.0000e+00  0.0000e+00     0.0000e+00  0.0000e+00 
8.4279e+02     0.0000e+00  0.0000e+00     0.0000e+00  0.0000e+00     0.0000e+00  0.0000e+00     0.0000e+00  0.0000e+00 
9.4563e+02     0.0000e+00  0.0000e+00     0.0000e+00  0.0000e+00     0.0000e+00  0.0000e+00     0.0000e+00  0.0000e+00 
1.0610e+03     0.0000e+00  0.0000e+00     0.0000e+00  0.0000e+00     0.0000e+00  0.0000e+00     0.0000e+00  0.0000e+00 
1.1905e+03     0.0000e+00  0.0000e+00     0.0000e+00  0.0000e+00     0.0000e+00  0.0000e+00     0.0000e+00  0.0000e+00 
1.3357e+03     0.0000e+00  0.0000e+00     0.0000e+00  0.0000e+00     0.0000e+00  0.0000e+00     0.0000e+00  0.0000e+00 
1.4987e+03     0.0000e+00  0.0000e+00     0.0000e+00  0.0000e+00     0.0000e+00  0.0000e+00     0.0000e+00  0.0000e+00 
1.6816e+03     0.0000e+00  0.0000e+00     0.0000e+00  0.0000e+00     0.0000e+00  0.0000e+00     0.0000e+00  0.0000e+00 
1.8868e+03     0.0000e+00  0.0000e+00     0.0000e+00  0.0000e+00     0.0000e+00  0.0000e+00     0.0000e+00  0.0000e+00 
2.1170e+03     0.0000e+00  0.0000e+00     0.0000e+00  0.0000e+00     0.0000e+00  0.0000e+00     0.0000e+00  0.0000e+00 
2.3753e+03     0.0000e+00  0.0000e+00     0.0000e+00  0.0000e+00     0.0000e+00  0.0000e+00     0.0000e+00  0.0000e+00 
2.6651e+03     0.0000e+00  0.0000e+00     0.0000e+00  0.0000e+00     0.0000e+00  0.0000e+00     0.0000e+00  0.0000e+00 
2.9903e+03     0.0000e+00  0.0000e+00     0.0000e+00  0.0000e+00     0.0000e+00  0.0000e+00     0.0000e+00  0.0000e+00 
3.3552e+03     0.0000e+00  0.0000e+00     0.0000e+00  0.0000e+00     0.0000e+00  0.0000e+00     0.0000e+00  0.0000e+00 
3.7646e+03     0.0000e+00  0.0000e+00     0.0000e+00  0.0000e+00     0.0000e+00  0.0000e+00     0.0000e+00  0.0000e+00 
4.2240e+03     0.0000e+00  0.0000e+00     0.0000e+00  0.0000e+00     0.0000e+00  0.0000e+00     0.0000e+00  0.0000e+00 
4.7394e+03     0.0000e+00  0.0000e+00     0.0000e+00  0.0000e+00     0.0000e+00  0.0000e+00     0.0000e+00  0.0000e+00 
5.3176e+03     0.0000e+00  0.0000e+00     0.0000e+00  0.0000e+00     0.0000e+00  0.0000e+00     0.0000e+00  0.0000e+00 
5.9665e+03     0.0000e+00  0.0000e+00     0.0000e+00  0.0000e+00     0.0000e+00  0.0000e+00     0.0000e+00  0.0000e+00 
6.6945e+03     0.0000e+00  0.0000e+00     0.0000e+00  0.0000e+00     0.0000e+00  0.0000e+00     0.0000e+00  0.0000e+00 
7.5114e+03     0.0000e+00  0.0000e+00     0.0000e+00  0.0000e+00     0.0000e+00  0.0000e+00     0.0000e+00  0.0000e+00 
8.4279e+03     0.0000e+00  0.0000e+00     0.0000e+00  0.0000e+00     0.0000e+00  0.0000e+00     0.0000e+00  0.0000e+00 
9.4563e+03     0.0000e+00  0.0000e+00     0.0000e+00  0.0000e+00     0.0000e+00  0.0000e+00     0.0000e+00  0.0000e+00 
