yF = 7.0981e+00 (std: 0.0000e+00) keV/um
yD = 2.4510e+01 (std: 0.0000e+00) keV/um
y (keV/um)     f(y)(std)                  yf(y)(std)                 d(y)(std)                  yd(y)(std)  
1.0610e-01     2.2167e+01  0.0000e+00     2.3519e+00  0.0000e+00     3.3135e-01  0.0000e+00     3.5156e-02  0.0000e+00 
1.1905e-01     1.6154e+00  0.0000e+00     1.9231e-01  0.0000e+00     2.7093e-02  0.0000e+00     3.2254e-03  0.0000e+00 
1.3357e-01     4.7561e-01  0.0000e+00     6.3529e-02  0.0000e+00     8.9501e-03  0.0000e+00     1.1955e-03  0.0000e+00 
1.4987e-01     2.3785e+00  0.0000e+00     3.5647e-01  0.0000e+00     5.0221e-02  0.0000e+00     7.5267e-03  0.0000e+00 
1.6816e-01     7.2449e-01  0.0000e+00     1.2183e-01  0.0000e+00     1.7164e-02  0.0000e+00     2.8862e-03  0.0000e+00 
1.8868e-01     5.1176e-01  0.0000e+00     9.6556e-02  0.0000e+00     1.3603e-02  0.0000e+00     2.5666e-03  0.0000e+00 
2.1170e-01     4.9300e-01  0.0000e+00     1.0437e-01  0.0000e+00     1.4704e-02  0.0000e+00     3.1128e-03  0.0000e+00 
2.3753e-01     4.6768e-01  0.0000e+00     1.1109e-01  0.0000e+00     1.5651e-02  0.0000e+00     3.7175e-03  0.0000e+00 
2.6651e-01     2.2134e-01  0.0000e+00     5.8991e-02  0.0000e+00     8.3108e-03  0.0000e+00     2.2149e-03  0.0000e+00 
2.9903e-01     1.8575e-01  0.0000e+00     5.5544e-02  0.0000e+00     7.8253e-03  0.0000e+00     2.3400e-03  0.0000e+00 
3.3552e-01     1.0523e+00  0.0000e+00     3.5308e-01  0.0000e+00     4.9743e-02  0.0000e+00     1.6690e-02  0.0000e+00 
3.7646e-01     6.9668e-01  0.0000e+00     2.6227e-01  0.0000e+00     3.6950e-02  0.0000e+00     1.3910e-02  0.0000e+00 
4.2240e-01     3.1821e-01  0.0000e+00     1.3441e-01  0.0000e+00     1.8936e-02  0.0000e+00     7.9985e-03  0.0000e+00 
4.7394e-01     3.0857e-01  0.0000e+00     1.4624e-01  0.0000e+00     2.0603e-02  0.0000e+00     9.7645e-03  0.0000e+00 
5.3176e-01     2.0026e-01  0.0000e+00     1.0649e-01  0.0000e+00     1.5003e-02  0.0000e+00     7.9781e-03  0.0000e+00 
5.9665e-01     9.9640e-02  0.0000e+00     5.9450e-02  0.0000e+00     8.3755e-03  0.0000e+00     4.9973e-03  0.0000e+00 
6.6945e-01     1.5650e-01  0.0000e+00     1.0477e-01  0.0000e+00     1.4760e-02  0.0000e+00     9.8814e-03  0.0000e+00 
7.5114e-01     1.3214e-01  0.0000e+00     9.9256e-02  0.0000e+00     1.3984e-02  0.0000e+00     1.0504e-02  0.0000e+00 
8.4279e-01     6.7609e-02  0.0000e+00     5.6980e-02  0.0000e+00     8.0276e-03  0.0000e+00     6.7656e-03  0.0000e+00 
9.4563e-01     3.8693e-02  0.0000e+00     3.6589e-02  0.0000e+00     5.1548e-03  0.0000e+00     4.8745e-03  0.0000e+00 
1.0610e+00     3.1616e-02  0.0000e+00     3.3545e-02  0.0000e+00     4.7259e-03  0.0000e+00     5.0142e-03  0.0000e+00 
1.1905e+00     1.6019e-02  0.0000e+00     1.9070e-02  0.0000e+00     2.6866e-03  0.0000e+00     3.1984e-03  0.0000e+00 
1.3357e+00     8.7725e-03  0.0000e+00     1.1718e-02  0.0000e+00     1.6508e-03  0.0000e+00     2.2051e-03  0.0000e+00 
1.4987e+00     5.4423e-03  0.0000e+00     8.1565e-03  0.0000e+00     1.1491e-03  0.0000e+00     1.7222e-03  0.0000e+00 
1.6816e+00     2.2544e-03  0.0000e+00     3.7910e-03  0.0000e+00     5.3409e-04  0.0000e+00     8.9812e-04  0.0000e+00 
1.8868e+00     1.2482e-03  0.0000e+00     2.3550e-03  0.0000e+00     3.3178e-04  0.0000e+00     6.2600e-04  0.0000e+00 
2.1170e+00     3.7986e-04  0.0000e+00     8.0416e-04  0.0000e+00     1.1329e-04  0.0000e+00     2.3984e-04  0.0000e+00 
2.3753e+00     1.4509e-04  0.0000e+00     3.4464e-04  0.0000e+00     4.8554e-05  0.0000e+00     1.1533e-04  0.0000e+00 
2.6651e+00     2.1552e-05  0.0000e+00     5.7440e-05  0.0000e+00     8.0923e-06  0.0000e+00     2.1567e-05  0.0000e+00 
2.9903e+00     0.0000e+00  0.0000e+00     0.0000e+00  0.0000e+00     0.0000e+00  0.0000e+00     0.0000e+00  0.0000e+00 
3.3552e+00     0.0000e+00  0.0000e+00     0.0000e+00  0.0000e+00     0.0000e+00  0.0000e+00     0.0000e+00  0.0000e+00 
3.7646e+00     0.0000e+00  0.0000e+00     0.0000e+00  0.0000e+00     0.0000e+00  0.0000e+00     0.0000e+00  0.0000e+00 
4.2240e+00     0.0000e+00  0.0000e+00     0.0000e+00  0.0000e+00     0.0000e+00  0.0000e+00     0.0000e+00  0.0000e+00 
4.7394e+00     0.0000e+00  0.0000e+00     0.0000e+00  0.0000e+00     0.0000e+00  0.0000e+00     0.0000e+00  0.0000e+00 
5.3176e+00     0.0000e+00  0.0000e+00     0.0000e+00  0.0000e+00     0.0000e+00  0.0000e+00     0.0000e+00  0.0000e+00 
5.9665e+00     6.6388e-02  0.0000e+00     3.9611e-01  0.0000e+00     5.5805e-02  0.0000e+00     3.3296e-01  0.0000e+00 
6.6945e+00     1.7752e-02  0.0000e+00     1.1884e-01  0.0000e+00     1.6743e-02  0.0000e+00     1.1209e-01  0.0000e+00 
7.5114e+00     6.9129e-03  0.0000e+00     5.1926e-02  0.0000e+00     7.3155e-03  0.0000e+00     5.4949e-02  0.0000e+00 
8.4279e+00     4.5398e-02  0.0000e+00     3.8261e-01  0.0000e+00     5.3903e-02  0.0000e+00     4.5429e-01  0.0000e+00 
9.4563e+00     2.3920e-02  0.0000e+00     2.2620e-01  0.0000e+00     3.1868e-02  0.0000e+00     3.0135e-01  0.0000e+00 
1.0610e+01     4.1263e-02  0.0000e+00     4.3781e-01  0.0000e+00     6.1680e-02  0.0000e+00     6.5443e-01  0.0000e+00 
1.1905e+01     3.0470e-02  0.0000e+00     3.6273e-01  0.0000e+00     5.1103e-02  0.0000e+00     6.0837e-01  0.0000e+00 
1.3357e+01     2.6193e-02  0.0000e+00     3.4987e-01  0.0000e+00     4.9290e-02  0.0000e+00     6.5839e-01  0.0000e+00 
1.4987e+01     1.6852e-02  0.0000e+00     2.5256e-01  0.0000e+00     3.5582e-02  0.0000e+00     5.3327e-01  0.0000e+00 
1.6816e+01     1.0548e-02  0.0000e+00     1.7737e-01  0.0000e+00     2.4989e-02  0.0000e+00     4.2021e-01  0.0000e+00 
1.8868e+01     7.4343e-03  0.0000e+00     1.4027e-01  0.0000e+00     1.9761e-02  0.0000e+00     3.7285e-01  0.0000e+00 
2.1170e+01     6.2568e-03  0.0000e+00     1.3246e-01  0.0000e+00     1.8661e-02  0.0000e+00     3.9505e-01  0.0000e+00 
2.3753e+01     5.4047e-03  0.0000e+00     1.2838e-01  0.0000e+00     1.8086e-02  0.0000e+00     4.2961e-01  0.0000e+00 
2.6651e+01     5.8321e-03  0.0000e+00     1.5543e-01  0.0000e+00     2.1898e-02  0.0000e+00     5.8361e-01  0.0000e+00 
2.9903e+01     2.7295e-03  0.0000e+00     8.1622e-02  0.0000e+00     1.1499e-02  0.0000e+00     3.4386e-01  0.0000e+00 
3.3552e+01     2.4327e-03  0.0000e+00     8.1622e-02  0.0000e+00     1.1499e-02  0.0000e+00     3.8582e-01  0.0000e+00 
3.7646e+01     1.7928e-03  0.0000e+00     6.7492e-02  0.0000e+00     9.5085e-03  0.0000e+00     3.5796e-01  0.0000e+00 
4.2240e+01     1.2783e-03  0.0000e+00     5.3994e-02  0.0000e+00     7.6068e-03  0.0000e+00     3.2131e-01  0.0000e+00 
4.7394e+01     9.8776e-04  0.0000e+00     4.6814e-02  0.0000e+00     6.5952e-03  0.0000e+00     3.1257e-01  0.0000e+00 
5.3176e+01     6.5891e-04  0.0000e+00     3.5038e-02  0.0000e+00     4.9363e-03  0.0000e+00     2.6250e-01  0.0000e+00 
5.9665e+01     4.4670e-04  0.0000e+00     2.6652e-02  0.0000e+00     3.7548e-03  0.0000e+00     2.2403e-01  0.0000e+00 
6.6945e+01     2.4539e-04  0.0000e+00     1.6428e-02  0.0000e+00     2.3144e-03  0.0000e+00     1.5494e-01  0.0000e+00 
7.5114e+01     1.5141e-04  0.0000e+00     1.1373e-02  0.0000e+00     1.6023e-03  0.0000e+00     1.2035e-01  0.0000e+00 
8.4279e+01     5.7250e-05  0.0000e+00     4.8250e-03  0.0000e+00     6.7975e-04  0.0000e+00     5.7289e-02  0.0000e+00 
9.4563e+01     3.0979e-05  0.0000e+00     2.9294e-03  0.0000e+00     4.1271e-04  0.0000e+00     3.9027e-02  0.0000e+00 
1.0610e+02     1.5158e-05  0.0000e+00     1.6083e-03  0.0000e+00     2.2658e-04  0.0000e+00     2.4041e-02  0.0000e+00 
1.1905e+02     3.3775e-06  0.0000e+00     4.0208e-04  0.0000e+00     5.6646e-05  0.0000e+00     6.7436e-03  0.0000e+00 
1.3357e+02     4.3003e-07  0.0000e+00     5.7440e-05  0.0000e+00     8.0923e-06  0.0000e+00     1.0809e-03  0.0000e+00 
1.4987e+02     3.8326e-07  0.0000e+00     5.7440e-05  0.0000e+00     8.0923e-06  0.0000e+00     1.2128e-03  0.0000e+00 
1.6816e+02     0.0000e+00  0.0000e+00     0.0000e+00  0.0000e+00     0.0000e+00  0.0000e+00     0.0000e+00  0.0000e+00 
1.8868e+02     0.0000e+00  0.0000e+00     0.0000e+00  0.0000e+00     0.0000e+00  0.0000e+00     0.0000e+00  0.0000e+00 
2.1170e+02     0.0000e+00  0.0000e+00     0.0000e+00  0.0000e+00     0.0000e+00  0.0000e+00     0.0000e+00  0.0000e+00 
2.3753e+02     0.0000e+00  0.0000e+00     0.0000e+00  0.0000e+00     0.0000e+00  0.0000e+00     0.0000e+00  0.0000e+00 
2.6651e+02     0.0000e+00  0.0000e+00     0.0000e+00  0.0000e+00     0.0000e+00  0.0000e+00     0.0000e+00  0.0000e+00 
2.9903e+02     0.0000e+00  0.0000e+00     0.0000e+00  0.0000e+00     0.0000e+00  0.0000e+00     0.0000e+00  0.0000e+00 
3.3552e+02     0.0000e+00  0.0000e+00     0.0000e+00  0.0000e+00     0.0000e+00  0.0000e+00     0.0000e+00  0.0000e+00 
3.7646e+02     0.0000e+00  0.0000e+00     0.0000e+00  0.0000e+00     0.0000e+00  0.0000e+00     0.0000e+00  0.0000e+00 
4.2240e+02     0.0000e+00  0.0000e+00     0.0000e+00  0.0000e+00     0.0000e+00  0.0000e+00     0.0000e+00  0.0000e+00 
4.7394e+02     0.0000e+00  0.0000e+00     0.0000e+00  0.0000e+00     0.0000e+00  0.0000e+00     0.0000e+00  0.0000e+00 
5.3176e+02     0.0000e+00  0.0000e+00     0.0000e+00  0.0000e+00     0.0000e+00  0.0000e+00     0.0000e+00  0.0000e+00 
5.9665e+02     0.0000e+00  0.0000e+00     0.0000e+00  0.0000e+00     0.0000e+00  0.0000e+00     0.0000e+00  0.0000e+00 
6.6945e+02     0.0000e+00  0.0000e+00     0.0000e+00  0.0000e+00     0.0000e+00  0.0000e+00     0.0000e+00  0.0000e+00 
7.5114e+02     0.0000e+00  0.0000e+00     0.0000e+00  0.0000e+00     0.0000e+00  0.0000e+00     0.0000e+00  0.0000e+00 
8.4279e+02     0.0000e+00  0.0000e+00     0.0000e+00  0.0000e+00     0.0000e+00  0.0000e+00     0.0000e+00  0.0000e+00 
9.4563e+02     0.0000e+00  0.0000e+00     0.0000e+00  0.0000e+00     0.0000e+00  0.0000e+00     0.0000e+00  0.0000e+00 
1.0610e+03     0.0000e+00  0.0000e+00     0.0000e+00  0.0000e+00     0.0000e+00  0.0000e+00     0.0000e+00  0.0000e+00 
1.1905e+03     0.0000e+00  0.0000e+00     0.0000e+00  0.0000e+00     0.0000e+00  0.0000e+00     0.0000e+00  0.0000e+00 
1.3357e+03     0.0000e+00  0.0000e+00     0.0000e+00  0.0000e+00     0.0000e+00  0.0000e+00     0.0000e+00  0.0000e+00 
1.4987e+03     0.0000e+00  0.0000e+00     0.0000e+00  0.0000e+00     0.0000e+00  0.0000e+00     0.0000e+00  0.0000e+00 
1.6816e+03     0.0000e+00  0.0000e+00     0.0000e+00  0.0000e+00     0.0000e+00  0.0000e+00     0.0000e+00  0.0000e+00 
1.8868e+03     0.0000e+00  0.0000e+00     0.0000e+00  0.0000e+00     0.0000e+00  0.0000e+00     0.0000e+00  0.0000e+00 
2.1170e+03     0.0000e+00  0.0000e+00     0.0000e+00  0.0000e+00     0.0000e+00  0.0000e+00     0.0000e+00  0.0000e+00 
2.3753e+03     0.0000e+00  0.0000e+00     0.0000e+00  0.0000e+00     0.0000e+00  0.0000e+00     0.0000e+00  0.0000e+00 
2.6651e+03     0.0000e+00  0.0000e+00     0.0000e+00  0.0000e+00     0.0000e+00  0.0000e+00     0.0000e+00  0.0000e+00 
2.9903e+03     0.0000e+00  0.0000e+00     0.0000e+00  0.0000e+00     0.0000e+00  0.0000e+00     0.0000e+00  0.0000e+00 
3.3552e+03     0.0000e+00  0.0000e+00     0.0000e+00  0.0000e+00     0.0000e+00  0.0000e+00     0.0000e+00  0.0000e+00 
3.7646e+03     0.0000e+00  0.0000e+00     0.0000e+00  0.0000e+00     0.0000e+00  0.0000e+00     0.0000e+00  0.0000e+00 
4.2240e+03     0.0000e+00  0.0000e+00     0.0000e+00  0.0000e+00     0.0000e+00  0.0000e+00     0.0000e+00  0.0000e+00 
4.7394e+03     0.0000e+00  0.0000e+00     0.0000e+00  0.0000e+00     0.0000e+00  0.0000e+00     0.0000e+00  0.0000e+00 
5.3176e+03     0.0000e+00  0.0000e+00     0.0000e+00  0.0000e+00     0.0000e+00  0.0000e+00     0.0000e+00  0.0000e+00 
5.9665e+03     0.0000e+00  0.0000e+00     0.0000e+00  0.0000e+00     0.0000e+00  0.0000e+00     0.0000e+00  0.0000e+00 
6.6945e+03     0.0000e+00  0.0000e+00     0.0000e+00  0.0000e+00     0.0000e+00  0.0000e+00     0.0000e+00  0.0000e+00 
7.5114e+03     0.0000e+00  0.0000e+00     0.0000e+00  0.0000e+00     0.0000e+00  0.0000e+00     0.0000e+00  0.0000e+00 
8.4279e+03     0.0000e+00  0.0000e+00     0.0000e+00  0.0000e+00     0.0000e+00  0.0000e+00     0.0000e+00  0.0000e+00 
9.4563e+03     0.0000e+00  0.0000e+00     0.0000e+00  0.0000e+00     0.0000e+00  0.0000e+00     0.0000e+00  0.0000e+00 
