yF = 1.4676e+01 (std: 0.0000e+00) keV/um
yD = 3.5063e+01 (std: 0.0000e+00) keV/um
y (keV/um)     f(y)(std)                  yf(y)(std)                 d(y)(std)                  yd(y)(std)  
1.0610e-01     8.4752e+00  0.0000e+00     8.9923e-01  0.0000e+00     6.1273e-02  0.0000e+00     6.5011e-03  0.0000e+00 
1.1905e-01     8.7997e-01  0.0000e+00     1.0476e-01  0.0000e+00     7.1382e-03  0.0000e+00     8.4978e-04  0.0000e+00 
1.3357e-01     3.8561e-01  0.0000e+00     5.1507e-02  0.0000e+00     3.5097e-03  0.0000e+00     4.6880e-04  0.0000e+00 
1.4987e-01     1.1544e+00  0.0000e+00     1.7301e-01  0.0000e+00     1.1789e-02  0.0000e+00     1.7668e-03  0.0000e+00 
1.6816e-01     5.2159e-01  0.0000e+00     8.7709e-02  0.0000e+00     5.9765e-03  0.0000e+00     1.0050e-03  0.0000e+00 
1.8868e-01     4.2699e-01  0.0000e+00     8.0563e-02  0.0000e+00     5.4895e-03  0.0000e+00     1.0357e-03  0.0000e+00 
2.1170e-01     4.2269e-01  0.0000e+00     8.9483e-02  0.0000e+00     6.0973e-03  0.0000e+00     1.2908e-03  0.0000e+00 
2.3753e-01     4.0989e-01  0.0000e+00     9.7361e-02  0.0000e+00     6.6341e-03  0.0000e+00     1.5758e-03  0.0000e+00 
2.6651e-01     2.4738e-01  0.0000e+00     6.5930e-02  0.0000e+00     4.4924e-03  0.0000e+00     1.1973e-03  0.0000e+00 
2.9903e-01     2.1766e-01  0.0000e+00     6.5088e-02  0.0000e+00     4.4351e-03  0.0000e+00     1.3262e-03  0.0000e+00 
3.3552e-01     5.1819e-01  0.0000e+00     1.7386e-01  0.0000e+00     1.1847e-02  0.0000e+00     3.9749e-03  0.0000e+00 
3.7646e-01     4.4334e-01  0.0000e+00     1.6690e-01  0.0000e+00     1.1372e-02  0.0000e+00     4.2813e-03  0.0000e+00 
4.2240e-01     2.8756e-01  0.0000e+00     1.2147e-01  0.0000e+00     8.2766e-03  0.0000e+00     3.4960e-03  0.0000e+00 
4.7394e-01     2.7710e-01  0.0000e+00     1.3133e-01  0.0000e+00     8.9486e-03  0.0000e+00     4.2411e-03  0.0000e+00 
5.3176e-01     2.3330e-01  0.0000e+00     1.2406e-01  0.0000e+00     8.4535e-03  0.0000e+00     4.4953e-03  0.0000e+00 
5.9665e-01     1.5305e-01  0.0000e+00     9.1317e-02  0.0000e+00     6.2223e-03  0.0000e+00     3.7125e-03  0.0000e+00 
6.6945e-01     1.5419e-01  0.0000e+00     1.0322e-01  0.0000e+00     7.0337e-03  0.0000e+00     4.7087e-03  0.0000e+00 
7.5114e-01     1.5073e-01  0.0000e+00     1.1322e-01  0.0000e+00     7.7146e-03  0.0000e+00     5.7947e-03  0.0000e+00 
8.4279e-01     1.0185e-01  0.0000e+00     8.5835e-02  0.0000e+00     5.8488e-03  0.0000e+00     4.9293e-03  0.0000e+00 
9.4563e-01     7.2625e-02  0.0000e+00     6.8676e-02  0.0000e+00     4.6795e-03  0.0000e+00     4.4251e-03  0.0000e+00 
1.0610e+00     5.3552e-02  0.0000e+00     5.6819e-02  0.0000e+00     3.8716e-03  0.0000e+00     4.1078e-03  0.0000e+00 
1.1905e+00     3.7979e-02  0.0000e+00     4.5213e-02  0.0000e+00     3.0808e-03  0.0000e+00     3.6676e-03  0.0000e+00 
1.3357e+00     2.4889e-02  0.0000e+00     3.3245e-02  0.0000e+00     2.2653e-03  0.0000e+00     3.0259e-03  0.0000e+00 
1.4987e+00     1.4987e-02  0.0000e+00     2.2461e-02  0.0000e+00     1.5305e-03  0.0000e+00     2.2938e-03  0.0000e+00 
1.6816e+00     8.6365e-03  0.0000e+00     1.4523e-02  0.0000e+00     9.8959e-04  0.0000e+00     1.6641e-03  0.0000e+00 
1.8868e+00     4.6853e-03  0.0000e+00     8.8401e-03  0.0000e+00     6.0236e-04  0.0000e+00     1.1365e-03  0.0000e+00 
2.1170e+00     2.4477e-03  0.0000e+00     5.1818e-03  0.0000e+00     3.5308e-04  0.0000e+00     7.4747e-04  0.0000e+00 
2.3753e+00     1.0422e-03  0.0000e+00     2.4756e-03  0.0000e+00     1.6869e-04  0.0000e+00     4.0068e-04  0.0000e+00 
2.6651e+00     4.0239e-04  0.0000e+00     1.0724e-03  0.0000e+00     7.3075e-05  0.0000e+00     1.9476e-04  0.0000e+00 
2.9903e+00     1.3742e-04  0.0000e+00     4.1093e-04  0.0000e+00     2.8001e-05  0.0000e+00     8.3732e-05  0.0000e+00 
3.3552e+00     3.5847e-05  0.0000e+00     1.2027e-04  0.0000e+00     8.1954e-06  0.0000e+00     2.7497e-05  0.0000e+00 
3.7646e+00     5.3247e-06  0.0000e+00     2.0046e-05  0.0000e+00     1.3659e-06  0.0000e+00     5.1420e-06  0.0000e+00 
4.2240e+00     0.0000e+00  0.0000e+00     0.0000e+00  0.0000e+00     0.0000e+00  0.0000e+00     0.0000e+00  0.0000e+00 
4.7394e+00     6.3444e-06  0.0000e+00     3.0068e-05  0.0000e+00     2.0488e-06  0.0000e+00     9.7102e-06  0.0000e+00 
5.3176e+00     0.0000e+00  0.0000e+00     0.0000e+00  0.0000e+00     0.0000e+00  0.0000e+00     0.0000e+00  0.0000e+00 
5.9665e+00     5.2419e-02  0.0000e+00     3.1276e-01  0.0000e+00     2.1311e-02  0.0000e+00     1.2715e-01  0.0000e+00 
6.6945e+00     2.9491e-02  0.0000e+00     1.9743e-01  0.0000e+00     1.3453e-02  0.0000e+00     9.0059e-02  0.0000e+00 
7.5114e+00     8.7813e-03  0.0000e+00     6.5960e-02  0.0000e+00     4.4945e-03  0.0000e+00     3.3760e-02  0.0000e+00 
8.4279e+00     3.6671e-02  0.0000e+00     3.0906e-01  0.0000e+00     2.1059e-02  0.0000e+00     1.7749e-01  0.0000e+00 
9.4563e+00     3.0772e-02  0.0000e+00     2.9099e-01  0.0000e+00     1.9828e-02  0.0000e+00     1.8750e-01  0.0000e+00 
1.0610e+01     4.2541e-02  0.0000e+00     4.5136e-01  0.0000e+00     3.0756e-02  0.0000e+00     3.2632e-01  0.0000e+00 
1.1905e+01     3.1138e-02  0.0000e+00     3.7069e-01  0.0000e+00     2.5259e-02  0.0000e+00     3.0070e-01  0.0000e+00 
1.3357e+01     2.4832e-02  0.0000e+00     3.3169e-01  0.0000e+00     2.2601e-02  0.0000e+00     3.0189e-01  0.0000e+00 
1.4987e+01     1.8398e-02  0.0000e+00     2.7574e-01  0.0000e+00     1.8789e-02  0.0000e+00     2.8159e-01  0.0000e+00 
1.6816e+01     1.9949e-02  0.0000e+00     3.3546e-01  0.0000e+00     2.2858e-02  0.0000e+00     3.8438e-01  0.0000e+00 
1.8868e+01     1.5417e-02  0.0000e+00     2.9089e-01  0.0000e+00     1.9821e-02  0.0000e+00     3.7398e-01  0.0000e+00 
2.1170e+01     1.4145e-02  0.0000e+00     2.9944e-01  0.0000e+00     2.0404e-02  0.0000e+00     4.3194e-01  0.0000e+00 
2.3753e+01     1.3748e-02  0.0000e+00     3.2656e-01  0.0000e+00     2.2252e-02  0.0000e+00     5.2855e-01  0.0000e+00 
2.6651e+01     1.0899e-02  0.0000e+00     2.9048e-01  0.0000e+00     1.9793e-02  0.0000e+00     5.2751e-01  0.0000e+00 
2.9903e+01     8.3233e-03  0.0000e+00     2.4890e-01  0.0000e+00     1.6960e-02  0.0000e+00     5.0715e-01  0.0000e+00 
3.3552e+01     7.2016e-03  0.0000e+00     2.4163e-01  0.0000e+00     1.6464e-02  0.0000e+00     5.5242e-01  0.0000e+00 
3.7646e+01     5.8074e-03  0.0000e+00     2.1863e-01  0.0000e+00     1.4897e-02  0.0000e+00     5.6082e-01  0.0000e+00 
4.2240e+01     4.2716e-03  0.0000e+00     1.8043e-01  0.0000e+00     1.2294e-02  0.0000e+00     5.1931e-01  0.0000e+00 
4.7394e+01     3.3061e-03  0.0000e+00     1.5669e-01  0.0000e+00     1.0676e-02  0.0000e+00     5.0600e-01  0.0000e+00 
5.3176e+01     2.3562e-03  0.0000e+00     1.2529e-01  0.0000e+00     8.5375e-03  0.0000e+00     4.5399e-01  0.0000e+00 
5.9665e+01     1.6431e-03  0.0000e+00     9.8033e-02  0.0000e+00     6.6799e-03  0.0000e+00     3.9856e-01  0.0000e+00 
6.6945e+01     1.0672e-03  0.0000e+00     7.1442e-02  0.0000e+00     4.8680e-03  0.0000e+00     3.2589e-01  0.0000e+00 
7.5114e+01     6.6143e-04  0.0000e+00     4.9683e-02  0.0000e+00     3.3854e-03  0.0000e+00     2.5429e-01  0.0000e+00 
8.4279e+01     3.8400e-04  0.0000e+00     3.2363e-02  0.0000e+00     2.2052e-03  0.0000e+00     1.8585e-01  0.0000e+00 
9.4563e+01     2.0520e-04  0.0000e+00     1.9404e-02  0.0000e+00     1.3222e-03  0.0000e+00     1.2503e-01  0.0000e+00 
1.0610e+02     9.8432e-05  0.0000e+00     1.0444e-02  0.0000e+00     7.1163e-04  0.0000e+00     7.5505e-02  0.0000e+00 
1.1905e+02     4.5800e-05  0.0000e+00     5.4524e-03  0.0000e+00     3.7152e-04  0.0000e+00     4.4229e-02  0.0000e+00 
1.3357e+02     1.8459e-05  0.0000e+00     2.4656e-03  0.0000e+00     1.6800e-04  0.0000e+00     2.2441e-02  0.0000e+00 
1.4987e+02     5.0825e-06  0.0000e+00     7.6173e-04  0.0000e+00     5.1904e-05  0.0000e+00     7.7789e-03  0.0000e+00 
1.6816e+02     1.4901e-06  0.0000e+00     2.5057e-04  0.0000e+00     1.7074e-05  0.0000e+00     2.8711e-03  0.0000e+00 
1.8868e+02     7.4370e-07  0.0000e+00     1.4032e-04  0.0000e+00     9.5612e-06  0.0000e+00     1.8040e-03  0.0000e+00 
2.1170e+02     9.4689e-08  0.0000e+00     2.0046e-05  0.0000e+00     1.3659e-06  0.0000e+00     2.8916e-04  0.0000e+00 
2.3753e+02     0.0000e+00  0.0000e+00     0.0000e+00  0.0000e+00     0.0000e+00  0.0000e+00     0.0000e+00  0.0000e+00 
2.6651e+02     0.0000e+00  0.0000e+00     0.0000e+00  0.0000e+00     0.0000e+00  0.0000e+00     0.0000e+00  0.0000e+00 
2.9903e+02     0.0000e+00  0.0000e+00     0.0000e+00  0.0000e+00     0.0000e+00  0.0000e+00     0.0000e+00  0.0000e+00 
3.3552e+02     0.0000e+00  0.0000e+00     0.0000e+00  0.0000e+00     0.0000e+00  0.0000e+00     0.0000e+00  0.0000e+00 
3.7646e+02     0.0000e+00  0.0000e+00     0.0000e+00  0.0000e+00     0.0000e+00  0.0000e+00     0.0000e+00  0.0000e+00 
4.2240e+02     0.0000e+00  0.0000e+00     0.0000e+00  0.0000e+00     0.0000e+00  0.0000e+00     0.0000e+00  0.0000e+00 
4.7394e+02     0.0000e+00  0.0000e+00     0.0000e+00  0.0000e+00     0.0000e+00  0.0000e+00     0.0000e+00  0.0000e+00 
5.3176e+02     0.0000e+00  0.0000e+00     0.0000e+00  0.0000e+00     0.0000e+00  0.0000e+00     0.0000e+00  0.0000e+00 
5.9665e+02     0.0000e+00  0.0000e+00     0.0000e+00  0.0000e+00     0.0000e+00  0.0000e+00     0.0000e+00  0.0000e+00 
6.6945e+02     0.0000e+00  0.0000e+00     0.0000e+00  0.0000e+00     0.0000e+00  0.0000e+00     0.0000e+00  0.0000e+00 
7.5114e+02     0.0000e+00  0.0000e+00     0.0000e+00  0.0000e+00     0.0000e+00  0.0000e+00     0.0000e+00  0.0000e+00 
8.4279e+02     0.0000e+00  0.0000e+00     0.0000e+00  0.0000e+00     0.0000e+00  0.0000e+00     0.0000e+00  0.0000e+00 
9.4563e+02     0.0000e+00  0.0000e+00     0.0000e+00  0.0000e+00     0.0000e+00  0.0000e+00     0.0000e+00  0.0000e+00 
1.0610e+03     0.0000e+00  0.0000e+00     0.0000e+00  0.0000e+00     0.0000e+00  0.0000e+00     0.0000e+00  0.0000e+00 
1.1905e+03     0.0000e+00  0.0000e+00     0.0000e+00  0.0000e+00     0.0000e+00  0.0000e+00     0.0000e+00  0.0000e+00 
1.3357e+03     0.0000e+00  0.0000e+00     0.0000e+00  0.0000e+00     0.0000e+00  0.0000e+00     0.0000e+00  0.0000e+00 
1.4987e+03     0.0000e+00  0.0000e+00     0.0000e+00  0.0000e+00     0.0000e+00  0.0000e+00     0.0000e+00  0.0000e+00 
1.6816e+03     0.0000e+00  0.0000e+00     0.0000e+00  0.0000e+00     0.0000e+00  0.0000e+00     0.0000e+00  0.0000e+00 
1.8868e+03     0.0000e+00  0.0000e+00     0.0000e+00  0.0000e+00     0.0000e+00  0.0000e+00     0.0000e+00  0.0000e+00 
2.1170e+03     0.0000e+00  0.0000e+00     0.0000e+00  0.0000e+00     0.0000e+00  0.0000e+00     0.0000e+00  0.0000e+00 
2.3753e+03     0.0000e+00  0.0000e+00     0.0000e+00  0.0000e+00     0.0000e+00  0.0000e+00     0.0000e+00  0.0000e+00 
2.6651e+03     0.0000e+00  0.0000e+00     0.0000e+00  0.0000e+00     0.0000e+00  0.0000e+00     0.0000e+00  0.0000e+00 
2.9903e+03     0.0000e+00  0.0000e+00     0.0000e+00  0.0000e+00     0.0000e+00  0.0000e+00     0.0000e+00  0.0000e+00 
3.3552e+03     0.0000e+00  0.0000e+00     0.0000e+00  0.0000e+00     0.0000e+00  0.0000e+00     0.0000e+00  0.0000e+00 
3.7646e+03     0.0000e+00  0.0000e+00     0.0000e+00  0.0000e+00     0.0000e+00  0.0000e+00     0.0000e+00  0.0000e+00 
4.2240e+03     0.0000e+00  0.0000e+00     0.0000e+00  0.0000e+00     0.0000e+00  0.0000e+00     0.0000e+00  0.0000e+00 
4.7394e+03     0.0000e+00  0.0000e+00     0.0000e+00  0.0000e+00     0.0000e+00  0.0000e+00     0.0000e+00  0.0000e+00 
5.3176e+03     0.0000e+00  0.0000e+00     0.0000e+00  0.0000e+00     0.0000e+00  0.0000e+00     0.0000e+00  0.0000e+00 
5.9665e+03     0.0000e+00  0.0000e+00     0.0000e+00  0.0000e+00     0.0000e+00  0.0000e+00     0.0000e+00  0.0000e+00 
6.6945e+03     0.0000e+00  0.0000e+00     0.0000e+00  0.0000e+00     0.0000e+00  0.0000e+00     0.0000e+00  0.0000e+00 
7.5114e+03     0.0000e+00  0.0000e+00     0.0000e+00  0.0000e+00     0.0000e+00  0.0000e+00     0.0000e+00  0.0000e+00 
8.4279e+03     0.0000e+00  0.0000e+00     0.0000e+00  0.0000e+00     0.0000e+00  0.0000e+00     0.0000e+00  0.0000e+00 
9.4563e+03     0.0000e+00  0.0000e+00     0.0000e+00  0.0000e+00     0.0000e+00  0.0000e+00     0.0000e+00  0.0000e+00 
