yF = 5.1394e+00 (std: 0.0000e+00) keV/um
yD = 2.3224e+01 (std: 0.0000e+00) keV/um
y (keV/um)     f(y)(std)                  yf(y)(std)                 d(y)(std)                  yd(y)(std)  
1.0610e-01     2.2623e+01  0.0000e+00     2.4003e+00  0.0000e+00     4.6704e-01  0.0000e+00     4.9553e-02  0.0000e+00 
1.1905e-01     1.8073e+00  0.0000e+00     2.1515e-01  0.0000e+00     4.1863e-02  0.0000e+00     4.9837e-03  0.0000e+00 
1.3357e-01     5.9420e-01  0.0000e+00     7.9369e-02  0.0000e+00     1.5443e-02  0.0000e+00     2.0628e-03  0.0000e+00 
1.4987e-01     2.5917e+00  0.0000e+00     3.8843e-01  0.0000e+00     7.5578e-02  0.0000e+00     1.1327e-02  0.0000e+00 
1.6816e-01     8.8299e-01  0.0000e+00     1.4848e-01  0.0000e+00     2.8891e-02  0.0000e+00     4.8582e-03  0.0000e+00 
1.8868e-01     6.3434e-01  0.0000e+00     1.1968e-01  0.0000e+00     2.3288e-02  0.0000e+00     4.3939e-03  0.0000e+00 
2.1170e-01     6.4736e-01  0.0000e+00     1.3705e-01  0.0000e+00     2.6666e-02  0.0000e+00     5.6451e-03  0.0000e+00 
2.3753e-01     6.2291e-01  0.0000e+00     1.4796e-01  0.0000e+00     2.8789e-02  0.0000e+00     6.8384e-03  0.0000e+00 
2.6651e-01     3.1098e-01  0.0000e+00     8.2880e-02  0.0000e+00     1.6126e-02  0.0000e+00     4.2979e-03  0.0000e+00 
2.9903e-01     2.7661e-01  0.0000e+00     8.2715e-02  0.0000e+00     1.6094e-02  0.0000e+00     4.8127e-03  0.0000e+00 
3.3552e-01     1.2427e+00  0.0000e+00     4.1695e-01  0.0000e+00     8.1128e-02  0.0000e+00     2.7220e-02  0.0000e+00 
3.7646e-01     8.7421e-01  0.0000e+00     3.2911e-01  0.0000e+00     6.4036e-02  0.0000e+00     2.4107e-02  0.0000e+00 
4.2240e-01     4.2470e-01  0.0000e+00     1.7939e-01  0.0000e+00     3.4905e-02  0.0000e+00     1.4744e-02  0.0000e+00 
4.7394e-01     4.1746e-01  0.0000e+00     1.9785e-01  0.0000e+00     3.8496e-02  0.0000e+00     1.8245e-02  0.0000e+00 
5.3176e-01     2.8273e-01  0.0000e+00     1.5035e-01  0.0000e+00     2.9254e-02  0.0000e+00     1.5556e-02  0.0000e+00 
5.9665e-01     1.5183e-01  0.0000e+00     9.0587e-02  0.0000e+00     1.7626e-02  0.0000e+00     1.0516e-02  0.0000e+00 
6.6945e-01     2.2696e-01  0.0000e+00     1.5194e-01  0.0000e+00     2.9563e-02  0.0000e+00     1.9791e-02  0.0000e+00 
7.5114e-01     1.9559e-01  0.0000e+00     1.4692e-01  0.0000e+00     2.8587e-02  0.0000e+00     2.1472e-02  0.0000e+00 
8.4279e-01     1.0361e-01  0.0000e+00     8.7323e-02  0.0000e+00     1.6991e-02  0.0000e+00     1.4320e-02  0.0000e+00 
9.4563e-01     6.4502e-02  0.0000e+00     6.0994e-02  0.0000e+00     1.1868e-02  0.0000e+00     1.1223e-02  0.0000e+00 
1.0610e+00     4.8078e-02  0.0000e+00     5.1011e-02  0.0000e+00     9.9256e-03  0.0000e+00     1.0531e-02  0.0000e+00 
1.1905e+00     2.9327e-02  0.0000e+00     3.4913e-02  0.0000e+00     6.7931e-03  0.0000e+00     8.0870e-03  0.0000e+00 
1.3357e+00     1.7658e-02  0.0000e+00     2.3586e-02  0.0000e+00     4.5892e-03  0.0000e+00     6.1300e-03  0.0000e+00 
1.4987e+00     9.0948e-03  0.0000e+00     1.3630e-02  0.0000e+00     2.6521e-03  0.0000e+00     3.9748e-03  0.0000e+00 
1.6816e+00     5.2842e-03  0.0000e+00     8.8859e-03  0.0000e+00     1.7290e-03  0.0000e+00     2.9074e-03  0.0000e+00 
1.8868e+00     2.0350e-03  0.0000e+00     3.8396e-03  0.0000e+00     7.4708e-04  0.0000e+00     1.4096e-03  0.0000e+00 
2.1170e+00     6.4775e-04  0.0000e+00     1.3713e-03  0.0000e+00     2.6682e-04  0.0000e+00     5.6485e-04  0.0000e+00 
2.3753e+00     2.5401e-04  0.0000e+00     6.0336e-04  0.0000e+00     1.1740e-04  0.0000e+00     2.7886e-04  0.0000e+00 
2.6651e+00     9.2614e-05  0.0000e+00     2.4683e-04  0.0000e+00     4.8027e-05  0.0000e+00     1.2800e-04  0.0000e+00 
2.9903e+00     1.8343e-05  0.0000e+00     5.4851e-05  0.0000e+00     1.0673e-05  0.0000e+00     3.1915e-05  0.0000e+00 
3.3552e+00     8.1740e-06  0.0000e+00     2.7426e-05  0.0000e+00     5.3363e-06  0.0000e+00     1.7904e-05  0.0000e+00 
3.7646e+00     0.0000e+00  0.0000e+00     0.0000e+00  0.0000e+00     0.0000e+00  0.0000e+00     0.0000e+00  0.0000e+00 
4.2240e+00     0.0000e+00  0.0000e+00     0.0000e+00  0.0000e+00     0.0000e+00  0.0000e+00     0.0000e+00  0.0000e+00 
4.7394e+00     0.0000e+00  0.0000e+00     0.0000e+00  0.0000e+00     0.0000e+00  0.0000e+00     0.0000e+00  0.0000e+00 
5.3176e+00     0.0000e+00  0.0000e+00     0.0000e+00  0.0000e+00     0.0000e+00  0.0000e+00     0.0000e+00  0.0000e+00 
5.9665e+00     1.0712e-01  0.0000e+00     6.3915e-01  0.0000e+00     1.2436e-01  0.0000e+00     7.4201e-01  0.0000e+00 
6.6945e+00     2.6706e-02  0.0000e+00     1.7879e-01  0.0000e+00     3.4787e-02  0.0000e+00     2.3289e-01  0.0000e+00 
7.5114e+00     6.7255e-03  0.0000e+00     5.0518e-02  0.0000e+00     9.8295e-03  0.0000e+00     7.3833e-02  0.0000e+00 
8.4279e+00     2.6342e-02  0.0000e+00     2.2201e-01  0.0000e+00     4.3197e-02  0.0000e+00     3.6406e-01  0.0000e+00 
9.4563e+00     1.9507e-02  0.0000e+00     1.8446e-01  0.0000e+00     3.5892e-02  0.0000e+00     3.3940e-01  0.0000e+00 
1.0610e+01     2.7265e-02  0.0000e+00     2.8928e-01  0.0000e+00     5.6287e-02  0.0000e+00     5.9722e-01  0.0000e+00 
1.1905e+01     2.0492e-02  0.0000e+00     2.4395e-01  0.0000e+00     4.7467e-02  0.0000e+00     5.6508e-01  0.0000e+00 
1.3357e+01     1.5278e-02  0.0000e+00     2.0407e-01  0.0000e+00     3.9708e-02  0.0000e+00     5.3039e-01  0.0000e+00 
1.4987e+01     9.5632e-03  0.0000e+00     1.4333e-01  0.0000e+00     2.7888e-02  0.0000e+00     4.1796e-01  0.0000e+00 
1.6816e+01     6.7586e-03  0.0000e+00     1.1365e-01  0.0000e+00     2.2114e-02  0.0000e+00     3.7186e-01  0.0000e+00 
1.8868e+01     5.0105e-03  0.0000e+00     9.4536e-02  0.0000e+00     1.8394e-02  0.0000e+00     3.4706e-01  0.0000e+00 
2.1170e+01     4.6560e-03  0.0000e+00     9.8567e-02  0.0000e+00     1.9179e-02  0.0000e+00     4.0601e-01  0.0000e+00 
2.3753e+01     4.1554e-03  0.0000e+00     9.8704e-02  0.0000e+00     1.9205e-02  0.0000e+00     4.5619e-01  0.0000e+00 
2.6651e+01     2.8206e-03  0.0000e+00     7.5173e-02  0.0000e+00     1.4627e-02  0.0000e+00     3.8983e-01  0.0000e+00 
2.9903e+01     2.0782e-03  0.0000e+00     6.2146e-02  0.0000e+00     1.2092e-02  0.0000e+00     3.6159e-01  0.0000e+00 
3.3552e+01     1.7541e-03  0.0000e+00     5.8855e-02  0.0000e+00     1.1452e-02  0.0000e+00     3.8423e-01  0.0000e+00 
3.7646e+01     1.2851e-03  0.0000e+00     4.8379e-02  0.0000e+00     9.4133e-03  0.0000e+00     3.5437e-01  0.0000e+00 
4.2240e+01     9.0186e-04  0.0000e+00     3.8094e-02  0.0000e+00     7.4121e-03  0.0000e+00     3.1309e-01  0.0000e+00 
4.7394e+01     6.9904e-04  0.0000e+00     3.3130e-02  0.0000e+00     6.4463e-03  0.0000e+00     3.0551e-01  0.0000e+00 
5.3176e+01     4.4560e-04  0.0000e+00     2.3696e-02  0.0000e+00     4.6106e-03  0.0000e+00     2.4517e-01  0.0000e+00 
5.9665e+01     2.9280e-04  0.0000e+00     1.7470e-02  0.0000e+00     3.3992e-03  0.0000e+00     2.0282e-01  0.0000e+00 
6.6945e+01     1.6715e-04  0.0000e+00     1.1190e-02  0.0000e+00     2.1772e-03  0.0000e+00     1.4575e-01  0.0000e+00 
7.5114e+01     9.5296e-05  0.0000e+00     7.1581e-03  0.0000e+00     1.3928e-03  0.0000e+00     1.0462e-01  0.0000e+00 
8.4279e+01     5.1415e-05  0.0000e+00     4.3332e-03  0.0000e+00     8.4314e-04  0.0000e+00     7.1059e-02  0.0000e+00 
9.4563e+01     1.9722e-05  0.0000e+00     1.8649e-03  0.0000e+00     3.6287e-04  0.0000e+00     3.4314e-02  0.0000e+00 
1.0610e+02     1.0339e-05  0.0000e+00     1.0970e-03  0.0000e+00     2.1345e-04  0.0000e+00     2.2648e-02  0.0000e+00 
1.1905e+02     1.8430e-06  0.0000e+00     2.1940e-04  0.0000e+00     4.2691e-05  0.0000e+00     5.0822e-03  0.0000e+00 
1.3357e+02     4.1064e-07  0.0000e+00     5.4851e-05  0.0000e+00     1.0673e-05  0.0000e+00     1.4256e-03  0.0000e+00 
1.4987e+02     0.0000e+00  0.0000e+00     0.0000e+00  0.0000e+00     0.0000e+00  0.0000e+00     0.0000e+00  0.0000e+00 
1.6816e+02     0.0000e+00  0.0000e+00     0.0000e+00  0.0000e+00     0.0000e+00  0.0000e+00     0.0000e+00  0.0000e+00 
1.8868e+02     0.0000e+00  0.0000e+00     0.0000e+00  0.0000e+00     0.0000e+00  0.0000e+00     0.0000e+00  0.0000e+00 
2.1170e+02     0.0000e+00  0.0000e+00     0.0000e+00  0.0000e+00     0.0000e+00  0.0000e+00     0.0000e+00  0.0000e+00 
2.3753e+02     0.0000e+00  0.0000e+00     0.0000e+00  0.0000e+00     0.0000e+00  0.0000e+00     0.0000e+00  0.0000e+00 
2.6651e+02     0.0000e+00  0.0000e+00     0.0000e+00  0.0000e+00     0.0000e+00  0.0000e+00     0.0000e+00  0.0000e+00 
2.9903e+02     0.0000e+00  0.0000e+00     0.0000e+00  0.0000e+00     0.0000e+00  0.0000e+00     0.0000e+00  0.0000e+00 
3.3552e+02     0.0000e+00  0.0000e+00     0.0000e+00  0.0000e+00     0.0000e+00  0.0000e+00     0.0000e+00  0.0000e+00 
3.7646e+02     0.0000e+00  0.0000e+00     0.0000e+00  0.0000e+00     0.0000e+00  0.0000e+00     0.0000e+00  0.0000e+00 
4.2240e+02     0.0000e+00  0.0000e+00     0.0000e+00  0.0000e+00     0.0000e+00  0.0000e+00     0.0000e+00  0.0000e+00 
4.7394e+02     0.0000e+00  0.0000e+00     0.0000e+00  0.0000e+00     0.0000e+00  0.0000e+00     0.0000e+00  0.0000e+00 
5.3176e+02     0.0000e+00  0.0000e+00     0.0000e+00  0.0000e+00     0.0000e+00  0.0000e+00     0.0000e+00  0.0000e+00 
5.9665e+02     0.0000e+00  0.0000e+00     0.0000e+00  0.0000e+00     0.0000e+00  0.0000e+00     0.0000e+00  0.0000e+00 
6.6945e+02     0.0000e+00  0.0000e+00     0.0000e+00  0.0000e+00     0.0000e+00  0.0000e+00     0.0000e+00  0.0000e+00 
7.5114e+02     0.0000e+00  0.0000e+00     0.0000e+00  0.0000e+00     0.0000e+00  0.0000e+00     0.0000e+00  0.0000e+00 
8.4279e+02     0.0000e+00  0.0000e+00     0.0000e+00  0.0000e+00     0.0000e+00  0.0000e+00     0.0000e+00  0.0000e+00 
9.4563e+02     0.0000e+00  0.0000e+00     0.0000e+00  0.0000e+00     0.0000e+00  0.0000e+00     0.0000e+00  0.0000e+00 
1.0610e+03     0.0000e+00  0.0000e+00     0.0000e+00  0.0000e+00     0.0000e+00  0.0000e+00     0.0000e+00  0.0000e+00 
1.1905e+03     0.0000e+00  0.0000e+00     0.0000e+00  0.0000e+00     0.0000e+00  0.0000e+00     0.0000e+00  0.0000e+00 
1.3357e+03     0.0000e+00  0.0000e+00     0.0000e+00  0.0000e+00     0.0000e+00  0.0000e+00     0.0000e+00  0.0000e+00 
1.4987e+03     0.0000e+00  0.0000e+00     0.0000e+00  0.0000e+00     0.0000e+00  0.0000e+00     0.0000e+00  0.0000e+00 
1.6816e+03     0.0000e+00  0.0000e+00     0.0000e+00  0.0000e+00     0.0000e+00  0.0000e+00     0.0000e+00  0.0000e+00 
1.8868e+03     0.0000e+00  0.0000e+00     0.0000e+00  0.0000e+00     0.0000e+00  0.0000e+00     0.0000e+00  0.0000e+00 
2.1170e+03     0.0000e+00  0.0000e+00     0.0000e+00  0.0000e+00     0.0000e+00  0.0000e+00     0.0000e+00  0.0000e+00 
2.3753e+03     0.0000e+00  0.0000e+00     0.0000e+00  0.0000e+00     0.0000e+00  0.0000e+00     0.0000e+00  0.0000e+00 
2.6651e+03     0.0000e+00  0.0000e+00     0.0000e+00  0.0000e+00     0.0000e+00  0.0000e+00     0.0000e+00  0.0000e+00 
2.9903e+03     0.0000e+00  0.0000e+00     0.0000e+00  0.0000e+00     0.0000e+00  0.0000e+00     0.0000e+00  0.0000e+00 
3.3552e+03     0.0000e+00  0.0000e+00     0.0000e+00  0.0000e+00     0.0000e+00  0.0000e+00     0.0000e+00  0.0000e+00 
3.7646e+03     0.0000e+00  0.0000e+00     0.0000e+00  0.0000e+00     0.0000e+00  0.0000e+00     0.0000e+00  0.0000e+00 
4.2240e+03     0.0000e+00  0.0000e+00     0.0000e+00  0.0000e+00     0.0000e+00  0.0000e+00     0.0000e+00  0.0000e+00 
4.7394e+03     0.0000e+00  0.0000e+00     0.0000e+00  0.0000e+00     0.0000e+00  0.0000e+00     0.0000e+00  0.0000e+00 
5.3176e+03     0.0000e+00  0.0000e+00     0.0000e+00  0.0000e+00     0.0000e+00  0.0000e+00     0.0000e+00  0.0000e+00 
5.9665e+03     0.0000e+00  0.0000e+00     0.0000e+00  0.0000e+00     0.0000e+00  0.0000e+00     0.0000e+00  0.0000e+00 
6.6945e+03     0.0000e+00  0.0000e+00     0.0000e+00  0.0000e+00     0.0000e+00  0.0000e+00     0.0000e+00  0.0000e+00 
7.5114e+03     0.0000e+00  0.0000e+00     0.0000e+00  0.0000e+00     0.0000e+00  0.0000e+00     0.0000e+00  0.0000e+00 
8.4279e+03     0.0000e+00  0.0000e+00     0.0000e+00  0.0000e+00     0.0000e+00  0.0000e+00     0.0000e+00  0.0000e+00 
9.4563e+03     0.0000e+00  0.0000e+00     0.0000e+00  0.0000e+00     0.0000e+00  0.0000e+00     0.0000e+00  0.0000e+00 
