yF = 5.5208e+00 (std: 0.0000e+00) keV/um
yD = 2.2535e+01 (std: 0.0000e+00) keV/um
y (keV/um)     f(y)(std)                  yf(y)(std)                 d(y)(std)                  yd(y)(std)  
1.0610e-01     2.4024e+01  0.0000e+00     2.5490e+00  0.0000e+00     4.6171e-01  0.0000e+00     4.8988e-02  0.0000e+00 
1.1905e-01     2.0588e+00  0.0000e+00     2.4510e-01  0.0000e+00     4.4395e-02  0.0000e+00     5.2851e-03  0.0000e+00 
1.3357e-01     5.7087e-01  0.0000e+00     7.6252e-02  0.0000e+00     1.3812e-02  0.0000e+00     1.8449e-03  0.0000e+00 
1.4987e-01     2.5621e+00  0.0000e+00     3.8398e-01  0.0000e+00     6.9552e-02  0.0000e+00     1.0424e-02  0.0000e+00 
1.6816e-01     7.6116e-01  0.0000e+00     1.2799e-01  0.0000e+00     2.3184e-02  0.0000e+00     3.8986e-03  0.0000e+00 
1.8868e-01     5.3404e-01  0.0000e+00     1.0076e-01  0.0000e+00     1.8251e-02  0.0000e+00     3.4436e-03  0.0000e+00 
2.1170e-01     5.4029e-01  0.0000e+00     1.1438e-01  0.0000e+00     2.0718e-02  0.0000e+00     4.3859e-03  0.0000e+00 
2.3753e-01     4.3567e-01  0.0000e+00     1.0349e-01  0.0000e+00     1.8745e-02  0.0000e+00     4.4524e-03  0.0000e+00 
2.6651e-01     2.3502e-01  0.0000e+00     6.2636e-02  0.0000e+00     1.1345e-02  0.0000e+00     3.0237e-03  0.0000e+00 
2.9903e-01     2.7321e-01  0.0000e+00     8.1699e-02  0.0000e+00     1.4798e-02  0.0000e+00     4.4252e-03  0.0000e+00 
3.3552e-01     1.2987e+00  0.0000e+00     4.3573e-01  0.0000e+00     7.8924e-02  0.0000e+00     2.6481e-02  0.0000e+00 
3.7646e-01     8.3914e-01  0.0000e+00     3.1590e-01  0.0000e+00     5.7220e-02  0.0000e+00     2.1541e-02  0.0000e+00 
4.2240e-01     3.7394e-01  0.0000e+00     1.5795e-01  0.0000e+00     2.8610e-02  0.0000e+00     1.2085e-02  0.0000e+00 
4.7394e-01     3.3328e-01  0.0000e+00     1.5795e-01  0.0000e+00     2.8610e-02  0.0000e+00     1.3559e-02  0.0000e+00 
5.3176e-01     2.0485e-01  0.0000e+00     1.0893e-01  0.0000e+00     1.9731e-02  0.0000e+00     1.0492e-02  0.0000e+00 
5.9665e-01     8.6722e-02  0.0000e+00     5.1743e-02  0.0000e+00     9.3723e-03  0.0000e+00     5.5920e-03  0.0000e+00 
6.6945e-01     1.6679e-01  0.0000e+00     1.1166e-01  0.0000e+00     2.0224e-02  0.0000e+00     1.3539e-02  0.0000e+00 
7.5114e-01     1.4502e-01  0.0000e+00     1.0893e-01  0.0000e+00     1.9731e-02  0.0000e+00     1.4821e-02  0.0000e+00 
8.4279e-01     6.4626e-02  0.0000e+00     5.4466e-02  0.0000e+00     9.8655e-03  0.0000e+00     8.3146e-03  0.0000e+00 
9.4563e-01     1.7279e-02  0.0000e+00     1.6340e-02  0.0000e+00     2.9597e-03  0.0000e+00     2.7987e-03  0.0000e+00 
1.0610e+00     4.6201e-02  0.0000e+00     4.9019e-02  0.0000e+00     8.8790e-03  0.0000e+00     9.4207e-03  0.0000e+00 
1.1905e+00     2.7451e-02  0.0000e+00     3.2680e-02  0.0000e+00     5.9193e-03  0.0000e+00     7.0468e-03  0.0000e+00 
1.3357e+00     1.6310e-02  0.0000e+00     2.1786e-02  0.0000e+00     3.9462e-03  0.0000e+00     5.2711e-03  0.0000e+00 
1.4987e+00     7.2683e-03  0.0000e+00     1.0893e-02  0.0000e+00     1.9731e-03  0.0000e+00     2.9571e-03  0.0000e+00 
1.6816e+00     0.0000e+00  0.0000e+00     0.0000e+00  0.0000e+00     0.0000e+00  0.0000e+00     0.0000e+00  0.0000e+00 
1.8868e+00     1.4434e-03  0.0000e+00     2.7233e-03  0.0000e+00     4.9328e-04  0.0000e+00     9.3070e-04  0.0000e+00 
2.1170e+00     0.0000e+00  0.0000e+00     0.0000e+00  0.0000e+00     0.0000e+00  0.0000e+00     0.0000e+00  0.0000e+00 
2.3753e+00     0.0000e+00  0.0000e+00     0.0000e+00  0.0000e+00     0.0000e+00  0.0000e+00     0.0000e+00  0.0000e+00 
2.6651e+00     0.0000e+00  0.0000e+00     0.0000e+00  0.0000e+00     0.0000e+00  0.0000e+00     0.0000e+00  0.0000e+00 
2.9903e+00     0.0000e+00  0.0000e+00     0.0000e+00  0.0000e+00     0.0000e+00  0.0000e+00     0.0000e+00  0.0000e+00 
3.3552e+00     0.0000e+00  0.0000e+00     0.0000e+00  0.0000e+00     0.0000e+00  0.0000e+00     0.0000e+00  0.0000e+00 
3.7646e+00     0.0000e+00  0.0000e+00     0.0000e+00  0.0000e+00     0.0000e+00  0.0000e+00     0.0000e+00  0.0000e+00 
4.2240e+00     0.0000e+00  0.0000e+00     0.0000e+00  0.0000e+00     0.0000e+00  0.0000e+00     0.0000e+00  0.0000e+00 
4.7394e+00     0.0000e+00  0.0000e+00     0.0000e+00  0.0000e+00     0.0000e+00  0.0000e+00     0.0000e+00  0.0000e+00 
5.3176e+00     0.0000e+00  0.0000e+00     0.0000e+00  0.0000e+00     0.0000e+00  0.0000e+00     0.0000e+00  0.0000e+00 
5.9665e+00     1.1319e-01  0.0000e+00     6.7538e-01  0.0000e+00     1.2233e-01  0.0000e+00     7.2990e-01  0.0000e+00 
6.6945e+00     2.6035e-02  0.0000e+00     1.7429e-01  0.0000e+00     3.1570e-02  0.0000e+00     2.1134e-01  0.0000e+00 
7.5114e+00     4.3507e-03  0.0000e+00     3.2680e-02  0.0000e+00     5.9193e-03  0.0000e+00     4.4462e-02  0.0000e+00 
8.4279e+00     2.5527e-02  0.0000e+00     2.1514e-01  0.0000e+00     3.8969e-02  0.0000e+00     3.2843e-01  0.0000e+00 
9.4563e+00     1.6991e-02  0.0000e+00     1.6067e-01  0.0000e+00     2.9103e-02  0.0000e+00     2.7521e-01  0.0000e+00 
1.0610e+01     5.4157e-02  0.0000e+00     5.7462e-01  0.0000e+00     1.0408e-01  0.0000e+00     1.1043e+00  0.0000e+00 
1.1905e+01     1.6471e-02  0.0000e+00     1.9608e-01  0.0000e+00     3.5516e-02  0.0000e+00     4.2281e-01  0.0000e+00 
1.3357e+01     1.4883e-02  0.0000e+00     1.9880e-01  0.0000e+00     3.6009e-02  0.0000e+00     4.8099e-01  0.0000e+00 
1.4987e+01     1.1084e-02  0.0000e+00     1.6612e-01  0.0000e+00     3.0090e-02  0.0000e+00     4.5096e-01  0.0000e+00 
1.6816e+01     6.3160e-03  0.0000e+00     1.0621e-01  0.0000e+00     1.9238e-02  0.0000e+00     3.2350e-01  0.0000e+00 
1.8868e+01     3.7527e-03  0.0000e+00     7.0806e-02  0.0000e+00     1.2825e-02  0.0000e+00     2.4198e-01  0.0000e+00 
2.1170e+01     4.7597e-03  0.0000e+00     1.0076e-01  0.0000e+00     1.8251e-02  0.0000e+00     3.8638e-01  0.0000e+00 
2.3753e+01     4.7007e-03  0.0000e+00     1.1166e-01  0.0000e+00     2.0224e-02  0.0000e+00     4.8039e-01  0.0000e+00 
2.6651e+01     3.6786e-03  0.0000e+00     9.8039e-02  0.0000e+00     1.7758e-02  0.0000e+00     4.7327e-01  0.0000e+00 
2.9903e+01     2.2768e-03  0.0000e+00     6.8082e-02  0.0000e+00     1.2332e-02  0.0000e+00     3.6877e-01  0.0000e+00 
3.3552e+01     2.1103e-03  0.0000e+00     7.0806e-02  0.0000e+00     1.2825e-02  0.0000e+00     4.3031e-01  0.0000e+00 
3.7646e+01     1.3021e-03  0.0000e+00     4.9019e-02  0.0000e+00     8.8790e-03  0.0000e+00     3.3426e-01  0.0000e+00 
4.2240e+01     1.1605e-03  0.0000e+00     4.9019e-02  0.0000e+00     8.8790e-03  0.0000e+00     3.7504e-01  0.0000e+00 
4.7394e+01     6.3207e-04  0.0000e+00     2.9956e-02  0.0000e+00     5.4260e-03  0.0000e+00     2.5716e-01  0.0000e+00 
5.3176e+01     4.6091e-04  0.0000e+00     2.4510e-02  0.0000e+00     4.4395e-03  0.0000e+00     2.3608e-01  0.0000e+00 
5.9665e+01     2.7386e-04  0.0000e+00     1.6340e-02  0.0000e+00     2.9597e-03  0.0000e+00     1.7659e-01  0.0000e+00 
6.6945e+01     2.4408e-04  0.0000e+00     1.6340e-02  0.0000e+00     2.9597e-03  0.0000e+00     1.9813e-01  0.0000e+00 
7.5114e+01     3.6256e-05  0.0000e+00     2.7233e-03  0.0000e+00     4.9328e-04  0.0000e+00     3.7052e-02  0.0000e+00 
8.4279e+01     6.4626e-05  0.0000e+00     5.4466e-03  0.0000e+00     9.8655e-04  0.0000e+00     8.3146e-02  0.0000e+00 
9.4563e+01     0.0000e+00  0.0000e+00     0.0000e+00  0.0000e+00     0.0000e+00  0.0000e+00     0.0000e+00  0.0000e+00 
1.0610e+02     0.0000e+00  0.0000e+00     0.0000e+00  0.0000e+00     0.0000e+00  0.0000e+00     0.0000e+00  0.0000e+00 
1.1905e+02     0.0000e+00  0.0000e+00     0.0000e+00  0.0000e+00     0.0000e+00  0.0000e+00     0.0000e+00  0.0000e+00 
1.3357e+02     0.0000e+00  0.0000e+00     0.0000e+00  0.0000e+00     0.0000e+00  0.0000e+00     0.0000e+00  0.0000e+00 
1.4987e+02     0.0000e+00  0.0000e+00     0.0000e+00  0.0000e+00     0.0000e+00  0.0000e+00     0.0000e+00  0.0000e+00 
1.6816e+02     0.0000e+00  0.0000e+00     0.0000e+00  0.0000e+00     0.0000e+00  0.0000e+00     0.0000e+00  0.0000e+00 
1.8868e+02     0.0000e+00  0.0000e+00     0.0000e+00  0.0000e+00     0.0000e+00  0.0000e+00     0.0000e+00  0.0000e+00 
2.1170e+02     0.0000e+00  0.0000e+00     0.0000e+00  0.0000e+00     0.0000e+00  0.0000e+00     0.0000e+00  0.0000e+00 
2.3753e+02     0.0000e+00  0.0000e+00     0.0000e+00  0.0000e+00     0.0000e+00  0.0000e+00     0.0000e+00  0.0000e+00 
2.6651e+02     0.0000e+00  0.0000e+00     0.0000e+00  0.0000e+00     0.0000e+00  0.0000e+00     0.0000e+00  0.0000e+00 
2.9903e+02     0.0000e+00  0.0000e+00     0.0000e+00  0.0000e+00     0.0000e+00  0.0000e+00     0.0000e+00  0.0000e+00 
3.3552e+02     0.0000e+00  0.0000e+00     0.0000e+00  0.0000e+00     0.0000e+00  0.0000e+00     0.0000e+00  0.0000e+00 
3.7646e+02     0.0000e+00  0.0000e+00     0.0000e+00  0.0000e+00     0.0000e+00  0.0000e+00     0.0000e+00  0.0000e+00 
4.2240e+02     0.0000e+00  0.0000e+00     0.0000e+00  0.0000e+00     0.0000e+00  0.0000e+00     0.0000e+00  0.0000e+00 
4.7394e+02     0.0000e+00  0.0000e+00     0.0000e+00  0.0000e+00     0.0000e+00  0.0000e+00     0.0000e+00  0.0000e+00 
5.3176e+02     0.0000e+00  0.0000e+00     0.0000e+00  0.0000e+00     0.0000e+00  0.0000e+00     0.0000e+00  0.0000e+00 
5.9665e+02     0.0000e+00  0.0000e+00     0.0000e+00  0.0000e+00     0.0000e+00  0.0000e+00     0.0000e+00  0.0000e+00 
6.6945e+02     0.0000e+00  0.0000e+00     0.0000e+00  0.0000e+00     0.0000e+00  0.0000e+00     0.0000e+00  0.0000e+00 
7.5114e+02     0.0000e+00  0.0000e+00     0.0000e+00  0.0000e+00     0.0000e+00  0.0000e+00     0.0000e+00  0.0000e+00 
8.4279e+02     0.0000e+00  0.0000e+00     0.0000e+00  0.0000e+00     0.0000e+00  0.0000e+00     0.0000e+00  0.0000e+00 
9.4563e+02     0.0000e+00  0.0000e+00     0.0000e+00  0.0000e+00     0.0000e+00  0.0000e+00     0.0000e+00  0.0000e+00 
1.0610e+03     0.0000e+00  0.0000e+00     0.0000e+00  0.0000e+00     0.0000e+00  0.0000e+00     0.0000e+00  0.0000e+00 
1.1905e+03     0.0000e+00  0.0000e+00     0.0000e+00  0.0000e+00     0.0000e+00  0.0000e+00     0.0000e+00  0.0000e+00 
1.3357e+03     0.0000e+00  0.0000e+00     0.0000e+00  0.0000e+00     0.0000e+00  0.0000e+00     0.0000e+00  0.0000e+00 
1.4987e+03     0.0000e+00  0.0000e+00     0.0000e+00  0.0000e+00     0.0000e+00  0.0000e+00     0.0000e+00  0.0000e+00 
1.6816e+03     0.0000e+00  0.0000e+00     0.0000e+00  0.0000e+00     0.0000e+00  0.0000e+00     0.0000e+00  0.0000e+00 
1.8868e+03     0.0000e+00  0.0000e+00     0.0000e+00  0.0000e+00     0.0000e+00  0.0000e+00     0.0000e+00  0.0000e+00 
2.1170e+03     0.0000e+00  0.0000e+00     0.0000e+00  0.0000e+00     0.0000e+00  0.0000e+00     0.0000e+00  0.0000e+00 
2.3753e+03     0.0000e+00  0.0000e+00     0.0000e+00  0.0000e+00     0.0000e+00  0.0000e+00     0.0000e+00  0.0000e+00 
2.6651e+03     0.0000e+00  0.0000e+00     0.0000e+00  0.0000e+00     0.0000e+00  0.0000e+00     0.0000e+00  0.0000e+00 
2.9903e+03     0.0000e+00  0.0000e+00     0.0000e+00  0.0000e+00     0.0000e+00  0.0000e+00     0.0000e+00  0.0000e+00 
3.3552e+03     0.0000e+00  0.0000e+00     0.0000e+00  0.0000e+00     0.0000e+00  0.0000e+00     0.0000e+00  0.0000e+00 
3.7646e+03     0.0000e+00  0.0000e+00     0.0000e+00  0.0000e+00     0.0000e+00  0.0000e+00     0.0000e+00  0.0000e+00 
4.2240e+03     0.0000e+00  0.0000e+00     0.0000e+00  0.0000e+00     0.0000e+00  0.0000e+00     0.0000e+00  0.0000e+00 
4.7394e+03     0.0000e+00  0.0000e+00     0.0000e+00  0.0000e+00     0.0000e+00  0.0000e+00     0.0000e+00  0.0000e+00 
5.3176e+03     0.0000e+00  0.0000e+00     0.0000e+00  0.0000e+00     0.0000e+00  0.0000e+00     0.0000e+00  0.0000e+00 
5.9665e+03     0.0000e+00  0.0000e+00     0.0000e+00  0.0000e+00     0.0000e+00  0.0000e+00     0.0000e+00  0.0000e+00 
6.6945e+03     0.0000e+00  0.0000e+00     0.0000e+00  0.0000e+00     0.0000e+00  0.0000e+00     0.0000e+00  0.0000e+00 
7.5114e+03     0.0000e+00  0.0000e+00     0.0000e+00  0.0000e+00     0.0000e+00  0.0000e+00     0.0000e+00  0.0000e+00 
8.4279e+03     0.0000e+00  0.0000e+00     0.0000e+00  0.0000e+00     0.0000e+00  0.0000e+00     0.0000e+00  0.0000e+00 
9.4563e+03     0.0000e+00  0.0000e+00     0.0000e+00  0.0000e+00     0.0000e+00  0.0000e+00     0.0000e+00  0.0000e+00 
