yF = 2.5896e+02 (std: 0.0000e+00) keV/um
yD = 3.2302e+02 (std: 0.0000e+00) keV/um
y (keV/um)     f(y)(std)                  yf(y)(std)                 d(y)(std)                  yd(y)(std)  
1.0610e-01     3.9764e-02  0.0000e+00     4.2190e-03  0.0000e+00     1.6292e-05  0.0000e+00     1.7286e-06  0.0000e+00 
1.1905e-01     3.5074e-03  0.0000e+00     4.1755e-04  0.0000e+00     1.6124e-06  0.0000e+00     1.9195e-07  0.0000e+00 
1.3357e-01     1.4979e-03  0.0000e+00     2.0008e-04  0.0000e+00     7.7260e-07  0.0000e+00     1.0320e-07  0.0000e+00 
1.4987e-01     4.0049e-03  0.0000e+00     6.0023e-04  0.0000e+00     2.3178e-06  0.0000e+00     3.4737e-07  0.0000e+00 
1.6816e-01     2.1727e-03  0.0000e+00     3.6536e-04  0.0000e+00     1.4108e-06  0.0000e+00     2.3724e-07  0.0000e+00 
1.8868e-01     1.4754e-03  0.0000e+00     2.7837e-04  0.0000e+00     1.0749e-06  0.0000e+00     2.0281e-07  0.0000e+00 
2.1170e-01     1.1916e-03  0.0000e+00     2.5227e-04  0.0000e+00     9.7415e-07  0.0000e+00     2.0623e-07  0.0000e+00 
2.3753e-01     9.5218e-04  0.0000e+00     2.2617e-04  0.0000e+00     8.7337e-07  0.0000e+00     2.0745e-07  0.0000e+00 
2.6651e-01     6.8544e-04  0.0000e+00     1.8268e-04  0.0000e+00     7.0542e-07  0.0000e+00     1.8800e-07  0.0000e+00 
2.9903e-01     5.5271e-04  0.0000e+00     1.6528e-04  0.0000e+00     6.3823e-07  0.0000e+00     1.9085e-07  0.0000e+00 
3.3552e-01     1.4000e-03  0.0000e+00     4.6974e-04  0.0000e+00     1.8139e-06  0.0000e+00     6.0861e-07  0.0000e+00 
3.7646e-01     1.1554e-03  0.0000e+00     4.3495e-04  0.0000e+00     1.6796e-06  0.0000e+00     6.3229e-07  0.0000e+00 
4.2240e-01     7.6199e-04  0.0000e+00     3.2186e-04  0.0000e+00     1.2429e-06  0.0000e+00     5.2499e-07  0.0000e+00 
4.7394e-01     4.2216e-04  0.0000e+00     2.0008e-04  0.0000e+00     7.7260e-07  0.0000e+00     3.6616e-07  0.0000e+00 
5.3176e-01     3.7625e-04  0.0000e+00     2.0008e-04  0.0000e+00     7.7260e-07  0.0000e+00     4.1084e-07  0.0000e+00 
5.9665e-01     1.8954e-04  0.0000e+00     1.1309e-04  0.0000e+00     4.3669e-07  0.0000e+00     2.6055e-07  0.0000e+00 
6.6945e-01     2.0791e-04  0.0000e+00     1.3918e-04  0.0000e+00     5.3746e-07  0.0000e+00     3.5980e-07  0.0000e+00 
7.5114e-01     2.4320e-04  0.0000e+00     1.8268e-04  0.0000e+00     7.0542e-07  0.0000e+00     5.2986e-07  0.0000e+00 
8.4279e-01     1.5482e-04  0.0000e+00     1.3048e-04  0.0000e+00     5.0387e-07  0.0000e+00     4.2466e-07  0.0000e+00 
9.4563e-01     1.1039e-04  0.0000e+00     1.0439e-04  0.0000e+00     4.0310e-07  0.0000e+00     3.8118e-07  0.0000e+00 
1.0610e+00     3.2795e-05  0.0000e+00     3.4796e-05  0.0000e+00     1.3437e-07  0.0000e+00     1.4256e-07  0.0000e+00 
1.1905e+00     3.6536e-05  0.0000e+00     4.3495e-05  0.0000e+00     1.6796e-07  0.0000e+00     1.9995e-07  0.0000e+00 
1.3357e+00     1.3025e-05  0.0000e+00     1.7398e-05  0.0000e+00     6.7183e-08  0.0000e+00     8.9738e-08  0.0000e+00 
1.4987e+00     5.8043e-06  0.0000e+00     8.6989e-06  0.0000e+00     3.3591e-08  0.0000e+00     5.0344e-08  0.0000e+00 
1.6816e+00     1.0346e-05  0.0000e+00     1.7398e-05  0.0000e+00     6.7183e-08  0.0000e+00     1.1297e-07  0.0000e+00 
1.8868e+00     4.6105e-06  0.0000e+00     8.6989e-06  0.0000e+00     3.3591e-08  0.0000e+00     6.3379e-08  0.0000e+00 
2.1170e+00     4.1091e-06  0.0000e+00     8.6989e-06  0.0000e+00     3.3591e-08  0.0000e+00     7.1112e-08  0.0000e+00 
2.3753e+00     0.0000e+00  0.0000e+00     0.0000e+00  0.0000e+00     0.0000e+00  0.0000e+00     0.0000e+00  0.0000e+00 
2.6651e+00     0.0000e+00  0.0000e+00     0.0000e+00  0.0000e+00     0.0000e+00  0.0000e+00     0.0000e+00  0.0000e+00 
2.9903e+00     0.0000e+00  0.0000e+00     0.0000e+00  0.0000e+00     0.0000e+00  0.0000e+00     0.0000e+00  0.0000e+00 
3.3552e+00     0.0000e+00  0.0000e+00     0.0000e+00  0.0000e+00     0.0000e+00  0.0000e+00     0.0000e+00  0.0000e+00 
3.7646e+00     4.1593e-05  0.0000e+00     1.5658e-04  0.0000e+00     6.0464e-07  0.0000e+00     2.2762e-06  0.0000e+00 
4.2240e+00     4.9426e-05  0.0000e+00     2.0877e-04  0.0000e+00     8.0619e-07  0.0000e+00     3.4053e-06  0.0000e+00 
4.7394e+00     9.1774e-06  0.0000e+00     4.3495e-05  0.0000e+00     1.6796e-07  0.0000e+00     7.9601e-07  0.0000e+00 
5.3176e+00     6.3799e-05  0.0000e+00     3.3926e-04  0.0000e+00     1.3101e-06  0.0000e+00     6.9664e-06  0.0000e+00 
5.9665e+00     6.9982e-05  0.0000e+00     4.1755e-04  0.0000e+00     1.6124e-06  0.0000e+00     9.6203e-06  0.0000e+00 
6.6945e+00     5.1977e-05  0.0000e+00     3.4796e-04  0.0000e+00     1.3437e-06  0.0000e+00     8.9951e-06  0.0000e+00 
7.5114e+00     3.4743e-05  0.0000e+00     2.6097e-04  0.0000e+00     1.0077e-06  0.0000e+00     7.5695e-06  0.0000e+00 
8.4279e+00     5.9865e-04  0.0000e+00     5.0454e-03  0.0000e+00     1.9483e-05  0.0000e+00     1.6420e-04  0.0000e+00 
9.4563e+00     3.0265e-04  0.0000e+00     2.8620e-03  0.0000e+00     1.1052e-05  0.0000e+00     1.0451e-04  0.0000e+00 
1.0610e+01     4.9766e-04  0.0000e+00     5.2803e-03  0.0000e+00     2.0390e-05  0.0000e+00     2.1634e-04  0.0000e+00 
1.1905e+01     3.0471e-04  0.0000e+00     3.6275e-03  0.0000e+00     1.4008e-05  0.0000e+00     1.6676e-04  0.0000e+00 
1.3357e+01     2.9697e-04  0.0000e+00     3.9667e-03  0.0000e+00     1.5318e-05  0.0000e+00     2.0460e-04  0.0000e+00 
1.4987e+01     1.9793e-04  0.0000e+00     2.9663e-03  0.0000e+00     1.1455e-05  0.0000e+00     1.7167e-04  0.0000e+00 
1.6816e+01     3.8539e-04  0.0000e+00     6.4807e-03  0.0000e+00     2.5026e-05  0.0000e+00     4.2083e-04  0.0000e+00 
1.8868e+01     4.5137e-04  0.0000e+00     8.5163e-03  0.0000e+00     3.2886e-05  0.0000e+00     6.2048e-04  0.0000e+00 
2.1170e+01     4.8611e-04  0.0000e+00     1.0291e-02  0.0000e+00     3.9739e-05  0.0000e+00     8.4126e-04  0.0000e+00 
2.3753e+01     4.8708e-04  0.0000e+00     1.1570e-02  0.0000e+00     4.4676e-05  0.0000e+00     1.0612e-03  0.0000e+00 
2.6651e+01     5.3138e-04  0.0000e+00     1.4162e-02  0.0000e+00     5.4687e-05  0.0000e+00     1.4575e-03  0.0000e+00 
2.9903e+01     6.4755e-04  0.0000e+00     1.9364e-02  0.0000e+00     7.4774e-05  0.0000e+00     2.2360e-03  0.0000e+00 
3.3552e+01     6.7176e-04  0.0000e+00     2.2539e-02  0.0000e+00     8.7035e-05  0.0000e+00     2.9202e-03  0.0000e+00 
3.7646e+01     7.6023e-04  0.0000e+00     2.8620e-02  0.0000e+00     1.1052e-04  0.0000e+00     4.1605e-03  0.0000e+00 
4.2240e+01     8.8844e-04  0.0000e+00     3.7527e-02  0.0000e+00     1.4491e-04  0.0000e+00     6.1211e-03  0.0000e+00 
4.7394e+01     9.6711e-04  0.0000e+00     4.5835e-02  0.0000e+00     1.7699e-04  0.0000e+00     8.3883e-03  0.0000e+00 
5.3176e+01     1.0687e-03  0.0000e+00     5.6830e-02  0.0000e+00     2.1945e-04  0.0000e+00     1.1670e-02  0.0000e+00 
5.9665e+01     1.1716e-03  0.0000e+00     6.9905e-02  0.0000e+00     2.6994e-04  0.0000e+00     1.6106e-02  0.0000e+00 
6.6945e+01     1.3110e-03  0.0000e+00     8.7764e-02  0.0000e+00     3.3890e-04  0.0000e+00     2.2688e-02  0.0000e+00 
7.5114e+01     1.4275e-03  0.0000e+00     1.0722e-01  0.0000e+00     4.1405e-04  0.0000e+00     3.1101e-02  0.0000e+00 
8.4279e+01     1.5792e-03  0.0000e+00     1.3309e-01  0.0000e+00     5.1395e-04  0.0000e+00     4.3315e-02  0.0000e+00 
9.4563e+01     1.7315e-03  0.0000e+00     1.6373e-01  0.0000e+00     6.3226e-04  0.0000e+00     5.9788e-02  0.0000e+00 
1.0610e+02     1.9317e-03  0.0000e+00     2.0496e-01  0.0000e+00     7.9144e-04  0.0000e+00     8.3973e-02  0.0000e+00 
1.1905e+02     2.1626e-03  0.0000e+00     2.5745e-01  0.0000e+00     9.9417e-04  0.0000e+00     1.1835e-01  0.0000e+00 
1.3357e+02     2.3640e-03  0.0000e+00     3.1576e-01  0.0000e+00     1.2193e-03  0.0000e+00     1.6287e-01  0.0000e+00 
1.4987e+02     2.5843e-03  0.0000e+00     3.8732e-01  0.0000e+00     1.4957e-03  0.0000e+00     2.2416e-01  0.0000e+00 
1.6816e+02     2.8447e-03  0.0000e+00     4.7835e-01  0.0000e+00     1.8472e-03  0.0000e+00     3.1062e-01  0.0000e+00 
1.8868e+02     3.0065e-03  0.0000e+00     5.6725e-01  0.0000e+00     2.1905e-03  0.0000e+00     4.1329e-01  0.0000e+00 
2.1170e+02     3.1310e-03  0.0000e+00     6.6283e-01  0.0000e+00     2.5596e-03  0.0000e+00     5.4186e-01  0.0000e+00 
2.3753e+02     3.1145e-03  0.0000e+00     7.3978e-01  0.0000e+00     2.8567e-03  0.0000e+00     6.7855e-01  0.0000e+00 
2.6651e+02     2.9729e-03  0.0000e+00     7.9231e-01  0.0000e+00     3.0595e-03  0.0000e+00     8.1541e-01  0.0000e+00 
2.9903e+02     2.6935e-03  0.0000e+00     8.0545e-01  0.0000e+00     3.1103e-03  0.0000e+00     9.3008e-01  0.0000e+00 
3.3552e+02     2.2630e-03  0.0000e+00     7.5929e-01  0.0000e+00     2.9320e-03  0.0000e+00     9.8375e-01  0.0000e+00 
3.7646e+02     1.7309e-03  0.0000e+00     6.5160e-01  0.0000e+00     2.5162e-03  0.0000e+00     9.4725e-01  0.0000e+00 
4.2240e+02     1.1903e-03  0.0000e+00     5.0276e-01  0.0000e+00     1.9414e-03  0.0000e+00     8.2006e-01  0.0000e+00 
4.7394e+02     7.2674e-04  0.0000e+00     3.4443e-01  0.0000e+00     1.3300e-03  0.0000e+00     6.3034e-01  0.0000e+00 
5.3176e+02     3.8562e-04  0.0000e+00     2.0506e-01  0.0000e+00     7.9185e-04  0.0000e+00     4.2108e-01  0.0000e+00 
5.9665e+02     1.7074e-04  0.0000e+00     1.0187e-01  0.0000e+00     3.9339e-04  0.0000e+00     2.3471e-01  0.0000e+00 
6.6945e+02     6.2034e-05  0.0000e+00     4.1529e-02  0.0000e+00     1.6036e-04  0.0000e+00     1.0736e-01  0.0000e+00 
7.5114e+02     1.8877e-05  0.0000e+00     1.4179e-02  0.0000e+00     5.4754e-05  0.0000e+00     4.1128e-02  0.0000e+00 
8.4279e+02     4.6241e-06  0.0000e+00     3.8971e-03  0.0000e+00     1.5049e-05  0.0000e+00     1.2683e-02  0.0000e+00 
9.4563e+02     9.1991e-07  0.0000e+00     8.6989e-04  0.0000e+00     3.3591e-06  0.0000e+00     3.1765e-03  0.0000e+00 
1.0610e+03     1.7217e-07  0.0000e+00     1.8268e-04  0.0000e+00     7.0542e-07  0.0000e+00     7.4845e-04  0.0000e+00 
1.1905e+03     1.4614e-08  0.0000e+00     1.7398e-05  0.0000e+00     6.7183e-08  0.0000e+00     7.9979e-05  0.0000e+00 
1.3357e+03     0.0000e+00  0.0000e+00     0.0000e+00  0.0000e+00     0.0000e+00  0.0000e+00     0.0000e+00  0.0000e+00 
1.4987e+03     0.0000e+00  0.0000e+00     0.0000e+00  0.0000e+00     0.0000e+00  0.0000e+00     0.0000e+00  0.0000e+00 
1.6816e+03     0.0000e+00  0.0000e+00     0.0000e+00  0.0000e+00     0.0000e+00  0.0000e+00     0.0000e+00  0.0000e+00 
1.8868e+03     0.0000e+00  0.0000e+00     0.0000e+00  0.0000e+00     0.0000e+00  0.0000e+00     0.0000e+00  0.0000e+00 
2.1170e+03     0.0000e+00  0.0000e+00     0.0000e+00  0.0000e+00     0.0000e+00  0.0000e+00     0.0000e+00  0.0000e+00 
2.3753e+03     0.0000e+00  0.0000e+00     0.0000e+00  0.0000e+00     0.0000e+00  0.0000e+00     0.0000e+00  0.0000e+00 
2.6651e+03     0.0000e+00  0.0000e+00     0.0000e+00  0.0000e+00     0.0000e+00  0.0000e+00     0.0000e+00  0.0000e+00 
2.9903e+03     0.0000e+00  0.0000e+00     0.0000e+00  0.0000e+00     0.0000e+00  0.0000e+00     0.0000e+00  0.0000e+00 
3.3552e+03     0.0000e+00  0.0000e+00     0.0000e+00  0.0000e+00     0.0000e+00  0.0000e+00     0.0000e+00  0.0000e+00 
3.7646e+03     0.0000e+00  0.0000e+00     0.0000e+00  0.0000e+00     0.0000e+00  0.0000e+00     0.0000e+00  0.0000e+00 
4.2240e+03     0.0000e+00  0.0000e+00     0.0000e+00  0.0000e+00     0.0000e+00  0.0000e+00     0.0000e+00  0.0000e+00 
4.7394e+03     0.0000e+00  0.0000e+00     0.0000e+00  0.0000e+00     0.0000e+00  0.0000e+00     0.0000e+00  0.0000e+00 
5.3176e+03     0.0000e+00  0.0000e+00     0.0000e+00  0.0000e+00     0.0000e+00  0.0000e+00     0.0000e+00  0.0000e+00 
5.9665e+03     0.0000e+00  0.0000e+00     0.0000e+00  0.0000e+00     0.0000e+00  0.0000e+00     0.0000e+00  0.0000e+00 
6.6945e+03     0.0000e+00  0.0000e+00     0.0000e+00  0.0000e+00     0.0000e+00  0.0000e+00     0.0000e+00  0.0000e+00 
7.5114e+03     0.0000e+00  0.0000e+00     0.0000e+00  0.0000e+00     0.0000e+00  0.0000e+00     0.0000e+00  0.0000e+00 
8.4279e+03     0.0000e+00  0.0000e+00     0.0000e+00  0.0000e+00     0.0000e+00  0.0000e+00     0.0000e+00  0.0000e+00 
9.4563e+03     0.0000e+00  0.0000e+00     0.0000e+00  0.0000e+00     0.0000e+00  0.0000e+00     0.0000e+00  0.0000e+00 
