yF = 2.3100e+01 (std: 0.0000e+00) keV/um
yD = 4.5210e+01 (std: 0.0000e+00) keV/um
y (keV/um)     f(y)(std)                  yf(y)(std)                 d(y)(std)                  yd(y)(std)  
1.0610e-01     3.5579e+00  0.0000e+00     3.7750e-01  0.0000e+00     1.6342e-02  0.0000e+00     1.7339e-03  0.0000e+00 
1.1905e-01     4.2603e-01  0.0000e+00     5.0717e-02  0.0000e+00     2.1955e-03  0.0000e+00     2.6137e-04  0.0000e+00 
1.3357e-01     2.3148e-01  0.0000e+00     3.0919e-02  0.0000e+00     1.3385e-03  0.0000e+00     1.7879e-04  0.0000e+00 
1.4987e-01     5.4760e-01  0.0000e+00     8.2070e-02  0.0000e+00     3.5528e-03  0.0000e+00     5.3246e-04  0.0000e+00 
1.6816e-01     2.9764e-01  0.0000e+00     5.0050e-02  0.0000e+00     2.1666e-03  0.0000e+00     3.6434e-04  0.0000e+00 
1.8868e-01     2.6039e-01  0.0000e+00     4.9130e-02  0.0000e+00     2.1268e-03  0.0000e+00     4.0128e-04  0.0000e+00 
2.1170e-01     2.6352e-01  0.0000e+00     5.5786e-02  0.0000e+00     2.4150e-03  0.0000e+00     5.1125e-04  0.0000e+00 
2.3753e-01     2.6121e-01  0.0000e+00     6.2046e-02  0.0000e+00     2.6859e-03  0.0000e+00     6.3799e-04  0.0000e+00 
2.6651e-01     1.7385e-01  0.0000e+00     4.6334e-02  0.0000e+00     2.0058e-03  0.0000e+00     5.3456e-04  0.0000e+00 
2.9903e-01     1.5359e-01  0.0000e+00     4.5928e-02  0.0000e+00     1.9882e-03  0.0000e+00     5.9454e-04  0.0000e+00 
3.3552e-01     2.7420e-01  0.0000e+00     9.2000e-02  0.0000e+00     3.9826e-03  0.0000e+00     1.3363e-03  0.0000e+00 
3.7646e-01     2.5821e-01  0.0000e+00     9.7205e-02  0.0000e+00     4.2079e-03  0.0000e+00     1.5841e-03  0.0000e+00 
4.2240e-01     1.8640e-01  0.0000e+00     7.8732e-02  0.0000e+00     3.4083e-03  0.0000e+00     1.4396e-03  0.0000e+00 
4.7394e-01     1.9184e-01  0.0000e+00     9.0918e-02  0.0000e+00     3.9358e-03  0.0000e+00     1.8653e-03  0.0000e+00 
5.3176e-01     1.7488e-01  0.0000e+00     9.2992e-02  0.0000e+00     4.0256e-03  0.0000e+00     2.1407e-03  0.0000e+00 
5.9665e-01     1.3036e-01  0.0000e+00     7.7776e-02  0.0000e+00     3.3669e-03  0.0000e+00     2.0089e-03  0.0000e+00 
6.6945e-01     1.1774e-01  0.0000e+00     7.8823e-02  0.0000e+00     3.4122e-03  0.0000e+00     2.2843e-03  0.0000e+00 
7.5114e-01     1.1791e-01  0.0000e+00     8.8564e-02  0.0000e+00     3.8339e-03  0.0000e+00     2.8798e-03  0.0000e+00 
8.4279e-01     9.0251e-02  0.0000e+00     7.6063e-02  0.0000e+00     3.2927e-03  0.0000e+00     2.7751e-03  0.0000e+00 
9.4563e-01     6.8227e-02  0.0000e+00     6.4517e-02  0.0000e+00     2.7929e-03  0.0000e+00     2.6411e-03  0.0000e+00 
1.0610e+00     5.5078e-02  0.0000e+00     5.8438e-02  0.0000e+00     2.5298e-03  0.0000e+00     2.6841e-03  0.0000e+00 
1.1905e+00     4.0542e-02  0.0000e+00     4.8264e-02  0.0000e+00     2.0893e-03  0.0000e+00     2.4873e-03  0.0000e+00 
1.3357e+00     2.8361e-02  0.0000e+00     3.7882e-02  0.0000e+00     1.6399e-03  0.0000e+00     2.1905e-03  0.0000e+00 
1.4987e+00     1.8253e-02  0.0000e+00     2.7357e-02  0.0000e+00     1.1843e-03  0.0000e+00     1.7749e-03  0.0000e+00 
1.6816e+00     1.1720e-02  0.0000e+00     1.9708e-02  0.0000e+00     8.5315e-04  0.0000e+00     1.4346e-03  0.0000e+00 
1.8868e+00     7.2233e-03  0.0000e+00     1.3629e-02  0.0000e+00     5.8998e-04  0.0000e+00     1.1132e-03  0.0000e+00 
2.1170e+00     3.8558e-03  0.0000e+00     8.1628e-03  0.0000e+00     3.5336e-04  0.0000e+00     7.4807e-04  0.0000e+00 
2.3753e+00     1.7467e-03  0.0000e+00     4.1490e-03  0.0000e+00     1.7961e-04  0.0000e+00     4.2663e-04  0.0000e+00 
2.6651e+00     7.5809e-04  0.0000e+00     2.0204e-03  0.0000e+00     8.7462e-05  0.0000e+00     2.3310e-04  0.0000e+00 
2.9903e+00     2.9559e-04  0.0000e+00     8.8392e-04  0.0000e+00     3.8265e-05  0.0000e+00     1.1442e-04  0.0000e+00 
3.3552e+00     9.4089e-05  0.0000e+00     3.1569e-04  0.0000e+00     1.3666e-05  0.0000e+00     4.5852e-05  0.0000e+00 
3.7646e+00     2.1563e-05  0.0000e+00     8.1177e-05  0.0000e+00     3.5141e-06  0.0000e+00     1.3229e-05  0.0000e+00 
4.2240e+00     1.4947e-05  0.0000e+00     6.3137e-05  0.0000e+00     2.7332e-06  0.0000e+00     1.1545e-05  0.0000e+00 
4.7394e+00     0.0000e+00  0.0000e+00     0.0000e+00  0.0000e+00     0.0000e+00  0.0000e+00     0.0000e+00  0.0000e+00 
5.3176e+00     0.0000e+00  0.0000e+00     0.0000e+00  0.0000e+00     0.0000e+00  0.0000e+00     0.0000e+00  0.0000e+00 
5.9665e+00     3.4461e-02  0.0000e+00     2.0561e-01  0.0000e+00     8.9008e-03  0.0000e+00     5.3107e-02  0.0000e+00 
6.6945e+00     2.7999e-02  0.0000e+00     1.8744e-01  0.0000e+00     8.1141e-03  0.0000e+00     5.4320e-02  0.0000e+00 
7.5114e+00     9.0708e-03  0.0000e+00     6.8134e-02  0.0000e+00     2.9495e-03  0.0000e+00     2.2155e-02  0.0000e+00 
8.4279e+00     2.7614e-02  0.0000e+00     2.3272e-01  0.0000e+00     1.0075e-02  0.0000e+00     8.4907e-02  0.0000e+00 
9.4563e+00     2.6314e-02  0.0000e+00     2.4883e-01  0.0000e+00     1.0772e-02  0.0000e+00     1.0186e-01  0.0000e+00 
1.0610e+01     3.3295e-02  0.0000e+00     3.5326e-01  0.0000e+00     1.5293e-02  0.0000e+00     1.6226e-01  0.0000e+00 
1.1905e+01     2.8240e-02  0.0000e+00     3.3619e-01  0.0000e+00     1.4553e-02  0.0000e+00     1.7325e-01  0.0000e+00 
1.3357e+01     2.4533e-02  0.0000e+00     3.2769e-01  0.0000e+00     1.4186e-02  0.0000e+00     1.8948e-01  0.0000e+00 
1.4987e+01     1.9574e-02  0.0000e+00     2.9336e-01  0.0000e+00     1.2700e-02  0.0000e+00     1.9033e-01  0.0000e+00 
1.6816e+01     1.7099e-02  0.0000e+00     2.8753e-01  0.0000e+00     1.2447e-02  0.0000e+00     2.0931e-01  0.0000e+00 
1.8868e+01     1.7168e-02  0.0000e+00     3.2391e-01  0.0000e+00     1.4022e-02  0.0000e+00     2.6456e-01  0.0000e+00 
2.1170e+01     1.7835e-02  0.0000e+00     3.7757e-01  0.0000e+00     1.6345e-02  0.0000e+00     3.4602e-01  0.0000e+00 
2.3753e+01     1.6849e-02  0.0000e+00     4.0021e-01  0.0000e+00     1.7325e-02  0.0000e+00     4.1152e-01  0.0000e+00 
2.6651e+01     1.4294e-02  0.0000e+00     3.8096e-01  0.0000e+00     1.6492e-02  0.0000e+00     4.3953e-01  0.0000e+00 
2.9903e+01     1.2326e-02  0.0000e+00     3.6859e-01  0.0000e+00     1.5956e-02  0.0000e+00     4.7714e-01  0.0000e+00 
3.3552e+01     1.1180e-02  0.0000e+00     3.7512e-01  0.0000e+00     1.6239e-02  0.0000e+00     5.4484e-01  0.0000e+00 
3.7646e+01     9.4782e-03  0.0000e+00     3.5682e-01  0.0000e+00     1.5446e-02  0.0000e+00     5.8150e-01  0.0000e+00 
4.2240e+01     7.8325e-03  0.0000e+00     3.3084e-01  0.0000e+00     1.4322e-02  0.0000e+00     6.0495e-01  0.0000e+00 
4.7394e+01     6.3709e-03  0.0000e+00     3.0194e-01  0.0000e+00     1.3071e-02  0.0000e+00     6.1948e-01  0.0000e+00 
5.3176e+01     4.9381e-03  0.0000e+00     2.6259e-01  0.0000e+00     1.1367e-02  0.0000e+00     6.0447e-01  0.0000e+00 
5.9665e+01     3.6833e-03  0.0000e+00     2.1976e-01  0.0000e+00     9.5135e-03  0.0000e+00     5.6762e-01  0.0000e+00 
6.6945e+01     2.6356e-03  0.0000e+00     1.7644e-01  0.0000e+00     7.6381e-03  0.0000e+00     5.1133e-01  0.0000e+00 
7.5114e+01     1.7861e-03  0.0000e+00     1.3416e-01  0.0000e+00     5.8076e-03  0.0000e+00     4.3623e-01  0.0000e+00 
8.4279e+01     1.1398e-03  0.0000e+00     9.6059e-02  0.0000e+00     4.1584e-03  0.0000e+00     3.5046e-01  0.0000e+00 
9.4563e+01     6.6177e-04  0.0000e+00     6.2578e-02  0.0000e+00     2.7090e-03  0.0000e+00     2.5617e-01  0.0000e+00 
1.0610e+02     3.7761e-04  0.0000e+00     4.0065e-02  0.0000e+00     1.7344e-03  0.0000e+00     1.8402e-01  0.0000e+00 
1.1905e+02     1.7623e-04  0.0000e+00     2.0980e-02  0.0000e+00     9.0820e-04  0.0000e+00     1.0812e-01  0.0000e+00 
1.3357e+02     7.6844e-05  0.0000e+00     1.0264e-02  0.0000e+00     4.4434e-04  0.0000e+00     5.9352e-02  0.0000e+00 
1.4987e+02     2.8767e-05  0.0000e+00     4.3114e-03  0.0000e+00     1.8664e-04  0.0000e+00     2.7972e-02  0.0000e+00 
1.6816e+02     1.0245e-05  0.0000e+00     1.7228e-03  0.0000e+00     7.4577e-05  0.0000e+00     1.2541e-02  0.0000e+00 
1.8868e+02     2.9639e-06  0.0000e+00     5.5922e-04  0.0000e+00     2.4208e-05  0.0000e+00     4.5675e-03  0.0000e+00 
2.1170e+02     8.5212e-07  0.0000e+00     1.8039e-04  0.0000e+00     7.8091e-06  0.0000e+00     1.6532e-03  0.0000e+00 
2.3753e+02     1.5189e-07  0.0000e+00     3.6079e-05  0.0000e+00     1.5618e-06  0.0000e+00     3.7098e-04  0.0000e+00 
2.6651e+02     3.3843e-08  0.0000e+00     9.0196e-06  0.0000e+00     3.9046e-07  0.0000e+00     1.0406e-04  0.0000e+00 
2.9903e+02     0.0000e+00  0.0000e+00     0.0000e+00  0.0000e+00     0.0000e+00  0.0000e+00     0.0000e+00  0.0000e+00 
3.3552e+02     0.0000e+00  0.0000e+00     0.0000e+00  0.0000e+00     0.0000e+00  0.0000e+00     0.0000e+00  0.0000e+00 
3.7646e+02     0.0000e+00  0.0000e+00     0.0000e+00  0.0000e+00     0.0000e+00  0.0000e+00     0.0000e+00  0.0000e+00 
4.2240e+02     0.0000e+00  0.0000e+00     0.0000e+00  0.0000e+00     0.0000e+00  0.0000e+00     0.0000e+00  0.0000e+00 
4.7394e+02     0.0000e+00  0.0000e+00     0.0000e+00  0.0000e+00     0.0000e+00  0.0000e+00     0.0000e+00  0.0000e+00 
5.3176e+02     0.0000e+00  0.0000e+00     0.0000e+00  0.0000e+00     0.0000e+00  0.0000e+00     0.0000e+00  0.0000e+00 
5.9665e+02     0.0000e+00  0.0000e+00     0.0000e+00  0.0000e+00     0.0000e+00  0.0000e+00     0.0000e+00  0.0000e+00 
6.6945e+02     0.0000e+00  0.0000e+00     0.0000e+00  0.0000e+00     0.0000e+00  0.0000e+00     0.0000e+00  0.0000e+00 
7.5114e+02     0.0000e+00  0.0000e+00     0.0000e+00  0.0000e+00     0.0000e+00  0.0000e+00     0.0000e+00  0.0000e+00 
8.4279e+02     0.0000e+00  0.0000e+00     0.0000e+00  0.0000e+00     0.0000e+00  0.0000e+00     0.0000e+00  0.0000e+00 
9.4563e+02     0.0000e+00  0.0000e+00     0.0000e+00  0.0000e+00     0.0000e+00  0.0000e+00     0.0000e+00  0.0000e+00 
1.0610e+03     0.0000e+00  0.0000e+00     0.0000e+00  0.0000e+00     0.0000e+00  0.0000e+00     0.0000e+00  0.0000e+00 
1.1905e+03     0.0000e+00  0.0000e+00     0.0000e+00  0.0000e+00     0.0000e+00  0.0000e+00     0.0000e+00  0.0000e+00 
1.3357e+03     0.0000e+00  0.0000e+00     0.0000e+00  0.0000e+00     0.0000e+00  0.0000e+00     0.0000e+00  0.0000e+00 
1.4987e+03     0.0000e+00  0.0000e+00     0.0000e+00  0.0000e+00     0.0000e+00  0.0000e+00     0.0000e+00  0.0000e+00 
1.6816e+03     0.0000e+00  0.0000e+00     0.0000e+00  0.0000e+00     0.0000e+00  0.0000e+00     0.0000e+00  0.0000e+00 
1.8868e+03     0.0000e+00  0.0000e+00     0.0000e+00  0.0000e+00     0.0000e+00  0.0000e+00     0.0000e+00  0.0000e+00 
2.1170e+03     0.0000e+00  0.0000e+00     0.0000e+00  0.0000e+00     0.0000e+00  0.0000e+00     0.0000e+00  0.0000e+00 
2.3753e+03     0.0000e+00  0.0000e+00     0.0000e+00  0.0000e+00     0.0000e+00  0.0000e+00     0.0000e+00  0.0000e+00 
2.6651e+03     0.0000e+00  0.0000e+00     0.0000e+00  0.0000e+00     0.0000e+00  0.0000e+00     0.0000e+00  0.0000e+00 
2.9903e+03     0.0000e+00  0.0000e+00     0.0000e+00  0.0000e+00     0.0000e+00  0.0000e+00     0.0000e+00  0.0000e+00 
3.3552e+03     0.0000e+00  0.0000e+00     0.0000e+00  0.0000e+00     0.0000e+00  0.0000e+00     0.0000e+00  0.0000e+00 
3.7646e+03     0.0000e+00  0.0000e+00     0.0000e+00  0.0000e+00     0.0000e+00  0.0000e+00     0.0000e+00  0.0000e+00 
4.2240e+03     0.0000e+00  0.0000e+00     0.0000e+00  0.0000e+00     0.0000e+00  0.0000e+00     0.0000e+00  0.0000e+00 
4.7394e+03     0.0000e+00  0.0000e+00     0.0000e+00  0.0000e+00     0.0000e+00  0.0000e+00     0.0000e+00  0.0000e+00 
5.3176e+03     0.0000e+00  0.0000e+00     0.0000e+00  0.0000e+00     0.0000e+00  0.0000e+00     0.0000e+00  0.0000e+00 
5.9665e+03     0.0000e+00  0.0000e+00     0.0000e+00  0.0000e+00     0.0000e+00  0.0000e+00     0.0000e+00  0.0000e+00 
6.6945e+03     0.0000e+00  0.0000e+00     0.0000e+00  0.0000e+00     0.0000e+00  0.0000e+00     0.0000e+00  0.0000e+00 
7.5114e+03     0.0000e+00  0.0000e+00     0.0000e+00  0.0000e+00     0.0000e+00  0.0000e+00     0.0000e+00  0.0000e+00 
8.4279e+03     0.0000e+00  0.0000e+00     0.0000e+00  0.0000e+00     0.0000e+00  0.0000e+00     0.0000e+00  0.0000e+00 
9.4563e+03     0.0000e+00  0.0000e+00     0.0000e+00  0.0000e+00     0.0000e+00  0.0000e+00     0.0000e+00  0.0000e+00 
