yF = 4.3141e+00 (std: 0.0000e+00) keV/um
yD = 2.1254e+01 (std: 0.0000e+00) keV/um
y (keV/um)     f(y)(std)                  yf(y)(std)                 d(y)(std)                  yd(y)(std)  
1.0610e-01     2.5810e+01  0.0000e+00     2.7385e+00  0.0000e+00     6.3479e-01  0.0000e+00     6.7352e-02  0.0000e+00 
1.1905e-01     1.7957e+00  0.0000e+00     2.1377e-01  0.0000e+00     4.9553e-02  0.0000e+00     5.8992e-03  0.0000e+00 
1.3357e-01     5.5035e-01  0.0000e+00     7.3512e-02  0.0000e+00     1.7040e-02  0.0000e+00     2.2761e-03  0.0000e+00 
1.4987e-01     2.8387e+00  0.0000e+00     4.2544e-01  0.0000e+00     9.8617e-02  0.0000e+00     1.4780e-02  0.0000e+00 
1.6816e-01     8.1904e-01  0.0000e+00     1.3773e-01  0.0000e+00     3.1926e-02  0.0000e+00     5.3686e-03  0.0000e+00 
1.8868e-01     5.8666e-01  0.0000e+00     1.1069e-01  0.0000e+00     2.5658e-02  0.0000e+00     4.8411e-03  0.0000e+00 
2.1170e-01     5.8872e-01  0.0000e+00     1.2463e-01  0.0000e+00     2.8890e-02  0.0000e+00     6.1159e-03  0.0000e+00 
2.3753e-01     5.9051e-01  0.0000e+00     1.4026e-01  0.0000e+00     3.2513e-02  0.0000e+00     7.7229e-03  0.0000e+00 
2.6651e-01     2.7583e-01  0.0000e+00     7.3512e-02  0.0000e+00     1.7040e-02  0.0000e+00     4.5414e-03  0.0000e+00 
2.9903e-01     2.1616e-01  0.0000e+00     6.4639e-02  0.0000e+00     1.4983e-02  0.0000e+00     4.4805e-03  0.0000e+00 
3.3552e-01     1.4329e+00  0.0000e+00     4.8078e-01  0.0000e+00     1.1145e-01  0.0000e+00     3.7392e-02  0.0000e+00 
3.7646e-01     9.0453e-01  0.0000e+00     3.4052e-01  0.0000e+00     7.8932e-02  0.0000e+00     2.9715e-02  0.0000e+00 
4.2240e-01     3.9108e-01  0.0000e+00     1.6519e-01  0.0000e+00     3.8291e-02  0.0000e+00     1.6174e-02  0.0000e+00 
4.7394e-01     3.8955e-01  0.0000e+00     1.8462e-01  0.0000e+00     4.2796e-02  0.0000e+00     2.0282e-02  0.0000e+00 
5.3176e-01     2.3994e-01  0.0000e+00     1.2759e-01  0.0000e+00     2.9575e-02  0.0000e+00     1.5727e-02  0.0000e+00 
5.9665e-01     1.3100e-01  0.0000e+00     7.8159e-02  0.0000e+00     1.8117e-02  0.0000e+00     1.0810e-02  0.0000e+00 
6.6945e-01     2.2593e-01  0.0000e+00     1.5125e-01  0.0000e+00     3.5059e-02  0.0000e+00     2.3471e-02  0.0000e+00 
7.5114e-01     1.8055e-01  0.0000e+00     1.3562e-01  0.0000e+00     3.1436e-02  0.0000e+00     2.3613e-02  0.0000e+00 
8.4279e-01     7.7700e-02  0.0000e+00     6.5484e-02  0.0000e+00     1.5179e-02  0.0000e+00     1.2793e-02  0.0000e+00 
9.4563e-01     5.0485e-02  0.0000e+00     4.7740e-02  0.0000e+00     1.1066e-02  0.0000e+00     1.0464e-02  0.0000e+00 
1.0610e+00     4.0217e-02  0.0000e+00     4.2670e-02  0.0000e+00     9.8910e-03  0.0000e+00     1.0494e-02  0.0000e+00 
1.1905e+00     2.3422e-02  0.0000e+00     2.7884e-02  0.0000e+00     6.4635e-03  0.0000e+00     7.6946e-03  0.0000e+00 
1.3357e+00     1.0754e-02  0.0000e+00     1.4364e-02  0.0000e+00     3.3297e-03  0.0000e+00     4.4475e-03  0.0000e+00 
1.4987e+00     7.8931e-03  0.0000e+00     1.1829e-02  0.0000e+00     2.7421e-03  0.0000e+00     4.1096e-03  0.0000e+00 
1.6816e+00     2.7636e-03  0.0000e+00     4.6473e-03  0.0000e+00     1.0772e-03  0.0000e+00     1.8115e-03  0.0000e+00 
1.8868e+00     6.7175e-04  0.0000e+00     1.2674e-03  0.0000e+00     2.9379e-04  0.0000e+00     5.5432e-04  0.0000e+00 
2.1170e+00     1.9957e-04  0.0000e+00     4.2248e-04  0.0000e+00     9.7931e-05  0.0000e+00     2.0732e-04  0.0000e+00 
2.3753e+00     0.0000e+00  0.0000e+00     0.0000e+00  0.0000e+00     0.0000e+00  0.0000e+00     0.0000e+00  0.0000e+00 
2.6651e+00     0.0000e+00  0.0000e+00     0.0000e+00  0.0000e+00     0.0000e+00  0.0000e+00     0.0000e+00  0.0000e+00 
2.9903e+00     0.0000e+00  0.0000e+00     0.0000e+00  0.0000e+00     0.0000e+00  0.0000e+00     0.0000e+00  0.0000e+00 
3.3552e+00     0.0000e+00  0.0000e+00     0.0000e+00  0.0000e+00     0.0000e+00  0.0000e+00     0.0000e+00  0.0000e+00 
3.7646e+00     0.0000e+00  0.0000e+00     0.0000e+00  0.0000e+00     0.0000e+00  0.0000e+00     0.0000e+00  0.0000e+00 
4.2240e+00     0.0000e+00  0.0000e+00     0.0000e+00  0.0000e+00     0.0000e+00  0.0000e+00     0.0000e+00  0.0000e+00 
4.7394e+00     0.0000e+00  0.0000e+00     0.0000e+00  0.0000e+00     0.0000e+00  0.0000e+00     0.0000e+00  0.0000e+00 
5.3176e+00     0.0000e+00  0.0000e+00     0.0000e+00  0.0000e+00     0.0000e+00  0.0000e+00     0.0000e+00  0.0000e+00 
5.9665e+00     1.1761e-01  0.0000e+00     7.0174e-01  0.0000e+00     1.6266e-01  0.0000e+00     9.7053e-01  0.0000e+00 
6.6945e+00     2.1899e-02  0.0000e+00     1.4660e-01  0.0000e+00     3.3982e-02  0.0000e+00     2.2749e-01  0.0000e+00 
7.5114e+00     4.8933e-03  0.0000e+00     3.6756e-02  0.0000e+00     8.5200e-03  0.0000e+00     6.3997e-02  0.0000e+00 
8.4279e+00     2.1555e-02  0.0000e+00     1.8167e-01  0.0000e+00     4.2110e-02  0.0000e+00     3.5490e-01  0.0000e+00 
9.4563e+00     1.6129e-02  0.0000e+00     1.5252e-01  0.0000e+00     3.5353e-02  0.0000e+00     3.3431e-01  0.0000e+00 
1.0610e+01     4.8181e-02  0.0000e+00     5.1120e-01  0.0000e+00     1.1850e-01  0.0000e+00     1.2573e+00  0.0000e+00 
1.1905e+01     1.5366e-02  0.0000e+00     1.8293e-01  0.0000e+00     4.2404e-02  0.0000e+00     5.0481e-01  0.0000e+00 
1.3357e+01     1.0975e-02  0.0000e+00     1.4660e-01  0.0000e+00     3.3982e-02  0.0000e+00     4.5391e-01  0.0000e+00 
1.4987e+01     5.5533e-03  0.0000e+00     8.3229e-02  0.0000e+00     1.9292e-02  0.0000e+00     2.8914e-01  0.0000e+00 
1.6816e+01     5.9795e-03  0.0000e+00     1.0055e-01  0.0000e+00     2.3308e-02  0.0000e+00     3.9194e-01  0.0000e+00 
1.8868e+01     3.0229e-03  0.0000e+00     5.7035e-02  0.0000e+00     1.3221e-02  0.0000e+00     2.4944e-01  0.0000e+00 
2.1170e+01     3.0334e-03  0.0000e+00     6.4217e-02  0.0000e+00     1.4886e-02  0.0000e+00     3.1513e-01  0.0000e+00 
2.3753e+01     3.1838e-03  0.0000e+00     7.5624e-02  0.0000e+00     1.7530e-02  0.0000e+00     4.1638e-01  0.0000e+00 
2.6651e+01     1.9815e-03  0.0000e+00     5.2810e-02  0.0000e+00     1.2241e-02  0.0000e+00     3.2625e-01  0.0000e+00 
2.9903e+01     1.4693e-03  0.0000e+00     4.3938e-02  0.0000e+00     1.0185e-02  0.0000e+00     3.0456e-01  0.0000e+00 
3.3552e+01     1.2088e-03  0.0000e+00     4.0558e-02  0.0000e+00     9.4014e-03  0.0000e+00     3.1544e-01  0.0000e+00 
3.7646e+01     8.7535e-04  0.0000e+00     3.2953e-02  0.0000e+00     7.6386e-03  0.0000e+00     2.8756e-01  0.0000e+00 
4.2240e+01     7.3015e-04  0.0000e+00     3.0841e-02  0.0000e+00     7.1490e-03  0.0000e+00     3.0197e-01  0.0000e+00 
4.7394e+01     4.6354e-04  0.0000e+00     2.1969e-02  0.0000e+00     5.0924e-03  0.0000e+00     2.4135e-01  0.0000e+00 
5.3176e+01     3.0191e-04  0.0000e+00     1.6054e-02  0.0000e+00     3.7214e-03  0.0000e+00     1.9789e-01  0.0000e+00 
5.9665e+01     1.9118e-04  0.0000e+00     1.1407e-02  0.0000e+00     2.6441e-03  0.0000e+00     1.5776e-01  0.0000e+00 
6.6945e+01     1.3884e-04  0.0000e+00     9.2946e-03  0.0000e+00     2.1545e-03  0.0000e+00     1.4423e-01  0.0000e+00 
7.5114e+01     9.5617e-05  0.0000e+00     7.1822e-03  0.0000e+00     1.6648e-03  0.0000e+00     1.2505e-01  0.0000e+00 
8.4279e+01     2.5064e-05  0.0000e+00     2.1124e-03  0.0000e+00     4.8966e-04  0.0000e+00     4.1268e-02  0.0000e+00 
9.4563e+01     2.2339e-05  0.0000e+00     2.1124e-03  0.0000e+00     4.8966e-04  0.0000e+00     4.6303e-02  0.0000e+00 
1.0610e+02     3.9819e-06  0.0000e+00     4.2248e-04  0.0000e+00     9.7931e-05  0.0000e+00     1.0391e-02  0.0000e+00 
1.1905e+02     0.0000e+00  0.0000e+00     0.0000e+00  0.0000e+00     0.0000e+00  0.0000e+00     0.0000e+00  0.0000e+00 
1.3357e+02     3.1629e-06  0.0000e+00     4.2248e-04  0.0000e+00     9.7931e-05  0.0000e+00     1.3081e-02  0.0000e+00 
1.4987e+02     0.0000e+00  0.0000e+00     0.0000e+00  0.0000e+00     0.0000e+00  0.0000e+00     0.0000e+00  0.0000e+00 
1.6816e+02     0.0000e+00  0.0000e+00     0.0000e+00  0.0000e+00     0.0000e+00  0.0000e+00     0.0000e+00  0.0000e+00 
1.8868e+02     0.0000e+00  0.0000e+00     0.0000e+00  0.0000e+00     0.0000e+00  0.0000e+00     0.0000e+00  0.0000e+00 
2.1170e+02     0.0000e+00  0.0000e+00     0.0000e+00  0.0000e+00     0.0000e+00  0.0000e+00     0.0000e+00  0.0000e+00 
2.3753e+02     0.0000e+00  0.0000e+00     0.0000e+00  0.0000e+00     0.0000e+00  0.0000e+00     0.0000e+00  0.0000e+00 
2.6651e+02     0.0000e+00  0.0000e+00     0.0000e+00  0.0000e+00     0.0000e+00  0.0000e+00     0.0000e+00  0.0000e+00 
2.9903e+02     0.0000e+00  0.0000e+00     0.0000e+00  0.0000e+00     0.0000e+00  0.0000e+00     0.0000e+00  0.0000e+00 
3.3552e+02     0.0000e+00  0.0000e+00     0.0000e+00  0.0000e+00     0.0000e+00  0.0000e+00     0.0000e+00  0.0000e+00 
3.7646e+02     0.0000e+00  0.0000e+00     0.0000e+00  0.0000e+00     0.0000e+00  0.0000e+00     0.0000e+00  0.0000e+00 
4.2240e+02     0.0000e+00  0.0000e+00     0.0000e+00  0.0000e+00     0.0000e+00  0.0000e+00     0.0000e+00  0.0000e+00 
4.7394e+02     0.0000e+00  0.0000e+00     0.0000e+00  0.0000e+00     0.0000e+00  0.0000e+00     0.0000e+00  0.0000e+00 
5.3176e+02     0.0000e+00  0.0000e+00     0.0000e+00  0.0000e+00     0.0000e+00  0.0000e+00     0.0000e+00  0.0000e+00 
5.9665e+02     0.0000e+00  0.0000e+00     0.0000e+00  0.0000e+00     0.0000e+00  0.0000e+00     0.0000e+00  0.0000e+00 
6.6945e+02     0.0000e+00  0.0000e+00     0.0000e+00  0.0000e+00     0.0000e+00  0.0000e+00     0.0000e+00  0.0000e+00 
7.5114e+02     0.0000e+00  0.0000e+00     0.0000e+00  0.0000e+00     0.0000e+00  0.0000e+00     0.0000e+00  0.0000e+00 
8.4279e+02     0.0000e+00  0.0000e+00     0.0000e+00  0.0000e+00     0.0000e+00  0.0000e+00     0.0000e+00  0.0000e+00 
9.4563e+02     0.0000e+00  0.0000e+00     0.0000e+00  0.0000e+00     0.0000e+00  0.0000e+00     0.0000e+00  0.0000e+00 
1.0610e+03     0.0000e+00  0.0000e+00     0.0000e+00  0.0000e+00     0.0000e+00  0.0000e+00     0.0000e+00  0.0000e+00 
1.1905e+03     0.0000e+00  0.0000e+00     0.0000e+00  0.0000e+00     0.0000e+00  0.0000e+00     0.0000e+00  0.0000e+00 
1.3357e+03     0.0000e+00  0.0000e+00     0.0000e+00  0.0000e+00     0.0000e+00  0.0000e+00     0.0000e+00  0.0000e+00 
1.4987e+03     0.0000e+00  0.0000e+00     0.0000e+00  0.0000e+00     0.0000e+00  0.0000e+00     0.0000e+00  0.0000e+00 
1.6816e+03     0.0000e+00  0.0000e+00     0.0000e+00  0.0000e+00     0.0000e+00  0.0000e+00     0.0000e+00  0.0000e+00 
1.8868e+03     0.0000e+00  0.0000e+00     0.0000e+00  0.0000e+00     0.0000e+00  0.0000e+00     0.0000e+00  0.0000e+00 
2.1170e+03     0.0000e+00  0.0000e+00     0.0000e+00  0.0000e+00     0.0000e+00  0.0000e+00     0.0000e+00  0.0000e+00 
2.3753e+03     0.0000e+00  0.0000e+00     0.0000e+00  0.0000e+00     0.0000e+00  0.0000e+00     0.0000e+00  0.0000e+00 
2.6651e+03     0.0000e+00  0.0000e+00     0.0000e+00  0.0000e+00     0.0000e+00  0.0000e+00     0.0000e+00  0.0000e+00 
2.9903e+03     0.0000e+00  0.0000e+00     0.0000e+00  0.0000e+00     0.0000e+00  0.0000e+00     0.0000e+00  0.0000e+00 
3.3552e+03     0.0000e+00  0.0000e+00     0.0000e+00  0.0000e+00     0.0000e+00  0.0000e+00     0.0000e+00  0.0000e+00 
3.7646e+03     0.0000e+00  0.0000e+00     0.0000e+00  0.0000e+00     0.0000e+00  0.0000e+00     0.0000e+00  0.0000e+00 
4.2240e+03     0.0000e+00  0.0000e+00     0.0000e+00  0.0000e+00     0.0000e+00  0.0000e+00     0.0000e+00  0.0000e+00 
4.7394e+03     0.0000e+00  0.0000e+00     0.0000e+00  0.0000e+00     0.0000e+00  0.0000e+00     0.0000e+00  0.0000e+00 
5.3176e+03     0.0000e+00  0.0000e+00     0.0000e+00  0.0000e+00     0.0000e+00  0.0000e+00     0.0000e+00  0.0000e+00 
5.9665e+03     0.0000e+00  0.0000e+00     0.0000e+00  0.0000e+00     0.0000e+00  0.0000e+00     0.0000e+00  0.0000e+00 
6.6945e+03     0.0000e+00  0.0000e+00     0.0000e+00  0.0000e+00     0.0000e+00  0.0000e+00     0.0000e+00  0.0000e+00 
7.5114e+03     0.0000e+00  0.0000e+00     0.0000e+00  0.0000e+00     0.0000e+00  0.0000e+00     0.0000e+00  0.0000e+00 
8.4279e+03     0.0000e+00  0.0000e+00     0.0000e+00  0.0000e+00     0.0000e+00  0.0000e+00     0.0000e+00  0.0000e+00 
9.4563e+03     0.0000e+00  0.0000e+00     0.0000e+00  0.0000e+00     0.0000e+00  0.0000e+00     0.0000e+00  0.0000e+00 
