yF = 9.5006e+01 (std: 0.0000e+00) keV/um
yD = 1.1213e+02 (std: 0.0000e+00) keV/um
y (keV/um)     f(y)(std)                  yf(y)(std)                 d(y)(std)                  yd(y)(std)  
1.0610e-01     1.5571e-03  0.0000e+00     1.6521e-04  0.0000e+00     1.7390e-06  0.0000e+00     1.8451e-07  0.0000e+00 
1.1905e-01     1.4609e-04  0.0000e+00     1.7391e-05  0.0000e+00     1.8305e-07  0.0000e+00     2.1792e-08  0.0000e+00 
1.3357e-01     6.5099e-05  0.0000e+00     8.6955e-06  0.0000e+00     9.1526e-08  0.0000e+00     1.2225e-08  0.0000e+00 
1.4987e-01     3.4812e-04  0.0000e+00     5.2173e-05  0.0000e+00     5.4915e-07  0.0000e+00     8.2302e-08  0.0000e+00 
1.6816e-01     5.6881e-04  0.0000e+00     9.5651e-05  0.0000e+00     1.0068e-06  0.0000e+00     1.6930e-07  0.0000e+00 
1.8868e-01     4.6087e-04  0.0000e+00     8.6955e-05  0.0000e+00     9.1526e-07  0.0000e+00     1.7269e-07  0.0000e+00 
2.1170e-01     9.4472e-04  0.0000e+00     2.0000e-04  0.0000e+00     2.1051e-06  0.0000e+00     4.4565e-07  0.0000e+00 
2.3753e-01     7.6877e-04  0.0000e+00     1.8261e-04  0.0000e+00     1.9220e-06  0.0000e+00     4.5654e-07  0.0000e+00 
2.6651e-01     5.5466e-04  0.0000e+00     1.4782e-04  0.0000e+00     1.5559e-06  0.0000e+00     4.1468e-07  0.0000e+00 
2.9903e-01     4.3618e-04  0.0000e+00     1.3043e-04  0.0000e+00     1.3729e-06  0.0000e+00     4.1054e-07  0.0000e+00 
3.3552e-01     3.6283e-04  0.0000e+00     1.2174e-04  0.0000e+00     1.2814e-06  0.0000e+00     4.2992e-07  0.0000e+00 
3.7646e-01     5.0816e-04  0.0000e+00     1.9130e-04  0.0000e+00     2.0136e-06  0.0000e+00     7.5803e-07  0.0000e+00 
4.2240e-01     5.3524e-04  0.0000e+00     2.2608e-04  0.0000e+00     2.3797e-06  0.0000e+00     1.0052e-06  0.0000e+00 
4.7394e-01     4.2199e-04  0.0000e+00     2.0000e-04  0.0000e+00     2.1051e-06  0.0000e+00     9.9768e-07  0.0000e+00 
5.3176e-01     4.4151e-04  0.0000e+00     2.3478e-04  0.0000e+00     2.4712e-06  0.0000e+00     1.3141e-06  0.0000e+00 
5.9665e-01     4.5179e-04  0.0000e+00     2.6956e-04  0.0000e+00     2.8373e-06  0.0000e+00     1.6929e-06  0.0000e+00 
6.6945e-01     3.5070e-04  0.0000e+00     2.3478e-04  0.0000e+00     2.4712e-06  0.0000e+00     1.6543e-06  0.0000e+00 
7.5114e-01     4.3991e-04  0.0000e+00     3.3043e-04  0.0000e+00     3.4780e-06  0.0000e+00     2.6124e-06  0.0000e+00 
8.4279e-01     3.0953e-04  0.0000e+00     2.6087e-04  0.0000e+00     2.7458e-06  0.0000e+00     2.3141e-06  0.0000e+00 
9.4563e-01     3.0345e-04  0.0000e+00     2.8695e-04  0.0000e+00     3.0203e-06  0.0000e+00     2.8561e-06  0.0000e+00 
1.0610e+00     1.8850e-04  0.0000e+00     2.0000e-04  0.0000e+00     2.1051e-06  0.0000e+00     2.2335e-06  0.0000e+00 
1.1905e+00     1.3878e-04  0.0000e+00     1.6521e-04  0.0000e+00     1.7390e-06  0.0000e+00     2.0702e-06  0.0000e+00 
1.3357e+00     1.5624e-04  0.0000e+00     2.0869e-04  0.0000e+00     2.1966e-06  0.0000e+00     2.9341e-06  0.0000e+00 
1.4987e+00     7.5426e-05  0.0000e+00     1.1304e-04  0.0000e+00     1.1898e-06  0.0000e+00     1.7832e-06  0.0000e+00 
1.6816e+00     6.2052e-05  0.0000e+00     1.0435e-04  0.0000e+00     1.0983e-06  0.0000e+00     1.8469e-06  0.0000e+00 
1.8868e+00     5.5304e-05  0.0000e+00     1.0435e-04  0.0000e+00     1.0983e-06  0.0000e+00     2.0723e-06  0.0000e+00 
2.1170e+00     1.6430e-05  0.0000e+00     3.4782e-05  0.0000e+00     3.6610e-07  0.0000e+00     7.7503e-07  0.0000e+00 
2.3753e+00     7.3216e-06  0.0000e+00     1.7391e-05  0.0000e+00     1.8305e-07  0.0000e+00     4.3480e-07  0.0000e+00 
2.6651e+00     0.0000e+00  0.0000e+00     0.0000e+00  0.0000e+00     0.0000e+00  0.0000e+00     0.0000e+00  0.0000e+00 
2.9903e+00     2.9079e-06  0.0000e+00     8.6955e-06  0.0000e+00     9.1526e-08  0.0000e+00     2.7369e-07  0.0000e+00 
3.3552e+00     0.0000e+00  0.0000e+00     0.0000e+00  0.0000e+00     0.0000e+00  0.0000e+00     0.0000e+00  0.0000e+00 
3.7646e+00     0.0000e+00  0.0000e+00     0.0000e+00  0.0000e+00     0.0000e+00  0.0000e+00     0.0000e+00  0.0000e+00 
4.2240e+00     0.0000e+00  0.0000e+00     0.0000e+00  0.0000e+00     0.0000e+00  0.0000e+00     0.0000e+00  0.0000e+00 
4.7394e+00     7.3390e-06  0.0000e+00     3.4782e-05  0.0000e+00     3.6610e-07  0.0000e+00     1.7351e-06  0.0000e+00 
5.3176e+00     3.6138e-04  0.0000e+00     1.9217e-03  0.0000e+00     2.0227e-05  0.0000e+00     1.0756e-04  0.0000e+00 
5.9665e+00     3.5123e-04  0.0000e+00     2.0956e-03  0.0000e+00     2.2058e-05  0.0000e+00     1.3161e-04  0.0000e+00 
6.6945e+00     1.2340e-04  0.0000e+00     8.2607e-04  0.0000e+00     8.6949e-06  0.0000e+00     5.8208e-05  0.0000e+00 
7.5114e+00     3.7045e-05  0.0000e+00     2.7826e-04  0.0000e+00     2.9288e-06  0.0000e+00     2.1999e-05  0.0000e+00 
8.4279e+00     3.2397e-04  0.0000e+00     2.7304e-03  0.0000e+00     2.8739e-05  0.0000e+00     2.4221e-04  0.0000e+00 
9.4563e+00     4.7265e-04  0.0000e+00     4.4695e-03  0.0000e+00     4.7044e-05  0.0000e+00     4.4486e-04  0.0000e+00 
1.0610e+01     5.2861e-04  0.0000e+00     5.6086e-03  0.0000e+00     5.9034e-05  0.0000e+00     6.2636e-04  0.0000e+00 
1.1905e+01     4.3899e-04  0.0000e+00     5.2260e-03  0.0000e+00     5.5007e-05  0.0000e+00     6.5484e-04  0.0000e+00 
1.3357e+01     5.6832e-04  0.0000e+00     7.5912e-03  0.0000e+00     7.9902e-05  0.0000e+00     1.0673e-03  0.0000e+00 
1.4987e+01     6.5272e-04  0.0000e+00     9.7825e-03  0.0000e+00     1.0297e-04  0.0000e+00     1.5432e-03  0.0000e+00 
1.6816e+01     8.0720e-04  0.0000e+00     1.3574e-02  0.0000e+00     1.4287e-04  0.0000e+00     2.4025e-03  0.0000e+00 
1.8868e+01     1.1264e-03  0.0000e+00     2.1252e-02  0.0000e+00     2.2369e-04  0.0000e+00     4.2205e-03  0.0000e+00 
2.1170e+01     1.4105e-03  0.0000e+00     2.9860e-02  0.0000e+00     3.1430e-04  0.0000e+00     6.6537e-03  0.0000e+00 
2.3753e+01     1.7374e-03  0.0000e+00     4.1269e-02  0.0000e+00     4.3438e-04  0.0000e+00     1.0318e-02  0.0000e+00 
2.6651e+01     2.0793e-03  0.0000e+00     5.5417e-02  0.0000e+00     5.8329e-04  0.0000e+00     1.5546e-02  0.0000e+00 
2.9903e+01     2.6927e-03  0.0000e+00     8.0520e-02  0.0000e+00     8.4753e-04  0.0000e+00     2.5344e-02  0.0000e+00 
3.3552e+01     3.4013e-03  0.0000e+00     1.1412e-01  0.0000e+00     1.2012e-03  0.0000e+00     4.0302e-02  0.0000e+00 
3.7646e+01     4.1595e-03  0.0000e+00     1.5659e-01  0.0000e+00     1.6482e-03  0.0000e+00     6.2048e-02  0.0000e+00 
4.2240e+01     5.1247e-03  0.0000e+00     2.1647e-01  0.0000e+00     2.2784e-03  0.0000e+00     9.6240e-02  0.0000e+00 
4.7394e+01     6.1686e-03  0.0000e+00     2.9235e-01  0.0000e+00     3.0772e-03  0.0000e+00     1.4584e-01  0.0000e+00 
5.3176e+01     7.2475e-03  0.0000e+00     3.8539e-01  0.0000e+00     4.0565e-03  0.0000e+00     2.1571e-01  0.0000e+00 
5.9665e+01     8.4508e-03  0.0000e+00     5.0422e-01  0.0000e+00     5.3072e-03  0.0000e+00     3.1665e-01  0.0000e+00 
6.6945e+01     9.4056e-03  0.0000e+00     6.2966e-01  0.0000e+00     6.6275e-03  0.0000e+00     4.4368e-01  0.0000e+00 
7.5114e+01     1.0028e-02  0.0000e+00     7.5326e-01  0.0000e+00     7.9285e-03  0.0000e+00     5.9554e-01  0.0000e+00 
8.4279e+01     1.0292e-02  0.0000e+00     8.6736e-01  0.0000e+00     9.1295e-03  0.0000e+00     7.6942e-01  0.0000e+00 
9.4563e+01     9.8157e-03  0.0000e+00     9.2819e-01  0.0000e+00     9.7698e-03  0.0000e+00     9.2386e-01  0.0000e+00 
1.0610e+02     8.7289e-03  0.0000e+00     9.2614e-01  0.0000e+00     9.7482e-03  0.0000e+00     1.0343e+00  0.0000e+00 
1.1905e+02     7.0929e-03  0.0000e+00     8.4439e-01  0.0000e+00     8.8877e-03  0.0000e+00     1.0581e+00  0.0000e+00 
1.3357e+02     5.1484e-03  0.0000e+00     6.8769e-01  0.0000e+00     7.2384e-03  0.0000e+00     9.6685e-01  0.0000e+00 
1.4987e+02     3.3538e-03  0.0000e+00     5.0264e-01  0.0000e+00     5.2905e-03  0.0000e+00     7.9290e-01  0.0000e+00 
1.6816e+02     1.8817e-03  0.0000e+00     3.1642e-01  0.0000e+00     3.3305e-03  0.0000e+00     5.6006e-01  0.0000e+00 
1.8868e+02     9.0639e-04  0.0000e+00     1.7101e-01  0.0000e+00     1.8000e-03  0.0000e+00     3.3962e-01  0.0000e+00 
2.1170e+02     3.5805e-04  0.0000e+00     7.5799e-02  0.0000e+00     7.9783e-04  0.0000e+00     1.6890e-01  0.0000e+00 
2.3753e+02     1.1411e-04  0.0000e+00     2.7104e-02  0.0000e+00     2.8529e-04  0.0000e+00     6.7764e-02  0.0000e+00 
2.6651e+02     2.9495e-05  0.0000e+00     7.8607e-03  0.0000e+00     8.2739e-05  0.0000e+00     2.2051e-02  0.0000e+00 
2.9903e+02     5.5831e-06  0.0000e+00     1.6695e-03  0.0000e+00     1.7573e-05  0.0000e+00     5.2549e-03  0.0000e+00 
3.3552e+02     8.0341e-07  0.0000e+00     2.6956e-04  0.0000e+00     2.8373e-06  0.0000e+00     9.5197e-04  0.0000e+00 
3.7646e+02     4.6196e-08  0.0000e+00     1.7391e-05  0.0000e+00     1.8305e-07  0.0000e+00     6.8911e-05  0.0000e+00 
4.2240e+02     0.0000e+00  0.0000e+00     0.0000e+00  0.0000e+00     0.0000e+00  0.0000e+00     0.0000e+00  0.0000e+00 
4.7394e+02     0.0000e+00  0.0000e+00     0.0000e+00  0.0000e+00     0.0000e+00  0.0000e+00     0.0000e+00  0.0000e+00 
5.3176e+02     0.0000e+00  0.0000e+00     0.0000e+00  0.0000e+00     0.0000e+00  0.0000e+00     0.0000e+00  0.0000e+00 
5.9665e+02     0.0000e+00  0.0000e+00     0.0000e+00  0.0000e+00     0.0000e+00  0.0000e+00     0.0000e+00  0.0000e+00 
6.6945e+02     0.0000e+00  0.0000e+00     0.0000e+00  0.0000e+00     0.0000e+00  0.0000e+00     0.0000e+00  0.0000e+00 
7.5114e+02     0.0000e+00  0.0000e+00     0.0000e+00  0.0000e+00     0.0000e+00  0.0000e+00     0.0000e+00  0.0000e+00 
8.4279e+02     0.0000e+00  0.0000e+00     0.0000e+00  0.0000e+00     0.0000e+00  0.0000e+00     0.0000e+00  0.0000e+00 
9.4563e+02     0.0000e+00  0.0000e+00     0.0000e+00  0.0000e+00     0.0000e+00  0.0000e+00     0.0000e+00  0.0000e+00 
1.0610e+03     0.0000e+00  0.0000e+00     0.0000e+00  0.0000e+00     0.0000e+00  0.0000e+00     0.0000e+00  0.0000e+00 
1.1905e+03     0.0000e+00  0.0000e+00     0.0000e+00  0.0000e+00     0.0000e+00  0.0000e+00     0.0000e+00  0.0000e+00 
1.3357e+03     0.0000e+00  0.0000e+00     0.0000e+00  0.0000e+00     0.0000e+00  0.0000e+00     0.0000e+00  0.0000e+00 
1.4987e+03     0.0000e+00  0.0000e+00     0.0000e+00  0.0000e+00     0.0000e+00  0.0000e+00     0.0000e+00  0.0000e+00 
1.6816e+03     0.0000e+00  0.0000e+00     0.0000e+00  0.0000e+00     0.0000e+00  0.0000e+00     0.0000e+00  0.0000e+00 
1.8868e+03     0.0000e+00  0.0000e+00     0.0000e+00  0.0000e+00     0.0000e+00  0.0000e+00     0.0000e+00  0.0000e+00 
2.1170e+03     0.0000e+00  0.0000e+00     0.0000e+00  0.0000e+00     0.0000e+00  0.0000e+00     0.0000e+00  0.0000e+00 
2.3753e+03     0.0000e+00  0.0000e+00     0.0000e+00  0.0000e+00     0.0000e+00  0.0000e+00     0.0000e+00  0.0000e+00 
2.6651e+03     0.0000e+00  0.0000e+00     0.0000e+00  0.0000e+00     0.0000e+00  0.0000e+00     0.0000e+00  0.0000e+00 
2.9903e+03     0.0000e+00  0.0000e+00     0.0000e+00  0.0000e+00     0.0000e+00  0.0000e+00     0.0000e+00  0.0000e+00 
3.3552e+03     0.0000e+00  0.0000e+00     0.0000e+00  0.0000e+00     0.0000e+00  0.0000e+00     0.0000e+00  0.0000e+00 
3.7646e+03     0.0000e+00  0.0000e+00     0.0000e+00  0.0000e+00     0.0000e+00  0.0000e+00     0.0000e+00  0.0000e+00 
4.2240e+03     0.0000e+00  0.0000e+00     0.0000e+00  0.0000e+00     0.0000e+00  0.0000e+00     0.0000e+00  0.0000e+00 
4.7394e+03     0.0000e+00  0.0000e+00     0.0000e+00  0.0000e+00     0.0000e+00  0.0000e+00     0.0000e+00  0.0000e+00 
5.3176e+03     0.0000e+00  0.0000e+00     0.0000e+00  0.0000e+00     0.0000e+00  0.0000e+00     0.0000e+00  0.0000e+00 
5.9665e+03     0.0000e+00  0.0000e+00     0.0000e+00  0.0000e+00     0.0000e+00  0.0000e+00     0.0000e+00  0.0000e+00 
6.6945e+03     0.0000e+00  0.0000e+00     0.0000e+00  0.0000e+00     0.0000e+00  0.0000e+00     0.0000e+00  0.0000e+00 
7.5114e+03     0.0000e+00  0.0000e+00     0.0000e+00  0.0000e+00     0.0000e+00  0.0000e+00     0.0000e+00  0.0000e+00 
8.4279e+03     0.0000e+00  0.0000e+00     0.0000e+00  0.0000e+00     0.0000e+00  0.0000e+00     0.0000e+00  0.0000e+00 
9.4563e+03     0.0000e+00  0.0000e+00     0.0000e+00  0.0000e+00     0.0000e+00  0.0000e+00     0.0000e+00  0.0000e+00 
