yF = 5.1738e+00 (std: 0.0000e+00) keV/um
yD = 2.3278e+01 (std: 0.0000e+00) keV/um
y (keV/um)     f(y)(std)                  yf(y)(std)                 d(y)(std)                  yd(y)(std)  
1.0610e-01     2.2550e+01  0.0000e+00     2.3926e+00  0.0000e+00     4.6244e-01  0.0000e+00     4.9066e-02  0.0000e+00 
1.1905e-01     1.8228e+00  0.0000e+00     2.1701e-01  0.0000e+00     4.1943e-02  0.0000e+00     4.9932e-03  0.0000e+00 
1.3357e-01     5.9140e-01  0.0000e+00     7.8995e-02  0.0000e+00     1.5268e-02  0.0000e+00     2.0394e-03  0.0000e+00 
1.4987e-01     2.6052e+00  0.0000e+00     3.9044e-01  0.0000e+00     7.5465e-02  0.0000e+00     1.1310e-02  0.0000e+00 
1.6816e-01     8.8085e-01  0.0000e+00     1.4812e-01  0.0000e+00     2.8630e-02  0.0000e+00     4.8143e-03  0.0000e+00 
1.8868e-01     6.4164e-01  0.0000e+00     1.2106e-01  0.0000e+00     2.3399e-02  0.0000e+00     4.4149e-03  0.0000e+00 
2.1170e-01     6.6638e-01  0.0000e+00     1.4107e-01  0.0000e+00     2.7267e-02  0.0000e+00     5.7723e-03  0.0000e+00 
2.3753e-01     6.1313e-01  0.0000e+00     1.4564e-01  0.0000e+00     2.8149e-02  0.0000e+00     6.6862e-03  0.0000e+00 
2.6651e-01     3.0440e-01  0.0000e+00     8.1127e-02  0.0000e+00     1.5680e-02  0.0000e+00     4.1791e-03  0.0000e+00 
2.9903e-01     2.7304e-01  0.0000e+00     8.1647e-02  0.0000e+00     1.5781e-02  0.0000e+00     4.7190e-03  0.0000e+00 
3.3552e-01     1.2407e+00  0.0000e+00     4.1627e-01  0.0000e+00     8.0458e-02  0.0000e+00     2.6995e-02  0.0000e+00 
3.7646e-01     8.5946e-01  0.0000e+00     3.2355e-01  0.0000e+00     6.2537e-02  0.0000e+00     2.3543e-02  0.0000e+00 
4.2240e-01     4.2412e-01  0.0000e+00     1.7915e-01  0.0000e+00     3.4626e-02  0.0000e+00     1.4626e-02  0.0000e+00 
4.7394e-01     4.1849e-01  0.0000e+00     1.9834e-01  0.0000e+00     3.8335e-02  0.0000e+00     1.8168e-02  0.0000e+00 
5.3176e-01     2.8205e-01  0.0000e+00     1.4998e-01  0.0000e+00     2.8989e-02  0.0000e+00     1.5415e-02  0.0000e+00 
5.9665e-01     1.5828e-01  0.0000e+00     9.4439e-02  0.0000e+00     1.8253e-02  0.0000e+00     1.0891e-02  0.0000e+00 
6.6945e-01     2.1559e-01  0.0000e+00     1.4432e-01  0.0000e+00     2.7895e-02  0.0000e+00     1.8674e-02  0.0000e+00 
7.5114e-01     1.9363e-01  0.0000e+00     1.4544e-01  0.0000e+00     2.8112e-02  0.0000e+00     2.1116e-02  0.0000e+00 
8.4279e-01     1.0006e-01  0.0000e+00     8.4326e-02  0.0000e+00     1.6299e-02  0.0000e+00     1.3736e-02  0.0000e+00 
9.4563e-01     6.2668e-02  0.0000e+00     5.9260e-02  0.0000e+00     1.1454e-02  0.0000e+00     1.0831e-02  0.0000e+00 
1.0610e+00     5.0288e-02  0.0000e+00     5.3356e-02  0.0000e+00     1.0313e-02  0.0000e+00     1.0942e-02  0.0000e+00 
1.1905e+00     2.9252e-02  0.0000e+00     3.4824e-02  0.0000e+00     6.7308e-03  0.0000e+00     8.0128e-03  0.0000e+00 
1.3357e+00     1.7374e-02  0.0000e+00     2.3207e-02  0.0000e+00     4.4854e-03  0.0000e+00     5.9913e-03  0.0000e+00 
1.4987e+00     9.3380e-03  0.0000e+00     1.3995e-02  0.0000e+00     2.7050e-03  0.0000e+00     4.0540e-03  0.0000e+00 
1.6816e+00     4.4864e-03  0.0000e+00     7.5442e-03  0.0000e+00     1.4582e-03  0.0000e+00     2.4520e-03  0.0000e+00 
1.8868e+00     1.8254e-03  0.0000e+00     3.4441e-03  0.0000e+00     6.6568e-04  0.0000e+00     1.2560e-03  0.0000e+00 
2.1170e+00     7.6179e-04  0.0000e+00     1.6127e-03  0.0000e+00     3.1171e-04  0.0000e+00     6.5988e-04  0.0000e+00 
2.3753e+00     2.4166e-04  0.0000e+00     5.7402e-04  0.0000e+00     1.1095e-04  0.0000e+00     2.6353e-04  0.0000e+00 
2.6651e+00     6.1537e-05  0.0000e+00     1.6400e-04  0.0000e+00     3.1699e-05  0.0000e+00     8.4482e-05  0.0000e+00 
2.9903e+00     2.7422e-05  0.0000e+00     8.2002e-05  0.0000e+00     1.5850e-05  0.0000e+00     4.7395e-05  0.0000e+00 
3.3552e+00     0.0000e+00  0.0000e+00     0.0000e+00  0.0000e+00     0.0000e+00  0.0000e+00     0.0000e+00  0.0000e+00 
3.7646e+00     0.0000e+00  0.0000e+00     0.0000e+00  0.0000e+00     0.0000e+00  0.0000e+00     0.0000e+00  0.0000e+00 
4.2240e+00     0.0000e+00  0.0000e+00     0.0000e+00  0.0000e+00     0.0000e+00  0.0000e+00     0.0000e+00  0.0000e+00 
4.7394e+00     0.0000e+00  0.0000e+00     0.0000e+00  0.0000e+00     0.0000e+00  0.0000e+00     0.0000e+00  0.0000e+00 
5.3176e+00     0.0000e+00  0.0000e+00     0.0000e+00  0.0000e+00     0.0000e+00  0.0000e+00     0.0000e+00  0.0000e+00 
5.9665e+00     1.0644e-01  0.0000e+00     6.3508e-01  0.0000e+00     1.2275e-01  0.0000e+00     7.3238e-01  0.0000e+00 
6.6945e+00     2.6764e-02  0.0000e+00     1.7917e-01  0.0000e+00     3.4631e-02  0.0000e+00     2.3184e-01  0.0000e+00 
7.5114e+00     7.0997e-03  0.0000e+00     5.3329e-02  0.0000e+00     1.0307e-02  0.0000e+00     7.7423e-02  0.0000e+00 
8.4279e+00     2.6851e-02  0.0000e+00     2.2630e-01  0.0000e+00     4.3739e-02  0.0000e+00     3.6863e-01  0.0000e+00 
9.4563e+00     1.9451e-02  0.0000e+00     1.8393e-01  0.0000e+00     3.5551e-02  0.0000e+00     3.3618e-01  0.0000e+00 
1.0610e+01     2.7597e-02  0.0000e+00     2.9280e-01  0.0000e+00     5.6593e-02  0.0000e+00     6.0046e-01  0.0000e+00 
1.1905e+01     2.0915e-02  0.0000e+00     2.4899e-01  0.0000e+00     4.8125e-02  0.0000e+00     5.7291e-01  0.0000e+00 
1.3357e+01     1.5157e-02  0.0000e+00     2.0246e-01  0.0000e+00     3.9133e-02  0.0000e+00     5.2271e-01  0.0000e+00 
1.4987e+01     1.0024e-02  0.0000e+00     1.5023e-01  0.0000e+00     2.9036e-02  0.0000e+00     4.3517e-01  0.0000e+00 
1.6816e+01     6.4369e-03  0.0000e+00     1.0824e-01  0.0000e+00     2.0921e-02  0.0000e+00     3.5181e-01  0.0000e+00 
1.8868e+01     5.3371e-03  0.0000e+00     1.0070e-01  0.0000e+00     1.9463e-02  0.0000e+00     3.6723e-01  0.0000e+00 
2.1170e+01     4.7025e-03  0.0000e+00     9.9551e-02  0.0000e+00     1.9241e-02  0.0000e+00     4.0734e-01  0.0000e+00 
2.3753e+01     4.2555e-03  0.0000e+00     1.0108e-01  0.0000e+00     1.9537e-02  0.0000e+00     4.6407e-01  0.0000e+00 
2.6651e+01     2.7979e-03  0.0000e+00     7.4567e-02  0.0000e+00     1.4413e-02  0.0000e+00     3.8411e-01  0.0000e+00 
2.9903e+01     2.0741e-03  0.0000e+00     6.2021e-02  0.0000e+00     1.1988e-02  0.0000e+00     3.5847e-01  0.0000e+00 
3.3552e+01     1.7516e-03  0.0000e+00     5.8768e-02  0.0000e+00     1.1359e-02  0.0000e+00     3.8111e-01  0.0000e+00 
3.7646e+01     1.3541e-03  0.0000e+00     5.0978e-02  0.0000e+00     9.8531e-03  0.0000e+00     3.7093e-01  0.0000e+00 
4.2240e+01     8.7620e-04  0.0000e+00     3.7010e-02  0.0000e+00     7.1534e-03  0.0000e+00     3.0216e-01  0.0000e+00 
4.7394e+01     6.6037e-04  0.0000e+00     3.1297e-02  0.0000e+00     6.0492e-03  0.0000e+00     2.8670e-01  0.0000e+00 
5.3176e+01     4.4001e-04  0.0000e+00     2.3398e-02  0.0000e+00     4.5224e-03  0.0000e+00     2.4049e-01  0.0000e+00 
5.9665e+01     2.8862e-04  0.0000e+00     1.7220e-02  0.0000e+00     3.3284e-03  0.0000e+00     1.9859e-01  0.0000e+00 
6.6945e+01     1.6414e-04  0.0000e+00     1.0988e-02  0.0000e+00     2.1238e-03  0.0000e+00     1.4218e-01  0.0000e+00 
7.5114e+01     1.0408e-04  0.0000e+00     7.8175e-03  0.0000e+00     1.5110e-03  0.0000e+00     1.1350e-01  0.0000e+00 
8.4279e+01     4.8325e-05  0.0000e+00     4.0728e-03  0.0000e+00     7.8719e-04  0.0000e+00     6.6344e-02  0.0000e+00 
9.4563e+01     2.4281e-05  0.0000e+00     2.2961e-03  0.0000e+00     4.4379e-04  0.0000e+00     4.1966e-02  0.0000e+00 
1.0610e+02     1.0563e-05  0.0000e+00     1.1207e-03  0.0000e+00     2.1661e-04  0.0000e+00     2.2983e-02  0.0000e+00 
1.1905e+02     2.9849e-06  0.0000e+00     3.5534e-04  0.0000e+00     6.8681e-05  0.0000e+00     8.1763e-03  0.0000e+00 
1.3357e+02     4.0927e-07  0.0000e+00     5.4668e-05  0.0000e+00     1.0566e-05  0.0000e+00     1.4114e-03  0.0000e+00 
1.4987e+02     3.6477e-07  0.0000e+00     5.4668e-05  0.0000e+00     1.0566e-05  0.0000e+00     1.5836e-03  0.0000e+00 
1.6816e+02     1.6255e-07  0.0000e+00     2.7334e-05  0.0000e+00     5.2832e-06  0.0000e+00     8.8841e-04  0.0000e+00 
1.8868e+02     0.0000e+00  0.0000e+00     0.0000e+00  0.0000e+00     0.0000e+00  0.0000e+00     0.0000e+00  0.0000e+00 
2.1170e+02     0.0000e+00  0.0000e+00     0.0000e+00  0.0000e+00     0.0000e+00  0.0000e+00     0.0000e+00  0.0000e+00 
2.3753e+02     0.0000e+00  0.0000e+00     0.0000e+00  0.0000e+00     0.0000e+00  0.0000e+00     0.0000e+00  0.0000e+00 
2.6651e+02     0.0000e+00  0.0000e+00     0.0000e+00  0.0000e+00     0.0000e+00  0.0000e+00     0.0000e+00  0.0000e+00 
2.9903e+02     0.0000e+00  0.0000e+00     0.0000e+00  0.0000e+00     0.0000e+00  0.0000e+00     0.0000e+00  0.0000e+00 
3.3552e+02     0.0000e+00  0.0000e+00     0.0000e+00  0.0000e+00     0.0000e+00  0.0000e+00     0.0000e+00  0.0000e+00 
3.7646e+02     0.0000e+00  0.0000e+00     0.0000e+00  0.0000e+00     0.0000e+00  0.0000e+00     0.0000e+00  0.0000e+00 
4.2240e+02     0.0000e+00  0.0000e+00     0.0000e+00  0.0000e+00     0.0000e+00  0.0000e+00     0.0000e+00  0.0000e+00 
4.7394e+02     0.0000e+00  0.0000e+00     0.0000e+00  0.0000e+00     0.0000e+00  0.0000e+00     0.0000e+00  0.0000e+00 
5.3176e+02     0.0000e+00  0.0000e+00     0.0000e+00  0.0000e+00     0.0000e+00  0.0000e+00     0.0000e+00  0.0000e+00 
5.9665e+02     0.0000e+00  0.0000e+00     0.0000e+00  0.0000e+00     0.0000e+00  0.0000e+00     0.0000e+00  0.0000e+00 
6.6945e+02     0.0000e+00  0.0000e+00     0.0000e+00  0.0000e+00     0.0000e+00  0.0000e+00     0.0000e+00  0.0000e+00 
7.5114e+02     0.0000e+00  0.0000e+00     0.0000e+00  0.0000e+00     0.0000e+00  0.0000e+00     0.0000e+00  0.0000e+00 
8.4279e+02     0.0000e+00  0.0000e+00     0.0000e+00  0.0000e+00     0.0000e+00  0.0000e+00     0.0000e+00  0.0000e+00 
9.4563e+02     0.0000e+00  0.0000e+00     0.0000e+00  0.0000e+00     0.0000e+00  0.0000e+00     0.0000e+00  0.0000e+00 
1.0610e+03     0.0000e+00  0.0000e+00     0.0000e+00  0.0000e+00     0.0000e+00  0.0000e+00     0.0000e+00  0.0000e+00 
1.1905e+03     0.0000e+00  0.0000e+00     0.0000e+00  0.0000e+00     0.0000e+00  0.0000e+00     0.0000e+00  0.0000e+00 
1.3357e+03     0.0000e+00  0.0000e+00     0.0000e+00  0.0000e+00     0.0000e+00  0.0000e+00     0.0000e+00  0.0000e+00 
1.4987e+03     0.0000e+00  0.0000e+00     0.0000e+00  0.0000e+00     0.0000e+00  0.0000e+00     0.0000e+00  0.0000e+00 
1.6816e+03     0.0000e+00  0.0000e+00     0.0000e+00  0.0000e+00     0.0000e+00  0.0000e+00     0.0000e+00  0.0000e+00 
1.8868e+03     0.0000e+00  0.0000e+00     0.0000e+00  0.0000e+00     0.0000e+00  0.0000e+00     0.0000e+00  0.0000e+00 
2.1170e+03     0.0000e+00  0.0000e+00     0.0000e+00  0.0000e+00     0.0000e+00  0.0000e+00     0.0000e+00  0.0000e+00 
2.3753e+03     0.0000e+00  0.0000e+00     0.0000e+00  0.0000e+00     0.0000e+00  0.0000e+00     0.0000e+00  0.0000e+00 
2.6651e+03     0.0000e+00  0.0000e+00     0.0000e+00  0.0000e+00     0.0000e+00  0.0000e+00     0.0000e+00  0.0000e+00 
2.9903e+03     0.0000e+00  0.0000e+00     0.0000e+00  0.0000e+00     0.0000e+00  0.0000e+00     0.0000e+00  0.0000e+00 
3.3552e+03     0.0000e+00  0.0000e+00     0.0000e+00  0.0000e+00     0.0000e+00  0.0000e+00     0.0000e+00  0.0000e+00 
3.7646e+03     0.0000e+00  0.0000e+00     0.0000e+00  0.0000e+00     0.0000e+00  0.0000e+00     0.0000e+00  0.0000e+00 
4.2240e+03     0.0000e+00  0.0000e+00     0.0000e+00  0.0000e+00     0.0000e+00  0.0000e+00     0.0000e+00  0.0000e+00 
4.7394e+03     0.0000e+00  0.0000e+00     0.0000e+00  0.0000e+00     0.0000e+00  0.0000e+00     0.0000e+00  0.0000e+00 
5.3176e+03     0.0000e+00  0.0000e+00     0.0000e+00  0.0000e+00     0.0000e+00  0.0000e+00     0.0000e+00  0.0000e+00 
5.9665e+03     0.0000e+00  0.0000e+00     0.0000e+00  0.0000e+00     0.0000e+00  0.0000e+00     0.0000e+00  0.0000e+00 
6.6945e+03     0.0000e+00  0.0000e+00     0.0000e+00  0.0000e+00     0.0000e+00  0.0000e+00     0.0000e+00  0.0000e+00 
7.5114e+03     0.0000e+00  0.0000e+00     0.0000e+00  0.0000e+00     0.0000e+00  0.0000e+00     0.0000e+00  0.0000e+00 
8.4279e+03     0.0000e+00  0.0000e+00     0.0000e+00  0.0000e+00     0.0000e+00  0.0000e+00     0.0000e+00  0.0000e+00 
9.4563e+03     0.0000e+00  0.0000e+00     0.0000e+00  0.0000e+00     0.0000e+00  0.0000e+00     0.0000e+00  0.0000e+00 
