yF = 9.2189e+01 (std: 0.0000e+00) keV/um
yD = 1.3191e+02 (std: 0.0000e+00) keV/um
y (keV/um)     f(y)(std)                  yf(y)(std)                 d(y)(std)                  yd(y)(std)  
1.0610e-01     7.0193e-01  0.0000e+00     7.4475e-02  0.0000e+00     8.0785e-04  0.0000e+00     8.5713e-05  0.0000e+00 
1.1905e-01     4.8446e-02  0.0000e+00     5.7674e-03  0.0000e+00     6.2560e-05  0.0000e+00     7.4476e-06  0.0000e+00 
1.3357e-01     1.7442e-02  0.0000e+00     2.3298e-03  0.0000e+00     2.5272e-05  0.0000e+00     3.3757e-06  0.0000e+00 
1.4987e-01     6.3414e-02  0.0000e+00     9.5039e-03  0.0000e+00     1.0309e-04  0.0000e+00     1.5450e-05  0.0000e+00 
1.6816e-01     2.3423e-02  0.0000e+00     3.9387e-03  0.0000e+00     4.2724e-05  0.0000e+00     7.1844e-06  0.0000e+00 
1.8868e-01     1.6821e-02  0.0000e+00     3.1738e-03  0.0000e+00     3.4427e-05  0.0000e+00     6.4956e-06  0.0000e+00 
2.1170e-01     1.4577e-02  0.0000e+00     3.0859e-03  0.0000e+00     3.3474e-05  0.0000e+00     7.0863e-06  0.0000e+00 
2.3753e-01     1.2844e-02  0.0000e+00     3.0507e-03  0.0000e+00     3.3092e-05  0.0000e+00     7.8604e-06  0.0000e+00 
2.6651e-01     6.8945e-03  0.0000e+00     1.8375e-03  0.0000e+00     1.9932e-05  0.0000e+00     5.3120e-06  0.0000e+00 
2.9903e-01     5.6449e-03  0.0000e+00     1.6880e-03  0.0000e+00     1.8310e-05  0.0000e+00     5.4754e-06  0.0000e+00 
3.3552e-01     2.2142e-02  0.0000e+00     7.4290e-03  0.0000e+00     8.0584e-05  0.0000e+00     2.7038e-05  0.0000e+00 
3.7646e-01     1.5157e-02  0.0000e+00     5.7058e-03  0.0000e+00     6.1893e-05  0.0000e+00     2.3300e-05  0.0000e+00 
4.2240e-01     7.4931e-03  0.0000e+00     3.1650e-03  0.0000e+00     3.4332e-05  0.0000e+00     1.4502e-05  0.0000e+00 
4.7394e-01     6.8080e-03  0.0000e+00     3.2266e-03  0.0000e+00     3.4999e-05  0.0000e+00     1.6587e-05  0.0000e+00 
5.3176e-01     4.7450e-03  0.0000e+00     2.5232e-03  0.0000e+00     2.7370e-05  0.0000e+00     1.4554e-05  0.0000e+00 
5.9665e-01     2.7407e-03  0.0000e+00     1.6353e-03  0.0000e+00     1.7738e-05  0.0000e+00     1.0583e-05  0.0000e+00 
6.6945e-01     3.1519e-03  0.0000e+00     2.1100e-03  0.0000e+00     2.2888e-05  0.0000e+00     1.5322e-05  0.0000e+00 
7.5114e-01     2.9027e-03  0.0000e+00     2.1804e-03  0.0000e+00     2.3651e-05  0.0000e+00     1.7765e-05  0.0000e+00 
8.4279e-01     1.4604e-03  0.0000e+00     1.2308e-03  0.0000e+00     1.3351e-05  0.0000e+00     1.1252e-05  0.0000e+00 
9.4563e-01     9.8551e-04  0.0000e+00     9.3193e-04  0.0000e+00     1.0109e-05  0.0000e+00     9.5592e-06  0.0000e+00 
1.0610e+00     8.2034e-04  0.0000e+00     8.7038e-04  0.0000e+00     9.4413e-06  0.0000e+00     1.0017e-05  0.0000e+00 
1.1905e+00     5.1696e-04  0.0000e+00     6.1542e-04  0.0000e+00     6.6756e-06  0.0000e+00     7.9472e-06  0.0000e+00 
1.3357e+00     3.2910e-04  0.0000e+00     4.3959e-04  0.0000e+00     4.7683e-06  0.0000e+00     6.3692e-06  0.0000e+00 
1.4987e+00     8.7993e-05  0.0000e+00     1.3188e-04  0.0000e+00     1.4305e-06  0.0000e+00     2.1439e-06  0.0000e+00 
1.6816e+00     1.0456e-04  0.0000e+00     1.7584e-04  0.0000e+00     1.9073e-06  0.0000e+00     3.2073e-06  0.0000e+00 
1.8868e+00     4.1937e-05  0.0000e+00     7.9126e-05  0.0000e+00     8.5830e-07  0.0000e+00     1.6194e-06  0.0000e+00 
2.1170e+00     1.6612e-05  0.0000e+00     3.5167e-05  0.0000e+00     3.8146e-07  0.0000e+00     8.0756e-07  0.0000e+00 
2.3753e+00     3.1461e-04  0.0000e+00     7.4730e-04  0.0000e+00     8.1061e-06  0.0000e+00     1.9255e-05  0.0000e+00 
2.6651e+00     3.7936e-04  0.0000e+00     1.0111e-03  0.0000e+00     1.0967e-05  0.0000e+00     2.9229e-05  0.0000e+00 
2.9903e+00     9.7022e-05  0.0000e+00     2.9013e-04  0.0000e+00     3.1471e-06  0.0000e+00     9.4108e-06  0.0000e+00 
3.3552e+00     2.8824e-05  0.0000e+00     9.6709e-05  0.0000e+00     1.0490e-06  0.0000e+00     3.5197e-06  0.0000e+00 
3.7646e+00     9.3415e-06  0.0000e+00     3.5167e-05  0.0000e+00     3.8146e-07  0.0000e+00     1.4361e-06  0.0000e+00 
4.2240e+00     4.1628e-06  0.0000e+00     1.7584e-05  0.0000e+00     1.9073e-07  0.0000e+00     8.0564e-07  0.0000e+00 
4.7394e+00     3.7101e-06  0.0000e+00     1.7584e-05  0.0000e+00     1.9073e-07  0.0000e+00     9.0395e-07  0.0000e+00 
5.3176e+00     1.3227e-05  0.0000e+00     7.0334e-05  0.0000e+00     7.6293e-07  0.0000e+00     4.0570e-06  0.0000e+00 
5.9665e+00     9.6221e-04  0.0000e+00     5.7410e-03  0.0000e+00     6.2274e-05  0.0000e+00     3.7156e-04  0.0000e+00 
6.6945e+00     9.5607e-04  0.0000e+00     6.4004e-03  0.0000e+00     6.9427e-05  0.0000e+00     4.6478e-04  0.0000e+00 
7.5114e+00     6.2268e-04  0.0000e+00     4.6772e-03  0.0000e+00     5.0735e-05  0.0000e+00     3.8109e-04  0.0000e+00 
8.4279e+00     1.0806e-02  0.0000e+00     9.1074e-02  0.0000e+00     9.8790e-04  0.0000e+00     8.3259e-03  0.0000e+00 
9.4563e+00     4.2070e-03  0.0000e+00     3.9783e-02  0.0000e+00     4.3153e-04  0.0000e+00     4.0807e-03  0.0000e+00 
1.0610e+01     7.9357e-03  0.0000e+00     8.4199e-02  0.0000e+00     9.1332e-04  0.0000e+00     9.6904e-03  0.0000e+00 
1.1905e+01     4.4636e-03  0.0000e+00     5.3137e-02  0.0000e+00     5.7639e-04  0.0000e+00     6.8618e-03  0.0000e+00 
1.3357e+01     4.0354e-03  0.0000e+00     5.3902e-02  0.0000e+00     5.8469e-04  0.0000e+00     7.8099e-03  0.0000e+00 
1.4987e+01     3.2857e-03  0.0000e+00     4.9243e-02  0.0000e+00     5.3415e-04  0.0000e+00     8.0053e-03  0.0000e+00 
1.6816e+01     5.2204e-03  0.0000e+00     8.7786e-02  0.0000e+00     9.5223e-04  0.0000e+00     1.6013e-02  0.0000e+00 
1.8868e+01     5.0059e-03  0.0000e+00     9.4450e-02  0.0000e+00     1.0245e-03  0.0000e+00     1.9330e-02  0.0000e+00 
2.1170e+01     5.7834e-03  0.0000e+00     1.2243e-01  0.0000e+00     1.3281e-03  0.0000e+00     2.8115e-02  0.0000e+00 
2.3753e+01     5.7659e-03  0.0000e+00     1.3696e-01  0.0000e+00     1.4856e-03  0.0000e+00     3.5288e-02  0.0000e+00 
2.6651e+01     5.3483e-03  0.0000e+00     1.4254e-01  0.0000e+00     1.5462e-03  0.0000e+00     4.1208e-02  0.0000e+00 
2.9903e+01     5.9083e-03  0.0000e+00     1.7668e-01  0.0000e+00     1.9165e-03  0.0000e+00     5.7309e-02  0.0000e+00 
3.3552e+01     6.4219e-03  0.0000e+00     2.1547e-01  0.0000e+00     2.3372e-03  0.0000e+00     7.8419e-02  0.0000e+00 
3.7646e+01     6.3602e-03  0.0000e+00     2.3943e-01  0.0000e+00     2.5972e-03  0.0000e+00     9.7774e-02  0.0000e+00 
4.2240e+01     6.8470e-03  0.0000e+00     2.8921e-01  0.0000e+00     3.1372e-03  0.0000e+00     1.3251e-01  0.0000e+00 
4.7394e+01     6.9618e-03  0.0000e+00     3.2995e-01  0.0000e+00     3.5790e-03  0.0000e+00     1.6962e-01  0.0000e+00 
5.3176e+01     7.2015e-03  0.0000e+00     3.8295e-01  0.0000e+00     4.1540e-03  0.0000e+00     2.2089e-01  0.0000e+00 
5.9665e+01     7.1886e-03  0.0000e+00     4.2891e-01  0.0000e+00     4.6524e-03  0.0000e+00     2.7759e-01  0.0000e+00 
6.6945e+01     7.1692e-03  0.0000e+00     4.7994e-01  0.0000e+00     5.2060e-03  0.0000e+00     3.4852e-01  0.0000e+00 
7.5114e+01     7.0720e-03  0.0000e+00     5.3121e-01  0.0000e+00     5.7621e-03  0.0000e+00     4.3281e-01  0.0000e+00 
8.4279e+01     6.7478e-03  0.0000e+00     5.6869e-01  0.0000e+00     6.1688e-03  0.0000e+00     5.1990e-01  0.0000e+00 
9.4563e+01     6.2685e-03  0.0000e+00     5.9277e-01  0.0000e+00     6.4299e-03  0.0000e+00     6.0803e-01  0.0000e+00 
1.0610e+02     5.6287e-03  0.0000e+00     5.9721e-01  0.0000e+00     6.4780e-03  0.0000e+00     6.8733e-01  0.0000e+00 
1.1905e+02     4.8584e-03  0.0000e+00     5.7837e-01  0.0000e+00     6.2738e-03  0.0000e+00     7.4687e-01  0.0000e+00 
1.3357e+02     3.9896e-03  0.0000e+00     5.3290e-01  0.0000e+00     5.7805e-03  0.0000e+00     7.7212e-01  0.0000e+00 
1.4987e+02     3.1384e-03  0.0000e+00     4.7035e-01  0.0000e+00     5.1020e-03  0.0000e+00     7.6464e-01  0.0000e+00 
1.6816e+02     2.2873e-03  0.0000e+00     3.8463e-01  0.0000e+00     4.1722e-03  0.0000e+00     7.0159e-01  0.0000e+00 
1.8868e+02     1.5458e-03  0.0000e+00     2.9167e-01  0.0000e+00     3.1638e-03  0.0000e+00     5.9693e-01  0.0000e+00 
2.1170e+02     9.7382e-04  0.0000e+00     2.0616e-01  0.0000e+00     2.2362e-03  0.0000e+00     4.7341e-01  0.0000e+00 
2.3753e+02     5.6112e-04  0.0000e+00     1.3328e-01  0.0000e+00     1.4458e-03  0.0000e+00     3.4341e-01  0.0000e+00 
2.6651e+02     2.9277e-04  0.0000e+00     7.8027e-02  0.0000e+00     8.4638e-04  0.0000e+00     2.2557e-01  0.0000e+00 
2.9903e+02     1.3465e-04  0.0000e+00     4.0266e-02  0.0000e+00     4.3678e-04  0.0000e+00     1.3061e-01  0.0000e+00 
3.3552e+02     5.6311e-05  0.0000e+00     1.8893e-02  0.0000e+00     2.0494e-04  0.0000e+00     6.8762e-02  0.0000e+00 
3.7646e+02     2.1976e-05  0.0000e+00     8.2730e-03  0.0000e+00     8.9740e-05  0.0000e+00     3.3783e-02  0.0000e+00 
4.2240e+02     7.2433e-06  0.0000e+00     3.0595e-03  0.0000e+00     3.3187e-05  0.0000e+00     1.4018e-02  0.0000e+00 
4.7394e+02     1.8551e-06  0.0000e+00     8.7918e-04  0.0000e+00     9.5366e-06  0.0000e+00     4.5197e-03  0.0000e+00 
5.3176e+02     4.7946e-07  0.0000e+00     2.5496e-04  0.0000e+00     2.7656e-06  0.0000e+00     1.4707e-03  0.0000e+00 
5.9665e+02     1.1788e-07  0.0000e+00     7.0334e-05  0.0000e+00     7.6293e-07  0.0000e+00     4.5520e-04  0.0000e+00 
6.6945e+02     5.2531e-08  0.0000e+00     3.5167e-05  0.0000e+00     3.8146e-07  0.0000e+00     2.5537e-04  0.0000e+00 
7.5114e+02     0.0000e+00  0.0000e+00     0.0000e+00  0.0000e+00     0.0000e+00  0.0000e+00     0.0000e+00  0.0000e+00 
8.4279e+02     0.0000e+00  0.0000e+00     0.0000e+00  0.0000e+00     0.0000e+00  0.0000e+00     0.0000e+00  0.0000e+00 
9.4563e+02     0.0000e+00  0.0000e+00     0.0000e+00  0.0000e+00     0.0000e+00  0.0000e+00     0.0000e+00  0.0000e+00 
1.0610e+03     0.0000e+00  0.0000e+00     0.0000e+00  0.0000e+00     0.0000e+00  0.0000e+00     0.0000e+00  0.0000e+00 
1.1905e+03     0.0000e+00  0.0000e+00     0.0000e+00  0.0000e+00     0.0000e+00  0.0000e+00     0.0000e+00  0.0000e+00 
1.3357e+03     0.0000e+00  0.0000e+00     0.0000e+00  0.0000e+00     0.0000e+00  0.0000e+00     0.0000e+00  0.0000e+00 
1.4987e+03     0.0000e+00  0.0000e+00     0.0000e+00  0.0000e+00     0.0000e+00  0.0000e+00     0.0000e+00  0.0000e+00 
1.6816e+03     0.0000e+00  0.0000e+00     0.0000e+00  0.0000e+00     0.0000e+00  0.0000e+00     0.0000e+00  0.0000e+00 
1.8868e+03     0.0000e+00  0.0000e+00     0.0000e+00  0.0000e+00     0.0000e+00  0.0000e+00     0.0000e+00  0.0000e+00 
2.1170e+03     0.0000e+00  0.0000e+00     0.0000e+00  0.0000e+00     0.0000e+00  0.0000e+00     0.0000e+00  0.0000e+00 
2.3753e+03     0.0000e+00  0.0000e+00     0.0000e+00  0.0000e+00     0.0000e+00  0.0000e+00     0.0000e+00  0.0000e+00 
2.6651e+03     0.0000e+00  0.0000e+00     0.0000e+00  0.0000e+00     0.0000e+00  0.0000e+00     0.0000e+00  0.0000e+00 
2.9903e+03     0.0000e+00  0.0000e+00     0.0000e+00  0.0000e+00     0.0000e+00  0.0000e+00     0.0000e+00  0.0000e+00 
3.3552e+03     0.0000e+00  0.0000e+00     0.0000e+00  0.0000e+00     0.0000e+00  0.0000e+00     0.0000e+00  0.0000e+00 
3.7646e+03     0.0000e+00  0.0000e+00     0.0000e+00  0.0000e+00     0.0000e+00  0.0000e+00     0.0000e+00  0.0000e+00 
4.2240e+03     0.0000e+00  0.0000e+00     0.0000e+00  0.0000e+00     0.0000e+00  0.0000e+00     0.0000e+00  0.0000e+00 
4.7394e+03     0.0000e+00  0.0000e+00     0.0000e+00  0.0000e+00     0.0000e+00  0.0000e+00     0.0000e+00  0.0000e+00 
5.3176e+03     0.0000e+00  0.0000e+00     0.0000e+00  0.0000e+00     0.0000e+00  0.0000e+00     0.0000e+00  0.0000e+00 
5.9665e+03     0.0000e+00  0.0000e+00     0.0000e+00  0.0000e+00     0.0000e+00  0.0000e+00     0.0000e+00  0.0000e+00 
6.6945e+03     0.0000e+00  0.0000e+00     0.0000e+00  0.0000e+00     0.0000e+00  0.0000e+00     0.0000e+00  0.0000e+00 
7.5114e+03     0.0000e+00  0.0000e+00     0.0000e+00  0.0000e+00     0.0000e+00  0.0000e+00     0.0000e+00  0.0000e+00 
8.4279e+03     0.0000e+00  0.0000e+00     0.0000e+00  0.0000e+00     0.0000e+00  0.0000e+00     0.0000e+00  0.0000e+00 
9.4563e+03     0.0000e+00  0.0000e+00     0.0000e+00  0.0000e+00     0.0000e+00  0.0000e+00     0.0000e+00  0.0000e+00 
