yF = 1.0193e+02 (std: 0.0000e+00) keV/um
yD = 1.1859e+02 (std: 0.0000e+00) keV/um
y (keV/um)     f(y)(std)                  yf(y)(std)                 d(y)(std)                  yd(y)(std)  
1.0610e-01     5.7370e-03  0.0000e+00     6.0870e-04  0.0000e+00     5.9715e-06  0.0000e+00     6.3358e-07  0.0000e+00 
1.1905e-01     7.3044e-04  0.0000e+00     8.6957e-05  0.0000e+00     8.5308e-07  0.0000e+00     1.0156e-07  0.0000e+00 
1.3357e-01     3.2550e-04  0.0000e+00     4.3478e-05  0.0000e+00     4.2654e-07  0.0000e+00     5.6974e-08  0.0000e+00 
1.4987e-01     5.2219e-04  0.0000e+00     7.8261e-05  0.0000e+00     7.6777e-07  0.0000e+00     1.1507e-07  0.0000e+00 
1.6816e-01     5.6882e-04  0.0000e+00     9.5652e-05  0.0000e+00     9.3838e-07  0.0000e+00     1.5780e-07  0.0000e+00 
1.8868e-01     7.8349e-04  0.0000e+00     1.4783e-04  0.0000e+00     1.4502e-06  0.0000e+00     2.7362e-07  0.0000e+00 
2.1170e-01     7.8044e-04  0.0000e+00     1.6522e-04  0.0000e+00     1.6208e-06  0.0000e+00     3.4313e-07  0.0000e+00 
2.3753e-01     6.9556e-04  0.0000e+00     1.6522e-04  0.0000e+00     1.6208e-06  0.0000e+00     3.8500e-07  0.0000e+00 
2.6651e-01     5.2204e-04  0.0000e+00     1.3913e-04  0.0000e+00     1.3649e-06  0.0000e+00     3.6377e-07  0.0000e+00 
2.9903e-01     4.3619e-04  0.0000e+00     1.3043e-04  0.0000e+00     1.2796e-06  0.0000e+00     3.8265e-07  0.0000e+00 
3.3552e-01     5.7017e-04  0.0000e+00     1.9130e-04  0.0000e+00     1.8768e-06  0.0000e+00     6.2969e-07  0.0000e+00 
3.7646e-01     3.6958e-04  0.0000e+00     1.3913e-04  0.0000e+00     1.3649e-06  0.0000e+00     5.1384e-07  0.0000e+00 
4.2240e-01     3.2938e-04  0.0000e+00     1.3913e-04  0.0000e+00     1.3649e-06  0.0000e+00     5.7654e-07  0.0000e+00 
4.7394e-01     3.4861e-04  0.0000e+00     1.6522e-04  0.0000e+00     1.6208e-06  0.0000e+00     7.6817e-07  0.0000e+00 
5.3176e-01     4.0881e-04  0.0000e+00     2.1739e-04  0.0000e+00     2.1327e-06  0.0000e+00     1.1341e-06  0.0000e+00 
5.9665e-01     1.6032e-04  0.0000e+00     9.5652e-05  0.0000e+00     9.3838e-07  0.0000e+00     5.5989e-07  0.0000e+00 
6.6945e-01     2.0783e-04  0.0000e+00     1.3913e-04  0.0000e+00     1.3649e-06  0.0000e+00     9.1375e-07  0.0000e+00 
7.5114e-01     1.2734e-04  0.0000e+00     9.5652e-05  0.0000e+00     9.3838e-07  0.0000e+00     7.0485e-07  0.0000e+00 
8.4279e-01     1.1349e-04  0.0000e+00     9.5652e-05  0.0000e+00     9.3838e-07  0.0000e+00     7.9086e-07  0.0000e+00 
9.4563e-01     1.2874e-04  0.0000e+00     1.2174e-04  0.0000e+00     1.1943e-06  0.0000e+00     1.1294e-06  0.0000e+00 
1.0610e+00     1.4752e-04  0.0000e+00     1.5652e-04  0.0000e+00     1.5355e-06  0.0000e+00     1.6292e-06  0.0000e+00 
1.1905e+00     5.1131e-05  0.0000e+00     6.0870e-05  0.0000e+00     5.9715e-07  0.0000e+00     7.1089e-07  0.0000e+00 
1.3357e+00     6.5100e-05  0.0000e+00     8.6957e-05  0.0000e+00     8.5308e-07  0.0000e+00     1.1395e-06  0.0000e+00 
1.4987e+00     2.3208e-05  0.0000e+00     3.4783e-05  0.0000e+00     3.4123e-07  0.0000e+00     5.1141e-07  0.0000e+00 
1.6816e+00     1.0342e-05  0.0000e+00     1.7391e-05  0.0000e+00     1.7062e-07  0.0000e+00     2.8690e-07  0.0000e+00 
1.8868e+00     4.6088e-06  0.0000e+00     8.6957e-06  0.0000e+00     8.5308e-08  0.0000e+00     1.6096e-07  0.0000e+00 
2.1170e+00     8.2151e-06  0.0000e+00     1.7391e-05  0.0000e+00     1.7062e-07  0.0000e+00     3.6119e-07  0.0000e+00 
2.3753e+00     3.6609e-06  0.0000e+00     8.6957e-06  0.0000e+00     8.5308e-08  0.0000e+00     2.0263e-07  0.0000e+00 
2.6651e+00     0.0000e+00  0.0000e+00     0.0000e+00  0.0000e+00     0.0000e+00  0.0000e+00     0.0000e+00  0.0000e+00 
2.9903e+00     0.0000e+00  0.0000e+00     0.0000e+00  0.0000e+00     0.0000e+00  0.0000e+00     0.0000e+00  0.0000e+00 
3.3552e+00     0.0000e+00  0.0000e+00     0.0000e+00  0.0000e+00     0.0000e+00  0.0000e+00     0.0000e+00  0.0000e+00 
3.7646e+00     0.0000e+00  0.0000e+00     0.0000e+00  0.0000e+00     0.0000e+00  0.0000e+00     0.0000e+00  0.0000e+00 
4.2240e+00     0.0000e+00  0.0000e+00     0.0000e+00  0.0000e+00     0.0000e+00  0.0000e+00     0.0000e+00  0.0000e+00 
4.7394e+00     0.0000e+00  0.0000e+00     0.0000e+00  0.0000e+00     0.0000e+00  0.0000e+00     0.0000e+00  0.0000e+00 
5.3176e+00     0.0000e+00  0.0000e+00     0.0000e+00  0.0000e+00     0.0000e+00  0.0000e+00     0.0000e+00  0.0000e+00 
5.9665e+00     3.6435e-05  0.0000e+00     2.1739e-04  0.0000e+00     2.1327e-06  0.0000e+00     1.2725e-05  0.0000e+00 
6.6945e+00     6.7544e-05  0.0000e+00     4.5217e-04  0.0000e+00     4.4360e-06  0.0000e+00     2.9697e-05  0.0000e+00 
7.5114e+00     3.3572e-05  0.0000e+00     2.5217e-04  0.0000e+00     2.4739e-06  0.0000e+00     1.8583e-05  0.0000e+00 
8.4279e+00     5.3033e-04  0.0000e+00     4.4696e-03  0.0000e+00     4.3848e-05  0.0000e+00     3.6955e-04  0.0000e+00 
9.4563e+00     3.4484e-04  0.0000e+00     3.2609e-03  0.0000e+00     3.1990e-05  0.0000e+00     3.0251e-04  0.0000e+00 
1.0610e+01     5.0977e-04  0.0000e+00     5.4087e-03  0.0000e+00     5.3061e-05  0.0000e+00     5.6299e-04  0.0000e+00 
1.1905e+01     3.1701e-04  0.0000e+00     3.7739e-03  0.0000e+00     3.7023e-05  0.0000e+00     4.4075e-04  0.0000e+00 
1.3357e+01     2.5650e-04  0.0000e+00     3.4261e-03  0.0000e+00     3.3611e-05  0.0000e+00     4.4895e-04  0.0000e+00 
1.4987e+01     2.2454e-04  0.0000e+00     3.3652e-03  0.0000e+00     3.3014e-05  0.0000e+00     4.9479e-04  0.0000e+00 
1.6816e+01     4.7057e-04  0.0000e+00     7.9130e-03  0.0000e+00     7.7630e-05  0.0000e+00     1.3054e-03  0.0000e+00 
1.8868e+01     8.7751e-04  0.0000e+00     1.6557e-02  0.0000e+00     1.6243e-04  0.0000e+00     3.0646e-03  0.0000e+00 
2.1170e+01     1.0556e-03  0.0000e+00     2.2348e-02  0.0000e+00     2.1924e-04  0.0000e+00     4.6413e-03  0.0000e+00 
2.3753e+01     9.8587e-04  0.0000e+00     2.3417e-02  0.0000e+00     2.2973e-04  0.0000e+00     5.4569e-03  0.0000e+00 
2.6651e+01     1.3560e-03  0.0000e+00     3.6139e-02  0.0000e+00     3.5454e-04  0.0000e+00     9.4489e-03  0.0000e+00 
2.9903e+01     1.9515e-03  0.0000e+00     5.8357e-02  0.0000e+00     5.7250e-04  0.0000e+00     1.7120e-02  0.0000e+00 
3.3552e+01     2.3590e-03  0.0000e+00     7.9148e-02  0.0000e+00     7.7647e-04  0.0000e+00     2.6052e-02  0.0000e+00 
3.7646e+01     2.9259e-03  0.0000e+00     1.1015e-01  0.0000e+00     1.0806e-03  0.0000e+00     4.0680e-02  0.0000e+00 
4.2240e+01     3.8954e-03  0.0000e+00     1.6454e-01  0.0000e+00     1.6142e-03  0.0000e+00     6.8183e-02  0.0000e+00 
4.7394e+01     4.6750e-03  0.0000e+00     2.2157e-01  0.0000e+00     2.1736e-03  0.0000e+00     1.0302e-01  0.0000e+00 
5.3176e+01     5.9206e-03  0.0000e+00     3.1483e-01  0.0000e+00     3.0886e-03  0.0000e+00     1.6424e-01  0.0000e+00 
5.9665e+01     7.0714e-03  0.0000e+00     4.2191e-01  0.0000e+00     4.1391e-03  0.0000e+00     2.4696e-01  0.0000e+00 
6.6945e+01     8.3136e-03  0.0000e+00     5.5656e-01  0.0000e+00     5.4600e-03  0.0000e+00     3.6552e-01  0.0000e+00 
7.5114e+01     9.1809e-03  0.0000e+00     6.8961e-01  0.0000e+00     6.7653e-03  0.0000e+00     5.0817e-01  0.0000e+00 
8.4279e+01     9.9088e-03  0.0000e+00     8.3510e-01  0.0000e+00     8.1927e-03  0.0000e+00     6.9047e-01  0.0000e+00 
9.4563e+01     9.9503e-03  0.0000e+00     9.4092e-01  0.0000e+00     9.2308e-03  0.0000e+00     8.7289e-01  0.0000e+00 
1.0610e+02     9.3153e-03  0.0000e+00     9.8837e-01  0.0000e+00     9.6962e-03  0.0000e+00     1.0288e+00  0.0000e+00 
1.1905e+02     7.9233e-03  0.0000e+00     9.4324e-01  0.0000e+00     9.2536e-03  0.0000e+00     1.1016e+00  0.0000e+00 
1.3357e+02     6.1024e-03  0.0000e+00     8.1512e-01  0.0000e+00     7.9966e-03  0.0000e+00     1.0681e+00  0.0000e+00 
1.4987e+02     4.1261e-03  0.0000e+00     6.1838e-01  0.0000e+00     6.0666e-03  0.0000e+00     9.0920e-01  0.0000e+00 
1.6816e+02     2.4525e-03  0.0000e+00     4.1241e-01  0.0000e+00     4.0459e-03  0.0000e+00     6.8035e-01  0.0000e+00 
1.8868e+02     1.2319e-03  0.0000e+00     2.3243e-01  0.0000e+00     2.2802e-03  0.0000e+00     4.3022e-01  0.0000e+00 
2.1170e+02     5.0166e-04  0.0000e+00     1.0620e-01  0.0000e+00     1.0419e-03  0.0000e+00     2.2056e-01  0.0000e+00 
2.3753e+02     1.6057e-04  0.0000e+00     3.8139e-02  0.0000e+00     3.7416e-04  0.0000e+00     8.8874e-02  0.0000e+00 
2.6651e+02     4.1535e-05  0.0000e+00     1.1070e-02  0.0000e+00     1.0860e-04  0.0000e+00     2.8942e-02  0.0000e+00 
2.9903e+02     8.5493e-06  0.0000e+00     2.5565e-03  0.0000e+00     2.5080e-05  0.0000e+00     7.4999e-03  0.0000e+00 
3.3552e+02     1.1403e-06  0.0000e+00     3.8261e-04  0.0000e+00     3.7535e-06  0.0000e+00     1.2594e-03  0.0000e+00 
3.7646e+02     6.9295e-08  0.0000e+00     2.6087e-05  0.0000e+00     2.5592e-07  0.0000e+00     9.6345e-05  0.0000e+00 
4.2240e+02     2.0587e-08  0.0000e+00     8.6957e-06  0.0000e+00     8.5308e-08  0.0000e+00     3.6034e-05  0.0000e+00 
4.7394e+02     0.0000e+00  0.0000e+00     0.0000e+00  0.0000e+00     0.0000e+00  0.0000e+00     0.0000e+00  0.0000e+00 
5.3176e+02     0.0000e+00  0.0000e+00     0.0000e+00  0.0000e+00     0.0000e+00  0.0000e+00     0.0000e+00  0.0000e+00 
5.9665e+02     0.0000e+00  0.0000e+00     0.0000e+00  0.0000e+00     0.0000e+00  0.0000e+00     0.0000e+00  0.0000e+00 
6.6945e+02     0.0000e+00  0.0000e+00     0.0000e+00  0.0000e+00     0.0000e+00  0.0000e+00     0.0000e+00  0.0000e+00 
7.5114e+02     0.0000e+00  0.0000e+00     0.0000e+00  0.0000e+00     0.0000e+00  0.0000e+00     0.0000e+00  0.0000e+00 
8.4279e+02     0.0000e+00  0.0000e+00     0.0000e+00  0.0000e+00     0.0000e+00  0.0000e+00     0.0000e+00  0.0000e+00 
9.4563e+02     0.0000e+00  0.0000e+00     0.0000e+00  0.0000e+00     0.0000e+00  0.0000e+00     0.0000e+00  0.0000e+00 
1.0610e+03     0.0000e+00  0.0000e+00     0.0000e+00  0.0000e+00     0.0000e+00  0.0000e+00     0.0000e+00  0.0000e+00 
1.1905e+03     0.0000e+00  0.0000e+00     0.0000e+00  0.0000e+00     0.0000e+00  0.0000e+00     0.0000e+00  0.0000e+00 
1.3357e+03     0.0000e+00  0.0000e+00     0.0000e+00  0.0000e+00     0.0000e+00  0.0000e+00     0.0000e+00  0.0000e+00 
1.4987e+03     0.0000e+00  0.0000e+00     0.0000e+00  0.0000e+00     0.0000e+00  0.0000e+00     0.0000e+00  0.0000e+00 
1.6816e+03     0.0000e+00  0.0000e+00     0.0000e+00  0.0000e+00     0.0000e+00  0.0000e+00     0.0000e+00  0.0000e+00 
1.8868e+03     0.0000e+00  0.0000e+00     0.0000e+00  0.0000e+00     0.0000e+00  0.0000e+00     0.0000e+00  0.0000e+00 
2.1170e+03     0.0000e+00  0.0000e+00     0.0000e+00  0.0000e+00     0.0000e+00  0.0000e+00     0.0000e+00  0.0000e+00 
2.3753e+03     0.0000e+00  0.0000e+00     0.0000e+00  0.0000e+00     0.0000e+00  0.0000e+00     0.0000e+00  0.0000e+00 
2.6651e+03     0.0000e+00  0.0000e+00     0.0000e+00  0.0000e+00     0.0000e+00  0.0000e+00     0.0000e+00  0.0000e+00 
2.9903e+03     0.0000e+00  0.0000e+00     0.0000e+00  0.0000e+00     0.0000e+00  0.0000e+00     0.0000e+00  0.0000e+00 
3.3552e+03     0.0000e+00  0.0000e+00     0.0000e+00  0.0000e+00     0.0000e+00  0.0000e+00     0.0000e+00  0.0000e+00 
3.7646e+03     0.0000e+00  0.0000e+00     0.0000e+00  0.0000e+00     0.0000e+00  0.0000e+00     0.0000e+00  0.0000e+00 
4.2240e+03     0.0000e+00  0.0000e+00     0.0000e+00  0.0000e+00     0.0000e+00  0.0000e+00     0.0000e+00  0.0000e+00 
4.7394e+03     0.0000e+00  0.0000e+00     0.0000e+00  0.0000e+00     0.0000e+00  0.0000e+00     0.0000e+00  0.0000e+00 
5.3176e+03     0.0000e+00  0.0000e+00     0.0000e+00  0.0000e+00     0.0000e+00  0.0000e+00     0.0000e+00  0.0000e+00 
5.9665e+03     0.0000e+00  0.0000e+00     0.0000e+00  0.0000e+00     0.0000e+00  0.0000e+00     0.0000e+00  0.0000e+00 
6.6945e+03     0.0000e+00  0.0000e+00     0.0000e+00  0.0000e+00     0.0000e+00  0.0000e+00     0.0000e+00  0.0000e+00 
7.5114e+03     0.0000e+00  0.0000e+00     0.0000e+00  0.0000e+00     0.0000e+00  0.0000e+00     0.0000e+00  0.0000e+00 
8.4279e+03     0.0000e+00  0.0000e+00     0.0000e+00  0.0000e+00     0.0000e+00  0.0000e+00     0.0000e+00  0.0000e+00 
9.4563e+03     0.0000e+00  0.0000e+00     0.0000e+00  0.0000e+00     0.0000e+00  0.0000e+00     0.0000e+00  0.0000e+00 
