yF = 2.5904e+02 (std: 0.0000e+00) keV/um
yD = 3.2324e+02 (std: 0.0000e+00) keV/um
y (keV/um)     f(y)(std)                  yf(y)(std)                 d(y)(std)                  yd(y)(std)  
1.0610e-01     3.9271e-02  0.0000e+00     4.1667e-03  0.0000e+00     1.6085e-05  0.0000e+00     1.7067e-06  0.0000e+00 
1.1905e-01     2.7767e-03  0.0000e+00     3.3055e-04  0.0000e+00     1.2761e-06  0.0000e+00     1.5191e-07  0.0000e+00 
1.3357e-01     1.3025e-03  0.0000e+00     1.7398e-04  0.0000e+00     6.7162e-07  0.0000e+00     8.9710e-08  0.0000e+00 
1.4987e-01     3.8888e-03  0.0000e+00     5.8282e-04  0.0000e+00     2.2499e-06  0.0000e+00     3.3720e-07  0.0000e+00 
1.6816e-01     2.2244e-03  0.0000e+00     3.7405e-04  0.0000e+00     1.4440e-06  0.0000e+00     2.4282e-07  0.0000e+00 
1.8868e-01     1.3370e-03  0.0000e+00     2.5226e-04  0.0000e+00     9.7385e-07  0.0000e+00     1.8374e-07  0.0000e+00 
2.1170e-01     1.3971e-03  0.0000e+00     2.9576e-04  0.0000e+00     1.1417e-06  0.0000e+00     2.4171e-07  0.0000e+00 
2.3753e-01     1.0986e-03  0.0000e+00     2.6096e-04  0.0000e+00     1.0074e-06  0.0000e+00     2.3929e-07  0.0000e+00 
2.6651e-01     6.8542e-04  0.0000e+00     1.8267e-04  0.0000e+00     7.0520e-07  0.0000e+00     1.8794e-07  0.0000e+00 
2.9903e-01     4.6543e-04  0.0000e+00     1.3918e-04  0.0000e+00     5.3729e-07  0.0000e+00     1.6067e-07  0.0000e+00 
3.3552e-01     1.5815e-03  0.0000e+00     5.3062e-04  0.0000e+00     2.0484e-06  0.0000e+00     6.8729e-07  0.0000e+00 
3.7646e-01     1.2247e-03  0.0000e+00     4.6103e-04  0.0000e+00     1.7798e-06  0.0000e+00     6.7002e-07  0.0000e+00 
4.2240e-01     5.7663e-04  0.0000e+00     2.4357e-04  0.0000e+00     9.4026e-07  0.0000e+00     3.9716e-07  0.0000e+00 
4.7394e-01     7.1582e-04  0.0000e+00     3.3925e-04  0.0000e+00     1.3097e-06  0.0000e+00     6.2069e-07  0.0000e+00 
5.3176e-01     4.5803e-04  0.0000e+00     2.4357e-04  0.0000e+00     9.4026e-07  0.0000e+00     5.0000e-07  0.0000e+00 
5.9665e-01     2.4785e-04  0.0000e+00     1.4788e-04  0.0000e+00     5.7087e-07  0.0000e+00     3.4061e-07  0.0000e+00 
6.6945e-01     1.9491e-04  0.0000e+00     1.3048e-04  0.0000e+00     5.0371e-07  0.0000e+00     3.3721e-07  0.0000e+00 
7.5114e-01     3.1268e-04  0.0000e+00     2.3487e-04  0.0000e+00     9.0668e-07  0.0000e+00     6.8104e-07  0.0000e+00 
8.4279e-01     1.2386e-04  0.0000e+00     1.0439e-04  0.0000e+00     4.0297e-07  0.0000e+00     3.3962e-07  0.0000e+00 
9.4563e-01     1.1039e-04  0.0000e+00     1.0439e-04  0.0000e+00     4.0297e-07  0.0000e+00     3.8106e-07  0.0000e+00 
1.0610e+00     9.0184e-05  0.0000e+00     9.5686e-05  0.0000e+00     3.6939e-07  0.0000e+00     3.9193e-07  0.0000e+00 
1.1905e+00     2.1921e-05  0.0000e+00     2.6096e-05  0.0000e+00     1.0074e-07  0.0000e+00     1.1993e-07  0.0000e+00 
1.3357e+00     3.2562e-05  0.0000e+00     4.3494e-05  0.0000e+00     1.6790e-07  0.0000e+00     2.2428e-07  0.0000e+00 
1.4987e+00     1.7412e-05  0.0000e+00     2.6096e-05  0.0000e+00     1.0074e-07  0.0000e+00     1.5098e-07  0.0000e+00 
1.6816e+00     0.0000e+00  0.0000e+00     0.0000e+00  0.0000e+00     0.0000e+00  0.0000e+00     0.0000e+00  0.0000e+00 
1.8868e+00     0.0000e+00  0.0000e+00     0.0000e+00  0.0000e+00     0.0000e+00  0.0000e+00     0.0000e+00  0.0000e+00 
2.1170e+00     4.1090e-06  0.0000e+00     8.6988e-06  0.0000e+00     3.3581e-08  0.0000e+00     7.1090e-08  0.0000e+00 
2.3753e+00     7.3243e-06  0.0000e+00     1.7398e-05  0.0000e+00     6.7162e-08  0.0000e+00     1.5953e-07  0.0000e+00 
2.6651e+00     0.0000e+00  0.0000e+00     0.0000e+00  0.0000e+00     0.0000e+00  0.0000e+00     0.0000e+00  0.0000e+00 
2.9903e+00     0.0000e+00  0.0000e+00     0.0000e+00  0.0000e+00     0.0000e+00  0.0000e+00     0.0000e+00  0.0000e+00 
3.3552e+00     0.0000e+00  0.0000e+00     0.0000e+00  0.0000e+00     0.0000e+00  0.0000e+00     0.0000e+00  0.0000e+00 
3.7646e+00     3.0039e-05  0.0000e+00     1.1308e-04  0.0000e+00     4.3655e-07  0.0000e+00     1.6434e-06  0.0000e+00 
4.2240e+00     3.0891e-05  0.0000e+00     1.3048e-04  0.0000e+00     5.0371e-07  0.0000e+00     2.1277e-06  0.0000e+00 
4.7394e+00     7.3417e-06  0.0000e+00     3.4795e-05  0.0000e+00     1.3432e-07  0.0000e+00     6.3661e-07  0.0000e+00 
5.3176e+00     4.7439e-05  0.0000e+00     2.5226e-04  0.0000e+00     9.7385e-07  0.0000e+00     5.1786e-06  0.0000e+00 
5.9665e+00     4.3738e-05  0.0000e+00     2.6096e-04  0.0000e+00     1.0074e-06  0.0000e+00     6.0108e-06  0.0000e+00 
6.6945e+00     4.1580e-05  0.0000e+00     2.7836e-04  0.0000e+00     1.0746e-06  0.0000e+00     7.1938e-06  0.0000e+00 
7.5114e+00     3.0110e-05  0.0000e+00     2.2617e-04  0.0000e+00     8.7310e-07  0.0000e+00     6.5582e-06  0.0000e+00 
8.4279e+00     5.7697e-04  0.0000e+00     4.8626e-03  0.0000e+00     1.8772e-05  0.0000e+00     1.5821e-04  0.0000e+00 
9.4563e+00     2.9069e-04  0.0000e+00     2.7488e-03  0.0000e+00     1.0612e-05  0.0000e+00     1.0035e-04  0.0000e+00 
1.0610e+01     4.7306e-04  0.0000e+00     5.0192e-03  0.0000e+00     1.9376e-05  0.0000e+00     2.0558e-04  0.0000e+00 
1.1905e+01     2.3602e-04  0.0000e+00     2.8097e-03  0.0000e+00     1.0847e-05  0.0000e+00     1.2913e-04  0.0000e+00 
1.3357e+01     2.6505e-04  0.0000e+00     3.5404e-03  0.0000e+00     1.3667e-05  0.0000e+00     1.8256e-04  0.0000e+00 
1.4987e+01     1.8573e-04  0.0000e+00     2.7836e-03  0.0000e+00     1.0746e-05  0.0000e+00     1.6105e-04  0.0000e+00 
1.6816e+01     3.7245e-04  0.0000e+00     6.2631e-03  0.0000e+00     2.4178e-05  0.0000e+00     4.0658e-04  0.0000e+00 
1.8868e+01     4.3891e-04  0.0000e+00     8.2812e-03  0.0000e+00     3.1969e-05  0.0000e+00     6.0318e-04  0.0000e+00 
2.1170e+01     4.9267e-04  0.0000e+00     1.0430e-02  0.0000e+00     4.0263e-05  0.0000e+00     8.5237e-04  0.0000e+00 
2.3753e+01     4.7205e-04  0.0000e+00     1.1213e-02  0.0000e+00     4.3286e-05  0.0000e+00     1.0282e-03  0.0000e+00 
2.6651e+01     5.3920e-04  0.0000e+00     1.4370e-02  0.0000e+00     5.5476e-05  0.0000e+00     1.4785e-03  0.0000e+00 
2.9903e+01     6.5713e-04  0.0000e+00     1.9650e-02  0.0000e+00     7.5859e-05  0.0000e+00     2.2684e-03  0.0000e+00 
3.3552e+01     6.8912e-04  0.0000e+00     2.3121e-02  0.0000e+00     8.9258e-05  0.0000e+00     2.9948e-03  0.0000e+00 
3.7646e+01     7.6668e-04  0.0000e+00     2.8862e-02  0.0000e+00     1.1142e-04  0.0000e+00     4.1946e-03  0.0000e+00 
4.2240e+01     8.8142e-04  0.0000e+00     3.7231e-02  0.0000e+00     1.4373e-04  0.0000e+00     6.0709e-03  0.0000e+00 
4.7394e+01     9.7553e-04  0.0000e+00     4.6234e-02  0.0000e+00     1.7848e-04  0.0000e+00     8.4589e-03  0.0000e+00 
5.3176e+01     1.0425e-03  0.0000e+00     5.5437e-02  0.0000e+00     2.1401e-04  0.0000e+00     1.1380e-02  0.0000e+00 
5.9665e+01     1.1637e-03  0.0000e+00     6.9433e-02  0.0000e+00     2.6804e-04  0.0000e+00     1.5993e-02  0.0000e+00 
6.6945e+01     1.3108e-03  0.0000e+00     8.7753e-02  0.0000e+00     3.3876e-04  0.0000e+00     2.2679e-02  0.0000e+00 
7.5114e+01     1.4325e-03  0.0000e+00     1.0760e-01  0.0000e+00     4.1540e-04  0.0000e+00     3.1202e-02  0.0000e+00 
8.4279e+01     1.5715e-03  0.0000e+00     1.3245e-01  0.0000e+00     5.1130e-04  0.0000e+00     4.3092e-02  0.0000e+00 
9.4563e+01     1.7553e-03  0.0000e+00     1.6599e-01  0.0000e+00     6.4079e-04  0.0000e+00     6.0595e-02  0.0000e+00 
1.0610e+02     1.9434e-03  0.0000e+00     2.0620e-01  0.0000e+00     7.9600e-04  0.0000e+00     8.4456e-02  0.0000e+00 
1.1905e+02     2.1793e-03  0.0000e+00     2.5944e-01  0.0000e+00     1.0015e-03  0.0000e+00     1.1923e-01  0.0000e+00 
1.3357e+02     2.3799e-03  0.0000e+00     3.1790e-01  0.0000e+00     1.2272e-03  0.0000e+00     1.6392e-01  0.0000e+00 
1.4987e+02     2.6135e-03  0.0000e+00     3.9169e-01  0.0000e+00     1.5121e-03  0.0000e+00     2.2662e-01  0.0000e+00 
1.6816e+02     2.8299e-03  0.0000e+00     4.7587e-01  0.0000e+00     1.8370e-03  0.0000e+00     3.0891e-01  0.0000e+00 
1.8868e+02     2.9924e-03  0.0000e+00     5.6460e-01  0.0000e+00     2.1796e-03  0.0000e+00     4.1124e-01  0.0000e+00 
2.1170e+02     3.0989e-03  0.0000e+00     6.5604e-01  0.0000e+00     2.5326e-03  0.0000e+00     5.3615e-01  0.0000e+00 
2.3753e+02     3.1165e-03  0.0000e+00     7.4026e-01  0.0000e+00     2.8577e-03  0.0000e+00     6.7880e-01  0.0000e+00 
2.6651e+02     3.0003e-03  0.0000e+00     7.9962e-01  0.0000e+00     3.0869e-03  0.0000e+00     8.2269e-01  0.0000e+00 
2.9903e+02     2.6861e-03  0.0000e+00     8.0323e-01  0.0000e+00     3.1008e-03  0.0000e+00     9.2724e-01  0.0000e+00 
3.3552e+02     2.2436e-03  0.0000e+00     7.5278e-01  0.0000e+00     2.9061e-03  0.0000e+00     9.7504e-01  0.0000e+00 
3.7646e+02     1.7327e-03  0.0000e+00     6.5229e-01  0.0000e+00     2.5181e-03  0.0000e+00     9.4798e-01  0.0000e+00 
4.2240e+02     1.1945e-03  0.0000e+00     5.0454e-01  0.0000e+00     1.9477e-03  0.0000e+00     8.2271e-01  0.0000e+00 
4.7394e+02     7.2856e-04  0.0000e+00     3.4529e-01  0.0000e+00     1.3330e-03  0.0000e+00     6.3174e-01  0.0000e+00 
5.3176e+02     3.8413e-04  0.0000e+00     2.0426e-01  0.0000e+00     7.8855e-04  0.0000e+00     4.1932e-01  0.0000e+00 
5.9665e+02     1.7263e-04  0.0000e+00     1.0300e-01  0.0000e+00     3.9763e-04  0.0000e+00     2.3725e-01  0.0000e+00 
6.6945e+02     6.2241e-05  0.0000e+00     4.1667e-02  0.0000e+00     1.6085e-04  0.0000e+00     1.0768e-01  0.0000e+00 
7.5114e+02     1.9525e-05  0.0000e+00     1.4666e-02  0.0000e+00     5.6617e-05  0.0000e+00     4.2527e-02  0.0000e+00 
8.4279e+02     4.7582e-06  0.0000e+00     4.0101e-03  0.0000e+00     1.5481e-05  0.0000e+00     1.3047e-02  0.0000e+00 
9.4563e+02     1.0671e-06  0.0000e+00     1.0091e-03  0.0000e+00     3.8954e-06  0.0000e+00     3.6836e-03  0.0000e+00 
1.0610e+03     1.8857e-07  0.0000e+00     2.0007e-04  0.0000e+00     7.7236e-07  0.0000e+00     8.1948e-04  0.0000e+00 
1.1905e+03     2.9228e-08  0.0000e+00     3.4795e-05  0.0000e+00     1.3432e-07  0.0000e+00     1.5991e-04  0.0000e+00 
1.3357e+03     0.0000e+00  0.0000e+00     0.0000e+00  0.0000e+00     0.0000e+00  0.0000e+00     0.0000e+00  0.0000e+00 
1.4987e+03     0.0000e+00  0.0000e+00     0.0000e+00  0.0000e+00     0.0000e+00  0.0000e+00     0.0000e+00  0.0000e+00 
1.6816e+03     0.0000e+00  0.0000e+00     0.0000e+00  0.0000e+00     0.0000e+00  0.0000e+00     0.0000e+00  0.0000e+00 
1.8868e+03     0.0000e+00  0.0000e+00     0.0000e+00  0.0000e+00     0.0000e+00  0.0000e+00     0.0000e+00  0.0000e+00 
2.1170e+03     0.0000e+00  0.0000e+00     0.0000e+00  0.0000e+00     0.0000e+00  0.0000e+00     0.0000e+00  0.0000e+00 
2.3753e+03     0.0000e+00  0.0000e+00     0.0000e+00  0.0000e+00     0.0000e+00  0.0000e+00     0.0000e+00  0.0000e+00 
2.6651e+03     0.0000e+00  0.0000e+00     0.0000e+00  0.0000e+00     0.0000e+00  0.0000e+00     0.0000e+00  0.0000e+00 
2.9903e+03     0.0000e+00  0.0000e+00     0.0000e+00  0.0000e+00     0.0000e+00  0.0000e+00     0.0000e+00  0.0000e+00 
3.3552e+03     0.0000e+00  0.0000e+00     0.0000e+00  0.0000e+00     0.0000e+00  0.0000e+00     0.0000e+00  0.0000e+00 
3.7646e+03     0.0000e+00  0.0000e+00     0.0000e+00  0.0000e+00     0.0000e+00  0.0000e+00     0.0000e+00  0.0000e+00 
4.2240e+03     0.0000e+00  0.0000e+00     0.0000e+00  0.0000e+00     0.0000e+00  0.0000e+00     0.0000e+00  0.0000e+00 
4.7394e+03     0.0000e+00  0.0000e+00     0.0000e+00  0.0000e+00     0.0000e+00  0.0000e+00     0.0000e+00  0.0000e+00 
5.3176e+03     0.0000e+00  0.0000e+00     0.0000e+00  0.0000e+00     0.0000e+00  0.0000e+00     0.0000e+00  0.0000e+00 
5.9665e+03     0.0000e+00  0.0000e+00     0.0000e+00  0.0000e+00     0.0000e+00  0.0000e+00     0.0000e+00  0.0000e+00 
6.6945e+03     0.0000e+00  0.0000e+00     0.0000e+00  0.0000e+00     0.0000e+00  0.0000e+00     0.0000e+00  0.0000e+00 
7.5114e+03     0.0000e+00  0.0000e+00     0.0000e+00  0.0000e+00     0.0000e+00  0.0000e+00     0.0000e+00  0.0000e+00 
8.4279e+03     0.0000e+00  0.0000e+00     0.0000e+00  0.0000e+00     0.0000e+00  0.0000e+00     0.0000e+00  0.0000e+00 
9.4563e+03     0.0000e+00  0.0000e+00     0.0000e+00  0.0000e+00     0.0000e+00  0.0000e+00     0.0000e+00  0.0000e+00 
