yF = 3.3091e+00 (std: 0.0000e+00) keV/um
yD = 2.1770e+01 (std: 0.0000e+00) keV/um
y (keV/um)     f(y)(std)                  yf(y)(std)                 d(y)(std)                  yd(y)(std)  
1.0610e-01     2.7859e+01  0.0000e+00     2.9559e+00  0.0000e+00     8.9324e-01  0.0000e+00     9.4774e-02  0.0000e+00 
1.1905e-01     2.0098e+00  0.0000e+00     2.3926e-01  0.0000e+00     7.2303e-02  0.0000e+00     8.6075e-03  0.0000e+00 
1.3357e-01     6.5430e-01  0.0000e+00     8.7397e-02  0.0000e+00     2.6411e-02  0.0000e+00     3.5278e-03  0.0000e+00 
1.4987e-01     3.2217e+00  0.0000e+00     4.8284e-01  0.0000e+00     1.4591e-01  0.0000e+00     2.1868e-02  0.0000e+00 
1.6816e-01     9.9400e-01  0.0000e+00     1.6715e-01  0.0000e+00     5.0512e-02  0.0000e+00     8.4940e-03  0.0000e+00 
1.8868e-01     6.6047e-01  0.0000e+00     1.2462e-01  0.0000e+00     3.7658e-02  0.0000e+00     7.1052e-03  0.0000e+00 
2.1170e-01     6.6556e-01  0.0000e+00     1.4090e-01  0.0000e+00     4.2578e-02  0.0000e+00     9.0138e-03  0.0000e+00 
2.3753e-01     6.4774e-01  0.0000e+00     1.5386e-01  0.0000e+00     4.6495e-02  0.0000e+00     1.1044e-02  0.0000e+00 
2.6651e-01     3.0424e-01  0.0000e+00     8.1083e-02  0.0000e+00     2.4503e-02  0.0000e+00     6.5303e-03  0.0000e+00 
2.9903e-01     2.6226e-01  0.0000e+00     7.8424e-02  0.0000e+00     2.3699e-02  0.0000e+00     7.0869e-03  0.0000e+00 
3.3552e-01     1.5946e+00  0.0000e+00     5.3501e-01  0.0000e+00     1.6168e-01  0.0000e+00     5.4246e-02  0.0000e+00 
3.7646e-01     1.0610e+00  0.0000e+00     3.9943e-01  0.0000e+00     1.2071e-01  0.0000e+00     4.5441e-02  0.0000e+00 
4.2240e-01     4.3978e-01  0.0000e+00     1.8576e-01  0.0000e+00     5.6135e-02  0.0000e+00     2.3711e-02  0.0000e+00 
4.7394e-01     4.3542e-01  0.0000e+00     2.0636e-01  0.0000e+00     6.2361e-02  0.0000e+00     2.9555e-02  0.0000e+00 
5.3176e-01     3.0558e-01  0.0000e+00     1.6250e-01  0.0000e+00     4.9106e-02  0.0000e+00     2.6113e-02  0.0000e+00 
5.9665e-01     1.3478e-01  0.0000e+00     8.0418e-02  0.0000e+00     2.4302e-02  0.0000e+00     1.4500e-02  0.0000e+00 
6.6945e-01     2.5167e-01  0.0000e+00     1.6848e-01  0.0000e+00     5.0913e-02  0.0000e+00     3.4084e-02  0.0000e+00 
7.5114e-01     2.1191e-01  0.0000e+00     1.5918e-01  0.0000e+00     4.8102e-02  0.0000e+00     3.6131e-02  0.0000e+00 
8.4279e-01     1.0607e-01  0.0000e+00     8.9391e-02  0.0000e+00     2.7013e-02  0.0000e+00     2.2766e-02  0.0000e+00 
9.4563e-01     5.3415e-02  0.0000e+00     5.0511e-02  0.0000e+00     1.5264e-02  0.0000e+00     1.4434e-02  0.0000e+00 
1.0610e+00     5.5123e-02  0.0000e+00     5.8486e-02  0.0000e+00     1.7674e-02  0.0000e+00     1.8752e-02  0.0000e+00 
1.1905e+00     2.4006e-02  0.0000e+00     2.8578e-02  0.0000e+00     8.6362e-03  0.0000e+00     1.0281e-02  0.0000e+00 
1.3357e+00     1.1942e-02  0.0000e+00     1.5951e-02  0.0000e+00     4.8202e-03  0.0000e+00     6.4385e-03  0.0000e+00 
1.4987e+00     7.3170e-03  0.0000e+00     1.0966e-02  0.0000e+00     3.3139e-03  0.0000e+00     4.9666e-03  0.0000e+00 
1.6816e+00     1.7785e-03  0.0000e+00     2.9908e-03  0.0000e+00     9.0379e-04  0.0000e+00     1.5198e-03  0.0000e+00 
1.8868e+00     1.0567e-03  0.0000e+00     1.9938e-03  0.0000e+00     6.0253e-04  0.0000e+00     1.1368e-03  0.0000e+00 
2.1170e+00     6.2789e-04  0.0000e+00     1.3292e-03  0.0000e+00     4.0168e-04  0.0000e+00     8.5036e-04  0.0000e+00 
2.3753e+00     0.0000e+00  0.0000e+00     0.0000e+00  0.0000e+00     0.0000e+00  0.0000e+00     0.0000e+00  0.0000e+00 
2.6651e+00     0.0000e+00  0.0000e+00     0.0000e+00  0.0000e+00     0.0000e+00  0.0000e+00     0.0000e+00  0.0000e+00 
2.9903e+00     1.1113e-04  0.0000e+00     3.3231e-04  0.0000e+00     1.0042e-04  0.0000e+00     3.0029e-04  0.0000e+00 
3.3552e+00     0.0000e+00  0.0000e+00     0.0000e+00  0.0000e+00     0.0000e+00  0.0000e+00     0.0000e+00  0.0000e+00 
3.7646e+00     0.0000e+00  0.0000e+00     0.0000e+00  0.0000e+00     0.0000e+00  0.0000e+00     0.0000e+00  0.0000e+00 
4.2240e+00     0.0000e+00  0.0000e+00     0.0000e+00  0.0000e+00     0.0000e+00  0.0000e+00     0.0000e+00  0.0000e+00 
4.7394e+00     0.0000e+00  0.0000e+00     0.0000e+00  0.0000e+00     0.0000e+00  0.0000e+00     0.0000e+00  0.0000e+00 
5.3176e+00     0.0000e+00  0.0000e+00     0.0000e+00  0.0000e+00     0.0000e+00  0.0000e+00     0.0000e+00  0.0000e+00 
5.9665e+00     9.9584e-02  0.0000e+00     5.9417e-01  0.0000e+00     1.7955e-01  0.0000e+00     1.0713e+00  0.0000e+00 
6.6945e+00     2.1345e-02  0.0000e+00     1.4289e-01  0.0000e+00     4.3181e-02  0.0000e+00     2.8908e-01  0.0000e+00 
7.5114e+00     7.5209e-03  0.0000e+00     5.6492e-02  0.0000e+00     1.7072e-02  0.0000e+00     1.2823e-01  0.0000e+00 
8.4279e+00     2.1134e-02  0.0000e+00     1.7812e-01  0.0000e+00     5.3826e-02  0.0000e+00     4.5364e-01  0.0000e+00 
9.4563e+00     1.0015e-02  0.0000e+00     9.4708e-02  0.0000e+00     2.8620e-02  0.0000e+00     2.7064e-01  0.0000e+00 
1.0610e+01     1.6192e-02  0.0000e+00     1.7180e-01  0.0000e+00     5.1918e-02  0.0000e+00     5.5085e-01  0.0000e+00 
1.1905e+01     1.1752e-02  0.0000e+00     1.3990e-01  0.0000e+00     4.2277e-02  0.0000e+00     5.0330e-01  0.0000e+00 
1.3357e+01     9.4040e-03  0.0000e+00     1.2561e-01  0.0000e+00     3.7959e-02  0.0000e+00     5.0703e-01  0.0000e+00 
1.4987e+01     4.3902e-03  0.0000e+00     6.5797e-02  0.0000e+00     1.9883e-02  0.0000e+00     2.9799e-01  0.0000e+00 
1.6816e+01     3.5768e-03  0.0000e+00     6.0148e-02  0.0000e+00     1.8176e-02  0.0000e+00     3.0565e-01  0.0000e+00 
1.8868e+01     3.1174e-03  0.0000e+00     5.8818e-02  0.0000e+00     1.7775e-02  0.0000e+00     3.3536e-01  0.0000e+00 
2.1170e+01     2.8098e-03  0.0000e+00     5.9483e-02  0.0000e+00     1.7975e-02  0.0000e+00     3.8054e-01  0.0000e+00 
2.3753e+01     2.6581e-03  0.0000e+00     6.3138e-02  0.0000e+00     1.9080e-02  0.0000e+00     4.5321e-01  0.0000e+00 
2.6651e+01     1.4214e-03  0.0000e+00     3.7883e-02  0.0000e+00     1.1448e-02  0.0000e+00     3.0510e-01  0.0000e+00 
2.9903e+01     1.0668e-03  0.0000e+00     3.1901e-02  0.0000e+00     9.6404e-03  0.0000e+00     2.8828e-01  0.0000e+00 
3.3552e+01     1.0697e-03  0.0000e+00     3.5889e-02  0.0000e+00     1.0845e-02  0.0000e+00     3.6389e-01  0.0000e+00 
3.7646e+01     7.9444e-04  0.0000e+00     2.9908e-02  0.0000e+00     9.0379e-03  0.0000e+00     3.4024e-01  0.0000e+00 
4.2240e+01     4.4843e-04  0.0000e+00     1.8942e-02  0.0000e+00     5.7240e-03  0.0000e+00     2.4178e-01  0.0000e+00 
4.7394e+01     4.0668e-04  0.0000e+00     1.9274e-02  0.0000e+00     5.8244e-03  0.0000e+00     2.7604e-01  0.0000e+00 
5.3176e+01     2.5621e-04  0.0000e+00     1.3625e-02  0.0000e+00     4.1173e-03  0.0000e+00     2.1894e-01  0.0000e+00 
5.9665e+01     2.0050e-04  0.0000e+00     1.1963e-02  0.0000e+00     3.6152e-03  0.0000e+00     2.1570e-01  0.0000e+00 
6.6945e+01     1.0424e-04  0.0000e+00     6.9785e-03  0.0000e+00     2.1088e-03  0.0000e+00     1.4118e-01  0.0000e+00 
7.5114e+01     6.6361e-05  0.0000e+00     4.9846e-03  0.0000e+00     1.5063e-03  0.0000e+00     1.1314e-01  0.0000e+00 
8.4279e+01     1.9715e-05  0.0000e+00     1.6615e-03  0.0000e+00     5.0210e-04  0.0000e+00     4.2317e-02  0.0000e+00 
9.4563e+01     3.5142e-06  0.0000e+00     3.3231e-04  0.0000e+00     1.0042e-04  0.0000e+00     9.4961e-03  0.0000e+00 
1.0610e+02     9.3960e-06  0.0000e+00     9.9692e-04  0.0000e+00     3.0126e-04  0.0000e+00     3.1964e-02  0.0000e+00 
1.1905e+02     5.5828e-06  0.0000e+00     6.6461e-04  0.0000e+00     2.0084e-04  0.0000e+00     2.3910e-02  0.0000e+00 
1.3357e+02     2.4878e-06  0.0000e+00     3.3231e-04  0.0000e+00     1.0042e-04  0.0000e+00     1.3414e-02  0.0000e+00 
1.4987e+02     0.0000e+00  0.0000e+00     0.0000e+00  0.0000e+00     0.0000e+00  0.0000e+00     0.0000e+00  0.0000e+00 
1.6816e+02     0.0000e+00  0.0000e+00     0.0000e+00  0.0000e+00     0.0000e+00  0.0000e+00     0.0000e+00  0.0000e+00 
1.8868e+02     0.0000e+00  0.0000e+00     0.0000e+00  0.0000e+00     0.0000e+00  0.0000e+00     0.0000e+00  0.0000e+00 
2.1170e+02     0.0000e+00  0.0000e+00     0.0000e+00  0.0000e+00     0.0000e+00  0.0000e+00     0.0000e+00  0.0000e+00 
2.3753e+02     0.0000e+00  0.0000e+00     0.0000e+00  0.0000e+00     0.0000e+00  0.0000e+00     0.0000e+00  0.0000e+00 
2.6651e+02     0.0000e+00  0.0000e+00     0.0000e+00  0.0000e+00     0.0000e+00  0.0000e+00     0.0000e+00  0.0000e+00 
2.9903e+02     0.0000e+00  0.0000e+00     0.0000e+00  0.0000e+00     0.0000e+00  0.0000e+00     0.0000e+00  0.0000e+00 
3.3552e+02     0.0000e+00  0.0000e+00     0.0000e+00  0.0000e+00     0.0000e+00  0.0000e+00     0.0000e+00  0.0000e+00 
3.7646e+02     0.0000e+00  0.0000e+00     0.0000e+00  0.0000e+00     0.0000e+00  0.0000e+00     0.0000e+00  0.0000e+00 
4.2240e+02     0.0000e+00  0.0000e+00     0.0000e+00  0.0000e+00     0.0000e+00  0.0000e+00     0.0000e+00  0.0000e+00 
4.7394e+02     0.0000e+00  0.0000e+00     0.0000e+00  0.0000e+00     0.0000e+00  0.0000e+00     0.0000e+00  0.0000e+00 
5.3176e+02     0.0000e+00  0.0000e+00     0.0000e+00  0.0000e+00     0.0000e+00  0.0000e+00     0.0000e+00  0.0000e+00 
5.9665e+02     0.0000e+00  0.0000e+00     0.0000e+00  0.0000e+00     0.0000e+00  0.0000e+00     0.0000e+00  0.0000e+00 
6.6945e+02     0.0000e+00  0.0000e+00     0.0000e+00  0.0000e+00     0.0000e+00  0.0000e+00     0.0000e+00  0.0000e+00 
7.5114e+02     0.0000e+00  0.0000e+00     0.0000e+00  0.0000e+00     0.0000e+00  0.0000e+00     0.0000e+00  0.0000e+00 
8.4279e+02     0.0000e+00  0.0000e+00     0.0000e+00  0.0000e+00     0.0000e+00  0.0000e+00     0.0000e+00  0.0000e+00 
9.4563e+02     0.0000e+00  0.0000e+00     0.0000e+00  0.0000e+00     0.0000e+00  0.0000e+00     0.0000e+00  0.0000e+00 
1.0610e+03     0.0000e+00  0.0000e+00     0.0000e+00  0.0000e+00     0.0000e+00  0.0000e+00     0.0000e+00  0.0000e+00 
1.1905e+03     0.0000e+00  0.0000e+00     0.0000e+00  0.0000e+00     0.0000e+00  0.0000e+00     0.0000e+00  0.0000e+00 
1.3357e+03     0.0000e+00  0.0000e+00     0.0000e+00  0.0000e+00     0.0000e+00  0.0000e+00     0.0000e+00  0.0000e+00 
1.4987e+03     0.0000e+00  0.0000e+00     0.0000e+00  0.0000e+00     0.0000e+00  0.0000e+00     0.0000e+00  0.0000e+00 
1.6816e+03     0.0000e+00  0.0000e+00     0.0000e+00  0.0000e+00     0.0000e+00  0.0000e+00     0.0000e+00  0.0000e+00 
1.8868e+03     0.0000e+00  0.0000e+00     0.0000e+00  0.0000e+00     0.0000e+00  0.0000e+00     0.0000e+00  0.0000e+00 
2.1170e+03     0.0000e+00  0.0000e+00     0.0000e+00  0.0000e+00     0.0000e+00  0.0000e+00     0.0000e+00  0.0000e+00 
2.3753e+03     0.0000e+00  0.0000e+00     0.0000e+00  0.0000e+00     0.0000e+00  0.0000e+00     0.0000e+00  0.0000e+00 
2.6651e+03     0.0000e+00  0.0000e+00     0.0000e+00  0.0000e+00     0.0000e+00  0.0000e+00     0.0000e+00  0.0000e+00 
2.9903e+03     0.0000e+00  0.0000e+00     0.0000e+00  0.0000e+00     0.0000e+00  0.0000e+00     0.0000e+00  0.0000e+00 
3.3552e+03     0.0000e+00  0.0000e+00     0.0000e+00  0.0000e+00     0.0000e+00  0.0000e+00     0.0000e+00  0.0000e+00 
3.7646e+03     0.0000e+00  0.0000e+00     0.0000e+00  0.0000e+00     0.0000e+00  0.0000e+00     0.0000e+00  0.0000e+00 
4.2240e+03     0.0000e+00  0.0000e+00     0.0000e+00  0.0000e+00     0.0000e+00  0.0000e+00     0.0000e+00  0.0000e+00 
4.7394e+03     0.0000e+00  0.0000e+00     0.0000e+00  0.0000e+00     0.0000e+00  0.0000e+00     0.0000e+00  0.0000e+00 
5.3176e+03     0.0000e+00  0.0000e+00     0.0000e+00  0.0000e+00     0.0000e+00  0.0000e+00     0.0000e+00  0.0000e+00 
5.9665e+03     0.0000e+00  0.0000e+00     0.0000e+00  0.0000e+00     0.0000e+00  0.0000e+00     0.0000e+00  0.0000e+00 
6.6945e+03     0.0000e+00  0.0000e+00     0.0000e+00  0.0000e+00     0.0000e+00  0.0000e+00     0.0000e+00  0.0000e+00 
7.5114e+03     0.0000e+00  0.0000e+00     0.0000e+00  0.0000e+00     0.0000e+00  0.0000e+00     0.0000e+00  0.0000e+00 
8.4279e+03     0.0000e+00  0.0000e+00     0.0000e+00  0.0000e+00     0.0000e+00  0.0000e+00     0.0000e+00  0.0000e+00 
9.4563e+03     0.0000e+00  0.0000e+00     0.0000e+00  0.0000e+00     0.0000e+00  0.0000e+00     0.0000e+00  0.0000e+00 
