yF = 5.1599e+00 (std: 0.0000e+00) keV/um
yD = 2.4421e+01 (std: 0.0000e+00) keV/um
y (keV/um)     f(y)(std)                  yf(y)(std)                 d(y)(std)                  yd(y)(std)  
1.0610e-01     2.4720e+01  0.0000e+00     2.6229e+00  0.0000e+00     5.0832e-01  0.0000e+00     5.3933e-02  0.0000e+00 
1.1905e-01     1.7899e+00  0.0000e+00     2.1309e-01  0.0000e+00     4.1297e-02  0.0000e+00     4.9163e-03  0.0000e+00 
1.3357e-01     5.3609e-01  0.0000e+00     7.1608e-02  0.0000e+00     1.3878e-02  0.0000e+00     1.8537e-03  0.0000e+00 
1.4987e-01     2.7374e+00  0.0000e+00     4.1026e-01  0.0000e+00     7.9510e-02  0.0000e+00     1.1916e-02  0.0000e+00 
1.6816e-01     8.1898e-01  0.0000e+00     1.3772e-01  0.0000e+00     2.6690e-02  0.0000e+00     4.4882e-03  0.0000e+00 
1.8868e-01     5.9497e-01  0.0000e+00     1.1226e-01  0.0000e+00     2.1756e-02  0.0000e+00     4.1048e-03  0.0000e+00 
2.1170e-01     5.9040e-01  0.0000e+00     1.2499e-01  0.0000e+00     2.4223e-02  0.0000e+00     5.1280e-03  0.0000e+00 
2.3753e-01     5.7979e-01  0.0000e+00     1.3772e-01  0.0000e+00     2.6690e-02  0.0000e+00     6.3398e-03  0.0000e+00 
2.6651e-01     2.7900e-01  0.0000e+00     7.4356e-02  0.0000e+00     1.4411e-02  0.0000e+00     3.8406e-03  0.0000e+00 
2.9903e-01     2.3511e-01  0.0000e+00     7.0306e-02  0.0000e+00     1.3625e-02  0.0000e+00     4.0745e-03  0.0000e+00 
3.3552e-01     1.3168e+00  0.0000e+00     4.4180e-01  0.0000e+00     8.5622e-02  0.0000e+00     2.8728e-02  0.0000e+00 
3.7646e-01     8.7729e-01  0.0000e+00     3.3026e-01  0.0000e+00     6.4006e-02  0.0000e+00     2.4096e-02  0.0000e+00 
4.2240e-01     3.8734e-01  0.0000e+00     1.6361e-01  0.0000e+00     3.1709e-02  0.0000e+00     1.3394e-02  0.0000e+00 
4.7394e-01     3.9009e-01  0.0000e+00     1.8488e-01  0.0000e+00     3.5830e-02  0.0000e+00     1.6981e-02  0.0000e+00 
5.3176e-01     2.4919e-01  0.0000e+00     1.3251e-01  0.0000e+00     2.5681e-02  0.0000e+00     1.3656e-02  0.0000e+00 
5.9665e-01     1.2438e-01  0.0000e+00     7.4212e-02  0.0000e+00     1.4382e-02  0.0000e+00     8.5813e-03  0.0000e+00 
6.6945e-01     2.0377e-01  0.0000e+00     1.3642e-01  0.0000e+00     2.6438e-02  0.0000e+00     1.7699e-02  0.0000e+00 
7.5114e-01     1.8315e-01  0.0000e+00     1.3757e-01  0.0000e+00     2.6662e-02  0.0000e+00     2.0027e-02  0.0000e+00 
8.4279e-01     8.5308e-02  0.0000e+00     7.1897e-02  0.0000e+00     1.3934e-02  0.0000e+00     1.1743e-02  0.0000e+00 
9.4563e-01     5.2625e-02  0.0000e+00     4.9764e-02  0.0000e+00     9.6444e-03  0.0000e+00     9.1200e-03  0.0000e+00 
1.0610e+00     4.2403e-02  0.0000e+00     4.4990e-02  0.0000e+00     8.7192e-03  0.0000e+00     9.2511e-03  0.0000e+00 
1.1905e+00     2.0779e-02  0.0000e+00     2.4737e-02  0.0000e+00     4.7942e-03  0.0000e+00     5.7073e-03  0.0000e+00 
1.3357e+00     1.2888e-02  0.0000e+00     1.7215e-02  0.0000e+00     3.3363e-03  0.0000e+00     4.4564e-03  0.0000e+00 
1.4987e+00     7.0462e-03  0.0000e+00     1.0560e-02  0.0000e+00     2.0466e-03  0.0000e+00     3.0673e-03  0.0000e+00 
1.6816e+00     3.3551e-03  0.0000e+00     5.6418e-03  0.0000e+00     1.0934e-03  0.0000e+00     1.8387e-03  0.0000e+00 
1.8868e+00     1.0734e-03  0.0000e+00     2.0253e-03  0.0000e+00     3.9250e-04  0.0000e+00     7.4057e-04  0.0000e+00 
2.1170e+00     4.1000e-04  0.0000e+00     8.6797e-04  0.0000e+00     1.6822e-04  0.0000e+00     3.5611e-04  0.0000e+00 
2.3753e+00     1.8271e-04  0.0000e+00     4.3399e-04  0.0000e+00     8.4108e-05  0.0000e+00     1.9978e-04  0.0000e+00 
2.6651e+00     1.0856e-04  0.0000e+00     2.8932e-04  0.0000e+00     5.6072e-05  0.0000e+00     1.4944e-04  0.0000e+00 
2.9903e+00     0.0000e+00  0.0000e+00     0.0000e+00  0.0000e+00     0.0000e+00  0.0000e+00     0.0000e+00  0.0000e+00 
3.3552e+00     0.0000e+00  0.0000e+00     0.0000e+00  0.0000e+00     0.0000e+00  0.0000e+00     0.0000e+00  0.0000e+00 
3.7646e+00     0.0000e+00  0.0000e+00     0.0000e+00  0.0000e+00     0.0000e+00  0.0000e+00     0.0000e+00  0.0000e+00 
4.2240e+00     0.0000e+00  0.0000e+00     0.0000e+00  0.0000e+00     0.0000e+00  0.0000e+00     0.0000e+00  0.0000e+00 
4.7394e+00     0.0000e+00  0.0000e+00     0.0000e+00  0.0000e+00     0.0000e+00  0.0000e+00     0.0000e+00  0.0000e+00 
5.3176e+00     0.0000e+00  0.0000e+00     0.0000e+00  0.0000e+00     0.0000e+00  0.0000e+00     0.0000e+00  0.0000e+00 
5.9665e+00     1.1194e-01  0.0000e+00     6.6790e-01  0.0000e+00     1.2944e-01  0.0000e+00     7.7232e-01  0.0000e+00 
6.6945e+00     2.2365e-02  0.0000e+00     1.4973e-01  0.0000e+00     2.9017e-02  0.0000e+00     1.9426e-01  0.0000e+00 
7.5114e+00     6.3362e-03  0.0000e+00     4.7594e-02  0.0000e+00     9.2238e-03  0.0000e+00     6.9284e-02  0.0000e+00 
8.4279e+00     2.8991e-02  0.0000e+00     2.4433e-01  0.0000e+00     4.7353e-02  0.0000e+00     3.9908e-01  0.0000e+00 
9.4563e+00     1.7241e-02  0.0000e+00     1.6303e-01  0.0000e+00     3.1597e-02  0.0000e+00     2.9879e-01  0.0000e+00 
1.0610e+01     2.6887e-02  0.0000e+00     2.8527e-01  0.0000e+00     5.5287e-02  0.0000e+00     5.8660e-01  0.0000e+00 
1.1905e+01     1.8276e-02  0.0000e+00     2.1757e-01  0.0000e+00     4.2166e-02  0.0000e+00     5.0198e-01  0.0000e+00 
1.3357e+01     1.3830e-02  0.0000e+00     1.8473e-01  0.0000e+00     3.5802e-02  0.0000e+00     4.7822e-01  0.0000e+00 
1.4987e+01     8.1852e-03  0.0000e+00     1.2267e-01  0.0000e+00     2.3775e-02  0.0000e+00     3.5631e-01  0.0000e+00 
1.6816e+01     6.0477e-03  0.0000e+00     1.0170e-01  0.0000e+00     1.9709e-02  0.0000e+00     3.3143e-01  0.0000e+00 
1.8868e+01     4.8610e-03  0.0000e+00     9.1716e-02  0.0000e+00     1.7775e-02  0.0000e+00     3.3537e-01  0.0000e+00 
2.1170e+01     4.7629e-03  0.0000e+00     1.0083e-01  0.0000e+00     1.9541e-02  0.0000e+00     4.1368e-01  0.0000e+00 
2.3753e+01     4.4093e-03  0.0000e+00     1.0474e-01  0.0000e+00     2.0298e-02  0.0000e+00     4.8214e-01  0.0000e+00 
2.6651e+01     2.6814e-03  0.0000e+00     7.1463e-02  0.0000e+00     1.3850e-02  0.0000e+00     3.6912e-01  0.0000e+00 
2.9903e+01     2.1092e-03  0.0000e+00     6.3073e-02  0.0000e+00     1.2224e-02  0.0000e+00     3.6553e-01  0.0000e+00 
3.3552e+01     1.8755e-03  0.0000e+00     6.2928e-02  0.0000e+00     1.2196e-02  0.0000e+00     4.0919e-01  0.0000e+00 
3.7646e+01     1.4525e-03  0.0000e+00     5.4682e-02  0.0000e+00     1.0598e-02  0.0000e+00     3.9896e-01  0.0000e+00 
4.2240e+01     9.4524e-04  0.0000e+00     3.9927e-02  0.0000e+00     7.7379e-03  0.0000e+00     3.2685e-01  0.0000e+00 
4.7394e+01     8.2108e-04  0.0000e+00     3.8914e-02  0.0000e+00     7.5417e-03  0.0000e+00     3.5743e-01  0.0000e+00 
5.3176e+01     5.3864e-04  0.0000e+00     2.8643e-02  0.0000e+00     5.5511e-03  0.0000e+00     2.9519e-01  0.0000e+00 
5.9665e+01     3.2732e-04  0.0000e+00     1.9529e-02  0.0000e+00     3.7849e-03  0.0000e+00     2.2582e-01  0.0000e+00 
6.6945e+01     1.9664e-04  0.0000e+00     1.3164e-02  0.0000e+00     2.5513e-03  0.0000e+00     1.7080e-01  0.0000e+00 
7.5114e+01     1.1170e-04  0.0000e+00     8.3904e-03  0.0000e+00     1.6261e-03  0.0000e+00     1.2214e-01  0.0000e+00 
8.4279e+01     5.3210e-05  0.0000e+00     4.4845e-03  0.0000e+00     8.6912e-04  0.0000e+00     7.3248e-02  0.0000e+00 
9.4563e+01     2.2947e-05  0.0000e+00     2.1699e-03  0.0000e+00     4.2054e-04  0.0000e+00     3.9767e-02  0.0000e+00 
1.0610e+02     8.1806e-06  0.0000e+00     8.6797e-04  0.0000e+00     1.6822e-04  0.0000e+00     1.7848e-02  0.0000e+00 
1.1905e+02     3.6455e-06  0.0000e+00     4.3399e-04  0.0000e+00     8.4108e-05  0.0000e+00     1.0013e-02  0.0000e+00 
1.3357e+02     1.0830e-06  0.0000e+00     1.4466e-04  0.0000e+00     2.8036e-05  0.0000e+00     3.7449e-03  0.0000e+00 
1.4987e+02     0.0000e+00  0.0000e+00     0.0000e+00  0.0000e+00     0.0000e+00  0.0000e+00     0.0000e+00  0.0000e+00 
1.6816e+02     0.0000e+00  0.0000e+00     0.0000e+00  0.0000e+00     0.0000e+00  0.0000e+00     0.0000e+00  0.0000e+00 
1.8868e+02     0.0000e+00  0.0000e+00     0.0000e+00  0.0000e+00     0.0000e+00  0.0000e+00     0.0000e+00  0.0000e+00 
2.1170e+02     0.0000e+00  0.0000e+00     0.0000e+00  0.0000e+00     0.0000e+00  0.0000e+00     0.0000e+00  0.0000e+00 
2.3753e+02     0.0000e+00  0.0000e+00     0.0000e+00  0.0000e+00     0.0000e+00  0.0000e+00     0.0000e+00  0.0000e+00 
2.6651e+02     0.0000e+00  0.0000e+00     0.0000e+00  0.0000e+00     0.0000e+00  0.0000e+00     0.0000e+00  0.0000e+00 
2.9903e+02     0.0000e+00  0.0000e+00     0.0000e+00  0.0000e+00     0.0000e+00  0.0000e+00     0.0000e+00  0.0000e+00 
3.3552e+02     0.0000e+00  0.0000e+00     0.0000e+00  0.0000e+00     0.0000e+00  0.0000e+00     0.0000e+00  0.0000e+00 
3.7646e+02     0.0000e+00  0.0000e+00     0.0000e+00  0.0000e+00     0.0000e+00  0.0000e+00     0.0000e+00  0.0000e+00 
4.2240e+02     0.0000e+00  0.0000e+00     0.0000e+00  0.0000e+00     0.0000e+00  0.0000e+00     0.0000e+00  0.0000e+00 
4.7394e+02     0.0000e+00  0.0000e+00     0.0000e+00  0.0000e+00     0.0000e+00  0.0000e+00     0.0000e+00  0.0000e+00 
5.3176e+02     0.0000e+00  0.0000e+00     0.0000e+00  0.0000e+00     0.0000e+00  0.0000e+00     0.0000e+00  0.0000e+00 
5.9665e+02     0.0000e+00  0.0000e+00     0.0000e+00  0.0000e+00     0.0000e+00  0.0000e+00     0.0000e+00  0.0000e+00 
6.6945e+02     0.0000e+00  0.0000e+00     0.0000e+00  0.0000e+00     0.0000e+00  0.0000e+00     0.0000e+00  0.0000e+00 
7.5114e+02     0.0000e+00  0.0000e+00     0.0000e+00  0.0000e+00     0.0000e+00  0.0000e+00     0.0000e+00  0.0000e+00 
8.4279e+02     0.0000e+00  0.0000e+00     0.0000e+00  0.0000e+00     0.0000e+00  0.0000e+00     0.0000e+00  0.0000e+00 
9.4563e+02     0.0000e+00  0.0000e+00     0.0000e+00  0.0000e+00     0.0000e+00  0.0000e+00     0.0000e+00  0.0000e+00 
1.0610e+03     0.0000e+00  0.0000e+00     0.0000e+00  0.0000e+00     0.0000e+00  0.0000e+00     0.0000e+00  0.0000e+00 
1.1905e+03     0.0000e+00  0.0000e+00     0.0000e+00  0.0000e+00     0.0000e+00  0.0000e+00     0.0000e+00  0.0000e+00 
1.3357e+03     0.0000e+00  0.0000e+00     0.0000e+00  0.0000e+00     0.0000e+00  0.0000e+00     0.0000e+00  0.0000e+00 
1.4987e+03     0.0000e+00  0.0000e+00     0.0000e+00  0.0000e+00     0.0000e+00  0.0000e+00     0.0000e+00  0.0000e+00 
1.6816e+03     0.0000e+00  0.0000e+00     0.0000e+00  0.0000e+00     0.0000e+00  0.0000e+00     0.0000e+00  0.0000e+00 
1.8868e+03     0.0000e+00  0.0000e+00     0.0000e+00  0.0000e+00     0.0000e+00  0.0000e+00     0.0000e+00  0.0000e+00 
2.1170e+03     0.0000e+00  0.0000e+00     0.0000e+00  0.0000e+00     0.0000e+00  0.0000e+00     0.0000e+00  0.0000e+00 
2.3753e+03     0.0000e+00  0.0000e+00     0.0000e+00  0.0000e+00     0.0000e+00  0.0000e+00     0.0000e+00  0.0000e+00 
2.6651e+03     0.0000e+00  0.0000e+00     0.0000e+00  0.0000e+00     0.0000e+00  0.0000e+00     0.0000e+00  0.0000e+00 
2.9903e+03     0.0000e+00  0.0000e+00     0.0000e+00  0.0000e+00     0.0000e+00  0.0000e+00     0.0000e+00  0.0000e+00 
3.3552e+03     0.0000e+00  0.0000e+00     0.0000e+00  0.0000e+00     0.0000e+00  0.0000e+00     0.0000e+00  0.0000e+00 
3.7646e+03     0.0000e+00  0.0000e+00     0.0000e+00  0.0000e+00     0.0000e+00  0.0000e+00     0.0000e+00  0.0000e+00 
4.2240e+03     0.0000e+00  0.0000e+00     0.0000e+00  0.0000e+00     0.0000e+00  0.0000e+00     0.0000e+00  0.0000e+00 
4.7394e+03     0.0000e+00  0.0000e+00     0.0000e+00  0.0000e+00     0.0000e+00  0.0000e+00     0.0000e+00  0.0000e+00 
5.3176e+03     0.0000e+00  0.0000e+00     0.0000e+00  0.0000e+00     0.0000e+00  0.0000e+00     0.0000e+00  0.0000e+00 
5.9665e+03     0.0000e+00  0.0000e+00     0.0000e+00  0.0000e+00     0.0000e+00  0.0000e+00     0.0000e+00  0.0000e+00 
6.6945e+03     0.0000e+00  0.0000e+00     0.0000e+00  0.0000e+00     0.0000e+00  0.0000e+00     0.0000e+00  0.0000e+00 
7.5114e+03     0.0000e+00  0.0000e+00     0.0000e+00  0.0000e+00     0.0000e+00  0.0000e+00     0.0000e+00  0.0000e+00 
8.4279e+03     0.0000e+00  0.0000e+00     0.0000e+00  0.0000e+00     0.0000e+00  0.0000e+00     0.0000e+00  0.0000e+00 
9.4563e+03     0.0000e+00  0.0000e+00     0.0000e+00  0.0000e+00     0.0000e+00  0.0000e+00     0.0000e+00  0.0000e+00 
