yF = 1.4374e+01 (std: 0.0000e+00) keV/um
yD = 3.5417e+01 (std: 0.0000e+00) keV/um
y (keV/um)     f(y)(std)                  yf(y)(std)                 d(y)(std)                  yd(y)(std)  
1.0610e-01     8.6937e+00  0.0000e+00     9.2241e-01  0.0000e+00     6.4170e-02  0.0000e+00     6.8085e-03  0.0000e+00 
1.1905e-01     8.9208e-01  0.0000e+00     1.0620e-01  0.0000e+00     7.3881e-03  0.0000e+00     8.7953e-04  0.0000e+00 
1.3357e-01     3.8620e-01  0.0000e+00     5.1586e-02  0.0000e+00     3.5888e-03  0.0000e+00     4.7936e-04  0.0000e+00 
1.4987e-01     1.1708e+00  0.0000e+00     1.7547e-01  0.0000e+00     1.2208e-02  0.0000e+00     1.8296e-03  0.0000e+00 
1.6816e-01     5.2076e-01  0.0000e+00     8.7570e-02  0.0000e+00     6.0921e-03  0.0000e+00     1.0244e-03  0.0000e+00 
1.8868e-01     4.2143e-01  0.0000e+00     7.9514e-02  0.0000e+00     5.5316e-03  0.0000e+00     1.0437e-03  0.0000e+00 
2.1170e-01     4.2973e-01  0.0000e+00     9.0973e-02  0.0000e+00     6.3288e-03  0.0000e+00     1.3398e-03  0.0000e+00 
2.3753e-01     4.1072e-01  0.0000e+00     9.7558e-02  0.0000e+00     6.7869e-03  0.0000e+00     1.6121e-03  0.0000e+00 
2.6651e-01     2.5379e-01  0.0000e+00     6.7637e-02  0.0000e+00     4.7054e-03  0.0000e+00     1.2541e-03  0.0000e+00 
2.9903e-01     2.1799e-01  0.0000e+00     6.5185e-02  0.0000e+00     4.5348e-03  0.0000e+00     1.3561e-03  0.0000e+00 
3.3552e-01     5.3543e-01  0.0000e+00     1.7965e-01  0.0000e+00     1.2498e-02  0.0000e+00     4.1933e-03  0.0000e+00 
3.7646e-01     4.5694e-01  0.0000e+00     1.7202e-01  0.0000e+00     1.1967e-02  0.0000e+00     4.5052e-03  0.0000e+00 
4.2240e-01     2.8584e-01  0.0000e+00     1.2074e-01  0.0000e+00     8.3995e-03  0.0000e+00     3.5479e-03  0.0000e+00 
4.7394e-01     2.8536e-01  0.0000e+00     1.3524e-01  0.0000e+00     9.4086e-03  0.0000e+00     4.4591e-03  0.0000e+00 
5.3176e-01     2.3482e-01  0.0000e+00     1.2487e-01  0.0000e+00     8.6870e-03  0.0000e+00     4.6194e-03  0.0000e+00 
5.9665e-01     1.5879e-01  0.0000e+00     9.4740e-02  0.0000e+00     6.5909e-03  0.0000e+00     3.9325e-03  0.0000e+00 
6.6945e-01     1.5968e-01  0.0000e+00     1.0690e-01  0.0000e+00     7.4367e-03  0.0000e+00     4.9785e-03  0.0000e+00 
7.5114e-01     1.5372e-01  0.0000e+00     1.1547e-01  0.0000e+00     8.0328e-03  0.0000e+00     6.0337e-03  0.0000e+00 
8.4279e-01     1.0658e-01  0.0000e+00     8.9825e-02  0.0000e+00     6.2490e-03  0.0000e+00     5.2666e-03  0.0000e+00 
9.4563e-01     7.9108e-02  0.0000e+00     7.4807e-02  0.0000e+00     5.2042e-03  0.0000e+00     4.9212e-03  0.0000e+00 
1.0610e+00     6.0551e-02  0.0000e+00     6.4245e-02  0.0000e+00     4.4695e-03  0.0000e+00     4.7421e-03  0.0000e+00 
1.1905e+00     4.3920e-02  0.0000e+00     5.2286e-02  0.0000e+00     3.6374e-03  0.0000e+00     4.3302e-03  0.0000e+00 
1.3357e+00     2.9393e-02  0.0000e+00     3.9261e-02  0.0000e+00     2.7313e-03  0.0000e+00     3.6483e-03  0.0000e+00 
1.4987e+00     1.8481e-02  0.0000e+00     2.7698e-02  0.0000e+00     1.9269e-03  0.0000e+00     2.8879e-03  0.0000e+00 
1.6816e+00     1.0917e-02  0.0000e+00     1.8357e-02  0.0000e+00     1.2771e-03  0.0000e+00     2.1475e-03  0.0000e+00 
1.8868e+00     6.3665e-03  0.0000e+00     1.2012e-02  0.0000e+00     8.3566e-04  0.0000e+00     1.5767e-03  0.0000e+00 
2.1170e+00     3.1994e-03  0.0000e+00     6.7731e-03  0.0000e+00     4.7119e-04  0.0000e+00     9.9752e-04  0.0000e+00 
2.3753e+00     1.4894e-03  0.0000e+00     3.5379e-03  0.0000e+00     2.4612e-04  0.0000e+00     5.8462e-04  0.0000e+00 
2.6651e+00     6.6178e-04  0.0000e+00     1.7637e-03  0.0000e+00     1.2270e-04  0.0000e+00     3.2701e-04  0.0000e+00 
2.9903e+00     2.5826e-04  0.0000e+00     7.7228e-04  0.0000e+00     5.3726e-05  0.0000e+00     1.6066e-04  0.0000e+00 
3.3552e+00     9.3314e-05  0.0000e+00     3.1309e-04  0.0000e+00     2.1781e-05  0.0000e+00     7.3080e-05  0.0000e+00 
3.7646e+00     4.1583e-05  0.0000e+00     1.5654e-04  0.0000e+00     1.0890e-05  0.0000e+00     4.0998e-05  0.0000e+00 
4.2240e+00     7.4122e-06  0.0000e+00     3.1309e-05  0.0000e+00     2.1781e-06  0.0000e+00     9.2002e-06  0.0000e+00 
4.7394e+00     2.2020e-06  0.0000e+00     1.0436e-05  0.0000e+00     7.2603e-07  0.0000e+00     3.4409e-06  0.0000e+00 
5.3176e+00     0.0000e+00  0.0000e+00     0.0000e+00  0.0000e+00     0.0000e+00  0.0000e+00     0.0000e+00  0.0000e+00 
5.9665e+00     5.2840e-02  0.0000e+00     3.1527e-01  0.0000e+00     2.1933e-02  0.0000e+00     1.3086e-01  0.0000e+00 
6.6945e+00     3.1635e-02  0.0000e+00     2.1178e-01  0.0000e+00     1.4733e-02  0.0000e+00     9.8633e-02  0.0000e+00 
7.5114e+00     1.0655e-02  0.0000e+00     8.0035e-02  0.0000e+00     5.5679e-03  0.0000e+00     4.1823e-02  0.0000e+00 
8.4279e+00     3.0801e-02  0.0000e+00     2.5959e-01  0.0000e+00     1.8059e-02  0.0000e+00     1.5220e-01  0.0000e+00 
9.4563e+00     3.4845e-02  0.0000e+00     3.2950e-01  0.0000e+00     2.2923e-02  0.0000e+00     2.1677e-01  0.0000e+00 
1.0610e+01     4.2795e-02  0.0000e+00     4.5406e-01  0.0000e+00     3.1588e-02  0.0000e+00     3.3515e-01  0.0000e+00 
1.1905e+01     2.9387e-02  0.0000e+00     3.4984e-01  0.0000e+00     2.4338e-02  0.0000e+00     2.8974e-01  0.0000e+00 
1.3357e+01     1.9992e-02  0.0000e+00     2.6704e-01  0.0000e+00     1.8578e-02  0.0000e+00     2.4815e-01  0.0000e+00 
1.4987e+01     1.6020e-02  0.0000e+00     2.4010e-01  0.0000e+00     1.6703e-02  0.0000e+00     2.5033e-01  0.0000e+00 
1.6816e+01     2.5650e-02  0.0000e+00     4.3133e-01  0.0000e+00     3.0007e-02  0.0000e+00     5.0459e-01  0.0000e+00 
1.8868e+01     1.6806e-02  0.0000e+00     3.1708e-01  0.0000e+00     2.2059e-02  0.0000e+00     4.1620e-01  0.0000e+00 
2.1170e+01     1.2368e-02  0.0000e+00     2.6183e-01  0.0000e+00     1.8215e-02  0.0000e+00     3.8562e-01  0.0000e+00 
2.3753e+01     1.2473e-02  0.0000e+00     2.9627e-01  0.0000e+00     2.0611e-02  0.0000e+00     4.8958e-01  0.0000e+00 
2.6651e+01     1.0766e-02  0.0000e+00     2.8693e-01  0.0000e+00     1.9962e-02  0.0000e+00     5.3200e-01  0.0000e+00 
2.9903e+01     8.0458e-03  0.0000e+00     2.4060e-01  0.0000e+00     1.6738e-02  0.0000e+00     5.0052e-01  0.0000e+00 
3.3552e+01     6.9068e-03  0.0000e+00     2.3174e-01  0.0000e+00     1.6122e-02  0.0000e+00     5.4091e-01  0.0000e+00 
3.7646e+01     5.3675e-03  0.0000e+00     2.0207e-01  0.0000e+00     1.4057e-02  0.0000e+00     5.2921e-01  0.0000e+00 
4.2240e+01     4.1360e-03  0.0000e+00     1.7470e-01  0.0000e+00     1.2154e-02  0.0000e+00     5.1337e-01  0.0000e+00 
4.7394e+01     3.1137e-03  0.0000e+00     1.4757e-01  0.0000e+00     1.0266e-02  0.0000e+00     4.8655e-01  0.0000e+00 
5.3176e+01     2.2546e-03  0.0000e+00     1.1989e-01  0.0000e+00     8.3407e-03  0.0000e+00     4.4353e-01  0.0000e+00 
5.9665e+01     1.5863e-03  0.0000e+00     9.4646e-02  0.0000e+00     6.5844e-03  0.0000e+00     3.9286e-01  0.0000e+00 
6.6945e+01     1.0574e-03  0.0000e+00     7.0789e-02  0.0000e+00     4.9247e-03  0.0000e+00     3.2968e-01  0.0000e+00 
7.5114e+01     6.7649e-04  0.0000e+00     5.0814e-02  0.0000e+00     3.5351e-03  0.0000e+00     2.6553e-01  0.0000e+00 
8.4279e+01     3.9254e-04  0.0000e+00     3.3083e-02  0.0000e+00     2.3015e-03  0.0000e+00     1.9397e-01  0.0000e+00 
9.4563e+01     2.1576e-04  0.0000e+00     2.0403e-02  0.0000e+00     1.4194e-03  0.0000e+00     1.3422e-01  0.0000e+00 
1.0610e+02     1.0987e-04  0.0000e+00     1.1657e-02  0.0000e+00     8.1098e-04  0.0000e+00     8.6045e-02  0.0000e+00 
1.1905e+02     5.3738e-05  0.0000e+00     6.3974e-03  0.0000e+00     4.4506e-04  0.0000e+00     5.2983e-02  0.0000e+00 
1.3357e+02     2.2189e-05  0.0000e+00     2.9639e-03  0.0000e+00     2.0619e-04  0.0000e+00     2.7542e-02  0.0000e+00 
1.4987e+02     8.2169e-06  0.0000e+00     1.2315e-03  0.0000e+00     8.5672e-05  0.0000e+00     1.2840e-02  0.0000e+00 
1.6816e+02     2.7307e-06  0.0000e+00     4.5919e-04  0.0000e+00     3.1945e-05  0.0000e+00     5.3719e-03  0.0000e+00 
1.8868e+02     7.7438e-07  0.0000e+00     1.4611e-04  0.0000e+00     1.0164e-05  0.0000e+00     1.9178e-03  0.0000e+00 
2.1170e+02     1.4789e-07  0.0000e+00     3.1309e-05  0.0000e+00     2.1781e-06  0.0000e+00     4.6110e-04  0.0000e+00 
2.3753e+02     1.3181e-07  0.0000e+00     3.1309e-05  0.0000e+00     2.1781e-06  0.0000e+00     5.1736e-04  0.0000e+00 
2.6651e+02     3.9158e-08  0.0000e+00     1.0436e-05  0.0000e+00     7.2603e-07  0.0000e+00     1.9350e-04  0.0000e+00 
2.9903e+02     0.0000e+00  0.0000e+00     0.0000e+00  0.0000e+00     0.0000e+00  0.0000e+00     0.0000e+00  0.0000e+00 
3.3552e+02     0.0000e+00  0.0000e+00     0.0000e+00  0.0000e+00     0.0000e+00  0.0000e+00     0.0000e+00  0.0000e+00 
3.7646e+02     0.0000e+00  0.0000e+00     0.0000e+00  0.0000e+00     0.0000e+00  0.0000e+00     0.0000e+00  0.0000e+00 
4.2240e+02     0.0000e+00  0.0000e+00     0.0000e+00  0.0000e+00     0.0000e+00  0.0000e+00     0.0000e+00  0.0000e+00 
4.7394e+02     0.0000e+00  0.0000e+00     0.0000e+00  0.0000e+00     0.0000e+00  0.0000e+00     0.0000e+00  0.0000e+00 
5.3176e+02     0.0000e+00  0.0000e+00     0.0000e+00  0.0000e+00     0.0000e+00  0.0000e+00     0.0000e+00  0.0000e+00 
5.9665e+02     0.0000e+00  0.0000e+00     0.0000e+00  0.0000e+00     0.0000e+00  0.0000e+00     0.0000e+00  0.0000e+00 
6.6945e+02     0.0000e+00  0.0000e+00     0.0000e+00  0.0000e+00     0.0000e+00  0.0000e+00     0.0000e+00  0.0000e+00 
7.5114e+02     0.0000e+00  0.0000e+00     0.0000e+00  0.0000e+00     0.0000e+00  0.0000e+00     0.0000e+00  0.0000e+00 
8.4279e+02     0.0000e+00  0.0000e+00     0.0000e+00  0.0000e+00     0.0000e+00  0.0000e+00     0.0000e+00  0.0000e+00 
9.4563e+02     0.0000e+00  0.0000e+00     0.0000e+00  0.0000e+00     0.0000e+00  0.0000e+00     0.0000e+00  0.0000e+00 
1.0610e+03     0.0000e+00  0.0000e+00     0.0000e+00  0.0000e+00     0.0000e+00  0.0000e+00     0.0000e+00  0.0000e+00 
1.1905e+03     0.0000e+00  0.0000e+00     0.0000e+00  0.0000e+00     0.0000e+00  0.0000e+00     0.0000e+00  0.0000e+00 
1.3357e+03     0.0000e+00  0.0000e+00     0.0000e+00  0.0000e+00     0.0000e+00  0.0000e+00     0.0000e+00  0.0000e+00 
1.4987e+03     0.0000e+00  0.0000e+00     0.0000e+00  0.0000e+00     0.0000e+00  0.0000e+00     0.0000e+00  0.0000e+00 
1.6816e+03     0.0000e+00  0.0000e+00     0.0000e+00  0.0000e+00     0.0000e+00  0.0000e+00     0.0000e+00  0.0000e+00 
1.8868e+03     0.0000e+00  0.0000e+00     0.0000e+00  0.0000e+00     0.0000e+00  0.0000e+00     0.0000e+00  0.0000e+00 
2.1170e+03     0.0000e+00  0.0000e+00     0.0000e+00  0.0000e+00     0.0000e+00  0.0000e+00     0.0000e+00  0.0000e+00 
2.3753e+03     0.0000e+00  0.0000e+00     0.0000e+00  0.0000e+00     0.0000e+00  0.0000e+00     0.0000e+00  0.0000e+00 
2.6651e+03     0.0000e+00  0.0000e+00     0.0000e+00  0.0000e+00     0.0000e+00  0.0000e+00     0.0000e+00  0.0000e+00 
2.9903e+03     0.0000e+00  0.0000e+00     0.0000e+00  0.0000e+00     0.0000e+00  0.0000e+00     0.0000e+00  0.0000e+00 
3.3552e+03     0.0000e+00  0.0000e+00     0.0000e+00  0.0000e+00     0.0000e+00  0.0000e+00     0.0000e+00  0.0000e+00 
3.7646e+03     0.0000e+00  0.0000e+00     0.0000e+00  0.0000e+00     0.0000e+00  0.0000e+00     0.0000e+00  0.0000e+00 
4.2240e+03     0.0000e+00  0.0000e+00     0.0000e+00  0.0000e+00     0.0000e+00  0.0000e+00     0.0000e+00  0.0000e+00 
4.7394e+03     0.0000e+00  0.0000e+00     0.0000e+00  0.0000e+00     0.0000e+00  0.0000e+00     0.0000e+00  0.0000e+00 
5.3176e+03     0.0000e+00  0.0000e+00     0.0000e+00  0.0000e+00     0.0000e+00  0.0000e+00     0.0000e+00  0.0000e+00 
5.9665e+03     0.0000e+00  0.0000e+00     0.0000e+00  0.0000e+00     0.0000e+00  0.0000e+00     0.0000e+00  0.0000e+00 
6.6945e+03     0.0000e+00  0.0000e+00     0.0000e+00  0.0000e+00     0.0000e+00  0.0000e+00     0.0000e+00  0.0000e+00 
7.5114e+03     0.0000e+00  0.0000e+00     0.0000e+00  0.0000e+00     0.0000e+00  0.0000e+00     0.0000e+00  0.0000e+00 
8.4279e+03     0.0000e+00  0.0000e+00     0.0000e+00  0.0000e+00     0.0000e+00  0.0000e+00     0.0000e+00  0.0000e+00 
9.4563e+03     0.0000e+00  0.0000e+00     0.0000e+00  0.0000e+00     0.0000e+00  0.0000e+00     0.0000e+00  0.0000e+00 
