yF = 7.1192e+00 (std: 0.0000e+00) keV/um
yD = 2.4685e+01 (std: 0.0000e+00) keV/um
y (keV/um)     f(y)(std)                  yf(y)(std)                 d(y)(std)                  yd(y)(std)  
1.0610e-01     2.2157e+01  0.0000e+00     2.3508e+00  0.0000e+00     3.3021e-01  0.0000e+00     3.5036e-02  0.0000e+00 
1.1905e-01     1.6493e+00  0.0000e+00     1.9635e-01  0.0000e+00     2.7581e-02  0.0000e+00     3.2834e-03  0.0000e+00 
1.3357e-01     5.0092e-01  0.0000e+00     6.6909e-02  0.0000e+00     9.3985e-03  0.0000e+00     1.2554e-03  0.0000e+00 
1.4987e-01     2.3497e+00  0.0000e+00     3.5216e-01  0.0000e+00     4.9466e-02  0.0000e+00     7.4135e-03  0.0000e+00 
1.6816e-01     7.2183e-01  0.0000e+00     1.2138e-01  0.0000e+00     1.7050e-02  0.0000e+00     2.8671e-03  0.0000e+00 
1.8868e-01     4.9384e-01  0.0000e+00     9.3176e-02  0.0000e+00     1.3088e-02  0.0000e+00     2.4694e-03  0.0000e+00 
2.1170e-01     5.2026e-01  0.0000e+00     1.1014e-01  0.0000e+00     1.5471e-02  0.0000e+00     3.2752e-03  0.0000e+00 
2.3753e-01     4.9238e-01  0.0000e+00     1.1695e-01  0.0000e+00     1.6428e-02  0.0000e+00     3.9022e-03  0.0000e+00 
2.6651e-01     2.2399e-01  0.0000e+00     5.9696e-02  0.0000e+00     8.3853e-03  0.0000e+00     2.2348e-03  0.0000e+00 
2.9903e-01     1.9298e-01  0.0000e+00     5.7706e-02  0.0000e+00     8.1057e-03  0.0000e+00     2.4239e-03  0.0000e+00 
3.3552e-01     1.0640e+00  0.0000e+00     3.5698e-01  0.0000e+00     5.0144e-02  0.0000e+00     1.6824e-02  0.0000e+00 
3.7646e-01     6.8913e-01  0.0000e+00     2.5943e-01  0.0000e+00     3.6441e-02  0.0000e+00     1.3719e-02  0.0000e+00 
4.2240e-01     3.1269e-01  0.0000e+00     1.3208e-01  0.0000e+00     1.8552e-02  0.0000e+00     7.8364e-03  0.0000e+00 
4.7394e-01     2.9978e-01  0.0000e+00     1.4208e-01  0.0000e+00     1.9957e-02  0.0000e+00     9.4583e-03  0.0000e+00 
5.3176e-01     1.9140e-01  0.0000e+00     1.0178e-01  0.0000e+00     1.4297e-02  0.0000e+00     7.6026e-03  0.0000e+00 
5.9665e-01     9.9218e-02  0.0000e+00     5.9199e-02  0.0000e+00     8.3154e-03  0.0000e+00     4.9614e-03  0.0000e+00 
6.6945e-01     1.5724e-01  0.0000e+00     1.0526e-01  0.0000e+00     1.4786e-02  0.0000e+00     9.8985e-03  0.0000e+00 
7.5114e-01     1.3504e-01  0.0000e+00     1.0143e-01  0.0000e+00     1.4248e-02  0.0000e+00     1.0702e-02  0.0000e+00 
8.4279e-01     6.4516e-02  0.0000e+00     5.4373e-02  0.0000e+00     7.6376e-03  0.0000e+00     6.4369e-03  0.0000e+00 
9.4563e-01     3.9613e-02  0.0000e+00     3.7459e-02  0.0000e+00     5.2617e-03  0.0000e+00     4.9756e-03  0.0000e+00 
1.0610e+00     2.9304e-02  0.0000e+00     3.1092e-02  0.0000e+00     4.3673e-03  0.0000e+00     4.6338e-03  0.0000e+00 
1.1905e+00     1.6172e-02  0.0000e+00     1.9252e-02  0.0000e+00     2.7042e-03  0.0000e+00     3.2193e-03  0.0000e+00 
1.3357e+00     9.2735e-03  0.0000e+00     1.2387e-02  0.0000e+00     1.7399e-03  0.0000e+00     2.3241e-03  0.0000e+00 
1.4987e+00     4.9789e-03  0.0000e+00     7.4620e-03  0.0000e+00     1.0482e-03  0.0000e+00     1.5709e-03  0.0000e+00 
1.6816e+00     2.4850e-03  0.0000e+00     4.1787e-03  0.0000e+00     5.8697e-04  0.0000e+00     9.8704e-04  0.0000e+00 
1.8868e+00     8.7008e-04  0.0000e+00     1.6416e-03  0.0000e+00     2.3059e-04  0.0000e+00     4.3508e-04  0.0000e+00 
2.1170e+00     2.8199e-04  0.0000e+00     5.9696e-04  0.0000e+00     8.3853e-05  0.0000e+00     1.7752e-04  0.0000e+00 
2.3753e+00     1.6755e-04  0.0000e+00     3.9797e-04  0.0000e+00     5.5902e-05  0.0000e+00     1.3278e-04  0.0000e+00 
2.6651e+00     1.8666e-05  0.0000e+00     4.9747e-05  0.0000e+00     6.9877e-06  0.0000e+00     1.8623e-05  0.0000e+00 
2.9903e+00     0.0000e+00  0.0000e+00     0.0000e+00  0.0000e+00     0.0000e+00  0.0000e+00     0.0000e+00  0.0000e+00 
3.3552e+00     0.0000e+00  0.0000e+00     0.0000e+00  0.0000e+00     0.0000e+00  0.0000e+00     0.0000e+00  0.0000e+00 
3.7646e+00     0.0000e+00  0.0000e+00     0.0000e+00  0.0000e+00     0.0000e+00  0.0000e+00     0.0000e+00  0.0000e+00 
4.2240e+00     0.0000e+00  0.0000e+00     0.0000e+00  0.0000e+00     0.0000e+00  0.0000e+00     0.0000e+00  0.0000e+00 
4.7394e+00     0.0000e+00  0.0000e+00     0.0000e+00  0.0000e+00     0.0000e+00  0.0000e+00     0.0000e+00  0.0000e+00 
5.3176e+00     0.0000e+00  0.0000e+00     0.0000e+00  0.0000e+00     0.0000e+00  0.0000e+00     0.0000e+00  0.0000e+00 
5.9665e+00     6.6243e-02  0.0000e+00     3.9524e-01  0.0000e+00     5.5517e-02  0.0000e+00     3.3124e-01  0.0000e+00 
6.6945e+00     1.8340e-02  0.0000e+00     1.2277e-01  0.0000e+00     1.7246e-02  0.0000e+00     1.1545e-01  0.0000e+00 
7.5114e+00     6.4573e-03  0.0000e+00     4.8503e-02  0.0000e+00     6.8130e-03  0.0000e+00     5.1175e-02  0.0000e+00 
8.4279e+00     4.4553e-02  0.0000e+00     3.7549e-01  0.0000e+00     5.2743e-02  0.0000e+00     4.4451e-01  0.0000e+00 
9.4563e+00     2.4783e-02  0.0000e+00     2.3436e-01  0.0000e+00     3.2919e-02  0.0000e+00     3.1129e-01  0.0000e+00 
1.0610e+01     4.1288e-02  0.0000e+00     4.3807e-01  0.0000e+00     6.1534e-02  0.0000e+00     6.5288e-01  0.0000e+00 
1.1905e+01     2.9966e-02  0.0000e+00     3.5673e-01  0.0000e+00     5.0109e-02  0.0000e+00     5.9653e-01  0.0000e+00 
1.3357e+01     2.6268e-02  0.0000e+00     3.5086e-01  0.0000e+00     4.9284e-02  0.0000e+00     6.5831e-01  0.0000e+00 
1.4987e+01     1.6799e-02  0.0000e+00     2.5177e-01  0.0000e+00     3.5365e-02  0.0000e+00     5.3002e-01  0.0000e+00 
1.6816e+01     1.0191e-02  0.0000e+00     1.7138e-01  0.0000e+00     2.4073e-02  0.0000e+00     4.0480e-01  0.0000e+00 
1.8868e+01     7.8044e-03  0.0000e+00     1.4725e-01  0.0000e+00     2.0684e-02  0.0000e+00     3.9025e-01  0.0000e+00 
2.1170e+01     6.0180e-03  0.0000e+00     1.2740e-01  0.0000e+00     1.7896e-02  0.0000e+00     3.7885e-01  0.0000e+00 
2.3753e+01     5.4411e-03  0.0000e+00     1.2924e-01  0.0000e+00     1.8154e-02  0.0000e+00     4.3121e-01  0.0000e+00 
2.6651e+01     5.7472e-03  0.0000e+00     1.5317e-01  0.0000e+00     2.1515e-02  0.0000e+00     5.7341e-01  0.0000e+00 
2.9903e+01     2.9096e-03  0.0000e+00     8.7007e-02  0.0000e+00     1.2222e-02  0.0000e+00     3.6546e-01  0.0000e+00 
3.3552e+01     2.4701e-03  0.0000e+00     8.2878e-02  0.0000e+00     1.1642e-02  0.0000e+00     3.9060e-01  0.0000e+00 
3.7646e+01     1.8844e-03  0.0000e+00     7.0939e-02  0.0000e+00     9.9645e-03  0.0000e+00     3.7512e-01  0.0000e+00 
4.2240e+01     1.3285e-03  0.0000e+00     5.6114e-02  0.0000e+00     7.8821e-03  0.0000e+00     3.3294e-01  0.0000e+00 
4.7394e+01     1.0077e-03  0.0000e+00     4.7757e-02  0.0000e+00     6.7082e-03  0.0000e+00     3.1793e-01  0.0000e+00 
5.3176e+01     6.1743e-04  0.0000e+00     3.2833e-02  0.0000e+00     4.6119e-03  0.0000e+00     2.4524e-01  0.0000e+00 
5.9665e+01     3.9771e-04  0.0000e+00     2.3729e-02  0.0000e+00     3.3331e-03  0.0000e+00     1.9887e-01  0.0000e+00 
6.6945e+01     2.4745e-04  0.0000e+00     1.6566e-02  0.0000e+00     2.3269e-03  0.0000e+00     1.5578e-01  0.0000e+00 
7.5114e+01     1.3113e-04  0.0000e+00     9.8499e-03  0.0000e+00     1.3836e-03  0.0000e+00     1.0392e-01  0.0000e+00 
8.4279e+01     8.7359e-05  0.0000e+00     7.3625e-03  0.0000e+00     1.0342e-03  0.0000e+00     8.7160e-02  0.0000e+00 
9.4563e+01     3.5773e-05  0.0000e+00     3.3828e-03  0.0000e+00     4.7516e-04  0.0000e+00     4.4933e-02  0.0000e+00 
1.0610e+02     1.5941e-05  0.0000e+00     1.6914e-03  0.0000e+00     2.3758e-04  0.0000e+00     2.5208e-02  0.0000e+00 
1.1905e+02     4.5966e-06  0.0000e+00     5.4721e-04  0.0000e+00     7.6865e-05  0.0000e+00     9.1505e-03  0.0000e+00 
1.3357e+02     3.7243e-07  0.0000e+00     4.9747e-05  0.0000e+00     6.9877e-06  0.0000e+00     9.3337e-04  0.0000e+00 
1.4987e+02     3.3193e-07  0.0000e+00     4.9747e-05  0.0000e+00     6.9877e-06  0.0000e+00     1.0473e-03  0.0000e+00 
1.6816e+02     2.9583e-07  0.0000e+00     4.9747e-05  0.0000e+00     6.9877e-06  0.0000e+00     1.1750e-03  0.0000e+00 
1.8868e+02     0.0000e+00  0.0000e+00     0.0000e+00  0.0000e+00     0.0000e+00  0.0000e+00     0.0000e+00  0.0000e+00 
2.1170e+02     0.0000e+00  0.0000e+00     0.0000e+00  0.0000e+00     0.0000e+00  0.0000e+00     0.0000e+00  0.0000e+00 
2.3753e+02     0.0000e+00  0.0000e+00     0.0000e+00  0.0000e+00     0.0000e+00  0.0000e+00     0.0000e+00  0.0000e+00 
2.6651e+02     0.0000e+00  0.0000e+00     0.0000e+00  0.0000e+00     0.0000e+00  0.0000e+00     0.0000e+00  0.0000e+00 
2.9903e+02     0.0000e+00  0.0000e+00     0.0000e+00  0.0000e+00     0.0000e+00  0.0000e+00     0.0000e+00  0.0000e+00 
3.3552e+02     0.0000e+00  0.0000e+00     0.0000e+00  0.0000e+00     0.0000e+00  0.0000e+00     0.0000e+00  0.0000e+00 
3.7646e+02     0.0000e+00  0.0000e+00     0.0000e+00  0.0000e+00     0.0000e+00  0.0000e+00     0.0000e+00  0.0000e+00 
4.2240e+02     0.0000e+00  0.0000e+00     0.0000e+00  0.0000e+00     0.0000e+00  0.0000e+00     0.0000e+00  0.0000e+00 
4.7394e+02     0.0000e+00  0.0000e+00     0.0000e+00  0.0000e+00     0.0000e+00  0.0000e+00     0.0000e+00  0.0000e+00 
5.3176e+02     0.0000e+00  0.0000e+00     0.0000e+00  0.0000e+00     0.0000e+00  0.0000e+00     0.0000e+00  0.0000e+00 
5.9665e+02     0.0000e+00  0.0000e+00     0.0000e+00  0.0000e+00     0.0000e+00  0.0000e+00     0.0000e+00  0.0000e+00 
6.6945e+02     0.0000e+00  0.0000e+00     0.0000e+00  0.0000e+00     0.0000e+00  0.0000e+00     0.0000e+00  0.0000e+00 
7.5114e+02     0.0000e+00  0.0000e+00     0.0000e+00  0.0000e+00     0.0000e+00  0.0000e+00     0.0000e+00  0.0000e+00 
8.4279e+02     0.0000e+00  0.0000e+00     0.0000e+00  0.0000e+00     0.0000e+00  0.0000e+00     0.0000e+00  0.0000e+00 
9.4563e+02     0.0000e+00  0.0000e+00     0.0000e+00  0.0000e+00     0.0000e+00  0.0000e+00     0.0000e+00  0.0000e+00 
1.0610e+03     0.0000e+00  0.0000e+00     0.0000e+00  0.0000e+00     0.0000e+00  0.0000e+00     0.0000e+00  0.0000e+00 
1.1905e+03     0.0000e+00  0.0000e+00     0.0000e+00  0.0000e+00     0.0000e+00  0.0000e+00     0.0000e+00  0.0000e+00 
1.3357e+03     0.0000e+00  0.0000e+00     0.0000e+00  0.0000e+00     0.0000e+00  0.0000e+00     0.0000e+00  0.0000e+00 
1.4987e+03     0.0000e+00  0.0000e+00     0.0000e+00  0.0000e+00     0.0000e+00  0.0000e+00     0.0000e+00  0.0000e+00 
1.6816e+03     0.0000e+00  0.0000e+00     0.0000e+00  0.0000e+00     0.0000e+00  0.0000e+00     0.0000e+00  0.0000e+00 
1.8868e+03     0.0000e+00  0.0000e+00     0.0000e+00  0.0000e+00     0.0000e+00  0.0000e+00     0.0000e+00  0.0000e+00 
2.1170e+03     0.0000e+00  0.0000e+00     0.0000e+00  0.0000e+00     0.0000e+00  0.0000e+00     0.0000e+00  0.0000e+00 
2.3753e+03     0.0000e+00  0.0000e+00     0.0000e+00  0.0000e+00     0.0000e+00  0.0000e+00     0.0000e+00  0.0000e+00 
2.6651e+03     0.0000e+00  0.0000e+00     0.0000e+00  0.0000e+00     0.0000e+00  0.0000e+00     0.0000e+00  0.0000e+00 
2.9903e+03     0.0000e+00  0.0000e+00     0.0000e+00  0.0000e+00     0.0000e+00  0.0000e+00     0.0000e+00  0.0000e+00 
3.3552e+03     0.0000e+00  0.0000e+00     0.0000e+00  0.0000e+00     0.0000e+00  0.0000e+00     0.0000e+00  0.0000e+00 
3.7646e+03     0.0000e+00  0.0000e+00     0.0000e+00  0.0000e+00     0.0000e+00  0.0000e+00     0.0000e+00  0.0000e+00 
4.2240e+03     0.0000e+00  0.0000e+00     0.0000e+00  0.0000e+00     0.0000e+00  0.0000e+00     0.0000e+00  0.0000e+00 
4.7394e+03     0.0000e+00  0.0000e+00     0.0000e+00  0.0000e+00     0.0000e+00  0.0000e+00     0.0000e+00  0.0000e+00 
5.3176e+03     0.0000e+00  0.0000e+00     0.0000e+00  0.0000e+00     0.0000e+00  0.0000e+00     0.0000e+00  0.0000e+00 
5.9665e+03     0.0000e+00  0.0000e+00     0.0000e+00  0.0000e+00     0.0000e+00  0.0000e+00     0.0000e+00  0.0000e+00 
6.6945e+03     0.0000e+00  0.0000e+00     0.0000e+00  0.0000e+00     0.0000e+00  0.0000e+00     0.0000e+00  0.0000e+00 
7.5114e+03     0.0000e+00  0.0000e+00     0.0000e+00  0.0000e+00     0.0000e+00  0.0000e+00     0.0000e+00  0.0000e+00 
8.4279e+03     0.0000e+00  0.0000e+00     0.0000e+00  0.0000e+00     0.0000e+00  0.0000e+00     0.0000e+00  0.0000e+00 
9.4563e+03     0.0000e+00  0.0000e+00     0.0000e+00  0.0000e+00     0.0000e+00  0.0000e+00     0.0000e+00  0.0000e+00 
