yF = 2.0102e+01 (std: 0.0000e+00) keV/um
yD = 3.2838e+01 (std: 0.0000e+00) keV/um
y (keV/um)     f(y)(std)                  yf(y)(std)                 d(y)(std)                  yd(y)(std)  
1.0610e-01     4.7605e+00  0.0000e+00     5.0510e-01  0.0000e+00     2.5127e-02  0.0000e+00     2.6660e-03  0.0000e+00 
1.1905e-01     3.4523e-01  0.0000e+00     4.1098e-02  0.0000e+00     2.0445e-03  0.0000e+00     2.4339e-04  0.0000e+00 
1.3357e-01     9.9400e-02  0.0000e+00     1.3277e-02  0.0000e+00     6.6050e-04  0.0000e+00     8.8226e-05  0.0000e+00 
1.4987e-01     4.9107e-01  0.0000e+00     7.3598e-02  0.0000e+00     3.6613e-03  0.0000e+00     5.4873e-04  0.0000e+00 
1.6816e-01     1.4958e-01  0.0000e+00     2.5154e-02  0.0000e+00     1.2513e-03  0.0000e+00     2.1042e-04  0.0000e+00 
1.8868e-01     9.9592e-02  0.0000e+00     1.8791e-02  0.0000e+00     9.3479e-04  0.0000e+00     1.7637e-04  0.0000e+00 
2.1170e-01     9.8193e-02  0.0000e+00     2.0787e-02  0.0000e+00     1.0341e-03  0.0000e+00     2.1892e-04  0.0000e+00 
2.3753e-01     9.9246e-02  0.0000e+00     2.3574e-02  0.0000e+00     1.1727e-03  0.0000e+00     2.7856e-04  0.0000e+00 
2.6651e-01     4.3891e-02  0.0000e+00     1.1698e-02  0.0000e+00     5.8193e-04  0.0000e+00     1.5509e-04  0.0000e+00 
2.9903e-01     3.6975e-02  0.0000e+00     1.1057e-02  0.0000e+00     5.5005e-04  0.0000e+00     1.6448e-04  0.0000e+00 
3.3552e-01     2.0687e-01  0.0000e+00     6.9411e-02  0.0000e+00     3.4530e-03  0.0000e+00     1.1586e-03  0.0000e+00 
3.7646e-01     1.2722e-01  0.0000e+00     4.7893e-02  0.0000e+00     2.3826e-03  0.0000e+00     8.9694e-04  0.0000e+00 
4.2240e-01     5.4576e-02  0.0000e+00     2.3052e-02  0.0000e+00     1.1468e-03  0.0000e+00     4.8440e-04  0.0000e+00 
4.7394e-01     5.4457e-02  0.0000e+00     2.5809e-02  0.0000e+00     1.2839e-03  0.0000e+00     6.0851e-04  0.0000e+00 
5.3176e-01     3.3711e-02  0.0000e+00     1.7926e-02  0.0000e+00     8.9179e-04  0.0000e+00     4.7422e-04  0.0000e+00 
5.9665e-01     1.7682e-02  0.0000e+00     1.0550e-02  0.0000e+00     5.2484e-04  0.0000e+00     3.1315e-04  0.0000e+00 
6.6945e-01     2.8670e-02  0.0000e+00     1.9193e-02  0.0000e+00     9.5480e-04  0.0000e+00     6.3919e-04  0.0000e+00 
7.5114e-01     2.2298e-02  0.0000e+00     1.6749e-02  0.0000e+00     8.3323e-04  0.0000e+00     6.2587e-04  0.0000e+00 
8.4279e-01     1.0573e-02  0.0000e+00     8.9110e-03  0.0000e+00     4.4330e-04  0.0000e+00     3.7361e-04  0.0000e+00 
9.4563e-01     6.6185e-03  0.0000e+00     6.2586e-03  0.0000e+00     3.1135e-04  0.0000e+00     2.9442e-04  0.0000e+00 
1.0610e+00     5.0982e-03  0.0000e+00     5.4092e-03  0.0000e+00     2.6909e-04  0.0000e+00     2.8551e-04  0.0000e+00 
1.1905e+00     2.5535e-03  0.0000e+00     3.0399e-03  0.0000e+00     1.5123e-04  0.0000e+00     1.8003e-04  0.0000e+00 
1.3357e+00     1.6734e-03  0.0000e+00     2.2352e-03  0.0000e+00     1.1120e-04  0.0000e+00     1.4853e-04  0.0000e+00 
1.4987e+00     6.8605e-04  0.0000e+00     1.0282e-03  0.0000e+00     5.1150e-05  0.0000e+00     7.6660e-05  0.0000e+00 
1.6816e+00     4.2535e-04  0.0000e+00     7.1527e-04  0.0000e+00     3.5583e-05  0.0000e+00     5.9835e-05  0.0000e+00 
1.8868e+00     1.4216e-04  0.0000e+00     2.6823e-04  0.0000e+00     1.3344e-05  0.0000e+00     2.5176e-05  0.0000e+00 
2.1170e+00     2.8156e-05  0.0000e+00     5.9606e-05  0.0000e+00     2.9652e-06  0.0000e+00     6.2774e-06  0.0000e+00 
2.3753e+00     1.2547e-05  0.0000e+00     2.9803e-05  0.0000e+00     1.4826e-06  0.0000e+00     3.5217e-06  0.0000e+00 
2.6651e+00     0.0000e+00  0.0000e+00     0.0000e+00  0.0000e+00     0.0000e+00  0.0000e+00     0.0000e+00  0.0000e+00 
2.9903e+00     4.9832e-06  0.0000e+00     1.4901e-05  0.0000e+00     7.4131e-07  0.0000e+00     2.2168e-06  0.0000e+00 
3.3552e+00     0.0000e+00  0.0000e+00     0.0000e+00  0.0000e+00     0.0000e+00  0.0000e+00     0.0000e+00  0.0000e+00 
3.7646e+00     0.0000e+00  0.0000e+00     0.0000e+00  0.0000e+00     0.0000e+00  0.0000e+00     0.0000e+00  0.0000e+00 
4.2240e+00     0.0000e+00  0.0000e+00     0.0000e+00  0.0000e+00     0.0000e+00  0.0000e+00     0.0000e+00  0.0000e+00 
4.7394e+00     0.0000e+00  0.0000e+00     0.0000e+00  0.0000e+00     0.0000e+00  0.0000e+00     0.0000e+00  0.0000e+00 
5.3176e+00     2.8023e-06  0.0000e+00     1.4901e-05  0.0000e+00     7.4131e-07  0.0000e+00     3.9420e-06  0.0000e+00 
5.9665e+00     1.0180e-02  0.0000e+00     6.0738e-02  0.0000e+00     3.0216e-03  0.0000e+00     1.8028e-02  0.0000e+00 
6.6945e+00     5.9565e-03  0.0000e+00     3.9876e-02  0.0000e+00     1.9837e-03  0.0000e+00     1.3280e-02  0.0000e+00 
7.5114e+00     4.0292e-03  0.0000e+00     3.0265e-02  0.0000e+00     1.5056e-03  0.0000e+00     1.1309e-02  0.0000e+00 
8.4279e+00     1.0037e-01  0.0000e+00     8.4591e-01  0.0000e+00     4.2082e-02  0.0000e+00     3.5466e-01  0.0000e+00 
9.4563e+00     1.7236e-02  0.0000e+00     1.6299e-01  0.0000e+00     8.1084e-03  0.0000e+00     7.6675e-02  0.0000e+00 
1.0610e+01     1.1127e-01  0.0000e+00     1.1806e+00  0.0000e+00     5.8731e-02  0.0000e+00     6.2314e-01  0.0000e+00 
1.1905e+01     3.5561e-02  0.0000e+00     4.2335e-01  0.0000e+00     2.1061e-02  0.0000e+00     2.5072e-01  0.0000e+00 
1.3357e+01     2.5365e-02  0.0000e+00     3.3881e-01  0.0000e+00     1.6855e-02  0.0000e+00     2.2514e-01  0.0000e+00 
1.4987e+01     3.0243e-02  0.0000e+00     4.5326e-01  0.0000e+00     2.2548e-02  0.0000e+00     3.3794e-01  0.0000e+00 
1.6816e+01     1.6080e-02  0.0000e+00     2.7040e-01  0.0000e+00     1.3452e-02  0.0000e+00     2.2620e-01  0.0000e+00 
1.8868e+01     2.1385e-02  0.0000e+00     4.0349e-01  0.0000e+00     2.0072e-02  0.0000e+00     3.7872e-01  0.0000e+00 
2.1170e+01     2.2480e-02  0.0000e+00     4.7591e-01  0.0000e+00     2.3675e-02  0.0000e+00     5.0120e-01  0.0000e+00 
2.3753e+01     2.1247e-02  0.0000e+00     5.0468e-01  0.0000e+00     2.5107e-02  0.0000e+00     5.9636e-01  0.0000e+00 
2.6651e+01     1.4349e-02  0.0000e+00     3.8241e-01  0.0000e+00     1.9024e-02  0.0000e+00     5.0702e-01  0.0000e+00 
2.9903e+01     1.1964e-02  0.0000e+00     3.5775e-01  0.0000e+00     1.7797e-02  0.0000e+00     5.3220e-01  0.0000e+00 
3.3552e+01     1.1231e-02  0.0000e+00     3.7683e-01  0.0000e+00     1.8746e-02  0.0000e+00     6.2897e-01  0.0000e+00 
3.7646e+01     9.0024e-03  0.0000e+00     3.3890e-01  0.0000e+00     1.6860e-02  0.0000e+00     6.3469e-01  0.0000e+00 
4.2240e+01     6.6556e-03  0.0000e+00     2.8113e-01  0.0000e+00     1.3985e-02  0.0000e+00     5.9074e-01  0.0000e+00 
4.7394e+01     5.2571e-03  0.0000e+00     2.4915e-01  0.0000e+00     1.2395e-02  0.0000e+00     5.8743e-01  0.0000e+00 
5.3176e+01     3.6054e-03  0.0000e+00     1.9172e-01  0.0000e+00     9.5376e-03  0.0000e+00     5.0718e-01  0.0000e+00 
5.9665e+01     2.4718e-03  0.0000e+00     1.4748e-01  0.0000e+00     7.3367e-03  0.0000e+00     4.3774e-01  0.0000e+00 
6.6945e+01     1.4101e-03  0.0000e+00     9.4400e-02  0.0000e+00     4.6962e-03  0.0000e+00     3.1439e-01  0.0000e+00 
7.5114e+01     6.8701e-04  0.0000e+00     5.1604e-02  0.0000e+00     2.5671e-03  0.0000e+00     1.9283e-01  0.0000e+00 
8.4279e+01     2.5726e-04  0.0000e+00     2.1682e-02  0.0000e+00     1.0786e-03  0.0000e+00     9.0903e-02  0.0000e+00 
9.4563e+01     7.3276e-05  0.0000e+00     6.9292e-03  0.0000e+00     3.4471e-04  0.0000e+00     3.2596e-02  0.0000e+00 
1.0610e+02     1.7275e-05  0.0000e+00     1.8329e-03  0.0000e+00     9.1181e-05  0.0000e+00     9.6744e-03  0.0000e+00 
1.1905e+02     4.1307e-06  0.0000e+00     4.9175e-04  0.0000e+00     2.4463e-05  0.0000e+00     2.9123e-03  0.0000e+00 
1.3357e+02     1.1156e-06  0.0000e+00     1.4901e-04  0.0000e+00     7.4131e-06  0.0000e+00     9.9019e-04  0.0000e+00 
1.4987e+02     3.9771e-07  0.0000e+00     5.9606e-05  0.0000e+00     2.9652e-06  0.0000e+00     4.4440e-04  0.0000e+00 
1.6816e+02     0.0000e+00  0.0000e+00     0.0000e+00  0.0000e+00     0.0000e+00  0.0000e+00     0.0000e+00  0.0000e+00 
1.8868e+02     0.0000e+00  0.0000e+00     0.0000e+00  0.0000e+00     0.0000e+00  0.0000e+00     0.0000e+00  0.0000e+00 
2.1170e+02     0.0000e+00  0.0000e+00     0.0000e+00  0.0000e+00     0.0000e+00  0.0000e+00     0.0000e+00  0.0000e+00 
2.3753e+02     0.0000e+00  0.0000e+00     0.0000e+00  0.0000e+00     0.0000e+00  0.0000e+00     0.0000e+00  0.0000e+00 
2.6651e+02     0.0000e+00  0.0000e+00     0.0000e+00  0.0000e+00     0.0000e+00  0.0000e+00     0.0000e+00  0.0000e+00 
2.9903e+02     0.0000e+00  0.0000e+00     0.0000e+00  0.0000e+00     0.0000e+00  0.0000e+00     0.0000e+00  0.0000e+00 
3.3552e+02     0.0000e+00  0.0000e+00     0.0000e+00  0.0000e+00     0.0000e+00  0.0000e+00     0.0000e+00  0.0000e+00 
3.7646e+02     0.0000e+00  0.0000e+00     0.0000e+00  0.0000e+00     0.0000e+00  0.0000e+00     0.0000e+00  0.0000e+00 
4.2240e+02     0.0000e+00  0.0000e+00     0.0000e+00  0.0000e+00     0.0000e+00  0.0000e+00     0.0000e+00  0.0000e+00 
4.7394e+02     0.0000e+00  0.0000e+00     0.0000e+00  0.0000e+00     0.0000e+00  0.0000e+00     0.0000e+00  0.0000e+00 
5.3176e+02     0.0000e+00  0.0000e+00     0.0000e+00  0.0000e+00     0.0000e+00  0.0000e+00     0.0000e+00  0.0000e+00 
5.9665e+02     0.0000e+00  0.0000e+00     0.0000e+00  0.0000e+00     0.0000e+00  0.0000e+00     0.0000e+00  0.0000e+00 
6.6945e+02     0.0000e+00  0.0000e+00     0.0000e+00  0.0000e+00     0.0000e+00  0.0000e+00     0.0000e+00  0.0000e+00 
7.5114e+02     0.0000e+00  0.0000e+00     0.0000e+00  0.0000e+00     0.0000e+00  0.0000e+00     0.0000e+00  0.0000e+00 
8.4279e+02     0.0000e+00  0.0000e+00     0.0000e+00  0.0000e+00     0.0000e+00  0.0000e+00     0.0000e+00  0.0000e+00 
9.4563e+02     0.0000e+00  0.0000e+00     0.0000e+00  0.0000e+00     0.0000e+00  0.0000e+00     0.0000e+00  0.0000e+00 
1.0610e+03     0.0000e+00  0.0000e+00     0.0000e+00  0.0000e+00     0.0000e+00  0.0000e+00     0.0000e+00  0.0000e+00 
1.1905e+03     0.0000e+00  0.0000e+00     0.0000e+00  0.0000e+00     0.0000e+00  0.0000e+00     0.0000e+00  0.0000e+00 
1.3357e+03     0.0000e+00  0.0000e+00     0.0000e+00  0.0000e+00     0.0000e+00  0.0000e+00     0.0000e+00  0.0000e+00 
1.4987e+03     0.0000e+00  0.0000e+00     0.0000e+00  0.0000e+00     0.0000e+00  0.0000e+00     0.0000e+00  0.0000e+00 
1.6816e+03     0.0000e+00  0.0000e+00     0.0000e+00  0.0000e+00     0.0000e+00  0.0000e+00     0.0000e+00  0.0000e+00 
1.8868e+03     0.0000e+00  0.0000e+00     0.0000e+00  0.0000e+00     0.0000e+00  0.0000e+00     0.0000e+00  0.0000e+00 
2.1170e+03     0.0000e+00  0.0000e+00     0.0000e+00  0.0000e+00     0.0000e+00  0.0000e+00     0.0000e+00  0.0000e+00 
2.3753e+03     0.0000e+00  0.0000e+00     0.0000e+00  0.0000e+00     0.0000e+00  0.0000e+00     0.0000e+00  0.0000e+00 
2.6651e+03     0.0000e+00  0.0000e+00     0.0000e+00  0.0000e+00     0.0000e+00  0.0000e+00     0.0000e+00  0.0000e+00 
2.9903e+03     0.0000e+00  0.0000e+00     0.0000e+00  0.0000e+00     0.0000e+00  0.0000e+00     0.0000e+00  0.0000e+00 
3.3552e+03     0.0000e+00  0.0000e+00     0.0000e+00  0.0000e+00     0.0000e+00  0.0000e+00     0.0000e+00  0.0000e+00 
3.7646e+03     0.0000e+00  0.0000e+00     0.0000e+00  0.0000e+00     0.0000e+00  0.0000e+00     0.0000e+00  0.0000e+00 
4.2240e+03     0.0000e+00  0.0000e+00     0.0000e+00  0.0000e+00     0.0000e+00  0.0000e+00     0.0000e+00  0.0000e+00 
4.7394e+03     0.0000e+00  0.0000e+00     0.0000e+00  0.0000e+00     0.0000e+00  0.0000e+00     0.0000e+00  0.0000e+00 
5.3176e+03     0.0000e+00  0.0000e+00     0.0000e+00  0.0000e+00     0.0000e+00  0.0000e+00     0.0000e+00  0.0000e+00 
5.9665e+03     0.0000e+00  0.0000e+00     0.0000e+00  0.0000e+00     0.0000e+00  0.0000e+00     0.0000e+00  0.0000e+00 
6.6945e+03     0.0000e+00  0.0000e+00     0.0000e+00  0.0000e+00     0.0000e+00  0.0000e+00     0.0000e+00  0.0000e+00 
7.5114e+03     0.0000e+00  0.0000e+00     0.0000e+00  0.0000e+00     0.0000e+00  0.0000e+00     0.0000e+00  0.0000e+00 
8.4279e+03     0.0000e+00  0.0000e+00     0.0000e+00  0.0000e+00     0.0000e+00  0.0000e+00     0.0000e+00  0.0000e+00 
9.4563e+03     0.0000e+00  0.0000e+00     0.0000e+00  0.0000e+00     0.0000e+00  0.0000e+00     0.0000e+00  0.0000e+00 
