yF = 4.3928e+00 (std: 0.0000e+00) keV/um
yD = 2.1154e+01 (std: 0.0000e+00) keV/um
y (keV/um)     f(y)(std)                  yf(y)(std)                 d(y)(std)                  yd(y)(std)  
1.0610e-01     2.5439e+01  0.0000e+00     2.6991e+00  0.0000e+00     6.1445e-01  0.0000e+00     6.5194e-02  0.0000e+00 
1.1905e-01     1.7912e+00  0.0000e+00     2.1324e-01  0.0000e+00     4.8543e-02  0.0000e+00     5.7789e-03  0.0000e+00 
1.3357e-01     5.6854e-01  0.0000e+00     7.5941e-02  0.0000e+00     1.7288e-02  0.0000e+00     2.3092e-03  0.0000e+00 
1.4987e-01     2.7511e+00  0.0000e+00     4.1231e-01  0.0000e+00     9.3862e-02  0.0000e+00     1.4067e-02  0.0000e+00 
1.6816e-01     8.4963e-01  0.0000e+00     1.4287e-01  0.0000e+00     3.2525e-02  0.0000e+00     5.4693e-03  0.0000e+00 
1.8868e-01     5.4121e-01  0.0000e+00     1.0211e-01  0.0000e+00     2.3246e-02  0.0000e+00     4.3859e-03  0.0000e+00 
2.1170e-01     6.1206e-01  0.0000e+00     1.2957e-01  0.0000e+00     2.9497e-02  0.0000e+00     6.2444e-03  0.0000e+00 
2.3753e-01     5.5092e-01  0.0000e+00     1.3086e-01  0.0000e+00     2.9790e-02  0.0000e+00     7.0760e-03  0.0000e+00 
2.6651e-01     2.9782e-01  0.0000e+00     7.9374e-02  0.0000e+00     1.8069e-02  0.0000e+00     4.8157e-03  0.0000e+00 
2.9903e-01     2.2670e-01  0.0000e+00     6.7789e-02  0.0000e+00     1.5432e-02  0.0000e+00     4.6147e-03  0.0000e+00 
3.3552e-01     1.4002e+00  0.0000e+00     4.6981e-01  0.0000e+00     1.0695e-01  0.0000e+00     3.5884e-02  0.0000e+00 
3.7646e-01     9.0377e-01  0.0000e+00     3.4023e-01  0.0000e+00     7.7453e-02  0.0000e+00     2.9158e-02  0.0000e+00 
4.2240e-01     3.8395e-01  0.0000e+00     1.6218e-01  0.0000e+00     3.6920e-02  0.0000e+00     1.5595e-02  0.0000e+00 
4.7394e-01     3.6392e-01  0.0000e+00     1.7248e-01  0.0000e+00     3.9264e-02  0.0000e+00     1.8609e-02  0.0000e+00 
5.3176e-01     2.6626e-01  0.0000e+00     1.4159e-01  0.0000e+00     3.2232e-02  0.0000e+00     1.7140e-02  0.0000e+00 
5.9665e-01     1.2440e-01  0.0000e+00     7.4225e-02  0.0000e+00     1.6897e-02  0.0000e+00     1.0082e-02  0.0000e+00 
6.6945e-01     2.2111e-01  0.0000e+00     1.4802e-01  0.0000e+00     3.3697e-02  0.0000e+00     2.2558e-02  0.0000e+00 
7.5114e-01     1.7022e-01  0.0000e+00     1.2786e-01  0.0000e+00     2.9106e-02  0.0000e+00     2.1863e-02  0.0000e+00 
8.4279e-01     9.3161e-02  0.0000e+00     7.8515e-02  0.0000e+00     1.7874e-02  0.0000e+00     1.5064e-02  0.0000e+00 
9.4563e-01     5.0816e-02  0.0000e+00     4.8053e-02  0.0000e+00     1.0939e-02  0.0000e+00     1.0344e-02  0.0000e+00 
1.0610e+00     4.2055e-02  0.0000e+00     4.4621e-02  0.0000e+00     1.0158e-02  0.0000e+00     1.0778e-02  0.0000e+00 
1.1905e+00     2.1624e-02  0.0000e+00     2.5743e-02  0.0000e+00     5.8603e-03  0.0000e+00     6.9765e-03  0.0000e+00 
1.3357e+00     1.1885e-02  0.0000e+00     1.5875e-02  0.0000e+00     3.6138e-03  0.0000e+00     4.8271e-03  0.0000e+00 
1.4987e+00     5.7255e-03  0.0000e+00     8.5809e-03  0.0000e+00     1.9534e-03  0.0000e+00     2.9276e-03  0.0000e+00 
1.6816e+00     2.8066e-03  0.0000e+00     4.7195e-03  0.0000e+00     1.0744e-03  0.0000e+00     1.8067e-03  0.0000e+00 
1.8868e+00     1.3644e-03  0.0000e+00     2.5743e-03  0.0000e+00     5.8603e-04  0.0000e+00     1.1057e-03  0.0000e+00 
2.1170e+00     0.0000e+00  0.0000e+00     0.0000e+00  0.0000e+00     0.0000e+00  0.0000e+00     0.0000e+00  0.0000e+00 
2.3753e+00     0.0000e+00  0.0000e+00     0.0000e+00  0.0000e+00     0.0000e+00  0.0000e+00     0.0000e+00  0.0000e+00 
2.6651e+00     0.0000e+00  0.0000e+00     0.0000e+00  0.0000e+00     0.0000e+00  0.0000e+00     0.0000e+00  0.0000e+00 
2.9903e+00     0.0000e+00  0.0000e+00     0.0000e+00  0.0000e+00     0.0000e+00  0.0000e+00     0.0000e+00  0.0000e+00 
3.3552e+00     0.0000e+00  0.0000e+00     0.0000e+00  0.0000e+00     0.0000e+00  0.0000e+00     0.0000e+00  0.0000e+00 
3.7646e+00     0.0000e+00  0.0000e+00     0.0000e+00  0.0000e+00     0.0000e+00  0.0000e+00     0.0000e+00  0.0000e+00 
4.2240e+00     0.0000e+00  0.0000e+00     0.0000e+00  0.0000e+00     0.0000e+00  0.0000e+00     0.0000e+00  0.0000e+00 
4.7394e+00     0.0000e+00  0.0000e+00     0.0000e+00  0.0000e+00     0.0000e+00  0.0000e+00     0.0000e+00  0.0000e+00 
5.3176e+00     0.0000e+00  0.0000e+00     0.0000e+00  0.0000e+00     0.0000e+00  0.0000e+00     0.0000e+00  0.0000e+00 
5.9665e+00     1.2009e-01  0.0000e+00     7.1651e-01  0.0000e+00     1.6311e-01  0.0000e+00     9.7320e-01  0.0000e+00 
6.6945e+00     2.3136e-02  0.0000e+00     1.5489e-01  0.0000e+00     3.5259e-02  0.0000e+00     2.3604e-01  0.0000e+00 
7.5114e+00     5.5406e-03  0.0000e+00     4.1617e-02  0.0000e+00     9.4741e-03  0.0000e+00     7.1164e-02  0.0000e+00 
8.4279e+00     2.2399e-02  0.0000e+00     1.8878e-01  0.0000e+00     4.2975e-02  0.0000e+00     3.6219e-01  0.0000e+00 
9.4563e+00     1.4700e-02  0.0000e+00     1.3901e-01  0.0000e+00     3.1646e-02  0.0000e+00     2.9925e-01  0.0000e+00 
1.0610e+01     5.1477e-02  0.0000e+00     5.4618e-01  0.0000e+00     1.2434e-01  0.0000e+00     1.3192e+00  0.0000e+00 
1.1905e+01     1.5858e-02  0.0000e+00     1.8878e-01  0.0000e+00     4.2975e-02  0.0000e+00     5.1161e-01  0.0000e+00 
1.3357e+01     1.0503e-02  0.0000e+00     1.4030e-01  0.0000e+00     3.1939e-02  0.0000e+00     4.2661e-01  0.0000e+00 
1.4987e+01     5.4106e-03  0.0000e+00     8.1090e-02  0.0000e+00     1.8460e-02  0.0000e+00     2.7666e-01  0.0000e+00 
1.6816e+01     5.3070e-03  0.0000e+00     8.9242e-02  0.0000e+00     2.0316e-02  0.0000e+00     3.4162e-01  0.0000e+00 
1.8868e+01     3.5701e-03  0.0000e+00     6.7360e-02  0.0000e+00     1.5334e-02  0.0000e+00     2.8932e-01  0.0000e+00 
2.1170e+01     3.2832e-03  0.0000e+00     6.9506e-02  0.0000e+00     1.5823e-02  0.0000e+00     3.3497e-01  0.0000e+00 
2.3753e+01     3.5584e-03  0.0000e+00     8.4522e-02  0.0000e+00     1.9241e-02  0.0000e+00     4.5704e-01  0.0000e+00 
2.6651e+01     2.1411e-03  0.0000e+00     5.7063e-02  0.0000e+00     1.2990e-02  0.0000e+00     3.4621e-01  0.0000e+00 
2.9903e+01     1.2483e-03  0.0000e+00     3.7327e-02  0.0000e+00     8.4974e-03  0.0000e+00     2.5410e-01  0.0000e+00 
3.3552e+01     1.1764e-03  0.0000e+00     3.9472e-02  0.0000e+00     8.9858e-03  0.0000e+00     3.0149e-01  0.0000e+00 
3.7646e+01     9.5734e-04  0.0000e+00     3.6040e-02  0.0000e+00     8.2044e-03  0.0000e+00     3.0886e-01  0.0000e+00 
4.2240e+01     6.6023e-04  0.0000e+00     2.7888e-02  0.0000e+00     6.3486e-03  0.0000e+00     2.6816e-01  0.0000e+00 
4.7394e+01     4.5264e-04  0.0000e+00     2.1452e-02  0.0000e+00     4.8836e-03  0.0000e+00     2.3145e-01  0.0000e+00 
5.3176e+01     2.8239e-04  0.0000e+00     1.5017e-02  0.0000e+00     3.4185e-03  0.0000e+00     1.8178e-01  0.0000e+00 
5.9665e+01     2.3730e-04  0.0000e+00     1.4159e-02  0.0000e+00     3.2232e-03  0.0000e+00     1.9231e-01  0.0000e+00 
6.6945e+01     1.1536e-04  0.0000e+00     7.7228e-03  0.0000e+00     1.7581e-03  0.0000e+00     1.1770e-01  0.0000e+00 
7.5114e+01     1.0853e-04  0.0000e+00     8.1519e-03  0.0000e+00     1.8558e-03  0.0000e+00     1.3939e-01  0.0000e+00 
8.4279e+01     2.5454e-05  0.0000e+00     2.1452e-03  0.0000e+00     4.8836e-04  0.0000e+00     4.1158e-02  0.0000e+00 
9.4563e+01     1.8149e-05  0.0000e+00     1.7162e-03  0.0000e+00     3.9069e-04  0.0000e+00     3.6944e-02  0.0000e+00 
1.0610e+02     8.0875e-06  0.0000e+00     8.5809e-04  0.0000e+00     1.9534e-04  0.0000e+00     2.0726e-02  0.0000e+00 
1.1905e+02     3.6040e-06  0.0000e+00     4.2905e-04  0.0000e+00     9.7671e-05  0.0000e+00     1.1627e-02  0.0000e+00 
1.3357e+02     0.0000e+00  0.0000e+00     0.0000e+00  0.0000e+00     0.0000e+00  0.0000e+00     0.0000e+00  0.0000e+00 
1.4987e+02     0.0000e+00  0.0000e+00     0.0000e+00  0.0000e+00     0.0000e+00  0.0000e+00     0.0000e+00  0.0000e+00 
1.6816e+02     0.0000e+00  0.0000e+00     0.0000e+00  0.0000e+00     0.0000e+00  0.0000e+00     0.0000e+00  0.0000e+00 
1.8868e+02     0.0000e+00  0.0000e+00     0.0000e+00  0.0000e+00     0.0000e+00  0.0000e+00     0.0000e+00  0.0000e+00 
2.1170e+02     0.0000e+00  0.0000e+00     0.0000e+00  0.0000e+00     0.0000e+00  0.0000e+00     0.0000e+00  0.0000e+00 
2.3753e+02     0.0000e+00  0.0000e+00     0.0000e+00  0.0000e+00     0.0000e+00  0.0000e+00     0.0000e+00  0.0000e+00 
2.6651e+02     0.0000e+00  0.0000e+00     0.0000e+00  0.0000e+00     0.0000e+00  0.0000e+00     0.0000e+00  0.0000e+00 
2.9903e+02     0.0000e+00  0.0000e+00     0.0000e+00  0.0000e+00     0.0000e+00  0.0000e+00     0.0000e+00  0.0000e+00 
3.3552e+02     0.0000e+00  0.0000e+00     0.0000e+00  0.0000e+00     0.0000e+00  0.0000e+00     0.0000e+00  0.0000e+00 
3.7646e+02     0.0000e+00  0.0000e+00     0.0000e+00  0.0000e+00     0.0000e+00  0.0000e+00     0.0000e+00  0.0000e+00 
4.2240e+02     0.0000e+00  0.0000e+00     0.0000e+00  0.0000e+00     0.0000e+00  0.0000e+00     0.0000e+00  0.0000e+00 
4.7394e+02     0.0000e+00  0.0000e+00     0.0000e+00  0.0000e+00     0.0000e+00  0.0000e+00     0.0000e+00  0.0000e+00 
5.3176e+02     0.0000e+00  0.0000e+00     0.0000e+00  0.0000e+00     0.0000e+00  0.0000e+00     0.0000e+00  0.0000e+00 
5.9665e+02     0.0000e+00  0.0000e+00     0.0000e+00  0.0000e+00     0.0000e+00  0.0000e+00     0.0000e+00  0.0000e+00 
6.6945e+02     0.0000e+00  0.0000e+00     0.0000e+00  0.0000e+00     0.0000e+00  0.0000e+00     0.0000e+00  0.0000e+00 
7.5114e+02     0.0000e+00  0.0000e+00     0.0000e+00  0.0000e+00     0.0000e+00  0.0000e+00     0.0000e+00  0.0000e+00 
8.4279e+02     0.0000e+00  0.0000e+00     0.0000e+00  0.0000e+00     0.0000e+00  0.0000e+00     0.0000e+00  0.0000e+00 
9.4563e+02     0.0000e+00  0.0000e+00     0.0000e+00  0.0000e+00     0.0000e+00  0.0000e+00     0.0000e+00  0.0000e+00 
1.0610e+03     0.0000e+00  0.0000e+00     0.0000e+00  0.0000e+00     0.0000e+00  0.0000e+00     0.0000e+00  0.0000e+00 
1.1905e+03     0.0000e+00  0.0000e+00     0.0000e+00  0.0000e+00     0.0000e+00  0.0000e+00     0.0000e+00  0.0000e+00 
1.3357e+03     0.0000e+00  0.0000e+00     0.0000e+00  0.0000e+00     0.0000e+00  0.0000e+00     0.0000e+00  0.0000e+00 
1.4987e+03     0.0000e+00  0.0000e+00     0.0000e+00  0.0000e+00     0.0000e+00  0.0000e+00     0.0000e+00  0.0000e+00 
1.6816e+03     0.0000e+00  0.0000e+00     0.0000e+00  0.0000e+00     0.0000e+00  0.0000e+00     0.0000e+00  0.0000e+00 
1.8868e+03     0.0000e+00  0.0000e+00     0.0000e+00  0.0000e+00     0.0000e+00  0.0000e+00     0.0000e+00  0.0000e+00 
2.1170e+03     0.0000e+00  0.0000e+00     0.0000e+00  0.0000e+00     0.0000e+00  0.0000e+00     0.0000e+00  0.0000e+00 
2.3753e+03     0.0000e+00  0.0000e+00     0.0000e+00  0.0000e+00     0.0000e+00  0.0000e+00     0.0000e+00  0.0000e+00 
2.6651e+03     0.0000e+00  0.0000e+00     0.0000e+00  0.0000e+00     0.0000e+00  0.0000e+00     0.0000e+00  0.0000e+00 
2.9903e+03     0.0000e+00  0.0000e+00     0.0000e+00  0.0000e+00     0.0000e+00  0.0000e+00     0.0000e+00  0.0000e+00 
3.3552e+03     0.0000e+00  0.0000e+00     0.0000e+00  0.0000e+00     0.0000e+00  0.0000e+00     0.0000e+00  0.0000e+00 
3.7646e+03     0.0000e+00  0.0000e+00     0.0000e+00  0.0000e+00     0.0000e+00  0.0000e+00     0.0000e+00  0.0000e+00 
4.2240e+03     0.0000e+00  0.0000e+00     0.0000e+00  0.0000e+00     0.0000e+00  0.0000e+00     0.0000e+00  0.0000e+00 
4.7394e+03     0.0000e+00  0.0000e+00     0.0000e+00  0.0000e+00     0.0000e+00  0.0000e+00     0.0000e+00  0.0000e+00 
5.3176e+03     0.0000e+00  0.0000e+00     0.0000e+00  0.0000e+00     0.0000e+00  0.0000e+00     0.0000e+00  0.0000e+00 
5.9665e+03     0.0000e+00  0.0000e+00     0.0000e+00  0.0000e+00     0.0000e+00  0.0000e+00     0.0000e+00  0.0000e+00 
6.6945e+03     0.0000e+00  0.0000e+00     0.0000e+00  0.0000e+00     0.0000e+00  0.0000e+00     0.0000e+00  0.0000e+00 
7.5114e+03     0.0000e+00  0.0000e+00     0.0000e+00  0.0000e+00     0.0000e+00  0.0000e+00     0.0000e+00  0.0000e+00 
8.4279e+03     0.0000e+00  0.0000e+00     0.0000e+00  0.0000e+00     0.0000e+00  0.0000e+00     0.0000e+00  0.0000e+00 
9.4563e+03     0.0000e+00  0.0000e+00     0.0000e+00  0.0000e+00     0.0000e+00  0.0000e+00     0.0000e+00  0.0000e+00 
