yF = 4.9470e+00 (std: 0.0000e+00) keV/um
yD = 2.3718e+01 (std: 0.0000e+00) keV/um
y (keV/um)     f(y)(std)                  yf(y)(std)                 d(y)(std)                  yd(y)(std)  
1.0610e-01     2.5370e+01  0.0000e+00     2.6918e+00  0.0000e+00     5.4412e-01  0.0000e+00     5.7732e-02  0.0000e+00 
1.1905e-01     1.8483e+00  0.0000e+00     2.2004e-01  0.0000e+00     4.4479e-02  0.0000e+00     5.2950e-03  0.0000e+00 
1.3357e-01     6.3518e-01  0.0000e+00     8.4843e-02  0.0000e+00     1.7150e-02  0.0000e+00     2.2908e-03  0.0000e+00 
1.4987e-01     2.7482e+00  0.0000e+00     4.1188e-01  0.0000e+00     8.3257e-02  0.0000e+00     1.2478e-02  0.0000e+00 
1.6816e-01     7.5905e-01  0.0000e+00     1.2764e-01  0.0000e+00     2.5802e-02  0.0000e+00     4.3388e-03  0.0000e+00 
1.8868e-01     5.5642e-01  0.0000e+00     1.0498e-01  0.0000e+00     2.1221e-02  0.0000e+00     4.0040e-03  0.0000e+00 
2.1170e-01     5.5775e-01  0.0000e+00     1.1807e-01  0.0000e+00     2.3868e-02  0.0000e+00     5.0528e-03  0.0000e+00 
2.3753e-01     5.8824e-01  0.0000e+00     1.3973e-01  0.0000e+00     2.8244e-02  0.0000e+00     6.7089e-03  0.0000e+00 
2.6651e-01     2.6072e-01  0.0000e+00     6.9485e-02  0.0000e+00     1.4046e-02  0.0000e+00     3.7434e-03  0.0000e+00 
2.9903e-01     2.1721e-01  0.0000e+00     6.4954e-02  0.0000e+00     1.3130e-02  0.0000e+00     3.9262e-03  0.0000e+00 
3.3552e-01     1.3521e+00  0.0000e+00     4.5367e-01  0.0000e+00     9.1705e-02  0.0000e+00     3.0769e-02  0.0000e+00 
3.7646e-01     8.7138e-01  0.0000e+00     3.2804e-01  0.0000e+00     6.6311e-02  0.0000e+00     2.4963e-02  0.0000e+00 
4.2240e-01     3.8801e-01  0.0000e+00     1.6389e-01  0.0000e+00     3.3130e-02  0.0000e+00     1.3994e-02  0.0000e+00 
4.7394e-01     3.9734e-01  0.0000e+00     1.8832e-01  0.0000e+00     3.8066e-02  0.0000e+00     1.8041e-02  0.0000e+00 
5.3176e-01     2.4903e-01  0.0000e+00     1.3242e-01  0.0000e+00     2.6769e-02  0.0000e+00     1.4235e-02  0.0000e+00 
5.9665e-01     1.4768e-01  0.0000e+00     8.8115e-02  0.0000e+00     1.7812e-02  0.0000e+00     1.0627e-02  0.0000e+00 
6.6945e-01     2.1398e-01  0.0000e+00     1.4325e-01  0.0000e+00     2.8957e-02  0.0000e+00     1.9385e-02  0.0000e+00 
7.5114e-01     1.7965e-01  0.0000e+00     1.3494e-01  0.0000e+00     2.7277e-02  0.0000e+00     2.0489e-02  0.0000e+00 
8.4279e-01     8.0356e-02  0.0000e+00     6.7723e-02  0.0000e+00     1.3690e-02  0.0000e+00     1.1537e-02  0.0000e+00 
9.4563e-01     4.6059e-02  0.0000e+00     4.3554e-02  0.0000e+00     8.8041e-03  0.0000e+00     8.3254e-03  0.0000e+00 
1.0610e+00     3.5355e-02  0.0000e+00     3.7512e-02  0.0000e+00     7.5827e-03  0.0000e+00     8.0453e-03  0.0000e+00 
1.1905e+00     1.9033e-02  0.0000e+00     2.2658e-02  0.0000e+00     4.5802e-03  0.0000e+00     5.4526e-03  0.0000e+00 
1.3357e+00     1.0932e-02  0.0000e+00     1.4602e-02  0.0000e+00     2.9517e-03  0.0000e+00     3.9426e-03  0.0000e+00 
1.4987e+00     5.8794e-03  0.0000e+00     8.8115e-03  0.0000e+00     1.7812e-03  0.0000e+00     2.6695e-03  0.0000e+00 
1.6816e+00     2.8446e-03  0.0000e+00     4.7834e-03  0.0000e+00     9.6692e-04  0.0000e+00     1.6260e-03  0.0000e+00 
1.8868e+00     1.2009e-03  0.0000e+00     2.2658e-03  0.0000e+00     4.5802e-04  0.0000e+00     8.6417e-04  0.0000e+00 
2.1170e+00     3.5677e-04  0.0000e+00     7.5528e-04  0.0000e+00     1.5267e-04  0.0000e+00     3.2321e-04  0.0000e+00 
2.3753e+00     0.0000e+00  0.0000e+00     0.0000e+00  0.0000e+00     0.0000e+00  0.0000e+00     0.0000e+00  0.0000e+00 
2.6651e+00     9.4464e-05  0.0000e+00     2.5176e-04  0.0000e+00     5.0891e-05  0.0000e+00     1.3563e-04  0.0000e+00 
2.9903e+00     0.0000e+00  0.0000e+00     0.0000e+00  0.0000e+00     0.0000e+00  0.0000e+00     0.0000e+00  0.0000e+00 
3.3552e+00     0.0000e+00  0.0000e+00     0.0000e+00  0.0000e+00     0.0000e+00  0.0000e+00     0.0000e+00  0.0000e+00 
3.7646e+00     0.0000e+00  0.0000e+00     0.0000e+00  0.0000e+00     0.0000e+00  0.0000e+00     0.0000e+00  0.0000e+00 
4.2240e+00     0.0000e+00  0.0000e+00     0.0000e+00  0.0000e+00     0.0000e+00  0.0000e+00     0.0000e+00  0.0000e+00 
4.7394e+00     0.0000e+00  0.0000e+00     0.0000e+00  0.0000e+00     0.0000e+00  0.0000e+00     0.0000e+00  0.0000e+00 
5.3176e+00     0.0000e+00  0.0000e+00     0.0000e+00  0.0000e+00     0.0000e+00  0.0000e+00     0.0000e+00  0.0000e+00 
5.9665e+00     1.0194e-01  0.0000e+00     6.0825e-01  0.0000e+00     1.2295e-01  0.0000e+00     7.3359e-01  0.0000e+00 
6.6945e+00     1.9706e-02  0.0000e+00     1.3192e-01  0.0000e+00     2.6667e-02  0.0000e+00     1.7852e-01  0.0000e+00 
7.5114e+00     5.5303e-03  0.0000e+00     4.1540e-02  0.0000e+00     8.3970e-03  0.0000e+00     6.3073e-02  0.0000e+00 
8.4279e+00     2.5869e-02  0.0000e+00     2.1802e-01  0.0000e+00     4.4071e-02  0.0000e+00     3.7143e-01  0.0000e+00 
9.4563e+00     1.8583e-02  0.0000e+00     1.7573e-01  0.0000e+00     3.5522e-02  0.0000e+00     3.3590e-01  0.0000e+00 
1.0610e+01     2.7406e-02  0.0000e+00     2.9078e-01  0.0000e+00     5.8779e-02  0.0000e+00     6.2365e-01  0.0000e+00 
1.1905e+01     1.8166e-02  0.0000e+00     2.1626e-01  0.0000e+00     4.3715e-02  0.0000e+00     5.2042e-01  0.0000e+00 
1.3357e+01     2.3843e-02  0.0000e+00     3.1847e-01  0.0000e+00     6.4377e-02  0.0000e+00     8.5990e-01  0.0000e+00 
1.4987e+01     8.1808e-03  0.0000e+00     1.2261e-01  0.0000e+00     2.4784e-02  0.0000e+00     3.7144e-01  0.0000e+00 
1.6816e+01     5.4047e-03  0.0000e+00     9.0885e-02  0.0000e+00     1.8372e-02  0.0000e+00     3.0893e-01  0.0000e+00 
1.8868e+01     4.1498e-03  0.0000e+00     7.8297e-02  0.0000e+00     1.5827e-02  0.0000e+00     2.9862e-01  0.0000e+00 
2.1170e+01     4.2693e-03  0.0000e+00     9.0381e-02  0.0000e+00     1.8270e-02  0.0000e+00     3.8677e-01  0.0000e+00 
2.3753e+01     3.6461e-03  0.0000e+00     8.6605e-02  0.0000e+00     1.7506e-02  0.0000e+00     4.1583e-01  0.0000e+00 
2.6651e+01     2.4372e-03  0.0000e+00     6.4954e-02  0.0000e+00     1.3130e-02  0.0000e+00     3.4993e-01  0.0000e+00 
2.9903e+01     1.9364e-03  0.0000e+00     5.7904e-02  0.0000e+00     1.1705e-02  0.0000e+00     3.5001e-01  0.0000e+00 
3.3552e+01     1.5982e-03  0.0000e+00     5.3625e-02  0.0000e+00     1.0840e-02  0.0000e+00     3.6370e-01  0.0000e+00 
3.7646e+01     1.1235e-03  0.0000e+00     4.2295e-02  0.0000e+00     8.5496e-03  0.0000e+00     3.2186e-01  0.0000e+00 
4.2240e+01     8.0463e-04  0.0000e+00     3.3987e-02  0.0000e+00     6.8703e-03  0.0000e+00     2.9020e-01  0.0000e+00 
4.7394e+01     7.1182e-04  0.0000e+00     3.3736e-02  0.0000e+00     6.8194e-03  0.0000e+00     3.2319e-01  0.0000e+00 
5.3176e+01     4.3556e-04  0.0000e+00     2.3162e-02  0.0000e+00     4.6819e-03  0.0000e+00     2.4897e-01  0.0000e+00 
5.9665e+01     2.5739e-04  0.0000e+00     1.5357e-02  0.0000e+00     3.1043e-03  0.0000e+00     1.8522e-01  0.0000e+00 
6.6945e+01     2.1060e-04  0.0000e+00     1.4098e-02  0.0000e+00     2.8499e-03  0.0000e+00     1.9079e-01  0.0000e+00 
7.5114e+01     1.0055e-04  0.0000e+00     7.5528e-03  0.0000e+00     1.5267e-03  0.0000e+00     1.1468e-01  0.0000e+00 
8.4279e+01     6.8706e-05  0.0000e+00     5.7904e-03  0.0000e+00     1.1705e-03  0.0000e+00     9.8647e-02  0.0000e+00 
9.4563e+01     2.3961e-05  0.0000e+00     2.2658e-03  0.0000e+00     4.5802e-04  0.0000e+00     4.3311e-02  0.0000e+00 
1.0610e+02     1.1864e-05  0.0000e+00     1.2588e-03  0.0000e+00     2.5445e-04  0.0000e+00     2.6998e-02  0.0000e+00 
1.1905e+02     4.2296e-06  0.0000e+00     5.0352e-04  0.0000e+00     1.0178e-04  0.0000e+00     1.2117e-02  0.0000e+00 
1.3357e+02     1.8848e-06  0.0000e+00     2.5176e-04  0.0000e+00     5.0891e-05  0.0000e+00     6.7976e-03  0.0000e+00 
1.4987e+02     0.0000e+00  0.0000e+00     0.0000e+00  0.0000e+00     0.0000e+00  0.0000e+00     0.0000e+00  0.0000e+00 
1.6816e+02     0.0000e+00  0.0000e+00     0.0000e+00  0.0000e+00     0.0000e+00  0.0000e+00     0.0000e+00  0.0000e+00 
1.8868e+02     0.0000e+00  0.0000e+00     0.0000e+00  0.0000e+00     0.0000e+00  0.0000e+00     0.0000e+00  0.0000e+00 
2.1170e+02     0.0000e+00  0.0000e+00     0.0000e+00  0.0000e+00     0.0000e+00  0.0000e+00     0.0000e+00  0.0000e+00 
2.3753e+02     0.0000e+00  0.0000e+00     0.0000e+00  0.0000e+00     0.0000e+00  0.0000e+00     0.0000e+00  0.0000e+00 
2.6651e+02     0.0000e+00  0.0000e+00     0.0000e+00  0.0000e+00     0.0000e+00  0.0000e+00     0.0000e+00  0.0000e+00 
2.9903e+02     0.0000e+00  0.0000e+00     0.0000e+00  0.0000e+00     0.0000e+00  0.0000e+00     0.0000e+00  0.0000e+00 
3.3552e+02     0.0000e+00  0.0000e+00     0.0000e+00  0.0000e+00     0.0000e+00  0.0000e+00     0.0000e+00  0.0000e+00 
3.7646e+02     0.0000e+00  0.0000e+00     0.0000e+00  0.0000e+00     0.0000e+00  0.0000e+00     0.0000e+00  0.0000e+00 
4.2240e+02     0.0000e+00  0.0000e+00     0.0000e+00  0.0000e+00     0.0000e+00  0.0000e+00     0.0000e+00  0.0000e+00 
4.7394e+02     0.0000e+00  0.0000e+00     0.0000e+00  0.0000e+00     0.0000e+00  0.0000e+00     0.0000e+00  0.0000e+00 
5.3176e+02     0.0000e+00  0.0000e+00     0.0000e+00  0.0000e+00     0.0000e+00  0.0000e+00     0.0000e+00  0.0000e+00 
5.9665e+02     0.0000e+00  0.0000e+00     0.0000e+00  0.0000e+00     0.0000e+00  0.0000e+00     0.0000e+00  0.0000e+00 
6.6945e+02     0.0000e+00  0.0000e+00     0.0000e+00  0.0000e+00     0.0000e+00  0.0000e+00     0.0000e+00  0.0000e+00 
7.5114e+02     0.0000e+00  0.0000e+00     0.0000e+00  0.0000e+00     0.0000e+00  0.0000e+00     0.0000e+00  0.0000e+00 
8.4279e+02     0.0000e+00  0.0000e+00     0.0000e+00  0.0000e+00     0.0000e+00  0.0000e+00     0.0000e+00  0.0000e+00 
9.4563e+02     0.0000e+00  0.0000e+00     0.0000e+00  0.0000e+00     0.0000e+00  0.0000e+00     0.0000e+00  0.0000e+00 
1.0610e+03     0.0000e+00  0.0000e+00     0.0000e+00  0.0000e+00     0.0000e+00  0.0000e+00     0.0000e+00  0.0000e+00 
1.1905e+03     0.0000e+00  0.0000e+00     0.0000e+00  0.0000e+00     0.0000e+00  0.0000e+00     0.0000e+00  0.0000e+00 
1.3357e+03     0.0000e+00  0.0000e+00     0.0000e+00  0.0000e+00     0.0000e+00  0.0000e+00     0.0000e+00  0.0000e+00 
1.4987e+03     0.0000e+00  0.0000e+00     0.0000e+00  0.0000e+00     0.0000e+00  0.0000e+00     0.0000e+00  0.0000e+00 
1.6816e+03     0.0000e+00  0.0000e+00     0.0000e+00  0.0000e+00     0.0000e+00  0.0000e+00     0.0000e+00  0.0000e+00 
1.8868e+03     0.0000e+00  0.0000e+00     0.0000e+00  0.0000e+00     0.0000e+00  0.0000e+00     0.0000e+00  0.0000e+00 
2.1170e+03     0.0000e+00  0.0000e+00     0.0000e+00  0.0000e+00     0.0000e+00  0.0000e+00     0.0000e+00  0.0000e+00 
2.3753e+03     0.0000e+00  0.0000e+00     0.0000e+00  0.0000e+00     0.0000e+00  0.0000e+00     0.0000e+00  0.0000e+00 
2.6651e+03     0.0000e+00  0.0000e+00     0.0000e+00  0.0000e+00     0.0000e+00  0.0000e+00     0.0000e+00  0.0000e+00 
2.9903e+03     0.0000e+00  0.0000e+00     0.0000e+00  0.0000e+00     0.0000e+00  0.0000e+00     0.0000e+00  0.0000e+00 
3.3552e+03     0.0000e+00  0.0000e+00     0.0000e+00  0.0000e+00     0.0000e+00  0.0000e+00     0.0000e+00  0.0000e+00 
3.7646e+03     0.0000e+00  0.0000e+00     0.0000e+00  0.0000e+00     0.0000e+00  0.0000e+00     0.0000e+00  0.0000e+00 
4.2240e+03     0.0000e+00  0.0000e+00     0.0000e+00  0.0000e+00     0.0000e+00  0.0000e+00     0.0000e+00  0.0000e+00 
4.7394e+03     0.0000e+00  0.0000e+00     0.0000e+00  0.0000e+00     0.0000e+00  0.0000e+00     0.0000e+00  0.0000e+00 
5.3176e+03     0.0000e+00  0.0000e+00     0.0000e+00  0.0000e+00     0.0000e+00  0.0000e+00     0.0000e+00  0.0000e+00 
5.9665e+03     0.0000e+00  0.0000e+00     0.0000e+00  0.0000e+00     0.0000e+00  0.0000e+00     0.0000e+00  0.0000e+00 
6.6945e+03     0.0000e+00  0.0000e+00     0.0000e+00  0.0000e+00     0.0000e+00  0.0000e+00     0.0000e+00  0.0000e+00 
7.5114e+03     0.0000e+00  0.0000e+00     0.0000e+00  0.0000e+00     0.0000e+00  0.0000e+00     0.0000e+00  0.0000e+00 
8.4279e+03     0.0000e+00  0.0000e+00     0.0000e+00  0.0000e+00     0.0000e+00  0.0000e+00     0.0000e+00  0.0000e+00 
9.4563e+03     0.0000e+00  0.0000e+00     0.0000e+00  0.0000e+00     0.0000e+00  0.0000e+00     0.0000e+00  0.0000e+00 
