yF = 1.4416e+01 (std: 0.0000e+00) keV/um
yD = 3.5472e+01 (std: 0.0000e+00) keV/um
y (keV/um)     f(y)(std)                  yf(y)(std)                 d(y)(std)                  yd(y)(std)  
1.0610e-01     8.6988e+00  0.0000e+00     9.2295e-01  0.0000e+00     6.4025e-02  0.0000e+00     6.7931e-03  0.0000e+00 
1.1905e-01     8.7869e-01  0.0000e+00     1.0461e-01  0.0000e+00     7.2564e-03  0.0000e+00     8.6386e-04  0.0000e+00 
1.3357e-01     3.8719e-01  0.0000e+00     5.1718e-02  0.0000e+00     3.5876e-03  0.0000e+00     4.7921e-04  0.0000e+00 
1.4987e-01     1.1562e+00  0.0000e+00     1.7329e-01  0.0000e+00     1.2021e-02  0.0000e+00     1.8016e-03  0.0000e+00 
1.6816e-01     5.2305e-01  0.0000e+00     8.7955e-02  0.0000e+00     6.1014e-03  0.0000e+00     1.0260e-03  0.0000e+00 
1.8868e-01     4.2863e-01  0.0000e+00     8.0873e-02  0.0000e+00     5.6101e-03  0.0000e+00     1.0585e-03  0.0000e+00 
2.1170e-01     4.1922e-01  0.0000e+00     8.8749e-02  0.0000e+00     6.1564e-03  0.0000e+00     1.3033e-03  0.0000e+00 
2.3753e-01     4.1163e-01  0.0000e+00     9.7774e-02  0.0000e+00     6.7825e-03  0.0000e+00     1.6111e-03  0.0000e+00 
2.6651e-01     2.5398e-01  0.0000e+00     6.7690e-02  0.0000e+00     4.6956e-03  0.0000e+00     1.2514e-03  0.0000e+00 
2.9903e-01     2.1969e-01  0.0000e+00     6.5695e-02  0.0000e+00     4.5572e-03  0.0000e+00     1.3627e-03  0.0000e+00 
3.3552e-01     5.3438e-01  0.0000e+00     1.7929e-01  0.0000e+00     1.2438e-02  0.0000e+00     4.1730e-03  0.0000e+00 
3.7646e-01     4.5137e-01  0.0000e+00     1.6992e-01  0.0000e+00     1.1788e-02  0.0000e+00     4.4375e-03  0.0000e+00 
4.2240e-01     2.8291e-01  0.0000e+00     1.1950e-01  0.0000e+00     8.2897e-03  0.0000e+00     3.5016e-03  0.0000e+00 
4.7394e-01     2.8378e-01  0.0000e+00     1.3449e-01  0.0000e+00     9.3296e-03  0.0000e+00     4.4216e-03  0.0000e+00 
5.3176e-01     2.3730e-01  0.0000e+00     1.2619e-01  0.0000e+00     8.7535e-03  0.0000e+00     4.6548e-03  0.0000e+00 
5.9665e-01     1.5986e-01  0.0000e+00     9.5382e-02  0.0000e+00     6.6166e-03  0.0000e+00     3.9478e-03  0.0000e+00 
6.6945e-01     1.5828e-01  0.0000e+00     1.0596e-01  0.0000e+00     7.3506e-03  0.0000e+00     4.9209e-03  0.0000e+00 
7.5114e-01     1.5292e-01  0.0000e+00     1.1486e-01  0.0000e+00     7.9680e-03  0.0000e+00     5.9851e-03  0.0000e+00 
8.4279e-01     1.0664e-01  0.0000e+00     8.9877e-02  0.0000e+00     6.2347e-03  0.0000e+00     5.2545e-03  0.0000e+00 
9.4563e-01     7.8641e-02  0.0000e+00     7.4365e-02  0.0000e+00     5.1586e-03  0.0000e+00     4.8781e-03  0.0000e+00 
1.0610e+00     6.0982e-02  0.0000e+00     6.4702e-02  0.0000e+00     4.4883e-03  0.0000e+00     4.7622e-03  0.0000e+00 
1.1905e+00     4.2109e-02  0.0000e+00     5.0130e-02  0.0000e+00     3.4775e-03  0.0000e+00     4.1399e-03  0.0000e+00 
1.3357e+00     2.8013e-02  0.0000e+00     3.7417e-02  0.0000e+00     2.5956e-03  0.0000e+00     3.4670e-03  0.0000e+00 
1.4987e+00     1.8582e-02  0.0000e+00     2.7849e-02  0.0000e+00     1.9319e-03  0.0000e+00     2.8953e-03  0.0000e+00 
1.6816e+00     1.1269e-02  0.0000e+00     1.8949e-02  0.0000e+00     1.3145e-03  0.0000e+00     2.2104e-03  0.0000e+00 
1.8868e+00     6.3115e-03  0.0000e+00     1.1908e-02  0.0000e+00     8.2608e-04  0.0000e+00     1.5586e-03  0.0000e+00 
2.1170e+00     3.0988e-03  0.0000e+00     6.5601e-03  0.0000e+00     4.5507e-04  0.0000e+00     9.6337e-04  0.0000e+00 
2.3753e+00     1.5920e-03  0.0000e+00     3.7814e-03  0.0000e+00     2.6232e-04  0.0000e+00     6.2308e-04  0.0000e+00 
2.6651e+00     7.2118e-04  0.0000e+00     1.9221e-03  0.0000e+00     1.3333e-04  0.0000e+00     3.5535e-04  0.0000e+00 
2.9903e+00     2.5151e-04  0.0000e+00     7.5211e-04  0.0000e+00     5.2173e-05  0.0000e+00     1.5602e-04  0.0000e+00 
3.3552e+00     8.4061e-05  0.0000e+00     2.8204e-04  0.0000e+00     1.9565e-05  0.0000e+00     6.5644e-05  0.0000e+00 
3.7646e+00     3.3297e-05  0.0000e+00     1.2535e-04  0.0000e+00     8.6955e-06  0.0000e+00     3.2735e-05  0.0000e+00 
4.2240e+00     4.9461e-06  0.0000e+00     2.0892e-05  0.0000e+00     1.4493e-06  0.0000e+00     6.1216e-06  0.0000e+00 
4.7394e+00     2.2041e-06  0.0000e+00     1.0446e-05  0.0000e+00     7.2463e-07  0.0000e+00     3.4343e-06  0.0000e+00 
5.3176e+00     0.0000e+00  0.0000e+00     0.0000e+00  0.0000e+00     0.0000e+00  0.0000e+00     0.0000e+00  0.0000e+00 
5.9665e+00     5.2471e-02  0.0000e+00     3.1307e-01  0.0000e+00     2.1717e-02  0.0000e+00     1.2957e-01  0.0000e+00 
6.6945e+00     3.2058e-02  0.0000e+00     2.1461e-01  0.0000e+00     1.4887e-02  0.0000e+00     9.9665e-02  0.0000e+00 
7.5114e+00     1.0336e-02  0.0000e+00     7.7634e-02  0.0000e+00     5.3854e-03  0.0000e+00     4.0452e-02  0.0000e+00 
8.4279e+00     3.0479e-02  0.0000e+00     2.5688e-01  0.0000e+00     1.7819e-02  0.0000e+00     1.5018e-01  0.0000e+00 
9.4563e+00     3.5010e-02  0.0000e+00     3.3106e-01  0.0000e+00     2.2966e-02  0.0000e+00     2.1717e-01  0.0000e+00 
1.0610e+01     4.3301e-02  0.0000e+00     4.5942e-01  0.0000e+00     3.1870e-02  0.0000e+00     3.3814e-01  0.0000e+00 
1.1905e+01     2.9430e-02  0.0000e+00     3.5036e-01  0.0000e+00     2.4304e-02  0.0000e+00     2.8933e-01  0.0000e+00 
1.3357e+01     2.0113e-02  0.0000e+00     2.6866e-01  0.0000e+00     1.8637e-02  0.0000e+00     2.4894e-01  0.0000e+00 
1.4987e+01     1.5732e-02  0.0000e+00     2.3578e-01  0.0000e+00     1.6356e-02  0.0000e+00     2.4512e-01  0.0000e+00 
1.6816e+01     2.5641e-02  0.0000e+00     4.3118e-01  0.0000e+00     2.9910e-02  0.0000e+00     5.0297e-01  0.0000e+00 
1.8868e+01     1.6592e-02  0.0000e+00     3.1304e-01  0.0000e+00     2.1716e-02  0.0000e+00     4.0972e-01  0.0000e+00 
2.1170e+01     1.2430e-02  0.0000e+00     2.6314e-01  0.0000e+00     1.8254e-02  0.0000e+00     3.8644e-01  0.0000e+00 
2.3753e+01     1.2624e-02  0.0000e+00     2.9986e-01  0.0000e+00     2.0801e-02  0.0000e+00     4.9409e-01  0.0000e+00 
2.6651e+01     1.0870e-02  0.0000e+00     2.8971e-01  0.0000e+00     2.0097e-02  0.0000e+00     5.3561e-01  0.0000e+00 
2.9903e+01     8.1875e-03  0.0000e+00     2.4483e-01  0.0000e+00     1.6984e-02  0.0000e+00     5.0787e-01  0.0000e+00 
3.3552e+01     6.9490e-03  0.0000e+00     2.3315e-01  0.0000e+00     1.6174e-02  0.0000e+00     5.4266e-01  0.0000e+00 
3.7646e+01     5.4333e-03  0.0000e+00     2.0454e-01  0.0000e+00     1.4189e-02  0.0000e+00     5.3416e-01  0.0000e+00 
4.2240e+01     4.0805e-03  0.0000e+00     1.7236e-01  0.0000e+00     1.1956e-02  0.0000e+00     5.0503e-01  0.0000e+00 
4.7394e+01     3.1172e-03  0.0000e+00     1.4774e-01  0.0000e+00     1.0248e-02  0.0000e+00     4.8571e-01  0.0000e+00 
5.3176e+01     2.2451e-03  0.0000e+00     1.1939e-01  0.0000e+00     8.2818e-03  0.0000e+00     4.4040e-01  0.0000e+00 
5.9665e+01     1.5918e-03  0.0000e+00     9.4975e-02  0.0000e+00     6.5883e-03  0.0000e+00     3.9309e-01  0.0000e+00 
6.6945e+01     1.0420e-03  0.0000e+00     6.9758e-02  0.0000e+00     4.8391e-03  0.0000e+00     3.2395e-01  0.0000e+00 
7.5114e+01     6.7754e-04  0.0000e+00     5.0893e-02  0.0000e+00     3.5304e-03  0.0000e+00     2.6518e-01  0.0000e+00 
8.4279e+01     3.9414e-04  0.0000e+00     3.3218e-02  0.0000e+00     2.3043e-03  0.0000e+00     1.9421e-01  0.0000e+00 
9.4563e+01     2.2756e-04  0.0000e+00     2.1519e-02  0.0000e+00     1.4927e-03  0.0000e+00     1.4116e-01  0.0000e+00 
1.0610e+02     1.0928e-04  0.0000e+00     1.1595e-02  0.0000e+00     8.0434e-04  0.0000e+00     8.5341e-02  0.0000e+00 
1.1905e+02     5.4315e-05  0.0000e+00     6.4660e-03  0.0000e+00     4.4854e-04  0.0000e+00     5.3398e-02  0.0000e+00 
1.3357e+02     2.1584e-05  0.0000e+00     2.8831e-03  0.0000e+00     2.0000e-04  0.0000e+00     2.6714e-02  0.0000e+00 
1.4987e+02     1.0176e-05  0.0000e+00     1.5251e-03  0.0000e+00     1.0580e-04  0.0000e+00     1.5856e-02  0.0000e+00 
1.6816e+02     2.6711e-06  0.0000e+00     4.4918e-04  0.0000e+00     3.1159e-05  0.0000e+00     5.2397e-03  0.0000e+00 
1.8868e+02     8.8583e-07  0.0000e+00     1.6714e-04  0.0000e+00     1.1594e-05  0.0000e+00     2.1875e-03  0.0000e+00 
2.1170e+02     2.4672e-07  0.0000e+00     5.2230e-05  0.0000e+00     3.6231e-06  0.0000e+00     7.6702e-04  0.0000e+00 
2.3753e+02     0.0000e+00  0.0000e+00     0.0000e+00  0.0000e+00     0.0000e+00  0.0000e+00     0.0000e+00  0.0000e+00 
2.6651e+02     3.9195e-08  0.0000e+00     1.0446e-05  0.0000e+00     7.2463e-07  0.0000e+00     1.9312e-04  0.0000e+00 
2.9903e+02     0.0000e+00  0.0000e+00     0.0000e+00  0.0000e+00     0.0000e+00  0.0000e+00     0.0000e+00  0.0000e+00 
3.3552e+02     0.0000e+00  0.0000e+00     0.0000e+00  0.0000e+00     0.0000e+00  0.0000e+00     0.0000e+00  0.0000e+00 
3.7646e+02     0.0000e+00  0.0000e+00     0.0000e+00  0.0000e+00     0.0000e+00  0.0000e+00     0.0000e+00  0.0000e+00 
4.2240e+02     0.0000e+00  0.0000e+00     0.0000e+00  0.0000e+00     0.0000e+00  0.0000e+00     0.0000e+00  0.0000e+00 
4.7394e+02     0.0000e+00  0.0000e+00     0.0000e+00  0.0000e+00     0.0000e+00  0.0000e+00     0.0000e+00  0.0000e+00 
5.3176e+02     0.0000e+00  0.0000e+00     0.0000e+00  0.0000e+00     0.0000e+00  0.0000e+00     0.0000e+00  0.0000e+00 
5.9665e+02     0.0000e+00  0.0000e+00     0.0000e+00  0.0000e+00     0.0000e+00  0.0000e+00     0.0000e+00  0.0000e+00 
6.6945e+02     0.0000e+00  0.0000e+00     0.0000e+00  0.0000e+00     0.0000e+00  0.0000e+00     0.0000e+00  0.0000e+00 
7.5114e+02     0.0000e+00  0.0000e+00     0.0000e+00  0.0000e+00     0.0000e+00  0.0000e+00     0.0000e+00  0.0000e+00 
8.4279e+02     0.0000e+00  0.0000e+00     0.0000e+00  0.0000e+00     0.0000e+00  0.0000e+00     0.0000e+00  0.0000e+00 
9.4563e+02     0.0000e+00  0.0000e+00     0.0000e+00  0.0000e+00     0.0000e+00  0.0000e+00     0.0000e+00  0.0000e+00 
1.0610e+03     0.0000e+00  0.0000e+00     0.0000e+00  0.0000e+00     0.0000e+00  0.0000e+00     0.0000e+00  0.0000e+00 
1.1905e+03     0.0000e+00  0.0000e+00     0.0000e+00  0.0000e+00     0.0000e+00  0.0000e+00     0.0000e+00  0.0000e+00 
1.3357e+03     0.0000e+00  0.0000e+00     0.0000e+00  0.0000e+00     0.0000e+00  0.0000e+00     0.0000e+00  0.0000e+00 
1.4987e+03     0.0000e+00  0.0000e+00     0.0000e+00  0.0000e+00     0.0000e+00  0.0000e+00     0.0000e+00  0.0000e+00 
1.6816e+03     0.0000e+00  0.0000e+00     0.0000e+00  0.0000e+00     0.0000e+00  0.0000e+00     0.0000e+00  0.0000e+00 
1.8868e+03     0.0000e+00  0.0000e+00     0.0000e+00  0.0000e+00     0.0000e+00  0.0000e+00     0.0000e+00  0.0000e+00 
2.1170e+03     0.0000e+00  0.0000e+00     0.0000e+00  0.0000e+00     0.0000e+00  0.0000e+00     0.0000e+00  0.0000e+00 
2.3753e+03     0.0000e+00  0.0000e+00     0.0000e+00  0.0000e+00     0.0000e+00  0.0000e+00     0.0000e+00  0.0000e+00 
2.6651e+03     0.0000e+00  0.0000e+00     0.0000e+00  0.0000e+00     0.0000e+00  0.0000e+00     0.0000e+00  0.0000e+00 
2.9903e+03     0.0000e+00  0.0000e+00     0.0000e+00  0.0000e+00     0.0000e+00  0.0000e+00     0.0000e+00  0.0000e+00 
3.3552e+03     0.0000e+00  0.0000e+00     0.0000e+00  0.0000e+00     0.0000e+00  0.0000e+00     0.0000e+00  0.0000e+00 
3.7646e+03     0.0000e+00  0.0000e+00     0.0000e+00  0.0000e+00     0.0000e+00  0.0000e+00     0.0000e+00  0.0000e+00 
4.2240e+03     0.0000e+00  0.0000e+00     0.0000e+00  0.0000e+00     0.0000e+00  0.0000e+00     0.0000e+00  0.0000e+00 
4.7394e+03     0.0000e+00  0.0000e+00     0.0000e+00  0.0000e+00     0.0000e+00  0.0000e+00     0.0000e+00  0.0000e+00 
5.3176e+03     0.0000e+00  0.0000e+00     0.0000e+00  0.0000e+00     0.0000e+00  0.0000e+00     0.0000e+00  0.0000e+00 
5.9665e+03     0.0000e+00  0.0000e+00     0.0000e+00  0.0000e+00     0.0000e+00  0.0000e+00     0.0000e+00  0.0000e+00 
6.6945e+03     0.0000e+00  0.0000e+00     0.0000e+00  0.0000e+00     0.0000e+00  0.0000e+00     0.0000e+00  0.0000e+00 
7.5114e+03     0.0000e+00  0.0000e+00     0.0000e+00  0.0000e+00     0.0000e+00  0.0000e+00     0.0000e+00  0.0000e+00 
8.4279e+03     0.0000e+00  0.0000e+00     0.0000e+00  0.0000e+00     0.0000e+00  0.0000e+00     0.0000e+00  0.0000e+00 
9.4563e+03     0.0000e+00  0.0000e+00     0.0000e+00  0.0000e+00     0.0000e+00  0.0000e+00     0.0000e+00  0.0000e+00 
