yF = 1.0829e+02 (std: 0.0000e+00) keV/um
yD = 1.2463e+02 (std: 0.0000e+00) keV/um
y (keV/um)     f(y)(std)                  yf(y)(std)                 d(y)(std)                  yd(y)(std)  
1.0610e-01     4.9173e-03  0.0000e+00     5.2173e-04  0.0000e+00     4.8179e-06  0.0000e+00     5.1119e-07  0.0000e+00 
1.1905e-01     3.6521e-04  0.0000e+00     4.3478e-05  0.0000e+00     4.0150e-07  0.0000e+00     4.7797e-08  0.0000e+00 
1.3357e-01     2.6040e-04  0.0000e+00     3.4782e-05  0.0000e+00     3.2120e-07  0.0000e+00     4.2903e-08  0.0000e+00 
1.4987e-01     8.1228e-04  0.0000e+00     1.2174e-04  0.0000e+00     1.1242e-06  0.0000e+00     1.6848e-07  0.0000e+00 
1.6816e-01     1.0342e-04  0.0000e+00     1.7391e-05  0.0000e+00     1.6060e-07  0.0000e+00     2.7006e-08  0.0000e+00 
1.8868e-01     6.9130e-04  0.0000e+00     1.3043e-04  0.0000e+00     1.2045e-06  0.0000e+00     2.2726e-07  0.0000e+00 
2.1170e-01     3.6968e-04  0.0000e+00     7.8260e-05  0.0000e+00     7.2269e-07  0.0000e+00     1.5299e-07  0.0000e+00 
2.3753e-01     1.8304e-04  0.0000e+00     4.3478e-05  0.0000e+00     4.0150e-07  0.0000e+00     9.5367e-08  0.0000e+00 
2.6651e-01     2.9364e-04  0.0000e+00     7.8260e-05  0.0000e+00     7.2269e-07  0.0000e+00     1.9261e-07  0.0000e+00 
2.9903e-01     2.6171e-04  0.0000e+00     7.8260e-05  0.0000e+00     7.2269e-07  0.0000e+00     2.1611e-07  0.0000e+00 
3.3552e-01     1.8142e-04  0.0000e+00     6.0869e-05  0.0000e+00     5.6209e-07  0.0000e+00     1.8859e-07  0.0000e+00 
3.7646e-01     4.6196e-04  0.0000e+00     1.7391e-04  0.0000e+00     1.6060e-06  0.0000e+00     6.0459e-07  0.0000e+00 
4.2240e-01     2.2645e-04  0.0000e+00     9.5651e-05  0.0000e+00     8.8329e-07  0.0000e+00     3.7310e-07  0.0000e+00 
4.7394e-01     3.3026e-04  0.0000e+00     1.5652e-04  0.0000e+00     1.4454e-06  0.0000e+00     6.8502e-07  0.0000e+00 
5.3176e-01     2.1258e-04  0.0000e+00     1.1304e-04  0.0000e+00     1.0439e-06  0.0000e+00     5.5510e-07  0.0000e+00 
5.9665e-01     2.0404e-04  0.0000e+00     1.2174e-04  0.0000e+00     1.1242e-06  0.0000e+00     6.7075e-07  0.0000e+00 
6.6945e-01     1.6886e-04  0.0000e+00     1.1304e-04  0.0000e+00     1.0439e-06  0.0000e+00     6.9883e-07  0.0000e+00 
7.5114e-01     1.0419e-04  0.0000e+00     7.8260e-05  0.0000e+00     7.2269e-07  0.0000e+00     5.4284e-07  0.0000e+00 
8.4279e-01     1.0318e-04  0.0000e+00     8.6956e-05  0.0000e+00     8.0299e-07  0.0000e+00     6.7675e-07  0.0000e+00 
9.4563e-01     4.5978e-05  0.0000e+00     4.3478e-05  0.0000e+00     4.0150e-07  0.0000e+00     3.7966e-07  0.0000e+00 
1.0610e+00     6.5564e-05  0.0000e+00     6.9564e-05  0.0000e+00     6.4239e-07  0.0000e+00     6.8158e-07  0.0000e+00 
1.1905e+00     3.6521e-05  0.0000e+00     4.3478e-05  0.0000e+00     4.0150e-07  0.0000e+00     4.7797e-07  0.0000e+00 
1.3357e+00     1.3020e-05  0.0000e+00     1.7391e-05  0.0000e+00     1.6060e-07  0.0000e+00     2.1452e-07  0.0000e+00 
1.4987e+00     5.8020e-06  0.0000e+00     8.6956e-06  0.0000e+00     8.0299e-08  0.0000e+00     1.2035e-07  0.0000e+00 
1.6816e+00     1.5513e-05  0.0000e+00     2.6087e-05  0.0000e+00     2.4090e-07  0.0000e+00     4.0509e-07  0.0000e+00 
1.8868e+00     9.2174e-06  0.0000e+00     1.7391e-05  0.0000e+00     1.6060e-07  0.0000e+00     3.0301e-07  0.0000e+00 
2.1170e+00     8.2150e-06  0.0000e+00     1.7391e-05  0.0000e+00     1.6060e-07  0.0000e+00     3.3998e-07  0.0000e+00 
2.3753e+00     0.0000e+00  0.0000e+00     0.0000e+00  0.0000e+00     0.0000e+00  0.0000e+00     0.0000e+00  0.0000e+00 
2.6651e+00     0.0000e+00  0.0000e+00     0.0000e+00  0.0000e+00     0.0000e+00  0.0000e+00     0.0000e+00  0.0000e+00 
2.9903e+00     0.0000e+00  0.0000e+00     0.0000e+00  0.0000e+00     0.0000e+00  0.0000e+00     0.0000e+00  0.0000e+00 
3.3552e+00     0.0000e+00  0.0000e+00     0.0000e+00  0.0000e+00     0.0000e+00  0.0000e+00     0.0000e+00  0.0000e+00 
3.7646e+00     0.0000e+00  0.0000e+00     0.0000e+00  0.0000e+00     0.0000e+00  0.0000e+00     0.0000e+00  0.0000e+00 
4.2240e+00     0.0000e+00  0.0000e+00     0.0000e+00  0.0000e+00     0.0000e+00  0.0000e+00     0.0000e+00  0.0000e+00 
4.7394e+00     0.0000e+00  0.0000e+00     0.0000e+00  0.0000e+00     0.0000e+00  0.0000e+00     0.0000e+00  0.0000e+00 
5.3176e+00     0.0000e+00  0.0000e+00     0.0000e+00  0.0000e+00     0.0000e+00  0.0000e+00     0.0000e+00  0.0000e+00 
5.9665e+00     1.7489e-05  0.0000e+00     1.0435e-04  0.0000e+00     9.6359e-07  0.0000e+00     5.7492e-06  0.0000e+00 
6.6945e+00     5.8451e-05  0.0000e+00     3.9130e-04  0.0000e+00     3.6135e-06  0.0000e+00     2.4190e-05  0.0000e+00 
7.5114e+00     1.2734e-05  0.0000e+00     9.5651e-05  0.0000e+00     8.8329e-07  0.0000e+00     6.6347e-06  0.0000e+00 
8.4279e+00     2.9508e-04  0.0000e+00     2.4869e-03  0.0000e+00     2.2966e-05  0.0000e+00     1.9355e-04  0.0000e+00 
9.4563e+00     2.4920e-04  0.0000e+00     2.3565e-03  0.0000e+00     2.1761e-05  0.0000e+00     2.0578e-04  0.0000e+00 
1.0610e+01     3.0815e-04  0.0000e+00     3.2695e-03  0.0000e+00     3.0192e-05  0.0000e+00     3.2034e-04  0.0000e+00 
1.1905e+01     1.9575e-04  0.0000e+00     2.3304e-03  0.0000e+00     2.1520e-05  0.0000e+00     2.5619e-04  0.0000e+00 
1.3357e+01     1.8358e-04  0.0000e+00     2.4521e-03  0.0000e+00     2.2644e-05  0.0000e+00     3.0247e-04  0.0000e+00 
1.4987e+01     1.7058e-04  0.0000e+00     2.5565e-03  0.0000e+00     2.3608e-05  0.0000e+00     3.5382e-04  0.0000e+00 
1.6816e+01     3.2319e-04  0.0000e+00     5.4347e-03  0.0000e+00     5.0187e-05  0.0000e+00     8.4394e-04  0.0000e+00 
1.8868e+01     5.8853e-04  0.0000e+00     1.1104e-02  0.0000e+00     1.0254e-04  0.0000e+00     1.9347e-03  0.0000e+00 
2.1170e+01     6.8842e-04  0.0000e+00     1.4574e-02  0.0000e+00     1.3458e-04  0.0000e+00     2.8491e-03  0.0000e+00 
2.3753e+01     6.7872e-04  0.0000e+00     1.6122e-02  0.0000e+00     1.4887e-04  0.0000e+00     3.5362e-03  0.0000e+00 
2.6651e+01     9.6543e-04  0.0000e+00     2.5730e-02  0.0000e+00     2.3760e-04  0.0000e+00     6.3325e-03  0.0000e+00 
2.9903e+01     1.4345e-03  0.0000e+00     4.2895e-02  0.0000e+00     3.9612e-04  0.0000e+00     1.1845e-02  0.0000e+00 
3.3552e+01     1.7012e-03  0.0000e+00     5.7078e-02  0.0000e+00     5.2708e-04  0.0000e+00     1.7685e-02  0.0000e+00 
3.7646e+01     2.1973e-03  0.0000e+00     8.2721e-02  0.0000e+00     7.6388e-04  0.0000e+00     2.8757e-02  0.0000e+00 
4.2240e+01     2.9311e-03  0.0000e+00     1.2381e-01  0.0000e+00     1.1433e-03  0.0000e+00     4.8292e-02  0.0000e+00 
4.7394e+01     3.7137e-03  0.0000e+00     1.7601e-01  0.0000e+00     1.6253e-03  0.0000e+00     7.7030e-02  0.0000e+00 
5.3176e+01     4.7184e-03  0.0000e+00     2.5091e-01  0.0000e+00     2.3170e-03  0.0000e+00     1.2321e-01  0.0000e+00 
5.9665e+01     5.8277e-03  0.0000e+00     3.4771e-01  0.0000e+00     3.2109e-03  0.0000e+00     1.9158e-01  0.0000e+00 
6.6945e+01     7.1222e-03  0.0000e+00     4.7679e-01  0.0000e+00     4.4030e-03  0.0000e+00     2.9476e-01  0.0000e+00 
7.5114e+01     8.3154e-03  0.0000e+00     6.2460e-01  0.0000e+00     5.7679e-03  0.0000e+00     4.3325e-01  0.0000e+00 
8.4279e+01     9.2350e-03  0.0000e+00     7.7831e-01  0.0000e+00     7.1873e-03  0.0000e+00     6.0574e-01  0.0000e+00 
9.4563e+01     9.7138e-03  0.0000e+00     9.1856e-01  0.0000e+00     8.4825e-03  0.0000e+00     8.0212e-01  0.0000e+00 
1.0610e+02     9.5664e-03  0.0000e+00     1.0150e+00  0.0000e+00     9.3731e-03  0.0000e+00     9.9449e-01  0.0000e+00 
1.1905e+02     8.5496e-03  0.0000e+00     1.0178e+00  0.0000e+00     9.3989e-03  0.0000e+00     1.1189e+00  0.0000e+00 
1.3357e+02     6.8752e-03  0.0000e+00     9.1834e-01  0.0000e+00     8.4804e-03  0.0000e+00     1.1328e+00  0.0000e+00 
1.4987e+02     4.9578e-03  0.0000e+00     7.4303e-01  0.0000e+00     6.8616e-03  0.0000e+00     1.0284e+00  0.0000e+00 
1.6816e+02     3.0478e-03  0.0000e+00     5.1252e-01  0.0000e+00     4.7328e-03  0.0000e+00     7.9587e-01  0.0000e+00 
1.8868e+02     1.5807e-03  0.0000e+00     2.9825e-01  0.0000e+00     2.7542e-03  0.0000e+00     5.1965e-01  0.0000e+00 
2.1170e+02     6.8702e-04  0.0000e+00     1.4544e-01  0.0000e+00     1.3431e-03  0.0000e+00     2.8433e-01  0.0000e+00 
2.3753e+02     2.2833e-04  0.0000e+00     5.4234e-02  0.0000e+00     5.0082e-04  0.0000e+00     1.1896e-01  0.0000e+00 
2.6651e+02     6.0719e-05  0.0000e+00     1.6182e-02  0.0000e+00     1.4944e-04  0.0000e+00     3.9827e-02  0.0000e+00 
2.9903e+02     1.1254e-05  0.0000e+00     3.3652e-03  0.0000e+00     3.1076e-05  0.0000e+00     9.2927e-03  0.0000e+00 
3.3552e+02     1.4254e-06  0.0000e+00     4.7826e-04  0.0000e+00     4.4164e-06  0.0000e+00     1.4818e-03  0.0000e+00 
3.7646e+02     6.9295e-08  0.0000e+00     2.6087e-05  0.0000e+00     2.4090e-07  0.0000e+00     9.0688e-05  0.0000e+00 
4.2240e+02     2.0586e-08  0.0000e+00     8.6956e-06  0.0000e+00     8.0299e-08  0.0000e+00     3.3918e-05  0.0000e+00 
4.7394e+02     0.0000e+00  0.0000e+00     0.0000e+00  0.0000e+00     0.0000e+00  0.0000e+00     0.0000e+00  0.0000e+00 
5.3176e+02     0.0000e+00  0.0000e+00     0.0000e+00  0.0000e+00     0.0000e+00  0.0000e+00     0.0000e+00  0.0000e+00 
5.9665e+02     0.0000e+00  0.0000e+00     0.0000e+00  0.0000e+00     0.0000e+00  0.0000e+00     0.0000e+00  0.0000e+00 
6.6945e+02     0.0000e+00  0.0000e+00     0.0000e+00  0.0000e+00     0.0000e+00  0.0000e+00     0.0000e+00  0.0000e+00 
7.5114e+02     0.0000e+00  0.0000e+00     0.0000e+00  0.0000e+00     0.0000e+00  0.0000e+00     0.0000e+00  0.0000e+00 
8.4279e+02     0.0000e+00  0.0000e+00     0.0000e+00  0.0000e+00     0.0000e+00  0.0000e+00     0.0000e+00  0.0000e+00 
9.4563e+02     0.0000e+00  0.0000e+00     0.0000e+00  0.0000e+00     0.0000e+00  0.0000e+00     0.0000e+00  0.0000e+00 
1.0610e+03     0.0000e+00  0.0000e+00     0.0000e+00  0.0000e+00     0.0000e+00  0.0000e+00     0.0000e+00  0.0000e+00 
1.1905e+03     0.0000e+00  0.0000e+00     0.0000e+00  0.0000e+00     0.0000e+00  0.0000e+00     0.0000e+00  0.0000e+00 
1.3357e+03     0.0000e+00  0.0000e+00     0.0000e+00  0.0000e+00     0.0000e+00  0.0000e+00     0.0000e+00  0.0000e+00 
1.4987e+03     0.0000e+00  0.0000e+00     0.0000e+00  0.0000e+00     0.0000e+00  0.0000e+00     0.0000e+00  0.0000e+00 
1.6816e+03     0.0000e+00  0.0000e+00     0.0000e+00  0.0000e+00     0.0000e+00  0.0000e+00     0.0000e+00  0.0000e+00 
1.8868e+03     0.0000e+00  0.0000e+00     0.0000e+00  0.0000e+00     0.0000e+00  0.0000e+00     0.0000e+00  0.0000e+00 
2.1170e+03     0.0000e+00  0.0000e+00     0.0000e+00  0.0000e+00     0.0000e+00  0.0000e+00     0.0000e+00  0.0000e+00 
2.3753e+03     0.0000e+00  0.0000e+00     0.0000e+00  0.0000e+00     0.0000e+00  0.0000e+00     0.0000e+00  0.0000e+00 
2.6651e+03     0.0000e+00  0.0000e+00     0.0000e+00  0.0000e+00     0.0000e+00  0.0000e+00     0.0000e+00  0.0000e+00 
2.9903e+03     0.0000e+00  0.0000e+00     0.0000e+00  0.0000e+00     0.0000e+00  0.0000e+00     0.0000e+00  0.0000e+00 
3.3552e+03     0.0000e+00  0.0000e+00     0.0000e+00  0.0000e+00     0.0000e+00  0.0000e+00     0.0000e+00  0.0000e+00 
3.7646e+03     0.0000e+00  0.0000e+00     0.0000e+00  0.0000e+00     0.0000e+00  0.0000e+00     0.0000e+00  0.0000e+00 
4.2240e+03     0.0000e+00  0.0000e+00     0.0000e+00  0.0000e+00     0.0000e+00  0.0000e+00     0.0000e+00  0.0000e+00 
4.7394e+03     0.0000e+00  0.0000e+00     0.0000e+00  0.0000e+00     0.0000e+00  0.0000e+00     0.0000e+00  0.0000e+00 
5.3176e+03     0.0000e+00  0.0000e+00     0.0000e+00  0.0000e+00     0.0000e+00  0.0000e+00     0.0000e+00  0.0000e+00 
5.9665e+03     0.0000e+00  0.0000e+00     0.0000e+00  0.0000e+00     0.0000e+00  0.0000e+00     0.0000e+00  0.0000e+00 
6.6945e+03     0.0000e+00  0.0000e+00     0.0000e+00  0.0000e+00     0.0000e+00  0.0000e+00     0.0000e+00  0.0000e+00 
7.5114e+03     0.0000e+00  0.0000e+00     0.0000e+00  0.0000e+00     0.0000e+00  0.0000e+00     0.0000e+00  0.0000e+00 
8.4279e+03     0.0000e+00  0.0000e+00     0.0000e+00  0.0000e+00     0.0000e+00  0.0000e+00     0.0000e+00  0.0000e+00 
9.4563e+03     0.0000e+00  0.0000e+00     0.0000e+00  0.0000e+00     0.0000e+00  0.0000e+00     0.0000e+00  0.0000e+00 
