yF = 9.2169e+01 (std: 0.0000e+00) keV/um
yD = 1.3194e+02 (std: 0.0000e+00) keV/um
y (keV/um)     f(y)(std)                  yf(y)(std)                 d(y)(std)                  yd(y)(std)  
1.0610e-01     6.9791e-01  0.0000e+00     7.4049e-02  0.0000e+00     8.0341e-04  0.0000e+00     8.5242e-05  0.0000e+00 
1.1905e-01     5.0136e-02  0.0000e+00     5.9686e-03  0.0000e+00     6.4757e-05  0.0000e+00     7.7092e-06  0.0000e+00 
1.3357e-01     1.7439e-02  0.0000e+00     2.3294e-03  0.0000e+00     2.5273e-05  0.0000e+00     3.3758e-06  0.0000e+00 
1.4987e-01     6.0998e-02  0.0000e+00     9.1419e-03  0.0000e+00     9.9186e-05  0.0000e+00     1.4865e-05  0.0000e+00 
1.6816e-01     2.2948e-02  0.0000e+00     3.8589e-03  0.0000e+00     4.1868e-05  0.0000e+00     7.0405e-06  0.0000e+00 
1.8868e-01     1.6260e-02  0.0000e+00     3.0678e-03  0.0000e+00     3.3285e-05  0.0000e+00     6.2800e-06  0.0000e+00 
2.1170e-01     1.4824e-02  0.0000e+00     3.1381e-03  0.0000e+00     3.4048e-05  0.0000e+00     7.2078e-06  0.0000e+00 
2.3753e-01     1.5913e-02  0.0000e+00     3.7798e-03  0.0000e+00     4.1010e-05  0.0000e+00     9.7410e-06  0.0000e+00 
2.6651e-01     7.0583e-03  0.0000e+00     1.8811e-03  0.0000e+00     2.0409e-05  0.0000e+00     5.4394e-06  0.0000e+00 
2.9903e-01     5.8497e-03  0.0000e+00     1.7493e-03  0.0000e+00     1.8979e-05  0.0000e+00     5.6753e-06  0.0000e+00 
3.3552e-01     2.2086e-02  0.0000e+00     7.4102e-03  0.0000e+00     8.0398e-05  0.0000e+00     2.6975e-05  0.0000e+00 
3.7646e-01     1.4267e-02  0.0000e+00     5.3709e-03  0.0000e+00     5.8272e-05  0.0000e+00     2.1937e-05  0.0000e+00 
4.2240e-01     7.4502e-03  0.0000e+00     3.1469e-03  0.0000e+00     3.4143e-05  0.0000e+00     1.4422e-05  0.0000e+00 
4.7394e-01     6.8996e-03  0.0000e+00     3.2700e-03  0.0000e+00     3.5478e-05  0.0000e+00     1.6814e-05  0.0000e+00 
5.3176e-01     5.1575e-03  0.0000e+00     2.7426e-03  0.0000e+00     2.9756e-05  0.0000e+00     1.5823e-05  0.0000e+00 
5.9665e-01     2.8876e-03  0.0000e+00     1.7229e-03  0.0000e+00     1.8693e-05  0.0000e+00     1.1153e-05  0.0000e+00 
6.6945e-01     3.0200e-03  0.0000e+00     2.0218e-03  0.0000e+00     2.1935e-05  0.0000e+00     1.4685e-05  0.0000e+00 
7.5114e-01     2.9842e-03  0.0000e+00     2.2415e-03  0.0000e+00     2.4320e-05  0.0000e+00     1.8267e-05  0.0000e+00 
8.4279e-01     1.5332e-03  0.0000e+00     1.2922e-03  0.0000e+00     1.4020e-05  0.0000e+00     1.1816e-05  0.0000e+00 
9.4563e-01     1.2177e-03  0.0000e+00     1.1515e-03  0.0000e+00     1.2494e-05  0.0000e+00     1.1814e-05  0.0000e+00 
1.0610e+00     8.7819e-04  0.0000e+00     9.3177e-04  0.0000e+00     1.0109e-05  0.0000e+00     1.0726e-05  0.0000e+00 
1.1905e+00     4.2088e-04  0.0000e+00     5.0105e-04  0.0000e+00     5.4362e-06  0.0000e+00     6.4716e-06  0.0000e+00 
1.3357e+00     2.7640e-04  0.0000e+00     3.6919e-04  0.0000e+00     4.0056e-06  0.0000e+00     5.3504e-06  0.0000e+00 
1.4987e+00     1.4077e-04  0.0000e+00     2.1097e-04  0.0000e+00     2.2889e-06  0.0000e+00     3.4304e-06  0.0000e+00 
1.6816e+00     9.9320e-05  0.0000e+00     1.6702e-04  0.0000e+00     1.8121e-06  0.0000e+00     3.0471e-06  0.0000e+00 
1.8868e+00     3.2612e-05  0.0000e+00     6.1532e-05  0.0000e+00     6.6760e-07  0.0000e+00     1.2596e-06  0.0000e+00 
2.1170e+00     2.4914e-05  0.0000e+00     5.2742e-05  0.0000e+00     5.7223e-07  0.0000e+00     1.2114e-06  0.0000e+00 
2.3753e+00     3.8857e-04  0.0000e+00     9.2298e-04  0.0000e+00     1.0014e-05  0.0000e+00     2.3786e-05  0.0000e+00 
2.6651e+00     3.6281e-04  0.0000e+00     9.6693e-04  0.0000e+00     1.0491e-05  0.0000e+00     2.7960e-05  0.0000e+00 
2.9903e+00     8.2308e-05  0.0000e+00     2.4613e-04  0.0000e+00     2.6704e-06  0.0000e+00     7.9854e-06  0.0000e+00 
3.3552e+00     4.1918e-05  0.0000e+00     1.4064e-04  0.0000e+00     1.5259e-06  0.0000e+00     5.1198e-06  0.0000e+00 
3.7646e+00     1.1675e-05  0.0000e+00     4.3951e-05  0.0000e+00     4.7686e-07  0.0000e+00     1.7952e-06  0.0000e+00 
4.2240e+00     0.0000e+00  0.0000e+00     0.0000e+00  0.0000e+00     0.0000e+00  0.0000e+00     0.0000e+00  0.0000e+00 
4.7394e+00     5.5642e-06  0.0000e+00     2.6371e-05  0.0000e+00     2.8611e-07  0.0000e+00     1.3560e-06  0.0000e+00 
5.3176e+00     1.9836e-05  0.0000e+00     1.0548e-04  0.0000e+00     1.1445e-06  0.0000e+00     6.0858e-06  0.0000e+00 
5.9665e+00     9.4290e-04  0.0000e+00     5.6258e-03  0.0000e+00     6.1038e-05  0.0000e+00     3.6418e-04  0.0000e+00 
6.6945e+00     9.1783e-04  0.0000e+00     6.1444e-03  0.0000e+00     6.6665e-05  0.0000e+00     4.4629e-04  0.0000e+00 
7.5114e+00     6.0737e-04  0.0000e+00     4.5622e-03  0.0000e+00     4.9498e-05  0.0000e+00     3.7180e-04  0.0000e+00 
8.4279e+00     1.0562e-02  0.0000e+00     8.9019e-02  0.0000e+00     9.6583e-04  0.0000e+00     8.1399e-03  0.0000e+00 
9.4563e+00     4.1738e-03  0.0000e+00     3.9468e-02  0.0000e+00     4.2822e-04  0.0000e+00     4.0493e-03  0.0000e+00 
1.0610e+01     7.9286e-03  0.0000e+00     8.4123e-02  0.0000e+00     9.1270e-04  0.0000e+00     9.6839e-03  0.0000e+00 
1.1905e+01     4.4783e-03  0.0000e+00     5.3313e-02  0.0000e+00     5.7843e-04  0.0000e+00     6.8860e-03  0.0000e+00 
1.3357e+01     4.1743e-03  0.0000e+00     5.5757e-02  0.0000e+00     6.0494e-04  0.0000e+00     8.0804e-03  0.0000e+00 
1.4987e+01     3.2001e-03  0.0000e+00     4.7960e-02  0.0000e+00     5.2035e-04  0.0000e+00     7.7985e-03  0.0000e+00 
1.6816e+01     5.2211e-03  0.0000e+00     8.7797e-02  0.0000e+00     9.5257e-04  0.0000e+00     1.6018e-02  0.0000e+00 
1.8868e+01     4.9911e-03  0.0000e+00     9.4170e-02  0.0000e+00     1.0217e-03  0.0000e+00     1.9277e-02  0.0000e+00 
2.1170e+01     5.8505e-03  0.0000e+00     1.2386e-01  0.0000e+00     1.3438e-03  0.0000e+00     2.8448e-02  0.0000e+00 
2.3753e+01     5.8079e-03  0.0000e+00     1.3795e-01  0.0000e+00     1.4968e-03  0.0000e+00     3.5553e-02  0.0000e+00 
2.6651e+01     5.3405e-03  0.0000e+00     1.4233e-01  0.0000e+00     1.5443e-03  0.0000e+00     4.1156e-02  0.0000e+00 
2.9903e+01     5.8395e-03  0.0000e+00     1.7462e-01  0.0000e+00     1.8946e-03  0.0000e+00     5.6653e-02  0.0000e+00 
3.3552e+01     6.4698e-03  0.0000e+00     2.1708e-01  0.0000e+00     2.3552e-03  0.0000e+00     7.9022e-02  0.0000e+00 
3.7646e+01     6.4205e-03  0.0000e+00     2.4171e-01  0.0000e+00     2.6224e-03  0.0000e+00     9.8724e-02  0.0000e+00 
4.2240e+01     6.7946e-03  0.0000e+00     2.8700e-01  0.0000e+00     3.1139e-03  0.0000e+00     1.3153e-01  0.0000e+00 
4.7394e+01     7.0009e-03  0.0000e+00     3.3180e-01  0.0000e+00     3.5999e-03  0.0000e+00     1.7061e-01  0.0000e+00 
5.3176e+01     7.1813e-03  0.0000e+00     3.8188e-01  0.0000e+00     4.1432e-03  0.0000e+00     2.2032e-01  0.0000e+00 
5.9665e+01     7.2716e-03  0.0000e+00     4.3386e-01  0.0000e+00     4.7072e-03  0.0000e+00     2.8086e-01  0.0000e+00 
6.6945e+01     7.1971e-03  0.0000e+00     4.8181e-01  0.0000e+00     5.2275e-03  0.0000e+00     3.4996e-01  0.0000e+00 
7.5114e+01     7.0208e-03  0.0000e+00     5.2736e-01  0.0000e+00     5.7216e-03  0.0000e+00     4.2977e-01  0.0000e+00 
8.4279e+01     6.7422e-03  0.0000e+00     5.6822e-01  0.0000e+00     6.1650e-03  0.0000e+00     5.1958e-01  0.0000e+00 
9.4563e+01     6.2873e-03  0.0000e+00     5.9454e-01  0.0000e+00     6.4505e-03  0.0000e+00     6.0998e-01  0.0000e+00 
1.0610e+02     5.6231e-03  0.0000e+00     5.9661e-01  0.0000e+00     6.4730e-03  0.0000e+00     6.8680e-01  0.0000e+00 
1.1905e+02     4.8446e-03  0.0000e+00     5.7673e-01  0.0000e+00     6.2573e-03  0.0000e+00     7.4492e-01  0.0000e+00 
1.3357e+02     3.9801e-03  0.0000e+00     5.3164e-01  0.0000e+00     5.7681e-03  0.0000e+00     7.7046e-01  0.0000e+00 
1.4987e+02     3.1092e-03  0.0000e+00     4.6598e-01  0.0000e+00     5.0557e-03  0.0000e+00     7.5771e-01  0.0000e+00 
1.6816e+02     2.2947e-03  0.0000e+00     3.8587e-01  0.0000e+00     4.1865e-03  0.0000e+00     7.0400e-01  0.0000e+00 
1.8868e+02     1.5514e-03  0.0000e+00     2.9271e-01  0.0000e+00     3.1758e-03  0.0000e+00     5.9919e-01  0.0000e+00 
2.1170e+02     9.8205e-04  0.0000e+00     2.0790e-01  0.0000e+00     2.2556e-03  0.0000e+00     4.7751e-01  0.0000e+00 
2.3753e+02     5.5496e-04  0.0000e+00     1.3182e-01  0.0000e+00     1.4302e-03  0.0000e+00     3.3971e-01  0.0000e+00 
2.6651e+02     2.8840e-04  0.0000e+00     7.6862e-02  0.0000e+00     8.3393e-04  0.0000e+00     2.2225e-01  0.0000e+00 
2.9903e+02     1.3875e-04  0.0000e+00     4.1490e-02  0.0000e+00     4.5015e-04  0.0000e+00     1.3461e-01  0.0000e+00 
3.3552e+02     5.7952e-05  0.0000e+00     1.9444e-02  0.0000e+00     2.1096e-04  0.0000e+00     7.0782e-02  0.0000e+00 
3.7646e+02     2.0875e-05  0.0000e+00     7.8585e-03  0.0000e+00     8.5262e-05  0.0000e+00     3.2098e-02  0.0000e+00 
4.2240e+02     7.7831e-06  0.0000e+00     3.2876e-03  0.0000e+00     3.5669e-05  0.0000e+00     1.5066e-02  0.0000e+00 
4.7394e+02     1.9475e-06  0.0000e+00     9.2298e-04  0.0000e+00     1.0014e-05  0.0000e+00     4.7460e-03  0.0000e+00 
5.3176e+02     4.6285e-07  0.0000e+00     2.4613e-04  0.0000e+00     2.6704e-06  0.0000e+00     1.4200e-03  0.0000e+00 
5.9665e+02     1.3259e-07  0.0000e+00     7.9113e-05  0.0000e+00     8.5834e-07  0.0000e+00     5.1213e-04  0.0000e+00 
6.6945e+02     0.0000e+00  0.0000e+00     0.0000e+00  0.0000e+00     0.0000e+00  0.0000e+00     0.0000e+00  0.0000e+00 
7.5114e+02     0.0000e+00  0.0000e+00     0.0000e+00  0.0000e+00     0.0000e+00  0.0000e+00     0.0000e+00  0.0000e+00 
8.4279e+02     0.0000e+00  0.0000e+00     0.0000e+00  0.0000e+00     0.0000e+00  0.0000e+00     0.0000e+00  0.0000e+00 
9.4563e+02     0.0000e+00  0.0000e+00     0.0000e+00  0.0000e+00     0.0000e+00  0.0000e+00     0.0000e+00  0.0000e+00 
1.0610e+03     0.0000e+00  0.0000e+00     0.0000e+00  0.0000e+00     0.0000e+00  0.0000e+00     0.0000e+00  0.0000e+00 
1.1905e+03     0.0000e+00  0.0000e+00     0.0000e+00  0.0000e+00     0.0000e+00  0.0000e+00     0.0000e+00  0.0000e+00 
1.3357e+03     0.0000e+00  0.0000e+00     0.0000e+00  0.0000e+00     0.0000e+00  0.0000e+00     0.0000e+00  0.0000e+00 
1.4987e+03     0.0000e+00  0.0000e+00     0.0000e+00  0.0000e+00     0.0000e+00  0.0000e+00     0.0000e+00  0.0000e+00 
1.6816e+03     0.0000e+00  0.0000e+00     0.0000e+00  0.0000e+00     0.0000e+00  0.0000e+00     0.0000e+00  0.0000e+00 
1.8868e+03     0.0000e+00  0.0000e+00     0.0000e+00  0.0000e+00     0.0000e+00  0.0000e+00     0.0000e+00  0.0000e+00 
2.1170e+03     0.0000e+00  0.0000e+00     0.0000e+00  0.0000e+00     0.0000e+00  0.0000e+00     0.0000e+00  0.0000e+00 
2.3753e+03     0.0000e+00  0.0000e+00     0.0000e+00  0.0000e+00     0.0000e+00  0.0000e+00     0.0000e+00  0.0000e+00 
2.6651e+03     0.0000e+00  0.0000e+00     0.0000e+00  0.0000e+00     0.0000e+00  0.0000e+00     0.0000e+00  0.0000e+00 
2.9903e+03     0.0000e+00  0.0000e+00     0.0000e+00  0.0000e+00     0.0000e+00  0.0000e+00     0.0000e+00  0.0000e+00 
3.3552e+03     0.0000e+00  0.0000e+00     0.0000e+00  0.0000e+00     0.0000e+00  0.0000e+00     0.0000e+00  0.0000e+00 
3.7646e+03     0.0000e+00  0.0000e+00     0.0000e+00  0.0000e+00     0.0000e+00  0.0000e+00     0.0000e+00  0.0000e+00 
4.2240e+03     0.0000e+00  0.0000e+00     0.0000e+00  0.0000e+00     0.0000e+00  0.0000e+00     0.0000e+00  0.0000e+00 
4.7394e+03     0.0000e+00  0.0000e+00     0.0000e+00  0.0000e+00     0.0000e+00  0.0000e+00     0.0000e+00  0.0000e+00 
5.3176e+03     0.0000e+00  0.0000e+00     0.0000e+00  0.0000e+00     0.0000e+00  0.0000e+00     0.0000e+00  0.0000e+00 
5.9665e+03     0.0000e+00  0.0000e+00     0.0000e+00  0.0000e+00     0.0000e+00  0.0000e+00     0.0000e+00  0.0000e+00 
6.6945e+03     0.0000e+00  0.0000e+00     0.0000e+00  0.0000e+00     0.0000e+00  0.0000e+00     0.0000e+00  0.0000e+00 
7.5114e+03     0.0000e+00  0.0000e+00     0.0000e+00  0.0000e+00     0.0000e+00  0.0000e+00     0.0000e+00  0.0000e+00 
8.4279e+03     0.0000e+00  0.0000e+00     0.0000e+00  0.0000e+00     0.0000e+00  0.0000e+00     0.0000e+00  0.0000e+00 
9.4563e+03     0.0000e+00  0.0000e+00     0.0000e+00  0.0000e+00     0.0000e+00  0.0000e+00     0.0000e+00  0.0000e+00 
