yF = 3.2045e+01 (std: 0.0000e+00) keV/um
yD = 5.8156e+01 (std: 0.0000e+00) keV/um
y (keV/um)     f(y)(std)                  yf(y)(std)                 d(y)(std)                  yd(y)(std)  
1.0610e-01     2.4986e+00  0.0000e+00     2.6511e-01  0.0000e+00     8.2730e-03  0.0000e+00     8.7777e-04  0.0000e+00 
1.1905e-01     2.8663e-01  0.0000e+00     3.4122e-02  0.0000e+00     1.0648e-03  0.0000e+00     1.2676e-04  0.0000e+00 
1.3357e-01     1.4997e-01  0.0000e+00     2.0031e-02  0.0000e+00     6.2510e-04  0.0000e+00     8.3497e-05  0.0000e+00 
1.4987e-01     3.6496e-01  0.0000e+00     5.4697e-02  0.0000e+00     1.7069e-03  0.0000e+00     2.5581e-04  0.0000e+00 
1.6816e-01     1.9123e-01  0.0000e+00     3.2157e-02  0.0000e+00     1.0035e-03  0.0000e+00     1.6875e-04  0.0000e+00 
1.8868e-01     1.7250e-01  0.0000e+00     3.2547e-02  0.0000e+00     1.0156e-03  0.0000e+00     1.9163e-04  0.0000e+00 
2.1170e-01     1.6816e-01  0.0000e+00     3.5598e-02  0.0000e+00     1.1109e-03  0.0000e+00     2.3517e-04  0.0000e+00 
2.3753e-01     1.6314e-01  0.0000e+00     3.8750e-02  0.0000e+00     1.2092e-03  0.0000e+00     2.8723e-04  0.0000e+00 
2.6651e-01     1.1937e-01  0.0000e+00     3.1813e-02  0.0000e+00     9.9276e-04  0.0000e+00     2.6458e-04  0.0000e+00 
2.9903e-01     1.0100e-01  0.0000e+00     3.0201e-02  0.0000e+00     9.4246e-04  0.0000e+00     2.8183e-04  0.0000e+00 
3.3552e-01     1.8640e-01  0.0000e+00     6.2539e-02  0.0000e+00     1.9516e-03  0.0000e+00     6.5480e-04  0.0000e+00 
3.7646e-01     1.7113e-01  0.0000e+00     6.4423e-02  0.0000e+00     2.0104e-03  0.0000e+00     7.5683e-04  0.0000e+00 
4.2240e-01     1.2308e-01  0.0000e+00     5.1989e-02  0.0000e+00     1.6224e-03  0.0000e+00     6.8529e-04  0.0000e+00 
4.7394e-01     1.2493e-01  0.0000e+00     5.9207e-02  0.0000e+00     1.8476e-03  0.0000e+00     8.7565e-04  0.0000e+00 
5.3176e-01     1.1773e-01  0.0000e+00     6.2603e-02  0.0000e+00     1.9536e-03  0.0000e+00     1.0388e-03  0.0000e+00 
5.9665e-01     9.0323e-02  0.0000e+00     5.3891e-02  0.0000e+00     1.6817e-03  0.0000e+00     1.0034e-03  0.0000e+00 
6.6945e-01     8.3152e-02  0.0000e+00     5.5666e-02  0.0000e+00     1.7371e-03  0.0000e+00     1.1629e-03  0.0000e+00 
7.5114e-01     8.3874e-02  0.0000e+00     6.3001e-02  0.0000e+00     1.9660e-03  0.0000e+00     1.4767e-03  0.0000e+00 
8.4279e-01     6.5437e-02  0.0000e+00     5.5150e-02  0.0000e+00     1.7210e-03  0.0000e+00     1.4504e-03  0.0000e+00 
9.4563e-01     5.2144e-02  0.0000e+00     4.9309e-02  0.0000e+00     1.5387e-03  0.0000e+00     1.4551e-03  0.0000e+00 
1.0610e+00     4.3580e-02  0.0000e+00     4.6239e-02  0.0000e+00     1.4429e-03  0.0000e+00     1.5310e-03  0.0000e+00 
1.1905e+00     3.2923e-02  0.0000e+00     3.9194e-02  0.0000e+00     1.2231e-03  0.0000e+00     1.4560e-03  0.0000e+00 
1.3357e+00     2.3695e-02  0.0000e+00     3.1650e-02  0.0000e+00     9.8767e-04  0.0000e+00     1.3193e-03  0.0000e+00 
1.4987e+00     1.7166e-02  0.0000e+00     2.5728e-02  0.0000e+00     8.0285e-04  0.0000e+00     1.2032e-03  0.0000e+00 
1.6816e+00     1.2025e-02  0.0000e+00     2.0222e-02  0.0000e+00     6.3104e-04  0.0000e+00     1.0611e-03  0.0000e+00 
1.8868e+00     7.5114e-03  0.0000e+00     1.4172e-02  0.0000e+00     4.4226e-04  0.0000e+00     8.3445e-04  0.0000e+00 
2.1170e+00     4.5557e-03  0.0000e+00     9.6444e-03  0.0000e+00     3.0096e-04  0.0000e+00     6.3714e-04  0.0000e+00 
2.3753e+00     2.4095e-03  0.0000e+00     5.7233e-03  0.0000e+00     1.7860e-04  0.0000e+00     4.2423e-04  0.0000e+00 
2.6651e+00     1.2232e-03  0.0000e+00     3.2601e-03  0.0000e+00     1.0173e-04  0.0000e+00     2.7114e-04  0.0000e+00 
2.9903e+00     5.7236e-04  0.0000e+00     1.7115e-03  0.0000e+00     5.3410e-05  0.0000e+00     1.5972e-04  0.0000e+00 
3.3552e+00     2.1322e-04  0.0000e+00     7.1541e-04  0.0000e+00     2.2325e-05  0.0000e+00     7.4905e-05  0.0000e+00 
3.7646e+00     6.7354e-05  0.0000e+00     2.5356e-04  0.0000e+00     7.9127e-06  0.0000e+00     2.9788e-05  0.0000e+00 
4.2240e+00     3.6447e-05  0.0000e+00     1.5395e-04  0.0000e+00     4.8041e-06  0.0000e+00     2.0292e-05  0.0000e+00 
4.7394e+00     5.7323e-06  0.0000e+00     2.7167e-05  0.0000e+00     8.4779e-07  0.0000e+00     4.0180e-06  0.0000e+00 
5.3176e+00     3.4059e-06  0.0000e+00     1.8112e-05  0.0000e+00     5.6519e-07  0.0000e+00     3.0055e-06  0.0000e+00 
5.9665e+00     2.2861e-02  0.0000e+00     1.3640e-01  0.0000e+00     4.2564e-03  0.0000e+00     2.5396e-02  0.0000e+00 
6.6945e+00     2.2093e-02  0.0000e+00     1.4790e-01  0.0000e+00     4.6153e-03  0.0000e+00     3.0897e-02  0.0000e+00 
7.5114e+00     9.0107e-03  0.0000e+00     6.7683e-02  0.0000e+00     2.1121e-03  0.0000e+00     1.5865e-02  0.0000e+00 
8.4279e+00     1.8728e-02  0.0000e+00     1.5783e-01  0.0000e+00     4.9254e-03  0.0000e+00     4.1510e-02  0.0000e+00 
9.4563e+00     2.1016e-02  0.0000e+00     1.9873e-01  0.0000e+00     6.2016e-03  0.0000e+00     5.8643e-02  0.0000e+00 
1.0610e+01     2.4509e-02  0.0000e+00     2.6005e-01  0.0000e+00     8.1150e-03  0.0000e+00     8.6101e-02  0.0000e+00 
1.1905e+01     2.1898e-02  0.0000e+00     2.6069e-01  0.0000e+00     8.1351e-03  0.0000e+00     9.6846e-02  0.0000e+00 
1.3357e+01     1.9389e-02  0.0000e+00     2.5899e-01  0.0000e+00     8.0819e-03  0.0000e+00     1.0795e-01  0.0000e+00 
1.4987e+01     1.6390e-02  0.0000e+00     2.4564e-01  0.0000e+00     7.6654e-03  0.0000e+00     1.1488e-01  0.0000e+00 
1.6816e+01     1.5468e-02  0.0000e+00     2.6011e-01  0.0000e+00     8.1170e-03  0.0000e+00     1.3649e-01  0.0000e+00 
1.8868e+01     1.5482e-02  0.0000e+00     2.9210e-01  0.0000e+00     9.1154e-03  0.0000e+00     1.7199e-01  0.0000e+00 
2.1170e+01     1.6311e-02  0.0000e+00     3.4530e-01  0.0000e+00     1.0775e-02  0.0000e+00     2.2811e-01  0.0000e+00 
2.3753e+01     1.6110e-02  0.0000e+00     3.8266e-01  0.0000e+00     1.1941e-02  0.0000e+00     2.8364e-01  0.0000e+00 
2.6651e+01     1.4273e-02  0.0000e+00     3.8041e-01  0.0000e+00     1.1871e-02  0.0000e+00     3.1638e-01  0.0000e+00 
2.9903e+01     1.3128e-02  0.0000e+00     3.9258e-01  0.0000e+00     1.2251e-02  0.0000e+00     3.6634e-01  0.0000e+00 
3.3552e+01     1.2345e-02  0.0000e+00     4.1419e-01  0.0000e+00     1.2925e-02  0.0000e+00     4.3367e-01  0.0000e+00 
3.7646e+01     1.1112e-02  0.0000e+00     4.1831e-01  0.0000e+00     1.3054e-02  0.0000e+00     4.9143e-01  0.0000e+00 
4.2240e+01     9.7087e-03  0.0000e+00     4.1009e-01  0.0000e+00     1.2797e-02  0.0000e+00     5.4055e-01  0.0000e+00 
4.7394e+01     8.5086e-03  0.0000e+00     4.0325e-01  0.0000e+00     1.2584e-02  0.0000e+00     5.9640e-01  0.0000e+00 
5.3176e+01     7.0929e-03  0.0000e+00     3.7717e-01  0.0000e+00     1.1770e-02  0.0000e+00     6.2589e-01  0.0000e+00 
5.9665e+01     5.8314e-03  0.0000e+00     3.4793e-01  0.0000e+00     1.0858e-02  0.0000e+00     6.4782e-01  0.0000e+00 
6.6945e+01     4.5136e-03  0.0000e+00     3.0216e-01  0.0000e+00     9.4294e-03  0.0000e+00     6.3125e-01  0.0000e+00 
7.5114e+01     3.4155e-03  0.0000e+00     2.5655e-01  0.0000e+00     8.0059e-03  0.0000e+00     6.0135e-01  0.0000e+00 
8.4279e+01     2.4383e-03  0.0000e+00     2.0549e-01  0.0000e+00     6.4127e-03  0.0000e+00     5.4045e-01  0.0000e+00 
9.4563e+01     1.6288e-03  0.0000e+00     1.5402e-01  0.0000e+00     4.8064e-03  0.0000e+00     4.5450e-01  0.0000e+00 
1.0610e+02     1.0331e-03  0.0000e+00     1.0961e-01  0.0000e+00     3.4205e-03  0.0000e+00     3.6292e-01  0.0000e+00 
1.1905e+02     6.0201e-04  0.0000e+00     7.1668e-02  0.0000e+00     2.2365e-03  0.0000e+00     2.6624e-01  0.0000e+00 
1.3357e+02     3.3071e-04  0.0000e+00     4.4174e-02  0.0000e+00     1.3785e-03  0.0000e+00     1.8413e-01  0.0000e+00 
1.4987e+02     1.5765e-04  0.0000e+00     2.3627e-02  0.0000e+00     7.3729e-04  0.0000e+00     1.1050e-01  0.0000e+00 
1.6816e+02     6.7101e-05  0.0000e+00     1.1284e-02  0.0000e+00     3.5211e-04  0.0000e+00     5.9211e-02  0.0000e+00 
1.8868e+02     2.6398e-05  0.0000e+00     4.9807e-03  0.0000e+00     1.5543e-04  0.0000e+00     2.9326e-02  0.0000e+00 
2.1170e+02     7.5287e-06  0.0000e+00     1.5938e-03  0.0000e+00     4.9737e-05  0.0000e+00     1.0529e-02  0.0000e+00 
2.3753e+02     2.5925e-06  0.0000e+00     6.1579e-04  0.0000e+00     1.9216e-05  0.0000e+00     4.5645e-03  0.0000e+00 
2.6651e+02     4.0775e-07  0.0000e+00     1.0867e-04  0.0000e+00     3.3911e-06  0.0000e+00     9.0379e-04  0.0000e+00 
2.9903e+02     1.5142e-07  0.0000e+00     4.5279e-05  0.0000e+00     1.4130e-06  0.0000e+00     4.2253e-04  0.0000e+00 
3.3552e+02     0.0000e+00  0.0000e+00     0.0000e+00  0.0000e+00     0.0000e+00  0.0000e+00     0.0000e+00  0.0000e+00 
3.7646e+02     0.0000e+00  0.0000e+00     0.0000e+00  0.0000e+00     0.0000e+00  0.0000e+00     0.0000e+00  0.0000e+00 
4.2240e+02     0.0000e+00  0.0000e+00     0.0000e+00  0.0000e+00     0.0000e+00  0.0000e+00     0.0000e+00  0.0000e+00 
4.7394e+02     0.0000e+00  0.0000e+00     0.0000e+00  0.0000e+00     0.0000e+00  0.0000e+00     0.0000e+00  0.0000e+00 
5.3176e+02     0.0000e+00  0.0000e+00     0.0000e+00  0.0000e+00     0.0000e+00  0.0000e+00     0.0000e+00  0.0000e+00 
5.9665e+02     0.0000e+00  0.0000e+00     0.0000e+00  0.0000e+00     0.0000e+00  0.0000e+00     0.0000e+00  0.0000e+00 
6.6945e+02     0.0000e+00  0.0000e+00     0.0000e+00  0.0000e+00     0.0000e+00  0.0000e+00     0.0000e+00  0.0000e+00 
7.5114e+02     0.0000e+00  0.0000e+00     0.0000e+00  0.0000e+00     0.0000e+00  0.0000e+00     0.0000e+00  0.0000e+00 
8.4279e+02     0.0000e+00  0.0000e+00     0.0000e+00  0.0000e+00     0.0000e+00  0.0000e+00     0.0000e+00  0.0000e+00 
9.4563e+02     0.0000e+00  0.0000e+00     0.0000e+00  0.0000e+00     0.0000e+00  0.0000e+00     0.0000e+00  0.0000e+00 
1.0610e+03     0.0000e+00  0.0000e+00     0.0000e+00  0.0000e+00     0.0000e+00  0.0000e+00     0.0000e+00  0.0000e+00 
1.1905e+03     0.0000e+00  0.0000e+00     0.0000e+00  0.0000e+00     0.0000e+00  0.0000e+00     0.0000e+00  0.0000e+00 
1.3357e+03     0.0000e+00  0.0000e+00     0.0000e+00  0.0000e+00     0.0000e+00  0.0000e+00     0.0000e+00  0.0000e+00 
1.4987e+03     0.0000e+00  0.0000e+00     0.0000e+00  0.0000e+00     0.0000e+00  0.0000e+00     0.0000e+00  0.0000e+00 
1.6816e+03     0.0000e+00  0.0000e+00     0.0000e+00  0.0000e+00     0.0000e+00  0.0000e+00     0.0000e+00  0.0000e+00 
1.8868e+03     0.0000e+00  0.0000e+00     0.0000e+00  0.0000e+00     0.0000e+00  0.0000e+00     0.0000e+00  0.0000e+00 
2.1170e+03     0.0000e+00  0.0000e+00     0.0000e+00  0.0000e+00     0.0000e+00  0.0000e+00     0.0000e+00  0.0000e+00 
2.3753e+03     0.0000e+00  0.0000e+00     0.0000e+00  0.0000e+00     0.0000e+00  0.0000e+00     0.0000e+00  0.0000e+00 
2.6651e+03     0.0000e+00  0.0000e+00     0.0000e+00  0.0000e+00     0.0000e+00  0.0000e+00     0.0000e+00  0.0000e+00 
2.9903e+03     0.0000e+00  0.0000e+00     0.0000e+00  0.0000e+00     0.0000e+00  0.0000e+00     0.0000e+00  0.0000e+00 
3.3552e+03     0.0000e+00  0.0000e+00     0.0000e+00  0.0000e+00     0.0000e+00  0.0000e+00     0.0000e+00  0.0000e+00 
3.7646e+03     0.0000e+00  0.0000e+00     0.0000e+00  0.0000e+00     0.0000e+00  0.0000e+00     0.0000e+00  0.0000e+00 
4.2240e+03     0.0000e+00  0.0000e+00     0.0000e+00  0.0000e+00     0.0000e+00  0.0000e+00     0.0000e+00  0.0000e+00 
4.7394e+03     0.0000e+00  0.0000e+00     0.0000e+00  0.0000e+00     0.0000e+00  0.0000e+00     0.0000e+00  0.0000e+00 
5.3176e+03     0.0000e+00  0.0000e+00     0.0000e+00  0.0000e+00     0.0000e+00  0.0000e+00     0.0000e+00  0.0000e+00 
5.9665e+03     0.0000e+00  0.0000e+00     0.0000e+00  0.0000e+00     0.0000e+00  0.0000e+00     0.0000e+00  0.0000e+00 
6.6945e+03     0.0000e+00  0.0000e+00     0.0000e+00  0.0000e+00     0.0000e+00  0.0000e+00     0.0000e+00  0.0000e+00 
7.5114e+03     0.0000e+00  0.0000e+00     0.0000e+00  0.0000e+00     0.0000e+00  0.0000e+00     0.0000e+00  0.0000e+00 
8.4279e+03     0.0000e+00  0.0000e+00     0.0000e+00  0.0000e+00     0.0000e+00  0.0000e+00     0.0000e+00  0.0000e+00 
9.4563e+03     0.0000e+00  0.0000e+00     0.0000e+00  0.0000e+00     0.0000e+00  0.0000e+00     0.0000e+00  0.0000e+00 
