yF = 5.5548e+00 (std: 0.0000e+00) keV/um
yD = 2.4926e+01 (std: 0.0000e+00) keV/um
y (keV/um)     f(y)(std)                  yf(y)(std)                 d(y)(std)                  yd(y)(std)  
1.0610e-01     2.0780e+01  0.0000e+00     2.2048e+00  0.0000e+00     3.9692e-01  0.0000e+00     4.2114e-02  0.0000e+00 
1.1905e-01     1.7731e+00  0.0000e+00     2.1108e-01  0.0000e+00     3.8000e-02  0.0000e+00     4.5238e-03  0.0000e+00 
1.3357e-01     5.9733e-01  0.0000e+00     7.9787e-02  0.0000e+00     1.4364e-02  0.0000e+00     1.9186e-03  0.0000e+00 
1.4987e-01     2.5328e+00  0.0000e+00     3.7959e-01  0.0000e+00     6.8335e-02  0.0000e+00     1.0242e-02  0.0000e+00 
1.6816e-01     8.9148e-01  0.0000e+00     1.4991e-01  0.0000e+00     2.6988e-02  0.0000e+00     4.5382e-03  0.0000e+00 
1.8868e-01     6.4965e-01  0.0000e+00     1.2257e-01  0.0000e+00     2.2066e-02  0.0000e+00     4.1634e-03  0.0000e+00 
2.1170e-01     6.8189e-01  0.0000e+00     1.4436e-01  0.0000e+00     2.5988e-02  0.0000e+00     5.5016e-03  0.0000e+00 
2.3753e-01     6.3827e-01  0.0000e+00     1.5161e-01  0.0000e+00     2.7293e-02  0.0000e+00     6.4830e-03  0.0000e+00 
2.6651e-01     3.3918e-01  0.0000e+00     9.0395e-02  0.0000e+00     1.6273e-02  0.0000e+00     4.3371e-03  0.0000e+00 
2.9903e-01     2.9304e-01  0.0000e+00     8.7628e-02  0.0000e+00     1.5775e-02  0.0000e+00     4.7173e-03  0.0000e+00 
3.3552e-01     1.1782e+00  0.0000e+00     3.9531e-01  0.0000e+00     7.1166e-02  0.0000e+00     2.3878e-02  0.0000e+00 
3.7646e-01     8.6603e-01  0.0000e+00     3.2603e-01  0.0000e+00     5.8693e-02  0.0000e+00     2.2096e-02  0.0000e+00 
4.2240e-01     4.3426e-01  0.0000e+00     1.8343e-01  0.0000e+00     3.3022e-02  0.0000e+00     1.3948e-02  0.0000e+00 
4.7394e-01     4.3401e-01  0.0000e+00     2.0569e-01  0.0000e+00     3.7030e-02  0.0000e+00     1.7550e-02  0.0000e+00 
5.3176e-01     3.1396e-01  0.0000e+00     1.6695e-01  0.0000e+00     3.0056e-02  0.0000e+00     1.5983e-02  0.0000e+00 
5.9665e-01     1.7828e-01  0.0000e+00     1.0637e-01  0.0000e+00     1.9149e-02  0.0000e+00     1.1425e-02  0.0000e+00 
6.6945e-01     2.3708e-01  0.0000e+00     1.5872e-01  0.0000e+00     2.8573e-02  0.0000e+00     1.9128e-02  0.0000e+00 
7.5114e-01     2.1035e-01  0.0000e+00     1.5800e-01  0.0000e+00     2.8444e-02  0.0000e+00     2.1366e-02  0.0000e+00 
8.4279e-01     1.1979e-01  0.0000e+00     1.0096e-01  0.0000e+00     1.8175e-02  0.0000e+00     1.5318e-02  0.0000e+00 
9.4563e-01     7.6550e-02  0.0000e+00     7.2387e-02  0.0000e+00     1.3032e-02  0.0000e+00     1.2323e-02  0.0000e+00 
1.0610e+00     5.8583e-02  0.0000e+00     6.2157e-02  0.0000e+00     1.1190e-02  0.0000e+00     1.1873e-02  0.0000e+00 
1.1905e+00     3.5606e-02  0.0000e+00     4.2388e-02  0.0000e+00     7.6310e-03  0.0000e+00     9.0845e-03  0.0000e+00 
1.3357e+00     2.1894e-02  0.0000e+00     2.9244e-02  0.0000e+00     5.2647e-03  0.0000e+00     7.0322e-03  0.0000e+00 
1.4987e+00     1.2491e-02  0.0000e+00     1.8720e-02  0.0000e+00     3.3702e-03  0.0000e+00     5.0509e-03  0.0000e+00 
1.6816e+00     6.3953e-03  0.0000e+00     1.0754e-02  0.0000e+00     1.9360e-03  0.0000e+00     3.2556e-03  0.0000e+00 
1.8868e+00     2.8444e-03  0.0000e+00     5.3667e-03  0.0000e+00     9.6614e-04  0.0000e+00     1.8229e-03  0.0000e+00 
2.1170e+00     1.3665e-03  0.0000e+00     2.8930e-03  0.0000e+00     5.2081e-04  0.0000e+00     1.1025e-03  0.0000e+00 
2.3753e+00     4.8541e-04  0.0000e+00     1.1530e-03  0.0000e+00     2.0757e-04  0.0000e+00     4.9304e-04  0.0000e+00 
2.6651e+00     2.2811e-04  0.0000e+00     6.0794e-04  0.0000e+00     1.0945e-04  0.0000e+00     2.9169e-04  0.0000e+00 
2.9903e+00     1.0516e-04  0.0000e+00     3.1445e-04  0.0000e+00     5.6610e-05  0.0000e+00     1.6928e-04  0.0000e+00 
3.3552e+00     1.2496e-05  0.0000e+00     4.1927e-05  0.0000e+00     7.5479e-06  0.0000e+00     2.5325e-05  0.0000e+00 
3.7646e+00     5.5686e-06  0.0000e+00     2.0964e-05  0.0000e+00     3.7740e-06  0.0000e+00     1.4208e-05  0.0000e+00 
4.2240e+00     4.9630e-06  0.0000e+00     2.0964e-05  0.0000e+00     3.7740e-06  0.0000e+00     1.5941e-05  0.0000e+00 
4.7394e+00     0.0000e+00  0.0000e+00     0.0000e+00  0.0000e+00     0.0000e+00  0.0000e+00     0.0000e+00  0.0000e+00 
5.3176e+00     0.0000e+00  0.0000e+00     0.0000e+00  0.0000e+00     0.0000e+00  0.0000e+00     0.0000e+00  0.0000e+00 
5.9665e+00     9.3130e-02  0.0000e+00     5.5566e-01  0.0000e+00     1.0003e-01  0.0000e+00     5.9685e-01  0.0000e+00 
6.6945e+00     2.8803e-02  0.0000e+00     1.9282e-01  0.0000e+00     3.4713e-02  0.0000e+00     2.3239e-01  0.0000e+00 
7.5114e+00     7.1392e-03  0.0000e+00     5.3625e-02  0.0000e+00     9.6538e-03  0.0000e+00     7.2513e-02  0.0000e+00 
8.4279e+00     2.6148e-02  0.0000e+00     2.2037e-01  0.0000e+00     3.9672e-02  0.0000e+00     3.3435e-01  0.0000e+00 
9.4563e+00     2.4998e-02  0.0000e+00     2.3639e-01  0.0000e+00     4.2555e-02  0.0000e+00     4.0241e-01  0.0000e+00 
1.0610e+01     3.0483e-02  0.0000e+00     3.2343e-01  0.0000e+00     5.8225e-02  0.0000e+00     6.1777e-01  0.0000e+00 
1.1905e+01     1.9325e-02  0.0000e+00     2.3005e-01  0.0000e+00     4.1416e-02  0.0000e+00     4.9304e-01  0.0000e+00 
1.3357e+01     1.4492e-02  0.0000e+00     1.9358e-01  0.0000e+00     3.4849e-02  0.0000e+00     4.6549e-01  0.0000e+00 
1.4987e+01     9.5998e-03  0.0000e+00     1.4387e-01  0.0000e+00     2.5901e-02  0.0000e+00     3.8818e-01  0.0000e+00 
1.6816e+01     6.8591e-03  0.0000e+00     1.1534e-01  0.0000e+00     2.0764e-02  0.0000e+00     3.4917e-01  0.0000e+00 
1.8868e+01     5.5199e-03  0.0000e+00     1.0415e-01  0.0000e+00     1.8749e-02  0.0000e+00     3.5375e-01  0.0000e+00 
2.1170e+01     4.9810e-03  0.0000e+00     1.0545e-01  0.0000e+00     1.8983e-02  0.0000e+00     4.0187e-01  0.0000e+00 
2.3753e+01     4.4578e-03  0.0000e+00     1.0589e-01  0.0000e+00     1.9062e-02  0.0000e+00     4.5279e-01  0.0000e+00 
2.6651e+01     3.1322e-03  0.0000e+00     8.3477e-02  0.0000e+00     1.5028e-02  0.0000e+00     4.0052e-01  0.0000e+00 
2.9903e+01     2.3443e-03  0.0000e+00     7.0102e-02  0.0000e+00     1.2620e-02  0.0000e+00     3.7738e-01  0.0000e+00 
3.3552e+01     1.9819e-03  0.0000e+00     6.6496e-02  0.0000e+00     1.1971e-02  0.0000e+00     4.0165e-01  0.0000e+00 
3.7646e+01     1.5080e-03  0.0000e+00     5.6769e-02  0.0000e+00     1.0220e-02  0.0000e+00     3.8474e-01  0.0000e+00 
4.2240e+01     1.0447e-03  0.0000e+00     4.4128e-02  0.0000e+00     7.9442e-03  0.0000e+00     3.3556e-01  0.0000e+00 
4.7394e+01     8.4618e-04  0.0000e+00     4.0103e-02  0.0000e+00     7.2196e-03  0.0000e+00     3.4216e-01  0.0000e+00 
5.3176e+01     5.3418e-04  0.0000e+00     2.8406e-02  0.0000e+00     5.1137e-03  0.0000e+00     2.7193e-01  0.0000e+00 
5.9665e+01     3.5663e-04  0.0000e+00     2.1278e-02  0.0000e+00     3.8306e-03  0.0000e+00     2.2855e-01  0.0000e+00 
6.6945e+01     2.0574e-04  0.0000e+00     1.3773e-02  0.0000e+00     2.4795e-03  0.0000e+00     1.6599e-01  0.0000e+00 
7.5114e+01     1.2280e-04  0.0000e+00     9.2240e-03  0.0000e+00     1.6605e-03  0.0000e+00     1.2473e-01  0.0000e+00 
8.4279e+01     6.9647e-05  0.0000e+00     5.8698e-03  0.0000e+00     1.0567e-03  0.0000e+00     8.9059e-02  0.0000e+00 
9.4563e+01     3.6801e-05  0.0000e+00     3.4800e-03  0.0000e+00     6.2648e-04  0.0000e+00     5.9242e-02  0.0000e+00 
1.0610e+02     1.4423e-05  0.0000e+00     1.5303e-03  0.0000e+00     2.7550e-04  0.0000e+00     2.9231e-02  0.0000e+00 
1.1905e+02     5.1067e-06  0.0000e+00     6.0794e-04  0.0000e+00     1.0945e-04  0.0000e+00     1.3029e-02  0.0000e+00 
1.3357e+02     1.4125e-06  0.0000e+00     1.8867e-04  0.0000e+00     3.3966e-05  0.0000e+00     4.5369e-03  0.0000e+00 
1.4987e+02     6.9938e-07  0.0000e+00     1.0482e-04  0.0000e+00     1.8870e-05  0.0000e+00     2.8281e-03  0.0000e+00 
1.6816e+02     2.4933e-07  0.0000e+00     4.1927e-05  0.0000e+00     7.5479e-06  0.0000e+00     1.2693e-03  0.0000e+00 
1.8868e+02     1.1111e-07  0.0000e+00     2.0964e-05  0.0000e+00     3.7740e-06  0.0000e+00     7.1206e-04  0.0000e+00 
2.1170e+02     0.0000e+00  0.0000e+00     0.0000e+00  0.0000e+00     0.0000e+00  0.0000e+00     0.0000e+00  0.0000e+00 
2.3753e+02     0.0000e+00  0.0000e+00     0.0000e+00  0.0000e+00     0.0000e+00  0.0000e+00     0.0000e+00  0.0000e+00 
2.6651e+02     0.0000e+00  0.0000e+00     0.0000e+00  0.0000e+00     0.0000e+00  0.0000e+00     0.0000e+00  0.0000e+00 
2.9903e+02     0.0000e+00  0.0000e+00     0.0000e+00  0.0000e+00     0.0000e+00  0.0000e+00     0.0000e+00  0.0000e+00 
3.3552e+02     0.0000e+00  0.0000e+00     0.0000e+00  0.0000e+00     0.0000e+00  0.0000e+00     0.0000e+00  0.0000e+00 
3.7646e+02     0.0000e+00  0.0000e+00     0.0000e+00  0.0000e+00     0.0000e+00  0.0000e+00     0.0000e+00  0.0000e+00 
4.2240e+02     0.0000e+00  0.0000e+00     0.0000e+00  0.0000e+00     0.0000e+00  0.0000e+00     0.0000e+00  0.0000e+00 
4.7394e+02     0.0000e+00  0.0000e+00     0.0000e+00  0.0000e+00     0.0000e+00  0.0000e+00     0.0000e+00  0.0000e+00 
5.3176e+02     0.0000e+00  0.0000e+00     0.0000e+00  0.0000e+00     0.0000e+00  0.0000e+00     0.0000e+00  0.0000e+00 
5.9665e+02     0.0000e+00  0.0000e+00     0.0000e+00  0.0000e+00     0.0000e+00  0.0000e+00     0.0000e+00  0.0000e+00 
6.6945e+02     0.0000e+00  0.0000e+00     0.0000e+00  0.0000e+00     0.0000e+00  0.0000e+00     0.0000e+00  0.0000e+00 
7.5114e+02     0.0000e+00  0.0000e+00     0.0000e+00  0.0000e+00     0.0000e+00  0.0000e+00     0.0000e+00  0.0000e+00 
8.4279e+02     0.0000e+00  0.0000e+00     0.0000e+00  0.0000e+00     0.0000e+00  0.0000e+00     0.0000e+00  0.0000e+00 
9.4563e+02     0.0000e+00  0.0000e+00     0.0000e+00  0.0000e+00     0.0000e+00  0.0000e+00     0.0000e+00  0.0000e+00 
1.0610e+03     0.0000e+00  0.0000e+00     0.0000e+00  0.0000e+00     0.0000e+00  0.0000e+00     0.0000e+00  0.0000e+00 
1.1905e+03     0.0000e+00  0.0000e+00     0.0000e+00  0.0000e+00     0.0000e+00  0.0000e+00     0.0000e+00  0.0000e+00 
1.3357e+03     0.0000e+00  0.0000e+00     0.0000e+00  0.0000e+00     0.0000e+00  0.0000e+00     0.0000e+00  0.0000e+00 
1.4987e+03     0.0000e+00  0.0000e+00     0.0000e+00  0.0000e+00     0.0000e+00  0.0000e+00     0.0000e+00  0.0000e+00 
1.6816e+03     0.0000e+00  0.0000e+00     0.0000e+00  0.0000e+00     0.0000e+00  0.0000e+00     0.0000e+00  0.0000e+00 
1.8868e+03     0.0000e+00  0.0000e+00     0.0000e+00  0.0000e+00     0.0000e+00  0.0000e+00     0.0000e+00  0.0000e+00 
2.1170e+03     0.0000e+00  0.0000e+00     0.0000e+00  0.0000e+00     0.0000e+00  0.0000e+00     0.0000e+00  0.0000e+00 
2.3753e+03     0.0000e+00  0.0000e+00     0.0000e+00  0.0000e+00     0.0000e+00  0.0000e+00     0.0000e+00  0.0000e+00 
2.6651e+03     0.0000e+00  0.0000e+00     0.0000e+00  0.0000e+00     0.0000e+00  0.0000e+00     0.0000e+00  0.0000e+00 
2.9903e+03     0.0000e+00  0.0000e+00     0.0000e+00  0.0000e+00     0.0000e+00  0.0000e+00     0.0000e+00  0.0000e+00 
3.3552e+03     0.0000e+00  0.0000e+00     0.0000e+00  0.0000e+00     0.0000e+00  0.0000e+00     0.0000e+00  0.0000e+00 
3.7646e+03     0.0000e+00  0.0000e+00     0.0000e+00  0.0000e+00     0.0000e+00  0.0000e+00     0.0000e+00  0.0000e+00 
4.2240e+03     0.0000e+00  0.0000e+00     0.0000e+00  0.0000e+00     0.0000e+00  0.0000e+00     0.0000e+00  0.0000e+00 
4.7394e+03     0.0000e+00  0.0000e+00     0.0000e+00  0.0000e+00     0.0000e+00  0.0000e+00     0.0000e+00  0.0000e+00 
5.3176e+03     0.0000e+00  0.0000e+00     0.0000e+00  0.0000e+00     0.0000e+00  0.0000e+00     0.0000e+00  0.0000e+00 
5.9665e+03     0.0000e+00  0.0000e+00     0.0000e+00  0.0000e+00     0.0000e+00  0.0000e+00     0.0000e+00  0.0000e+00 
6.6945e+03     0.0000e+00  0.0000e+00     0.0000e+00  0.0000e+00     0.0000e+00  0.0000e+00     0.0000e+00  0.0000e+00 
7.5114e+03     0.0000e+00  0.0000e+00     0.0000e+00  0.0000e+00     0.0000e+00  0.0000e+00     0.0000e+00  0.0000e+00 
8.4279e+03     0.0000e+00  0.0000e+00     0.0000e+00  0.0000e+00     0.0000e+00  0.0000e+00     0.0000e+00  0.0000e+00 
9.4563e+03     0.0000e+00  0.0000e+00     0.0000e+00  0.0000e+00     0.0000e+00  0.0000e+00     0.0000e+00  0.0000e+00 
