yF = 9.2256e+01 (std: 0.0000e+00) keV/um
yD = 1.3206e+02 (std: 0.0000e+00) keV/um
y (keV/um)     f(y)(std)                  yf(y)(std)                 d(y)(std)                  yd(y)(std)  
1.0610e-01     6.8476e-01  0.0000e+00     7.2654e-02  0.0000e+00     7.8752e-04  0.0000e+00     8.3556e-05  0.0000e+00 
1.1905e-01     5.0144e-02  0.0000e+00     5.9695e-03  0.0000e+00     6.4705e-05  0.0000e+00     7.7030e-06  0.0000e+00 
1.3357e-01     1.6520e-02  0.0000e+00     2.2067e-03  0.0000e+00     2.3919e-05  0.0000e+00     3.1949e-06  0.0000e+00 
1.4987e-01     6.3647e-02  0.0000e+00     9.5389e-03  0.0000e+00     1.0340e-04  0.0000e+00     1.5496e-05  0.0000e+00 
1.6816e-01     2.3004e-02  0.0000e+00     3.8683e-03  0.0000e+00     4.1930e-05  0.0000e+00     7.0509e-06  0.0000e+00 
1.8868e-01     1.4165e-02  0.0000e+00     2.6726e-03  0.0000e+00     2.8970e-05  0.0000e+00     5.4659e-06  0.0000e+00 
2.1170e-01     1.5033e-02  0.0000e+00     3.1826e-03  0.0000e+00     3.4497e-05  0.0000e+00     7.3030e-06  0.0000e+00 
2.3753e-01     1.4620e-02  0.0000e+00     3.4727e-03  0.0000e+00     3.7642e-05  0.0000e+00     8.9410e-06  0.0000e+00 
2.6651e-01     6.5645e-03  0.0000e+00     1.7495e-03  0.0000e+00     1.8964e-05  0.0000e+00     5.0541e-06  0.0000e+00 
2.9903e-01     5.9094e-03  0.0000e+00     1.7671e-03  0.0000e+00     1.9154e-05  0.0000e+00     5.7278e-06  0.0000e+00 
3.3552e-01     2.1565e-02  0.0000e+00     7.2355e-03  0.0000e+00     7.8428e-05  0.0000e+00     2.6314e-05  0.0000e+00 
3.7646e-01     1.4152e-02  0.0000e+00     5.3277e-03  0.0000e+00     5.7749e-05  0.0000e+00     2.1740e-05  0.0000e+00 
4.2240e-01     7.7219e-03  0.0000e+00     3.2617e-03  0.0000e+00     3.5354e-05  0.0000e+00     1.4934e-05  0.0000e+00 
4.7394e-01     7.1418e-03  0.0000e+00     3.3848e-03  0.0000e+00     3.6689e-05  0.0000e+00     1.7388e-05  0.0000e+00 
5.3176e-01     5.2244e-03  0.0000e+00     2.7781e-03  0.0000e+00     3.0113e-05  0.0000e+00     1.6013e-05  0.0000e+00 
5.9665e-01     3.0943e-03  0.0000e+00     1.8462e-03  0.0000e+00     2.0012e-05  0.0000e+00     1.1940e-05  0.0000e+00 
6.6945e-01     3.8610e-03  0.0000e+00     2.5847e-03  0.0000e+00     2.8017e-05  0.0000e+00     1.8756e-05  0.0000e+00 
7.5114e-01     2.6218e-03  0.0000e+00     1.9693e-03  0.0000e+00     2.1346e-05  0.0000e+00     1.6034e-05  0.0000e+00 
8.4279e-01     1.4604e-03  0.0000e+00     1.2308e-03  0.0000e+00     1.3341e-05  0.0000e+00     1.1244e-05  0.0000e+00 
9.4563e-01     1.0599e-03  0.0000e+00     1.0022e-03  0.0000e+00     1.0864e-05  0.0000e+00     1.0273e-05  0.0000e+00 
1.0610e+00     8.3689e-04  0.0000e+00     8.8795e-04  0.0000e+00     9.6248e-06  0.0000e+00     1.0212e-05  0.0000e+00 
1.1905e+00     4.1356e-04  0.0000e+00     4.9233e-04  0.0000e+00     5.3365e-06  0.0000e+00     6.3530e-06  0.0000e+00 
1.3357e+00     2.7644e-04  0.0000e+00     3.6925e-04  0.0000e+00     4.0024e-06  0.0000e+00     5.3461e-06  0.0000e+00 
1.4987e+00     1.4665e-04  0.0000e+00     2.1979e-04  0.0000e+00     2.3824e-06  0.0000e+00     3.5705e-06  0.0000e+00 
1.6816e+00     1.4116e-04  0.0000e+00     2.3737e-04  0.0000e+00     2.5730e-06  0.0000e+00     4.3267e-06  0.0000e+00 
1.8868e+00     4.6596e-05  0.0000e+00     8.7916e-05  0.0000e+00     9.5295e-07  0.0000e+00     1.7980e-06  0.0000e+00 
2.1170e+00     1.6611e-05  0.0000e+00     3.5166e-05  0.0000e+00     3.8118e-07  0.0000e+00     8.0696e-07  0.0000e+00 
2.3753e+00     2.9980e-04  0.0000e+00     7.1212e-04  0.0000e+00     7.7189e-06  0.0000e+00     1.8335e-05  0.0000e+00 
2.6651e+00     3.6946e-04  0.0000e+00     9.8466e-04  0.0000e+00     1.0673e-05  0.0000e+00     2.8445e-05  0.0000e+00 
2.9903e+00     9.1140e-05  0.0000e+00     2.7254e-04  0.0000e+00     2.9541e-06  0.0000e+00     8.8339e-06  0.0000e+00 
3.3552e+00     3.9304e-05  0.0000e+00     1.3187e-04  0.0000e+00     1.4294e-06  0.0000e+00     4.7960e-06  0.0000e+00 
3.7646e+00     7.0060e-06  0.0000e+00     2.6375e-05  0.0000e+00     2.8589e-07  0.0000e+00     1.0762e-06  0.0000e+00 
4.2240e+00     0.0000e+00  0.0000e+00     0.0000e+00  0.0000e+00     0.0000e+00  0.0000e+00     0.0000e+00  0.0000e+00 
4.7394e+00     1.1130e-05  0.0000e+00     5.2749e-05  0.0000e+00     5.7177e-07  0.0000e+00     2.7098e-06  0.0000e+00 
5.3176e+00     1.1573e-05  0.0000e+00     6.1541e-05  0.0000e+00     6.6707e-07  0.0000e+00     3.5472e-06  0.0000e+00 
5.9665e+00     9.1357e-04  0.0000e+00     5.4508e-03  0.0000e+00     5.9083e-05  0.0000e+00     3.5252e-04  0.0000e+00 
6.6945e+00     9.9938e-04  0.0000e+00     6.6904e-03  0.0000e+00     7.2520e-05  0.0000e+00     4.8548e-04  0.0000e+00 
7.5114e+00     6.5661e-04  0.0000e+00     4.9321e-03  0.0000e+00     5.3461e-05  0.0000e+00     4.0156e-04  0.0000e+00 
8.4279e+00     1.0631e-02  0.0000e+00     8.9595e-02  0.0000e+00     9.7115e-04  0.0000e+00     8.1848e-03  0.0000e+00 
9.4563e+00     4.3492e-03  0.0000e+00     4.1127e-02  0.0000e+00     4.4579e-04  0.0000e+00     4.2155e-03  0.0000e+00 
1.0610e+01     8.0143e-03  0.0000e+00     8.5032e-02  0.0000e+00     9.2169e-04  0.0000e+00     9.7793e-03  0.0000e+00 
1.1905e+01     4.4051e-03  0.0000e+00     5.2442e-02  0.0000e+00     5.6844e-04  0.0000e+00     6.7671e-03  0.0000e+00 
1.3357e+01     4.2604e-03  0.0000e+00     5.6908e-02  0.0000e+00     6.1685e-04  0.0000e+00     8.2394e-03  0.0000e+00 
1.4987e+01     3.2633e-03  0.0000e+00     4.8908e-02  0.0000e+00     5.3013e-04  0.0000e+00     7.9451e-03  0.0000e+00 
1.6816e+01     5.1440e-03  0.0000e+00     8.6500e-02  0.0000e+00     9.3761e-04  0.0000e+00     1.5767e-02  0.0000e+00 
1.8868e+01     4.9354e-03  0.0000e+00     9.3120e-02  0.0000e+00     1.0094e-03  0.0000e+00     1.9044e-02  0.0000e+00 
2.1170e+01     5.7995e-03  0.0000e+00     1.2277e-01  0.0000e+00     1.3308e-03  0.0000e+00     2.8173e-02  0.0000e+00 
2.3753e+01     5.8098e-03  0.0000e+00     1.3800e-01  0.0000e+00     1.4958e-03  0.0000e+00     3.5531e-02  0.0000e+00 
2.6651e+01     5.2875e-03  0.0000e+00     1.4092e-01  0.0000e+00     1.5275e-03  0.0000e+00     4.0710e-02  0.0000e+00 
2.9903e+01     5.7983e-03  0.0000e+00     1.7339e-01  0.0000e+00     1.8794e-03  0.0000e+00     5.6201e-02  0.0000e+00 
3.3552e+01     6.4545e-03  0.0000e+00     2.1656e-01  0.0000e+00     2.3474e-03  0.0000e+00     7.8760e-02  0.0000e+00 
3.7646e+01     6.3654e-03  0.0000e+00     2.3963e-01  0.0000e+00     2.5975e-03  0.0000e+00     9.7784e-02  0.0000e+00 
4.2240e+01     6.8129e-03  0.0000e+00     2.8777e-01  0.0000e+00     3.1193e-03  0.0000e+00     1.3176e-01  0.0000e+00 
4.7394e+01     6.9450e-03  0.0000e+00     3.2915e-01  0.0000e+00     3.5678e-03  0.0000e+00     1.6909e-01  0.0000e+00 
5.3176e+01     7.1281e-03  0.0000e+00     3.7905e-01  0.0000e+00     4.1086e-03  0.0000e+00     2.1848e-01  0.0000e+00 
5.9665e+01     7.2942e-03  0.0000e+00     4.3521e-01  0.0000e+00     4.7174e-03  0.0000e+00     2.8146e-01  0.0000e+00 
6.6945e+01     7.2457e-03  0.0000e+00     4.8507e-01  0.0000e+00     5.2578e-03  0.0000e+00     3.5199e-01  0.0000e+00 
7.5114e+01     7.1187e-03  0.0000e+00     5.3471e-01  0.0000e+00     5.7959e-03  0.0000e+00     4.3535e-01  0.0000e+00 
8.4279e+01     6.7270e-03  0.0000e+00     5.6694e-01  0.0000e+00     6.1453e-03  0.0000e+00     5.1792e-01  0.0000e+00 
9.4563e+01     6.2354e-03  0.0000e+00     5.8963e-01  0.0000e+00     6.3913e-03  0.0000e+00     6.0437e-01  0.0000e+00 
1.0610e+02     5.6073e-03  0.0000e+00     5.9494e-01  0.0000e+00     6.4488e-03  0.0000e+00     6.8422e-01  0.0000e+00 
1.1905e+02     4.8398e-03  0.0000e+00     5.7617e-01  0.0000e+00     6.2453e-03  0.0000e+00     7.4348e-01  0.0000e+00 
1.3357e+02     4.0070e-03  0.0000e+00     5.3522e-01  0.0000e+00     5.8015e-03  0.0000e+00     7.7492e-01  0.0000e+00 
1.4987e+02     3.1226e-03  0.0000e+00     4.6798e-01  0.0000e+00     5.0727e-03  0.0000e+00     7.6025e-01  0.0000e+00 
1.6816e+02     2.2894e-03  0.0000e+00     3.8498e-01  0.0000e+00     4.1730e-03  0.0000e+00     7.0172e-01  0.0000e+00 
1.8868e+02     1.5524e-03  0.0000e+00     2.9291e-01  0.0000e+00     3.1749e-03  0.0000e+00     5.9904e-01  0.0000e+00 
2.1170e+02     9.7543e-04  0.0000e+00     2.0650e-01  0.0000e+00     2.2383e-03  0.0000e+00     4.7384e-01  0.0000e+00 
2.3753e+02     5.5785e-04  0.0000e+00     1.3251e-01  0.0000e+00     1.4363e-03  0.0000e+00     3.4116e-01  0.0000e+00 
2.6651e+02     2.9573e-04  0.0000e+00     7.8817e-02  0.0000e+00     8.5432e-04  0.0000e+00     2.2769e-01  0.0000e+00 
2.9903e+02     1.3962e-04  0.0000e+00     4.1751e-02  0.0000e+00     4.5256e-04  0.0000e+00     1.3533e-01  0.0000e+00 
3.3552e+02     5.8196e-05  0.0000e+00     1.9526e-02  0.0000e+00     2.1165e-04  0.0000e+00     7.1013e-02  0.0000e+00 
3.7646e+02     2.1392e-05  0.0000e+00     8.0531e-03  0.0000e+00     8.7290e-05  0.0000e+00     3.2861e-02  0.0000e+00 
4.2240e+02     7.1183e-06  0.0000e+00     3.0067e-03  0.0000e+00     3.2591e-05  0.0000e+00     1.3766e-02  0.0000e+00 
4.7394e+02     2.1889e-06  0.0000e+00     1.0374e-03  0.0000e+00     1.1245e-05  0.0000e+00     5.3293e-03  0.0000e+00 
5.3176e+02     4.4639e-07  0.0000e+00     2.3737e-04  0.0000e+00     2.5730e-06  0.0000e+00     1.3682e-03  0.0000e+00 
5.9665e+02     4.4205e-08  0.0000e+00     2.6375e-05  0.0000e+00     2.8589e-07  0.0000e+00     1.7057e-04  0.0000e+00 
6.6945e+02     1.3133e-08  0.0000e+00     8.7916e-06  0.0000e+00     9.5295e-08  0.0000e+00     6.3795e-05  0.0000e+00 
7.5114e+02     1.1704e-08  0.0000e+00     8.7916e-06  0.0000e+00     9.5295e-08  0.0000e+00     7.1580e-05  0.0000e+00 
8.4279e+02     0.0000e+00  0.0000e+00     0.0000e+00  0.0000e+00     0.0000e+00  0.0000e+00     0.0000e+00  0.0000e+00 
9.4563e+02     0.0000e+00  0.0000e+00     0.0000e+00  0.0000e+00     0.0000e+00  0.0000e+00     0.0000e+00  0.0000e+00 
1.0610e+03     0.0000e+00  0.0000e+00     0.0000e+00  0.0000e+00     0.0000e+00  0.0000e+00     0.0000e+00  0.0000e+00 
1.1905e+03     0.0000e+00  0.0000e+00     0.0000e+00  0.0000e+00     0.0000e+00  0.0000e+00     0.0000e+00  0.0000e+00 
1.3357e+03     0.0000e+00  0.0000e+00     0.0000e+00  0.0000e+00     0.0000e+00  0.0000e+00     0.0000e+00  0.0000e+00 
1.4987e+03     0.0000e+00  0.0000e+00     0.0000e+00  0.0000e+00     0.0000e+00  0.0000e+00     0.0000e+00  0.0000e+00 
1.6816e+03     0.0000e+00  0.0000e+00     0.0000e+00  0.0000e+00     0.0000e+00  0.0000e+00     0.0000e+00  0.0000e+00 
1.8868e+03     0.0000e+00  0.0000e+00     0.0000e+00  0.0000e+00     0.0000e+00  0.0000e+00     0.0000e+00  0.0000e+00 
2.1170e+03     0.0000e+00  0.0000e+00     0.0000e+00  0.0000e+00     0.0000e+00  0.0000e+00     0.0000e+00  0.0000e+00 
2.3753e+03     0.0000e+00  0.0000e+00     0.0000e+00  0.0000e+00     0.0000e+00  0.0000e+00     0.0000e+00  0.0000e+00 
2.6651e+03     0.0000e+00  0.0000e+00     0.0000e+00  0.0000e+00     0.0000e+00  0.0000e+00     0.0000e+00  0.0000e+00 
2.9903e+03     0.0000e+00  0.0000e+00     0.0000e+00  0.0000e+00     0.0000e+00  0.0000e+00     0.0000e+00  0.0000e+00 
3.3552e+03     0.0000e+00  0.0000e+00     0.0000e+00  0.0000e+00     0.0000e+00  0.0000e+00     0.0000e+00  0.0000e+00 
3.7646e+03     0.0000e+00  0.0000e+00     0.0000e+00  0.0000e+00     0.0000e+00  0.0000e+00     0.0000e+00  0.0000e+00 
4.2240e+03     0.0000e+00  0.0000e+00     0.0000e+00  0.0000e+00     0.0000e+00  0.0000e+00     0.0000e+00  0.0000e+00 
4.7394e+03     0.0000e+00  0.0000e+00     0.0000e+00  0.0000e+00     0.0000e+00  0.0000e+00     0.0000e+00  0.0000e+00 
5.3176e+03     0.0000e+00  0.0000e+00     0.0000e+00  0.0000e+00     0.0000e+00  0.0000e+00     0.0000e+00  0.0000e+00 
5.9665e+03     0.0000e+00  0.0000e+00     0.0000e+00  0.0000e+00     0.0000e+00  0.0000e+00     0.0000e+00  0.0000e+00 
6.6945e+03     0.0000e+00  0.0000e+00     0.0000e+00  0.0000e+00     0.0000e+00  0.0000e+00     0.0000e+00  0.0000e+00 
7.5114e+03     0.0000e+00  0.0000e+00     0.0000e+00  0.0000e+00     0.0000e+00  0.0000e+00     0.0000e+00  0.0000e+00 
8.4279e+03     0.0000e+00  0.0000e+00     0.0000e+00  0.0000e+00     0.0000e+00  0.0000e+00     0.0000e+00  0.0000e+00 
9.4563e+03     0.0000e+00  0.0000e+00     0.0000e+00  0.0000e+00     0.0000e+00  0.0000e+00     0.0000e+00  0.0000e+00 
