yF = 6.7031e+00 (std: 0.0000e+00) keV/um
yD = 2.1961e+01 (std: 0.0000e+00) keV/um
y (keV/um)     f(y)(std)                  yf(y)(std)                 d(y)(std)                  yd(y)(std)  
1.0610e-01     2.2366e+01  0.0000e+00     2.3731e+00  0.0000e+00     3.5402e-01  0.0000e+00     3.7562e-02  0.0000e+00 
1.1905e-01     1.5661e+00  0.0000e+00     1.8643e-01  0.0000e+00     2.7813e-02  0.0000e+00     3.3111e-03  0.0000e+00 
1.3357e-01     4.7679e-01  0.0000e+00     6.3686e-02  0.0000e+00     9.5010e-03  0.0000e+00     1.2691e-03  0.0000e+00 
1.4987e-01     2.3632e+00  0.0000e+00     3.5418e-01  0.0000e+00     5.2837e-02  0.0000e+00     7.9188e-03  0.0000e+00 
1.6816e-01     7.5172e-01  0.0000e+00     1.2641e-01  0.0000e+00     1.8858e-02  0.0000e+00     3.1712e-03  0.0000e+00 
1.8868e-01     4.8537e-01  0.0000e+00     9.1579e-02  0.0000e+00     1.3662e-02  0.0000e+00     2.5777e-03  0.0000e+00 
2.1170e-01     5.3158e-01  0.0000e+00     1.1253e-01  0.0000e+00     1.6788e-02  0.0000e+00     3.5541e-03  0.0000e+00 
2.3753e-01     4.9466e-01  0.0000e+00     1.1750e-01  0.0000e+00     1.7529e-02  0.0000e+00     4.1636e-03  0.0000e+00 
2.6651e-01     2.2938e-01  0.0000e+00     6.1133e-02  0.0000e+00     9.1201e-03  0.0000e+00     2.4306e-03  0.0000e+00 
2.9903e-01     1.9203e-01  0.0000e+00     5.7424e-02  0.0000e+00     8.5667e-03  0.0000e+00     2.5617e-03  0.0000e+00 
3.3552e-01     1.0769e+00  0.0000e+00     3.6131e-01  0.0000e+00     5.3901e-02  0.0000e+00     1.8085e-02  0.0000e+00 
3.7646e-01     7.1188e-01  0.0000e+00     2.6799e-01  0.0000e+00     3.9980e-02  0.0000e+00     1.5051e-02  0.0000e+00 
4.2240e-01     3.1729e-01  0.0000e+00     1.3402e-01  0.0000e+00     1.9994e-02  0.0000e+00     8.4453e-03  0.0000e+00 
4.7394e-01     2.9234e-01  0.0000e+00     1.3855e-01  0.0000e+00     2.0669e-02  0.0000e+00     9.7959e-03  0.0000e+00 
5.3176e-01     1.9233e-01  0.0000e+00     1.0227e-01  0.0000e+00     1.5258e-02  0.0000e+00     8.1134e-03  0.0000e+00 
5.9665e-01     9.9554e-02  0.0000e+00     5.9399e-02  0.0000e+00     8.8613e-03  0.0000e+00     5.2871e-03  0.0000e+00 
6.6945e-01     1.5723e-01  0.0000e+00     1.0526e-01  0.0000e+00     1.5703e-02  0.0000e+00     1.0513e-02  0.0000e+00 
7.5114e-01     1.3321e-01  0.0000e+00     1.0006e-01  0.0000e+00     1.4927e-02  0.0000e+00     1.1212e-02  0.0000e+00 
8.4279e-01     6.3048e-02  0.0000e+00     5.3136e-02  0.0000e+00     7.9271e-03  0.0000e+00     6.6808e-03  0.0000e+00 
9.4563e-01     3.9787e-02  0.0000e+00     3.7624e-02  0.0000e+00     5.6129e-03  0.0000e+00     5.3077e-03  0.0000e+00 
1.0610e+00     3.0330e-02  0.0000e+00     3.2180e-02  0.0000e+00     4.8008e-03  0.0000e+00     5.0937e-03  0.0000e+00 
1.1905e+00     1.5499e-02  0.0000e+00     1.8451e-02  0.0000e+00     2.7525e-03  0.0000e+00     3.2768e-03  0.0000e+00 
1.3357e+00     9.1607e-03  0.0000e+00     1.2236e-02  0.0000e+00     1.8255e-03  0.0000e+00     2.4383e-03  0.0000e+00 
1.4987e+00     4.7251e-03  0.0000e+00     7.0816e-03  0.0000e+00     1.0565e-03  0.0000e+00     1.5833e-03  0.0000e+00 
1.6816e+00     2.0054e-03  0.0000e+00     3.3722e-03  0.0000e+00     5.0308e-04  0.0000e+00     8.4597e-04  0.0000e+00 
1.8868e+00     7.9151e-04  0.0000e+00     1.4934e-03  0.0000e+00     2.2279e-04  0.0000e+00     4.2036e-04  0.0000e+00 
2.1170e+00     4.0961e-04  0.0000e+00     8.6713e-04  0.0000e+00     1.2936e-04  0.0000e+00     2.7386e-04  0.0000e+00 
2.3753e+00     2.0281e-05  0.0000e+00     4.8174e-05  0.0000e+00     7.1868e-06  0.0000e+00     1.7071e-05  0.0000e+00 
2.6651e+00     1.8076e-05  0.0000e+00     4.8174e-05  0.0000e+00     7.1868e-06  0.0000e+00     1.9154e-05  0.0000e+00 
2.9903e+00     0.0000e+00  0.0000e+00     0.0000e+00  0.0000e+00     0.0000e+00  0.0000e+00     0.0000e+00  0.0000e+00 
3.3552e+00     1.4358e-05  0.0000e+00     4.8174e-05  0.0000e+00     7.1868e-06  0.0000e+00     2.4113e-05  0.0000e+00 
3.7646e+00     0.0000e+00  0.0000e+00     0.0000e+00  0.0000e+00     0.0000e+00  0.0000e+00     0.0000e+00  0.0000e+00 
4.2240e+00     0.0000e+00  0.0000e+00     0.0000e+00  0.0000e+00     0.0000e+00  0.0000e+00     0.0000e+00  0.0000e+00 
4.7394e+00     0.0000e+00  0.0000e+00     0.0000e+00  0.0000e+00     0.0000e+00  0.0000e+00     0.0000e+00  0.0000e+00 
5.3176e+00     0.0000e+00  0.0000e+00     0.0000e+00  0.0000e+00     0.0000e+00  0.0000e+00     0.0000e+00  0.0000e+00 
5.9665e+00     6.6902e-02  0.0000e+00     3.9917e-01  0.0000e+00     5.9550e-02  0.0000e+00     3.5530e-01  0.0000e+00 
6.6945e+00     1.8141e-02  0.0000e+00     1.2145e-01  0.0000e+00     1.8118e-02  0.0000e+00     1.2129e-01  0.0000e+00 
7.5114e+00     6.6764e-03  0.0000e+00     5.0149e-02  0.0000e+00     7.4815e-03  0.0000e+00     5.6196e-02  0.0000e+00 
8.4279e+00     4.6260e-02  0.0000e+00     3.8987e-01  0.0000e+00     5.8163e-02  0.0000e+00     4.9019e-01  0.0000e+00 
9.4563e+00     2.5324e-02  0.0000e+00     2.3947e-01  0.0000e+00     3.5726e-02  0.0000e+00     3.3783e-01  0.0000e+00 
1.0610e+01     4.1944e-02  0.0000e+00     4.4503e-01  0.0000e+00     6.6392e-02  0.0000e+00     7.0442e-01  0.0000e+00 
1.1905e+01     3.0807e-02  0.0000e+00     3.6675e-01  0.0000e+00     5.4713e-02  0.0000e+00     6.5135e-01  0.0000e+00 
1.3357e+01     2.5441e-02  0.0000e+00     3.3982e-01  0.0000e+00     5.0696e-02  0.0000e+00     6.7716e-01  0.0000e+00 
1.4987e+01     1.5709e-02  0.0000e+00     2.3543e-01  0.0000e+00     3.5122e-02  0.0000e+00     5.2638e-01  0.0000e+00 
1.6816e+01     1.0144e-02  0.0000e+00     1.7058e-01  0.0000e+00     2.5449e-02  0.0000e+00     4.2794e-01  0.0000e+00 
1.8868e+01     8.0019e-03  0.0000e+00     1.5098e-01  0.0000e+00     2.2523e-02  0.0000e+00     4.2497e-01  0.0000e+00 
2.1170e+01     7.9077e-03  0.0000e+00     1.6741e-01  0.0000e+00     2.4974e-02  0.0000e+00     5.2870e-01  0.0000e+00 
2.3753e+01     7.2972e-03  0.0000e+00     1.7333e-01  0.0000e+00     2.5858e-02  0.0000e+00     6.1421e-01  0.0000e+00 
2.6651e+01     3.8339e-03  0.0000e+00     1.0218e-01  0.0000e+00     1.5243e-02  0.0000e+00     4.0625e-01  0.0000e+00 
2.9903e+01     3.2268e-03  0.0000e+00     9.6493e-02  0.0000e+00     1.4395e-02  0.0000e+00     4.3046e-01  0.0000e+00 
3.3552e+01     2.1652e-03  0.0000e+00     7.2647e-02  0.0000e+00     1.0838e-02  0.0000e+00     3.6363e-01  0.0000e+00 
3.7646e+01     1.5561e-03  0.0000e+00     5.8580e-02  0.0000e+00     8.7392e-03  0.0000e+00     3.2899e-01  0.0000e+00 
4.2240e+01     1.0173e-03  0.0000e+00     4.2971e-02  0.0000e+00     6.4106e-03  0.0000e+00     2.7078e-01  0.0000e+00 
4.7394e+01     6.9730e-04  0.0000e+00     3.3047e-02  0.0000e+00     4.9302e-03  0.0000e+00     2.3366e-01  0.0000e+00 
5.3176e+01     4.3032e-04  0.0000e+00     2.2883e-02  0.0000e+00     3.4137e-03  0.0000e+00     1.8153e-01  0.0000e+00 
5.9665e+01     2.7775e-04  0.0000e+00     1.6572e-02  0.0000e+00     2.4723e-03  0.0000e+00     1.4751e-01  0.0000e+00 
6.6945e+01     1.5687e-04  0.0000e+00     1.0502e-02  0.0000e+00     1.5667e-03  0.0000e+00     1.0488e-01  0.0000e+00 
7.5114e+01     7.9527e-05  0.0000e+00     5.9736e-03  0.0000e+00     8.9116e-04  0.0000e+00     6.6939e-02  0.0000e+00 
8.4279e+01     3.8297e-05  0.0000e+00     3.2277e-03  0.0000e+00     4.8152e-04  0.0000e+00     4.0582e-02  0.0000e+00 
9.4563e+01     1.3245e-05  0.0000e+00     1.2525e-03  0.0000e+00     1.8686e-04  0.0000e+00     1.7670e-02  0.0000e+00 
1.0610e+02     2.7242e-06  0.0000e+00     2.8904e-04  0.0000e+00     4.3121e-05  0.0000e+00     4.5752e-03  0.0000e+00 
1.1905e+02     0.0000e+00  0.0000e+00     0.0000e+00  0.0000e+00     0.0000e+00  0.0000e+00     0.0000e+00  0.0000e+00 
1.3357e+02     0.0000e+00  0.0000e+00     0.0000e+00  0.0000e+00     0.0000e+00  0.0000e+00     0.0000e+00  0.0000e+00 
1.4987e+02     3.2144e-07  0.0000e+00     4.8174e-05  0.0000e+00     7.1868e-06  0.0000e+00     1.0771e-03  0.0000e+00 
1.6816e+02     0.0000e+00  0.0000e+00     0.0000e+00  0.0000e+00     0.0000e+00  0.0000e+00     0.0000e+00  0.0000e+00 
1.8868e+02     0.0000e+00  0.0000e+00     0.0000e+00  0.0000e+00     0.0000e+00  0.0000e+00     0.0000e+00  0.0000e+00 
2.1170e+02     0.0000e+00  0.0000e+00     0.0000e+00  0.0000e+00     0.0000e+00  0.0000e+00     0.0000e+00  0.0000e+00 
2.3753e+02     0.0000e+00  0.0000e+00     0.0000e+00  0.0000e+00     0.0000e+00  0.0000e+00     0.0000e+00  0.0000e+00 
2.6651e+02     0.0000e+00  0.0000e+00     0.0000e+00  0.0000e+00     0.0000e+00  0.0000e+00     0.0000e+00  0.0000e+00 
2.9903e+02     0.0000e+00  0.0000e+00     0.0000e+00  0.0000e+00     0.0000e+00  0.0000e+00     0.0000e+00  0.0000e+00 
3.3552e+02     0.0000e+00  0.0000e+00     0.0000e+00  0.0000e+00     0.0000e+00  0.0000e+00     0.0000e+00  0.0000e+00 
3.7646e+02     0.0000e+00  0.0000e+00     0.0000e+00  0.0000e+00     0.0000e+00  0.0000e+00     0.0000e+00  0.0000e+00 
4.2240e+02     0.0000e+00  0.0000e+00     0.0000e+00  0.0000e+00     0.0000e+00  0.0000e+00     0.0000e+00  0.0000e+00 
4.7394e+02     0.0000e+00  0.0000e+00     0.0000e+00  0.0000e+00     0.0000e+00  0.0000e+00     0.0000e+00  0.0000e+00 
5.3176e+02     0.0000e+00  0.0000e+00     0.0000e+00  0.0000e+00     0.0000e+00  0.0000e+00     0.0000e+00  0.0000e+00 
5.9665e+02     0.0000e+00  0.0000e+00     0.0000e+00  0.0000e+00     0.0000e+00  0.0000e+00     0.0000e+00  0.0000e+00 
6.6945e+02     0.0000e+00  0.0000e+00     0.0000e+00  0.0000e+00     0.0000e+00  0.0000e+00     0.0000e+00  0.0000e+00 
7.5114e+02     0.0000e+00  0.0000e+00     0.0000e+00  0.0000e+00     0.0000e+00  0.0000e+00     0.0000e+00  0.0000e+00 
8.4279e+02     0.0000e+00  0.0000e+00     0.0000e+00  0.0000e+00     0.0000e+00  0.0000e+00     0.0000e+00  0.0000e+00 
9.4563e+02     0.0000e+00  0.0000e+00     0.0000e+00  0.0000e+00     0.0000e+00  0.0000e+00     0.0000e+00  0.0000e+00 
1.0610e+03     0.0000e+00  0.0000e+00     0.0000e+00  0.0000e+00     0.0000e+00  0.0000e+00     0.0000e+00  0.0000e+00 
1.1905e+03     0.0000e+00  0.0000e+00     0.0000e+00  0.0000e+00     0.0000e+00  0.0000e+00     0.0000e+00  0.0000e+00 
1.3357e+03     0.0000e+00  0.0000e+00     0.0000e+00  0.0000e+00     0.0000e+00  0.0000e+00     0.0000e+00  0.0000e+00 
1.4987e+03     0.0000e+00  0.0000e+00     0.0000e+00  0.0000e+00     0.0000e+00  0.0000e+00     0.0000e+00  0.0000e+00 
1.6816e+03     0.0000e+00  0.0000e+00     0.0000e+00  0.0000e+00     0.0000e+00  0.0000e+00     0.0000e+00  0.0000e+00 
1.8868e+03     0.0000e+00  0.0000e+00     0.0000e+00  0.0000e+00     0.0000e+00  0.0000e+00     0.0000e+00  0.0000e+00 
2.1170e+03     0.0000e+00  0.0000e+00     0.0000e+00  0.0000e+00     0.0000e+00  0.0000e+00     0.0000e+00  0.0000e+00 
2.3753e+03     0.0000e+00  0.0000e+00     0.0000e+00  0.0000e+00     0.0000e+00  0.0000e+00     0.0000e+00  0.0000e+00 
2.6651e+03     0.0000e+00  0.0000e+00     0.0000e+00  0.0000e+00     0.0000e+00  0.0000e+00     0.0000e+00  0.0000e+00 
2.9903e+03     0.0000e+00  0.0000e+00     0.0000e+00  0.0000e+00     0.0000e+00  0.0000e+00     0.0000e+00  0.0000e+00 
3.3552e+03     0.0000e+00  0.0000e+00     0.0000e+00  0.0000e+00     0.0000e+00  0.0000e+00     0.0000e+00  0.0000e+00 
3.7646e+03     0.0000e+00  0.0000e+00     0.0000e+00  0.0000e+00     0.0000e+00  0.0000e+00     0.0000e+00  0.0000e+00 
4.2240e+03     0.0000e+00  0.0000e+00     0.0000e+00  0.0000e+00     0.0000e+00  0.0000e+00     0.0000e+00  0.0000e+00 
4.7394e+03     0.0000e+00  0.0000e+00     0.0000e+00  0.0000e+00     0.0000e+00  0.0000e+00     0.0000e+00  0.0000e+00 
5.3176e+03     0.0000e+00  0.0000e+00     0.0000e+00  0.0000e+00     0.0000e+00  0.0000e+00     0.0000e+00  0.0000e+00 
5.9665e+03     0.0000e+00  0.0000e+00     0.0000e+00  0.0000e+00     0.0000e+00  0.0000e+00     0.0000e+00  0.0000e+00 
6.6945e+03     0.0000e+00  0.0000e+00     0.0000e+00  0.0000e+00     0.0000e+00  0.0000e+00     0.0000e+00  0.0000e+00 
7.5114e+03     0.0000e+00  0.0000e+00     0.0000e+00  0.0000e+00     0.0000e+00  0.0000e+00     0.0000e+00  0.0000e+00 
8.4279e+03     0.0000e+00  0.0000e+00     0.0000e+00  0.0000e+00     0.0000e+00  0.0000e+00     0.0000e+00  0.0000e+00 
9.4563e+03     0.0000e+00  0.0000e+00     0.0000e+00  0.0000e+00     0.0000e+00  0.0000e+00     0.0000e+00  0.0000e+00 
