yF = 3.4397e+00 (std: 0.0000e+00) keV/um
yD = 1.8488e+01 (std: 0.0000e+00) keV/um
y (keV/um)     f(y)(std)                  yf(y)(std)                 d(y)(std)                  yd(y)(std)  
1.0610e-01     2.8619e+01  0.0000e+00     3.0365e+00  0.0000e+00     8.8280e-01  0.0000e+00     9.3666e-02  0.0000e+00 
1.1905e-01     2.0612e+00  0.0000e+00     2.4538e-01  0.0000e+00     7.1337e-02  0.0000e+00     8.4925e-03  0.0000e+00 
1.3357e-01     5.5110e-01  0.0000e+00     7.3613e-02  0.0000e+00     2.1401e-02  0.0000e+00     2.8586e-03  0.0000e+00 
1.4987e-01     2.9266e+00  0.0000e+00     4.3861e-01  0.0000e+00     1.2752e-01  0.0000e+00     1.9111e-02  0.0000e+00 
1.6816e-01     7.1135e-01  0.0000e+00     1.1962e-01  0.0000e+00     3.4777e-02  0.0000e+00     5.8480e-03  0.0000e+00 
1.8868e-01     5.8523e-01  0.0000e+00     1.1042e-01  0.0000e+00     3.2102e-02  0.0000e+00     6.0569e-03  0.0000e+00 
2.1170e-01     6.3749e-01  0.0000e+00     1.3496e-01  0.0000e+00     3.9235e-02  0.0000e+00     8.3061e-03  0.0000e+00 
2.3753e-01     6.3273e-01  0.0000e+00     1.5029e-01  0.0000e+00     4.3694e-02  0.0000e+00     1.0379e-02  0.0000e+00 
2.6651e-01     2.5319e-01  0.0000e+00     6.7478e-02  0.0000e+00     1.9618e-02  0.0000e+00     5.2284e-03  0.0000e+00 
2.9903e-01     2.4617e-01  0.0000e+00     7.3613e-02  0.0000e+00     2.1401e-02  0.0000e+00     6.3997e-03  0.0000e+00 
3.3552e-01     1.4901e+00  0.0000e+00     4.9995e-01  0.0000e+00     1.4535e-01  0.0000e+00     4.8768e-02  0.0000e+00 
3.7646e-01     9.4510e-01  0.0000e+00     3.5579e-01  0.0000e+00     1.0344e-01  0.0000e+00     3.8941e-02  0.0000e+00 
4.2240e-01     3.3403e-01  0.0000e+00     1.4109e-01  0.0000e+00     4.1019e-02  0.0000e+00     1.7326e-02  0.0000e+00 
4.7394e-01     4.6597e-01  0.0000e+00     2.2084e-01  0.0000e+00     6.4204e-02  0.0000e+00     3.0428e-02  0.0000e+00 
5.3176e-01     2.4802e-01  0.0000e+00     1.3189e-01  0.0000e+00     3.8344e-02  0.0000e+00     2.0390e-02  0.0000e+00 
5.9665e-01     1.3880e-01  0.0000e+00     8.2814e-02  0.0000e+00     2.4076e-02  0.0000e+00     1.4365e-02  0.0000e+00 
6.6945e-01     2.2450e-01  0.0000e+00     1.5029e-01  0.0000e+00     4.3694e-02  0.0000e+00     2.9251e-02  0.0000e+00 
7.5114e-01     2.0009e-01  0.0000e+00     1.5029e-01  0.0000e+00     4.3694e-02  0.0000e+00     3.2820e-02  0.0000e+00 
8.4279e-01     1.0190e-01  0.0000e+00     8.5881e-02  0.0000e+00     2.4968e-02  0.0000e+00     2.1043e-02  0.0000e+00 
9.4563e-01     5.1897e-02  0.0000e+00     4.9075e-02  0.0000e+00     1.4267e-02  0.0000e+00     1.3492e-02  0.0000e+00 
1.0610e+00     5.2035e-02  0.0000e+00     5.5209e-02  0.0000e+00     1.6051e-02  0.0000e+00     1.7030e-02  0.0000e+00 
1.1905e+00     1.0306e-02  0.0000e+00     1.2269e-02  0.0000e+00     3.5669e-03  0.0000e+00     4.2462e-03  0.0000e+00 
1.3357e+00     1.8370e-02  0.0000e+00     2.4538e-02  0.0000e+00     7.1337e-03  0.0000e+00     9.5287e-03  0.0000e+00 
1.4987e+00     4.0931e-03  0.0000e+00     6.1344e-03  0.0000e+00     1.7834e-03  0.0000e+00     2.6729e-03  0.0000e+00 
1.6816e+00     1.8240e-03  0.0000e+00     3.0672e-03  0.0000e+00     8.9172e-04  0.0000e+00     1.4995e-03  0.0000e+00 
1.8868e+00     1.6256e-03  0.0000e+00     3.0672e-03  0.0000e+00     8.9172e-04  0.0000e+00     1.6825e-03  0.0000e+00 
2.1170e+00     1.4488e-03  0.0000e+00     3.0672e-03  0.0000e+00     8.9172e-04  0.0000e+00     1.8878e-03  0.0000e+00 
2.3753e+00     0.0000e+00  0.0000e+00     0.0000e+00  0.0000e+00     0.0000e+00  0.0000e+00     0.0000e+00  0.0000e+00 
2.6651e+00     0.0000e+00  0.0000e+00     0.0000e+00  0.0000e+00     0.0000e+00  0.0000e+00     0.0000e+00  0.0000e+00 
2.9903e+00     0.0000e+00  0.0000e+00     0.0000e+00  0.0000e+00     0.0000e+00  0.0000e+00     0.0000e+00  0.0000e+00 
3.3552e+00     0.0000e+00  0.0000e+00     0.0000e+00  0.0000e+00     0.0000e+00  0.0000e+00     0.0000e+00  0.0000e+00 
3.7646e+00     0.0000e+00  0.0000e+00     0.0000e+00  0.0000e+00     0.0000e+00  0.0000e+00     0.0000e+00  0.0000e+00 
4.2240e+00     0.0000e+00  0.0000e+00     0.0000e+00  0.0000e+00     0.0000e+00  0.0000e+00     0.0000e+00  0.0000e+00 
4.7394e+00     0.0000e+00  0.0000e+00     0.0000e+00  0.0000e+00     0.0000e+00  0.0000e+00     0.0000e+00  0.0000e+00 
5.3176e+00     0.0000e+00  0.0000e+00     0.0000e+00  0.0000e+00     0.0000e+00  0.0000e+00     0.0000e+00  0.0000e+00 
5.9665e+00     1.1669e-01  0.0000e+00     6.9625e-01  0.0000e+00     2.0242e-01  0.0000e+00     1.2077e+00  0.0000e+00 
6.6945e+00     1.7410e-02  0.0000e+00     1.1655e-01  0.0000e+00     3.3885e-02  0.0000e+00     2.2684e-01  0.0000e+00 
7.5114e+00     5.3084e-03  0.0000e+00     3.9873e-02  0.0000e+00     1.1592e-02  0.0000e+00     8.7074e-02  0.0000e+00 
8.4279e+00     2.5475e-02  0.0000e+00     2.1470e-01  0.0000e+00     6.2420e-02  0.0000e+00     5.2607e-01  0.0000e+00 
9.4563e+00     1.4272e-02  0.0000e+00     1.3496e-01  0.0000e+00     3.9235e-02  0.0000e+00     3.7102e-01  0.0000e+00 
1.0610e+01     1.8790e-02  0.0000e+00     1.9937e-01  0.0000e+00     5.7962e-02  0.0000e+00     6.1498e-01  0.0000e+00 
1.1905e+01     1.3913e-02  0.0000e+00     1.6563e-01  0.0000e+00     4.8153e-02  0.0000e+00     5.7324e-01  0.0000e+00 
1.3357e+01     1.0792e-02  0.0000e+00     1.4416e-01  0.0000e+00     4.1911e-02  0.0000e+00     5.5981e-01  0.0000e+00 
1.4987e+01     7.9815e-03  0.0000e+00     1.1962e-01  0.0000e+00     3.4777e-02  0.0000e+00     5.2121e-01  0.0000e+00 
1.6816e+01     3.6480e-03  0.0000e+00     6.1344e-02  0.0000e+00     1.7834e-02  0.0000e+00     2.9990e-01  0.0000e+00 
1.8868e+01     3.9015e-03  0.0000e+00     7.3613e-02  0.0000e+00     2.1401e-02  0.0000e+00     4.0379e-01  0.0000e+00 
2.1170e+01     2.6079e-03  0.0000e+00     5.5209e-02  0.0000e+00     1.6051e-02  0.0000e+00     3.3980e-01  0.0000e+00 
2.3753e+01     1.5495e-03  0.0000e+00     3.6806e-02  0.0000e+00     1.0701e-02  0.0000e+00     2.5417e-01  0.0000e+00 
2.6651e+01     1.7263e-03  0.0000e+00     4.6008e-02  0.0000e+00     1.3376e-02  0.0000e+00     3.5648e-01  0.0000e+00 
2.9903e+01     1.2308e-03  0.0000e+00     3.6806e-02  0.0000e+00     1.0701e-02  0.0000e+00     3.1998e-01  0.0000e+00 
3.3552e+01     1.2798e-03  0.0000e+00     4.2941e-02  0.0000e+00     1.2484e-02  0.0000e+00     4.1886e-01  0.0000e+00 
3.7646e+01     6.5180e-04  0.0000e+00     2.4538e-02  0.0000e+00     7.1337e-03  0.0000e+00     2.6856e-01  0.0000e+00 
4.2240e+01     7.2614e-04  0.0000e+00     3.0672e-02  0.0000e+00     8.9172e-03  0.0000e+00     3.7666e-01  0.0000e+00 
4.7394e+01     3.2359e-04  0.0000e+00     1.5336e-02  0.0000e+00     4.4586e-03  0.0000e+00     2.1131e-01  0.0000e+00 
5.3176e+01     1.7304e-04  0.0000e+00     9.2016e-03  0.0000e+00     2.6751e-03  0.0000e+00     1.4225e-01  0.0000e+00 
5.9665e+01     0.0000e+00  0.0000e+00     0.0000e+00  0.0000e+00     0.0000e+00  0.0000e+00     0.0000e+00  0.0000e+00 
6.6945e+01     4.5816e-05  0.0000e+00     3.0672e-03  0.0000e+00     8.9172e-04  0.0000e+00     5.9696e-02  0.0000e+00 
7.5114e+01     0.0000e+00  0.0000e+00     0.0000e+00  0.0000e+00     0.0000e+00  0.0000e+00     0.0000e+00  0.0000e+00 
8.4279e+01     0.0000e+00  0.0000e+00     0.0000e+00  0.0000e+00     0.0000e+00  0.0000e+00     0.0000e+00  0.0000e+00 
9.4563e+01     3.2436e-05  0.0000e+00     3.0672e-03  0.0000e+00     8.9172e-04  0.0000e+00     8.4323e-02  0.0000e+00 
1.0610e+02     0.0000e+00  0.0000e+00     0.0000e+00  0.0000e+00     0.0000e+00  0.0000e+00     0.0000e+00  0.0000e+00 
1.1905e+02     0.0000e+00  0.0000e+00     0.0000e+00  0.0000e+00     0.0000e+00  0.0000e+00     0.0000e+00  0.0000e+00 
1.3357e+02     0.0000e+00  0.0000e+00     0.0000e+00  0.0000e+00     0.0000e+00  0.0000e+00     0.0000e+00  0.0000e+00 
1.4987e+02     0.0000e+00  0.0000e+00     0.0000e+00  0.0000e+00     0.0000e+00  0.0000e+00     0.0000e+00  0.0000e+00 
1.6816e+02     0.0000e+00  0.0000e+00     0.0000e+00  0.0000e+00     0.0000e+00  0.0000e+00     0.0000e+00  0.0000e+00 
1.8868e+02     0.0000e+00  0.0000e+00     0.0000e+00  0.0000e+00     0.0000e+00  0.0000e+00     0.0000e+00  0.0000e+00 
2.1170e+02     0.0000e+00  0.0000e+00     0.0000e+00  0.0000e+00     0.0000e+00  0.0000e+00     0.0000e+00  0.0000e+00 
2.3753e+02     0.0000e+00  0.0000e+00     0.0000e+00  0.0000e+00     0.0000e+00  0.0000e+00     0.0000e+00  0.0000e+00 
2.6651e+02     0.0000e+00  0.0000e+00     0.0000e+00  0.0000e+00     0.0000e+00  0.0000e+00     0.0000e+00  0.0000e+00 
2.9903e+02     0.0000e+00  0.0000e+00     0.0000e+00  0.0000e+00     0.0000e+00  0.0000e+00     0.0000e+00  0.0000e+00 
3.3552e+02     0.0000e+00  0.0000e+00     0.0000e+00  0.0000e+00     0.0000e+00  0.0000e+00     0.0000e+00  0.0000e+00 
3.7646e+02     0.0000e+00  0.0000e+00     0.0000e+00  0.0000e+00     0.0000e+00  0.0000e+00     0.0000e+00  0.0000e+00 
4.2240e+02     0.0000e+00  0.0000e+00     0.0000e+00  0.0000e+00     0.0000e+00  0.0000e+00     0.0000e+00  0.0000e+00 
4.7394e+02     0.0000e+00  0.0000e+00     0.0000e+00  0.0000e+00     0.0000e+00  0.0000e+00     0.0000e+00  0.0000e+00 
5.3176e+02     0.0000e+00  0.0000e+00     0.0000e+00  0.0000e+00     0.0000e+00  0.0000e+00     0.0000e+00  0.0000e+00 
5.9665e+02     0.0000e+00  0.0000e+00     0.0000e+00  0.0000e+00     0.0000e+00  0.0000e+00     0.0000e+00  0.0000e+00 
6.6945e+02     0.0000e+00  0.0000e+00     0.0000e+00  0.0000e+00     0.0000e+00  0.0000e+00     0.0000e+00  0.0000e+00 
7.5114e+02     0.0000e+00  0.0000e+00     0.0000e+00  0.0000e+00     0.0000e+00  0.0000e+00     0.0000e+00  0.0000e+00 
8.4279e+02     0.0000e+00  0.0000e+00     0.0000e+00  0.0000e+00     0.0000e+00  0.0000e+00     0.0000e+00  0.0000e+00 
9.4563e+02     0.0000e+00  0.0000e+00     0.0000e+00  0.0000e+00     0.0000e+00  0.0000e+00     0.0000e+00  0.0000e+00 
1.0610e+03     0.0000e+00  0.0000e+00     0.0000e+00  0.0000e+00     0.0000e+00  0.0000e+00     0.0000e+00  0.0000e+00 
1.1905e+03     0.0000e+00  0.0000e+00     0.0000e+00  0.0000e+00     0.0000e+00  0.0000e+00     0.0000e+00  0.0000e+00 
1.3357e+03     0.0000e+00  0.0000e+00     0.0000e+00  0.0000e+00     0.0000e+00  0.0000e+00     0.0000e+00  0.0000e+00 
1.4987e+03     0.0000e+00  0.0000e+00     0.0000e+00  0.0000e+00     0.0000e+00  0.0000e+00     0.0000e+00  0.0000e+00 
1.6816e+03     0.0000e+00  0.0000e+00     0.0000e+00  0.0000e+00     0.0000e+00  0.0000e+00     0.0000e+00  0.0000e+00 
1.8868e+03     0.0000e+00  0.0000e+00     0.0000e+00  0.0000e+00     0.0000e+00  0.0000e+00     0.0000e+00  0.0000e+00 
2.1170e+03     0.0000e+00  0.0000e+00     0.0000e+00  0.0000e+00     0.0000e+00  0.0000e+00     0.0000e+00  0.0000e+00 
2.3753e+03     0.0000e+00  0.0000e+00     0.0000e+00  0.0000e+00     0.0000e+00  0.0000e+00     0.0000e+00  0.0000e+00 
2.6651e+03     0.0000e+00  0.0000e+00     0.0000e+00  0.0000e+00     0.0000e+00  0.0000e+00     0.0000e+00  0.0000e+00 
2.9903e+03     0.0000e+00  0.0000e+00     0.0000e+00  0.0000e+00     0.0000e+00  0.0000e+00     0.0000e+00  0.0000e+00 
3.3552e+03     0.0000e+00  0.0000e+00     0.0000e+00  0.0000e+00     0.0000e+00  0.0000e+00     0.0000e+00  0.0000e+00 
3.7646e+03     0.0000e+00  0.0000e+00     0.0000e+00  0.0000e+00     0.0000e+00  0.0000e+00     0.0000e+00  0.0000e+00 
4.2240e+03     0.0000e+00  0.0000e+00     0.0000e+00  0.0000e+00     0.0000e+00  0.0000e+00     0.0000e+00  0.0000e+00 
4.7394e+03     0.0000e+00  0.0000e+00     0.0000e+00  0.0000e+00     0.0000e+00  0.0000e+00     0.0000e+00  0.0000e+00 
5.3176e+03     0.0000e+00  0.0000e+00     0.0000e+00  0.0000e+00     0.0000e+00  0.0000e+00     0.0000e+00  0.0000e+00 
5.9665e+03     0.0000e+00  0.0000e+00     0.0000e+00  0.0000e+00     0.0000e+00  0.0000e+00     0.0000e+00  0.0000e+00 
6.6945e+03     0.0000e+00  0.0000e+00     0.0000e+00  0.0000e+00     0.0000e+00  0.0000e+00     0.0000e+00  0.0000e+00 
7.5114e+03     0.0000e+00  0.0000e+00     0.0000e+00  0.0000e+00     0.0000e+00  0.0000e+00     0.0000e+00  0.0000e+00 
8.4279e+03     0.0000e+00  0.0000e+00     0.0000e+00  0.0000e+00     0.0000e+00  0.0000e+00     0.0000e+00  0.0000e+00 
9.4563e+03     0.0000e+00  0.0000e+00     0.0000e+00  0.0000e+00     0.0000e+00  0.0000e+00     0.0000e+00  0.0000e+00 
