yF = 5.1411e+00 (std: 0.0000e+00) keV/um
yD = 2.3399e+01 (std: 0.0000e+00) keV/um
y (keV/um)     f(y)(std)                  yf(y)(std)                 d(y)(std)                  yd(y)(std)  
1.0610e-01     2.2684e+01  0.0000e+00     2.4068e+00  0.0000e+00     4.6814e-01  0.0000e+00     4.9671e-02  0.0000e+00 
1.1905e-01     1.8357e+00  0.0000e+00     2.1853e-01  0.0000e+00     4.2507e-02  0.0000e+00     5.0604e-03  0.0000e+00 
1.3357e-01     5.9795e-01  0.0000e+00     7.9870e-02  0.0000e+00     1.5536e-02  0.0000e+00     2.0752e-03  0.0000e+00 
1.4987e-01     2.6056e+00  0.0000e+00     3.9050e-01  0.0000e+00     7.5956e-02  0.0000e+00     1.1384e-02  0.0000e+00 
1.6816e-01     9.1865e-01  0.0000e+00     1.5448e-01  0.0000e+00     3.0048e-02  0.0000e+00     5.0528e-03  0.0000e+00 
1.8868e-01     6.1754e-01  0.0000e+00     1.1652e-01  0.0000e+00     2.2664e-02  0.0000e+00     4.2761e-03  0.0000e+00 
2.1170e-01     6.6277e-01  0.0000e+00     1.4031e-01  0.0000e+00     2.7291e-02  0.0000e+00     5.7776e-03  0.0000e+00 
2.3753e-01     6.2635e-01  0.0000e+00     1.4878e-01  0.0000e+00     2.8939e-02  0.0000e+00     6.8738e-03  0.0000e+00 
2.6651e-01     3.1635e-01  0.0000e+00     8.4311e-02  0.0000e+00     1.6399e-02  0.0000e+00     4.3707e-03  0.0000e+00 
2.9903e-01     2.7800e-01  0.0000e+00     8.3132e-02  0.0000e+00     1.6170e-02  0.0000e+00     4.8354e-03  0.0000e+00 
3.3552e-01     1.2406e+00  0.0000e+00     4.1624e-01  0.0000e+00     8.0963e-02  0.0000e+00     2.7165e-02  0.0000e+00 
3.7646e-01     8.7973e-01  0.0000e+00     3.3119e-01  0.0000e+00     6.4419e-02  0.0000e+00     2.4251e-02  0.0000e+00 
4.2240e-01     4.1886e-01  0.0000e+00     1.7693e-01  0.0000e+00     3.4414e-02  0.0000e+00     1.4536e-02  0.0000e+00 
4.7394e-01     4.0929e-01  0.0000e+00     1.9397e-01  0.0000e+00     3.7730e-02  0.0000e+00     1.7882e-02  0.0000e+00 
5.3176e-01     2.7896e-01  0.0000e+00     1.4834e-01  0.0000e+00     2.8854e-02  0.0000e+00     1.5343e-02  0.0000e+00 
5.9665e-01     1.5201e-01  0.0000e+00     9.0697e-02  0.0000e+00     1.7642e-02  0.0000e+00     1.0526e-02  0.0000e+00 
6.6945e-01     2.1610e-01  0.0000e+00     1.4467e-01  0.0000e+00     2.8139e-02  0.0000e+00     1.8838e-02  0.0000e+00 
7.5114e-01     1.9913e-01  0.0000e+00     1.4957e-01  0.0000e+00     2.9093e-02  0.0000e+00     2.1853e-02  0.0000e+00 
8.4279e-01     1.0261e-01  0.0000e+00     8.6476e-02  0.0000e+00     1.6821e-02  0.0000e+00     1.4176e-02  0.0000e+00 
9.4563e-01     6.2463e-02  0.0000e+00     5.9067e-02  0.0000e+00     1.1489e-02  0.0000e+00     1.0864e-02  0.0000e+00 
1.0610e+00     4.8411e-02  0.0000e+00     5.1365e-02  0.0000e+00     9.9910e-03  0.0000e+00     1.0601e-02  0.0000e+00 
1.1905e+00     2.8964e-02  0.0000e+00     3.4481e-02  0.0000e+00     6.7069e-03  0.0000e+00     7.9844e-03  0.0000e+00 
1.3357e+00     1.6888e-02  0.0000e+00     2.2558e-02  0.0000e+00     4.3877e-03  0.0000e+00     5.8608e-03  0.0000e+00 
1.4987e+00     9.1625e-03  0.0000e+00     1.3732e-02  0.0000e+00     2.6710e-03  0.0000e+00     4.0031e-03  0.0000e+00 
1.6816e+00     4.6617e-03  0.0000e+00     7.8390e-03  0.0000e+00     1.5248e-03  0.0000e+00     2.5640e-03  0.0000e+00 
1.8868e+00     1.8885e-03  0.0000e+00     3.5632e-03  0.0000e+00     6.9308e-04  0.0000e+00     1.3077e-03  0.0000e+00 
2.1170e+00     6.9915e-04  0.0000e+00     1.4801e-03  0.0000e+00     2.8790e-04  0.0000e+00     6.0947e-04  0.0000e+00 
2.3753e+00     4.0387e-04  0.0000e+00     9.5932e-04  0.0000e+00     1.8660e-04  0.0000e+00     4.4323e-04  0.0000e+00 
2.6651e+00     1.6455e-04  0.0000e+00     4.3855e-04  0.0000e+00     8.5302e-05  0.0000e+00     2.2734e-04  0.0000e+00 
2.9903e+00     9.1659e-06  0.0000e+00     2.7409e-05  0.0000e+00     5.3314e-06  0.0000e+00     1.5943e-05  0.0000e+00 
3.3552e+00     0.0000e+00  0.0000e+00     0.0000e+00  0.0000e+00     0.0000e+00  0.0000e+00     0.0000e+00  0.0000e+00 
3.7646e+00     0.0000e+00  0.0000e+00     0.0000e+00  0.0000e+00     0.0000e+00  0.0000e+00     0.0000e+00  0.0000e+00 
4.2240e+00     0.0000e+00  0.0000e+00     0.0000e+00  0.0000e+00     0.0000e+00  0.0000e+00     0.0000e+00  0.0000e+00 
4.7394e+00     0.0000e+00  0.0000e+00     0.0000e+00  0.0000e+00     0.0000e+00  0.0000e+00     0.0000e+00  0.0000e+00 
5.3176e+00     0.0000e+00  0.0000e+00     0.0000e+00  0.0000e+00     0.0000e+00  0.0000e+00     0.0000e+00  0.0000e+00 
5.9665e+00     1.0586e-01  0.0000e+00     6.3159e-01  0.0000e+00     1.2285e-01  0.0000e+00     7.3299e-01  0.0000e+00 
6.6945e+00     2.6044e-02  0.0000e+00     1.7435e-01  0.0000e+00     3.3913e-02  0.0000e+00     2.2703e-01  0.0000e+00 
7.5114e+00     6.9113e-03  0.0000e+00     5.1913e-02  0.0000e+00     1.0098e-02  0.0000e+00     7.5847e-02  0.0000e+00 
8.4279e+00     2.6658e-02  0.0000e+00     2.2467e-01  0.0000e+00     4.3701e-02  0.0000e+00     3.6831e-01  0.0000e+00 
9.4563e+00     1.9394e-02  0.0000e+00     1.8339e-01  0.0000e+00     3.5672e-02  0.0000e+00     3.3733e-01  0.0000e+00 
1.0610e+01     2.7466e-02  0.0000e+00     2.9141e-01  0.0000e+00     5.6683e-02  0.0000e+00     6.0142e-01  0.0000e+00 
1.1905e+01     2.0229e-02  0.0000e+00     2.4082e-01  0.0000e+00     4.6842e-02  0.0000e+00     5.5764e-01  0.0000e+00 
1.3357e+01     1.5546e-02  0.0000e+00     2.0765e-01  0.0000e+00     4.0391e-02  0.0000e+00     5.3951e-01  0.0000e+00 
1.4987e+01     9.8904e-03  0.0000e+00     1.4823e-01  0.0000e+00     2.8832e-02  0.0000e+00     4.3211e-01  0.0000e+00 
1.6816e+01     6.3471e-03  0.0000e+00     1.0673e-01  0.0000e+00     2.0760e-02  0.0000e+00     3.4910e-01  0.0000e+00 
1.8868e+01     5.2312e-03  0.0000e+00     9.8700e-02  0.0000e+00     1.9198e-02  0.0000e+00     3.6223e-01  0.0000e+00 
2.1170e+01     4.7141e-03  0.0000e+00     9.9797e-02  0.0000e+00     1.9412e-02  0.0000e+00     4.1094e-01  0.0000e+00 
2.3753e+01     4.1599e-03  0.0000e+00     9.8810e-02  0.0000e+00     1.9220e-02  0.0000e+00     4.5653e-01  0.0000e+00 
2.6651e+01     2.7624e-03  0.0000e+00     7.3621e-02  0.0000e+00     1.4320e-02  0.0000e+00     3.8165e-01  0.0000e+00 
2.9903e+01     2.0449e-03  0.0000e+00     6.1150e-02  0.0000e+00     1.1894e-02  0.0000e+00     3.5568e-01  0.0000e+00 
3.3552e+01     1.7874e-03  0.0000e+00     5.9971e-02  0.0000e+00     1.1665e-02  0.0000e+00     3.9139e-01  0.0000e+00 
3.7646e+01     1.3084e-03  0.0000e+00     4.9254e-02  0.0000e+00     9.5805e-03  0.0000e+00     3.6067e-01  0.0000e+00 
4.2240e+01     9.1884e-04  0.0000e+00     3.8811e-02  0.0000e+00     7.5493e-03  0.0000e+00     3.1888e-01  0.0000e+00 
4.7394e+01     6.6045e-04  0.0000e+00     3.1301e-02  0.0000e+00     6.0885e-03  0.0000e+00     2.8855e-01  0.0000e+00 
5.3176e+01     4.2472e-04  0.0000e+00     2.2585e-02  0.0000e+00     4.3931e-03  0.0000e+00     2.3361e-01  0.0000e+00 
5.9665e+01     2.7931e-04  0.0000e+00     1.6665e-02  0.0000e+00     3.2415e-03  0.0000e+00     1.9340e-01  0.0000e+00 
6.6945e+01     1.6950e-04  0.0000e+00     1.1347e-02  0.0000e+00     2.2072e-03  0.0000e+00     1.4776e-01  0.0000e+00 
7.5114e+01     9.2320e-05  0.0000e+00     6.9345e-03  0.0000e+00     1.3488e-03  0.0000e+00     1.0132e-01  0.0000e+00 
8.4279e+01     5.3011e-05  0.0000e+00     4.4677e-03  0.0000e+00     8.6902e-04  0.0000e+00     7.3240e-02  0.0000e+00 
9.4563e+01     2.8116e-05  0.0000e+00     2.6587e-03  0.0000e+00     5.1715e-04  0.0000e+00     4.8903e-02  0.0000e+00 
1.0610e+02     1.0075e-05  0.0000e+00     1.0690e-03  0.0000e+00     2.0792e-04  0.0000e+00     2.2061e-02  0.0000e+00 
1.1905e+02     5.2955e-06  0.0000e+00     6.3041e-04  0.0000e+00     1.2262e-04  0.0000e+00     1.4598e-02  0.0000e+00 
1.3357e+02     1.0260e-06  0.0000e+00     1.3705e-04  0.0000e+00     2.6657e-05  0.0000e+00     3.5607e-03  0.0000e+00 
1.4987e+02     1.8288e-07  0.0000e+00     2.7409e-05  0.0000e+00     5.3314e-06  0.0000e+00     7.9902e-04  0.0000e+00 
1.6816e+02     0.0000e+00  0.0000e+00     0.0000e+00  0.0000e+00     0.0000e+00  0.0000e+00     0.0000e+00  0.0000e+00 
1.8868e+02     0.0000e+00  0.0000e+00     0.0000e+00  0.0000e+00     0.0000e+00  0.0000e+00     0.0000e+00  0.0000e+00 
2.1170e+02     0.0000e+00  0.0000e+00     0.0000e+00  0.0000e+00     0.0000e+00  0.0000e+00     0.0000e+00  0.0000e+00 
2.3753e+02     0.0000e+00  0.0000e+00     0.0000e+00  0.0000e+00     0.0000e+00  0.0000e+00     0.0000e+00  0.0000e+00 
2.6651e+02     0.0000e+00  0.0000e+00     0.0000e+00  0.0000e+00     0.0000e+00  0.0000e+00     0.0000e+00  0.0000e+00 
2.9903e+02     0.0000e+00  0.0000e+00     0.0000e+00  0.0000e+00     0.0000e+00  0.0000e+00     0.0000e+00  0.0000e+00 
3.3552e+02     0.0000e+00  0.0000e+00     0.0000e+00  0.0000e+00     0.0000e+00  0.0000e+00     0.0000e+00  0.0000e+00 
3.7646e+02     0.0000e+00  0.0000e+00     0.0000e+00  0.0000e+00     0.0000e+00  0.0000e+00     0.0000e+00  0.0000e+00 
4.2240e+02     0.0000e+00  0.0000e+00     0.0000e+00  0.0000e+00     0.0000e+00  0.0000e+00     0.0000e+00  0.0000e+00 
4.7394e+02     0.0000e+00  0.0000e+00     0.0000e+00  0.0000e+00     0.0000e+00  0.0000e+00     0.0000e+00  0.0000e+00 
5.3176e+02     0.0000e+00  0.0000e+00     0.0000e+00  0.0000e+00     0.0000e+00  0.0000e+00     0.0000e+00  0.0000e+00 
5.9665e+02     0.0000e+00  0.0000e+00     0.0000e+00  0.0000e+00     0.0000e+00  0.0000e+00     0.0000e+00  0.0000e+00 
6.6945e+02     0.0000e+00  0.0000e+00     0.0000e+00  0.0000e+00     0.0000e+00  0.0000e+00     0.0000e+00  0.0000e+00 
7.5114e+02     0.0000e+00  0.0000e+00     0.0000e+00  0.0000e+00     0.0000e+00  0.0000e+00     0.0000e+00  0.0000e+00 
8.4279e+02     0.0000e+00  0.0000e+00     0.0000e+00  0.0000e+00     0.0000e+00  0.0000e+00     0.0000e+00  0.0000e+00 
9.4563e+02     0.0000e+00  0.0000e+00     0.0000e+00  0.0000e+00     0.0000e+00  0.0000e+00     0.0000e+00  0.0000e+00 
1.0610e+03     0.0000e+00  0.0000e+00     0.0000e+00  0.0000e+00     0.0000e+00  0.0000e+00     0.0000e+00  0.0000e+00 
1.1905e+03     0.0000e+00  0.0000e+00     0.0000e+00  0.0000e+00     0.0000e+00  0.0000e+00     0.0000e+00  0.0000e+00 
1.3357e+03     0.0000e+00  0.0000e+00     0.0000e+00  0.0000e+00     0.0000e+00  0.0000e+00     0.0000e+00  0.0000e+00 
1.4987e+03     0.0000e+00  0.0000e+00     0.0000e+00  0.0000e+00     0.0000e+00  0.0000e+00     0.0000e+00  0.0000e+00 
1.6816e+03     0.0000e+00  0.0000e+00     0.0000e+00  0.0000e+00     0.0000e+00  0.0000e+00     0.0000e+00  0.0000e+00 
1.8868e+03     0.0000e+00  0.0000e+00     0.0000e+00  0.0000e+00     0.0000e+00  0.0000e+00     0.0000e+00  0.0000e+00 
2.1170e+03     0.0000e+00  0.0000e+00     0.0000e+00  0.0000e+00     0.0000e+00  0.0000e+00     0.0000e+00  0.0000e+00 
2.3753e+03     0.0000e+00  0.0000e+00     0.0000e+00  0.0000e+00     0.0000e+00  0.0000e+00     0.0000e+00  0.0000e+00 
2.6651e+03     0.0000e+00  0.0000e+00     0.0000e+00  0.0000e+00     0.0000e+00  0.0000e+00     0.0000e+00  0.0000e+00 
2.9903e+03     0.0000e+00  0.0000e+00     0.0000e+00  0.0000e+00     0.0000e+00  0.0000e+00     0.0000e+00  0.0000e+00 
3.3552e+03     0.0000e+00  0.0000e+00     0.0000e+00  0.0000e+00     0.0000e+00  0.0000e+00     0.0000e+00  0.0000e+00 
3.7646e+03     0.0000e+00  0.0000e+00     0.0000e+00  0.0000e+00     0.0000e+00  0.0000e+00     0.0000e+00  0.0000e+00 
4.2240e+03     0.0000e+00  0.0000e+00     0.0000e+00  0.0000e+00     0.0000e+00  0.0000e+00     0.0000e+00  0.0000e+00 
4.7394e+03     0.0000e+00  0.0000e+00     0.0000e+00  0.0000e+00     0.0000e+00  0.0000e+00     0.0000e+00  0.0000e+00 
5.3176e+03     0.0000e+00  0.0000e+00     0.0000e+00  0.0000e+00     0.0000e+00  0.0000e+00     0.0000e+00  0.0000e+00 
5.9665e+03     0.0000e+00  0.0000e+00     0.0000e+00  0.0000e+00     0.0000e+00  0.0000e+00     0.0000e+00  0.0000e+00 
6.6945e+03     0.0000e+00  0.0000e+00     0.0000e+00  0.0000e+00     0.0000e+00  0.0000e+00     0.0000e+00  0.0000e+00 
7.5114e+03     0.0000e+00  0.0000e+00     0.0000e+00  0.0000e+00     0.0000e+00  0.0000e+00     0.0000e+00  0.0000e+00 
8.4279e+03     0.0000e+00  0.0000e+00     0.0000e+00  0.0000e+00     0.0000e+00  0.0000e+00     0.0000e+00  0.0000e+00 
9.4563e+03     0.0000e+00  0.0000e+00     0.0000e+00  0.0000e+00     0.0000e+00  0.0000e+00     0.0000e+00  0.0000e+00 
