yF = 1.5722e+01 (std: 0.0000e+00) keV/um
yD = 3.6744e+01 (std: 0.0000e+00) keV/um
y (keV/um)     f(y)(std)                  yf(y)(std)                 d(y)(std)                  yd(y)(std)  
1.0610e-01     7.8697e+00  0.0000e+00     8.3498e-01  0.0000e+00     5.3110e-02  0.0000e+00     5.6350e-03  0.0000e+00 
1.1905e-01     8.1984e-01  0.0000e+00     9.7599e-02  0.0000e+00     6.2079e-03  0.0000e+00     7.3904e-04  0.0000e+00 
1.3357e-01     3.6918e-01  0.0000e+00     4.9313e-02  0.0000e+00     3.1366e-03  0.0000e+00     4.1897e-04  0.0000e+00 
1.4987e-01     1.0689e+00  0.0000e+00     1.6020e-01  0.0000e+00     1.0190e-02  0.0000e+00     1.5272e-03  0.0000e+00 
1.6816e-01     5.1099e-01  0.0000e+00     8.5927e-02  0.0000e+00     5.4655e-03  0.0000e+00     9.1907e-04  0.0000e+00 
1.8868e-01     3.9936e-01  0.0000e+00     7.5351e-02  0.0000e+00     4.7928e-03  0.0000e+00     9.0428e-04  0.0000e+00 
2.1170e-01     4.0436e-01  0.0000e+00     8.5602e-02  0.0000e+00     5.4448e-03  0.0000e+00     1.1527e-03  0.0000e+00 
2.3753e-01     3.8518e-01  0.0000e+00     9.1492e-02  0.0000e+00     5.8195e-03  0.0000e+00     1.3823e-03  0.0000e+00 
2.6651e-01     2.3801e-01  0.0000e+00     6.3432e-02  0.0000e+00     4.0347e-03  0.0000e+00     1.0753e-03  0.0000e+00 
2.9903e-01     2.0780e-01  0.0000e+00     6.2139e-02  0.0000e+00     3.9524e-03  0.0000e+00     1.1819e-03  0.0000e+00 
3.3552e-01     4.8877e-01  0.0000e+00     1.6399e-01  0.0000e+00     1.0431e-02  0.0000e+00     3.4998e-03  0.0000e+00 
3.7646e-01     4.2613e-01  0.0000e+00     1.6042e-01  0.0000e+00     1.0204e-02  0.0000e+00     3.8413e-03  0.0000e+00 
4.2240e-01     2.7082e-01  0.0000e+00     1.1439e-01  0.0000e+00     7.2761e-03  0.0000e+00     3.0734e-03  0.0000e+00 
4.7394e-01     2.7060e-01  0.0000e+00     1.2824e-01  0.0000e+00     8.1572e-03  0.0000e+00     3.8660e-03  0.0000e+00 
5.3176e-01     2.2777e-01  0.0000e+00     1.2112e-01  0.0000e+00     7.7041e-03  0.0000e+00     4.0967e-03  0.0000e+00 
5.9665e-01     1.5171e-01  0.0000e+00     9.0515e-02  0.0000e+00     5.7573e-03  0.0000e+00     3.4351e-03  0.0000e+00 
6.6945e-01     1.4685e-01  0.0000e+00     9.8310e-02  0.0000e+00     6.2531e-03  0.0000e+00     4.1862e-03  0.0000e+00 
7.5114e-01     1.4495e-01  0.0000e+00     1.0888e-01  0.0000e+00     6.9252e-03  0.0000e+00     5.2018e-03  0.0000e+00 
8.4279e-01     1.0040e-01  0.0000e+00     8.4615e-02  0.0000e+00     5.3820e-03  0.0000e+00     4.5359e-03  0.0000e+00 
9.4563e-01     7.1221e-02  0.0000e+00     6.7349e-02  0.0000e+00     4.2838e-03  0.0000e+00     4.0509e-03  0.0000e+00 
1.0610e+00     5.5377e-02  0.0000e+00     5.8755e-02  0.0000e+00     3.7372e-03  0.0000e+00     3.9652e-03  0.0000e+00 
1.1905e+00     3.7727e-02  0.0000e+00     4.4912e-02  0.0000e+00     2.8567e-03  0.0000e+00     3.4008e-03  0.0000e+00 
1.3357e+00     2.4450e-02  0.0000e+00     3.2658e-02  0.0000e+00     2.0773e-03  0.0000e+00     2.7747e-03  0.0000e+00 
1.4987e+00     1.5675e-02  0.0000e+00     2.3492e-02  0.0000e+00     1.4942e-03  0.0000e+00     2.2394e-03  0.0000e+00 
1.6816e+00     9.4054e-03  0.0000e+00     1.5816e-02  0.0000e+00     1.0060e-03  0.0000e+00     1.6917e-03  0.0000e+00 
1.8868e+00     4.7691e-03  0.0000e+00     8.9983e-03  0.0000e+00     5.7234e-04  0.0000e+00     1.0799e-03  0.0000e+00 
2.1170e+00     2.2418e-03  0.0000e+00     4.7458e-03  0.0000e+00     3.0186e-04  0.0000e+00     6.3904e-04  0.0000e+00 
2.3753e+00     9.3876e-04  0.0000e+00     2.2298e-03  0.0000e+00     1.4183e-04  0.0000e+00     3.3689e-04  0.0000e+00 
2.6651e+00     4.1463e-04  0.0000e+00     1.1050e-03  0.0000e+00     7.0288e-05  0.0000e+00     1.8733e-04  0.0000e+00 
2.9903e+00     1.2538e-04  0.0000e+00     3.7493e-04  0.0000e+00     2.3848e-05  0.0000e+00     7.1312e-05  0.0000e+00 
3.3552e+00     3.2347e-05  0.0000e+00     1.0853e-04  0.0000e+00     6.9033e-06  0.0000e+00     2.3162e-05  0.0000e+00 
3.7646e+00     2.6209e-06  0.0000e+00     9.8665e-06  0.0000e+00     6.2757e-07  0.0000e+00     2.3626e-06  0.0000e+00 
4.2240e+00     4.6717e-06  0.0000e+00     1.9733e-05  0.0000e+00     1.2551e-06  0.0000e+00     5.3017e-06  0.0000e+00 
4.7394e+00     0.0000e+00  0.0000e+00     0.0000e+00  0.0000e+00     0.0000e+00  0.0000e+00     0.0000e+00  0.0000e+00 
5.3176e+00     1.8554e-06  0.0000e+00     9.8665e-06  0.0000e+00     6.2757e-07  0.0000e+00     3.3372e-06  0.0000e+00 
5.9665e+00     5.0111e-02  0.0000e+00     2.9898e-01  0.0000e+00     1.9017e-02  0.0000e+00     1.1347e-01  0.0000e+00 
6.6945e+00     2.8916e-02  0.0000e+00     1.9358e-01  0.0000e+00     1.2313e-02  0.0000e+00     8.2429e-02  0.0000e+00 
7.5114e+00     8.5026e-03  0.0000e+00     6.3866e-02  0.0000e+00     4.0623e-03  0.0000e+00     3.0513e-02  0.0000e+00 
8.4279e+00     3.6152e-02  0.0000e+00     3.0469e-01  0.0000e+00     1.9380e-02  0.0000e+00     1.6333e-01  0.0000e+00 
9.4563e+00     2.8676e-02  0.0000e+00     2.7117e-01  0.0000e+00     1.7248e-02  0.0000e+00     1.6310e-01  0.0000e+00 
1.0610e+01     4.0240e-02  0.0000e+00     4.2695e-01  0.0000e+00     2.7157e-02  0.0000e+00     2.8814e-01  0.0000e+00 
1.1905e+01     3.2355e-02  0.0000e+00     3.8518e-01  0.0000e+00     2.4500e-02  0.0000e+00     2.9166e-01  0.0000e+00 
1.3357e+01     2.6894e-02  0.0000e+00     3.5923e-01  0.0000e+00     2.2849e-02  0.0000e+00     3.0520e-01  0.0000e+00 
1.4987e+01     1.9295e-02  0.0000e+00     2.8918e-01  0.0000e+00     1.8393e-02  0.0000e+00     2.7567e-01  0.0000e+00 
1.6816e+01     1.5559e-02  0.0000e+00     2.6164e-01  0.0000e+00     1.6642e-02  0.0000e+00     2.7985e-01  0.0000e+00 
1.8868e+01     1.6477e-02  0.0000e+00     3.1087e-01  0.0000e+00     1.9773e-02  0.0000e+00     3.7308e-01  0.0000e+00 
2.1170e+01     1.5378e-02  0.0000e+00     3.2556e-01  0.0000e+00     2.0707e-02  0.0000e+00     4.3837e-01  0.0000e+00 
2.3753e+01     1.4186e-02  0.0000e+00     3.3697e-01  0.0000e+00     2.1433e-02  0.0000e+00     5.0911e-01  0.0000e+00 
2.6651e+01     1.1143e-02  0.0000e+00     2.9697e-01  0.0000e+00     1.8889e-02  0.0000e+00     5.0342e-01  0.0000e+00 
2.9903e+01     9.0092e-03  0.0000e+00     2.6940e-01  0.0000e+00     1.7136e-02  0.0000e+00     5.1242e-01  0.0000e+00 
3.3552e+01     7.8189e-03  0.0000e+00     2.6234e-01  0.0000e+00     1.6686e-02  0.0000e+00     5.5987e-01  0.0000e+00 
3.7646e+01     6.2594e-03  0.0000e+00     2.3564e-01  0.0000e+00     1.4988e-02  0.0000e+00     5.6425e-01  0.0000e+00 
4.2240e+01     4.7978e-03  0.0000e+00     2.0266e-01  0.0000e+00     1.2890e-02  0.0000e+00     5.4448e-01  0.0000e+00 
4.7394e+01     3.7298e-03  0.0000e+00     1.7677e-01  0.0000e+00     1.1244e-02  0.0000e+00     5.3287e-01  0.0000e+00 
5.3176e+01     2.6933e-03  0.0000e+00     1.4322e-01  0.0000e+00     9.1098e-03  0.0000e+00     4.8443e-01  0.0000e+00 
5.9665e+01     1.8623e-03  0.0000e+00     1.1112e-01  0.0000e+00     7.0677e-03  0.0000e+00     4.2169e-01  0.0000e+00 
6.6945e+01     1.2567e-03  0.0000e+00     8.4132e-02  0.0000e+00     5.3513e-03  0.0000e+00     3.5824e-01  0.0000e+00 
7.5114e+01     7.8524e-04  0.0000e+00     5.8982e-02  0.0000e+00     3.7516e-03  0.0000e+00     2.8180e-01  0.0000e+00 
8.4279e+01     4.6968e-04  0.0000e+00     3.9584e-02  0.0000e+00     2.5178e-03  0.0000e+00     2.1220e-01  0.0000e+00 
9.4563e+01     2.5991e-04  0.0000e+00     2.4577e-02  0.0000e+00     1.5633e-03  0.0000e+00     1.4783e-01  0.0000e+00 
1.0610e+02     1.2247e-04  0.0000e+00     1.2994e-02  0.0000e+00     8.2651e-04  0.0000e+00     8.7694e-02  0.0000e+00 
1.1905e+02     5.9590e-05  0.0000e+00     7.0940e-03  0.0000e+00     4.5122e-04  0.0000e+00     5.3717e-02  0.0000e+00 
1.3357e+02     2.3933e-05  0.0000e+00     3.1967e-03  0.0000e+00     2.0333e-04  0.0000e+00     2.7160e-02  0.0000e+00 
1.4987e+02     8.0316e-06  0.0000e+00     1.2037e-03  0.0000e+00     7.6564e-05  0.0000e+00     1.1475e-02  0.0000e+00 
1.6816e+02     2.5230e-06  0.0000e+00     4.2426e-04  0.0000e+00     2.6986e-05  0.0000e+00     4.5379e-03  0.0000e+00 
1.8868e+02     6.7981e-07  0.0000e+00     1.2826e-04  0.0000e+00     8.1584e-06  0.0000e+00     1.5393e-03  0.0000e+00 
2.1170e+02     2.7964e-07  0.0000e+00     5.9199e-05  0.0000e+00     3.7654e-06  0.0000e+00     7.9714e-04  0.0000e+00 
2.3753e+02     0.0000e+00  0.0000e+00     0.0000e+00  0.0000e+00     0.0000e+00  0.0000e+00     0.0000e+00  0.0000e+00 
2.6651e+02     0.0000e+00  0.0000e+00     0.0000e+00  0.0000e+00     0.0000e+00  0.0000e+00     0.0000e+00  0.0000e+00 
2.9903e+02     0.0000e+00  0.0000e+00     0.0000e+00  0.0000e+00     0.0000e+00  0.0000e+00     0.0000e+00  0.0000e+00 
3.3552e+02     0.0000e+00  0.0000e+00     0.0000e+00  0.0000e+00     0.0000e+00  0.0000e+00     0.0000e+00  0.0000e+00 
3.7646e+02     0.0000e+00  0.0000e+00     0.0000e+00  0.0000e+00     0.0000e+00  0.0000e+00     0.0000e+00  0.0000e+00 
4.2240e+02     0.0000e+00  0.0000e+00     0.0000e+00  0.0000e+00     0.0000e+00  0.0000e+00     0.0000e+00  0.0000e+00 
4.7394e+02     0.0000e+00  0.0000e+00     0.0000e+00  0.0000e+00     0.0000e+00  0.0000e+00     0.0000e+00  0.0000e+00 
5.3176e+02     0.0000e+00  0.0000e+00     0.0000e+00  0.0000e+00     0.0000e+00  0.0000e+00     0.0000e+00  0.0000e+00 
5.9665e+02     0.0000e+00  0.0000e+00     0.0000e+00  0.0000e+00     0.0000e+00  0.0000e+00     0.0000e+00  0.0000e+00 
6.6945e+02     0.0000e+00  0.0000e+00     0.0000e+00  0.0000e+00     0.0000e+00  0.0000e+00     0.0000e+00  0.0000e+00 
7.5114e+02     0.0000e+00  0.0000e+00     0.0000e+00  0.0000e+00     0.0000e+00  0.0000e+00     0.0000e+00  0.0000e+00 
8.4279e+02     0.0000e+00  0.0000e+00     0.0000e+00  0.0000e+00     0.0000e+00  0.0000e+00     0.0000e+00  0.0000e+00 
9.4563e+02     0.0000e+00  0.0000e+00     0.0000e+00  0.0000e+00     0.0000e+00  0.0000e+00     0.0000e+00  0.0000e+00 
1.0610e+03     0.0000e+00  0.0000e+00     0.0000e+00  0.0000e+00     0.0000e+00  0.0000e+00     0.0000e+00  0.0000e+00 
1.1905e+03     0.0000e+00  0.0000e+00     0.0000e+00  0.0000e+00     0.0000e+00  0.0000e+00     0.0000e+00  0.0000e+00 
1.3357e+03     0.0000e+00  0.0000e+00     0.0000e+00  0.0000e+00     0.0000e+00  0.0000e+00     0.0000e+00  0.0000e+00 
1.4987e+03     0.0000e+00  0.0000e+00     0.0000e+00  0.0000e+00     0.0000e+00  0.0000e+00     0.0000e+00  0.0000e+00 
1.6816e+03     0.0000e+00  0.0000e+00     0.0000e+00  0.0000e+00     0.0000e+00  0.0000e+00     0.0000e+00  0.0000e+00 
1.8868e+03     0.0000e+00  0.0000e+00     0.0000e+00  0.0000e+00     0.0000e+00  0.0000e+00     0.0000e+00  0.0000e+00 
2.1170e+03     0.0000e+00  0.0000e+00     0.0000e+00  0.0000e+00     0.0000e+00  0.0000e+00     0.0000e+00  0.0000e+00 
2.3753e+03     0.0000e+00  0.0000e+00     0.0000e+00  0.0000e+00     0.0000e+00  0.0000e+00     0.0000e+00  0.0000e+00 
2.6651e+03     0.0000e+00  0.0000e+00     0.0000e+00  0.0000e+00     0.0000e+00  0.0000e+00     0.0000e+00  0.0000e+00 
2.9903e+03     0.0000e+00  0.0000e+00     0.0000e+00  0.0000e+00     0.0000e+00  0.0000e+00     0.0000e+00  0.0000e+00 
3.3552e+03     0.0000e+00  0.0000e+00     0.0000e+00  0.0000e+00     0.0000e+00  0.0000e+00     0.0000e+00  0.0000e+00 
3.7646e+03     0.0000e+00  0.0000e+00     0.0000e+00  0.0000e+00     0.0000e+00  0.0000e+00     0.0000e+00  0.0000e+00 
4.2240e+03     0.0000e+00  0.0000e+00     0.0000e+00  0.0000e+00     0.0000e+00  0.0000e+00     0.0000e+00  0.0000e+00 
4.7394e+03     0.0000e+00  0.0000e+00     0.0000e+00  0.0000e+00     0.0000e+00  0.0000e+00     0.0000e+00  0.0000e+00 
5.3176e+03     0.0000e+00  0.0000e+00     0.0000e+00  0.0000e+00     0.0000e+00  0.0000e+00     0.0000e+00  0.0000e+00 
5.9665e+03     0.0000e+00  0.0000e+00     0.0000e+00  0.0000e+00     0.0000e+00  0.0000e+00     0.0000e+00  0.0000e+00 
6.6945e+03     0.0000e+00  0.0000e+00     0.0000e+00  0.0000e+00     0.0000e+00  0.0000e+00     0.0000e+00  0.0000e+00 
7.5114e+03     0.0000e+00  0.0000e+00     0.0000e+00  0.0000e+00     0.0000e+00  0.0000e+00     0.0000e+00  0.0000e+00 
8.4279e+03     0.0000e+00  0.0000e+00     0.0000e+00  0.0000e+00     0.0000e+00  0.0000e+00     0.0000e+00  0.0000e+00 
9.4563e+03     0.0000e+00  0.0000e+00     0.0000e+00  0.0000e+00     0.0000e+00  0.0000e+00     0.0000e+00  0.0000e+00 
