yF = 1.4708e+01 (std: 0.0000e+00) keV/um
yD = 3.5172e+01 (std: 0.0000e+00) keV/um
y (keV/um)     f(y)(std)                  yf(y)(std)                 d(y)(std)                  yd(y)(std)  
1.0610e-01     8.4218e+00  0.0000e+00     8.9356e-01  0.0000e+00     6.0754e-02  0.0000e+00     6.4461e-03  0.0000e+00 
1.1905e-01     8.7184e-01  0.0000e+00     1.0379e-01  0.0000e+00     7.0568e-03  0.0000e+00     8.4010e-04  0.0000e+00 
1.3357e-01     3.8420e-01  0.0000e+00     5.1319e-02  0.0000e+00     3.4892e-03  0.0000e+00     4.6607e-04  0.0000e+00 
1.4987e-01     1.1379e+00  0.0000e+00     1.7055e-01  0.0000e+00     1.1596e-02  0.0000e+00     1.7378e-03  0.0000e+00 
1.6816e-01     5.3419e-01  0.0000e+00     8.9828e-02  0.0000e+00     6.1075e-03  0.0000e+00     1.0270e-03  0.0000e+00 
1.8868e-01     4.2605e-01  0.0000e+00     8.0386e-02  0.0000e+00     5.4656e-03  0.0000e+00     1.0312e-03  0.0000e+00 
2.1170e-01     4.2650e-01  0.0000e+00     9.0289e-02  0.0000e+00     6.1389e-03  0.0000e+00     1.2996e-03  0.0000e+00 
2.3753e-01     4.0463e-01  0.0000e+00     9.6113e-02  0.0000e+00     6.5348e-03  0.0000e+00     1.5522e-03  0.0000e+00 
2.6651e-01     2.4596e-01  0.0000e+00     6.5552e-02  0.0000e+00     4.4570e-03  0.0000e+00     1.1878e-03  0.0000e+00 
2.9903e-01     2.1291e-01  0.0000e+00     6.3668e-02  0.0000e+00     4.3288e-03  0.0000e+00     1.2945e-03  0.0000e+00 
3.3552e-01     5.2449e-01  0.0000e+00     1.7598e-01  0.0000e+00     1.1965e-02  0.0000e+00     4.0145e-03  0.0000e+00 
3.7646e-01     4.4924e-01  0.0000e+00     1.6912e-01  0.0000e+00     1.1499e-02  0.0000e+00     4.3288e-03  0.0000e+00 
4.2240e-01     2.8373e-01  0.0000e+00     1.1985e-01  0.0000e+00     8.1486e-03  0.0000e+00     3.4419e-03  0.0000e+00 
4.7394e-01     2.8090e-01  0.0000e+00     1.3313e-01  0.0000e+00     9.0516e-03  0.0000e+00     4.2899e-03  0.0000e+00 
5.3176e-01     2.3052e-01  0.0000e+00     1.2258e-01  0.0000e+00     8.3346e-03  0.0000e+00     4.4321e-03  0.0000e+00 
5.9665e-01     1.5783e-01  0.0000e+00     9.4168e-02  0.0000e+00     6.4026e-03  0.0000e+00     3.8201e-03  0.0000e+00 
6.6945e-01     1.5107e-01  0.0000e+00     1.0113e-01  0.0000e+00     6.8762e-03  0.0000e+00     4.6033e-03  0.0000e+00 
7.5114e-01     1.4899e-01  0.0000e+00     1.1191e-01  0.0000e+00     7.6088e-03  0.0000e+00     5.7153e-03  0.0000e+00 
8.4279e-01     1.0284e-01  0.0000e+00     8.6671e-02  0.0000e+00     5.8929e-03  0.0000e+00     4.9664e-03  0.0000e+00 
9.4563e-01     7.3190e-02  0.0000e+00     6.9210e-02  0.0000e+00     4.7057e-03  0.0000e+00     4.4498e-03  0.0000e+00 
1.0610e+00     5.5397e-02  0.0000e+00     5.8776e-02  0.0000e+00     3.9963e-03  0.0000e+00     4.2401e-03  0.0000e+00 
1.1905e+00     3.8410e-02  0.0000e+00     4.5726e-02  0.0000e+00     3.1090e-03  0.0000e+00     3.7011e-03  0.0000e+00 
1.3357e+00     2.4725e-02  0.0000e+00     3.3027e-02  0.0000e+00     2.2455e-03  0.0000e+00     2.9994e-03  0.0000e+00 
1.4987e+00     1.5610e-02  0.0000e+00     2.3394e-02  0.0000e+00     1.5906e-03  0.0000e+00     2.3839e-03  0.0000e+00 
1.6816e+00     8.8157e-03  0.0000e+00     1.4824e-02  0.0000e+00     1.0079e-03  0.0000e+00     1.6949e-03  0.0000e+00 
1.8868e+00     4.6165e-03  0.0000e+00     8.7102e-03  0.0000e+00     5.9222e-04  0.0000e+00     1.1174e-03  0.0000e+00 
2.1170e+00     2.3152e-03  0.0000e+00     4.9014e-03  0.0000e+00     3.3325e-04  0.0000e+00     7.0549e-04  0.0000e+00 
2.3753e+00     1.0676e-03  0.0000e+00     2.5359e-03  0.0000e+00     1.7242e-04  0.0000e+00     4.0954e-04  0.0000e+00 
2.6651e+00     3.9865e-04  0.0000e+00     1.0625e-03  0.0000e+00     7.2238e-05  0.0000e+00     1.9252e-04  0.0000e+00 
2.9903e+00     1.3743e-04  0.0000e+00     4.1095e-04  0.0000e+00     2.7941e-05  0.0000e+00     8.3553e-05  0.0000e+00 
3.3552e+00     3.8836e-05  0.0000e+00     1.3030e-04  0.0000e+00     8.8594e-06  0.0000e+00     2.9725e-05  0.0000e+00 
3.7646e+00     7.9875e-06  0.0000e+00     3.0070e-05  0.0000e+00     2.0445e-06  0.0000e+00     7.6966e-06  0.0000e+00 
4.2240e+00     4.7459e-06  0.0000e+00     2.0046e-05  0.0000e+00     1.3630e-06  0.0000e+00     5.7572e-06  0.0000e+00 
4.7394e+00     2.1149e-06  0.0000e+00     1.0023e-05  0.0000e+00     6.8149e-07  0.0000e+00     3.2298e-06  0.0000e+00 
5.3176e+00     0.0000e+00  0.0000e+00     0.0000e+00  0.0000e+00     0.0000e+00  0.0000e+00     0.0000e+00  0.0000e+00 
5.9665e+00     5.2892e-02  0.0000e+00     3.1558e-01  0.0000e+00     2.1457e-02  0.0000e+00     1.2802e-01  0.0000e+00 
6.6945e+00     2.9331e-02  0.0000e+00     1.9636e-01  0.0000e+00     1.3350e-02  0.0000e+00     8.9375e-02  0.0000e+00 
7.5114e+00     8.7324e-03  0.0000e+00     6.5592e-02  0.0000e+00     4.4597e-03  0.0000e+00     3.3498e-02  0.0000e+00 
8.4279e+00     3.6908e-02  0.0000e+00     3.1106e-01  0.0000e+00     2.1149e-02  0.0000e+00     1.7824e-01  0.0000e+00 
9.4563e+00     3.0366e-02  0.0000e+00     2.8715e-01  0.0000e+00     1.9523e-02  0.0000e+00     1.8462e-01  0.0000e+00 
1.0610e+01     4.1965e-02  0.0000e+00     4.4525e-01  0.0000e+00     3.0273e-02  0.0000e+00     3.2120e-01  0.0000e+00 
1.1905e+01     3.1080e-02  0.0000e+00     3.7000e-01  0.0000e+00     2.5157e-02  0.0000e+00     2.9948e-01  0.0000e+00 
1.3357e+01     2.4986e-02  0.0000e+00     3.3374e-01  0.0000e+00     2.2692e-02  0.0000e+00     3.0310e-01  0.0000e+00 
1.4987e+01     1.8541e-02  0.0000e+00     2.7788e-01  0.0000e+00     1.8894e-02  0.0000e+00     2.8316e-01  0.0000e+00 
1.6816e+01     2.0346e-02  0.0000e+00     3.4213e-01  0.0000e+00     2.3262e-02  0.0000e+00     3.9117e-01  0.0000e+00 
1.8868e+01     1.5437e-02  0.0000e+00     2.9127e-01  0.0000e+00     1.9803e-02  0.0000e+00     3.7365e-01  0.0000e+00 
2.1170e+01     1.4054e-02  0.0000e+00     2.9753e-01  0.0000e+00     2.0229e-02  0.0000e+00     4.2825e-01  0.0000e+00 
2.3753e+01     1.3534e-02  0.0000e+00     3.2149e-01  0.0000e+00     2.1858e-02  0.0000e+00     5.1920e-01  0.0000e+00 
2.6651e+01     1.0845e-02  0.0000e+00     2.8904e-01  0.0000e+00     1.9652e-02  0.0000e+00     5.2376e-01  0.0000e+00 
2.9903e+01     8.3787e-03  0.0000e+00     2.5055e-01  0.0000e+00     1.7035e-02  0.0000e+00     5.0941e-01  0.0000e+00 
3.3552e+01     7.2258e-03  0.0000e+00     2.4244e-01  0.0000e+00     1.6484e-02  0.0000e+00     5.5307e-01  0.0000e+00 
3.7646e+01     5.7236e-03  0.0000e+00     2.1547e-01  0.0000e+00     1.4650e-02  0.0000e+00     5.5151e-01  0.0000e+00 
4.2240e+01     4.3354e-03  0.0000e+00     1.8312e-01  0.0000e+00     1.2451e-02  0.0000e+00     5.2592e-01  0.0000e+00 
4.7394e+01     3.3546e-03  0.0000e+00     1.5899e-01  0.0000e+00     1.0810e-02  0.0000e+00     5.1232e-01  0.0000e+00 
5.3176e+01     2.3703e-03  0.0000e+00     1.2604e-01  0.0000e+00     8.5697e-03  0.0000e+00     4.5571e-01  0.0000e+00 
5.9665e+01     1.6591e-03  0.0000e+00     9.8989e-02  0.0000e+00     6.7304e-03  0.0000e+00     4.0157e-01  0.0000e+00 
6.6945e+01     1.0756e-03  0.0000e+00     7.2007e-02  0.0000e+00     4.8958e-03  0.0000e+00     3.2775e-01  0.0000e+00 
7.5114e+01     6.5826e-04  0.0000e+00     4.9445e-02  0.0000e+00     3.3618e-03  0.0000e+00     2.5252e-01  0.0000e+00 
8.4279e+01     3.9056e-04  0.0000e+00     3.2916e-02  0.0000e+00     2.2380e-03  0.0000e+00     1.8862e-01  0.0000e+00 
9.4563e+01     2.0584e-04  0.0000e+00     1.9465e-02  0.0000e+00     1.3235e-03  0.0000e+00     1.2515e-01  0.0000e+00 
1.0610e+02     9.8909e-05  0.0000e+00     1.0494e-02  0.0000e+00     7.1352e-04  0.0000e+00     7.5705e-02  0.0000e+00 
1.1905e+02     4.2434e-05  0.0000e+00     5.0517e-03  0.0000e+00     3.4347e-04  0.0000e+00     4.0889e-02  0.0000e+00 
1.3357e+02     1.7559e-05  0.0000e+00     2.3454e-03  0.0000e+00     1.5947e-04  0.0000e+00     2.1301e-02  0.0000e+00 
1.4987e+02     6.9554e-06  0.0000e+00     1.0424e-03  0.0000e+00     7.0875e-05  0.0000e+00     1.0622e-02  0.0000e+00 
1.6816e+02     2.7419e-06  0.0000e+00     4.6107e-04  0.0000e+00     3.1349e-05  0.0000e+00     5.2715e-03  0.0000e+00 
1.8868e+02     9.0310e-07  0.0000e+00     1.7039e-04  0.0000e+00     1.1585e-05  0.0000e+00     2.1859e-03  0.0000e+00 
2.1170e+02     2.3673e-07  0.0000e+00     5.0116e-05  0.0000e+00     3.4075e-06  0.0000e+00     7.2136e-04  0.0000e+00 
2.3753e+02     0.0000e+00  0.0000e+00     0.0000e+00  0.0000e+00     0.0000e+00  0.0000e+00     0.0000e+00  0.0000e+00 
2.6651e+02     0.0000e+00  0.0000e+00     0.0000e+00  0.0000e+00     0.0000e+00  0.0000e+00     0.0000e+00  0.0000e+00 
2.9903e+02     0.0000e+00  0.0000e+00     0.0000e+00  0.0000e+00     0.0000e+00  0.0000e+00     0.0000e+00  0.0000e+00 
3.3552e+02     0.0000e+00  0.0000e+00     0.0000e+00  0.0000e+00     0.0000e+00  0.0000e+00     0.0000e+00  0.0000e+00 
3.7646e+02     0.0000e+00  0.0000e+00     0.0000e+00  0.0000e+00     0.0000e+00  0.0000e+00     0.0000e+00  0.0000e+00 
4.2240e+02     0.0000e+00  0.0000e+00     0.0000e+00  0.0000e+00     0.0000e+00  0.0000e+00     0.0000e+00  0.0000e+00 
4.7394e+02     0.0000e+00  0.0000e+00     0.0000e+00  0.0000e+00     0.0000e+00  0.0000e+00     0.0000e+00  0.0000e+00 
5.3176e+02     0.0000e+00  0.0000e+00     0.0000e+00  0.0000e+00     0.0000e+00  0.0000e+00     0.0000e+00  0.0000e+00 
5.9665e+02     0.0000e+00  0.0000e+00     0.0000e+00  0.0000e+00     0.0000e+00  0.0000e+00     0.0000e+00  0.0000e+00 
6.6945e+02     0.0000e+00  0.0000e+00     0.0000e+00  0.0000e+00     0.0000e+00  0.0000e+00     0.0000e+00  0.0000e+00 
7.5114e+02     0.0000e+00  0.0000e+00     0.0000e+00  0.0000e+00     0.0000e+00  0.0000e+00     0.0000e+00  0.0000e+00 
8.4279e+02     0.0000e+00  0.0000e+00     0.0000e+00  0.0000e+00     0.0000e+00  0.0000e+00     0.0000e+00  0.0000e+00 
9.4563e+02     0.0000e+00  0.0000e+00     0.0000e+00  0.0000e+00     0.0000e+00  0.0000e+00     0.0000e+00  0.0000e+00 
1.0610e+03     0.0000e+00  0.0000e+00     0.0000e+00  0.0000e+00     0.0000e+00  0.0000e+00     0.0000e+00  0.0000e+00 
1.1905e+03     0.0000e+00  0.0000e+00     0.0000e+00  0.0000e+00     0.0000e+00  0.0000e+00     0.0000e+00  0.0000e+00 
1.3357e+03     0.0000e+00  0.0000e+00     0.0000e+00  0.0000e+00     0.0000e+00  0.0000e+00     0.0000e+00  0.0000e+00 
1.4987e+03     0.0000e+00  0.0000e+00     0.0000e+00  0.0000e+00     0.0000e+00  0.0000e+00     0.0000e+00  0.0000e+00 
1.6816e+03     0.0000e+00  0.0000e+00     0.0000e+00  0.0000e+00     0.0000e+00  0.0000e+00     0.0000e+00  0.0000e+00 
1.8868e+03     0.0000e+00  0.0000e+00     0.0000e+00  0.0000e+00     0.0000e+00  0.0000e+00     0.0000e+00  0.0000e+00 
2.1170e+03     0.0000e+00  0.0000e+00     0.0000e+00  0.0000e+00     0.0000e+00  0.0000e+00     0.0000e+00  0.0000e+00 
2.3753e+03     0.0000e+00  0.0000e+00     0.0000e+00  0.0000e+00     0.0000e+00  0.0000e+00     0.0000e+00  0.0000e+00 
2.6651e+03     0.0000e+00  0.0000e+00     0.0000e+00  0.0000e+00     0.0000e+00  0.0000e+00     0.0000e+00  0.0000e+00 
2.9903e+03     0.0000e+00  0.0000e+00     0.0000e+00  0.0000e+00     0.0000e+00  0.0000e+00     0.0000e+00  0.0000e+00 
3.3552e+03     0.0000e+00  0.0000e+00     0.0000e+00  0.0000e+00     0.0000e+00  0.0000e+00     0.0000e+00  0.0000e+00 
3.7646e+03     0.0000e+00  0.0000e+00     0.0000e+00  0.0000e+00     0.0000e+00  0.0000e+00     0.0000e+00  0.0000e+00 
4.2240e+03     0.0000e+00  0.0000e+00     0.0000e+00  0.0000e+00     0.0000e+00  0.0000e+00     0.0000e+00  0.0000e+00 
4.7394e+03     0.0000e+00  0.0000e+00     0.0000e+00  0.0000e+00     0.0000e+00  0.0000e+00     0.0000e+00  0.0000e+00 
5.3176e+03     0.0000e+00  0.0000e+00     0.0000e+00  0.0000e+00     0.0000e+00  0.0000e+00     0.0000e+00  0.0000e+00 
5.9665e+03     0.0000e+00  0.0000e+00     0.0000e+00  0.0000e+00     0.0000e+00  0.0000e+00     0.0000e+00  0.0000e+00 
6.6945e+03     0.0000e+00  0.0000e+00     0.0000e+00  0.0000e+00     0.0000e+00  0.0000e+00     0.0000e+00  0.0000e+00 
7.5114e+03     0.0000e+00  0.0000e+00     0.0000e+00  0.0000e+00     0.0000e+00  0.0000e+00     0.0000e+00  0.0000e+00 
8.4279e+03     0.0000e+00  0.0000e+00     0.0000e+00  0.0000e+00     0.0000e+00  0.0000e+00     0.0000e+00  0.0000e+00 
9.4563e+03     0.0000e+00  0.0000e+00     0.0000e+00  0.0000e+00     0.0000e+00  0.0000e+00     0.0000e+00  0.0000e+00 
