yF = 5.5396e+00 (std: 0.0000e+00) keV/um
yD = 2.4827e+01 (std: 0.0000e+00) keV/um
y (keV/um)     f(y)(std)                  yf(y)(std)                 d(y)(std)                  yd(y)(std)  
1.0610e-01     2.0772e+01  0.0000e+00     2.2040e+00  0.0000e+00     3.9786e-01  0.0000e+00     4.2213e-02  0.0000e+00 
1.1905e-01     1.7655e+00  0.0000e+00     2.1018e-01  0.0000e+00     3.7942e-02  0.0000e+00     4.5168e-03  0.0000e+00 
1.3357e-01     5.9952e-01  0.0000e+00     8.0080e-02  0.0000e+00     1.4456e-02  0.0000e+00     1.9309e-03  0.0000e+00 
1.4987e-01     2.4751e+00  0.0000e+00     3.7095e-01  0.0000e+00     6.6963e-02  0.0000e+00     1.0036e-02  0.0000e+00 
1.6816e-01     9.1114e-01  0.0000e+00     1.5322e-01  0.0000e+00     2.7658e-02  0.0000e+00     4.6510e-03  0.0000e+00 
1.8868e-01     6.7466e-01  0.0000e+00     1.2729e-01  0.0000e+00     2.2979e-02  0.0000e+00     4.3355e-03  0.0000e+00 
2.1170e-01     6.8085e-01  0.0000e+00     1.4414e-01  0.0000e+00     2.6019e-02  0.0000e+00     5.5082e-03  0.0000e+00 
2.3753e-01     6.2985e-01  0.0000e+00     1.4961e-01  0.0000e+00     2.7007e-02  0.0000e+00     6.4150e-03  0.0000e+00 
2.6651e-01     3.3455e-01  0.0000e+00     8.9162e-02  0.0000e+00     1.6095e-02  0.0000e+00     4.2896e-03  0.0000e+00 
2.9903e-01     2.8288e-01  0.0000e+00     8.4589e-02  0.0000e+00     1.5270e-02  0.0000e+00     4.5662e-03  0.0000e+00 
3.3552e-01     1.1894e+00  0.0000e+00     3.9908e-01  0.0000e+00     7.2040e-02  0.0000e+00     2.4171e-02  0.0000e+00 
3.7646e-01     8.7293e-01  0.0000e+00     3.2862e-01  0.0000e+00     5.9322e-02  0.0000e+00     2.2333e-02  0.0000e+00 
4.2240e-01     4.4258e-01  0.0000e+00     1.8694e-01  0.0000e+00     3.3747e-02  0.0000e+00     1.4254e-02  0.0000e+00 
4.7394e-01     4.4070e-01  0.0000e+00     2.0886e-01  0.0000e+00     3.7703e-02  0.0000e+00     1.7869e-02  0.0000e+00 
5.3176e-01     3.0982e-01  0.0000e+00     1.6475e-01  0.0000e+00     2.9741e-02  0.0000e+00     1.5815e-02  0.0000e+00 
5.9665e-01     1.8396e-01  0.0000e+00     1.0976e-01  0.0000e+00     1.9813e-02  0.0000e+00     1.1822e-02  0.0000e+00 
6.6945e-01     2.2946e-01  0.0000e+00     1.5362e-01  0.0000e+00     2.7730e-02  0.0000e+00     1.8564e-02  0.0000e+00 
7.5114e-01     2.1090e-01  0.0000e+00     1.5842e-01  0.0000e+00     2.8597e-02  0.0000e+00     2.1480e-02  0.0000e+00 
8.4279e-01     1.2035e-01  0.0000e+00     1.0143e-01  0.0000e+00     1.8310e-02  0.0000e+00     1.5432e-02  0.0000e+00 
9.4563e-01     7.5080e-02  0.0000e+00     7.0998e-02  0.0000e+00     1.2816e-02  0.0000e+00     1.2119e-02  0.0000e+00 
1.0610e+00     6.0155e-02  0.0000e+00     6.3825e-02  0.0000e+00     1.1521e-02  0.0000e+00     1.2224e-02  0.0000e+00 
1.1905e+00     3.5589e-02  0.0000e+00     4.2368e-02  0.0000e+00     7.6482e-03  0.0000e+00     9.1049e-03  0.0000e+00 
1.3357e+00     2.1858e-02  0.0000e+00     2.9196e-02  0.0000e+00     5.2704e-03  0.0000e+00     7.0399e-03  0.0000e+00 
1.4987e+00     1.2287e-02  0.0000e+00     1.8415e-02  0.0000e+00     3.3243e-03  0.0000e+00     4.9822e-03  0.0000e+00 
1.6816e+00     6.5607e-03  0.0000e+00     1.1032e-02  0.0000e+00     1.9915e-03  0.0000e+00     3.3490e-03  0.0000e+00 
1.8868e+00     2.9903e-03  0.0000e+00     5.6421e-03  0.0000e+00     1.0185e-03  0.0000e+00     1.9217e-03  0.0000e+00 
2.1170e+00     1.2979e-03  0.0000e+00     2.7476e-03  0.0000e+00     4.9599e-04  0.0000e+00     1.0500e-03  0.0000e+00 
2.3753e+00     3.9736e-04  0.0000e+00     9.4384e-04  0.0000e+00     1.7038e-04  0.0000e+00     4.0470e-04  0.0000e+00 
2.6651e+00     1.9675e-04  0.0000e+00     5.2436e-04  0.0000e+00     9.4655e-05  0.0000e+00     2.5227e-04  0.0000e+00 
2.9903e+00     3.5070e-05  0.0000e+00     1.0487e-04  0.0000e+00     1.8931e-05  0.0000e+00     5.6610e-05  0.0000e+00 
3.3552e+00     1.8754e-05  0.0000e+00     6.2923e-05  0.0000e+00     1.1359e-05  0.0000e+00     3.8111e-05  0.0000e+00 
3.7646e+00     5.5714e-06  0.0000e+00     2.0974e-05  0.0000e+00     3.7862e-06  0.0000e+00     1.4254e-05  0.0000e+00 
4.2240e+00     0.0000e+00  0.0000e+00     0.0000e+00  0.0000e+00     0.0000e+00  0.0000e+00     0.0000e+00  0.0000e+00 
4.7394e+00     0.0000e+00  0.0000e+00     0.0000e+00  0.0000e+00     0.0000e+00  0.0000e+00     0.0000e+00  0.0000e+00 
5.3176e+00     0.0000e+00  0.0000e+00     0.0000e+00  0.0000e+00     0.0000e+00  0.0000e+00     0.0000e+00  0.0000e+00 
5.9665e+00     9.3139e-02  0.0000e+00     5.5571e-01  0.0000e+00     1.0032e-01  0.0000e+00     5.9853e-01  0.0000e+00 
6.6945e+00     2.8561e-02  0.0000e+00     1.9120e-01  0.0000e+00     3.4515e-02  0.0000e+00     2.3106e-01  0.0000e+00 
7.5114e+00     7.1093e-03  0.0000e+00     5.3400e-02  0.0000e+00     9.6397e-03  0.0000e+00     7.2407e-02  0.0000e+00 
8.4279e+00     2.5962e-02  0.0000e+00     2.1880e-01  0.0000e+00     3.9498e-02  0.0000e+00     3.3288e-01  0.0000e+00 
9.4563e+00     2.5172e-02  0.0000e+00     2.3804e-01  0.0000e+00     4.2970e-02  0.0000e+00     4.0633e-01  0.0000e+00 
1.0610e+01     3.0233e-02  0.0000e+00     3.2078e-01  0.0000e+00     5.7906e-02  0.0000e+00     6.1439e-01  0.0000e+00 
1.1905e+01     1.9527e-02  0.0000e+00     2.3246e-01  0.0000e+00     4.1963e-02  0.0000e+00     4.9955e-01  0.0000e+00 
1.3357e+01     1.4484e-02  0.0000e+00     1.9347e-01  0.0000e+00     3.4924e-02  0.0000e+00     4.6649e-01  0.0000e+00 
1.4987e+01     9.6648e-03  0.0000e+00     1.4485e-01  0.0000e+00     2.6148e-02  0.0000e+00     3.9188e-01  0.0000e+00 
1.6816e+01     6.9811e-03  0.0000e+00     1.1739e-01  0.0000e+00     2.1191e-02  0.0000e+00     3.5635e-01  0.0000e+00 
1.8868e+01     5.4838e-03  0.0000e+00     1.0347e-01  0.0000e+00     1.8677e-02  0.0000e+00     3.5240e-01  0.0000e+00 
2.1170e+01     5.1054e-03  0.0000e+00     1.0808e-01  0.0000e+00     1.9510e-02  0.0000e+00     4.1303e-01  0.0000e+00 
2.3753e+01     4.5440e-03  0.0000e+00     1.0793e-01  0.0000e+00     1.9484e-02  0.0000e+00     4.6280e-01  0.0000e+00 
2.6651e+01     3.1464e-03  0.0000e+00     8.3855e-02  0.0000e+00     1.5137e-02  0.0000e+00     4.0343e-01  0.0000e+00 
2.9903e+01     2.3069e-03  0.0000e+00     6.8984e-02  0.0000e+00     1.2453e-02  0.0000e+00     3.7238e-01  0.0000e+00 
3.3552e+01     1.9641e-03  0.0000e+00     6.5901e-02  0.0000e+00     1.1896e-02  0.0000e+00     3.9914e-01  0.0000e+00 
3.7646e+01     1.4876e-03  0.0000e+00     5.6001e-02  0.0000e+00     1.0109e-02  0.0000e+00     3.8057e-01  0.0000e+00 
4.2240e+01     1.0378e-03  0.0000e+00     4.3836e-02  0.0000e+00     7.9132e-03  0.0000e+00     3.3425e-01  0.0000e+00 
4.7394e+01     7.8686e-04  0.0000e+00     3.7292e-02  0.0000e+00     6.7319e-03  0.0000e+00     3.1905e-01  0.0000e+00 
5.3176e+01     5.0171e-04  0.0000e+00     2.6679e-02  0.0000e+00     4.8161e-03  0.0000e+00     2.5610e-01  0.0000e+00 
5.9665e+01     3.4591e-04  0.0000e+00     2.0639e-02  0.0000e+00     3.7256e-03  0.0000e+00     2.2229e-01  0.0000e+00 
6.6945e+01     2.3749e-04  0.0000e+00     1.5898e-02  0.0000e+00     2.8700e-03  0.0000e+00     1.9213e-01  0.0000e+00 
7.5114e+01     1.1337e-04  0.0000e+00     8.5155e-03  0.0000e+00     1.5372e-03  0.0000e+00     1.1547e-01  0.0000e+00 
8.4279e+01     6.3959e-05  0.0000e+00     5.3904e-03  0.0000e+00     9.7306e-04  0.0000e+00     8.2008e-02  0.0000e+00 
9.4563e+01     4.0812e-05  0.0000e+00     3.8593e-03  0.0000e+00     6.9666e-04  0.0000e+00     6.5878e-02  0.0000e+00 
1.0610e+02     1.3442e-05  0.0000e+00     1.4262e-03  0.0000e+00     2.5746e-04  0.0000e+00     2.7317e-02  0.0000e+00 
1.1905e+02     5.4617e-06  0.0000e+00     6.5020e-04  0.0000e+00     1.1737e-04  0.0000e+00     1.3973e-02  0.0000e+00 
1.3357e+02     2.0413e-06  0.0000e+00     2.7267e-04  0.0000e+00     4.9221e-05  0.0000e+00     6.5746e-03  0.0000e+00 
1.4987e+02     8.3969e-07  0.0000e+00     1.2585e-04  0.0000e+00     2.2717e-05  0.0000e+00     3.4047e-03  0.0000e+00 
1.6816e+02     1.2473e-07  0.0000e+00     2.0974e-05  0.0000e+00     3.7862e-06  0.0000e+00     6.3668e-04  0.0000e+00 
1.8868e+02     0.0000e+00  0.0000e+00     0.0000e+00  0.0000e+00     0.0000e+00  0.0000e+00     0.0000e+00  0.0000e+00 
2.1170e+02     0.0000e+00  0.0000e+00     0.0000e+00  0.0000e+00     0.0000e+00  0.0000e+00     0.0000e+00  0.0000e+00 
2.3753e+02     0.0000e+00  0.0000e+00     0.0000e+00  0.0000e+00     0.0000e+00  0.0000e+00     0.0000e+00  0.0000e+00 
2.6651e+02     0.0000e+00  0.0000e+00     0.0000e+00  0.0000e+00     0.0000e+00  0.0000e+00     0.0000e+00  0.0000e+00 
2.9903e+02     0.0000e+00  0.0000e+00     0.0000e+00  0.0000e+00     0.0000e+00  0.0000e+00     0.0000e+00  0.0000e+00 
3.3552e+02     0.0000e+00  0.0000e+00     0.0000e+00  0.0000e+00     0.0000e+00  0.0000e+00     0.0000e+00  0.0000e+00 
3.7646e+02     0.0000e+00  0.0000e+00     0.0000e+00  0.0000e+00     0.0000e+00  0.0000e+00     0.0000e+00  0.0000e+00 
4.2240e+02     0.0000e+00  0.0000e+00     0.0000e+00  0.0000e+00     0.0000e+00  0.0000e+00     0.0000e+00  0.0000e+00 
4.7394e+02     0.0000e+00  0.0000e+00     0.0000e+00  0.0000e+00     0.0000e+00  0.0000e+00     0.0000e+00  0.0000e+00 
5.3176e+02     0.0000e+00  0.0000e+00     0.0000e+00  0.0000e+00     0.0000e+00  0.0000e+00     0.0000e+00  0.0000e+00 
5.9665e+02     0.0000e+00  0.0000e+00     0.0000e+00  0.0000e+00     0.0000e+00  0.0000e+00     0.0000e+00  0.0000e+00 
6.6945e+02     0.0000e+00  0.0000e+00     0.0000e+00  0.0000e+00     0.0000e+00  0.0000e+00     0.0000e+00  0.0000e+00 
7.5114e+02     0.0000e+00  0.0000e+00     0.0000e+00  0.0000e+00     0.0000e+00  0.0000e+00     0.0000e+00  0.0000e+00 
8.4279e+02     0.0000e+00  0.0000e+00     0.0000e+00  0.0000e+00     0.0000e+00  0.0000e+00     0.0000e+00  0.0000e+00 
9.4563e+02     0.0000e+00  0.0000e+00     0.0000e+00  0.0000e+00     0.0000e+00  0.0000e+00     0.0000e+00  0.0000e+00 
1.0610e+03     0.0000e+00  0.0000e+00     0.0000e+00  0.0000e+00     0.0000e+00  0.0000e+00     0.0000e+00  0.0000e+00 
1.1905e+03     0.0000e+00  0.0000e+00     0.0000e+00  0.0000e+00     0.0000e+00  0.0000e+00     0.0000e+00  0.0000e+00 
1.3357e+03     0.0000e+00  0.0000e+00     0.0000e+00  0.0000e+00     0.0000e+00  0.0000e+00     0.0000e+00  0.0000e+00 
1.4987e+03     0.0000e+00  0.0000e+00     0.0000e+00  0.0000e+00     0.0000e+00  0.0000e+00     0.0000e+00  0.0000e+00 
1.6816e+03     0.0000e+00  0.0000e+00     0.0000e+00  0.0000e+00     0.0000e+00  0.0000e+00     0.0000e+00  0.0000e+00 
1.8868e+03     0.0000e+00  0.0000e+00     0.0000e+00  0.0000e+00     0.0000e+00  0.0000e+00     0.0000e+00  0.0000e+00 
2.1170e+03     0.0000e+00  0.0000e+00     0.0000e+00  0.0000e+00     0.0000e+00  0.0000e+00     0.0000e+00  0.0000e+00 
2.3753e+03     0.0000e+00  0.0000e+00     0.0000e+00  0.0000e+00     0.0000e+00  0.0000e+00     0.0000e+00  0.0000e+00 
2.6651e+03     0.0000e+00  0.0000e+00     0.0000e+00  0.0000e+00     0.0000e+00  0.0000e+00     0.0000e+00  0.0000e+00 
2.9903e+03     0.0000e+00  0.0000e+00     0.0000e+00  0.0000e+00     0.0000e+00  0.0000e+00     0.0000e+00  0.0000e+00 
3.3552e+03     0.0000e+00  0.0000e+00     0.0000e+00  0.0000e+00     0.0000e+00  0.0000e+00     0.0000e+00  0.0000e+00 
3.7646e+03     0.0000e+00  0.0000e+00     0.0000e+00  0.0000e+00     0.0000e+00  0.0000e+00     0.0000e+00  0.0000e+00 
4.2240e+03     0.0000e+00  0.0000e+00     0.0000e+00  0.0000e+00     0.0000e+00  0.0000e+00     0.0000e+00  0.0000e+00 
4.7394e+03     0.0000e+00  0.0000e+00     0.0000e+00  0.0000e+00     0.0000e+00  0.0000e+00     0.0000e+00  0.0000e+00 
5.3176e+03     0.0000e+00  0.0000e+00     0.0000e+00  0.0000e+00     0.0000e+00  0.0000e+00     0.0000e+00  0.0000e+00 
5.9665e+03     0.0000e+00  0.0000e+00     0.0000e+00  0.0000e+00     0.0000e+00  0.0000e+00     0.0000e+00  0.0000e+00 
6.6945e+03     0.0000e+00  0.0000e+00     0.0000e+00  0.0000e+00     0.0000e+00  0.0000e+00     0.0000e+00  0.0000e+00 
7.5114e+03     0.0000e+00  0.0000e+00     0.0000e+00  0.0000e+00     0.0000e+00  0.0000e+00     0.0000e+00  0.0000e+00 
8.4279e+03     0.0000e+00  0.0000e+00     0.0000e+00  0.0000e+00     0.0000e+00  0.0000e+00     0.0000e+00  0.0000e+00 
9.4563e+03     0.0000e+00  0.0000e+00     0.0000e+00  0.0000e+00     0.0000e+00  0.0000e+00     0.0000e+00  0.0000e+00 
