yF = 4.5365e+00 (std: 0.0000e+00) keV/um
yD = 2.2749e+01 (std: 0.0000e+00) keV/um
y (keV/um)     f(y)(std)                  yf(y)(std)                 d(y)(std)                  yd(y)(std)  
1.0610e-01     2.6539e+01  0.0000e+00     2.8158e+00  0.0000e+00     6.2071e-01  0.0000e+00     6.5858e-02  0.0000e+00 
1.1905e-01     1.8893e+00  0.0000e+00     2.2491e-01  0.0000e+00     4.9579e-02  0.0000e+00     5.9022e-03  0.0000e+00 
1.3357e-01     4.7730e-01  0.0000e+00     6.3755e-02  0.0000e+00     1.4054e-02  0.0000e+00     1.8772e-03  0.0000e+00 
1.4987e-01     2.4224e+00  0.0000e+00     3.6305e-01  0.0000e+00     8.0028e-02  0.0000e+00     1.1994e-02  0.0000e+00 
1.6816e-01     8.3199e-01  0.0000e+00     1.3991e-01  0.0000e+00     3.0840e-02  0.0000e+00     5.1861e-03  0.0000e+00 
1.8868e-01     6.1949e-01  0.0000e+00     1.1688e-01  0.0000e+00     2.5765e-02  0.0000e+00     4.8613e-03  0.0000e+00 
2.1170e-01     6.2741e-01  0.0000e+00     1.3282e-01  0.0000e+00     2.9279e-02  0.0000e+00     6.1983e-03  0.0000e+00 
2.3753e-01     5.2936e-01  0.0000e+00     1.2574e-01  0.0000e+00     2.7717e-02  0.0000e+00     6.5837e-03  0.0000e+00 
2.6651e-01     2.7909e-01  0.0000e+00     7.4381e-02  0.0000e+00     1.6396e-02  0.0000e+00     4.3698e-03  0.0000e+00 
2.9903e-01     2.1913e-01  0.0000e+00     6.5526e-02  0.0000e+00     1.4444e-02  0.0000e+00     4.3193e-03  0.0000e+00 
3.3552e-01     1.4938e+00  0.0000e+00     5.0119e-01  0.0000e+00     1.1048e-01  0.0000e+00     3.7068e-02  0.0000e+00 
3.7646e-01     8.6088e-01  0.0000e+00     3.2409e-01  0.0000e+00     7.1440e-02  0.0000e+00     2.6894e-02  0.0000e+00 
4.2240e-01     3.8153e-01  0.0000e+00     1.6116e-01  0.0000e+00     3.5525e-02  0.0000e+00     1.5006e-02  0.0000e+00 
4.7394e-01     3.6246e-01  0.0000e+00     1.7178e-01  0.0000e+00     3.7867e-02  0.0000e+00     1.7947e-02  0.0000e+00 
5.3176e-01     2.6976e-01  0.0000e+00     1.4345e-01  0.0000e+00     3.1621e-02  0.0000e+00     1.6815e-02  0.0000e+00 
5.9665e-01     1.2466e-01  0.0000e+00     7.4381e-02  0.0000e+00     1.6396e-02  0.0000e+00     9.7827e-03  0.0000e+00 
6.6945e-01     2.0634e-01  0.0000e+00     1.3814e-01  0.0000e+00     3.0450e-02  0.0000e+00     2.0385e-02  0.0000e+00 
7.5114e-01     1.6976e-01  0.0000e+00     1.2751e-01  0.0000e+00     2.8108e-02  0.0000e+00     2.1113e-02  0.0000e+00 
8.4279e-01     7.1445e-02  0.0000e+00     6.0213e-02  0.0000e+00     1.3273e-02  0.0000e+00     1.1186e-02  0.0000e+00 
9.4563e-01     4.4947e-02  0.0000e+00     4.2503e-02  0.0000e+00     9.3692e-03  0.0000e+00     8.8597e-03  0.0000e+00 
1.0610e+00     4.5067e-02  0.0000e+00     4.7816e-02  0.0000e+00     1.0540e-02  0.0000e+00     1.1183e-02  0.0000e+00 
1.1905e+00     2.2314e-02  0.0000e+00     2.6565e-02  0.0000e+00     5.8557e-03  0.0000e+00     6.9711e-03  0.0000e+00 
1.3357e+00     1.0607e-02  0.0000e+00     1.4168e-02  0.0000e+00     3.1231e-03  0.0000e+00     4.1716e-03  0.0000e+00 
1.4987e+00     4.7266e-03  0.0000e+00     7.0839e-03  0.0000e+00     1.5615e-03  0.0000e+00     2.3403e-03  0.0000e+00 
1.6816e+00     6.3189e-03  0.0000e+00     1.0626e-02  0.0000e+00     2.3423e-03  0.0000e+00     3.9388e-03  0.0000e+00 
1.8868e+00     1.8773e-03  0.0000e+00     3.5419e-03  0.0000e+00     7.8077e-04  0.0000e+00     1.4731e-03  0.0000e+00 
2.1170e+00     1.6731e-03  0.0000e+00     3.5419e-03  0.0000e+00     7.8077e-04  0.0000e+00     1.6529e-03  0.0000e+00 
2.3753e+00     0.0000e+00  0.0000e+00     0.0000e+00  0.0000e+00     0.0000e+00  0.0000e+00     0.0000e+00  0.0000e+00 
2.6651e+00     0.0000e+00  0.0000e+00     0.0000e+00  0.0000e+00     0.0000e+00  0.0000e+00     0.0000e+00  0.0000e+00 
2.9903e+00     0.0000e+00  0.0000e+00     0.0000e+00  0.0000e+00     0.0000e+00  0.0000e+00     0.0000e+00  0.0000e+00 
3.3552e+00     0.0000e+00  0.0000e+00     0.0000e+00  0.0000e+00     0.0000e+00  0.0000e+00     0.0000e+00  0.0000e+00 
3.7646e+00     0.0000e+00  0.0000e+00     0.0000e+00  0.0000e+00     0.0000e+00  0.0000e+00     0.0000e+00  0.0000e+00 
4.2240e+00     0.0000e+00  0.0000e+00     0.0000e+00  0.0000e+00     0.0000e+00  0.0000e+00     0.0000e+00  0.0000e+00 
4.7394e+00     0.0000e+00  0.0000e+00     0.0000e+00  0.0000e+00     0.0000e+00  0.0000e+00     0.0000e+00  0.0000e+00 
5.3176e+00     0.0000e+00  0.0000e+00     0.0000e+00  0.0000e+00     0.0000e+00  0.0000e+00     0.0000e+00  0.0000e+00 
5.9665e+00     1.1576e-01  0.0000e+00     6.9068e-01  0.0000e+00     1.5225e-01  0.0000e+00     9.0839e-01  0.0000e+00 
6.6945e+00     2.2486e-02  0.0000e+00     1.5053e-01  0.0000e+00     3.3183e-02  0.0000e+00     2.2214e-01  0.0000e+00 
7.5114e+00     5.8943e-03  0.0000e+00     4.4274e-02  0.0000e+00     9.7596e-03  0.0000e+00     7.3308e-02  0.0000e+00 
8.4279e+00     2.5426e-02  0.0000e+00     2.1429e-01  0.0000e+00     4.7236e-02  0.0000e+00     3.9810e-01  0.0000e+00 
9.4563e+00     1.3484e-02  0.0000e+00     1.2751e-01  0.0000e+00     2.8108e-02  0.0000e+00     2.6579e-01  0.0000e+00 
1.0610e+01     2.2533e-02  0.0000e+00     2.3908e-01  0.0000e+00     5.2702e-02  0.0000e+00     5.5917e-01  0.0000e+00 
1.1905e+01     1.6810e-02  0.0000e+00     2.0012e-01  0.0000e+00     4.4113e-02  0.0000e+00     5.2516e-01  0.0000e+00 
1.3357e+01     2.3998e-02  0.0000e+00     3.2055e-01  0.0000e+00     7.0659e-02  0.0000e+00     9.4382e-01  0.0000e+00 
1.4987e+01     7.4445e-03  0.0000e+00     1.1157e-01  0.0000e+00     2.4594e-02  0.0000e+00     3.6860e-01  0.0000e+00 
1.6816e+01     4.5286e-03  0.0000e+00     7.6152e-02  0.0000e+00     1.6786e-02  0.0000e+00     2.8228e-01  0.0000e+00 
1.8868e+01     4.1300e-03  0.0000e+00     7.7923e-02  0.0000e+00     1.7177e-02  0.0000e+00     3.2409e-01  0.0000e+00 
2.1170e+01     3.6808e-03  0.0000e+00     7.7923e-02  0.0000e+00     1.7177e-02  0.0000e+00     3.6363e-01  0.0000e+00 
2.3753e+01     3.3551e-03  0.0000e+00     7.9694e-02  0.0000e+00     1.7567e-02  0.0000e+00     4.1728e-01  0.0000e+00 
2.6651e+01     2.2593e-03  0.0000e+00     6.0213e-02  0.0000e+00     1.3273e-02  0.0000e+00     3.5374e-01  0.0000e+00 
2.9903e+01     1.4214e-03  0.0000e+00     4.2503e-02  0.0000e+00     9.3692e-03  0.0000e+00     2.8017e-01  0.0000e+00 
3.3552e+01     1.3196e-03  0.0000e+00     4.4274e-02  0.0000e+00     9.7596e-03  0.0000e+00     3.2745e-01  0.0000e+00 
3.7646e+01     1.2231e-03  0.0000e+00     4.6045e-02  0.0000e+00     1.0150e-02  0.0000e+00     3.8211e-01  0.0000e+00 
4.2240e+01     6.7083e-04  0.0000e+00     2.8336e-02  0.0000e+00     6.2461e-03  0.0000e+00     2.6383e-01  0.0000e+00 
4.7394e+01     7.0998e-04  0.0000e+00     3.3649e-02  0.0000e+00     7.4173e-03  0.0000e+00     3.5153e-01  0.0000e+00 
5.3176e+01     2.6643e-04  0.0000e+00     1.4168e-02  0.0000e+00     3.1231e-03  0.0000e+00     1.6607e-01  0.0000e+00 
5.9665e+01     1.7809e-04  0.0000e+00     1.0626e-02  0.0000e+00     2.3423e-03  0.0000e+00     1.3975e-01  0.0000e+00 
6.6945e+01     1.3227e-04  0.0000e+00     8.8549e-03  0.0000e+00     1.9519e-03  0.0000e+00     1.3067e-01  0.0000e+00 
7.5114e+01     7.0732e-05  0.0000e+00     5.3129e-03  0.0000e+00     1.1711e-03  0.0000e+00     8.7969e-02  0.0000e+00 
8.4279e+01     2.1013e-05  0.0000e+00     1.7710e-03  0.0000e+00     3.9038e-04  0.0000e+00     3.2901e-02  0.0000e+00 
9.4563e+01     5.6184e-05  0.0000e+00     5.3129e-03  0.0000e+00     1.1711e-03  0.0000e+00     1.1075e-01  0.0000e+00 
1.0610e+02     3.3383e-05  0.0000e+00     3.5419e-03  0.0000e+00     7.8077e-04  0.0000e+00     8.2840e-02  0.0000e+00 
1.1905e+02     0.0000e+00  0.0000e+00     0.0000e+00  0.0000e+00     0.0000e+00  0.0000e+00     0.0000e+00  0.0000e+00 
1.3357e+02     0.0000e+00  0.0000e+00     0.0000e+00  0.0000e+00     0.0000e+00  0.0000e+00     0.0000e+00  0.0000e+00 
1.4987e+02     0.0000e+00  0.0000e+00     0.0000e+00  0.0000e+00     0.0000e+00  0.0000e+00     0.0000e+00  0.0000e+00 
1.6816e+02     0.0000e+00  0.0000e+00     0.0000e+00  0.0000e+00     0.0000e+00  0.0000e+00     0.0000e+00  0.0000e+00 
1.8868e+02     0.0000e+00  0.0000e+00     0.0000e+00  0.0000e+00     0.0000e+00  0.0000e+00     0.0000e+00  0.0000e+00 
2.1170e+02     0.0000e+00  0.0000e+00     0.0000e+00  0.0000e+00     0.0000e+00  0.0000e+00     0.0000e+00  0.0000e+00 
2.3753e+02     0.0000e+00  0.0000e+00     0.0000e+00  0.0000e+00     0.0000e+00  0.0000e+00     0.0000e+00  0.0000e+00 
2.6651e+02     0.0000e+00  0.0000e+00     0.0000e+00  0.0000e+00     0.0000e+00  0.0000e+00     0.0000e+00  0.0000e+00 
2.9903e+02     0.0000e+00  0.0000e+00     0.0000e+00  0.0000e+00     0.0000e+00  0.0000e+00     0.0000e+00  0.0000e+00 
3.3552e+02     0.0000e+00  0.0000e+00     0.0000e+00  0.0000e+00     0.0000e+00  0.0000e+00     0.0000e+00  0.0000e+00 
3.7646e+02     0.0000e+00  0.0000e+00     0.0000e+00  0.0000e+00     0.0000e+00  0.0000e+00     0.0000e+00  0.0000e+00 
4.2240e+02     0.0000e+00  0.0000e+00     0.0000e+00  0.0000e+00     0.0000e+00  0.0000e+00     0.0000e+00  0.0000e+00 
4.7394e+02     0.0000e+00  0.0000e+00     0.0000e+00  0.0000e+00     0.0000e+00  0.0000e+00     0.0000e+00  0.0000e+00 
5.3176e+02     0.0000e+00  0.0000e+00     0.0000e+00  0.0000e+00     0.0000e+00  0.0000e+00     0.0000e+00  0.0000e+00 
5.9665e+02     0.0000e+00  0.0000e+00     0.0000e+00  0.0000e+00     0.0000e+00  0.0000e+00     0.0000e+00  0.0000e+00 
6.6945e+02     0.0000e+00  0.0000e+00     0.0000e+00  0.0000e+00     0.0000e+00  0.0000e+00     0.0000e+00  0.0000e+00 
7.5114e+02     0.0000e+00  0.0000e+00     0.0000e+00  0.0000e+00     0.0000e+00  0.0000e+00     0.0000e+00  0.0000e+00 
8.4279e+02     0.0000e+00  0.0000e+00     0.0000e+00  0.0000e+00     0.0000e+00  0.0000e+00     0.0000e+00  0.0000e+00 
9.4563e+02     0.0000e+00  0.0000e+00     0.0000e+00  0.0000e+00     0.0000e+00  0.0000e+00     0.0000e+00  0.0000e+00 
1.0610e+03     0.0000e+00  0.0000e+00     0.0000e+00  0.0000e+00     0.0000e+00  0.0000e+00     0.0000e+00  0.0000e+00 
1.1905e+03     0.0000e+00  0.0000e+00     0.0000e+00  0.0000e+00     0.0000e+00  0.0000e+00     0.0000e+00  0.0000e+00 
1.3357e+03     0.0000e+00  0.0000e+00     0.0000e+00  0.0000e+00     0.0000e+00  0.0000e+00     0.0000e+00  0.0000e+00 
1.4987e+03     0.0000e+00  0.0000e+00     0.0000e+00  0.0000e+00     0.0000e+00  0.0000e+00     0.0000e+00  0.0000e+00 
1.6816e+03     0.0000e+00  0.0000e+00     0.0000e+00  0.0000e+00     0.0000e+00  0.0000e+00     0.0000e+00  0.0000e+00 
1.8868e+03     0.0000e+00  0.0000e+00     0.0000e+00  0.0000e+00     0.0000e+00  0.0000e+00     0.0000e+00  0.0000e+00 
2.1170e+03     0.0000e+00  0.0000e+00     0.0000e+00  0.0000e+00     0.0000e+00  0.0000e+00     0.0000e+00  0.0000e+00 
2.3753e+03     0.0000e+00  0.0000e+00     0.0000e+00  0.0000e+00     0.0000e+00  0.0000e+00     0.0000e+00  0.0000e+00 
2.6651e+03     0.0000e+00  0.0000e+00     0.0000e+00  0.0000e+00     0.0000e+00  0.0000e+00     0.0000e+00  0.0000e+00 
2.9903e+03     0.0000e+00  0.0000e+00     0.0000e+00  0.0000e+00     0.0000e+00  0.0000e+00     0.0000e+00  0.0000e+00 
3.3552e+03     0.0000e+00  0.0000e+00     0.0000e+00  0.0000e+00     0.0000e+00  0.0000e+00     0.0000e+00  0.0000e+00 
3.7646e+03     0.0000e+00  0.0000e+00     0.0000e+00  0.0000e+00     0.0000e+00  0.0000e+00     0.0000e+00  0.0000e+00 
4.2240e+03     0.0000e+00  0.0000e+00     0.0000e+00  0.0000e+00     0.0000e+00  0.0000e+00     0.0000e+00  0.0000e+00 
4.7394e+03     0.0000e+00  0.0000e+00     0.0000e+00  0.0000e+00     0.0000e+00  0.0000e+00     0.0000e+00  0.0000e+00 
5.3176e+03     0.0000e+00  0.0000e+00     0.0000e+00  0.0000e+00     0.0000e+00  0.0000e+00     0.0000e+00  0.0000e+00 
5.9665e+03     0.0000e+00  0.0000e+00     0.0000e+00  0.0000e+00     0.0000e+00  0.0000e+00     0.0000e+00  0.0000e+00 
6.6945e+03     0.0000e+00  0.0000e+00     0.0000e+00  0.0000e+00     0.0000e+00  0.0000e+00     0.0000e+00  0.0000e+00 
7.5114e+03     0.0000e+00  0.0000e+00     0.0000e+00  0.0000e+00     0.0000e+00  0.0000e+00     0.0000e+00  0.0000e+00 
8.4279e+03     0.0000e+00  0.0000e+00     0.0000e+00  0.0000e+00     0.0000e+00  0.0000e+00     0.0000e+00  0.0000e+00 
9.4563e+03     0.0000e+00  0.0000e+00     0.0000e+00  0.0000e+00     0.0000e+00  0.0000e+00     0.0000e+00  0.0000e+00 
