yF = 1.9172e+01 (std: 0.0000e+00) keV/um
yD = 4.1751e+01 (std: 0.0000e+00) keV/um
y (keV/um)     f(y)(std)                  yf(y)(std)                 d(y)(std)                  yd(y)(std)  
1.0610e-01     4.8420e+00  0.0000e+00     5.1375e-01  0.0000e+00     2.6796e-02  0.0000e+00     2.8431e-03  0.0000e+00 
1.1905e-01     5.5990e-01  0.0000e+00     6.6655e-02  0.0000e+00     3.4766e-03  0.0000e+00     4.1388e-04  0.0000e+00 
1.3357e-01     2.8779e-01  0.0000e+00     3.8441e-02  0.0000e+00     2.0050e-03  0.0000e+00     2.6782e-04  0.0000e+00 
1.4987e-01     7.2937e-01  0.0000e+00     1.0931e-01  0.0000e+00     5.7015e-03  0.0000e+00     8.5450e-04  0.0000e+00 
1.6816e-01     3.8887e-01  0.0000e+00     6.5393e-02  0.0000e+00     3.4108e-03  0.0000e+00     5.7355e-04  0.0000e+00 
1.8868e-01     3.2741e-01  0.0000e+00     6.1775e-02  0.0000e+00     3.2221e-03  0.0000e+00     6.0793e-04  0.0000e+00 
2.1170e-01     3.3203e-01  0.0000e+00     7.0291e-02  0.0000e+00     3.6663e-03  0.0000e+00     7.7615e-04  0.0000e+00 
2.3753e-01     3.2808e-01  0.0000e+00     7.7929e-02  0.0000e+00     4.0647e-03  0.0000e+00     9.6548e-04  0.0000e+00 
2.6651e-01     2.1976e-01  0.0000e+00     5.8568e-02  0.0000e+00     3.0548e-03  0.0000e+00     8.1415e-04  0.0000e+00 
2.9903e-01     1.9949e-01  0.0000e+00     5.9653e-02  0.0000e+00     3.1114e-03  0.0000e+00     9.3041e-04  0.0000e+00 
3.3552e-01     3.6932e-01  0.0000e+00     1.2391e-01  0.0000e+00     6.4632e-03  0.0000e+00     2.1685e-03  0.0000e+00 
3.7646e-01     3.3730e-01  0.0000e+00     1.2698e-01  0.0000e+00     6.6231e-03  0.0000e+00     2.4933e-03  0.0000e+00 
4.2240e-01     2.3971e-01  0.0000e+00     1.0125e-01  0.0000e+00     5.2812e-03  0.0000e+00     2.2308e-03  0.0000e+00 
4.7394e-01     2.4027e-01  0.0000e+00     1.1387e-01  0.0000e+00     5.9395e-03  0.0000e+00     2.8149e-03  0.0000e+00 
5.3176e-01     2.1996e-01  0.0000e+00     1.1697e-01  0.0000e+00     6.1009e-03  0.0000e+00     3.2442e-03  0.0000e+00 
5.9665e-01     1.5974e-01  0.0000e+00     9.5308e-02  0.0000e+00     4.9711e-03  0.0000e+00     2.9660e-03  0.0000e+00 
6.6945e-01     1.4794e-01  0.0000e+00     9.9038e-02  0.0000e+00     5.1657e-03  0.0000e+00     3.4582e-03  0.0000e+00 
7.5114e-01     1.4939e-01  0.0000e+00     1.1221e-01  0.0000e+00     5.8527e-03  0.0000e+00     4.3962e-03  0.0000e+00 
8.4279e-01     1.1441e-01  0.0000e+00     9.6420e-02  0.0000e+00     5.0291e-03  0.0000e+00     4.2385e-03  0.0000e+00 
9.4563e-01     8.8767e-02  0.0000e+00     8.3940e-02  0.0000e+00     4.3782e-03  0.0000e+00     4.1401e-03  0.0000e+00 
1.0610e+00     6.9483e-02  0.0000e+00     7.3722e-02  0.0000e+00     3.8452e-03  0.0000e+00     4.0798e-03  0.0000e+00 
1.1905e+00     5.4302e-02  0.0000e+00     6.4645e-02  0.0000e+00     3.3718e-03  0.0000e+00     4.0140e-03  0.0000e+00 
1.3357e+00     3.8276e-02  0.0000e+00     5.1127e-02  0.0000e+00     2.6667e-03  0.0000e+00     3.5620e-03  0.0000e+00 
1.4987e+00     2.6211e-02  0.0000e+00     3.9282e-02  0.0000e+00     2.0489e-03  0.0000e+00     3.0707e-03  0.0000e+00 
1.6816e+00     1.6617e-02  0.0000e+00     2.7943e-02  0.0000e+00     1.4574e-03  0.0000e+00     2.4508e-03  0.0000e+00 
1.8868e+00     1.0360e-02  0.0000e+00     1.9548e-02  0.0000e+00     1.0196e-03  0.0000e+00     1.9237e-03  0.0000e+00 
2.1170e+00     5.5950e-03  0.0000e+00     1.1845e-02  0.0000e+00     6.1779e-04  0.0000e+00     1.3079e-03  0.0000e+00 
2.3753e+00     2.8613e-03  0.0000e+00     6.7963e-03  0.0000e+00     3.5449e-04  0.0000e+00     8.4202e-04  0.0000e+00 
2.6651e+00     1.3996e-03  0.0000e+00     3.7300e-03  0.0000e+00     1.9455e-04  0.0000e+00     5.1851e-04  0.0000e+00 
2.9903e+00     5.7835e-04  0.0000e+00     1.7295e-03  0.0000e+00     9.0207e-05  0.0000e+00     2.6975e-04  0.0000e+00 
3.3552e+00     2.3405e-04  0.0000e+00     7.8527e-04  0.0000e+00     4.0959e-05  0.0000e+00     1.3742e-04  0.0000e+00 
3.7646e+00     6.2081e-05  0.0000e+00     2.3371e-04  0.0000e+00     1.2190e-05  0.0000e+00     4.5891e-05  0.0000e+00 
4.2240e+00     1.7706e-05  0.0000e+00     7.4788e-05  0.0000e+00     3.9008e-06  0.0000e+00     1.6477e-05  0.0000e+00 
4.7394e+00     3.9450e-06  0.0000e+00     1.8697e-05  0.0000e+00     9.7521e-07  0.0000e+00     4.6219e-06  0.0000e+00 
5.3176e+00     1.7580e-06  0.0000e+00     9.3485e-06  0.0000e+00     4.8760e-07  0.0000e+00     2.5929e-06  0.0000e+00 
5.9665e+00     3.0254e-02  0.0000e+00     1.8051e-01  0.0000e+00     9.4151e-03  0.0000e+00     5.6175e-02  0.0000e+00 
6.6945e+00     2.6185e-02  0.0000e+00     1.7529e-01  0.0000e+00     9.1431e-03  0.0000e+00     6.1208e-02  0.0000e+00 
7.5114e+00     9.2572e-03  0.0000e+00     6.9534e-02  0.0000e+00     3.6268e-03  0.0000e+00     2.7242e-02  0.0000e+00 
8.4279e+00     2.4064e-02  0.0000e+00     2.0281e-01  0.0000e+00     1.0578e-02  0.0000e+00     8.9151e-02  0.0000e+00 
9.4563e+00     3.0106e-02  0.0000e+00     2.8469e-01  0.0000e+00     1.4849e-02  0.0000e+00     1.4042e-01  0.0000e+00 
1.0610e+01     5.1883e-02  0.0000e+00     5.5049e-01  0.0000e+00     2.8713e-02  0.0000e+00     3.0464e-01  0.0000e+00 
1.1905e+01     3.0984e-02  0.0000e+00     3.6885e-01  0.0000e+00     1.9239e-02  0.0000e+00     2.2903e-01  0.0000e+00 
1.3357e+01     2.2638e-02  0.0000e+00     3.0239e-01  0.0000e+00     1.5772e-02  0.0000e+00     2.1067e-01  0.0000e+00 
1.4987e+01     1.7469e-02  0.0000e+00     2.6181e-01  0.0000e+00     1.3656e-02  0.0000e+00     2.0466e-01  0.0000e+00 
1.6816e+01     1.7839e-02  0.0000e+00     2.9998e-01  0.0000e+00     1.5647e-02  0.0000e+00     2.6311e-01  0.0000e+00 
1.8868e+01     1.5359e-02  0.0000e+00     2.8979e-01  0.0000e+00     1.5115e-02  0.0000e+00     2.8519e-01  0.0000e+00 
2.1170e+01     1.7436e-02  0.0000e+00     3.6912e-01  0.0000e+00     1.9253e-02  0.0000e+00     4.0758e-01  0.0000e+00 
2.3753e+01     1.5793e-02  0.0000e+00     3.7514e-01  0.0000e+00     1.9567e-02  0.0000e+00     4.6477e-01  0.0000e+00 
2.6651e+01     1.2396e-02  0.0000e+00     3.3037e-01  0.0000e+00     1.7231e-02  0.0000e+00     4.5924e-01  0.0000e+00 
2.9903e+01     1.0339e-02  0.0000e+00     3.0917e-01  0.0000e+00     1.6126e-02  0.0000e+00     4.8222e-01  0.0000e+00 
3.3552e+01     9.4220e-03  0.0000e+00     3.1613e-01  0.0000e+00     1.6489e-02  0.0000e+00     5.5323e-01  0.0000e+00 
3.7646e+01     7.6902e-03  0.0000e+00     2.8950e-01  0.0000e+00     1.5100e-02  0.0000e+00     5.6846e-01  0.0000e+00 
4.2240e+01     6.0653e-03  0.0000e+00     2.5620e-01  0.0000e+00     1.3363e-02  0.0000e+00     5.6444e-01  0.0000e+00 
4.7394e+01     4.8668e-03  0.0000e+00     2.3066e-01  0.0000e+00     1.2031e-02  0.0000e+00     5.7017e-01  0.0000e+00 
5.3176e+01     3.7120e-03  0.0000e+00     1.9739e-01  0.0000e+00     1.0296e-02  0.0000e+00     5.4749e-01  0.0000e+00 
5.9665e+01     2.6671e-03  0.0000e+00     1.5913e-01  0.0000e+00     8.3000e-03  0.0000e+00     4.9522e-01  0.0000e+00 
6.6945e+01     1.8457e-03  0.0000e+00     1.2356e-01  0.0000e+00     6.4447e-03  0.0000e+00     4.3144e-01  0.0000e+00 
7.5114e+01     1.2739e-03  0.0000e+00     9.5691e-02  0.0000e+00     4.9911e-03  0.0000e+00     3.7490e-01  0.0000e+00 
8.4279e+01     7.9365e-04  0.0000e+00     6.6888e-02  0.0000e+00     3.4888e-03  0.0000e+00     2.9403e-01  0.0000e+00 
9.4563e+01     4.6138e-04  0.0000e+00     4.3629e-02  0.0000e+00     2.2756e-03  0.0000e+00     2.1519e-01  0.0000e+00 
1.0610e+02     2.4635e-04  0.0000e+00     2.6138e-02  0.0000e+00     1.3633e-03  0.0000e+00     1.4465e-01  0.0000e+00 
1.1905e+02     1.2588e-04  0.0000e+00     1.4986e-02  0.0000e+00     7.8163e-04  0.0000e+00     9.3051e-02  0.0000e+00 
1.3357e+02     5.3471e-05  0.0000e+00     7.1422e-03  0.0000e+00     3.7253e-04  0.0000e+00     4.9760e-02  0.0000e+00 
1.4987e+02     2.2456e-05  0.0000e+00     3.3655e-03  0.0000e+00     1.7554e-04  0.0000e+00     2.6308e-02  0.0000e+00 
1.6816e+02     7.6163e-06  0.0000e+00     1.2807e-03  0.0000e+00     6.6802e-05  0.0000e+00     1.1233e-02  0.0000e+00 
1.8868e+02     2.4774e-06  0.0000e+00     4.6742e-04  0.0000e+00     2.4380e-05  0.0000e+00     4.6000e-03  0.0000e+00 
2.1170e+02     8.8319e-07  0.0000e+00     1.8697e-04  0.0000e+00     9.7521e-06  0.0000e+00     2.0645e-03  0.0000e+00 
2.3753e+02     1.1807e-07  0.0000e+00     2.8045e-05  0.0000e+00     1.4628e-06  0.0000e+00     3.4746e-04  0.0000e+00 
2.6651e+02     3.5077e-08  0.0000e+00     9.3485e-06  0.0000e+00     4.8760e-07  0.0000e+00     1.2995e-04  0.0000e+00 
2.9903e+02     0.0000e+00  0.0000e+00     0.0000e+00  0.0000e+00     0.0000e+00  0.0000e+00     0.0000e+00  0.0000e+00 
3.3552e+02     0.0000e+00  0.0000e+00     0.0000e+00  0.0000e+00     0.0000e+00  0.0000e+00     0.0000e+00  0.0000e+00 
3.7646e+02     0.0000e+00  0.0000e+00     0.0000e+00  0.0000e+00     0.0000e+00  0.0000e+00     0.0000e+00  0.0000e+00 
4.2240e+02     0.0000e+00  0.0000e+00     0.0000e+00  0.0000e+00     0.0000e+00  0.0000e+00     0.0000e+00  0.0000e+00 
4.7394e+02     0.0000e+00  0.0000e+00     0.0000e+00  0.0000e+00     0.0000e+00  0.0000e+00     0.0000e+00  0.0000e+00 
5.3176e+02     0.0000e+00  0.0000e+00     0.0000e+00  0.0000e+00     0.0000e+00  0.0000e+00     0.0000e+00  0.0000e+00 
5.9665e+02     0.0000e+00  0.0000e+00     0.0000e+00  0.0000e+00     0.0000e+00  0.0000e+00     0.0000e+00  0.0000e+00 
6.6945e+02     0.0000e+00  0.0000e+00     0.0000e+00  0.0000e+00     0.0000e+00  0.0000e+00     0.0000e+00  0.0000e+00 
7.5114e+02     0.0000e+00  0.0000e+00     0.0000e+00  0.0000e+00     0.0000e+00  0.0000e+00     0.0000e+00  0.0000e+00 
8.4279e+02     0.0000e+00  0.0000e+00     0.0000e+00  0.0000e+00     0.0000e+00  0.0000e+00     0.0000e+00  0.0000e+00 
9.4563e+02     0.0000e+00  0.0000e+00     0.0000e+00  0.0000e+00     0.0000e+00  0.0000e+00     0.0000e+00  0.0000e+00 
1.0610e+03     0.0000e+00  0.0000e+00     0.0000e+00  0.0000e+00     0.0000e+00  0.0000e+00     0.0000e+00  0.0000e+00 
1.1905e+03     0.0000e+00  0.0000e+00     0.0000e+00  0.0000e+00     0.0000e+00  0.0000e+00     0.0000e+00  0.0000e+00 
1.3357e+03     0.0000e+00  0.0000e+00     0.0000e+00  0.0000e+00     0.0000e+00  0.0000e+00     0.0000e+00  0.0000e+00 
1.4987e+03     0.0000e+00  0.0000e+00     0.0000e+00  0.0000e+00     0.0000e+00  0.0000e+00     0.0000e+00  0.0000e+00 
1.6816e+03     0.0000e+00  0.0000e+00     0.0000e+00  0.0000e+00     0.0000e+00  0.0000e+00     0.0000e+00  0.0000e+00 
1.8868e+03     0.0000e+00  0.0000e+00     0.0000e+00  0.0000e+00     0.0000e+00  0.0000e+00     0.0000e+00  0.0000e+00 
2.1170e+03     0.0000e+00  0.0000e+00     0.0000e+00  0.0000e+00     0.0000e+00  0.0000e+00     0.0000e+00  0.0000e+00 
2.3753e+03     0.0000e+00  0.0000e+00     0.0000e+00  0.0000e+00     0.0000e+00  0.0000e+00     0.0000e+00  0.0000e+00 
2.6651e+03     0.0000e+00  0.0000e+00     0.0000e+00  0.0000e+00     0.0000e+00  0.0000e+00     0.0000e+00  0.0000e+00 
2.9903e+03     0.0000e+00  0.0000e+00     0.0000e+00  0.0000e+00     0.0000e+00  0.0000e+00     0.0000e+00  0.0000e+00 
3.3552e+03     0.0000e+00  0.0000e+00     0.0000e+00  0.0000e+00     0.0000e+00  0.0000e+00     0.0000e+00  0.0000e+00 
3.7646e+03     0.0000e+00  0.0000e+00     0.0000e+00  0.0000e+00     0.0000e+00  0.0000e+00     0.0000e+00  0.0000e+00 
4.2240e+03     0.0000e+00  0.0000e+00     0.0000e+00  0.0000e+00     0.0000e+00  0.0000e+00     0.0000e+00  0.0000e+00 
4.7394e+03     0.0000e+00  0.0000e+00     0.0000e+00  0.0000e+00     0.0000e+00  0.0000e+00     0.0000e+00  0.0000e+00 
5.3176e+03     0.0000e+00  0.0000e+00     0.0000e+00  0.0000e+00     0.0000e+00  0.0000e+00     0.0000e+00  0.0000e+00 
5.9665e+03     0.0000e+00  0.0000e+00     0.0000e+00  0.0000e+00     0.0000e+00  0.0000e+00     0.0000e+00  0.0000e+00 
6.6945e+03     0.0000e+00  0.0000e+00     0.0000e+00  0.0000e+00     0.0000e+00  0.0000e+00     0.0000e+00  0.0000e+00 
7.5114e+03     0.0000e+00  0.0000e+00     0.0000e+00  0.0000e+00     0.0000e+00  0.0000e+00     0.0000e+00  0.0000e+00 
8.4279e+03     0.0000e+00  0.0000e+00     0.0000e+00  0.0000e+00     0.0000e+00  0.0000e+00     0.0000e+00  0.0000e+00 
9.4563e+03     0.0000e+00  0.0000e+00     0.0000e+00  0.0000e+00     0.0000e+00  0.0000e+00     0.0000e+00  0.0000e+00 
