yF = 1.4676e+01 (std: 0.0000e+00) keV/um
yD = 3.5063e+01 (std: 0.0000e+00) keV/um
y (keV/um)     f(y)(std)                  yf(y)(std)                 d(y)(std)                  yd(y)(std)  
1.0610e-01     8.4751e+00  0.0000e+00     8.9921e-01  0.0000e+00     6.1271e-02  0.0000e+00     6.5009e-03  0.0000e+00 
1.1905e-01     8.7989e-01  0.0000e+00     1.0475e-01  0.0000e+00     7.1374e-03  0.0000e+00     8.4969e-04  0.0000e+00 
1.3357e-01     3.8561e-01  0.0000e+00     5.1507e-02  0.0000e+00     3.5096e-03  0.0000e+00     4.6879e-04  0.0000e+00 
1.4987e-01     1.1544e+00  0.0000e+00     1.7301e-01  0.0000e+00     1.1789e-02  0.0000e+00     1.7668e-03  0.0000e+00 
1.6816e-01     5.2159e-01  0.0000e+00     8.7709e-02  0.0000e+00     5.9764e-03  0.0000e+00     1.0050e-03  0.0000e+00 
1.8868e-01     4.2699e-01  0.0000e+00     8.0563e-02  0.0000e+00     5.4895e-03  0.0000e+00     1.0357e-03  0.0000e+00 
2.1170e-01     4.2269e-01  0.0000e+00     8.9483e-02  0.0000e+00     6.0973e-03  0.0000e+00     1.2908e-03  0.0000e+00 
2.3753e-01     4.0989e-01  0.0000e+00     9.7361e-02  0.0000e+00     6.6341e-03  0.0000e+00     1.5758e-03  0.0000e+00 
2.6651e-01     2.4734e-01  0.0000e+00     6.5920e-02  0.0000e+00     4.4917e-03  0.0000e+00     1.1971e-03  0.0000e+00 
2.9903e-01     2.1766e-01  0.0000e+00     6.5088e-02  0.0000e+00     4.4350e-03  0.0000e+00     1.3262e-03  0.0000e+00 
3.3552e-01     5.1811e-01  0.0000e+00     1.7384e-01  0.0000e+00     1.1845e-02  0.0000e+00     3.9742e-03  0.0000e+00 
3.7646e-01     4.4337e-01  0.0000e+00     1.6691e-01  0.0000e+00     1.1373e-02  0.0000e+00     4.2815e-03  0.0000e+00 
4.2240e-01     2.8759e-01  0.0000e+00     1.2148e-01  0.0000e+00     8.2772e-03  0.0000e+00     3.4963e-03  0.0000e+00 
4.7394e-01     2.7710e-01  0.0000e+00     1.3133e-01  0.0000e+00     8.9485e-03  0.0000e+00     4.2410e-03  0.0000e+00 
5.3176e-01     2.3330e-01  0.0000e+00     1.2406e-01  0.0000e+00     8.4534e-03  0.0000e+00     4.4952e-03  0.0000e+00 
5.9665e-01     1.5305e-01  0.0000e+00     9.1318e-02  0.0000e+00     6.2222e-03  0.0000e+00     3.7125e-03  0.0000e+00 
6.6945e-01     1.5419e-01  0.0000e+00     1.0322e-01  0.0000e+00     7.0336e-03  0.0000e+00     4.7086e-03  0.0000e+00 
7.5114e-01     1.5073e-01  0.0000e+00     1.1322e-01  0.0000e+00     7.7145e-03  0.0000e+00     5.7946e-03  0.0000e+00 
8.4279e-01     1.0183e-01  0.0000e+00     8.5825e-02  0.0000e+00     5.8480e-03  0.0000e+00     4.9286e-03  0.0000e+00 
9.4563e-01     7.2615e-02  0.0000e+00     6.8666e-02  0.0000e+00     4.6788e-03  0.0000e+00     4.4244e-03  0.0000e+00 
1.0610e+00     5.3552e-02  0.0000e+00     5.6819e-02  0.0000e+00     3.8716e-03  0.0000e+00     4.1078e-03  0.0000e+00 
1.1905e+00     3.7979e-02  0.0000e+00     4.5213e-02  0.0000e+00     3.0807e-03  0.0000e+00     3.6675e-03  0.0000e+00 
1.3357e+00     2.4889e-02  0.0000e+00     3.3246e-02  0.0000e+00     2.2653e-03  0.0000e+00     3.0258e-03  0.0000e+00 
1.4987e+00     1.4987e-02  0.0000e+00     2.2461e-02  0.0000e+00     1.5305e-03  0.0000e+00     2.2937e-03  0.0000e+00 
1.6816e+00     8.6365e-03  0.0000e+00     1.4523e-02  0.0000e+00     9.8958e-04  0.0000e+00     1.6641e-03  0.0000e+00 
1.8868e+00     4.6853e-03  0.0000e+00     8.8401e-03  0.0000e+00     6.0235e-04  0.0000e+00     1.1365e-03  0.0000e+00 
2.1170e+00     2.4477e-03  0.0000e+00     5.1818e-03  0.0000e+00     3.5308e-04  0.0000e+00     7.4746e-04  0.0000e+00 
2.3753e+00     1.0422e-03  0.0000e+00     2.4756e-03  0.0000e+00     1.6869e-04  0.0000e+00     4.0068e-04  0.0000e+00 
2.6651e+00     4.0240e-04  0.0000e+00     1.0724e-03  0.0000e+00     7.3074e-05  0.0000e+00     1.9475e-04  0.0000e+00 
2.9903e+00     1.3742e-04  0.0000e+00     4.1093e-04  0.0000e+00     2.8000e-05  0.0000e+00     8.3731e-05  0.0000e+00 
3.3552e+00     3.5847e-05  0.0000e+00     1.2027e-04  0.0000e+00     8.1953e-06  0.0000e+00     2.7497e-05  0.0000e+00 
3.7646e+00     5.3248e-06  0.0000e+00     2.0046e-05  0.0000e+00     1.3659e-06  0.0000e+00     5.1420e-06  0.0000e+00 
4.2240e+00     0.0000e+00  0.0000e+00     0.0000e+00  0.0000e+00     0.0000e+00  0.0000e+00     0.0000e+00  0.0000e+00 
4.7394e+00     6.3444e-06  0.0000e+00     3.0068e-05  0.0000e+00     2.0488e-06  0.0000e+00     9.7101e-06  0.0000e+00 
5.3176e+00     0.0000e+00  0.0000e+00     0.0000e+00  0.0000e+00     0.0000e+00  0.0000e+00     0.0000e+00  0.0000e+00 
5.9665e+00     5.2421e-02  0.0000e+00     3.1277e-01  0.0000e+00     2.1312e-02  0.0000e+00     1.2716e-01  0.0000e+00 
6.6945e+00     2.9493e-02  0.0000e+00     1.9744e-01  0.0000e+00     1.3453e-02  0.0000e+00     9.0063e-02  0.0000e+00 
7.5114e+00     8.7814e-03  0.0000e+00     6.5960e-02  0.0000e+00     4.4944e-03  0.0000e+00     3.3759e-02  0.0000e+00 
8.4279e+00     3.6670e-02  0.0000e+00     3.0905e-01  0.0000e+00     2.1058e-02  0.0000e+00     1.7748e-01  0.0000e+00 
9.4563e+00     3.0771e-02  0.0000e+00     2.9098e-01  0.0000e+00     1.9827e-02  0.0000e+00     1.8749e-01  0.0000e+00 
1.0610e+01     4.2542e-02  0.0000e+00     4.5138e-01  0.0000e+00     3.0756e-02  0.0000e+00     3.2633e-01  0.0000e+00 
1.1905e+01     3.1136e-02  0.0000e+00     3.7066e-01  0.0000e+00     2.5256e-02  0.0000e+00     3.0067e-01  0.0000e+00 
1.3357e+01     2.4833e-02  0.0000e+00     3.3170e-01  0.0000e+00     2.2602e-02  0.0000e+00     3.0190e-01  0.0000e+00 
1.4987e+01     1.8398e-02  0.0000e+00     2.7573e-01  0.0000e+00     1.8788e-02  0.0000e+00     2.8157e-01  0.0000e+00 
1.6816e+01     1.9950e-02  0.0000e+00     3.3547e-01  0.0000e+00     2.2859e-02  0.0000e+00     3.8439e-01  0.0000e+00 
1.8868e+01     1.5417e-02  0.0000e+00     2.9088e-01  0.0000e+00     1.9820e-02  0.0000e+00     3.7396e-01  0.0000e+00 
2.1170e+01     1.4146e-02  0.0000e+00     2.9946e-01  0.0000e+00     2.0405e-02  0.0000e+00     4.3197e-01  0.0000e+00 
2.3753e+01     1.3749e-02  0.0000e+00     3.2657e-01  0.0000e+00     2.2252e-02  0.0000e+00     5.2856e-01  0.0000e+00 
2.6651e+01     1.0900e-02  0.0000e+00     2.9049e-01  0.0000e+00     1.9794e-02  0.0000e+00     5.2753e-01  0.0000e+00 
2.9903e+01     8.3244e-03  0.0000e+00     2.4893e-01  0.0000e+00     1.6961e-02  0.0000e+00     5.0720e-01  0.0000e+00 
3.3552e+01     7.2013e-03  0.0000e+00     2.4162e-01  0.0000e+00     1.6464e-02  0.0000e+00     5.5239e-01  0.0000e+00 
3.7646e+01     5.8072e-03  0.0000e+00     2.1862e-01  0.0000e+00     1.4896e-02  0.0000e+00     5.6078e-01  0.0000e+00 
4.2240e+01     4.2716e-03  0.0000e+00     1.8043e-01  0.0000e+00     1.2294e-02  0.0000e+00     5.1930e-01  0.0000e+00 
4.7394e+01     3.3059e-03  0.0000e+00     1.5668e-01  0.0000e+00     1.0676e-02  0.0000e+00     5.0596e-01  0.0000e+00 
5.3176e+01     2.3564e-03  0.0000e+00     1.2530e-01  0.0000e+00     8.5381e-03  0.0000e+00     4.5403e-01  0.0000e+00 
5.9665e+01     1.6429e-03  0.0000e+00     9.8023e-02  0.0000e+00     6.6791e-03  0.0000e+00     3.9851e-01  0.0000e+00 
6.6945e+01     1.0675e-03  0.0000e+00     7.1462e-02  0.0000e+00     4.8693e-03  0.0000e+00     3.2598e-01  0.0000e+00 
7.5114e+01     6.6144e-04  0.0000e+00     4.9683e-02  0.0000e+00     3.3853e-03  0.0000e+00     2.5428e-01  0.0000e+00 
8.4279e+01     3.8401e-04  0.0000e+00     3.2364e-02  0.0000e+00     2.2052e-03  0.0000e+00     1.8585e-01  0.0000e+00 
9.4563e+01     2.0520e-04  0.0000e+00     1.9404e-02  0.0000e+00     1.3222e-03  0.0000e+00     1.2503e-01  0.0000e+00 
1.0610e+02     9.8432e-05  0.0000e+00     1.0444e-02  0.0000e+00     7.1162e-04  0.0000e+00     7.5504e-02  0.0000e+00 
1.1905e+02     4.5800e-05  0.0000e+00     5.4524e-03  0.0000e+00     3.7152e-04  0.0000e+00     4.4228e-02  0.0000e+00 
1.3357e+02     1.8459e-05  0.0000e+00     2.4656e-03  0.0000e+00     1.6800e-04  0.0000e+00     2.2441e-02  0.0000e+00 
1.4987e+02     5.0826e-06  0.0000e+00     7.6173e-04  0.0000e+00     5.1903e-05  0.0000e+00     7.7788e-03  0.0000e+00 
1.6816e+02     1.4901e-06  0.0000e+00     2.5057e-04  0.0000e+00     1.7073e-05  0.0000e+00     2.8710e-03  0.0000e+00 
1.8868e+02     7.4370e-07  0.0000e+00     1.4032e-04  0.0000e+00     9.5611e-06  0.0000e+00     1.8040e-03  0.0000e+00 
2.1170e+02     9.4689e-08  0.0000e+00     2.0046e-05  0.0000e+00     1.3659e-06  0.0000e+00     2.8915e-04  0.0000e+00 
2.3753e+02     0.0000e+00  0.0000e+00     0.0000e+00  0.0000e+00     0.0000e+00  0.0000e+00     0.0000e+00  0.0000e+00 
2.6651e+02     0.0000e+00  0.0000e+00     0.0000e+00  0.0000e+00     0.0000e+00  0.0000e+00     0.0000e+00  0.0000e+00 
2.9903e+02     0.0000e+00  0.0000e+00     0.0000e+00  0.0000e+00     0.0000e+00  0.0000e+00     0.0000e+00  0.0000e+00 
3.3552e+02     0.0000e+00  0.0000e+00     0.0000e+00  0.0000e+00     0.0000e+00  0.0000e+00     0.0000e+00  0.0000e+00 
3.7646e+02     0.0000e+00  0.0000e+00     0.0000e+00  0.0000e+00     0.0000e+00  0.0000e+00     0.0000e+00  0.0000e+00 
4.2240e+02     0.0000e+00  0.0000e+00     0.0000e+00  0.0000e+00     0.0000e+00  0.0000e+00     0.0000e+00  0.0000e+00 
4.7394e+02     0.0000e+00  0.0000e+00     0.0000e+00  0.0000e+00     0.0000e+00  0.0000e+00     0.0000e+00  0.0000e+00 
5.3176e+02     0.0000e+00  0.0000e+00     0.0000e+00  0.0000e+00     0.0000e+00  0.0000e+00     0.0000e+00  0.0000e+00 
5.9665e+02     0.0000e+00  0.0000e+00     0.0000e+00  0.0000e+00     0.0000e+00  0.0000e+00     0.0000e+00  0.0000e+00 
6.6945e+02     0.0000e+00  0.0000e+00     0.0000e+00  0.0000e+00     0.0000e+00  0.0000e+00     0.0000e+00  0.0000e+00 
7.5114e+02     0.0000e+00  0.0000e+00     0.0000e+00  0.0000e+00     0.0000e+00  0.0000e+00     0.0000e+00  0.0000e+00 
8.4279e+02     0.0000e+00  0.0000e+00     0.0000e+00  0.0000e+00     0.0000e+00  0.0000e+00     0.0000e+00  0.0000e+00 
9.4563e+02     0.0000e+00  0.0000e+00     0.0000e+00  0.0000e+00     0.0000e+00  0.0000e+00     0.0000e+00  0.0000e+00 
1.0610e+03     0.0000e+00  0.0000e+00     0.0000e+00  0.0000e+00     0.0000e+00  0.0000e+00     0.0000e+00  0.0000e+00 
1.1905e+03     0.0000e+00  0.0000e+00     0.0000e+00  0.0000e+00     0.0000e+00  0.0000e+00     0.0000e+00  0.0000e+00 
1.3357e+03     0.0000e+00  0.0000e+00     0.0000e+00  0.0000e+00     0.0000e+00  0.0000e+00     0.0000e+00  0.0000e+00 
1.4987e+03     0.0000e+00  0.0000e+00     0.0000e+00  0.0000e+00     0.0000e+00  0.0000e+00     0.0000e+00  0.0000e+00 
1.6816e+03     0.0000e+00  0.0000e+00     0.0000e+00  0.0000e+00     0.0000e+00  0.0000e+00     0.0000e+00  0.0000e+00 
1.8868e+03     0.0000e+00  0.0000e+00     0.0000e+00  0.0000e+00     0.0000e+00  0.0000e+00     0.0000e+00  0.0000e+00 
2.1170e+03     0.0000e+00  0.0000e+00     0.0000e+00  0.0000e+00     0.0000e+00  0.0000e+00     0.0000e+00  0.0000e+00 
2.3753e+03     0.0000e+00  0.0000e+00     0.0000e+00  0.0000e+00     0.0000e+00  0.0000e+00     0.0000e+00  0.0000e+00 
2.6651e+03     0.0000e+00  0.0000e+00     0.0000e+00  0.0000e+00     0.0000e+00  0.0000e+00     0.0000e+00  0.0000e+00 
2.9903e+03     0.0000e+00  0.0000e+00     0.0000e+00  0.0000e+00     0.0000e+00  0.0000e+00     0.0000e+00  0.0000e+00 
3.3552e+03     0.0000e+00  0.0000e+00     0.0000e+00  0.0000e+00     0.0000e+00  0.0000e+00     0.0000e+00  0.0000e+00 
3.7646e+03     0.0000e+00  0.0000e+00     0.0000e+00  0.0000e+00     0.0000e+00  0.0000e+00     0.0000e+00  0.0000e+00 
4.2240e+03     0.0000e+00  0.0000e+00     0.0000e+00  0.0000e+00     0.0000e+00  0.0000e+00     0.0000e+00  0.0000e+00 
4.7394e+03     0.0000e+00  0.0000e+00     0.0000e+00  0.0000e+00     0.0000e+00  0.0000e+00     0.0000e+00  0.0000e+00 
5.3176e+03     0.0000e+00  0.0000e+00     0.0000e+00  0.0000e+00     0.0000e+00  0.0000e+00     0.0000e+00  0.0000e+00 
5.9665e+03     0.0000e+00  0.0000e+00     0.0000e+00  0.0000e+00     0.0000e+00  0.0000e+00     0.0000e+00  0.0000e+00 
6.6945e+03     0.0000e+00  0.0000e+00     0.0000e+00  0.0000e+00     0.0000e+00  0.0000e+00     0.0000e+00  0.0000e+00 
7.5114e+03     0.0000e+00  0.0000e+00     0.0000e+00  0.0000e+00     0.0000e+00  0.0000e+00     0.0000e+00  0.0000e+00 
8.4279e+03     0.0000e+00  0.0000e+00     0.0000e+00  0.0000e+00     0.0000e+00  0.0000e+00     0.0000e+00  0.0000e+00 
9.4563e+03     0.0000e+00  0.0000e+00     0.0000e+00  0.0000e+00     0.0000e+00  0.0000e+00     0.0000e+00  0.0000e+00 
