yF = 5.0917e+00 (std: 0.0000e+00) keV/um
yD = 2.4438e+01 (std: 0.0000e+00) keV/um
y (keV/um)     f(y)(std)                  yf(y)(std)                 d(y)(std)                  yd(y)(std)  
1.0610e-01     2.4511e+01  0.0000e+00     2.6006e+00  0.0000e+00     5.1075e-01  0.0000e+00     5.4191e-02  0.0000e+00 
1.1905e-01     1.9702e+00  0.0000e+00     2.3454e-01  0.0000e+00     4.6063e-02  0.0000e+00     5.4837e-03  0.0000e+00 
1.3357e-01     5.7485e-01  0.0000e+00     7.6785e-02  0.0000e+00     1.5080e-02  0.0000e+00     2.0143e-03  0.0000e+00 
1.4987e-01     2.7861e+00  0.0000e+00     4.1756e-01  0.0000e+00     8.2006e-02  0.0000e+00     1.2290e-02  0.0000e+00 
1.6816e-01     8.5316e-01  0.0000e+00     1.4347e-01  0.0000e+00     2.8176e-02  0.0000e+00     4.7381e-03  0.0000e+00 
1.8868e-01     5.9438e-01  0.0000e+00     1.1215e-01  0.0000e+00     2.2025e-02  0.0000e+00     4.1557e-03  0.0000e+00 
2.1170e-01     6.3542e-01  0.0000e+00     1.3452e-01  0.0000e+00     2.6419e-02  0.0000e+00     5.5929e-03  0.0000e+00 
2.3753e-01     5.8333e-01  0.0000e+00     1.3856e-01  0.0000e+00     2.7213e-02  0.0000e+00     6.4638e-03  0.0000e+00 
2.6651e-01     2.8540e-01  0.0000e+00     7.6063e-02  0.0000e+00     1.4939e-02  0.0000e+00     3.9813e-03  0.0000e+00 
2.9903e-01     2.3699e-01  0.0000e+00     7.0867e-02  0.0000e+00     1.3918e-02  0.0000e+00     4.1620e-03  0.0000e+00 
3.3552e-01     1.3107e+00  0.0000e+00     4.3978e-01  0.0000e+00     8.6372e-02  0.0000e+00     2.8979e-02  0.0000e+00 
3.7646e-01     8.7452e-01  0.0000e+00     3.2922e-01  0.0000e+00     6.4658e-02  0.0000e+00     2.4341e-02  0.0000e+00 
4.2240e-01     4.0047e-01  0.0000e+00     1.6916e-01  0.0000e+00     3.3222e-02  0.0000e+00     1.4033e-02  0.0000e+00 
4.7394e-01     3.8738e-01  0.0000e+00     1.8359e-01  0.0000e+00     3.6057e-02  0.0000e+00     1.7089e-02  0.0000e+00 
5.3176e-01     2.4157e-01  0.0000e+00     1.2846e-01  0.0000e+00     2.5228e-02  0.0000e+00     1.3416e-02  0.0000e+00 
5.9665e-01     1.2579e-01  0.0000e+00     7.5053e-02  0.0000e+00     1.4740e-02  0.0000e+00     8.7947e-03  0.0000e+00 
6.6945e-01     2.0870e-01  0.0000e+00     1.3971e-01  0.0000e+00     2.7439e-02  0.0000e+00     1.8369e-02  0.0000e+00 
7.5114e-01     1.7332e-01  0.0000e+00     1.3019e-01  0.0000e+00     2.5569e-02  0.0000e+00     1.9205e-02  0.0000e+00 
8.4279e-01     8.2545e-02  0.0000e+00     6.9568e-02  0.0000e+00     1.3663e-02  0.0000e+00     1.1515e-02  0.0000e+00 
9.4563e-01     4.9453e-02  0.0000e+00     4.6764e-02  0.0000e+00     9.1843e-03  0.0000e+00     8.6849e-03  0.0000e+00 
1.0610e+00     4.2306e-02  0.0000e+00     4.4888e-02  0.0000e+00     8.8158e-03  0.0000e+00     9.3536e-03  0.0000e+00 
1.1905e+00     2.3036e-02  0.0000e+00     2.7423e-02  0.0000e+00     5.3858e-03  0.0000e+00     6.4117e-03  0.0000e+00 
1.3357e+00     1.2751e-02  0.0000e+00     1.7031e-02  0.0000e+00     3.3449e-03  0.0000e+00     4.4679e-03  0.0000e+00 
1.4987e+00     6.2598e-03  0.0000e+00     9.3816e-03  0.0000e+00     1.8425e-03  0.0000e+00     2.7614e-03  0.0000e+00 
1.6816e+00     2.8324e-03  0.0000e+00     4.7630e-03  0.0000e+00     9.3543e-04  0.0000e+00     1.5730e-03  0.0000e+00 
1.8868e+00     1.2240e-03  0.0000e+00     2.3093e-03  0.0000e+00     4.5354e-04  0.0000e+00     8.5573e-04  0.0000e+00 
2.1170e+00     6.8178e-04  0.0000e+00     1.4433e-03  0.0000e+00     2.8346e-04  0.0000e+00     6.0009e-04  0.0000e+00 
2.3753e+00     1.2153e-04  0.0000e+00     2.8867e-04  0.0000e+00     5.6693e-05  0.0000e+00     1.3466e-04  0.0000e+00 
2.6651e+00     0.0000e+00  0.0000e+00     0.0000e+00  0.0000e+00     0.0000e+00  0.0000e+00     0.0000e+00  0.0000e+00 
2.9903e+00     0.0000e+00  0.0000e+00     0.0000e+00  0.0000e+00     0.0000e+00  0.0000e+00     0.0000e+00  0.0000e+00 
3.3552e+00     0.0000e+00  0.0000e+00     0.0000e+00  0.0000e+00     0.0000e+00  0.0000e+00     0.0000e+00  0.0000e+00 
3.7646e+00     0.0000e+00  0.0000e+00     0.0000e+00  0.0000e+00     0.0000e+00  0.0000e+00     0.0000e+00  0.0000e+00 
4.2240e+00     0.0000e+00  0.0000e+00     0.0000e+00  0.0000e+00     0.0000e+00  0.0000e+00     0.0000e+00  0.0000e+00 
4.7394e+00     0.0000e+00  0.0000e+00     0.0000e+00  0.0000e+00     0.0000e+00  0.0000e+00     0.0000e+00  0.0000e+00 
5.3176e+00     0.0000e+00  0.0000e+00     0.0000e+00  0.0000e+00     0.0000e+00  0.0000e+00     0.0000e+00  0.0000e+00 
5.9665e+00     1.1053e-01  0.0000e+00     6.5946e-01  0.0000e+00     1.2952e-01  0.0000e+00     7.7275e-01  0.0000e+00 
6.6945e+00     2.2810e-02  0.0000e+00     1.5270e-01  0.0000e+00     2.9991e-02  0.0000e+00     2.0077e-01  0.0000e+00 
7.5114e+00     6.0144e-03  0.0000e+00     4.5176e-02  0.0000e+00     8.8724e-03  0.0000e+00     6.6644e-02  0.0000e+00 
8.4279e+00     2.9884e-02  0.0000e+00     2.5186e-01  0.0000e+00     4.9465e-02  0.0000e+00     4.1688e-01  0.0000e+00 
9.4563e+00     1.6698e-02  0.0000e+00     1.5790e-01  0.0000e+00     3.1011e-02  0.0000e+00     2.9325e-01  0.0000e+00 
1.0610e+01     2.7370e-02  0.0000e+00     2.9040e-01  0.0000e+00     5.7033e-02  0.0000e+00     6.0513e-01  0.0000e+00 
1.1905e+01     1.8865e-02  0.0000e+00     2.2458e-01  0.0000e+00     4.4107e-02  0.0000e+00     5.2508e-01  0.0000e+00 
1.3357e+01     1.3410e-02  0.0000e+00     1.7912e-01  0.0000e+00     3.5178e-02  0.0000e+00     4.6988e-01  0.0000e+00 
1.4987e+01     8.2726e-03  0.0000e+00     1.2398e-01  0.0000e+00     2.4350e-02  0.0000e+00     3.6493e-01  0.0000e+00 
1.6816e+01     5.6305e-03  0.0000e+00     9.4682e-02  0.0000e+00     1.8595e-02  0.0000e+00     3.1270e-01  0.0000e+00 
1.8868e+01     4.9417e-03  0.0000e+00     9.3239e-02  0.0000e+00     1.8312e-02  0.0000e+00     3.4550e-01  0.0000e+00 
2.1170e+01     4.5611e-03  0.0000e+00     9.6559e-02  0.0000e+00     1.8964e-02  0.0000e+00     4.0146e-01  0.0000e+00 
2.3753e+01     4.5512e-03  0.0000e+00     1.0811e-01  0.0000e+00     2.1232e-02  0.0000e+00     5.0431e-01  0.0000e+00 
2.6651e+01     2.6916e-03  0.0000e+00     7.1733e-02  0.0000e+00     1.4088e-02  0.0000e+00     3.7547e-01  0.0000e+00 
2.9903e+01     2.0224e-03  0.0000e+00     6.0475e-02  0.0000e+00     1.1877e-02  0.0000e+00     3.5517e-01  0.0000e+00 
3.3552e+01     1.7637e-03  0.0000e+00     5.9177e-02  0.0000e+00     1.1622e-02  0.0000e+00     3.8994e-01  0.0000e+00 
3.7646e+01     1.4147e-03  0.0000e+00     5.3259e-02  0.0000e+00     1.0460e-02  0.0000e+00     3.9377e-01  0.0000e+00 
4.2240e+01     9.1576e-04  0.0000e+00     3.8681e-02  0.0000e+00     7.5969e-03  0.0000e+00     3.2089e-01  0.0000e+00 
4.7394e+01     7.4613e-04  0.0000e+00     3.5362e-02  0.0000e+00     6.9449e-03  0.0000e+00     3.2914e-01  0.0000e+00 
5.3176e+01     4.5056e-04  0.0000e+00     2.3959e-02  0.0000e+00     4.7055e-03  0.0000e+00     2.5022e-01  0.0000e+00 
5.9665e+01     3.1932e-04  0.0000e+00     1.9052e-02  0.0000e+00     3.7417e-03  0.0000e+00     2.2325e-01  0.0000e+00 
6.6945e+01     1.9835e-04  0.0000e+00     1.3279e-02  0.0000e+00     2.6079e-03  0.0000e+00     1.7458e-01  0.0000e+00 
7.5114e+01     1.1529e-04  0.0000e+00     8.6600e-03  0.0000e+00     1.7008e-03  0.0000e+00     1.2775e-01  0.0000e+00 
8.4279e+01     7.0215e-05  0.0000e+00     5.9177e-03  0.0000e+00     1.1622e-03  0.0000e+00     9.7949e-02  0.0000e+00 
9.4563e+01     1.3737e-05  0.0000e+00     1.2990e-03  0.0000e+00     2.5512e-04  0.0000e+00     2.4125e-02  0.0000e+00 
1.0610e+02     1.9045e-05  0.0000e+00     2.0207e-03  0.0000e+00     3.9685e-04  0.0000e+00     4.2106e-02  0.0000e+00 
1.1905e+02     3.6372e-06  0.0000e+00     4.3300e-04  0.0000e+00     8.5039e-05  0.0000e+00     1.0124e-02  0.0000e+00 
1.3357e+02     1.0806e-06  0.0000e+00     1.4433e-04  0.0000e+00     2.8346e-05  0.0000e+00     3.7863e-03  0.0000e+00 
1.4987e+02     9.6304e-07  0.0000e+00     1.4433e-04  0.0000e+00     2.8346e-05  0.0000e+00     4.2483e-03  0.0000e+00 
1.6816e+02     0.0000e+00  0.0000e+00     0.0000e+00  0.0000e+00     0.0000e+00  0.0000e+00     0.0000e+00  0.0000e+00 
1.8868e+02     0.0000e+00  0.0000e+00     0.0000e+00  0.0000e+00     0.0000e+00  0.0000e+00     0.0000e+00  0.0000e+00 
2.1170e+02     0.0000e+00  0.0000e+00     0.0000e+00  0.0000e+00     0.0000e+00  0.0000e+00     0.0000e+00  0.0000e+00 
2.3753e+02     0.0000e+00  0.0000e+00     0.0000e+00  0.0000e+00     0.0000e+00  0.0000e+00     0.0000e+00  0.0000e+00 
2.6651e+02     0.0000e+00  0.0000e+00     0.0000e+00  0.0000e+00     0.0000e+00  0.0000e+00     0.0000e+00  0.0000e+00 
2.9903e+02     0.0000e+00  0.0000e+00     0.0000e+00  0.0000e+00     0.0000e+00  0.0000e+00     0.0000e+00  0.0000e+00 
3.3552e+02     0.0000e+00  0.0000e+00     0.0000e+00  0.0000e+00     0.0000e+00  0.0000e+00     0.0000e+00  0.0000e+00 
3.7646e+02     0.0000e+00  0.0000e+00     0.0000e+00  0.0000e+00     0.0000e+00  0.0000e+00     0.0000e+00  0.0000e+00 
4.2240e+02     0.0000e+00  0.0000e+00     0.0000e+00  0.0000e+00     0.0000e+00  0.0000e+00     0.0000e+00  0.0000e+00 
4.7394e+02     0.0000e+00  0.0000e+00     0.0000e+00  0.0000e+00     0.0000e+00  0.0000e+00     0.0000e+00  0.0000e+00 
5.3176e+02     0.0000e+00  0.0000e+00     0.0000e+00  0.0000e+00     0.0000e+00  0.0000e+00     0.0000e+00  0.0000e+00 
5.9665e+02     0.0000e+00  0.0000e+00     0.0000e+00  0.0000e+00     0.0000e+00  0.0000e+00     0.0000e+00  0.0000e+00 
6.6945e+02     0.0000e+00  0.0000e+00     0.0000e+00  0.0000e+00     0.0000e+00  0.0000e+00     0.0000e+00  0.0000e+00 
7.5114e+02     0.0000e+00  0.0000e+00     0.0000e+00  0.0000e+00     0.0000e+00  0.0000e+00     0.0000e+00  0.0000e+00 
8.4279e+02     0.0000e+00  0.0000e+00     0.0000e+00  0.0000e+00     0.0000e+00  0.0000e+00     0.0000e+00  0.0000e+00 
9.4563e+02     0.0000e+00  0.0000e+00     0.0000e+00  0.0000e+00     0.0000e+00  0.0000e+00     0.0000e+00  0.0000e+00 
1.0610e+03     0.0000e+00  0.0000e+00     0.0000e+00  0.0000e+00     0.0000e+00  0.0000e+00     0.0000e+00  0.0000e+00 
1.1905e+03     0.0000e+00  0.0000e+00     0.0000e+00  0.0000e+00     0.0000e+00  0.0000e+00     0.0000e+00  0.0000e+00 
1.3357e+03     0.0000e+00  0.0000e+00     0.0000e+00  0.0000e+00     0.0000e+00  0.0000e+00     0.0000e+00  0.0000e+00 
1.4987e+03     0.0000e+00  0.0000e+00     0.0000e+00  0.0000e+00     0.0000e+00  0.0000e+00     0.0000e+00  0.0000e+00 
1.6816e+03     0.0000e+00  0.0000e+00     0.0000e+00  0.0000e+00     0.0000e+00  0.0000e+00     0.0000e+00  0.0000e+00 
1.8868e+03     0.0000e+00  0.0000e+00     0.0000e+00  0.0000e+00     0.0000e+00  0.0000e+00     0.0000e+00  0.0000e+00 
2.1170e+03     0.0000e+00  0.0000e+00     0.0000e+00  0.0000e+00     0.0000e+00  0.0000e+00     0.0000e+00  0.0000e+00 
2.3753e+03     0.0000e+00  0.0000e+00     0.0000e+00  0.0000e+00     0.0000e+00  0.0000e+00     0.0000e+00  0.0000e+00 
2.6651e+03     0.0000e+00  0.0000e+00     0.0000e+00  0.0000e+00     0.0000e+00  0.0000e+00     0.0000e+00  0.0000e+00 
2.9903e+03     0.0000e+00  0.0000e+00     0.0000e+00  0.0000e+00     0.0000e+00  0.0000e+00     0.0000e+00  0.0000e+00 
3.3552e+03     0.0000e+00  0.0000e+00     0.0000e+00  0.0000e+00     0.0000e+00  0.0000e+00     0.0000e+00  0.0000e+00 
3.7646e+03     0.0000e+00  0.0000e+00     0.0000e+00  0.0000e+00     0.0000e+00  0.0000e+00     0.0000e+00  0.0000e+00 
4.2240e+03     0.0000e+00  0.0000e+00     0.0000e+00  0.0000e+00     0.0000e+00  0.0000e+00     0.0000e+00  0.0000e+00 
4.7394e+03     0.0000e+00  0.0000e+00     0.0000e+00  0.0000e+00     0.0000e+00  0.0000e+00     0.0000e+00  0.0000e+00 
5.3176e+03     0.0000e+00  0.0000e+00     0.0000e+00  0.0000e+00     0.0000e+00  0.0000e+00     0.0000e+00  0.0000e+00 
5.9665e+03     0.0000e+00  0.0000e+00     0.0000e+00  0.0000e+00     0.0000e+00  0.0000e+00     0.0000e+00  0.0000e+00 
6.6945e+03     0.0000e+00  0.0000e+00     0.0000e+00  0.0000e+00     0.0000e+00  0.0000e+00     0.0000e+00  0.0000e+00 
7.5114e+03     0.0000e+00  0.0000e+00     0.0000e+00  0.0000e+00     0.0000e+00  0.0000e+00     0.0000e+00  0.0000e+00 
8.4279e+03     0.0000e+00  0.0000e+00     0.0000e+00  0.0000e+00     0.0000e+00  0.0000e+00     0.0000e+00  0.0000e+00 
9.4563e+03     0.0000e+00  0.0000e+00     0.0000e+00  0.0000e+00     0.0000e+00  0.0000e+00     0.0000e+00  0.0000e+00 
