yF = 1.9438e+01 (std: 0.0000e+00) keV/um
yD = 4.1622e+01 (std: 0.0000e+00) keV/um
y (keV/um)     f(y)(std)                  yf(y)(std)                 d(y)(std)                  yd(y)(std)  
1.0610e-01     5.7283e+00  0.0000e+00     6.0778e-01  0.0000e+00     3.1267e-02  0.0000e+00     3.3175e-03  0.0000e+00 
1.1905e-01     6.3685e-01  0.0000e+00     7.5816e-02  0.0000e+00     3.9003e-03  0.0000e+00     4.6433e-04  0.0000e+00 
1.3357e-01     2.9077e-01  0.0000e+00     3.8839e-02  0.0000e+00     1.9981e-03  0.0000e+00     2.6689e-04  0.0000e+00 
1.4987e-01     8.2260e-01  0.0000e+00     1.2328e-01  0.0000e+00     6.3424e-03  0.0000e+00     9.5055e-04  0.0000e+00 
1.6816e-01     4.0687e-01  0.0000e+00     6.8418e-02  0.0000e+00     3.5198e-03  0.0000e+00     5.9189e-04  0.0000e+00 
1.8868e-01     3.4521e-01  0.0000e+00     6.5134e-02  0.0000e+00     3.3508e-03  0.0000e+00     6.3223e-04  0.0000e+00 
2.1170e-01     3.3675e-01  0.0000e+00     7.1289e-02  0.0000e+00     3.6675e-03  0.0000e+00     7.7640e-04  0.0000e+00 
2.3753e-01     3.2560e-01  0.0000e+00     7.7340e-02  0.0000e+00     3.9788e-03  0.0000e+00     9.4508e-04  0.0000e+00 
2.6651e-01     2.0449e-01  0.0000e+00     5.4499e-02  0.0000e+00     2.8037e-03  0.0000e+00     7.4723e-04  0.0000e+00 
2.9903e-01     1.8326e-01  0.0000e+00     5.4801e-02  0.0000e+00     2.8192e-03  0.0000e+00     8.4304e-04  0.0000e+00 
3.3552e-01     3.8388e-01  0.0000e+00     1.2880e-01  0.0000e+00     6.6261e-03  0.0000e+00     2.2232e-03  0.0000e+00 
3.7646e-01     3.4441e-01  0.0000e+00     1.2966e-01  0.0000e+00     6.6702e-03  0.0000e+00     2.5111e-03  0.0000e+00 
4.2240e-01     2.3370e-01  0.0000e+00     9.8713e-02  0.0000e+00     5.0783e-03  0.0000e+00     2.1450e-03  0.0000e+00 
4.7394e-01     2.3138e-01  0.0000e+00     1.0966e-01  0.0000e+00     5.6414e-03  0.0000e+00     2.6736e-03  0.0000e+00 
5.3176e-01     2.0216e-01  0.0000e+00     1.0750e-01  0.0000e+00     5.5305e-03  0.0000e+00     2.9409e-03  0.0000e+00 
5.9665e-01     1.3899e-01  0.0000e+00     8.2930e-02  0.0000e+00     4.2664e-03  0.0000e+00     2.5455e-03  0.0000e+00 
6.6945e-01     1.3064e-01  0.0000e+00     8.7457e-02  0.0000e+00     4.4992e-03  0.0000e+00     3.0120e-03  0.0000e+00 
7.5114e-01     1.2911e-01  0.0000e+00     9.6981e-02  0.0000e+00     4.9892e-03  0.0000e+00     3.7476e-03  0.0000e+00 
8.4279e-01     9.4458e-02  0.0000e+00     7.9608e-02  0.0000e+00     4.0955e-03  0.0000e+00     3.4516e-03  0.0000e+00 
9.4563e-01     7.0173e-02  0.0000e+00     6.6357e-02  0.0000e+00     3.4138e-03  0.0000e+00     3.2282e-03  0.0000e+00 
1.0610e+00     5.3929e-02  0.0000e+00     5.7219e-02  0.0000e+00     2.9437e-03  0.0000e+00     3.1232e-03  0.0000e+00 
1.1905e+00     3.8617e-02  0.0000e+00     4.5973e-02  0.0000e+00     2.3651e-03  0.0000e+00     2.8156e-03  0.0000e+00 
1.3357e+00     2.5385e-02  0.0000e+00     3.3908e-02  0.0000e+00     1.7444e-03  0.0000e+00     2.3301e-03  0.0000e+00 
1.4987e+00     1.6772e-02  0.0000e+00     2.5137e-02  0.0000e+00     1.2932e-03  0.0000e+00     1.9381e-03  0.0000e+00 
1.6816e+00     9.8947e-03  0.0000e+00     1.6639e-02  0.0000e+00     8.5599e-04  0.0000e+00     1.4394e-03  0.0000e+00 
1.8868e+00     5.5815e-03  0.0000e+00     1.0531e-02  0.0000e+00     5.4177e-04  0.0000e+00     1.0222e-03  0.0000e+00 
2.1170e+00     2.7117e-03  0.0000e+00     5.7407e-03  0.0000e+00     2.9533e-04  0.0000e+00     6.2522e-04  0.0000e+00 
2.3753e+00     1.2560e-03  0.0000e+00     2.9833e-03  0.0000e+00     1.5348e-04  0.0000e+00     3.6455e-04  0.0000e+00 
2.6651e+00     5.5439e-04  0.0000e+00     1.4775e-03  0.0000e+00     7.6012e-05  0.0000e+00     2.0258e-04  0.0000e+00 
2.9903e+00     1.8254e-04  0.0000e+00     5.4584e-04  0.0000e+00     2.8081e-05  0.0000e+00     8.3971e-05  0.0000e+00 
3.3552e+00     6.4513e-05  0.0000e+00     2.1645e-04  0.0000e+00     1.1136e-05  0.0000e+00     3.7362e-05  0.0000e+00 
3.7646e+00     1.4999e-05  0.0000e+00     5.6466e-05  0.0000e+00     2.9049e-06  0.0000e+00     1.0936e-05  0.0000e+00 
4.2240e+00     6.6841e-06  0.0000e+00     2.8233e-05  0.0000e+00     1.4525e-06  0.0000e+00     6.1351e-06  0.0000e+00 
4.7394e+00     0.0000e+00  0.0000e+00     0.0000e+00  0.0000e+00     0.0000e+00  0.0000e+00     0.0000e+00  0.0000e+00 
5.3176e+00     0.0000e+00  0.0000e+00     0.0000e+00  0.0000e+00     0.0000e+00  0.0000e+00     0.0000e+00  0.0000e+00 
5.9665e+00     4.1447e-02  0.0000e+00     2.4729e-01  0.0000e+00     1.2722e-02  0.0000e+00     7.5906e-02  0.0000e+00 
6.6945e+00     2.7804e-02  0.0000e+00     1.8613e-01  0.0000e+00     9.5756e-03  0.0000e+00     6.4104e-02  0.0000e+00 
7.5114e+00     8.4496e-03  0.0000e+00     6.3468e-02  0.0000e+00     3.2651e-03  0.0000e+00     2.4526e-02  0.0000e+00 
8.4279e+00     3.3341e-02  0.0000e+00     2.8100e-01  0.0000e+00     1.4456e-02  0.0000e+00     1.2183e-01  0.0000e+00 
9.4563e+00     2.6604e-02  0.0000e+00     2.5158e-01  0.0000e+00     1.2942e-02  0.0000e+00     1.2239e-01  0.0000e+00 
1.0610e+01     3.6976e-02  0.0000e+00     3.9232e-01  0.0000e+00     2.0183e-02  0.0000e+00     2.1414e-01  0.0000e+00 
1.1905e+01     3.0092e-02  0.0000e+00     3.5823e-01  0.0000e+00     1.8429e-02  0.0000e+00     2.1940e-01  0.0000e+00 
1.3357e+01     2.5533e-02  0.0000e+00     3.4105e-01  0.0000e+00     1.7545e-02  0.0000e+00     2.3436e-01  0.0000e+00 
1.4987e+01     1.8895e-02  0.0000e+00     2.8319e-01  0.0000e+00     1.4569e-02  0.0000e+00     2.1834e-01  0.0000e+00 
1.6816e+01     1.7238e-02  0.0000e+00     2.8987e-01  0.0000e+00     1.4912e-02  0.0000e+00     2.5077e-01  0.0000e+00 
1.8868e+01     1.6115e-02  0.0000e+00     3.0406e-01  0.0000e+00     1.5643e-02  0.0000e+00     2.9514e-01  0.0000e+00 
2.1170e+01     1.6520e-02  0.0000e+00     3.4973e-01  0.0000e+00     1.7992e-02  0.0000e+00     3.8089e-01  0.0000e+00 
2.3753e+01     1.5517e-02  0.0000e+00     3.6858e-01  0.0000e+00     1.8962e-02  0.0000e+00     4.5040e-01  0.0000e+00 
2.6651e+01     1.2792e-02  0.0000e+00     3.4093e-01  0.0000e+00     1.7539e-02  0.0000e+00     4.6745e-01  0.0000e+00 
2.9903e+01     1.0447e-02  0.0000e+00     3.1240e-01  0.0000e+00     1.6072e-02  0.0000e+00     4.8059e-01  0.0000e+00 
3.3552e+01     9.6570e-03  0.0000e+00     3.2401e-01  0.0000e+00     1.6669e-02  0.0000e+00     5.5928e-01  0.0000e+00 
3.7646e+01     7.9326e-03  0.0000e+00     2.9863e-01  0.0000e+00     1.5363e-02  0.0000e+00     5.7836e-01  0.0000e+00 
4.2240e+01     6.3811e-03  0.0000e+00     2.6953e-01  0.0000e+00     1.3866e-02  0.0000e+00     5.8570e-01  0.0000e+00 
4.7394e+01     5.2111e-03  0.0000e+00     2.4697e-01  0.0000e+00     1.2706e-02  0.0000e+00     6.0217e-01  0.0000e+00 
5.3176e+01     3.8843e-03  0.0000e+00     2.0655e-01  0.0000e+00     1.0626e-02  0.0000e+00     5.6506e-01  0.0000e+00 
5.9665e+01     2.8232e-03  0.0000e+00     1.6845e-01  0.0000e+00     8.6659e-03  0.0000e+00     5.1705e-01  0.0000e+00 
6.6945e+01     1.9734e-03  0.0000e+00     1.3211e-01  0.0000e+00     6.7966e-03  0.0000e+00     4.5500e-01  0.0000e+00 
7.5114e+01     1.2836e-03  0.0000e+00     9.6416e-02  0.0000e+00     4.9602e-03  0.0000e+00     3.7258e-01  0.0000e+00 
8.4279e+01     7.9417e-04  0.0000e+00     6.6931e-02  0.0000e+00     3.4433e-03  0.0000e+00     2.9020e-01  0.0000e+00 
9.4563e+01     4.4865e-04  0.0000e+00     4.2425e-02  0.0000e+00     2.1826e-03  0.0000e+00     2.0639e-01  0.0000e+00 
1.0610e+02     2.4037e-04  0.0000e+00     2.5504e-02  0.0000e+00     1.3121e-03  0.0000e+00     1.3921e-01  0.0000e+00 
1.1905e+02     1.0720e-04  0.0000e+00     1.2761e-02  0.0000e+00     6.5651e-04  0.0000e+00     7.8156e-02  0.0000e+00 
1.3357e+02     4.4387e-05  0.0000e+00     5.9290e-03  0.0000e+00     3.0502e-04  0.0000e+00     4.0742e-02  0.0000e+00 
1.4987e+02     1.8336e-05  0.0000e+00     2.7480e-03  0.0000e+00     1.4137e-04  0.0000e+00     2.1188e-02  0.0000e+00 
1.6816e+02     5.7644e-06  0.0000e+00     9.6934e-04  0.0000e+00     4.9868e-05  0.0000e+00     8.3857e-03  0.0000e+00 
1.8868e+02     1.5463e-06  0.0000e+00     2.9174e-04  0.0000e+00     1.5009e-05  0.0000e+00     2.8318e-03  0.0000e+00 
2.1170e+02     3.5564e-07  0.0000e+00     7.5288e-05  0.0000e+00     3.8732e-06  0.0000e+00     8.1996e-04  0.0000e+00 
2.3753e+02     3.9620e-08  0.0000e+00     9.4111e-06  0.0000e+00     4.8415e-07  0.0000e+00     1.1500e-04  0.0000e+00 
2.6651e+02     0.0000e+00  0.0000e+00     0.0000e+00  0.0000e+00     0.0000e+00  0.0000e+00     0.0000e+00  0.0000e+00 
2.9903e+02     0.0000e+00  0.0000e+00     0.0000e+00  0.0000e+00     0.0000e+00  0.0000e+00     0.0000e+00  0.0000e+00 
3.3552e+02     0.0000e+00  0.0000e+00     0.0000e+00  0.0000e+00     0.0000e+00  0.0000e+00     0.0000e+00  0.0000e+00 
3.7646e+02     0.0000e+00  0.0000e+00     0.0000e+00  0.0000e+00     0.0000e+00  0.0000e+00     0.0000e+00  0.0000e+00 
4.2240e+02     0.0000e+00  0.0000e+00     0.0000e+00  0.0000e+00     0.0000e+00  0.0000e+00     0.0000e+00  0.0000e+00 
4.7394e+02     0.0000e+00  0.0000e+00     0.0000e+00  0.0000e+00     0.0000e+00  0.0000e+00     0.0000e+00  0.0000e+00 
5.3176e+02     0.0000e+00  0.0000e+00     0.0000e+00  0.0000e+00     0.0000e+00  0.0000e+00     0.0000e+00  0.0000e+00 
5.9665e+02     0.0000e+00  0.0000e+00     0.0000e+00  0.0000e+00     0.0000e+00  0.0000e+00     0.0000e+00  0.0000e+00 
6.6945e+02     0.0000e+00  0.0000e+00     0.0000e+00  0.0000e+00     0.0000e+00  0.0000e+00     0.0000e+00  0.0000e+00 
7.5114e+02     0.0000e+00  0.0000e+00     0.0000e+00  0.0000e+00     0.0000e+00  0.0000e+00     0.0000e+00  0.0000e+00 
8.4279e+02     0.0000e+00  0.0000e+00     0.0000e+00  0.0000e+00     0.0000e+00  0.0000e+00     0.0000e+00  0.0000e+00 
9.4563e+02     0.0000e+00  0.0000e+00     0.0000e+00  0.0000e+00     0.0000e+00  0.0000e+00     0.0000e+00  0.0000e+00 
1.0610e+03     0.0000e+00  0.0000e+00     0.0000e+00  0.0000e+00     0.0000e+00  0.0000e+00     0.0000e+00  0.0000e+00 
1.1905e+03     0.0000e+00  0.0000e+00     0.0000e+00  0.0000e+00     0.0000e+00  0.0000e+00     0.0000e+00  0.0000e+00 
1.3357e+03     0.0000e+00  0.0000e+00     0.0000e+00  0.0000e+00     0.0000e+00  0.0000e+00     0.0000e+00  0.0000e+00 
1.4987e+03     0.0000e+00  0.0000e+00     0.0000e+00  0.0000e+00     0.0000e+00  0.0000e+00     0.0000e+00  0.0000e+00 
1.6816e+03     0.0000e+00  0.0000e+00     0.0000e+00  0.0000e+00     0.0000e+00  0.0000e+00     0.0000e+00  0.0000e+00 
1.8868e+03     0.0000e+00  0.0000e+00     0.0000e+00  0.0000e+00     0.0000e+00  0.0000e+00     0.0000e+00  0.0000e+00 
2.1170e+03     0.0000e+00  0.0000e+00     0.0000e+00  0.0000e+00     0.0000e+00  0.0000e+00     0.0000e+00  0.0000e+00 
2.3753e+03     0.0000e+00  0.0000e+00     0.0000e+00  0.0000e+00     0.0000e+00  0.0000e+00     0.0000e+00  0.0000e+00 
2.6651e+03     0.0000e+00  0.0000e+00     0.0000e+00  0.0000e+00     0.0000e+00  0.0000e+00     0.0000e+00  0.0000e+00 
2.9903e+03     0.0000e+00  0.0000e+00     0.0000e+00  0.0000e+00     0.0000e+00  0.0000e+00     0.0000e+00  0.0000e+00 
3.3552e+03     0.0000e+00  0.0000e+00     0.0000e+00  0.0000e+00     0.0000e+00  0.0000e+00     0.0000e+00  0.0000e+00 
3.7646e+03     0.0000e+00  0.0000e+00     0.0000e+00  0.0000e+00     0.0000e+00  0.0000e+00     0.0000e+00  0.0000e+00 
4.2240e+03     0.0000e+00  0.0000e+00     0.0000e+00  0.0000e+00     0.0000e+00  0.0000e+00     0.0000e+00  0.0000e+00 
4.7394e+03     0.0000e+00  0.0000e+00     0.0000e+00  0.0000e+00     0.0000e+00  0.0000e+00     0.0000e+00  0.0000e+00 
5.3176e+03     0.0000e+00  0.0000e+00     0.0000e+00  0.0000e+00     0.0000e+00  0.0000e+00     0.0000e+00  0.0000e+00 
5.9665e+03     0.0000e+00  0.0000e+00     0.0000e+00  0.0000e+00     0.0000e+00  0.0000e+00     0.0000e+00  0.0000e+00 
6.6945e+03     0.0000e+00  0.0000e+00     0.0000e+00  0.0000e+00     0.0000e+00  0.0000e+00     0.0000e+00  0.0000e+00 
7.5114e+03     0.0000e+00  0.0000e+00     0.0000e+00  0.0000e+00     0.0000e+00  0.0000e+00     0.0000e+00  0.0000e+00 
8.4279e+03     0.0000e+00  0.0000e+00     0.0000e+00  0.0000e+00     0.0000e+00  0.0000e+00     0.0000e+00  0.0000e+00 
9.4563e+03     0.0000e+00  0.0000e+00     0.0000e+00  0.0000e+00     0.0000e+00  0.0000e+00     0.0000e+00  0.0000e+00 
