yF = 2.3099e+01 (std: 0.0000e+00) keV/um
yD = 4.5178e+01 (std: 0.0000e+00) keV/um
y (keV/um)     f(y)(std)                  yf(y)(std)                 d(y)(std)                  yd(y)(std)  
1.0610e-01     3.5303e+00  0.0000e+00     3.7456e-01  0.0000e+00     1.6216e-02  0.0000e+00     1.7205e-03  0.0000e+00 
1.1905e-01     4.3363e-01  0.0000e+00     5.1623e-02  0.0000e+00     2.2349e-03  0.0000e+00     2.6605e-04  0.0000e+00 
1.3357e-01     2.2859e-01  0.0000e+00     3.0533e-02  0.0000e+00     1.3219e-03  0.0000e+00     1.7656e-04  0.0000e+00 
1.4987e-01     5.5925e-01  0.0000e+00     8.3816e-02  0.0000e+00     3.6286e-03  0.0000e+00     5.4382e-04  0.0000e+00 
1.6816e-01     2.9857e-01  0.0000e+00     5.0206e-02  0.0000e+00     2.1735e-03  0.0000e+00     3.6550e-04  0.0000e+00 
1.8868e-01     2.6237e-01  0.0000e+00     4.9503e-02  0.0000e+00     2.1431e-03  0.0000e+00     4.0435e-04  0.0000e+00 
2.1170e-01     2.6260e-01  0.0000e+00     5.5592e-02  0.0000e+00     2.4067e-03  0.0000e+00     5.0949e-04  0.0000e+00 
2.3753e-01     2.5147e-01  0.0000e+00     5.9732e-02  0.0000e+00     2.5859e-03  0.0000e+00     6.1423e-04  0.0000e+00 
2.6651e-01     1.7556e-01  0.0000e+00     4.6788e-02  0.0000e+00     2.0255e-03  0.0000e+00     5.3983e-04  0.0000e+00 
2.9903e-01     1.5052e-01  0.0000e+00     4.5011e-02  0.0000e+00     1.9486e-03  0.0000e+00     5.8270e-04  0.0000e+00 
3.3552e-01     2.7441e-01  0.0000e+00     9.2069e-02  0.0000e+00     3.9859e-03  0.0000e+00     1.3373e-03  0.0000e+00 
3.7646e-01     2.6033e-01  0.0000e+00     9.8005e-02  0.0000e+00     4.2428e-03  0.0000e+00     1.5973e-03  0.0000e+00 
4.2240e-01     1.8944e-01  0.0000e+00     8.0018e-02  0.0000e+00     3.4642e-03  0.0000e+00     1.4632e-03  0.0000e+00 
4.7394e-01     1.9246e-01  0.0000e+00     9.1212e-02  0.0000e+00     3.9488e-03  0.0000e+00     1.8715e-03  0.0000e+00 
5.3176e-01     1.7802e-01  0.0000e+00     9.4667e-02  0.0000e+00     4.0983e-03  0.0000e+00     2.1794e-03  0.0000e+00 
5.9665e-01     1.3012e-01  0.0000e+00     7.7637e-02  0.0000e+00     3.3611e-03  0.0000e+00     2.0054e-03  0.0000e+00 
6.6945e-01     1.1642e-01  0.0000e+00     7.7935e-02  0.0000e+00     3.3740e-03  0.0000e+00     2.2587e-03  0.0000e+00 
7.5114e-01     1.1699e-01  0.0000e+00     8.7875e-02  0.0000e+00     3.8043e-03  0.0000e+00     2.8575e-03  0.0000e+00 
8.4279e-01     9.1006e-02  0.0000e+00     7.6699e-02  0.0000e+00     3.3205e-03  0.0000e+00     2.7984e-03  0.0000e+00 
9.4563e-01     6.9329e-02  0.0000e+00     6.5559e-02  0.0000e+00     2.8382e-03  0.0000e+00     2.6839e-03  0.0000e+00 
1.0610e+00     5.4342e-02  0.0000e+00     5.7657e-02  0.0000e+00     2.4961e-03  0.0000e+00     2.6484e-03  0.0000e+00 
1.1905e+00     4.1151e-02  0.0000e+00     4.8989e-02  0.0000e+00     2.1208e-03  0.0000e+00     2.5248e-03  0.0000e+00 
1.3357e+00     2.8072e-02  0.0000e+00     3.7497e-02  0.0000e+00     1.6233e-03  0.0000e+00     2.1683e-03  0.0000e+00 
1.4987e+00     1.9139e-02  0.0000e+00     2.8684e-02  0.0000e+00     1.2418e-03  0.0000e+00     1.8611e-03  0.0000e+00 
1.6816e+00     1.1930e-02  0.0000e+00     2.0061e-02  0.0000e+00     8.6848e-04  0.0000e+00     1.4604e-03  0.0000e+00 
1.8868e+00     6.9273e-03  0.0000e+00     1.3070e-02  0.0000e+00     5.6584e-04  0.0000e+00     1.0676e-03  0.0000e+00 
2.1170e+00     3.6388e-03  0.0000e+00     7.7033e-03  0.0000e+00     3.3349e-04  0.0000e+00     7.0600e-04  0.0000e+00 
2.3753e+00     1.6823e-03  0.0000e+00     3.9960e-03  0.0000e+00     1.7299e-04  0.0000e+00     4.1091e-04  0.0000e+00 
2.6651e+00     8.3259e-04  0.0000e+00     2.2190e-03  0.0000e+00     9.6064e-05  0.0000e+00     2.5602e-04  0.0000e+00 
2.9903e+00     3.1070e-04  0.0000e+00     9.2908e-04  0.0000e+00     4.0222e-05  0.0000e+00     1.2028e-04  0.0000e+00 
3.3552e+00     7.5276e-05  0.0000e+00     2.5257e-04  0.0000e+00     1.0934e-05  0.0000e+00     3.6686e-05  0.0000e+00 
3.7646e+00     2.6357e-05  0.0000e+00     9.9222e-05  0.0000e+00     4.2955e-06  0.0000e+00     1.6171e-05  0.0000e+00 
4.2240e+00     8.5420e-06  0.0000e+00     3.6081e-05  0.0000e+00     1.5620e-06  0.0000e+00     6.5979e-06  0.0000e+00 
4.7394e+00     1.9033e-06  0.0000e+00     9.0202e-06  0.0000e+00     3.9050e-07  0.0000e+00     1.8507e-06  0.0000e+00 
5.3176e+00     0.0000e+00  0.0000e+00     0.0000e+00  0.0000e+00     0.0000e+00  0.0000e+00     0.0000e+00  0.0000e+00 
5.9665e+00     3.4087e-02  0.0000e+00     2.0338e-01  0.0000e+00     8.8047e-03  0.0000e+00     5.2533e-02  0.0000e+00 
6.6945e+00     2.8212e-02  0.0000e+00     1.8887e-01  0.0000e+00     8.1764e-03  0.0000e+00     5.4737e-02  0.0000e+00 
7.5114e+00     9.1326e-03  0.0000e+00     6.8599e-02  0.0000e+00     2.9698e-03  0.0000e+00     2.2307e-02  0.0000e+00 
8.4279e+00     2.7479e-02  0.0000e+00     2.3159e-01  0.0000e+00     1.0026e-02  0.0000e+00     8.4500e-02  0.0000e+00 
9.4563e+00     2.6340e-02  0.0000e+00     2.4908e-01  0.0000e+00     1.0783e-02  0.0000e+00     1.0197e-01  0.0000e+00 
1.0610e+01     3.3261e-02  0.0000e+00     3.5291e-01  0.0000e+00     1.5278e-02  0.0000e+00     1.6210e-01  0.0000e+00 
1.1905e+01     2.7861e-02  0.0000e+00     3.3168e-01  0.0000e+00     1.4359e-02  0.0000e+00     1.7094e-01  0.0000e+00 
1.3357e+01     2.4509e-02  0.0000e+00     3.2737e-01  0.0000e+00     1.4173e-02  0.0000e+00     1.8931e-01  0.0000e+00 
1.4987e+01     1.9394e-02  0.0000e+00     2.9066e-01  0.0000e+00     1.2583e-02  0.0000e+00     1.8859e-01  0.0000e+00 
1.6816e+01     1.7152e-02  0.0000e+00     2.8842e-01  0.0000e+00     1.2486e-02  0.0000e+00     2.0997e-01  0.0000e+00 
1.8868e+01     1.7276e-02  0.0000e+00     3.2596e-01  0.0000e+00     1.4112e-02  0.0000e+00     2.6625e-01  0.0000e+00 
2.1170e+01     1.7930e-02  0.0000e+00     3.7957e-01  0.0000e+00     1.6432e-02  0.0000e+00     3.4787e-01  0.0000e+00 
2.3753e+01     1.6972e-02  0.0000e+00     4.0313e-01  0.0000e+00     1.7452e-02  0.0000e+00     4.1455e-01  0.0000e+00 
2.6651e+01     1.4436e-02  0.0000e+00     3.8474e-01  0.0000e+00     1.6656e-02  0.0000e+00     4.4391e-01  0.0000e+00 
2.9903e+01     1.2287e-02  0.0000e+00     3.6742e-01  0.0000e+00     1.5906e-02  0.0000e+00     4.7565e-01  0.0000e+00 
3.3552e+01     1.1145e-02  0.0000e+00     3.7393e-01  0.0000e+00     1.6188e-02  0.0000e+00     5.4315e-01  0.0000e+00 
3.7646e+01     9.5454e-03  0.0000e+00     3.5935e-01  0.0000e+00     1.5557e-02  0.0000e+00     5.8566e-01  0.0000e+00 
4.2240e+01     7.6931e-03  0.0000e+00     3.2495e-01  0.0000e+00     1.4068e-02  0.0000e+00     5.9422e-01  0.0000e+00 
4.7394e+01     6.3894e-03  0.0000e+00     3.0282e-01  0.0000e+00     1.3110e-02  0.0000e+00     6.2131e-01  0.0000e+00 
5.3176e+01     4.9521e-03  0.0000e+00     2.6334e-01  0.0000e+00     1.1400e-02  0.0000e+00     6.0623e-01  0.0000e+00 
5.9665e+01     3.7006e-03  0.0000e+00     2.2080e-01  0.0000e+00     9.5588e-03  0.0000e+00     5.7032e-01  0.0000e+00 
6.6945e+01     2.6375e-03  0.0000e+00     1.7657e-01  0.0000e+00     7.6441e-03  0.0000e+00     5.1174e-01  0.0000e+00 
7.5114e+01     1.7850e-03  0.0000e+00     1.3408e-01  0.0000e+00     5.8045e-03  0.0000e+00     4.3599e-01  0.0000e+00 
8.4279e+01     1.1406e-03  0.0000e+00     9.6128e-02  0.0000e+00     4.1616e-03  0.0000e+00     3.5074e-01  0.0000e+00 
9.4563e+01     6.7182e-04  0.0000e+00     6.3529e-02  0.0000e+00     2.7503e-03  0.0000e+00     2.6008e-01  0.0000e+00 
1.0610e+02     3.5953e-04  0.0000e+00     3.8146e-02  0.0000e+00     1.6514e-03  0.0000e+00     1.7522e-01  0.0000e+00 
1.1905e+02     1.7495e-04  0.0000e+00     2.0828e-02  0.0000e+00     9.0167e-04  0.0000e+00     1.0734e-01  0.0000e+00 
1.3357e+02     7.9280e-05  0.0000e+00     1.0590e-02  0.0000e+00     4.5845e-04  0.0000e+00     6.1237e-02  0.0000e+00 
1.4987e+02     2.9130e-05  0.0000e+00     4.3658e-03  0.0000e+00     1.8900e-04  0.0000e+00     2.8326e-02  0.0000e+00 
1.6816e+02     1.0031e-05  0.0000e+00     1.6868e-03  0.0000e+00     7.3024e-05  0.0000e+00     1.2280e-02  0.0000e+00 
1.8868e+02     3.1075e-06  0.0000e+00     5.8631e-04  0.0000e+00     2.5383e-05  0.0000e+00     4.7891e-03  0.0000e+00 
2.1170e+02     6.8174e-07  0.0000e+00     1.4432e-04  0.0000e+00     6.2481e-06  0.0000e+00     1.3227e-03  0.0000e+00 
2.3753e+02     1.1392e-07  0.0000e+00     2.7061e-05  0.0000e+00     1.1715e-06  0.0000e+00     2.7827e-04  0.0000e+00 
2.6651e+02     0.0000e+00  0.0000e+00     0.0000e+00  0.0000e+00     0.0000e+00  0.0000e+00     0.0000e+00  0.0000e+00 
2.9903e+02     0.0000e+00  0.0000e+00     0.0000e+00  0.0000e+00     0.0000e+00  0.0000e+00     0.0000e+00  0.0000e+00 
3.3552e+02     0.0000e+00  0.0000e+00     0.0000e+00  0.0000e+00     0.0000e+00  0.0000e+00     0.0000e+00  0.0000e+00 
3.7646e+02     0.0000e+00  0.0000e+00     0.0000e+00  0.0000e+00     0.0000e+00  0.0000e+00     0.0000e+00  0.0000e+00 
4.2240e+02     0.0000e+00  0.0000e+00     0.0000e+00  0.0000e+00     0.0000e+00  0.0000e+00     0.0000e+00  0.0000e+00 
4.7394e+02     0.0000e+00  0.0000e+00     0.0000e+00  0.0000e+00     0.0000e+00  0.0000e+00     0.0000e+00  0.0000e+00 
5.3176e+02     0.0000e+00  0.0000e+00     0.0000e+00  0.0000e+00     0.0000e+00  0.0000e+00     0.0000e+00  0.0000e+00 
5.9665e+02     0.0000e+00  0.0000e+00     0.0000e+00  0.0000e+00     0.0000e+00  0.0000e+00     0.0000e+00  0.0000e+00 
6.6945e+02     0.0000e+00  0.0000e+00     0.0000e+00  0.0000e+00     0.0000e+00  0.0000e+00     0.0000e+00  0.0000e+00 
7.5114e+02     0.0000e+00  0.0000e+00     0.0000e+00  0.0000e+00     0.0000e+00  0.0000e+00     0.0000e+00  0.0000e+00 
8.4279e+02     0.0000e+00  0.0000e+00     0.0000e+00  0.0000e+00     0.0000e+00  0.0000e+00     0.0000e+00  0.0000e+00 
9.4563e+02     0.0000e+00  0.0000e+00     0.0000e+00  0.0000e+00     0.0000e+00  0.0000e+00     0.0000e+00  0.0000e+00 
1.0610e+03     0.0000e+00  0.0000e+00     0.0000e+00  0.0000e+00     0.0000e+00  0.0000e+00     0.0000e+00  0.0000e+00 
1.1905e+03     0.0000e+00  0.0000e+00     0.0000e+00  0.0000e+00     0.0000e+00  0.0000e+00     0.0000e+00  0.0000e+00 
1.3357e+03     0.0000e+00  0.0000e+00     0.0000e+00  0.0000e+00     0.0000e+00  0.0000e+00     0.0000e+00  0.0000e+00 
1.4987e+03     0.0000e+00  0.0000e+00     0.0000e+00  0.0000e+00     0.0000e+00  0.0000e+00     0.0000e+00  0.0000e+00 
1.6816e+03     0.0000e+00  0.0000e+00     0.0000e+00  0.0000e+00     0.0000e+00  0.0000e+00     0.0000e+00  0.0000e+00 
1.8868e+03     0.0000e+00  0.0000e+00     0.0000e+00  0.0000e+00     0.0000e+00  0.0000e+00     0.0000e+00  0.0000e+00 
2.1170e+03     0.0000e+00  0.0000e+00     0.0000e+00  0.0000e+00     0.0000e+00  0.0000e+00     0.0000e+00  0.0000e+00 
2.3753e+03     0.0000e+00  0.0000e+00     0.0000e+00  0.0000e+00     0.0000e+00  0.0000e+00     0.0000e+00  0.0000e+00 
2.6651e+03     0.0000e+00  0.0000e+00     0.0000e+00  0.0000e+00     0.0000e+00  0.0000e+00     0.0000e+00  0.0000e+00 
2.9903e+03     0.0000e+00  0.0000e+00     0.0000e+00  0.0000e+00     0.0000e+00  0.0000e+00     0.0000e+00  0.0000e+00 
3.3552e+03     0.0000e+00  0.0000e+00     0.0000e+00  0.0000e+00     0.0000e+00  0.0000e+00     0.0000e+00  0.0000e+00 
3.7646e+03     0.0000e+00  0.0000e+00     0.0000e+00  0.0000e+00     0.0000e+00  0.0000e+00     0.0000e+00  0.0000e+00 
4.2240e+03     0.0000e+00  0.0000e+00     0.0000e+00  0.0000e+00     0.0000e+00  0.0000e+00     0.0000e+00  0.0000e+00 
4.7394e+03     0.0000e+00  0.0000e+00     0.0000e+00  0.0000e+00     0.0000e+00  0.0000e+00     0.0000e+00  0.0000e+00 
5.3176e+03     0.0000e+00  0.0000e+00     0.0000e+00  0.0000e+00     0.0000e+00  0.0000e+00     0.0000e+00  0.0000e+00 
5.9665e+03     0.0000e+00  0.0000e+00     0.0000e+00  0.0000e+00     0.0000e+00  0.0000e+00     0.0000e+00  0.0000e+00 
6.6945e+03     0.0000e+00  0.0000e+00     0.0000e+00  0.0000e+00     0.0000e+00  0.0000e+00     0.0000e+00  0.0000e+00 
7.5114e+03     0.0000e+00  0.0000e+00     0.0000e+00  0.0000e+00     0.0000e+00  0.0000e+00     0.0000e+00  0.0000e+00 
8.4279e+03     0.0000e+00  0.0000e+00     0.0000e+00  0.0000e+00     0.0000e+00  0.0000e+00     0.0000e+00  0.0000e+00 
9.4563e+03     0.0000e+00  0.0000e+00     0.0000e+00  0.0000e+00     0.0000e+00  0.0000e+00     0.0000e+00  0.0000e+00 
