yF = 1.9394e+01 (std: 0.0000e+00) keV/um
yD = 4.1474e+01 (std: 0.0000e+00) keV/um
y (keV/um)     f(y)(std)                  yf(y)(std)                 d(y)(std)                  yd(y)(std)  
1.0610e-01     5.6968e+00  0.0000e+00     6.0444e-01  0.0000e+00     3.1166e-02  0.0000e+00     3.3068e-03  0.0000e+00 
1.1905e-01     6.4346e-01  0.0000e+00     7.6602e-02  0.0000e+00     3.9498e-03  0.0000e+00     4.7021e-04  0.0000e+00 
1.3357e-01     2.9629e-01  0.0000e+00     3.9577e-02  0.0000e+00     2.0407e-03  0.0000e+00     2.7258e-04  0.0000e+00 
1.4987e-01     8.1269e-01  0.0000e+00     1.2180e-01  0.0000e+00     6.2803e-03  0.0000e+00     9.4124e-04  0.0000e+00 
1.6816e-01     4.0784e-01  0.0000e+00     6.8581e-02  0.0000e+00     3.5362e-03  0.0000e+00     5.9465e-04  0.0000e+00 
1.8868e-01     3.3215e-01  0.0000e+00     6.2669e-02  0.0000e+00     3.2314e-03  0.0000e+00     6.0969e-04  0.0000e+00 
2.1170e-01     3.3334e-01  0.0000e+00     7.0568e-02  0.0000e+00     3.6387e-03  0.0000e+00     7.7030e-04  0.0000e+00 
2.3753e-01     3.2709e-01  0.0000e+00     7.7694e-02  0.0000e+00     4.0061e-03  0.0000e+00     9.5157e-04  0.0000e+00 
2.6651e-01     2.1579e-01  0.0000e+00     5.7510e-02  0.0000e+00     2.9654e-03  0.0000e+00     7.9032e-04  0.0000e+00 
2.9903e-01     1.7812e-01  0.0000e+00     5.3265e-02  0.0000e+00     2.7465e-03  0.0000e+00     8.2129e-04  0.0000e+00 
3.3552e-01     3.8369e-01  0.0000e+00     1.2874e-01  0.0000e+00     6.6380e-03  0.0000e+00     2.2272e-03  0.0000e+00 
3.7646e-01     3.4414e-01  0.0000e+00     1.2956e-01  0.0000e+00     6.6803e-03  0.0000e+00     2.5149e-03  0.0000e+00 
4.2240e-01     2.3081e-01  0.0000e+00     9.7492e-02  0.0000e+00     5.0269e-03  0.0000e+00     2.1234e-03  0.0000e+00 
4.7394e-01     2.3578e-01  0.0000e+00     1.1174e-01  0.0000e+00     5.7619e-03  0.0000e+00     2.7307e-03  0.0000e+00 
5.3176e-01     2.0161e-01  0.0000e+00     1.0721e-01  0.0000e+00     5.5279e-03  0.0000e+00     2.9395e-03  0.0000e+00 
5.9665e-01     1.4164e-01  0.0000e+00     8.4510e-02  0.0000e+00     4.3576e-03  0.0000e+00     2.5999e-03  0.0000e+00 
6.6945e-01     1.3469e-01  0.0000e+00     9.0168e-02  0.0000e+00     4.6493e-03  0.0000e+00     3.1125e-03  0.0000e+00 
7.5114e-01     1.3245e-01  0.0000e+00     9.9488e-02  0.0000e+00     5.1299e-03  0.0000e+00     3.8532e-03  0.0000e+00 
8.4279e-01     9.3840e-02  0.0000e+00     7.9087e-02  0.0000e+00     4.0780e-03  0.0000e+00     3.4369e-03  0.0000e+00 
9.4563e-01     7.0275e-02  0.0000e+00     6.6454e-02  0.0000e+00     3.4265e-03  0.0000e+00     3.2402e-03  0.0000e+00 
1.0610e+00     5.3698e-02  0.0000e+00     5.6974e-02  0.0000e+00     2.9377e-03  0.0000e+00     3.1170e-03  0.0000e+00 
1.1905e+00     3.8535e-02  0.0000e+00     4.5875e-02  0.0000e+00     2.3654e-03  0.0000e+00     2.8160e-03  0.0000e+00 
1.3357e+00     2.5985e-02  0.0000e+00     3.4710e-02  0.0000e+00     1.7897e-03  0.0000e+00     2.3906e-03  0.0000e+00 
1.4987e+00     1.6526e-02  0.0000e+00     2.4768e-02  0.0000e+00     1.2771e-03  0.0000e+00     1.9140e-03  0.0000e+00 
1.6816e+00     9.7635e-03  0.0000e+00     1.6418e-02  0.0000e+00     8.4656e-04  0.0000e+00     1.4236e-03  0.0000e+00 
1.8868e+00     5.3787e-03  0.0000e+00     1.0148e-02  0.0000e+00     5.2328e-04  0.0000e+00     9.8730e-04  0.0000e+00 
2.1170e+00     2.8238e-03  0.0000e+00     5.9779e-03  0.0000e+00     3.0824e-04  0.0000e+00     6.5254e-04  0.0000e+00 
2.3753e+00     1.1573e-03  0.0000e+00     2.7489e-03  0.0000e+00     1.4174e-04  0.0000e+00     3.3668e-04  0.0000e+00 
2.6651e+00     4.5920e-04  0.0000e+00     1.2238e-03  0.0000e+00     6.3104e-05  0.0000e+00     1.6818e-04  0.0000e+00 
2.9903e+00     1.6685e-04  0.0000e+00     4.9894e-04  0.0000e+00     2.5727e-05  0.0000e+00     7.6932e-05  0.0000e+00 
3.3552e+00     6.7339e-05  0.0000e+00     2.2594e-04  0.0000e+00     1.1650e-05  0.0000e+00     3.9088e-05  0.0000e+00 
3.7646e+00     1.0003e-05  0.0000e+00     3.7656e-05  0.0000e+00     1.9417e-06  0.0000e+00     7.3096e-06  0.0000e+00 
4.2240e+00     6.6862e-06  0.0000e+00     2.8242e-05  0.0000e+00     1.4562e-06  0.0000e+00     6.1511e-06  0.0000e+00 
4.7394e+00     0.0000e+00  0.0000e+00     0.0000e+00  0.0000e+00     0.0000e+00  0.0000e+00     0.0000e+00  0.0000e+00 
5.3176e+00     0.0000e+00  0.0000e+00     0.0000e+00  0.0000e+00     0.0000e+00  0.0000e+00     0.0000e+00  0.0000e+00 
5.9665e+00     4.2110e-02  0.0000e+00     2.5125e-01  0.0000e+00     1.2955e-02  0.0000e+00     7.7297e-02  0.0000e+00 
6.6945e+00     2.7666e-02  0.0000e+00     1.8521e-01  0.0000e+00     9.5500e-03  0.0000e+00     6.3933e-02  0.0000e+00 
7.5114e+00     8.2844e-03  0.0000e+00     6.2227e-02  0.0000e+00     3.2086e-03  0.0000e+00     2.4101e-02  0.0000e+00 
8.4279e+00     3.3036e-02  0.0000e+00     2.7842e-01  0.0000e+00     1.4356e-02  0.0000e+00     1.2099e-01  0.0000e+00 
9.4563e+00     2.6545e-02  0.0000e+00     2.5102e-01  0.0000e+00     1.2943e-02  0.0000e+00     1.2239e-01  0.0000e+00 
1.0610e+01     3.7017e-02  0.0000e+00     3.9275e-01  0.0000e+00     2.0251e-02  0.0000e+00     2.1487e-01  0.0000e+00 
1.1905e+01     3.0459e-02  0.0000e+00     3.6260e-01  0.0000e+00     1.8697e-02  0.0000e+00     2.2258e-01  0.0000e+00 
1.3357e+01     2.5444e-02  0.0000e+00     3.3987e-01  0.0000e+00     1.7524e-02  0.0000e+00     2.3408e-01  0.0000e+00 
1.4987e+01     1.8840e-02  0.0000e+00     2.8236e-01  0.0000e+00     1.4559e-02  0.0000e+00     2.1820e-01  0.0000e+00 
1.6816e+01     1.7447e-02  0.0000e+00     2.9338e-01  0.0000e+00     1.5127e-02  0.0000e+00     2.5438e-01  0.0000e+00 
1.8868e+01     1.5895e-02  0.0000e+00     2.9990e-01  0.0000e+00     1.5464e-02  0.0000e+00     2.9177e-01  0.0000e+00 
2.1170e+01     1.6452e-02  0.0000e+00     3.4828e-01  0.0000e+00     1.7958e-02  0.0000e+00     3.8018e-01  0.0000e+00 
2.3753e+01     1.5620e-02  0.0000e+00     3.7102e-01  0.0000e+00     1.9131e-02  0.0000e+00     4.5441e-01  0.0000e+00 
2.6651e+01     1.2783e-02  0.0000e+00     3.4068e-01  0.0000e+00     1.7566e-02  0.0000e+00     4.6816e-01  0.0000e+00 
2.9903e+01     1.0553e-02  0.0000e+00     3.1557e-01  0.0000e+00     1.6272e-02  0.0000e+00     4.8657e-01  0.0000e+00 
3.3552e+01     9.6180e-03  0.0000e+00     3.2270e-01  0.0000e+00     1.6639e-02  0.0000e+00     5.5829e-01  0.0000e+00 
3.7646e+01     8.0079e-03  0.0000e+00     3.0147e-01  0.0000e+00     1.5544e-02  0.0000e+00     5.8518e-01  0.0000e+00 
4.2240e+01     6.3601e-03  0.0000e+00     2.6865e-01  0.0000e+00     1.3852e-02  0.0000e+00     5.8511e-01  0.0000e+00 
4.7394e+01     5.1036e-03  0.0000e+00     2.4188e-01  0.0000e+00     1.2472e-02  0.0000e+00     5.9108e-01  0.0000e+00 
5.3176e+01     3.8772e-03  0.0000e+00     2.0618e-01  0.0000e+00     1.0631e-02  0.0000e+00     5.6532e-01  0.0000e+00 
5.9665e+01     2.8934e-03  0.0000e+00     1.7263e-01  0.0000e+00     8.9015e-03  0.0000e+00     5.3111e-01  0.0000e+00 
6.6945e+01     1.9646e-03  0.0000e+00     1.3152e-01  0.0000e+00     6.7817e-03  0.0000e+00     4.5400e-01  0.0000e+00 
7.5114e+01     1.2717e-03  0.0000e+00     9.5524e-02  0.0000e+00     4.9255e-03  0.0000e+00     3.6997e-01  0.0000e+00 
8.4279e+01     7.7934e-04  0.0000e+00     6.5682e-02  0.0000e+00     3.3867e-03  0.0000e+00     2.8543e-01  0.0000e+00 
9.4563e+01     4.4212e-04  0.0000e+00     4.1808e-02  0.0000e+00     2.1557e-03  0.0000e+00     2.0385e-01  0.0000e+00 
1.0610e+02     2.2253e-04  0.0000e+00     2.3610e-02  0.0000e+00     1.2174e-03  0.0000e+00     1.2917e-01  0.0000e+00 
1.1905e+02     1.0676e-04  0.0000e+00     1.2709e-02  0.0000e+00     6.5531e-04  0.0000e+00     7.8013e-02  0.0000e+00 
1.3357e+02     4.4190e-05  0.0000e+00     5.9026e-03  0.0000e+00     3.0435e-04  0.0000e+00     4.0654e-02  0.0000e+00 
1.4987e+02     1.6269e-05  0.0000e+00     2.4382e-03  0.0000e+00     1.2572e-04  0.0000e+00     1.8842e-02  0.0000e+00 
1.6816e+02     5.9902e-06  0.0000e+00     1.0073e-03  0.0000e+00     5.1939e-05  0.0000e+00     8.7340e-03  0.0000e+00 
1.8868e+02     1.7463e-06  0.0000e+00     3.2949e-04  0.0000e+00     1.6989e-05  0.0000e+00     3.2055e-03  0.0000e+00 
2.1170e+02     4.8916e-07  0.0000e+00     1.0355e-04  0.0000e+00     5.3395e-06  0.0000e+00     1.1304e-03  0.0000e+00 
2.3753e+02     7.9266e-08  0.0000e+00     1.8828e-05  0.0000e+00     9.7083e-07  0.0000e+00     2.3060e-04  0.0000e+00 
2.6651e+02     0.0000e+00  0.0000e+00     0.0000e+00  0.0000e+00     0.0000e+00  0.0000e+00     0.0000e+00  0.0000e+00 
2.9903e+02     0.0000e+00  0.0000e+00     0.0000e+00  0.0000e+00     0.0000e+00  0.0000e+00     0.0000e+00  0.0000e+00 
3.3552e+02     0.0000e+00  0.0000e+00     0.0000e+00  0.0000e+00     0.0000e+00  0.0000e+00     0.0000e+00  0.0000e+00 
3.7646e+02     0.0000e+00  0.0000e+00     0.0000e+00  0.0000e+00     0.0000e+00  0.0000e+00     0.0000e+00  0.0000e+00 
4.2240e+02     0.0000e+00  0.0000e+00     0.0000e+00  0.0000e+00     0.0000e+00  0.0000e+00     0.0000e+00  0.0000e+00 
4.7394e+02     0.0000e+00  0.0000e+00     0.0000e+00  0.0000e+00     0.0000e+00  0.0000e+00     0.0000e+00  0.0000e+00 
5.3176e+02     0.0000e+00  0.0000e+00     0.0000e+00  0.0000e+00     0.0000e+00  0.0000e+00     0.0000e+00  0.0000e+00 
5.9665e+02     0.0000e+00  0.0000e+00     0.0000e+00  0.0000e+00     0.0000e+00  0.0000e+00     0.0000e+00  0.0000e+00 
6.6945e+02     0.0000e+00  0.0000e+00     0.0000e+00  0.0000e+00     0.0000e+00  0.0000e+00     0.0000e+00  0.0000e+00 
7.5114e+02     0.0000e+00  0.0000e+00     0.0000e+00  0.0000e+00     0.0000e+00  0.0000e+00     0.0000e+00  0.0000e+00 
8.4279e+02     0.0000e+00  0.0000e+00     0.0000e+00  0.0000e+00     0.0000e+00  0.0000e+00     0.0000e+00  0.0000e+00 
9.4563e+02     0.0000e+00  0.0000e+00     0.0000e+00  0.0000e+00     0.0000e+00  0.0000e+00     0.0000e+00  0.0000e+00 
1.0610e+03     0.0000e+00  0.0000e+00     0.0000e+00  0.0000e+00     0.0000e+00  0.0000e+00     0.0000e+00  0.0000e+00 
1.1905e+03     0.0000e+00  0.0000e+00     0.0000e+00  0.0000e+00     0.0000e+00  0.0000e+00     0.0000e+00  0.0000e+00 
1.3357e+03     0.0000e+00  0.0000e+00     0.0000e+00  0.0000e+00     0.0000e+00  0.0000e+00     0.0000e+00  0.0000e+00 
1.4987e+03     0.0000e+00  0.0000e+00     0.0000e+00  0.0000e+00     0.0000e+00  0.0000e+00     0.0000e+00  0.0000e+00 
1.6816e+03     0.0000e+00  0.0000e+00     0.0000e+00  0.0000e+00     0.0000e+00  0.0000e+00     0.0000e+00  0.0000e+00 
1.8868e+03     0.0000e+00  0.0000e+00     0.0000e+00  0.0000e+00     0.0000e+00  0.0000e+00     0.0000e+00  0.0000e+00 
2.1170e+03     0.0000e+00  0.0000e+00     0.0000e+00  0.0000e+00     0.0000e+00  0.0000e+00     0.0000e+00  0.0000e+00 
2.3753e+03     0.0000e+00  0.0000e+00     0.0000e+00  0.0000e+00     0.0000e+00  0.0000e+00     0.0000e+00  0.0000e+00 
2.6651e+03     0.0000e+00  0.0000e+00     0.0000e+00  0.0000e+00     0.0000e+00  0.0000e+00     0.0000e+00  0.0000e+00 
2.9903e+03     0.0000e+00  0.0000e+00     0.0000e+00  0.0000e+00     0.0000e+00  0.0000e+00     0.0000e+00  0.0000e+00 
3.3552e+03     0.0000e+00  0.0000e+00     0.0000e+00  0.0000e+00     0.0000e+00  0.0000e+00     0.0000e+00  0.0000e+00 
3.7646e+03     0.0000e+00  0.0000e+00     0.0000e+00  0.0000e+00     0.0000e+00  0.0000e+00     0.0000e+00  0.0000e+00 
4.2240e+03     0.0000e+00  0.0000e+00     0.0000e+00  0.0000e+00     0.0000e+00  0.0000e+00     0.0000e+00  0.0000e+00 
4.7394e+03     0.0000e+00  0.0000e+00     0.0000e+00  0.0000e+00     0.0000e+00  0.0000e+00     0.0000e+00  0.0000e+00 
5.3176e+03     0.0000e+00  0.0000e+00     0.0000e+00  0.0000e+00     0.0000e+00  0.0000e+00     0.0000e+00  0.0000e+00 
5.9665e+03     0.0000e+00  0.0000e+00     0.0000e+00  0.0000e+00     0.0000e+00  0.0000e+00     0.0000e+00  0.0000e+00 
6.6945e+03     0.0000e+00  0.0000e+00     0.0000e+00  0.0000e+00     0.0000e+00  0.0000e+00     0.0000e+00  0.0000e+00 
7.5114e+03     0.0000e+00  0.0000e+00     0.0000e+00  0.0000e+00     0.0000e+00  0.0000e+00     0.0000e+00  0.0000e+00 
8.4279e+03     0.0000e+00  0.0000e+00     0.0000e+00  0.0000e+00     0.0000e+00  0.0000e+00     0.0000e+00  0.0000e+00 
9.4563e+03     0.0000e+00  0.0000e+00     0.0000e+00  0.0000e+00     0.0000e+00  0.0000e+00     0.0000e+00  0.0000e+00 
