yF = 6.7016e+00 (std: 0.0000e+00) keV/um
yD = 2.3755e+01 (std: 0.0000e+00) keV/um
y (keV/um)     f(y)(std)                  yf(y)(std)                 d(y)(std)                  yd(y)(std)  
1.0610e-01     2.3515e+01  0.0000e+00     2.4950e+00  0.0000e+00     3.7230e-01  0.0000e+00     3.9501e-02  0.0000e+00 
1.1905e-01     1.8565e+00  0.0000e+00     2.2102e-01  0.0000e+00     3.2979e-02  0.0000e+00     3.9261e-03  0.0000e+00 
1.3357e-01     4.4805e-01  0.0000e+00     5.9848e-02  0.0000e+00     8.9303e-03  0.0000e+00     1.1928e-03  0.0000e+00 
1.4987e-01     2.5124e+00  0.0000e+00     3.7654e-01  0.0000e+00     5.6186e-02  0.0000e+00     8.4207e-03  0.0000e+00 
1.6816e-01     6.8416e-01  0.0000e+00     1.1505e-01  0.0000e+00     1.7167e-02  0.0000e+00     2.8868e-03  0.0000e+00 
1.8868e-01     4.6774e-01  0.0000e+00     8.8251e-02  0.0000e+00     1.3169e-02  0.0000e+00     2.4846e-03  0.0000e+00 
2.1170e-01     5.0671e-01  0.0000e+00     1.0727e-01  0.0000e+00     1.6006e-02  0.0000e+00     3.3886e-03  0.0000e+00 
2.3753e-01     4.5997e-01  0.0000e+00     1.0926e-01  0.0000e+00     1.6303e-02  0.0000e+00     3.8725e-03  0.0000e+00 
2.6651e-01     1.9949e-01  0.0000e+00     5.3167e-02  0.0000e+00     7.9334e-03  0.0000e+00     2.1144e-03  0.0000e+00 
2.9903e-01     1.6870e-01  0.0000e+00     5.0448e-02  0.0000e+00     7.5277e-03  0.0000e+00     2.2510e-03  0.0000e+00 
3.3552e-01     1.2049e+00  0.0000e+00     4.0426e-01  0.0000e+00     6.0322e-02  0.0000e+00     2.0239e-02  0.0000e+00 
3.7646e-01     7.6664e-01  0.0000e+00     2.8861e-01  0.0000e+00     4.3066e-02  0.0000e+00     1.6213e-02  0.0000e+00 
4.2240e-01     3.1705e-01  0.0000e+00     1.3392e-01  0.0000e+00     1.9983e-02  0.0000e+00     8.4407e-03  0.0000e+00 
4.7394e-01     2.9821e-01  0.0000e+00     1.4133e-01  0.0000e+00     2.1089e-02  0.0000e+00     9.9948e-03  0.0000e+00 
5.3176e-01     1.8144e-01  0.0000e+00     9.6481e-02  0.0000e+00     1.4397e-02  0.0000e+00     7.6556e-03  0.0000e+00 
5.9665e-01     9.2539e-02  0.0000e+00     5.5214e-02  0.0000e+00     8.2388e-03  0.0000e+00     4.9157e-03  0.0000e+00 
6.6945e-01     1.8188e-01  0.0000e+00     1.2176e-01  0.0000e+00     1.8168e-02  0.0000e+00     1.2163e-02  0.0000e+00 
7.5114e-01     1.5170e-01  0.0000e+00     1.1395e-01  0.0000e+00     1.7003e-02  0.0000e+00     1.2772e-02  0.0000e+00 
8.4279e-01     6.8704e-02  0.0000e+00     5.7903e-02  0.0000e+00     8.6402e-03  0.0000e+00     7.2819e-03  0.0000e+00 
9.4563e-01     4.3440e-02  0.0000e+00     4.1078e-02  0.0000e+00     6.1295e-03  0.0000e+00     5.7962e-03  0.0000e+00 
1.0610e+00     3.5533e-02  0.0000e+00     3.7701e-02  0.0000e+00     5.6256e-03  0.0000e+00     5.9688e-03  0.0000e+00 
1.1905e+00     1.9144e-02  0.0000e+00     2.2790e-02  0.0000e+00     3.4007e-03  0.0000e+00     4.0484e-03  0.0000e+00 
1.3357e+00     1.2575e-02  0.0000e+00     1.6797e-02  0.0000e+00     2.5063e-03  0.0000e+00     3.3478e-03  0.0000e+00 
1.4987e+00     6.5742e-03  0.0000e+00     9.8528e-03  0.0000e+00     1.4702e-03  0.0000e+00     2.2034e-03  0.0000e+00 
1.6816e+00     3.5468e-03  0.0000e+00     5.9643e-03  0.0000e+00     8.8998e-04  0.0000e+00     1.4966e-03  0.0000e+00 
1.8868e+00     1.4721e-03  0.0000e+00     2.7775e-03  0.0000e+00     4.1445e-04  0.0000e+00     7.8197e-04  0.0000e+00 
2.1170e+00     6.2147e-04  0.0000e+00     1.3157e-03  0.0000e+00     1.9632e-04  0.0000e+00     4.1560e-04  0.0000e+00 
2.3753e+00     1.9078e-04  0.0000e+00     4.5317e-04  0.0000e+00     6.7621e-05  0.0000e+00     1.6062e-04  0.0000e+00 
2.6651e+00     5.4850e-05  0.0000e+00     1.4618e-04  0.0000e+00     2.1813e-05  0.0000e+00     5.8135e-05  0.0000e+00 
2.9903e+00     1.4666e-05  0.0000e+00     4.3855e-05  0.0000e+00     6.5439e-06  0.0000e+00     1.9569e-05  0.0000e+00 
3.3552e+00     0.0000e+00  0.0000e+00     0.0000e+00  0.0000e+00     0.0000e+00  0.0000e+00     0.0000e+00  0.0000e+00 
3.7646e+00     0.0000e+00  0.0000e+00     0.0000e+00  0.0000e+00     0.0000e+00  0.0000e+00     0.0000e+00  0.0000e+00 
4.2240e+00     0.0000e+00  0.0000e+00     0.0000e+00  0.0000e+00     0.0000e+00  0.0000e+00     0.0000e+00  0.0000e+00 
4.7394e+00     0.0000e+00  0.0000e+00     0.0000e+00  0.0000e+00     0.0000e+00  0.0000e+00     0.0000e+00  0.0000e+00 
5.3176e+00     2.7490e-06  0.0000e+00     1.4618e-05  0.0000e+00     2.1813e-06  0.0000e+00     1.1599e-05  0.0000e+00 
5.9665e+00     8.4038e-03  0.0000e+00     5.0141e-02  0.0000e+00     7.4819e-03  0.0000e+00     4.4641e-02  0.0000e+00 
6.6945e+00     6.2103e-03  0.0000e+00     4.1575e-02  0.0000e+00     6.2037e-03  0.0000e+00     4.1530e-02  0.0000e+00 
7.5114e+00     4.5696e-03  0.0000e+00     3.4324e-02  0.0000e+00     5.1217e-03  0.0000e+00     3.8471e-02  0.0000e+00 
8.4279e+00     9.0126e-02  0.0000e+00     7.5957e-01  0.0000e+00     1.1334e-01  0.0000e+00     9.5523e-01  0.0000e+00 
9.4563e+00     1.9322e-02  0.0000e+00     1.8272e-01  0.0000e+00     2.7264e-02  0.0000e+00     2.5782e-01  0.0000e+00 
1.0610e+01     3.7832e-02  0.0000e+00     4.0141e-01  0.0000e+00     5.9897e-02  0.0000e+00     6.3551e-01  0.0000e+00 
1.1905e+01     2.8073e-02  0.0000e+00     3.3421e-01  0.0000e+00     4.9869e-02  0.0000e+00     5.9368e-01  0.0000e+00 
1.3357e+01     2.6611e-02  0.0000e+00     3.5545e-01  0.0000e+00     5.3039e-02  0.0000e+00     7.0845e-01  0.0000e+00 
1.4987e+01     1.4450e-02  0.0000e+00     2.1657e-01  0.0000e+00     3.2316e-02  0.0000e+00     4.8433e-01  0.0000e+00 
1.6816e+01     8.4933e-03  0.0000e+00     1.4282e-01  0.0000e+00     2.1311e-02  0.0000e+00     3.5837e-01  0.0000e+00 
1.8868e+01     4.3667e-03  0.0000e+00     8.2389e-02  0.0000e+00     1.2294e-02  0.0000e+00     2.3196e-01  0.0000e+00 
2.1170e+01     4.9462e-03  0.0000e+00     1.0471e-01  0.0000e+00     1.5625e-02  0.0000e+00     3.3077e-01  0.0000e+00 
2.3753e+01     1.2123e-02  0.0000e+00     2.8797e-01  0.0000e+00     4.2970e-02  0.0000e+00     1.0207e+00  0.0000e+00 
2.6651e+01     3.0678e-03  0.0000e+00     8.1761e-02  0.0000e+00     1.2200e-02  0.0000e+00     3.2515e-01  0.0000e+00 
2.9903e+01     2.3802e-03  0.0000e+00     7.1177e-02  0.0000e+00     1.0621e-02  0.0000e+00     3.1760e-01  0.0000e+00 
3.3552e+01     2.2451e-03  0.0000e+00     7.5329e-02  0.0000e+00     1.1240e-02  0.0000e+00     3.7714e-01  0.0000e+00 
3.7646e+01     1.7699e-03  0.0000e+00     6.6631e-02  0.0000e+00     9.9424e-03  0.0000e+00     3.7429e-01  0.0000e+00 
4.2240e+01     1.2130e-03  0.0000e+00     5.1237e-02  0.0000e+00     7.6455e-03  0.0000e+00     3.2294e-01  0.0000e+00 
4.7394e+01     9.4971e-04  0.0000e+00     4.5010e-02  0.0000e+00     6.7163e-03  0.0000e+00     3.1831e-01  0.0000e+00 
5.3176e+01     6.1194e-04  0.0000e+00     3.2541e-02  0.0000e+00     4.8556e-03  0.0000e+00     2.5820e-01  0.0000e+00 
5.9665e+01     3.8148e-04  0.0000e+00     2.2761e-02  0.0000e+00     3.3963e-03  0.0000e+00     2.0264e-01  0.0000e+00 
6.6945e+01     2.0089e-04  0.0000e+00     1.3449e-02  0.0000e+00     2.0068e-03  0.0000e+00     1.3435e-01  0.0000e+00 
7.5114e+01     9.4389e-05  0.0000e+00     7.0899e-03  0.0000e+00     1.0579e-03  0.0000e+00     7.9466e-02  0.0000e+00 
8.4279e+01     4.1975e-05  0.0000e+00     3.5376e-03  0.0000e+00     5.2788e-04  0.0000e+00     4.4489e-02  0.0000e+00 
9.4563e+01     1.4531e-05  0.0000e+00     1.3741e-03  0.0000e+00     2.0504e-04  0.0000e+00     1.9389e-02  0.0000e+00 
1.0610e+02     9.5067e-06  0.0000e+00     1.0087e-03  0.0000e+00     1.5051e-04  0.0000e+00     1.5969e-02  0.0000e+00 
1.1905e+02     2.7015e-06  0.0000e+00     3.2160e-04  0.0000e+00     4.7989e-05  0.0000e+00     5.7129e-03  0.0000e+00 
1.3357e+02     1.5322e-06  0.0000e+00     2.0466e-04  0.0000e+00     3.0538e-05  0.0000e+00     4.0791e-03  0.0000e+00 
1.4987e+02     9.7539e-08  0.0000e+00     1.4618e-05  0.0000e+00     2.1813e-06  0.0000e+00     3.2692e-04  0.0000e+00 
1.6816e+02     0.0000e+00  0.0000e+00     0.0000e+00  0.0000e+00     0.0000e+00  0.0000e+00     0.0000e+00  0.0000e+00 
1.8868e+02     0.0000e+00  0.0000e+00     0.0000e+00  0.0000e+00     0.0000e+00  0.0000e+00     0.0000e+00  0.0000e+00 
2.1170e+02     0.0000e+00  0.0000e+00     0.0000e+00  0.0000e+00     0.0000e+00  0.0000e+00     0.0000e+00  0.0000e+00 
2.3753e+02     0.0000e+00  0.0000e+00     0.0000e+00  0.0000e+00     0.0000e+00  0.0000e+00     0.0000e+00  0.0000e+00 
2.6651e+02     0.0000e+00  0.0000e+00     0.0000e+00  0.0000e+00     0.0000e+00  0.0000e+00     0.0000e+00  0.0000e+00 
2.9903e+02     0.0000e+00  0.0000e+00     0.0000e+00  0.0000e+00     0.0000e+00  0.0000e+00     0.0000e+00  0.0000e+00 
3.3552e+02     0.0000e+00  0.0000e+00     0.0000e+00  0.0000e+00     0.0000e+00  0.0000e+00     0.0000e+00  0.0000e+00 
3.7646e+02     0.0000e+00  0.0000e+00     0.0000e+00  0.0000e+00     0.0000e+00  0.0000e+00     0.0000e+00  0.0000e+00 
4.2240e+02     0.0000e+00  0.0000e+00     0.0000e+00  0.0000e+00     0.0000e+00  0.0000e+00     0.0000e+00  0.0000e+00 
4.7394e+02     0.0000e+00  0.0000e+00     0.0000e+00  0.0000e+00     0.0000e+00  0.0000e+00     0.0000e+00  0.0000e+00 
5.3176e+02     0.0000e+00  0.0000e+00     0.0000e+00  0.0000e+00     0.0000e+00  0.0000e+00     0.0000e+00  0.0000e+00 
5.9665e+02     0.0000e+00  0.0000e+00     0.0000e+00  0.0000e+00     0.0000e+00  0.0000e+00     0.0000e+00  0.0000e+00 
6.6945e+02     0.0000e+00  0.0000e+00     0.0000e+00  0.0000e+00     0.0000e+00  0.0000e+00     0.0000e+00  0.0000e+00 
7.5114e+02     0.0000e+00  0.0000e+00     0.0000e+00  0.0000e+00     0.0000e+00  0.0000e+00     0.0000e+00  0.0000e+00 
8.4279e+02     0.0000e+00  0.0000e+00     0.0000e+00  0.0000e+00     0.0000e+00  0.0000e+00     0.0000e+00  0.0000e+00 
9.4563e+02     0.0000e+00  0.0000e+00     0.0000e+00  0.0000e+00     0.0000e+00  0.0000e+00     0.0000e+00  0.0000e+00 
1.0610e+03     0.0000e+00  0.0000e+00     0.0000e+00  0.0000e+00     0.0000e+00  0.0000e+00     0.0000e+00  0.0000e+00 
1.1905e+03     0.0000e+00  0.0000e+00     0.0000e+00  0.0000e+00     0.0000e+00  0.0000e+00     0.0000e+00  0.0000e+00 
1.3357e+03     0.0000e+00  0.0000e+00     0.0000e+00  0.0000e+00     0.0000e+00  0.0000e+00     0.0000e+00  0.0000e+00 
1.4987e+03     0.0000e+00  0.0000e+00     0.0000e+00  0.0000e+00     0.0000e+00  0.0000e+00     0.0000e+00  0.0000e+00 
1.6816e+03     0.0000e+00  0.0000e+00     0.0000e+00  0.0000e+00     0.0000e+00  0.0000e+00     0.0000e+00  0.0000e+00 
1.8868e+03     0.0000e+00  0.0000e+00     0.0000e+00  0.0000e+00     0.0000e+00  0.0000e+00     0.0000e+00  0.0000e+00 
2.1170e+03     0.0000e+00  0.0000e+00     0.0000e+00  0.0000e+00     0.0000e+00  0.0000e+00     0.0000e+00  0.0000e+00 
2.3753e+03     0.0000e+00  0.0000e+00     0.0000e+00  0.0000e+00     0.0000e+00  0.0000e+00     0.0000e+00  0.0000e+00 
2.6651e+03     0.0000e+00  0.0000e+00     0.0000e+00  0.0000e+00     0.0000e+00  0.0000e+00     0.0000e+00  0.0000e+00 
2.9903e+03     0.0000e+00  0.0000e+00     0.0000e+00  0.0000e+00     0.0000e+00  0.0000e+00     0.0000e+00  0.0000e+00 
3.3552e+03     0.0000e+00  0.0000e+00     0.0000e+00  0.0000e+00     0.0000e+00  0.0000e+00     0.0000e+00  0.0000e+00 
3.7646e+03     0.0000e+00  0.0000e+00     0.0000e+00  0.0000e+00     0.0000e+00  0.0000e+00     0.0000e+00  0.0000e+00 
4.2240e+03     0.0000e+00  0.0000e+00     0.0000e+00  0.0000e+00     0.0000e+00  0.0000e+00     0.0000e+00  0.0000e+00 
4.7394e+03     0.0000e+00  0.0000e+00     0.0000e+00  0.0000e+00     0.0000e+00  0.0000e+00     0.0000e+00  0.0000e+00 
5.3176e+03     0.0000e+00  0.0000e+00     0.0000e+00  0.0000e+00     0.0000e+00  0.0000e+00     0.0000e+00  0.0000e+00 
5.9665e+03     0.0000e+00  0.0000e+00     0.0000e+00  0.0000e+00     0.0000e+00  0.0000e+00     0.0000e+00  0.0000e+00 
6.6945e+03     0.0000e+00  0.0000e+00     0.0000e+00  0.0000e+00     0.0000e+00  0.0000e+00     0.0000e+00  0.0000e+00 
7.5114e+03     0.0000e+00  0.0000e+00     0.0000e+00  0.0000e+00     0.0000e+00  0.0000e+00     0.0000e+00  0.0000e+00 
8.4279e+03     0.0000e+00  0.0000e+00     0.0000e+00  0.0000e+00     0.0000e+00  0.0000e+00     0.0000e+00  0.0000e+00 
9.4563e+03     0.0000e+00  0.0000e+00     0.0000e+00  0.0000e+00     0.0000e+00  0.0000e+00     0.0000e+00  0.0000e+00 
