yF = 1.9211e+01 (std: 0.0000e+00) keV/um
yD = 4.1878e+01 (std: 0.0000e+00) keV/um
y (keV/um)     f(y)(std)                  yf(y)(std)                 d(y)(std)                  yd(y)(std)  
1.0610e-01     4.8632e+00  0.0000e+00     5.1599e-01  0.0000e+00     2.6860e-02  0.0000e+00     2.8498e-03  0.0000e+00 
1.1905e-01     5.5849e-01  0.0000e+00     6.6487e-02  0.0000e+00     3.4609e-03  0.0000e+00     4.1201e-04  0.0000e+00 
1.3357e-01     2.8259e-01  0.0000e+00     3.7747e-02  0.0000e+00     1.9649e-03  0.0000e+00     2.6246e-04  0.0000e+00 
1.4987e-01     7.3077e-01  0.0000e+00     1.0952e-01  0.0000e+00     5.7011e-03  0.0000e+00     8.5443e-04  0.0000e+00 
1.6816e-01     3.8505e-01  0.0000e+00     6.4749e-02  0.0000e+00     3.3705e-03  0.0000e+00     5.6677e-04  0.0000e+00 
1.8868e-01     3.2653e-01  0.0000e+00     6.1610e-02  0.0000e+00     3.2070e-03  0.0000e+00     6.0510e-04  0.0000e+00 
2.1170e-01     3.3278e-01  0.0000e+00     7.0448e-02  0.0000e+00     3.6671e-03  0.0000e+00     7.7633e-04  0.0000e+00 
2.3753e-01     3.2538e-01  0.0000e+00     7.7288e-02  0.0000e+00     4.0232e-03  0.0000e+00     9.5562e-04  0.0000e+00 
2.6651e-01     2.2367e-01  0.0000e+00     5.9610e-02  0.0000e+00     3.1030e-03  0.0000e+00     8.2698e-04  0.0000e+00 
2.9903e-01     1.9291e-01  0.0000e+00     5.7685e-02  0.0000e+00     3.0028e-03  0.0000e+00     8.9793e-04  0.0000e+00 
3.3552e-01     3.5920e-01  0.0000e+00     1.2052e-01  0.0000e+00     6.2735e-03  0.0000e+00     2.1049e-03  0.0000e+00 
3.7646e-01     3.3349e-01  0.0000e+00     1.2555e-01  0.0000e+00     6.5352e-03  0.0000e+00     2.4602e-03  0.0000e+00 
4.2240e-01     2.3836e-01  0.0000e+00     1.0068e-01  0.0000e+00     5.2410e-03  0.0000e+00     2.2138e-03  0.0000e+00 
4.7394e-01     2.4091e-01  0.0000e+00     1.1417e-01  0.0000e+00     5.9433e-03  0.0000e+00     2.8167e-03  0.0000e+00 
5.3176e-01     2.2211e-01  0.0000e+00     1.1811e-01  0.0000e+00     6.1480e-03  0.0000e+00     3.2693e-03  0.0000e+00 
5.9665e-01     1.6303e-01  0.0000e+00     9.7273e-02  0.0000e+00     5.0635e-03  0.0000e+00     3.0211e-03  0.0000e+00 
6.6945e-01     1.5013e-01  0.0000e+00     1.0051e-01  0.0000e+00     5.2317e-03  0.0000e+00     3.5024e-03  0.0000e+00 
7.5114e-01     1.4857e-01  0.0000e+00     1.1160e-01  0.0000e+00     5.8091e-03  0.0000e+00     4.3634e-03  0.0000e+00 
8.4279e-01     1.1461e-01  0.0000e+00     9.6591e-02  0.0000e+00     5.0280e-03  0.0000e+00     4.2375e-03  0.0000e+00 
9.4563e-01     8.9557e-02  0.0000e+00     8.4687e-02  0.0000e+00     4.4083e-03  0.0000e+00     4.1686e-03  0.0000e+00 
1.0610e+00     7.0052e-02  0.0000e+00     7.4326e-02  0.0000e+00     3.8690e-03  0.0000e+00     4.1050e-03  0.0000e+00 
1.1905e+00     5.4020e-02  0.0000e+00     6.4310e-02  0.0000e+00     3.3476e-03  0.0000e+00     3.9852e-03  0.0000e+00 
1.3357e+00     3.8940e-02  0.0000e+00     5.2014e-02  0.0000e+00     2.7076e-03  0.0000e+00     3.6166e-03  0.0000e+00 
1.4987e+00     2.6464e-02  0.0000e+00     3.9662e-02  0.0000e+00     2.0646e-03  0.0000e+00     3.0942e-03  0.0000e+00 
1.6816e+00     1.6191e-02  0.0000e+00     2.7226e-02  0.0000e+00     1.4172e-03  0.0000e+00     2.3832e-03  0.0000e+00 
1.8868e+00     1.0008e-02  0.0000e+00     1.8883e-02  0.0000e+00     9.8293e-04  0.0000e+00     1.8546e-03  0.0000e+00 
2.1170e+00     5.6625e-03  0.0000e+00     1.1987e-02  0.0000e+00     6.2400e-04  0.0000e+00     1.3210e-03  0.0000e+00 
2.3753e+00     2.9816e-03  0.0000e+00     7.0822e-03  0.0000e+00     3.6866e-04  0.0000e+00     8.7568e-04  0.0000e+00 
2.6651e+00     1.1709e-03  0.0000e+00     3.1207e-03  0.0000e+00     1.6244e-04  0.0000e+00     4.3293e-04  0.0000e+00 
2.9903e+00     6.5614e-04  0.0000e+00     1.9621e-03  0.0000e+00     1.0214e-04  0.0000e+00     3.0542e-04  0.0000e+00 
3.3552e+00     1.8936e-04  0.0000e+00     6.3534e-04  0.0000e+00     3.3072e-05  0.0000e+00     1.1096e-04  0.0000e+00 
3.7646e+00     5.4601e-05  0.0000e+00     2.0555e-04  0.0000e+00     1.0700e-05  0.0000e+00     4.0281e-05  0.0000e+00 
4.2240e+00     1.5484e-05  0.0000e+00     6.5403e-05  0.0000e+00     3.4045e-06  0.0000e+00     1.4380e-05  0.0000e+00 
4.7394e+00     5.9143e-06  0.0000e+00     2.8030e-05  0.0000e+00     1.4591e-06  0.0000e+00     6.9151e-06  0.0000e+00 
5.3176e+00     1.7570e-06  0.0000e+00     9.3433e-06  0.0000e+00     4.8636e-07  0.0000e+00     2.5863e-06  0.0000e+00 
5.9665e+00     2.9979e-02  0.0000e+00     1.7887e-01  0.0000e+00     9.3108e-03  0.0000e+00     5.5553e-02  0.0000e+00 
6.6945e+00     2.6086e-02  0.0000e+00     1.7464e-01  0.0000e+00     9.0905e-03  0.0000e+00     6.0857e-02  0.0000e+00 
7.5114e+00     9.6227e-03  0.0000e+00     7.2280e-02  0.0000e+00     3.7625e-03  0.0000e+00     2.8261e-02  0.0000e+00 
8.4279e+00     2.3629e-02  0.0000e+00     1.9914e-01  0.0000e+00     1.0366e-02  0.0000e+00     8.7365e-02  0.0000e+00 
9.4563e+00     2.9879e-02  0.0000e+00     2.8254e-01  0.0000e+00     1.4707e-02  0.0000e+00     1.3908e-01  0.0000e+00 
1.0610e+01     5.1433e-02  0.0000e+00     5.4571e-01  0.0000e+00     2.8407e-02  0.0000e+00     3.0140e-01  0.0000e+00 
1.1905e+01     3.1313e-02  0.0000e+00     3.7278e-01  0.0000e+00     1.9405e-02  0.0000e+00     2.3101e-01  0.0000e+00 
1.3357e+01     2.2529e-02  0.0000e+00     3.0093e-01  0.0000e+00     1.5665e-02  0.0000e+00     2.0924e-01  0.0000e+00 
1.4987e+01     1.7575e-02  0.0000e+00     2.6340e-01  0.0000e+00     1.3711e-02  0.0000e+00     2.0549e-01  0.0000e+00 
1.6816e+01     1.7951e-02  0.0000e+00     3.0186e-01  0.0000e+00     1.5713e-02  0.0000e+00     2.6423e-01  0.0000e+00 
1.8868e+01     1.5424e-02  0.0000e+00     2.9102e-01  0.0000e+00     1.5149e-02  0.0000e+00     2.8583e-01  0.0000e+00 
2.1170e+01     1.7546e-02  0.0000e+00     3.7145e-01  0.0000e+00     1.9336e-02  0.0000e+00     4.0933e-01  0.0000e+00 
2.3753e+01     1.5925e-02  0.0000e+00     3.7827e-01  0.0000e+00     1.9691e-02  0.0000e+00     4.6771e-01  0.0000e+00 
2.6651e+01     1.2344e-02  0.0000e+00     3.2898e-01  0.0000e+00     1.7125e-02  0.0000e+00     4.5640e-01  0.0000e+00 
2.9903e+01     1.0310e-02  0.0000e+00     3.0829e-01  0.0000e+00     1.6048e-02  0.0000e+00     4.7988e-01  0.0000e+00 
3.3552e+01     9.4232e-03  0.0000e+00     3.1617e-01  0.0000e+00     1.6458e-02  0.0000e+00     5.5219e-01  0.0000e+00 
3.7646e+01     7.6449e-03  0.0000e+00     2.8780e-01  0.0000e+00     1.4981e-02  0.0000e+00     5.6399e-01  0.0000e+00 
4.2240e+01     6.0164e-03  0.0000e+00     2.5413e-01  0.0000e+00     1.3228e-02  0.0000e+00     5.5876e-01  0.0000e+00 
4.7394e+01     4.8355e-03  0.0000e+00     2.2917e-01  0.0000e+00     1.1929e-02  0.0000e+00     5.6538e-01  0.0000e+00 
5.3176e+01     3.6545e-03  0.0000e+00     1.9433e-01  0.0000e+00     1.0116e-02  0.0000e+00     5.3792e-01  0.0000e+00 
5.9665e+01     2.7407e-03  0.0000e+00     1.6353e-01  0.0000e+00     8.5122e-03  0.0000e+00     5.0788e-01  0.0000e+00 
6.6945e+01     1.8978e-03  0.0000e+00     1.2705e-01  0.0000e+00     6.6135e-03  0.0000e+00     4.4274e-01  0.0000e+00 
7.5114e+01     1.2668e-03  0.0000e+00     9.5152e-02  0.0000e+00     4.9531e-03  0.0000e+00     3.7204e-01  0.0000e+00 
8.4279e+01     7.9587e-04  0.0000e+00     6.7075e-02  0.0000e+00     3.4916e-03  0.0000e+00     2.9427e-01  0.0000e+00 
9.4563e+01     4.5045e-04  0.0000e+00     4.2596e-02  0.0000e+00     2.2173e-03  0.0000e+00     2.0967e-01  0.0000e+00 
1.0610e+02     2.5934e-04  0.0000e+00     2.7516e-02  0.0000e+00     1.4323e-03  0.0000e+00     1.5197e-01  0.0000e+00 
1.1905e+02     1.2934e-04  0.0000e+00     1.5398e-02  0.0000e+00     8.0152e-04  0.0000e+00     9.5418e-02  0.0000e+00 
1.3357e+02     5.6379e-05  0.0000e+00     7.5307e-03  0.0000e+00     3.9200e-04  0.0000e+00     5.2361e-02  0.0000e+00 
1.4987e+02     2.3565e-05  0.0000e+00     3.5318e-03  0.0000e+00     1.8384e-04  0.0000e+00     2.7553e-02  0.0000e+00 
1.6816e+02     8.6122e-06  0.0000e+00     1.4482e-03  0.0000e+00     7.5385e-05  0.0000e+00     1.2677e-02  0.0000e+00 
1.8868e+02     2.2284e-06  0.0000e+00     4.2045e-04  0.0000e+00     2.1886e-05  0.0000e+00     4.1294e-03  0.0000e+00 
2.1170e+02     5.7375e-07  0.0000e+00     1.2146e-04  0.0000e+00     6.3226e-06  0.0000e+00     1.3385e-03  0.0000e+00 
2.3753e+02     3.9335e-08  0.0000e+00     9.3433e-06  0.0000e+00     4.8636e-07  0.0000e+00     1.1552e-04  0.0000e+00 
2.6651e+02     3.5057e-08  0.0000e+00     9.3433e-06  0.0000e+00     4.8636e-07  0.0000e+00     1.2962e-04  0.0000e+00 
2.9903e+02     0.0000e+00  0.0000e+00     0.0000e+00  0.0000e+00     0.0000e+00  0.0000e+00     0.0000e+00  0.0000e+00 
3.3552e+02     0.0000e+00  0.0000e+00     0.0000e+00  0.0000e+00     0.0000e+00  0.0000e+00     0.0000e+00  0.0000e+00 
3.7646e+02     0.0000e+00  0.0000e+00     0.0000e+00  0.0000e+00     0.0000e+00  0.0000e+00     0.0000e+00  0.0000e+00 
4.2240e+02     0.0000e+00  0.0000e+00     0.0000e+00  0.0000e+00     0.0000e+00  0.0000e+00     0.0000e+00  0.0000e+00 
4.7394e+02     0.0000e+00  0.0000e+00     0.0000e+00  0.0000e+00     0.0000e+00  0.0000e+00     0.0000e+00  0.0000e+00 
5.3176e+02     0.0000e+00  0.0000e+00     0.0000e+00  0.0000e+00     0.0000e+00  0.0000e+00     0.0000e+00  0.0000e+00 
5.9665e+02     0.0000e+00  0.0000e+00     0.0000e+00  0.0000e+00     0.0000e+00  0.0000e+00     0.0000e+00  0.0000e+00 
6.6945e+02     0.0000e+00  0.0000e+00     0.0000e+00  0.0000e+00     0.0000e+00  0.0000e+00     0.0000e+00  0.0000e+00 
7.5114e+02     0.0000e+00  0.0000e+00     0.0000e+00  0.0000e+00     0.0000e+00  0.0000e+00     0.0000e+00  0.0000e+00 
8.4279e+02     0.0000e+00  0.0000e+00     0.0000e+00  0.0000e+00     0.0000e+00  0.0000e+00     0.0000e+00  0.0000e+00 
9.4563e+02     0.0000e+00  0.0000e+00     0.0000e+00  0.0000e+00     0.0000e+00  0.0000e+00     0.0000e+00  0.0000e+00 
1.0610e+03     0.0000e+00  0.0000e+00     0.0000e+00  0.0000e+00     0.0000e+00  0.0000e+00     0.0000e+00  0.0000e+00 
1.1905e+03     0.0000e+00  0.0000e+00     0.0000e+00  0.0000e+00     0.0000e+00  0.0000e+00     0.0000e+00  0.0000e+00 
1.3357e+03     0.0000e+00  0.0000e+00     0.0000e+00  0.0000e+00     0.0000e+00  0.0000e+00     0.0000e+00  0.0000e+00 
1.4987e+03     0.0000e+00  0.0000e+00     0.0000e+00  0.0000e+00     0.0000e+00  0.0000e+00     0.0000e+00  0.0000e+00 
1.6816e+03     0.0000e+00  0.0000e+00     0.0000e+00  0.0000e+00     0.0000e+00  0.0000e+00     0.0000e+00  0.0000e+00 
1.8868e+03     0.0000e+00  0.0000e+00     0.0000e+00  0.0000e+00     0.0000e+00  0.0000e+00     0.0000e+00  0.0000e+00 
2.1170e+03     0.0000e+00  0.0000e+00     0.0000e+00  0.0000e+00     0.0000e+00  0.0000e+00     0.0000e+00  0.0000e+00 
2.3753e+03     0.0000e+00  0.0000e+00     0.0000e+00  0.0000e+00     0.0000e+00  0.0000e+00     0.0000e+00  0.0000e+00 
2.6651e+03     0.0000e+00  0.0000e+00     0.0000e+00  0.0000e+00     0.0000e+00  0.0000e+00     0.0000e+00  0.0000e+00 
2.9903e+03     0.0000e+00  0.0000e+00     0.0000e+00  0.0000e+00     0.0000e+00  0.0000e+00     0.0000e+00  0.0000e+00 
3.3552e+03     0.0000e+00  0.0000e+00     0.0000e+00  0.0000e+00     0.0000e+00  0.0000e+00     0.0000e+00  0.0000e+00 
3.7646e+03     0.0000e+00  0.0000e+00     0.0000e+00  0.0000e+00     0.0000e+00  0.0000e+00     0.0000e+00  0.0000e+00 
4.2240e+03     0.0000e+00  0.0000e+00     0.0000e+00  0.0000e+00     0.0000e+00  0.0000e+00     0.0000e+00  0.0000e+00 
4.7394e+03     0.0000e+00  0.0000e+00     0.0000e+00  0.0000e+00     0.0000e+00  0.0000e+00     0.0000e+00  0.0000e+00 
5.3176e+03     0.0000e+00  0.0000e+00     0.0000e+00  0.0000e+00     0.0000e+00  0.0000e+00     0.0000e+00  0.0000e+00 
5.9665e+03     0.0000e+00  0.0000e+00     0.0000e+00  0.0000e+00     0.0000e+00  0.0000e+00     0.0000e+00  0.0000e+00 
6.6945e+03     0.0000e+00  0.0000e+00     0.0000e+00  0.0000e+00     0.0000e+00  0.0000e+00     0.0000e+00  0.0000e+00 
7.5114e+03     0.0000e+00  0.0000e+00     0.0000e+00  0.0000e+00     0.0000e+00  0.0000e+00     0.0000e+00  0.0000e+00 
8.4279e+03     0.0000e+00  0.0000e+00     0.0000e+00  0.0000e+00     0.0000e+00  0.0000e+00     0.0000e+00  0.0000e+00 
9.4563e+03     0.0000e+00  0.0000e+00     0.0000e+00  0.0000e+00     0.0000e+00  0.0000e+00     0.0000e+00  0.0000e+00 
