yF = 5.5449e+00 (std: 0.0000e+00) keV/um
yD = 2.4903e+01 (std: 0.0000e+00) keV/um
y (keV/um)     f(y)(std)                  yf(y)(std)                 d(y)(std)                  yd(y)(std)  
1.0610e-01     2.0748e+01  0.0000e+00     2.2014e+00  0.0000e+00     3.9701e-01  0.0000e+00     4.2123e-02  0.0000e+00 
1.1905e-01     1.7818e+00  0.0000e+00     2.1212e-01  0.0000e+00     3.8255e-02  0.0000e+00     4.5542e-03  0.0000e+00 
1.3357e-01     6.1207e-01  0.0000e+00     8.1756e-02  0.0000e+00     1.4744e-02  0.0000e+00     1.9694e-03  0.0000e+00 
1.4987e-01     2.5381e+00  0.0000e+00     3.8039e-01  0.0000e+00     6.8602e-02  0.0000e+00     1.0281e-02  0.0000e+00 
1.6816e-01     8.9415e-01  0.0000e+00     1.5036e-01  0.0000e+00     2.7117e-02  0.0000e+00     4.5599e-03  0.0000e+00 
1.8868e-01     6.5515e-01  0.0000e+00     1.2361e-01  0.0000e+00     2.2293e-02  0.0000e+00     4.2062e-03  0.0000e+00 
2.1170e-01     6.7864e-01  0.0000e+00     1.4367e-01  0.0000e+00     2.5910e-02  0.0000e+00     5.4851e-03  0.0000e+00 
2.3753e-01     6.4665e-01  0.0000e+00     1.5360e-01  0.0000e+00     2.7701e-02  0.0000e+00     6.5798e-03  0.0000e+00 
2.6651e-01     3.3053e-01  0.0000e+00     8.8090e-02  0.0000e+00     1.5887e-02  0.0000e+00     4.2340e-03  0.0000e+00 
2.9903e-01     2.8797e-01  0.0000e+00     8.6112e-02  0.0000e+00     1.5530e-02  0.0000e+00     4.6440e-03  0.0000e+00 
3.3552e-01     1.1882e+00  0.0000e+00     3.9868e-01  0.0000e+00     7.1900e-02  0.0000e+00     2.4124e-02  0.0000e+00 
3.7646e-01     8.5934e-01  0.0000e+00     3.2351e-01  0.0000e+00     5.8343e-02  0.0000e+00     2.1964e-02  0.0000e+00 
4.2240e-01     4.4360e-01  0.0000e+00     1.8738e-01  0.0000e+00     3.3792e-02  0.0000e+00     1.4274e-02  0.0000e+00 
4.7394e-01     4.2817e-01  0.0000e+00     2.0293e-01  0.0000e+00     3.6597e-02  0.0000e+00     1.7345e-02  0.0000e+00 
5.3176e-01     3.1022e-01  0.0000e+00     1.6496e-01  0.0000e+00     2.9750e-02  0.0000e+00     1.5820e-02  0.0000e+00 
5.9665e-01     1.8076e-01  0.0000e+00     1.0785e-01  0.0000e+00     1.9450e-02  0.0000e+00     1.1605e-02  0.0000e+00 
6.6945e-01     2.3029e-01  0.0000e+00     1.5417e-01  0.0000e+00     2.7804e-02  0.0000e+00     1.8613e-02  0.0000e+00 
7.5114e-01     2.1219e-01  0.0000e+00     1.5939e-01  0.0000e+00     2.8745e-02  0.0000e+00     2.1591e-02  0.0000e+00 
8.4279e-01     1.1751e-01  0.0000e+00     9.9033e-02  0.0000e+00     1.7860e-02  0.0000e+00     1.5052e-02  0.0000e+00 
9.4563e-01     7.7266e-02  0.0000e+00     7.3065e-02  0.0000e+00     1.3177e-02  0.0000e+00     1.2460e-02  0.0000e+00 
1.0610e+00     5.8807e-02  0.0000e+00     6.2395e-02  0.0000e+00     1.1253e-02  0.0000e+00     1.1939e-02  0.0000e+00 
1.1905e+00     3.8059e-02  0.0000e+00     4.5308e-02  0.0000e+00     8.1710e-03  0.0000e+00     9.7274e-03  0.0000e+00 
1.3357e+00     2.1174e-02  0.0000e+00     2.8283e-02  0.0000e+00     5.1007e-03  0.0000e+00     6.8132e-03  0.0000e+00 
1.4987e+00     1.2721e-02  0.0000e+00     1.9066e-02  0.0000e+00     3.4384e-03  0.0000e+00     5.1532e-03  0.0000e+00 
1.6816e+00     6.6326e-03  0.0000e+00     1.1153e-02  0.0000e+00     2.0114e-03  0.0000e+00     3.3824e-03  0.0000e+00 
1.8868e+00     3.1230e-03  0.0000e+00     5.8923e-03  0.0000e+00     1.0627e-03  0.0000e+00     2.0050e-03  0.0000e+00 
2.1170e+00     1.3022e-03  0.0000e+00     2.7568e-03  0.0000e+00     4.9717e-04  0.0000e+00     1.0525e-03  0.0000e+00 
2.3753e+00     3.5438e-04  0.0000e+00     8.4176e-04  0.0000e+00     1.5181e-04  0.0000e+00     3.6059e-04  0.0000e+00 
2.6651e+00     1.5002e-04  0.0000e+00     3.9983e-04  0.0000e+00     7.2108e-05  0.0000e+00     1.9218e-04  0.0000e+00 
2.9903e+00     4.2224e-05  0.0000e+00     1.2626e-04  0.0000e+00     2.2771e-05  0.0000e+00     6.8093e-05  0.0000e+00 
3.3552e+00     6.2720e-06  0.0000e+00     2.1044e-05  0.0000e+00     3.7952e-06  0.0000e+00     1.2734e-05  0.0000e+00 
3.7646e+00     1.1180e-05  0.0000e+00     4.2088e-05  0.0000e+00     7.5904e-06  0.0000e+00     2.8575e-05  0.0000e+00 
4.2240e+00     4.9820e-06  0.0000e+00     2.1044e-05  0.0000e+00     3.7952e-06  0.0000e+00     1.6031e-05  0.0000e+00 
4.7394e+00     0.0000e+00  0.0000e+00     0.0000e+00  0.0000e+00     0.0000e+00  0.0000e+00     0.0000e+00  0.0000e+00 
5.3176e+00     0.0000e+00  0.0000e+00     0.0000e+00  0.0000e+00     0.0000e+00  0.0000e+00     0.0000e+00  0.0000e+00 
5.9665e+00     9.3695e-02  0.0000e+00     5.5903e-01  0.0000e+00     1.0082e-01  0.0000e+00     6.0154e-01  0.0000e+00 
6.6945e+00     2.8885e-02  0.0000e+00     1.9337e-01  0.0000e+00     3.4874e-02  0.0000e+00     2.3346e-01  0.0000e+00 
7.5114e+00     7.1413e-03  0.0000e+00     5.3641e-02  0.0000e+00     9.6739e-03  0.0000e+00     7.2664e-02  0.0000e+00 
8.4279e+00     2.5963e-02  0.0000e+00     2.1881e-01  0.0000e+00     3.9462e-02  0.0000e+00     3.3258e-01  0.0000e+00 
9.4563e+00     2.4608e-02  0.0000e+00     2.3270e-01  0.0000e+00     4.1967e-02  0.0000e+00     3.9685e-01  0.0000e+00 
1.0610e+01     3.0449e-02  0.0000e+00     3.2307e-01  0.0000e+00     5.8264e-02  0.0000e+00     6.1818e-01  0.0000e+00 
1.1905e+01     1.9303e-02  0.0000e+00     2.2980e-01  0.0000e+00     4.1443e-02  0.0000e+00     4.9337e-01  0.0000e+00 
1.3357e+01     1.4820e-02  0.0000e+00     1.9796e-01  0.0000e+00     3.5701e-02  0.0000e+00     4.7687e-01  0.0000e+00 
1.4987e+01     9.6576e-03  0.0000e+00     1.4474e-01  0.0000e+00     2.6103e-02  0.0000e+00     3.9121e-01  0.0000e+00 
1.6816e+01     6.8941e-03  0.0000e+00     1.1593e-01  0.0000e+00     2.0908e-02  0.0000e+00     3.5158e-01  0.0000e+00 
1.8868e+01     5.4339e-03  0.0000e+00     1.0253e-01  0.0000e+00     1.8490e-02  0.0000e+00     3.4887e-01  0.0000e+00 
2.1170e+01     5.1621e-03  0.0000e+00     1.0928e-01  0.0000e+00     1.9708e-02  0.0000e+00     4.1722e-01  0.0000e+00 
2.3753e+01     4.5662e-03  0.0000e+00     1.0846e-01  0.0000e+00     1.9560e-02  0.0000e+00     4.6462e-01  0.0000e+00 
2.6651e+01     3.0747e-03  0.0000e+00     8.1945e-02  0.0000e+00     1.4778e-02  0.0000e+00     3.9387e-01  0.0000e+00 
2.9903e+01     2.2400e-03  0.0000e+00     6.6983e-02  0.0000e+00     1.2080e-02  0.0000e+00     3.6123e-01  0.0000e+00 
3.3552e+01     1.9751e-03  0.0000e+00     6.6267e-02  0.0000e+00     1.1951e-02  0.0000e+00     4.0098e-01  0.0000e+00 
3.7646e+01     1.4852e-03  0.0000e+00     5.5914e-02  0.0000e+00     1.0084e-02  0.0000e+00     3.7962e-01  0.0000e+00 
4.2240e+01     1.0612e-03  0.0000e+00     4.4824e-02  0.0000e+00     8.0837e-03  0.0000e+00     3.4145e-01  0.0000e+00 
4.7394e+01     7.7260e-04  0.0000e+00     3.6616e-02  0.0000e+00     6.6036e-03  0.0000e+00     3.1297e-01  0.0000e+00 
5.3176e+01     5.3543e-04  0.0000e+00     2.8472e-02  0.0000e+00     5.1349e-03  0.0000e+00     2.7305e-01  0.0000e+00 
5.9665e+01     3.5305e-04  0.0000e+00     2.1065e-02  0.0000e+00     3.7990e-03  0.0000e+00     2.2667e-01  0.0000e+00 
6.6945e+01     2.1313e-04  0.0000e+00     1.4268e-02  0.0000e+00     2.5731e-03  0.0000e+00     1.7226e-01  0.0000e+00 
7.5114e+01     1.2355e-04  0.0000e+00     9.2804e-03  0.0000e+00     1.6737e-03  0.0000e+00     1.2572e-01  0.0000e+00 
8.4279e+01     7.0663e-05  0.0000e+00     5.9554e-03  0.0000e+00     1.0740e-03  0.0000e+00     9.0519e-02  0.0000e+00 
9.4563e+01     3.8499e-05  0.0000e+00     3.6406e-03  0.0000e+00     6.5657e-04  0.0000e+00     6.2087e-02  0.0000e+00 
1.0610e+02     1.4082e-05  0.0000e+00     1.4941e-03  0.0000e+00     2.6946e-04  0.0000e+00     2.8590e-02  0.0000e+00 
1.1905e+02     5.1263e-06  0.0000e+00     6.1027e-04  0.0000e+00     1.1006e-04  0.0000e+00     1.3102e-02  0.0000e+00 
1.3357e+02     2.6783e-06  0.0000e+00     3.5775e-04  0.0000e+00     6.4518e-05  0.0000e+00     8.6179e-03  0.0000e+00 
1.4987e+02     7.0207e-07  0.0000e+00     1.0522e-04  0.0000e+00     1.8976e-05  0.0000e+00     2.8440e-03  0.0000e+00 
1.6816e+02     1.2514e-07  0.0000e+00     2.1044e-05  0.0000e+00     3.7952e-06  0.0000e+00     6.3819e-04  0.0000e+00 
1.8868e+02     0.0000e+00  0.0000e+00     0.0000e+00  0.0000e+00     0.0000e+00  0.0000e+00     0.0000e+00  0.0000e+00 
2.1170e+02     0.0000e+00  0.0000e+00     0.0000e+00  0.0000e+00     0.0000e+00  0.0000e+00     0.0000e+00  0.0000e+00 
2.3753e+02     0.0000e+00  0.0000e+00     0.0000e+00  0.0000e+00     0.0000e+00  0.0000e+00     0.0000e+00  0.0000e+00 
2.6651e+02     0.0000e+00  0.0000e+00     0.0000e+00  0.0000e+00     0.0000e+00  0.0000e+00     0.0000e+00  0.0000e+00 
2.9903e+02     0.0000e+00  0.0000e+00     0.0000e+00  0.0000e+00     0.0000e+00  0.0000e+00     0.0000e+00  0.0000e+00 
3.3552e+02     0.0000e+00  0.0000e+00     0.0000e+00  0.0000e+00     0.0000e+00  0.0000e+00     0.0000e+00  0.0000e+00 
3.7646e+02     0.0000e+00  0.0000e+00     0.0000e+00  0.0000e+00     0.0000e+00  0.0000e+00     0.0000e+00  0.0000e+00 
4.2240e+02     0.0000e+00  0.0000e+00     0.0000e+00  0.0000e+00     0.0000e+00  0.0000e+00     0.0000e+00  0.0000e+00 
4.7394e+02     0.0000e+00  0.0000e+00     0.0000e+00  0.0000e+00     0.0000e+00  0.0000e+00     0.0000e+00  0.0000e+00 
5.3176e+02     0.0000e+00  0.0000e+00     0.0000e+00  0.0000e+00     0.0000e+00  0.0000e+00     0.0000e+00  0.0000e+00 
5.9665e+02     0.0000e+00  0.0000e+00     0.0000e+00  0.0000e+00     0.0000e+00  0.0000e+00     0.0000e+00  0.0000e+00 
6.6945e+02     0.0000e+00  0.0000e+00     0.0000e+00  0.0000e+00     0.0000e+00  0.0000e+00     0.0000e+00  0.0000e+00 
7.5114e+02     0.0000e+00  0.0000e+00     0.0000e+00  0.0000e+00     0.0000e+00  0.0000e+00     0.0000e+00  0.0000e+00 
8.4279e+02     0.0000e+00  0.0000e+00     0.0000e+00  0.0000e+00     0.0000e+00  0.0000e+00     0.0000e+00  0.0000e+00 
9.4563e+02     0.0000e+00  0.0000e+00     0.0000e+00  0.0000e+00     0.0000e+00  0.0000e+00     0.0000e+00  0.0000e+00 
1.0610e+03     0.0000e+00  0.0000e+00     0.0000e+00  0.0000e+00     0.0000e+00  0.0000e+00     0.0000e+00  0.0000e+00 
1.1905e+03     0.0000e+00  0.0000e+00     0.0000e+00  0.0000e+00     0.0000e+00  0.0000e+00     0.0000e+00  0.0000e+00 
1.3357e+03     0.0000e+00  0.0000e+00     0.0000e+00  0.0000e+00     0.0000e+00  0.0000e+00     0.0000e+00  0.0000e+00 
1.4987e+03     0.0000e+00  0.0000e+00     0.0000e+00  0.0000e+00     0.0000e+00  0.0000e+00     0.0000e+00  0.0000e+00 
1.6816e+03     0.0000e+00  0.0000e+00     0.0000e+00  0.0000e+00     0.0000e+00  0.0000e+00     0.0000e+00  0.0000e+00 
1.8868e+03     0.0000e+00  0.0000e+00     0.0000e+00  0.0000e+00     0.0000e+00  0.0000e+00     0.0000e+00  0.0000e+00 
2.1170e+03     0.0000e+00  0.0000e+00     0.0000e+00  0.0000e+00     0.0000e+00  0.0000e+00     0.0000e+00  0.0000e+00 
2.3753e+03     0.0000e+00  0.0000e+00     0.0000e+00  0.0000e+00     0.0000e+00  0.0000e+00     0.0000e+00  0.0000e+00 
2.6651e+03     0.0000e+00  0.0000e+00     0.0000e+00  0.0000e+00     0.0000e+00  0.0000e+00     0.0000e+00  0.0000e+00 
2.9903e+03     0.0000e+00  0.0000e+00     0.0000e+00  0.0000e+00     0.0000e+00  0.0000e+00     0.0000e+00  0.0000e+00 
3.3552e+03     0.0000e+00  0.0000e+00     0.0000e+00  0.0000e+00     0.0000e+00  0.0000e+00     0.0000e+00  0.0000e+00 
3.7646e+03     0.0000e+00  0.0000e+00     0.0000e+00  0.0000e+00     0.0000e+00  0.0000e+00     0.0000e+00  0.0000e+00 
4.2240e+03     0.0000e+00  0.0000e+00     0.0000e+00  0.0000e+00     0.0000e+00  0.0000e+00     0.0000e+00  0.0000e+00 
4.7394e+03     0.0000e+00  0.0000e+00     0.0000e+00  0.0000e+00     0.0000e+00  0.0000e+00     0.0000e+00  0.0000e+00 
5.3176e+03     0.0000e+00  0.0000e+00     0.0000e+00  0.0000e+00     0.0000e+00  0.0000e+00     0.0000e+00  0.0000e+00 
5.9665e+03     0.0000e+00  0.0000e+00     0.0000e+00  0.0000e+00     0.0000e+00  0.0000e+00     0.0000e+00  0.0000e+00 
6.6945e+03     0.0000e+00  0.0000e+00     0.0000e+00  0.0000e+00     0.0000e+00  0.0000e+00     0.0000e+00  0.0000e+00 
7.5114e+03     0.0000e+00  0.0000e+00     0.0000e+00  0.0000e+00     0.0000e+00  0.0000e+00     0.0000e+00  0.0000e+00 
8.4279e+03     0.0000e+00  0.0000e+00     0.0000e+00  0.0000e+00     0.0000e+00  0.0000e+00     0.0000e+00  0.0000e+00 
9.4563e+03     0.0000e+00  0.0000e+00     0.0000e+00  0.0000e+00     0.0000e+00  0.0000e+00     0.0000e+00  0.0000e+00 
