yF = 9.2164e+01 (std: 0.0000e+00) keV/um
yD = 1.3178e+02 (std: 0.0000e+00) keV/um
y (keV/um)     f(y)(std)                  yf(y)(std)                 d(y)(std)                  yd(y)(std)  
1.0610e-01     6.9288e-01  0.0000e+00     7.3515e-02  0.0000e+00     7.9766e-04  0.0000e+00     8.4632e-05  0.0000e+00 
1.1905e-01     4.9547e-02  0.0000e+00     5.8984e-03  0.0000e+00     6.3999e-05  0.0000e+00     7.6190e-06  0.0000e+00 
1.3357e-01     1.8822e-02  0.0000e+00     2.5141e-03  0.0000e+00     2.7278e-05  0.0000e+00     3.6437e-06  0.0000e+00 
1.4987e-01     6.2407e-02  0.0000e+00     9.3531e-03  0.0000e+00     1.0148e-04  0.0000e+00     1.5209e-05  0.0000e+00 
1.6816e-01     2.3837e-02  0.0000e+00     4.0085e-03  0.0000e+00     4.3493e-05  0.0000e+00     7.3137e-06  0.0000e+00 
1.8868e-01     1.3651e-02  0.0000e+00     2.5756e-03  0.0000e+00     2.7946e-05  0.0000e+00     5.2728e-06  0.0000e+00 
2.1170e-01     1.5862e-02  0.0000e+00     3.3580e-03  0.0000e+00     3.6435e-05  0.0000e+00     7.7132e-06  0.0000e+00 
2.3753e-01     1.3952e-02  0.0000e+00     3.3140e-03  0.0000e+00     3.5958e-05  0.0000e+00     8.5411e-06  0.0000e+00 
2.6651e-01     7.0584e-03  0.0000e+00     1.8812e-03  0.0000e+00     2.0411e-05  0.0000e+00     5.4398e-06  0.0000e+00 
2.9903e-01     6.2908e-03  0.0000e+00     1.8812e-03  0.0000e+00     2.0411e-05  0.0000e+00     6.1036e-06  0.0000e+00 
3.3552e-01     2.0567e-02  0.0000e+00     6.9005e-03  0.0000e+00     7.4873e-05  0.0000e+00     2.5121e-05  0.0000e+00 
3.7646e-01     1.4010e-02  0.0000e+00     5.2743e-03  0.0000e+00     5.7228e-05  0.0000e+00     2.1544e-05  0.0000e+00 
4.2240e-01     7.8041e-03  0.0000e+00     3.2964e-03  0.0000e+00     3.5767e-05  0.0000e+00     1.5108e-05  0.0000e+00 
4.7394e-01     6.3990e-03  0.0000e+00     3.0327e-03  0.0000e+00     3.2906e-05  0.0000e+00     1.5595e-05  0.0000e+00 
5.3176e-01     5.1245e-03  0.0000e+00     2.7251e-03  0.0000e+00     2.9568e-05  0.0000e+00     1.5723e-05  0.0000e+00 
5.9665e-01     2.9614e-03  0.0000e+00     1.7669e-03  0.0000e+00     1.9171e-05  0.0000e+00     1.1438e-05  0.0000e+00 
6.6945e-01     3.4928e-03  0.0000e+00     2.3383e-03  0.0000e+00     2.5371e-05  0.0000e+00     1.6985e-05  0.0000e+00 
7.5114e-01     2.5161e-03  0.0000e+00     1.8900e-03  0.0000e+00     2.0507e-05  0.0000e+00     1.5403e-05  0.0000e+00 
8.4279e-01     1.4811e-03  0.0000e+00     1.2482e-03  0.0000e+00     1.3544e-05  0.0000e+00     1.1415e-05  0.0000e+00 
9.4563e-01     1.2085e-03  0.0000e+00     1.1428e-03  0.0000e+00     1.2399e-05  0.0000e+00     1.1725e-05  0.0000e+00 
1.0610e+00     7.5394e-04  0.0000e+00     7.9993e-04  0.0000e+00     8.6795e-06  0.0000e+00     9.2090e-06  0.0000e+00 
1.1905e+00     5.2427e-04  0.0000e+00     6.2412e-04  0.0000e+00     6.7719e-06  0.0000e+00     8.0618e-06  0.0000e+00 
1.3357e+00     2.6982e-04  0.0000e+00     3.6041e-04  0.0000e+00     3.9105e-06  0.0000e+00     5.2234e-06  0.0000e+00 
1.4987e+00     1.5836e-04  0.0000e+00     2.3734e-04  0.0000e+00     2.5752e-06  0.0000e+00     3.8595e-06  0.0000e+00 
1.6816e+00     8.8867e-05  0.0000e+00     1.4944e-04  0.0000e+00     1.6214e-06  0.0000e+00     2.7266e-06  0.0000e+00 
1.8868e+00     4.1931e-05  0.0000e+00     7.9114e-05  0.0000e+00     8.5841e-07  0.0000e+00     1.6196e-06  0.0000e+00 
2.1170e+00     1.6609e-05  0.0000e+00     3.5162e-05  0.0000e+00     3.8152e-07  0.0000e+00     8.0767e-07  0.0000e+00 
2.3753e+00     2.6276e-04  0.0000e+00     6.2412e-04  0.0000e+00     6.7719e-06  0.0000e+00     1.6085e-05  0.0000e+00 
2.6651e+00     3.3643e-04  0.0000e+00     8.9663e-04  0.0000e+00     9.7287e-06  0.0000e+00     2.5928e-05  0.0000e+00 
2.9903e+00     1.2346e-04  0.0000e+00     3.6920e-04  0.0000e+00     4.0059e-06  0.0000e+00     1.1979e-05  0.0000e+00 
3.3552e+00     2.8820e-05  0.0000e+00     9.6695e-05  0.0000e+00     1.0492e-06  0.0000e+00     3.5202e-06  0.0000e+00 
3.7646e+00     4.6701e-06  0.0000e+00     1.7581e-05  0.0000e+00     1.9076e-07  0.0000e+00     7.1813e-07  0.0000e+00 
4.2240e+00     2.0811e-06  0.0000e+00     8.7905e-06  0.0000e+00     9.5379e-08  0.0000e+00     4.0288e-07  0.0000e+00 
4.7394e+00     7.4191e-06  0.0000e+00     3.5162e-05  0.0000e+00     3.8152e-07  0.0000e+00     1.8081e-06  0.0000e+00 
5.3176e+00     1.3225e-05  0.0000e+00     7.0324e-05  0.0000e+00     7.6303e-07  0.0000e+00     4.0575e-06  0.0000e+00 
5.9665e+00     9.4881e-04  0.0000e+00     5.6611e-03  0.0000e+00     6.1424e-05  0.0000e+00     3.6649e-04  0.0000e+00 
6.6945e+00     9.3492e-04  0.0000e+00     6.2588e-03  0.0000e+00     6.7910e-05  0.0000e+00     4.5462e-04  0.0000e+00 
7.5114e+00     6.5536e-04  0.0000e+00     4.9227e-03  0.0000e+00     5.3412e-05  0.0000e+00     4.0120e-04  0.0000e+00 
8.4279e+00     1.0659e-02  0.0000e+00     8.9830e-02  0.0000e+00     9.7468e-04  0.0000e+00     8.2145e-03  0.0000e+00 
9.4563e+00     4.2083e-03  0.0000e+00     3.9795e-02  0.0000e+00     4.3178e-04  0.0000e+00     4.0830e-03  0.0000e+00 
1.0610e+01     7.9868e-03  0.0000e+00     8.4740e-02  0.0000e+00     9.1946e-04  0.0000e+00     9.7555e-03  0.0000e+00 
1.1905e+01     4.4533e-03  0.0000e+00     5.3015e-02  0.0000e+00     5.7523e-04  0.0000e+00     6.8480e-03  0.0000e+00 
1.3357e+01     4.1750e-03  0.0000e+00     5.5767e-02  0.0000e+00     6.0509e-04  0.0000e+00     8.0823e-03  0.0000e+00 
1.4987e+01     3.1309e-03  0.0000e+00     4.6924e-02  0.0000e+00     5.0913e-04  0.0000e+00     7.6305e-03  0.0000e+00 
1.6816e+01     5.0351e-03  0.0000e+00     8.4670e-02  0.0000e+00     9.1869e-04  0.0000e+00     1.5449e-02  0.0000e+00 
1.8868e+01     4.9847e-03  0.0000e+00     9.4049e-02  0.0000e+00     1.0205e-03  0.0000e+00     1.9254e-02  0.0000e+00 
2.1170e+01     5.8818e-03  0.0000e+00     1.2452e-01  0.0000e+00     1.3510e-03  0.0000e+00     2.8602e-02  0.0000e+00 
2.3753e+01     5.8324e-03  0.0000e+00     1.3854e-01  0.0000e+00     1.5032e-03  0.0000e+00     3.5705e-02  0.0000e+00 
2.6651e+01     5.3350e-03  0.0000e+00     1.4219e-01  0.0000e+00     1.5428e-03  0.0000e+00     4.1117e-02  0.0000e+00 
2.9903e+01     5.9110e-03  0.0000e+00     1.7676e-01  0.0000e+00     1.9179e-03  0.0000e+00     5.7351e-02  0.0000e+00 
3.3552e+01     6.4849e-03  0.0000e+00     2.1758e-01  0.0000e+00     2.3608e-03  0.0000e+00     7.9211e-02  0.0000e+00 
3.7646e+01     6.3499e-03  0.0000e+00     2.3905e-01  0.0000e+00     2.5937e-03  0.0000e+00     9.7644e-02  0.0000e+00 
4.2240e+01     6.7836e-03  0.0000e+00     2.8653e-01  0.0000e+00     3.1090e-03  0.0000e+00     1.3132e-01  0.0000e+00 
4.7394e+01     6.9402e-03  0.0000e+00     3.2892e-01  0.0000e+00     3.5689e-03  0.0000e+00     1.6914e-01  0.0000e+00 
5.3176e+01     7.1792e-03  0.0000e+00     3.8176e-01  0.0000e+00     4.1422e-03  0.0000e+00     2.2027e-01  0.0000e+00 
5.9665e+01     7.2930e-03  0.0000e+00     4.3514e-01  0.0000e+00     4.7214e-03  0.0000e+00     2.8170e-01  0.0000e+00 
6.6945e+01     7.2211e-03  0.0000e+00     4.8342e-01  0.0000e+00     5.2452e-03  0.0000e+00     3.5114e-01  0.0000e+00 
7.5114e+01     7.0166e-03  0.0000e+00     5.2704e-01  0.0000e+00     5.7186e-03  0.0000e+00     4.2954e-01  0.0000e+00 
8.4279e+01     6.7370e-03  0.0000e+00     5.6779e-01  0.0000e+00     6.1606e-03  0.0000e+00     5.1921e-01  0.0000e+00 
9.4563e+01     6.3131e-03  0.0000e+00     5.9698e-01  0.0000e+00     6.4774e-03  0.0000e+00     6.1252e-01  0.0000e+00 
1.0610e+02     5.5950e-03  0.0000e+00     5.9363e-01  0.0000e+00     6.4411e-03  0.0000e+00     6.8340e-01  0.0000e+00 
1.1905e+02     4.8663e-03  0.0000e+00     5.7932e-01  0.0000e+00     6.2858e-03  0.0000e+00     7.4830e-01  0.0000e+00 
1.3357e+02     4.0273e-03  0.0000e+00     5.3794e-01  0.0000e+00     5.8368e-03  0.0000e+00     7.7964e-01  0.0000e+00 
1.4987e+02     3.1295e-03  0.0000e+00     4.6902e-01  0.0000e+00     5.0890e-03  0.0000e+00     7.6269e-01  0.0000e+00 
1.6816e+02     2.2726e-03  0.0000e+00     3.8215e-01  0.0000e+00     4.1464e-03  0.0000e+00     6.9726e-01  0.0000e+00 
1.8868e+02     1.5500e-03  0.0000e+00     2.9244e-01  0.0000e+00     3.1731e-03  0.0000e+00     5.9869e-01  0.0000e+00 
2.1170e+02     9.6737e-04  0.0000e+00     2.0479e-01  0.0000e+00     2.2220e-03  0.0000e+00     4.7041e-01  0.0000e+00 
2.3753e+02     5.6211e-04  0.0000e+00     1.3352e-01  0.0000e+00     1.4487e-03  0.0000e+00     3.4411e-01  0.0000e+00 
2.6651e+02     2.8804e-04  0.0000e+00     7.6767e-02  0.0000e+00     8.3295e-04  0.0000e+00     2.2199e-01  0.0000e+00 
2.9903e+02     1.3449e-04  0.0000e+00     4.0216e-02  0.0000e+00     4.3636e-04  0.0000e+00     1.3049e-01  0.0000e+00 
3.3552e+02     5.8058e-05  0.0000e+00     1.9480e-02  0.0000e+00     2.1136e-04  0.0000e+00     7.0916e-02  0.0000e+00 
3.7646e+02     2.1272e-05  0.0000e+00     8.0081e-03  0.0000e+00     8.6890e-05  0.0000e+00     3.2711e-02  0.0000e+00 
4.2240e+02     6.8052e-06  0.0000e+00     2.8745e-03  0.0000e+00     3.1189e-05  0.0000e+00     1.3174e-02  0.0000e+00 
4.7394e+02     1.6693e-06  0.0000e+00     7.9114e-04  0.0000e+00     8.5841e-06  0.0000e+00     4.0683e-03  0.0000e+00 
5.3176e+02     5.4552e-07  0.0000e+00     2.9009e-04  0.0000e+00     3.1475e-06  0.0000e+00     1.6737e-03  0.0000e+00 
5.9665e+02     1.0313e-07  0.0000e+00     6.1533e-05  0.0000e+00     6.6765e-07  0.0000e+00     3.9836e-04  0.0000e+00 
6.6945e+02     0.0000e+00  0.0000e+00     0.0000e+00  0.0000e+00     0.0000e+00  0.0000e+00     0.0000e+00  0.0000e+00 
7.5114e+02     2.3406e-08  0.0000e+00     1.7581e-05  0.0000e+00     1.9076e-07  0.0000e+00     1.4329e-04  0.0000e+00 
8.4279e+02     0.0000e+00  0.0000e+00     0.0000e+00  0.0000e+00     0.0000e+00  0.0000e+00     0.0000e+00  0.0000e+00 
9.4563e+02     0.0000e+00  0.0000e+00     0.0000e+00  0.0000e+00     0.0000e+00  0.0000e+00     0.0000e+00  0.0000e+00 
1.0610e+03     0.0000e+00  0.0000e+00     0.0000e+00  0.0000e+00     0.0000e+00  0.0000e+00     0.0000e+00  0.0000e+00 
1.1905e+03     0.0000e+00  0.0000e+00     0.0000e+00  0.0000e+00     0.0000e+00  0.0000e+00     0.0000e+00  0.0000e+00 
1.3357e+03     0.0000e+00  0.0000e+00     0.0000e+00  0.0000e+00     0.0000e+00  0.0000e+00     0.0000e+00  0.0000e+00 
1.4987e+03     0.0000e+00  0.0000e+00     0.0000e+00  0.0000e+00     0.0000e+00  0.0000e+00     0.0000e+00  0.0000e+00 
1.6816e+03     0.0000e+00  0.0000e+00     0.0000e+00  0.0000e+00     0.0000e+00  0.0000e+00     0.0000e+00  0.0000e+00 
1.8868e+03     0.0000e+00  0.0000e+00     0.0000e+00  0.0000e+00     0.0000e+00  0.0000e+00     0.0000e+00  0.0000e+00 
2.1170e+03     0.0000e+00  0.0000e+00     0.0000e+00  0.0000e+00     0.0000e+00  0.0000e+00     0.0000e+00  0.0000e+00 
2.3753e+03     0.0000e+00  0.0000e+00     0.0000e+00  0.0000e+00     0.0000e+00  0.0000e+00     0.0000e+00  0.0000e+00 
2.6651e+03     0.0000e+00  0.0000e+00     0.0000e+00  0.0000e+00     0.0000e+00  0.0000e+00     0.0000e+00  0.0000e+00 
2.9903e+03     0.0000e+00  0.0000e+00     0.0000e+00  0.0000e+00     0.0000e+00  0.0000e+00     0.0000e+00  0.0000e+00 
3.3552e+03     0.0000e+00  0.0000e+00     0.0000e+00  0.0000e+00     0.0000e+00  0.0000e+00     0.0000e+00  0.0000e+00 
3.7646e+03     0.0000e+00  0.0000e+00     0.0000e+00  0.0000e+00     0.0000e+00  0.0000e+00     0.0000e+00  0.0000e+00 
4.2240e+03     0.0000e+00  0.0000e+00     0.0000e+00  0.0000e+00     0.0000e+00  0.0000e+00     0.0000e+00  0.0000e+00 
4.7394e+03     0.0000e+00  0.0000e+00     0.0000e+00  0.0000e+00     0.0000e+00  0.0000e+00     0.0000e+00  0.0000e+00 
5.3176e+03     0.0000e+00  0.0000e+00     0.0000e+00  0.0000e+00     0.0000e+00  0.0000e+00     0.0000e+00  0.0000e+00 
5.9665e+03     0.0000e+00  0.0000e+00     0.0000e+00  0.0000e+00     0.0000e+00  0.0000e+00     0.0000e+00  0.0000e+00 
6.6945e+03     0.0000e+00  0.0000e+00     0.0000e+00  0.0000e+00     0.0000e+00  0.0000e+00     0.0000e+00  0.0000e+00 
7.5114e+03     0.0000e+00  0.0000e+00     0.0000e+00  0.0000e+00     0.0000e+00  0.0000e+00     0.0000e+00  0.0000e+00 
8.4279e+03     0.0000e+00  0.0000e+00     0.0000e+00  0.0000e+00     0.0000e+00  0.0000e+00     0.0000e+00  0.0000e+00 
9.4563e+03     0.0000e+00  0.0000e+00     0.0000e+00  0.0000e+00     0.0000e+00  0.0000e+00     0.0000e+00  0.0000e+00 
