yF = 1.2183e+02 (std: 0.0000e+00) keV/um
yD = 1.4046e+02 (std: 0.0000e+00) keV/um
y (keV/um)     f(y)(std)                  yf(y)(std)                 d(y)(std)                  yd(y)(std)  
1.0610e-01     3.4421e-03  0.0000e+00     3.6521e-04  0.0000e+00     2.9976e-06  0.0000e+00     3.1805e-07  0.0000e+00 
1.1905e-01     2.1913e-04  0.0000e+00     2.6087e-05  0.0000e+00     2.1412e-07  0.0000e+00     2.5490e-08  0.0000e+00 
1.3357e-01     3.2550e-04  0.0000e+00     4.3478e-05  0.0000e+00     3.5686e-07  0.0000e+00     4.7667e-08  0.0000e+00 
1.4987e-01     5.8020e-04  0.0000e+00     8.6956e-05  0.0000e+00     7.1372e-07  0.0000e+00     1.0697e-07  0.0000e+00 
1.6816e-01     4.1368e-04  0.0000e+00     6.9565e-05  0.0000e+00     5.7098e-07  0.0000e+00     9.6015e-08  0.0000e+00 
1.8868e-01     3.2261e-04  0.0000e+00     6.0869e-05  0.0000e+00     4.9961e-07  0.0000e+00     9.4264e-08  0.0000e+00 
2.1170e-01     1.2323e-04  0.0000e+00     2.6087e-05  0.0000e+00     2.1412e-07  0.0000e+00     4.5328e-08  0.0000e+00 
2.3753e-01     2.1965e-04  0.0000e+00     5.2173e-05  0.0000e+00     4.2823e-07  0.0000e+00     1.0172e-07  0.0000e+00 
2.6651e-01     1.6314e-04  0.0000e+00     4.3478e-05  0.0000e+00     3.5686e-07  0.0000e+00     9.5108e-08  0.0000e+00 
2.9903e-01     1.7447e-04  0.0000e+00     5.2173e-05  0.0000e+00     4.2823e-07  0.0000e+00     1.2806e-07  0.0000e+00 
3.3552e-01     7.7750e-05  0.0000e+00     2.6087e-05  0.0000e+00     2.1412e-07  0.0000e+00     7.1841e-08  0.0000e+00 
3.7646e-01     2.3098e-04  0.0000e+00     8.6956e-05  0.0000e+00     7.1372e-07  0.0000e+00     2.6869e-07  0.0000e+00 
4.2240e-01     1.8528e-04  0.0000e+00     7.8260e-05  0.0000e+00     6.4235e-07  0.0000e+00     2.7133e-07  0.0000e+00 
4.7394e-01     2.0182e-04  0.0000e+00     9.5651e-05  0.0000e+00     7.8510e-07  0.0000e+00     3.7208e-07  0.0000e+00 
5.3176e-01     1.7988e-04  0.0000e+00     9.5651e-05  0.0000e+00     7.8510e-07  0.0000e+00     4.1749e-07  0.0000e+00 
5.9665e-01     7.2870e-05  0.0000e+00     4.3478e-05  0.0000e+00     3.5686e-07  0.0000e+00     2.1292e-07  0.0000e+00 
6.6945e-01     1.1690e-04  0.0000e+00     7.8260e-05  0.0000e+00     6.4235e-07  0.0000e+00     4.3002e-07  0.0000e+00 
7.5114e-01     1.0419e-04  0.0000e+00     7.8260e-05  0.0000e+00     6.4235e-07  0.0000e+00     4.8249e-07  0.0000e+00 
8.4279e-01     9.2858e-05  0.0000e+00     7.8260e-05  0.0000e+00     6.4235e-07  0.0000e+00     5.4137e-07  0.0000e+00 
9.4563e-01     6.4369e-05  0.0000e+00     6.0869e-05  0.0000e+00     4.9961e-07  0.0000e+00     4.7244e-07  0.0000e+00 
1.0610e+00     7.3760e-05  0.0000e+00     7.8260e-05  0.0000e+00     6.4235e-07  0.0000e+00     6.8154e-07  0.0000e+00 
1.1905e+00     2.9217e-05  0.0000e+00     3.4782e-05  0.0000e+00     2.8549e-07  0.0000e+00     3.3987e-07  0.0000e+00 
1.3357e+00     7.8120e-05  0.0000e+00     1.0435e-04  0.0000e+00     8.5647e-07  0.0000e+00     1.1440e-06  0.0000e+00 
1.4987e+00     1.1604e-05  0.0000e+00     1.7391e-05  0.0000e+00     1.4274e-07  0.0000e+00     2.1393e-07  0.0000e+00 
1.6816e+00     0.0000e+00  0.0000e+00     0.0000e+00  0.0000e+00     0.0000e+00  0.0000e+00     0.0000e+00  0.0000e+00 
1.8868e+00     0.0000e+00  0.0000e+00     0.0000e+00  0.0000e+00     0.0000e+00  0.0000e+00     0.0000e+00  0.0000e+00 
2.1170e+00     0.0000e+00  0.0000e+00     0.0000e+00  0.0000e+00     0.0000e+00  0.0000e+00     0.0000e+00  0.0000e+00 
2.3753e+00     0.0000e+00  0.0000e+00     0.0000e+00  0.0000e+00     0.0000e+00  0.0000e+00     0.0000e+00  0.0000e+00 
2.6651e+00     0.0000e+00  0.0000e+00     0.0000e+00  0.0000e+00     0.0000e+00  0.0000e+00     0.0000e+00  0.0000e+00 
2.9903e+00     0.0000e+00  0.0000e+00     0.0000e+00  0.0000e+00     0.0000e+00  0.0000e+00     0.0000e+00  0.0000e+00 
3.3552e+00     0.0000e+00  0.0000e+00     0.0000e+00  0.0000e+00     0.0000e+00  0.0000e+00     0.0000e+00  0.0000e+00 
3.7646e+00     0.0000e+00  0.0000e+00     0.0000e+00  0.0000e+00     0.0000e+00  0.0000e+00     0.0000e+00  0.0000e+00 
4.2240e+00     0.0000e+00  0.0000e+00     0.0000e+00  0.0000e+00     0.0000e+00  0.0000e+00     0.0000e+00  0.0000e+00 
4.7394e+00     0.0000e+00  0.0000e+00     0.0000e+00  0.0000e+00     0.0000e+00  0.0000e+00     0.0000e+00  0.0000e+00 
5.3176e+00     0.0000e+00  0.0000e+00     0.0000e+00  0.0000e+00     0.0000e+00  0.0000e+00     0.0000e+00  0.0000e+00 
5.9665e+00     1.7489e-05  0.0000e+00     1.0435e-04  0.0000e+00     8.5647e-07  0.0000e+00     5.1101e-06  0.0000e+00 
6.6945e+00     2.4679e-05  0.0000e+00     1.6522e-04  0.0000e+00     1.3561e-06  0.0000e+00     9.0783e-06  0.0000e+00 
7.5114e+00     1.7365e-05  0.0000e+00     1.3043e-04  0.0000e+00     1.0706e-06  0.0000e+00     8.0416e-06  0.0000e+00 
8.4279e+00     2.6723e-04  0.0000e+00     2.2522e-03  0.0000e+00     1.8485e-05  0.0000e+00     1.5579e-04  0.0000e+00 
9.4563e+00     1.9311e-04  0.0000e+00     1.8261e-03  0.0000e+00     1.4988e-05  0.0000e+00     1.4173e-04  0.0000e+00 
1.0610e+01     2.3275e-04  0.0000e+00     2.4695e-03  0.0000e+00     2.0270e-05  0.0000e+00     2.1506e-04  0.0000e+00 
1.1905e+01     1.4536e-04  0.0000e+00     1.7304e-03  0.0000e+00     1.4203e-05  0.0000e+00     1.6908e-04  0.0000e+00 
1.3357e+01     1.4452e-04  0.0000e+00     1.9304e-03  0.0000e+00     1.5845e-05  0.0000e+00     2.1164e-04  0.0000e+00 
1.4987e+01     1.2590e-04  0.0000e+00     1.8869e-03  0.0000e+00     1.5488e-05  0.0000e+00     2.3212e-04  0.0000e+00 
1.6816e+01     2.6683e-04  0.0000e+00     4.4869e-03  0.0000e+00     3.6828e-05  0.0000e+00     6.1930e-04  0.0000e+00 
1.8868e+01     4.1847e-04  0.0000e+00     7.8956e-03  0.0000e+00     6.4806e-05  0.0000e+00     1.2227e-03  0.0000e+00 
2.1170e+01     4.9537e-04  0.0000e+00     1.0487e-02  0.0000e+00     8.6075e-05  0.0000e+00     1.8222e-03  0.0000e+00 
2.3753e+01     5.4729e-04  0.0000e+00     1.3000e-02  0.0000e+00     1.0670e-04  0.0000e+00     2.5345e-03  0.0000e+00 
2.6651e+01     7.0181e-04  0.0000e+00     1.8704e-02  0.0000e+00     1.5352e-04  0.0000e+00     4.0916e-03  0.0000e+00 
2.9903e+01     1.0018e-03  0.0000e+00     2.9956e-02  0.0000e+00     2.4588e-04  0.0000e+00     7.3526e-03  0.0000e+00 
3.3552e+01     1.2386e-03  0.0000e+00     4.1556e-02  0.0000e+00     3.4109e-04  0.0000e+00     1.1444e-02  0.0000e+00 
3.7646e+01     1.5363e-03  0.0000e+00     5.7834e-02  0.0000e+00     4.7470e-04  0.0000e+00     1.7870e-02  0.0000e+00 
4.2240e+01     2.0599e-03  0.0000e+00     8.7008e-02  0.0000e+00     7.1415e-04  0.0000e+00     3.0165e-02  0.0000e+00 
4.7394e+01     2.5718e-03  0.0000e+00     1.2189e-01  0.0000e+00     1.0004e-03  0.0000e+00     4.7414e-02  0.0000e+00 
5.3176e+01     3.3547e-03  0.0000e+00     1.7839e-01  0.0000e+00     1.4642e-03  0.0000e+00     7.7861e-02  0.0000e+00 
5.9665e+01     4.2419e-03  0.0000e+00     2.5309e-01  0.0000e+00     2.0774e-03  0.0000e+00     1.2395e-01  0.0000e+00 
6.6945e+01     5.2572e-03  0.0000e+00     3.5194e-01  0.0000e+00     2.8887e-03  0.0000e+00     1.9339e-01  0.0000e+00 
7.5114e+01     6.3260e-03  0.0000e+00     4.7517e-01  0.0000e+00     3.9001e-03  0.0000e+00     2.9295e-01  0.0000e+00 
8.4279e+01     7.3035e-03  0.0000e+00     6.1553e-01  0.0000e+00     5.0522e-03  0.0000e+00     4.2580e-01  0.0000e+00 
9.4563e+01     8.1166e-03  0.0000e+00     7.6752e-01  0.0000e+00     6.2998e-03  0.0000e+00     5.9572e-01  0.0000e+00 
1.0610e+02     8.5011e-03  0.0000e+00     9.0197e-01  0.0000e+00     7.4033e-03  0.0000e+00     7.8550e-01  0.0000e+00 
1.1905e+02     8.3552e-03  0.0000e+00     9.9467e-01  0.0000e+00     8.1641e-03  0.0000e+00     9.7192e-01  0.0000e+00 
1.3357e+02     7.5572e-03  0.0000e+00     1.0094e+00  0.0000e+00     8.2854e-03  0.0000e+00     1.1067e+00  0.0000e+00 
1.4987e+02     6.1999e-03  0.0000e+00     9.2918e-01  0.0000e+00     7.6266e-03  0.0000e+00     1.1430e+00  0.0000e+00 
1.6816e+02     4.4694e-03  0.0000e+00     7.5158e-01  0.0000e+00     6.1689e-03  0.0000e+00     1.0373e+00  0.0000e+00 
1.8868e+02     2.7890e-03  0.0000e+00     5.2622e-01  0.0000e+00     4.3192e-03  0.0000e+00     8.1493e-01  0.0000e+00 
2.1170e+02     1.4544e-03  0.0000e+00     3.0789e-01  0.0000e+00     2.5272e-03  0.0000e+00     5.3500e-01  0.0000e+00 
2.3753e+02     6.2472e-04  0.0000e+00     1.4839e-01  0.0000e+00     1.2180e-03  0.0000e+00     2.8930e-01  0.0000e+00 
2.6651e+02     2.1224e-04  0.0000e+00     5.6565e-02  0.0000e+00     4.6428e-04  0.0000e+00     1.2374e-01  0.0000e+00 
2.9903e+02     5.5046e-05  0.0000e+00     1.6461e-02  0.0000e+00     1.3511e-04  0.0000e+00     4.0402e-02  0.0000e+00 
3.3552e+02     1.1015e-05  0.0000e+00     3.6956e-03  0.0000e+00     3.0333e-05  0.0000e+00     1.0177e-02  0.0000e+00 
3.7646e+02     1.5938e-06  0.0000e+00     5.9999e-04  0.0000e+00     4.9247e-06  0.0000e+00     1.8540e-03  0.0000e+00 
4.2240e+02     1.6469e-07  0.0000e+00     6.9565e-05  0.0000e+00     5.7098e-07  0.0000e+00     2.4118e-04  0.0000e+00 
4.7394e+02     0.0000e+00  0.0000e+00     0.0000e+00  0.0000e+00     0.0000e+00  0.0000e+00     0.0000e+00  0.0000e+00 
5.3176e+02     0.0000e+00  0.0000e+00     0.0000e+00  0.0000e+00     0.0000e+00  0.0000e+00     0.0000e+00  0.0000e+00 
5.9665e+02     0.0000e+00  0.0000e+00     0.0000e+00  0.0000e+00     0.0000e+00  0.0000e+00     0.0000e+00  0.0000e+00 
6.6945e+02     0.0000e+00  0.0000e+00     0.0000e+00  0.0000e+00     0.0000e+00  0.0000e+00     0.0000e+00  0.0000e+00 
7.5114e+02     0.0000e+00  0.0000e+00     0.0000e+00  0.0000e+00     0.0000e+00  0.0000e+00     0.0000e+00  0.0000e+00 
8.4279e+02     0.0000e+00  0.0000e+00     0.0000e+00  0.0000e+00     0.0000e+00  0.0000e+00     0.0000e+00  0.0000e+00 
9.4563e+02     0.0000e+00  0.0000e+00     0.0000e+00  0.0000e+00     0.0000e+00  0.0000e+00     0.0000e+00  0.0000e+00 
1.0610e+03     0.0000e+00  0.0000e+00     0.0000e+00  0.0000e+00     0.0000e+00  0.0000e+00     0.0000e+00  0.0000e+00 
1.1905e+03     0.0000e+00  0.0000e+00     0.0000e+00  0.0000e+00     0.0000e+00  0.0000e+00     0.0000e+00  0.0000e+00 
1.3357e+03     0.0000e+00  0.0000e+00     0.0000e+00  0.0000e+00     0.0000e+00  0.0000e+00     0.0000e+00  0.0000e+00 
1.4987e+03     0.0000e+00  0.0000e+00     0.0000e+00  0.0000e+00     0.0000e+00  0.0000e+00     0.0000e+00  0.0000e+00 
1.6816e+03     0.0000e+00  0.0000e+00     0.0000e+00  0.0000e+00     0.0000e+00  0.0000e+00     0.0000e+00  0.0000e+00 
1.8868e+03     0.0000e+00  0.0000e+00     0.0000e+00  0.0000e+00     0.0000e+00  0.0000e+00     0.0000e+00  0.0000e+00 
2.1170e+03     0.0000e+00  0.0000e+00     0.0000e+00  0.0000e+00     0.0000e+00  0.0000e+00     0.0000e+00  0.0000e+00 
2.3753e+03     0.0000e+00  0.0000e+00     0.0000e+00  0.0000e+00     0.0000e+00  0.0000e+00     0.0000e+00  0.0000e+00 
2.6651e+03     0.0000e+00  0.0000e+00     0.0000e+00  0.0000e+00     0.0000e+00  0.0000e+00     0.0000e+00  0.0000e+00 
2.9903e+03     0.0000e+00  0.0000e+00     0.0000e+00  0.0000e+00     0.0000e+00  0.0000e+00     0.0000e+00  0.0000e+00 
3.3552e+03     0.0000e+00  0.0000e+00     0.0000e+00  0.0000e+00     0.0000e+00  0.0000e+00     0.0000e+00  0.0000e+00 
3.7646e+03     0.0000e+00  0.0000e+00     0.0000e+00  0.0000e+00     0.0000e+00  0.0000e+00     0.0000e+00  0.0000e+00 
4.2240e+03     0.0000e+00  0.0000e+00     0.0000e+00  0.0000e+00     0.0000e+00  0.0000e+00     0.0000e+00  0.0000e+00 
4.7394e+03     0.0000e+00  0.0000e+00     0.0000e+00  0.0000e+00     0.0000e+00  0.0000e+00     0.0000e+00  0.0000e+00 
5.3176e+03     0.0000e+00  0.0000e+00     0.0000e+00  0.0000e+00     0.0000e+00  0.0000e+00     0.0000e+00  0.0000e+00 
5.9665e+03     0.0000e+00  0.0000e+00     0.0000e+00  0.0000e+00     0.0000e+00  0.0000e+00     0.0000e+00  0.0000e+00 
6.6945e+03     0.0000e+00  0.0000e+00     0.0000e+00  0.0000e+00     0.0000e+00  0.0000e+00     0.0000e+00  0.0000e+00 
7.5114e+03     0.0000e+00  0.0000e+00     0.0000e+00  0.0000e+00     0.0000e+00  0.0000e+00     0.0000e+00  0.0000e+00 
8.4279e+03     0.0000e+00  0.0000e+00     0.0000e+00  0.0000e+00     0.0000e+00  0.0000e+00     0.0000e+00  0.0000e+00 
9.4563e+03     0.0000e+00  0.0000e+00     0.0000e+00  0.0000e+00     0.0000e+00  0.0000e+00     0.0000e+00  0.0000e+00 
