yF = 7.0621e+00 (std: 0.0000e+00) keV/um
yD = 2.4603e+01 (std: 0.0000e+00) keV/um
y (keV/um)     f(y)(std)                  yf(y)(std)                 d(y)(std)                  yd(y)(std)  
1.0610e-01     2.2236e+01  0.0000e+00     2.3592e+00  0.0000e+00     3.3407e-01  0.0000e+00     3.5445e-02  0.0000e+00 
1.1905e-01     1.5973e+00  0.0000e+00     1.9015e-01  0.0000e+00     2.6926e-02  0.0000e+00     3.2054e-03  0.0000e+00 
1.3357e-01     4.8177e-01  0.0000e+00     6.4352e-02  0.0000e+00     9.1122e-03  0.0000e+00     1.2172e-03  0.0000e+00 
1.4987e-01     2.3559e+00  0.0000e+00     3.5308e-01  0.0000e+00     4.9997e-02  0.0000e+00     7.4931e-03  0.0000e+00 
1.6816e-01     7.4007e-01  0.0000e+00     1.2445e-01  0.0000e+00     1.7622e-02  0.0000e+00     2.9633e-03  0.0000e+00 
1.8868e-01     4.8959e-01  0.0000e+00     9.2374e-02  0.0000e+00     1.3080e-02  0.0000e+00     2.4679e-03  0.0000e+00 
2.1170e-01     5.2428e-01  0.0000e+00     1.1099e-01  0.0000e+00     1.5716e-02  0.0000e+00     3.3271e-03  0.0000e+00 
2.3753e-01     4.8412e-01  0.0000e+00     1.1499e-01  0.0000e+00     1.6283e-02  0.0000e+00     3.8677e-03  0.0000e+00 
2.6651e-01     2.3245e-01  0.0000e+00     6.1950e-02  0.0000e+00     8.7721e-03  0.0000e+00     2.3379e-03  0.0000e+00 
2.9903e-01     1.8357e-01  0.0000e+00     5.4894e-02  0.0000e+00     7.7730e-03  0.0000e+00     2.3244e-03  0.0000e+00 
3.3552e-01     1.0822e+00  0.0000e+00     3.6309e-01  0.0000e+00     5.1414e-02  0.0000e+00     1.7250e-02  0.0000e+00 
3.7646e-01     6.9372e-01  0.0000e+00     2.6116e-01  0.0000e+00     3.6980e-02  0.0000e+00     1.3922e-02  0.0000e+00 
4.2240e-01     3.1275e-01  0.0000e+00     1.3211e-01  0.0000e+00     1.8706e-02  0.0000e+00     7.9015e-03  0.0000e+00 
4.7394e-01     2.9743e-01  0.0000e+00     1.4096e-01  0.0000e+00     1.9960e-02  0.0000e+00     9.4600e-03  0.0000e+00 
5.3176e-01     1.8933e-01  0.0000e+00     1.0068e-01  0.0000e+00     1.4256e-02  0.0000e+00     7.5811e-03  0.0000e+00 
5.9665e-01     9.8630e-02  0.0000e+00     5.8847e-02  0.0000e+00     8.3328e-03  0.0000e+00     4.9718e-03  0.0000e+00 
6.6945e-01     1.6385e-01  0.0000e+00     1.0969e-01  0.0000e+00     1.5532e-02  0.0000e+00     1.0398e-02  0.0000e+00 
7.5114e-01     1.3424e-01  0.0000e+00     1.0083e-01  0.0000e+00     1.4278e-02  0.0000e+00     1.0725e-02  0.0000e+00 
8.4279e-01     6.2106e-02  0.0000e+00     5.2342e-02  0.0000e+00     7.4117e-03  0.0000e+00     6.2465e-03  0.0000e+00 
9.4563e-01     3.9265e-02  0.0000e+00     3.7130e-02  0.0000e+00     5.2576e-03  0.0000e+00     4.9717e-03  0.0000e+00 
1.0610e+00     3.1505e-02  0.0000e+00     3.3427e-02  0.0000e+00     4.7333e-03  0.0000e+00     5.0220e-03  0.0000e+00 
1.1905e+00     1.7864e-02  0.0000e+00     2.1267e-02  0.0000e+00     3.0114e-03  0.0000e+00     3.5850e-03  0.0000e+00 
1.3357e+00     8.6539e-03  0.0000e+00     1.1559e-02  0.0000e+00     1.6368e-03  0.0000e+00     2.1863e-03  0.0000e+00 
1.4987e+00     4.8748e-03  0.0000e+00     7.3059e-03  0.0000e+00     1.0345e-03  0.0000e+00     1.5504e-03  0.0000e+00 
1.6816e+00     1.6962e-03  0.0000e+00     2.8523e-03  0.0000e+00     4.0389e-04  0.0000e+00     6.7917e-04  0.0000e+00 
1.8868e+00     1.3791e-03  0.0000e+00     2.6021e-03  0.0000e+00     3.6846e-04  0.0000e+00     6.9520e-04  0.0000e+00 
2.1170e+00     6.8548e-04  0.0000e+00     1.4512e-03  0.0000e+00     2.0549e-04  0.0000e+00     4.3501e-04  0.0000e+00 
2.3753e+00     1.2640e-04  0.0000e+00     3.0024e-04  0.0000e+00     4.2514e-05  0.0000e+00     1.0098e-04  0.0000e+00 
2.6651e+00     1.8776e-05  0.0000e+00     5.0040e-05  0.0000e+00     7.0857e-06  0.0000e+00     1.8884e-05  0.0000e+00 
2.9903e+00     0.0000e+00  0.0000e+00     0.0000e+00  0.0000e+00     0.0000e+00  0.0000e+00     0.0000e+00  0.0000e+00 
3.3552e+00     0.0000e+00  0.0000e+00     0.0000e+00  0.0000e+00     0.0000e+00  0.0000e+00     0.0000e+00  0.0000e+00 
3.7646e+00     0.0000e+00  0.0000e+00     0.0000e+00  0.0000e+00     0.0000e+00  0.0000e+00     0.0000e+00  0.0000e+00 
4.2240e+00     0.0000e+00  0.0000e+00     0.0000e+00  0.0000e+00     0.0000e+00  0.0000e+00     0.0000e+00  0.0000e+00 
4.7394e+00     0.0000e+00  0.0000e+00     0.0000e+00  0.0000e+00     0.0000e+00  0.0000e+00     0.0000e+00  0.0000e+00 
5.3176e+00     0.0000e+00  0.0000e+00     0.0000e+00  0.0000e+00     0.0000e+00  0.0000e+00     0.0000e+00  0.0000e+00 
5.9665e+00     6.5795e-02  0.0000e+00     3.9257e-01  0.0000e+00     5.5588e-02  0.0000e+00     3.3166e-01  0.0000e+00 
6.6945e+00     1.8799e-02  0.0000e+00     1.2585e-01  0.0000e+00     1.7821e-02  0.0000e+00     1.1930e-01  0.0000e+00 
7.5114e+00     6.5820e-03  0.0000e+00     4.9440e-02  0.0000e+00     7.0007e-03  0.0000e+00     5.2585e-02  0.0000e+00 
8.4279e+00     4.4774e-02  0.0000e+00     3.7735e-01  0.0000e+00     5.3433e-02  0.0000e+00     4.5033e-01  0.0000e+00 
9.4563e+00     2.4263e-02  0.0000e+00     2.2943e-01  0.0000e+00     3.2488e-02  0.0000e+00     3.0722e-01  0.0000e+00 
1.0610e+01     4.1272e-02  0.0000e+00     4.3790e-01  0.0000e+00     6.2007e-02  0.0000e+00     6.5790e-01  0.0000e+00 
1.1905e+01     3.0273e-02  0.0000e+00     3.6039e-01  0.0000e+00     5.1031e-02  0.0000e+00     6.0751e-01  0.0000e+00 
1.3357e+01     2.6190e-02  0.0000e+00     3.4983e-01  0.0000e+00     4.9536e-02  0.0000e+00     6.6167e-01  0.0000e+00 
1.4987e+01     1.7178e-02  0.0000e+00     2.5746e-01  0.0000e+00     3.6456e-02  0.0000e+00     5.4637e-01  0.0000e+00 
1.6816e+01     1.0412e-02  0.0000e+00     1.7509e-01  0.0000e+00     2.4793e-02  0.0000e+00     4.1692e-01  0.0000e+00 
1.8868e+01     7.5374e-03  0.0000e+00     1.4221e-01  0.0000e+00     2.0138e-02  0.0000e+00     3.7995e-01  0.0000e+00 
2.1170e+01     5.9850e-03  0.0000e+00     1.2670e-01  0.0000e+00     1.7941e-02  0.0000e+00     3.7981e-01  0.0000e+00 
2.3753e+01     5.3931e-03  0.0000e+00     1.2810e-01  0.0000e+00     1.8139e-02  0.0000e+00     4.3087e-01  0.0000e+00 
2.6651e+01     5.7079e-03  0.0000e+00     1.5212e-01  0.0000e+00     2.1541e-02  0.0000e+00     5.7409e-01  0.0000e+00 
2.9903e+01     2.7042e-03  0.0000e+00     8.0865e-02  0.0000e+00     1.1451e-02  0.0000e+00     3.4241e-01  0.0000e+00 
3.3552e+01     2.4623e-03  0.0000e+00     8.2616e-02  0.0000e+00     1.1699e-02  0.0000e+00     3.9251e-01  0.0000e+00 
3.7646e+01     1.7745e-03  0.0000e+00     6.6804e-02  0.0000e+00     9.4594e-03  0.0000e+00     3.5611e-01  0.0000e+00 
4.2240e+01     1.3221e-03  0.0000e+00     5.5845e-02  0.0000e+00     7.9077e-03  0.0000e+00     3.3402e-01  0.0000e+00 
4.7394e+01     9.6187e-04  0.0000e+00     4.5587e-02  0.0000e+00     6.4551e-03  0.0000e+00     3.0593e-01  0.0000e+00 
5.3176e+01     6.0131e-04  0.0000e+00     3.1976e-02  0.0000e+00     4.5278e-03  0.0000e+00     2.4077e-01  0.0000e+00 
5.9665e+01     4.0425e-04  0.0000e+00     2.4119e-02  0.0000e+00     3.4153e-03  0.0000e+00     2.0377e-01  0.0000e+00 
6.6945e+01     2.3247e-04  0.0000e+00     1.5562e-02  0.0000e+00     2.2037e-03  0.0000e+00     1.4752e-01  0.0000e+00 
7.5114e+01     1.3524e-04  0.0000e+00     1.0158e-02  0.0000e+00     1.4384e-03  0.0000e+00     1.0804e-01  0.0000e+00 
8.4279e+01     8.3718e-05  0.0000e+00     7.0557e-03  0.0000e+00     9.9909e-04  0.0000e+00     8.4202e-02  0.0000e+00 
9.4563e+01     3.7042e-05  0.0000e+00     3.5028e-03  0.0000e+00     4.9600e-04  0.0000e+00     4.6903e-02  0.0000e+00 
1.0610e+02     1.6507e-05  0.0000e+00     1.7514e-03  0.0000e+00     2.4800e-04  0.0000e+00     2.6313e-02  0.0000e+00 
1.1905e+02     5.8847e-06  0.0000e+00     7.0056e-04  0.0000e+00     9.9200e-05  0.0000e+00     1.1810e-02  0.0000e+00 
1.3357e+02     2.6224e-06  0.0000e+00     3.5028e-04  0.0000e+00     4.9600e-05  0.0000e+00     6.6252e-03  0.0000e+00 
1.4987e+02     0.0000e+00  0.0000e+00     0.0000e+00  0.0000e+00     0.0000e+00  0.0000e+00     0.0000e+00  0.0000e+00 
1.6816e+02     0.0000e+00  0.0000e+00     0.0000e+00  0.0000e+00     0.0000e+00  0.0000e+00     0.0000e+00  0.0000e+00 
1.8868e+02     0.0000e+00  0.0000e+00     0.0000e+00  0.0000e+00     0.0000e+00  0.0000e+00     0.0000e+00  0.0000e+00 
2.1170e+02     0.0000e+00  0.0000e+00     0.0000e+00  0.0000e+00     0.0000e+00  0.0000e+00     0.0000e+00  0.0000e+00 
2.3753e+02     0.0000e+00  0.0000e+00     0.0000e+00  0.0000e+00     0.0000e+00  0.0000e+00     0.0000e+00  0.0000e+00 
2.6651e+02     0.0000e+00  0.0000e+00     0.0000e+00  0.0000e+00     0.0000e+00  0.0000e+00     0.0000e+00  0.0000e+00 
2.9903e+02     0.0000e+00  0.0000e+00     0.0000e+00  0.0000e+00     0.0000e+00  0.0000e+00     0.0000e+00  0.0000e+00 
3.3552e+02     0.0000e+00  0.0000e+00     0.0000e+00  0.0000e+00     0.0000e+00  0.0000e+00     0.0000e+00  0.0000e+00 
3.7646e+02     0.0000e+00  0.0000e+00     0.0000e+00  0.0000e+00     0.0000e+00  0.0000e+00     0.0000e+00  0.0000e+00 
4.2240e+02     0.0000e+00  0.0000e+00     0.0000e+00  0.0000e+00     0.0000e+00  0.0000e+00     0.0000e+00  0.0000e+00 
4.7394e+02     0.0000e+00  0.0000e+00     0.0000e+00  0.0000e+00     0.0000e+00  0.0000e+00     0.0000e+00  0.0000e+00 
5.3176e+02     0.0000e+00  0.0000e+00     0.0000e+00  0.0000e+00     0.0000e+00  0.0000e+00     0.0000e+00  0.0000e+00 
5.9665e+02     0.0000e+00  0.0000e+00     0.0000e+00  0.0000e+00     0.0000e+00  0.0000e+00     0.0000e+00  0.0000e+00 
6.6945e+02     0.0000e+00  0.0000e+00     0.0000e+00  0.0000e+00     0.0000e+00  0.0000e+00     0.0000e+00  0.0000e+00 
7.5114e+02     0.0000e+00  0.0000e+00     0.0000e+00  0.0000e+00     0.0000e+00  0.0000e+00     0.0000e+00  0.0000e+00 
8.4279e+02     0.0000e+00  0.0000e+00     0.0000e+00  0.0000e+00     0.0000e+00  0.0000e+00     0.0000e+00  0.0000e+00 
9.4563e+02     0.0000e+00  0.0000e+00     0.0000e+00  0.0000e+00     0.0000e+00  0.0000e+00     0.0000e+00  0.0000e+00 
1.0610e+03     0.0000e+00  0.0000e+00     0.0000e+00  0.0000e+00     0.0000e+00  0.0000e+00     0.0000e+00  0.0000e+00 
1.1905e+03     0.0000e+00  0.0000e+00     0.0000e+00  0.0000e+00     0.0000e+00  0.0000e+00     0.0000e+00  0.0000e+00 
1.3357e+03     0.0000e+00  0.0000e+00     0.0000e+00  0.0000e+00     0.0000e+00  0.0000e+00     0.0000e+00  0.0000e+00 
1.4987e+03     0.0000e+00  0.0000e+00     0.0000e+00  0.0000e+00     0.0000e+00  0.0000e+00     0.0000e+00  0.0000e+00 
1.6816e+03     0.0000e+00  0.0000e+00     0.0000e+00  0.0000e+00     0.0000e+00  0.0000e+00     0.0000e+00  0.0000e+00 
1.8868e+03     0.0000e+00  0.0000e+00     0.0000e+00  0.0000e+00     0.0000e+00  0.0000e+00     0.0000e+00  0.0000e+00 
2.1170e+03     0.0000e+00  0.0000e+00     0.0000e+00  0.0000e+00     0.0000e+00  0.0000e+00     0.0000e+00  0.0000e+00 
2.3753e+03     0.0000e+00  0.0000e+00     0.0000e+00  0.0000e+00     0.0000e+00  0.0000e+00     0.0000e+00  0.0000e+00 
2.6651e+03     0.0000e+00  0.0000e+00     0.0000e+00  0.0000e+00     0.0000e+00  0.0000e+00     0.0000e+00  0.0000e+00 
2.9903e+03     0.0000e+00  0.0000e+00     0.0000e+00  0.0000e+00     0.0000e+00  0.0000e+00     0.0000e+00  0.0000e+00 
3.3552e+03     0.0000e+00  0.0000e+00     0.0000e+00  0.0000e+00     0.0000e+00  0.0000e+00     0.0000e+00  0.0000e+00 
3.7646e+03     0.0000e+00  0.0000e+00     0.0000e+00  0.0000e+00     0.0000e+00  0.0000e+00     0.0000e+00  0.0000e+00 
4.2240e+03     0.0000e+00  0.0000e+00     0.0000e+00  0.0000e+00     0.0000e+00  0.0000e+00     0.0000e+00  0.0000e+00 
4.7394e+03     0.0000e+00  0.0000e+00     0.0000e+00  0.0000e+00     0.0000e+00  0.0000e+00     0.0000e+00  0.0000e+00 
5.3176e+03     0.0000e+00  0.0000e+00     0.0000e+00  0.0000e+00     0.0000e+00  0.0000e+00     0.0000e+00  0.0000e+00 
5.9665e+03     0.0000e+00  0.0000e+00     0.0000e+00  0.0000e+00     0.0000e+00  0.0000e+00     0.0000e+00  0.0000e+00 
6.6945e+03     0.0000e+00  0.0000e+00     0.0000e+00  0.0000e+00     0.0000e+00  0.0000e+00     0.0000e+00  0.0000e+00 
7.5114e+03     0.0000e+00  0.0000e+00     0.0000e+00  0.0000e+00     0.0000e+00  0.0000e+00     0.0000e+00  0.0000e+00 
8.4279e+03     0.0000e+00  0.0000e+00     0.0000e+00  0.0000e+00     0.0000e+00  0.0000e+00     0.0000e+00  0.0000e+00 
9.4563e+03     0.0000e+00  0.0000e+00     0.0000e+00  0.0000e+00     0.0000e+00  0.0000e+00     0.0000e+00  0.0000e+00 
