yF = 5.0014e+00 (std: 0.0000e+00) keV/um
yD = 2.1304e+01 (std: 0.0000e+00) keV/um
y (keV/um)     f(y)(std)                  yf(y)(std)                 d(y)(std)                  yd(y)(std)  
1.0610e-01     2.4404e+01  0.0000e+00     2.5893e+00  0.0000e+00     5.1771e-01  0.0000e+00     5.4929e-02  0.0000e+00 
1.1905e-01     1.6283e+00  0.0000e+00     1.9385e-01  0.0000e+00     3.8759e-02  0.0000e+00     4.6141e-03  0.0000e+00 
1.3357e-01     6.2197e-01  0.0000e+00     8.3078e-02  0.0000e+00     1.6611e-02  0.0000e+00     2.2188e-03  0.0000e+00 
1.4987e-01     2.6238e+00  0.0000e+00     3.9324e-01  0.0000e+00     7.8625e-02  0.0000e+00     1.1784e-02  0.0000e+00 
1.6816e-01     7.7400e-01  0.0000e+00     1.3016e-01  0.0000e+00     2.6024e-02  0.0000e+00     4.3761e-03  0.0000e+00 
1.8868e-01     3.6693e-01  0.0000e+00     6.9232e-02  0.0000e+00     1.3842e-02  0.0000e+00     2.6117e-03  0.0000e+00 
2.1170e-01     6.4097e-01  0.0000e+00     1.3569e-01  0.0000e+00     2.7131e-02  0.0000e+00     5.7436e-03  0.0000e+00 
2.3753e-01     6.2956e-01  0.0000e+00     1.4954e-01  0.0000e+00     2.9900e-02  0.0000e+00     7.1021e-03  0.0000e+00 
2.6651e-01     2.3899e-01  0.0000e+00     6.3693e-02  0.0000e+00     1.2735e-02  0.0000e+00     3.3941e-03  0.0000e+00 
2.9903e-01     2.3152e-01  0.0000e+00     6.9232e-02  0.0000e+00     1.3842e-02  0.0000e+00     4.1393e-03  0.0000e+00 
3.3552e-01     1.2050e+00  0.0000e+00     4.0431e-01  0.0000e+00     8.0840e-02  0.0000e+00     2.7123e-02  0.0000e+00 
3.7646e-01     9.6364e-01  0.0000e+00     3.6277e-01  0.0000e+00     7.2534e-02  0.0000e+00     2.7306e-02  0.0000e+00 
4.2240e-01     3.0814e-01  0.0000e+00     1.3016e-01  0.0000e+00     2.6024e-02  0.0000e+00     1.0992e-02  0.0000e+00 
4.7394e-01     3.7396e-01  0.0000e+00     1.7723e-01  0.0000e+00     3.5437e-02  0.0000e+00     1.6795e-02  0.0000e+00 
5.3176e-01     2.7601e-01  0.0000e+00     1.4677e-01  0.0000e+00     2.9346e-02  0.0000e+00     1.5605e-02  0.0000e+00 
5.9665e-01     1.4388e-01  0.0000e+00     8.5847e-02  0.0000e+00     1.7165e-02  0.0000e+00     1.0241e-02  0.0000e+00 
6.6945e-01     2.0269e-01  0.0000e+00     1.3569e-01  0.0000e+00     2.7131e-02  0.0000e+00     1.8163e-02  0.0000e+00 
7.5114e-01     2.1015e-01  0.0000e+00     1.5785e-01  0.0000e+00     3.1561e-02  0.0000e+00     2.3706e-02  0.0000e+00 
8.4279e-01     6.5717e-02  0.0000e+00     5.5385e-02  0.0000e+00     1.1074e-02  0.0000e+00     9.3330e-03  0.0000e+00 
9.4563e-01     3.5142e-02  0.0000e+00     3.3231e-02  0.0000e+00     6.6444e-03  0.0000e+00     6.2831e-03  0.0000e+00 
1.0610e+00     3.6540e-02  0.0000e+00     3.8770e-02  0.0000e+00     7.7518e-03  0.0000e+00     8.2247e-03  0.0000e+00 
1.1905e+00     1.8610e-02  0.0000e+00     2.2154e-02  0.0000e+00     4.4296e-03  0.0000e+00     5.2733e-03  0.0000e+00 
1.3357e+00     1.2439e-02  0.0000e+00     1.6616e-02  0.0000e+00     3.3222e-03  0.0000e+00     4.4375e-03  0.0000e+00 
1.4987e+00     5.5433e-03  0.0000e+00     8.3078e-03  0.0000e+00     1.6611e-03  0.0000e+00     2.4895e-03  0.0000e+00 
1.6816e+00     0.0000e+00  0.0000e+00     0.0000e+00  0.0000e+00     0.0000e+00  0.0000e+00     0.0000e+00  0.0000e+00 
1.8868e+00     1.4677e-03  0.0000e+00     2.7693e-03  0.0000e+00     5.5370e-04  0.0000e+00     1.0447e-03  0.0000e+00 
2.1170e+00     0.0000e+00  0.0000e+00     0.0000e+00  0.0000e+00     0.0000e+00  0.0000e+00     0.0000e+00  0.0000e+00 
2.3753e+00     0.0000e+00  0.0000e+00     0.0000e+00  0.0000e+00     0.0000e+00  0.0000e+00     0.0000e+00  0.0000e+00 
2.6651e+00     0.0000e+00  0.0000e+00     0.0000e+00  0.0000e+00     0.0000e+00  0.0000e+00     0.0000e+00  0.0000e+00 
2.9903e+00     0.0000e+00  0.0000e+00     0.0000e+00  0.0000e+00     0.0000e+00  0.0000e+00     0.0000e+00  0.0000e+00 
3.3552e+00     0.0000e+00  0.0000e+00     0.0000e+00  0.0000e+00     0.0000e+00  0.0000e+00     0.0000e+00  0.0000e+00 
3.7646e+00     0.0000e+00  0.0000e+00     0.0000e+00  0.0000e+00     0.0000e+00  0.0000e+00     0.0000e+00  0.0000e+00 
4.2240e+00     0.0000e+00  0.0000e+00     0.0000e+00  0.0000e+00     0.0000e+00  0.0000e+00     0.0000e+00  0.0000e+00 
4.7394e+00     0.0000e+00  0.0000e+00     0.0000e+00  0.0000e+00     0.0000e+00  0.0000e+00     0.0000e+00  0.0000e+00 
5.3176e+00     0.0000e+00  0.0000e+00     0.0000e+00  0.0000e+00     0.0000e+00  0.0000e+00     0.0000e+00  0.0000e+00 
5.9665e+00     1.1325e-01  0.0000e+00     6.7570e-01  0.0000e+00     1.3510e-01  0.0000e+00     8.0609e-01  0.0000e+00 
6.6945e+00     2.1924e-02  0.0000e+00     1.4677e-01  0.0000e+00     2.9346e-02  0.0000e+00     1.9646e-01  0.0000e+00 
7.5114e+00     3.6868e-03  0.0000e+00     2.7693e-02  0.0000e+00     5.5370e-03  0.0000e+00     4.1590e-02  0.0000e+00 
8.4279e+00     2.4315e-02  0.0000e+00     2.0493e-01  0.0000e+00     4.0974e-02  0.0000e+00     3.4532e-01  0.0000e+00 
9.4563e+00     1.4350e-02  0.0000e+00     1.3569e-01  0.0000e+00     2.7131e-02  0.0000e+00     2.5656e-01  0.0000e+00 
1.0610e+01     5.6116e-02  0.0000e+00     5.9539e-01  0.0000e+00     1.1904e-01  0.0000e+00     1.2631e+00  0.0000e+00 
1.1905e+01     2.0005e-02  0.0000e+00     2.3816e-01  0.0000e+00     4.7618e-02  0.0000e+00     5.6688e-01  0.0000e+00 
1.3357e+01     1.0988e-02  0.0000e+00     1.4677e-01  0.0000e+00     2.9346e-02  0.0000e+00     3.9198e-01  0.0000e+00 
1.4987e+01     8.8692e-03  0.0000e+00     1.3292e-01  0.0000e+00     2.6577e-02  0.0000e+00     3.9832e-01  0.0000e+00 
1.6816e+01     7.2460e-03  0.0000e+00     1.2185e-01  0.0000e+00     2.4363e-02  0.0000e+00     4.0968e-01  0.0000e+00 
1.8868e+01     3.8161e-03  0.0000e+00     7.2001e-02  0.0000e+00     1.4396e-02  0.0000e+00     2.7162e-01  0.0000e+00 
2.1170e+01     4.4476e-03  0.0000e+00     9.4155e-02  0.0000e+00     1.8826e-02  0.0000e+00     3.9854e-01  0.0000e+00 
2.3753e+01     4.1971e-03  0.0000e+00     9.9693e-02  0.0000e+00     1.9933e-02  0.0000e+00     4.7347e-01  0.0000e+00 
2.6651e+01     3.1172e-03  0.0000e+00     8.3078e-02  0.0000e+00     1.6611e-02  0.0000e+00     4.4270e-01  0.0000e+00 
2.9903e+01     2.5930e-03  0.0000e+00     7.7539e-02  0.0000e+00     1.5504e-02  0.0000e+00     4.6361e-01  0.0000e+00 
3.3552e+01     1.4857e-03  0.0000e+00     4.9847e-02  0.0000e+00     9.9666e-03  0.0000e+00     3.3440e-01  0.0000e+00 
3.7646e+01     1.1034e-03  0.0000e+00     4.1539e-02  0.0000e+00     8.3055e-03  0.0000e+00     3.1267e-01  0.0000e+00 
4.2240e+01     9.8341e-04  0.0000e+00     4.1539e-02  0.0000e+00     8.3055e-03  0.0000e+00     3.5082e-01  0.0000e+00 
4.7394e+01     4.0902e-04  0.0000e+00     1.9385e-02  0.0000e+00     3.8759e-03  0.0000e+00     1.8369e-01  0.0000e+00 
5.3176e+01     1.5623e-04  0.0000e+00     8.3078e-03  0.0000e+00     1.6611e-03  0.0000e+00     8.8331e-02  0.0000e+00 
5.9665e+01     2.3207e-04  0.0000e+00     1.3846e-02  0.0000e+00     2.7685e-03  0.0000e+00     1.6518e-01  0.0000e+00 
6.6945e+01     4.1366e-05  0.0000e+00     2.7693e-03  0.0000e+00     5.5370e-04  0.0000e+00     3.7067e-02  0.0000e+00 
7.5114e+01     7.3735e-05  0.0000e+00     5.5385e-03  0.0000e+00     1.1074e-03  0.0000e+00     8.3181e-02  0.0000e+00 
8.4279e+01     0.0000e+00  0.0000e+00     0.0000e+00  0.0000e+00     0.0000e+00  0.0000e+00     0.0000e+00  0.0000e+00 
9.4563e+01     2.9285e-05  0.0000e+00     2.7693e-03  0.0000e+00     5.5370e-04  0.0000e+00     5.2359e-02  0.0000e+00 
1.0610e+02     0.0000e+00  0.0000e+00     0.0000e+00  0.0000e+00     0.0000e+00  0.0000e+00     0.0000e+00  0.0000e+00 
1.1905e+02     0.0000e+00  0.0000e+00     0.0000e+00  0.0000e+00     0.0000e+00  0.0000e+00     0.0000e+00  0.0000e+00 
1.3357e+02     2.0732e-05  0.0000e+00     2.7693e-03  0.0000e+00     5.5370e-04  0.0000e+00     7.3959e-02  0.0000e+00 
1.4987e+02     0.0000e+00  0.0000e+00     0.0000e+00  0.0000e+00     0.0000e+00  0.0000e+00     0.0000e+00  0.0000e+00 
1.6816e+02     0.0000e+00  0.0000e+00     0.0000e+00  0.0000e+00     0.0000e+00  0.0000e+00     0.0000e+00  0.0000e+00 
1.8868e+02     0.0000e+00  0.0000e+00     0.0000e+00  0.0000e+00     0.0000e+00  0.0000e+00     0.0000e+00  0.0000e+00 
2.1170e+02     0.0000e+00  0.0000e+00     0.0000e+00  0.0000e+00     0.0000e+00  0.0000e+00     0.0000e+00  0.0000e+00 
2.3753e+02     0.0000e+00  0.0000e+00     0.0000e+00  0.0000e+00     0.0000e+00  0.0000e+00     0.0000e+00  0.0000e+00 
2.6651e+02     0.0000e+00  0.0000e+00     0.0000e+00  0.0000e+00     0.0000e+00  0.0000e+00     0.0000e+00  0.0000e+00 
2.9903e+02     0.0000e+00  0.0000e+00     0.0000e+00  0.0000e+00     0.0000e+00  0.0000e+00     0.0000e+00  0.0000e+00 
3.3552e+02     0.0000e+00  0.0000e+00     0.0000e+00  0.0000e+00     0.0000e+00  0.0000e+00     0.0000e+00  0.0000e+00 
3.7646e+02     0.0000e+00  0.0000e+00     0.0000e+00  0.0000e+00     0.0000e+00  0.0000e+00     0.0000e+00  0.0000e+00 
4.2240e+02     0.0000e+00  0.0000e+00     0.0000e+00  0.0000e+00     0.0000e+00  0.0000e+00     0.0000e+00  0.0000e+00 
4.7394e+02     0.0000e+00  0.0000e+00     0.0000e+00  0.0000e+00     0.0000e+00  0.0000e+00     0.0000e+00  0.0000e+00 
5.3176e+02     0.0000e+00  0.0000e+00     0.0000e+00  0.0000e+00     0.0000e+00  0.0000e+00     0.0000e+00  0.0000e+00 
5.9665e+02     0.0000e+00  0.0000e+00     0.0000e+00  0.0000e+00     0.0000e+00  0.0000e+00     0.0000e+00  0.0000e+00 
6.6945e+02     0.0000e+00  0.0000e+00     0.0000e+00  0.0000e+00     0.0000e+00  0.0000e+00     0.0000e+00  0.0000e+00 
7.5114e+02     0.0000e+00  0.0000e+00     0.0000e+00  0.0000e+00     0.0000e+00  0.0000e+00     0.0000e+00  0.0000e+00 
8.4279e+02     0.0000e+00  0.0000e+00     0.0000e+00  0.0000e+00     0.0000e+00  0.0000e+00     0.0000e+00  0.0000e+00 
9.4563e+02     0.0000e+00  0.0000e+00     0.0000e+00  0.0000e+00     0.0000e+00  0.0000e+00     0.0000e+00  0.0000e+00 
1.0610e+03     0.0000e+00  0.0000e+00     0.0000e+00  0.0000e+00     0.0000e+00  0.0000e+00     0.0000e+00  0.0000e+00 
1.1905e+03     0.0000e+00  0.0000e+00     0.0000e+00  0.0000e+00     0.0000e+00  0.0000e+00     0.0000e+00  0.0000e+00 
1.3357e+03     0.0000e+00  0.0000e+00     0.0000e+00  0.0000e+00     0.0000e+00  0.0000e+00     0.0000e+00  0.0000e+00 
1.4987e+03     0.0000e+00  0.0000e+00     0.0000e+00  0.0000e+00     0.0000e+00  0.0000e+00     0.0000e+00  0.0000e+00 
1.6816e+03     0.0000e+00  0.0000e+00     0.0000e+00  0.0000e+00     0.0000e+00  0.0000e+00     0.0000e+00  0.0000e+00 
1.8868e+03     0.0000e+00  0.0000e+00     0.0000e+00  0.0000e+00     0.0000e+00  0.0000e+00     0.0000e+00  0.0000e+00 
2.1170e+03     0.0000e+00  0.0000e+00     0.0000e+00  0.0000e+00     0.0000e+00  0.0000e+00     0.0000e+00  0.0000e+00 
2.3753e+03     0.0000e+00  0.0000e+00     0.0000e+00  0.0000e+00     0.0000e+00  0.0000e+00     0.0000e+00  0.0000e+00 
2.6651e+03     0.0000e+00  0.0000e+00     0.0000e+00  0.0000e+00     0.0000e+00  0.0000e+00     0.0000e+00  0.0000e+00 
2.9903e+03     0.0000e+00  0.0000e+00     0.0000e+00  0.0000e+00     0.0000e+00  0.0000e+00     0.0000e+00  0.0000e+00 
3.3552e+03     0.0000e+00  0.0000e+00     0.0000e+00  0.0000e+00     0.0000e+00  0.0000e+00     0.0000e+00  0.0000e+00 
3.7646e+03     0.0000e+00  0.0000e+00     0.0000e+00  0.0000e+00     0.0000e+00  0.0000e+00     0.0000e+00  0.0000e+00 
4.2240e+03     0.0000e+00  0.0000e+00     0.0000e+00  0.0000e+00     0.0000e+00  0.0000e+00     0.0000e+00  0.0000e+00 
4.7394e+03     0.0000e+00  0.0000e+00     0.0000e+00  0.0000e+00     0.0000e+00  0.0000e+00     0.0000e+00  0.0000e+00 
5.3176e+03     0.0000e+00  0.0000e+00     0.0000e+00  0.0000e+00     0.0000e+00  0.0000e+00     0.0000e+00  0.0000e+00 
5.9665e+03     0.0000e+00  0.0000e+00     0.0000e+00  0.0000e+00     0.0000e+00  0.0000e+00     0.0000e+00  0.0000e+00 
6.6945e+03     0.0000e+00  0.0000e+00     0.0000e+00  0.0000e+00     0.0000e+00  0.0000e+00     0.0000e+00  0.0000e+00 
7.5114e+03     0.0000e+00  0.0000e+00     0.0000e+00  0.0000e+00     0.0000e+00  0.0000e+00     0.0000e+00  0.0000e+00 
8.4279e+03     0.0000e+00  0.0000e+00     0.0000e+00  0.0000e+00     0.0000e+00  0.0000e+00     0.0000e+00  0.0000e+00 
9.4563e+03     0.0000e+00  0.0000e+00     0.0000e+00  0.0000e+00     0.0000e+00  0.0000e+00     0.0000e+00  0.0000e+00 
