yF = 4.1712e+00 (std: 0.0000e+00) keV/um
yD = 1.9543e+01 (std: 0.0000e+00) keV/um
y (keV/um)     f(y)(std)                  yf(y)(std)                 d(y)(std)                  yd(y)(std)  
1.0610e-01     2.4840e+01  0.0000e+00     2.6356e+00  0.0000e+00     6.3186e-01  0.0000e+00     6.7041e-02  0.0000e+00 
1.1905e-01     1.8403e+00  0.0000e+00     2.1908e-01  0.0000e+00     5.2524e-02  0.0000e+00     6.2528e-03  0.0000e+00 
1.3357e-01     5.7407e-01  0.0000e+00     7.6680e-02  0.0000e+00     1.8383e-02  0.0000e+00     2.4555e-03  0.0000e+00 
1.4987e-01     3.3183e+00  0.0000e+00     4.9732e-01  0.0000e+00     1.1923e-01  0.0000e+00     1.7869e-02  0.0000e+00 
1.6816e-01     8.7291e-01  0.0000e+00     1.4679e-01  0.0000e+00     3.5191e-02  0.0000e+00     5.9176e-03  0.0000e+00 
1.8868e-01     6.0381e-01  0.0000e+00     1.1392e-01  0.0000e+00     2.7312e-02  0.0000e+00     5.1532e-03  0.0000e+00 
2.1170e-01     6.5198e-01  0.0000e+00     1.3802e-01  0.0000e+00     3.3090e-02  0.0000e+00     7.0051e-03  0.0000e+00 
2.3753e-01     5.3496e-01  0.0000e+00     1.2707e-01  0.0000e+00     3.0464e-02  0.0000e+00     7.2361e-03  0.0000e+00 
2.6651e-01     2.7127e-01  0.0000e+00     7.2298e-02  0.0000e+00     1.7333e-02  0.0000e+00     4.6194e-03  0.0000e+00 
2.9903e-01     3.2969e-01  0.0000e+00     9.8588e-02  0.0000e+00     2.3636e-02  0.0000e+00     7.0678e-03  0.0000e+00 
3.3552e-01     1.4235e+00  0.0000e+00     4.7761e-01  0.0000e+00     1.1450e-01  0.0000e+00     3.8418e-02  0.0000e+00 
3.7646e-01     9.3114e-01  0.0000e+00     3.5054e-01  0.0000e+00     8.4038e-02  0.0000e+00     3.1637e-02  0.0000e+00 
4.2240e-01     3.9938e-01  0.0000e+00     1.6870e-01  0.0000e+00     4.0443e-02  0.0000e+00     1.7083e-02  0.0000e+00 
4.7394e-01     4.3915e-01  0.0000e+00     2.0813e-01  0.0000e+00     4.9897e-02  0.0000e+00     2.3648e-02  0.0000e+00 
5.3176e-01     2.0188e-01  0.0000e+00     1.0735e-01  0.0000e+00     2.5737e-02  0.0000e+00     1.3686e-02  0.0000e+00 
5.9665e-01     1.2852e-01  0.0000e+00     7.6680e-02  0.0000e+00     1.8383e-02  0.0000e+00     1.0968e-02  0.0000e+00 
6.6945e-01     2.0290e-01  0.0000e+00     1.3583e-01  0.0000e+00     3.2565e-02  0.0000e+00     2.1800e-02  0.0000e+00 
7.5114e-01     1.8084e-01  0.0000e+00     1.3583e-01  0.0000e+00     3.2565e-02  0.0000e+00     2.4461e-02  0.0000e+00 
8.4279e-01     8.0585e-02  0.0000e+00     6.7916e-02  0.0000e+00     1.6282e-02  0.0000e+00     1.3723e-02  0.0000e+00 
9.4563e-01     5.5604e-02  0.0000e+00     5.2580e-02  0.0000e+00     1.2606e-02  0.0000e+00     1.1920e-02  0.0000e+00 
1.0610e+00     3.0973e-02  0.0000e+00     3.2863e-02  0.0000e+00     7.8785e-03  0.0000e+00     8.3592e-03  0.0000e+00 
1.1905e+00     2.5764e-02  0.0000e+00     3.0672e-02  0.0000e+00     7.3533e-03  0.0000e+00     8.7539e-03  0.0000e+00 
1.3357e+00     1.1481e-02  0.0000e+00     1.5336e-02  0.0000e+00     3.6767e-03  0.0000e+00     4.9110e-03  0.0000e+00 
1.4987e+00     1.4618e-03  0.0000e+00     2.1908e-03  0.0000e+00     5.2524e-04  0.0000e+00     7.8718e-04  0.0000e+00 
1.6816e+00     1.3028e-03  0.0000e+00     2.1908e-03  0.0000e+00     5.2524e-04  0.0000e+00     8.8323e-04  0.0000e+00 
1.8868e+00     2.3223e-03  0.0000e+00     4.3817e-03  0.0000e+00     1.0505e-03  0.0000e+00     1.9820e-03  0.0000e+00 
2.1170e+00     1.0349e-03  0.0000e+00     2.1908e-03  0.0000e+00     5.2524e-04  0.0000e+00     1.1119e-03  0.0000e+00 
2.3753e+00     0.0000e+00  0.0000e+00     0.0000e+00  0.0000e+00     0.0000e+00  0.0000e+00     0.0000e+00  0.0000e+00 
2.6651e+00     0.0000e+00  0.0000e+00     0.0000e+00  0.0000e+00     0.0000e+00  0.0000e+00     0.0000e+00  0.0000e+00 
2.9903e+00     0.0000e+00  0.0000e+00     0.0000e+00  0.0000e+00     0.0000e+00  0.0000e+00     0.0000e+00  0.0000e+00 
3.3552e+00     0.0000e+00  0.0000e+00     0.0000e+00  0.0000e+00     0.0000e+00  0.0000e+00     0.0000e+00  0.0000e+00 
3.7646e+00     0.0000e+00  0.0000e+00     0.0000e+00  0.0000e+00     0.0000e+00  0.0000e+00     0.0000e+00  0.0000e+00 
4.2240e+00     0.0000e+00  0.0000e+00     0.0000e+00  0.0000e+00     0.0000e+00  0.0000e+00     0.0000e+00  0.0000e+00 
4.7394e+00     0.0000e+00  0.0000e+00     0.0000e+00  0.0000e+00     0.0000e+00  0.0000e+00     0.0000e+00  0.0000e+00 
5.3176e+00     0.0000e+00  0.0000e+00     0.0000e+00  0.0000e+00     0.0000e+00  0.0000e+00     0.0000e+00  0.0000e+00 
5.9665e+00     1.1273e-01  0.0000e+00     6.7259e-01  0.0000e+00     1.6125e-01  0.0000e+00     9.6208e-01  0.0000e+00 
6.6945e+00     2.2908e-02  0.0000e+00     1.5336e-01  0.0000e+00     3.6767e-02  0.0000e+00     2.4613e-01  0.0000e+00 
7.5114e+00     5.2501e-03  0.0000e+00     3.9435e-02  0.0000e+00     9.4543e-03  0.0000e+00     7.1014e-02  0.0000e+00 
8.4279e+00     2.5735e-02  0.0000e+00     2.1689e-01  0.0000e+00     5.1998e-02  0.0000e+00     4.3824e-01  0.0000e+00 
9.4563e+00     1.4828e-02  0.0000e+00     1.4021e-01  0.0000e+00     3.3615e-02  0.0000e+00     3.1787e-01  0.0000e+00 
1.0610e+01     4.7492e-02  0.0000e+00     5.0390e-01  0.0000e+00     1.2080e-01  0.0000e+00     1.2817e+00  0.0000e+00 
1.1905e+01     1.3250e-02  0.0000e+00     1.5774e-01  0.0000e+00     3.7817e-02  0.0000e+00     4.5020e-01  0.0000e+00 
1.3357e+01     1.4106e-02  0.0000e+00     1.8841e-01  0.0000e+00     4.5170e-02  0.0000e+00     6.0335e-01  0.0000e+00 
1.4987e+01     5.7011e-03  0.0000e+00     8.5443e-02  0.0000e+00     2.0484e-02  0.0000e+00     3.0700e-01  0.0000e+00 
1.6816e+01     4.6902e-03  0.0000e+00     7.8871e-02  0.0000e+00     1.8909e-02  0.0000e+00     3.1796e-01  0.0000e+00 
1.8868e+01     3.1351e-03  0.0000e+00     5.9153e-02  0.0000e+00     1.4181e-02  0.0000e+00     2.6757e-01  0.0000e+00 
2.1170e+01     3.8291e-03  0.0000e+00     8.1061e-02  0.0000e+00     1.9434e-02  0.0000e+00     4.1141e-01  0.0000e+00 
2.3753e+01     3.5049e-03  0.0000e+00     8.3252e-02  0.0000e+00     1.9959e-02  0.0000e+00     4.7409e-01  0.0000e+00 
2.6651e+01     1.6441e-03  0.0000e+00     4.3817e-02  0.0000e+00     1.0505e-02  0.0000e+00     2.7997e-01  0.0000e+00 
2.9903e+01     1.5386e-03  0.0000e+00     4.6008e-02  0.0000e+00     1.1030e-02  0.0000e+00     3.2983e-01  0.0000e+00 
3.3552e+01     1.1753e-03  0.0000e+00     3.9435e-02  0.0000e+00     9.4543e-03  0.0000e+00     3.1721e-01  0.0000e+00 
3.7646e+01     1.0475e-03  0.0000e+00     3.9435e-02  0.0000e+00     9.4543e-03  0.0000e+00     3.5592e-01  0.0000e+00 
4.2240e+01     4.1494e-04  0.0000e+00     1.7527e-02  0.0000e+00     4.2019e-03  0.0000e+00     1.7749e-01  0.0000e+00 
4.7394e+01     3.6981e-04  0.0000e+00     1.7527e-02  0.0000e+00     4.2019e-03  0.0000e+00     1.9914e-01  0.0000e+00 
5.3176e+01     3.7080e-04  0.0000e+00     1.9718e-02  0.0000e+00     4.7271e-03  0.0000e+00     2.5137e-01  0.0000e+00 
5.9665e+01     1.1016e-04  0.0000e+00     6.5725e-03  0.0000e+00     1.5757e-03  0.0000e+00     9.4015e-02  0.0000e+00 
6.6945e+01     6.5452e-05  0.0000e+00     4.3817e-03  0.0000e+00     1.0505e-03  0.0000e+00     7.0324e-02  0.0000e+00 
7.5114e+01     0.0000e+00  0.0000e+00     0.0000e+00  0.0000e+00     0.0000e+00  0.0000e+00     0.0000e+00  0.0000e+00 
8.4279e+01     2.5995e-05  0.0000e+00     2.1908e-03  0.0000e+00     5.2524e-04  0.0000e+00     4.4266e-02  0.0000e+00 
9.4563e+01     0.0000e+00  0.0000e+00     0.0000e+00  0.0000e+00     0.0000e+00  0.0000e+00     0.0000e+00  0.0000e+00 
1.0610e+02     0.0000e+00  0.0000e+00     0.0000e+00  0.0000e+00     0.0000e+00  0.0000e+00     0.0000e+00  0.0000e+00 
1.1905e+02     1.8403e-05  0.0000e+00     2.1908e-03  0.0000e+00     5.2524e-04  0.0000e+00     6.2528e-02  0.0000e+00 
1.3357e+02     0.0000e+00  0.0000e+00     0.0000e+00  0.0000e+00     0.0000e+00  0.0000e+00     0.0000e+00  0.0000e+00 
1.4987e+02     0.0000e+00  0.0000e+00     0.0000e+00  0.0000e+00     0.0000e+00  0.0000e+00     0.0000e+00  0.0000e+00 
1.6816e+02     0.0000e+00  0.0000e+00     0.0000e+00  0.0000e+00     0.0000e+00  0.0000e+00     0.0000e+00  0.0000e+00 
1.8868e+02     0.0000e+00  0.0000e+00     0.0000e+00  0.0000e+00     0.0000e+00  0.0000e+00     0.0000e+00  0.0000e+00 
2.1170e+02     0.0000e+00  0.0000e+00     0.0000e+00  0.0000e+00     0.0000e+00  0.0000e+00     0.0000e+00  0.0000e+00 
2.3753e+02     0.0000e+00  0.0000e+00     0.0000e+00  0.0000e+00     0.0000e+00  0.0000e+00     0.0000e+00  0.0000e+00 
2.6651e+02     0.0000e+00  0.0000e+00     0.0000e+00  0.0000e+00     0.0000e+00  0.0000e+00     0.0000e+00  0.0000e+00 
2.9903e+02     0.0000e+00  0.0000e+00     0.0000e+00  0.0000e+00     0.0000e+00  0.0000e+00     0.0000e+00  0.0000e+00 
3.3552e+02     0.0000e+00  0.0000e+00     0.0000e+00  0.0000e+00     0.0000e+00  0.0000e+00     0.0000e+00  0.0000e+00 
3.7646e+02     0.0000e+00  0.0000e+00     0.0000e+00  0.0000e+00     0.0000e+00  0.0000e+00     0.0000e+00  0.0000e+00 
4.2240e+02     0.0000e+00  0.0000e+00     0.0000e+00  0.0000e+00     0.0000e+00  0.0000e+00     0.0000e+00  0.0000e+00 
4.7394e+02     0.0000e+00  0.0000e+00     0.0000e+00  0.0000e+00     0.0000e+00  0.0000e+00     0.0000e+00  0.0000e+00 
5.3176e+02     0.0000e+00  0.0000e+00     0.0000e+00  0.0000e+00     0.0000e+00  0.0000e+00     0.0000e+00  0.0000e+00 
5.9665e+02     0.0000e+00  0.0000e+00     0.0000e+00  0.0000e+00     0.0000e+00  0.0000e+00     0.0000e+00  0.0000e+00 
6.6945e+02     0.0000e+00  0.0000e+00     0.0000e+00  0.0000e+00     0.0000e+00  0.0000e+00     0.0000e+00  0.0000e+00 
7.5114e+02     0.0000e+00  0.0000e+00     0.0000e+00  0.0000e+00     0.0000e+00  0.0000e+00     0.0000e+00  0.0000e+00 
8.4279e+02     0.0000e+00  0.0000e+00     0.0000e+00  0.0000e+00     0.0000e+00  0.0000e+00     0.0000e+00  0.0000e+00 
9.4563e+02     0.0000e+00  0.0000e+00     0.0000e+00  0.0000e+00     0.0000e+00  0.0000e+00     0.0000e+00  0.0000e+00 
1.0610e+03     0.0000e+00  0.0000e+00     0.0000e+00  0.0000e+00     0.0000e+00  0.0000e+00     0.0000e+00  0.0000e+00 
1.1905e+03     0.0000e+00  0.0000e+00     0.0000e+00  0.0000e+00     0.0000e+00  0.0000e+00     0.0000e+00  0.0000e+00 
1.3357e+03     0.0000e+00  0.0000e+00     0.0000e+00  0.0000e+00     0.0000e+00  0.0000e+00     0.0000e+00  0.0000e+00 
1.4987e+03     0.0000e+00  0.0000e+00     0.0000e+00  0.0000e+00     0.0000e+00  0.0000e+00     0.0000e+00  0.0000e+00 
1.6816e+03     0.0000e+00  0.0000e+00     0.0000e+00  0.0000e+00     0.0000e+00  0.0000e+00     0.0000e+00  0.0000e+00 
1.8868e+03     0.0000e+00  0.0000e+00     0.0000e+00  0.0000e+00     0.0000e+00  0.0000e+00     0.0000e+00  0.0000e+00 
2.1170e+03     0.0000e+00  0.0000e+00     0.0000e+00  0.0000e+00     0.0000e+00  0.0000e+00     0.0000e+00  0.0000e+00 
2.3753e+03     0.0000e+00  0.0000e+00     0.0000e+00  0.0000e+00     0.0000e+00  0.0000e+00     0.0000e+00  0.0000e+00 
2.6651e+03     0.0000e+00  0.0000e+00     0.0000e+00  0.0000e+00     0.0000e+00  0.0000e+00     0.0000e+00  0.0000e+00 
2.9903e+03     0.0000e+00  0.0000e+00     0.0000e+00  0.0000e+00     0.0000e+00  0.0000e+00     0.0000e+00  0.0000e+00 
3.3552e+03     0.0000e+00  0.0000e+00     0.0000e+00  0.0000e+00     0.0000e+00  0.0000e+00     0.0000e+00  0.0000e+00 
3.7646e+03     0.0000e+00  0.0000e+00     0.0000e+00  0.0000e+00     0.0000e+00  0.0000e+00     0.0000e+00  0.0000e+00 
4.2240e+03     0.0000e+00  0.0000e+00     0.0000e+00  0.0000e+00     0.0000e+00  0.0000e+00     0.0000e+00  0.0000e+00 
4.7394e+03     0.0000e+00  0.0000e+00     0.0000e+00  0.0000e+00     0.0000e+00  0.0000e+00     0.0000e+00  0.0000e+00 
5.3176e+03     0.0000e+00  0.0000e+00     0.0000e+00  0.0000e+00     0.0000e+00  0.0000e+00     0.0000e+00  0.0000e+00 
5.9665e+03     0.0000e+00  0.0000e+00     0.0000e+00  0.0000e+00     0.0000e+00  0.0000e+00     0.0000e+00  0.0000e+00 
6.6945e+03     0.0000e+00  0.0000e+00     0.0000e+00  0.0000e+00     0.0000e+00  0.0000e+00     0.0000e+00  0.0000e+00 
7.5114e+03     0.0000e+00  0.0000e+00     0.0000e+00  0.0000e+00     0.0000e+00  0.0000e+00     0.0000e+00  0.0000e+00 
8.4279e+03     0.0000e+00  0.0000e+00     0.0000e+00  0.0000e+00     0.0000e+00  0.0000e+00     0.0000e+00  0.0000e+00 
9.4563e+03     0.0000e+00  0.0000e+00     0.0000e+00  0.0000e+00     0.0000e+00  0.0000e+00     0.0000e+00  0.0000e+00 
