yF = 5.1192e+00 (std: 0.0000e+00) keV/um
yD = 2.3097e+01 (std: 0.0000e+00) keV/um
y (keV/um)     f(y)(std)                  yf(y)(std)                 d(y)(std)                  yd(y)(std)  
1.0610e-01     2.2741e+01  0.0000e+00     2.4128e+00  0.0000e+00     4.7133e-01  0.0000e+00     5.0008e-02  0.0000e+00 
1.1905e-01     1.8448e+00  0.0000e+00     2.1962e-01  0.0000e+00     4.2901e-02  0.0000e+00     5.1073e-03  0.0000e+00 
1.3357e-01     6.1572e-01  0.0000e+00     8.2244e-02  0.0000e+00     1.6066e-02  0.0000e+00     2.1460e-03  0.0000e+00 
1.4987e-01     2.5950e+00  0.0000e+00     3.8892e-01  0.0000e+00     7.5973e-02  0.0000e+00     1.1386e-02  0.0000e+00 
1.6816e-01     8.7957e-01  0.0000e+00     1.4791e-01  0.0000e+00     2.8893e-02  0.0000e+00     4.8586e-03  0.0000e+00 
1.8868e-01     6.2107e-01  0.0000e+00     1.1718e-01  0.0000e+00     2.2891e-02  0.0000e+00     4.3190e-03  0.0000e+00 
2.1170e-01     6.6235e-01  0.0000e+00     1.4022e-01  0.0000e+00     2.7391e-02  0.0000e+00     5.7987e-03  0.0000e+00 
2.3753e-01     6.1198e-01  0.0000e+00     1.4536e-01  0.0000e+00     2.8396e-02  0.0000e+00     6.7449e-03  0.0000e+00 
2.6651e-01     3.0274e-01  0.0000e+00     8.0684e-02  0.0000e+00     1.5761e-02  0.0000e+00     4.2006e-03  0.0000e+00 
2.9903e-01     2.6854e-01  0.0000e+00     8.0301e-02  0.0000e+00     1.5686e-02  0.0000e+00     4.6908e-03  0.0000e+00 
3.3552e-01     1.2422e+00  0.0000e+00     4.1680e-01  0.0000e+00     8.1420e-02  0.0000e+00     2.7318e-02  0.0000e+00 
3.7646e-01     8.7851e-01  0.0000e+00     3.3073e-01  0.0000e+00     6.4606e-02  0.0000e+00     2.4321e-02  0.0000e+00 
4.2240e-01     4.2135e-01  0.0000e+00     1.7798e-01  0.0000e+00     3.4767e-02  0.0000e+00     1.4685e-02  0.0000e+00 
4.7394e-01     4.1461e-01  0.0000e+00     1.9650e-01  0.0000e+00     3.8385e-02  0.0000e+00     1.8192e-02  0.0000e+00 
5.3176e-01     2.8777e-01  0.0000e+00     1.5302e-01  0.0000e+00     2.9892e-02  0.0000e+00     1.5896e-02  0.0000e+00 
5.9665e-01     1.5197e-01  0.0000e+00     9.0671e-02  0.0000e+00     1.7712e-02  0.0000e+00     1.0568e-02  0.0000e+00 
6.6945e-01     2.1665e-01  0.0000e+00     1.4503e-01  0.0000e+00     2.8332e-02  0.0000e+00     1.8967e-02  0.0000e+00 
7.5114e-01     1.9553e-01  0.0000e+00     1.4687e-01  0.0000e+00     2.8690e-02  0.0000e+00     2.1550e-02  0.0000e+00 
8.4279e-01     1.0177e-01  0.0000e+00     8.5773e-02  0.0000e+00     1.6755e-02  0.0000e+00     1.4121e-02  0.0000e+00 
9.4563e-01     6.4029e-02  0.0000e+00     6.0547e-02  0.0000e+00     1.1828e-02  0.0000e+00     1.1184e-02  0.0000e+00 
1.0610e+00     4.9459e-02  0.0000e+00     5.2476e-02  0.0000e+00     1.0251e-02  0.0000e+00     1.0876e-02  0.0000e+00 
1.1905e+00     2.7303e-02  0.0000e+00     3.2504e-02  0.0000e+00     6.3494e-03  0.0000e+00     7.5588e-03  0.0000e+00 
1.3357e+00     1.5956e-02  0.0000e+00     2.1313e-02  0.0000e+00     4.1634e-03  0.0000e+00     5.5612e-03  0.0000e+00 
1.4987e+00     9.7850e-03  0.0000e+00     1.4665e-02  0.0000e+00     2.8647e-03  0.0000e+00     4.2934e-03  0.0000e+00 
1.6816e+00     4.5882e-03  0.0000e+00     7.7155e-03  0.0000e+00     1.5072e-03  0.0000e+00     2.5344e-03  0.0000e+00 
1.8868e+00     1.8416e-03  0.0000e+00     3.4747e-03  0.0000e+00     6.7876e-04  0.0000e+00     1.2807e-03  0.0000e+00 
2.1170e+00     7.7544e-04  0.0000e+00     1.6416e-03  0.0000e+00     3.2068e-04  0.0000e+00     6.7887e-04  0.0000e+00 
2.3753e+00     4.3770e-04  0.0000e+00     1.0397e-03  0.0000e+00     2.0309e-04  0.0000e+00     4.8241e-04  0.0000e+00 
2.6651e+00     9.2393e-05  0.0000e+00     2.4624e-04  0.0000e+00     4.8101e-05  0.0000e+00     1.2820e-04  0.0000e+00 
2.9903e+00     2.7448e-05  0.0000e+00     8.2080e-05  0.0000e+00     1.6034e-05  0.0000e+00     4.7946e-05  0.0000e+00 
3.3552e+00     8.1544e-06  0.0000e+00     2.7360e-05  0.0000e+00     5.3446e-06  0.0000e+00     1.7932e-05  0.0000e+00 
3.7646e+00     0.0000e+00  0.0000e+00     0.0000e+00  0.0000e+00     0.0000e+00  0.0000e+00     0.0000e+00  0.0000e+00 
4.2240e+00     0.0000e+00  0.0000e+00     0.0000e+00  0.0000e+00     0.0000e+00  0.0000e+00     0.0000e+00  0.0000e+00 
4.7394e+00     0.0000e+00  0.0000e+00     0.0000e+00  0.0000e+00     0.0000e+00  0.0000e+00     0.0000e+00  0.0000e+00 
5.3176e+00     0.0000e+00  0.0000e+00     0.0000e+00  0.0000e+00     0.0000e+00  0.0000e+00     0.0000e+00  0.0000e+00 
5.9665e+00     1.0617e-01  0.0000e+00     6.3344e-01  0.0000e+00     1.2374e-01  0.0000e+00     7.3828e-01  0.0000e+00 
6.6945e+00     2.6348e-02  0.0000e+00     1.7639e-01  0.0000e+00     3.4457e-02  0.0000e+00     2.3067e-01  0.0000e+00 
7.5114e+00     7.0044e-03  0.0000e+00     5.2613e-02  0.0000e+00     1.0278e-02  0.0000e+00     7.7199e-02  0.0000e+00 
8.4279e+00     2.6539e-02  0.0000e+00     2.2367e-01  0.0000e+00     4.3692e-02  0.0000e+00     3.6823e-01  0.0000e+00 
9.4563e+00     1.9692e-02  0.0000e+00     1.8621e-01  0.0000e+00     3.6375e-02  0.0000e+00     3.4397e-01  0.0000e+00 
1.0610e+01     2.7419e-02  0.0000e+00     2.9092e-01  0.0000e+00     5.6829e-02  0.0000e+00     6.0296e-01  0.0000e+00 
1.1905e+01     2.0583e-02  0.0000e+00     2.4503e-01  0.0000e+00     4.7866e-02  0.0000e+00     5.6983e-01  0.0000e+00 
1.3357e+01     1.5440e-02  0.0000e+00     2.0624e-01  0.0000e+00     4.0288e-02  0.0000e+00     5.3813e-01  0.0000e+00 
1.4987e+01     9.7284e-03  0.0000e+00     1.4580e-01  0.0000e+00     2.8481e-02  0.0000e+00     4.2685e-01  0.0000e+00 
1.6816e+01     6.3942e-03  0.0000e+00     1.0752e-01  0.0000e+00     2.1004e-02  0.0000e+00     3.5320e-01  0.0000e+00 
1.8868e+01     5.2189e-03  0.0000e+00     9.8468e-02  0.0000e+00     1.9235e-02  0.0000e+00     3.6292e-01  0.0000e+00 
2.1170e+01     4.5686e-03  0.0000e+00     9.6717e-02  0.0000e+00     1.8893e-02  0.0000e+00     3.9997e-01  0.0000e+00 
2.3753e+01     4.1570e-03  0.0000e+00     9.8742e-02  0.0000e+00     1.9289e-02  0.0000e+00     4.5816e-01  0.0000e+00 
2.6651e+01     2.8354e-03  0.0000e+00     7.5568e-02  0.0000e+00     1.4762e-02  0.0000e+00     3.9342e-01  0.0000e+00 
2.9903e+01     2.0037e-03  0.0000e+00     5.9918e-02  0.0000e+00     1.1705e-02  0.0000e+00     3.5001e-01  0.0000e+00 
3.3552e+01     1.7614e-03  0.0000e+00     5.9097e-02  0.0000e+00     1.1544e-02  0.0000e+00     3.8734e-01  0.0000e+00 
3.7646e+01     1.3474e-03  0.0000e+00     5.0725e-02  0.0000e+00     9.9089e-03  0.0000e+00     3.7303e-01  0.0000e+00 
4.2240e+01     9.1201e-04  0.0000e+00     3.8523e-02  0.0000e+00     7.5252e-03  0.0000e+00     3.1786e-01  0.0000e+00 
4.7394e+01     6.5234e-04  0.0000e+00     3.0917e-02  0.0000e+00     6.0394e-03  0.0000e+00     2.8623e-01  0.0000e+00 
5.3176e+01     4.4248e-04  0.0000e+00     2.3529e-02  0.0000e+00     4.5964e-03  0.0000e+00     2.4442e-01  0.0000e+00 
5.9665e+01     2.7238e-04  0.0000e+00     1.6252e-02  0.0000e+00     3.1747e-03  0.0000e+00     1.8942e-01  0.0000e+00 
6.6945e+01     1.6184e-04  0.0000e+00     1.0835e-02  0.0000e+00     2.1165e-03  0.0000e+00     1.4169e-01  0.0000e+00 
7.5114e+01     8.7055e-05  0.0000e+00     6.5390e-03  0.0000e+00     1.2774e-03  0.0000e+00     9.5947e-02  0.0000e+00 
8.4279e+01     4.4475e-05  0.0000e+00     3.7483e-03  0.0000e+00     7.3221e-04  0.0000e+00     6.1710e-02  0.0000e+00 
9.4563e+01     2.1121e-05  0.0000e+00     1.9973e-03  0.0000e+00     3.9016e-04  0.0000e+00     3.6894e-02  0.0000e+00 
1.0610e+02     1.0830e-05  0.0000e+00     1.1491e-03  0.0000e+00     2.2447e-04  0.0000e+00     2.3817e-02  0.0000e+00 
1.1905e+02     4.1368e-06  0.0000e+00     4.9248e-04  0.0000e+00     9.6203e-05  0.0000e+00     1.1453e-02  0.0000e+00 
1.3357e+02     4.0966e-07  0.0000e+00     5.4720e-05  0.0000e+00     1.0689e-05  0.0000e+00     1.4278e-03  0.0000e+00 
1.4987e+02     0.0000e+00  0.0000e+00     0.0000e+00  0.0000e+00     0.0000e+00  0.0000e+00     0.0000e+00  0.0000e+00 
1.6816e+02     1.6270e-07  0.0000e+00     2.7360e-05  0.0000e+00     5.3446e-06  0.0000e+00     8.9874e-04  0.0000e+00 
1.8868e+02     0.0000e+00  0.0000e+00     0.0000e+00  0.0000e+00     0.0000e+00  0.0000e+00     0.0000e+00  0.0000e+00 
2.1170e+02     0.0000e+00  0.0000e+00     0.0000e+00  0.0000e+00     0.0000e+00  0.0000e+00     0.0000e+00  0.0000e+00 
2.3753e+02     0.0000e+00  0.0000e+00     0.0000e+00  0.0000e+00     0.0000e+00  0.0000e+00     0.0000e+00  0.0000e+00 
2.6651e+02     0.0000e+00  0.0000e+00     0.0000e+00  0.0000e+00     0.0000e+00  0.0000e+00     0.0000e+00  0.0000e+00 
2.9903e+02     0.0000e+00  0.0000e+00     0.0000e+00  0.0000e+00     0.0000e+00  0.0000e+00     0.0000e+00  0.0000e+00 
3.3552e+02     0.0000e+00  0.0000e+00     0.0000e+00  0.0000e+00     0.0000e+00  0.0000e+00     0.0000e+00  0.0000e+00 
3.7646e+02     0.0000e+00  0.0000e+00     0.0000e+00  0.0000e+00     0.0000e+00  0.0000e+00     0.0000e+00  0.0000e+00 
4.2240e+02     0.0000e+00  0.0000e+00     0.0000e+00  0.0000e+00     0.0000e+00  0.0000e+00     0.0000e+00  0.0000e+00 
4.7394e+02     0.0000e+00  0.0000e+00     0.0000e+00  0.0000e+00     0.0000e+00  0.0000e+00     0.0000e+00  0.0000e+00 
5.3176e+02     0.0000e+00  0.0000e+00     0.0000e+00  0.0000e+00     0.0000e+00  0.0000e+00     0.0000e+00  0.0000e+00 
5.9665e+02     0.0000e+00  0.0000e+00     0.0000e+00  0.0000e+00     0.0000e+00  0.0000e+00     0.0000e+00  0.0000e+00 
6.6945e+02     0.0000e+00  0.0000e+00     0.0000e+00  0.0000e+00     0.0000e+00  0.0000e+00     0.0000e+00  0.0000e+00 
7.5114e+02     0.0000e+00  0.0000e+00     0.0000e+00  0.0000e+00     0.0000e+00  0.0000e+00     0.0000e+00  0.0000e+00 
8.4279e+02     0.0000e+00  0.0000e+00     0.0000e+00  0.0000e+00     0.0000e+00  0.0000e+00     0.0000e+00  0.0000e+00 
9.4563e+02     0.0000e+00  0.0000e+00     0.0000e+00  0.0000e+00     0.0000e+00  0.0000e+00     0.0000e+00  0.0000e+00 
1.0610e+03     0.0000e+00  0.0000e+00     0.0000e+00  0.0000e+00     0.0000e+00  0.0000e+00     0.0000e+00  0.0000e+00 
1.1905e+03     0.0000e+00  0.0000e+00     0.0000e+00  0.0000e+00     0.0000e+00  0.0000e+00     0.0000e+00  0.0000e+00 
1.3357e+03     0.0000e+00  0.0000e+00     0.0000e+00  0.0000e+00     0.0000e+00  0.0000e+00     0.0000e+00  0.0000e+00 
1.4987e+03     0.0000e+00  0.0000e+00     0.0000e+00  0.0000e+00     0.0000e+00  0.0000e+00     0.0000e+00  0.0000e+00 
1.6816e+03     0.0000e+00  0.0000e+00     0.0000e+00  0.0000e+00     0.0000e+00  0.0000e+00     0.0000e+00  0.0000e+00 
1.8868e+03     0.0000e+00  0.0000e+00     0.0000e+00  0.0000e+00     0.0000e+00  0.0000e+00     0.0000e+00  0.0000e+00 
2.1170e+03     0.0000e+00  0.0000e+00     0.0000e+00  0.0000e+00     0.0000e+00  0.0000e+00     0.0000e+00  0.0000e+00 
2.3753e+03     0.0000e+00  0.0000e+00     0.0000e+00  0.0000e+00     0.0000e+00  0.0000e+00     0.0000e+00  0.0000e+00 
2.6651e+03     0.0000e+00  0.0000e+00     0.0000e+00  0.0000e+00     0.0000e+00  0.0000e+00     0.0000e+00  0.0000e+00 
2.9903e+03     0.0000e+00  0.0000e+00     0.0000e+00  0.0000e+00     0.0000e+00  0.0000e+00     0.0000e+00  0.0000e+00 
3.3552e+03     0.0000e+00  0.0000e+00     0.0000e+00  0.0000e+00     0.0000e+00  0.0000e+00     0.0000e+00  0.0000e+00 
3.7646e+03     0.0000e+00  0.0000e+00     0.0000e+00  0.0000e+00     0.0000e+00  0.0000e+00     0.0000e+00  0.0000e+00 
4.2240e+03     0.0000e+00  0.0000e+00     0.0000e+00  0.0000e+00     0.0000e+00  0.0000e+00     0.0000e+00  0.0000e+00 
4.7394e+03     0.0000e+00  0.0000e+00     0.0000e+00  0.0000e+00     0.0000e+00  0.0000e+00     0.0000e+00  0.0000e+00 
5.3176e+03     0.0000e+00  0.0000e+00     0.0000e+00  0.0000e+00     0.0000e+00  0.0000e+00     0.0000e+00  0.0000e+00 
5.9665e+03     0.0000e+00  0.0000e+00     0.0000e+00  0.0000e+00     0.0000e+00  0.0000e+00     0.0000e+00  0.0000e+00 
6.6945e+03     0.0000e+00  0.0000e+00     0.0000e+00  0.0000e+00     0.0000e+00  0.0000e+00     0.0000e+00  0.0000e+00 
7.5114e+03     0.0000e+00  0.0000e+00     0.0000e+00  0.0000e+00     0.0000e+00  0.0000e+00     0.0000e+00  0.0000e+00 
8.4279e+03     0.0000e+00  0.0000e+00     0.0000e+00  0.0000e+00     0.0000e+00  0.0000e+00     0.0000e+00  0.0000e+00 
9.4563e+03     0.0000e+00  0.0000e+00     0.0000e+00  0.0000e+00     0.0000e+00  0.0000e+00     0.0000e+00  0.0000e+00 
