yF = 5.6269e+00 (std: 0.0000e+00) keV/um
yD = 1.9214e+01 (std: 0.0000e+00) keV/um
y (keV/um)     f(y)(std)                  yf(y)(std)                 d(y)(std)                  yd(y)(std)  
1.0610e-01     2.3863e+01  0.0000e+00     2.5318e+00  0.0000e+00     4.4995e-01  0.0000e+00     4.7740e-02  0.0000e+00 
1.1905e-01     1.6444e+00  0.0000e+00     1.9576e-01  0.0000e+00     3.4791e-02  0.0000e+00     4.1418e-03  0.0000e+00 
1.3357e-01     4.6290e-01  0.0000e+00     6.1831e-02  0.0000e+00     1.0988e-02  0.0000e+00     1.4678e-03  0.0000e+00 
1.4987e-01     2.4806e+00  0.0000e+00     3.7177e-01  0.0000e+00     6.6071e-02  0.0000e+00     9.9022e-03  0.0000e+00 
1.6816e-01     7.0954e-01  0.0000e+00     1.1932e-01  0.0000e+00     2.1205e-02  0.0000e+00     3.5657e-03  0.0000e+00 
1.8868e-01     4.8755e-01  0.0000e+00     9.1989e-02  0.0000e+00     1.6348e-02  0.0000e+00     3.0845e-03  0.0000e+00 
2.1170e-01     5.2473e-01  0.0000e+00     1.1108e-01  0.0000e+00     1.9742e-02  0.0000e+00     4.1793e-03  0.0000e+00 
2.3753e-01     4.8624e-01  0.0000e+00     1.1550e-01  0.0000e+00     2.0526e-02  0.0000e+00     4.8755e-03  0.0000e+00 
2.6651e-01     2.1915e-01  0.0000e+00     5.8407e-02  0.0000e+00     1.0380e-02  0.0000e+00     2.7664e-03  0.0000e+00 
2.9903e-01     1.8981e-01  0.0000e+00     5.6760e-02  0.0000e+00     1.0087e-02  0.0000e+00     3.0165e-03  0.0000e+00 
3.3552e-01     1.1100e+00  0.0000e+00     3.7243e-01  0.0000e+00     6.6188e-02  0.0000e+00     2.2207e-02  0.0000e+00 
3.7646e-01     7.2746e-01  0.0000e+00     2.7386e-01  0.0000e+00     4.8670e-02  0.0000e+00     1.8322e-02  0.0000e+00 
4.2240e-01     3.1474e-01  0.0000e+00     1.3295e-01  0.0000e+00     2.3627e-02  0.0000e+00     9.9799e-03  0.0000e+00 
4.7394e-01     2.9816e-01  0.0000e+00     1.4131e-01  0.0000e+00     2.5113e-02  0.0000e+00     1.1902e-02  0.0000e+00 
5.3176e-01     1.8649e-01  0.0000e+00     9.9166e-02  0.0000e+00     1.7624e-02  0.0000e+00     9.3716e-03  0.0000e+00 
5.9665e-01     9.7450e-02  0.0000e+00     5.8143e-02  0.0000e+00     1.0333e-02  0.0000e+00     6.1652e-03  0.0000e+00 
6.6945e-01     1.6141e-01  0.0000e+00     1.0806e-01  0.0000e+00     1.9203e-02  0.0000e+00     1.2856e-02  0.0000e+00 
7.5114e-01     1.3562e-01  0.0000e+00     1.0187e-01  0.0000e+00     1.8103e-02  0.0000e+00     1.3598e-02  0.0000e+00 
8.4279e-01     6.1879e-02  0.0000e+00     5.2151e-02  0.0000e+00     9.2682e-03  0.0000e+00     7.8111e-03  0.0000e+00 
9.4563e-01     3.8995e-02  0.0000e+00     3.6875e-02  0.0000e+00     6.5533e-03  0.0000e+00     6.1969e-03  0.0000e+00 
1.0610e+00     2.9665e-02  0.0000e+00     3.1475e-02  0.0000e+00     5.5937e-03  0.0000e+00     5.9350e-03  0.0000e+00 
1.1905e+00     1.4658e-02  0.0000e+00     1.7450e-02  0.0000e+00     3.1011e-03  0.0000e+00     3.6918e-03  0.0000e+00 
1.3357e+00     8.5284e-03  0.0000e+00     1.1392e-02  0.0000e+00     2.0245e-03  0.0000e+00     2.7042e-03  0.0000e+00 
1.4987e+00     5.2723e-03  0.0000e+00     7.9017e-03  0.0000e+00     1.4043e-03  0.0000e+00     2.1046e-03  0.0000e+00 
1.6816e+00     2.0754e-03  0.0000e+00     3.4899e-03  0.0000e+00     6.2022e-04  0.0000e+00     1.0430e-03  0.0000e+00 
1.8868e+00     8.0269e-04  0.0000e+00     1.5145e-03  0.0000e+00     2.6915e-04  0.0000e+00     5.0783e-04  0.0000e+00 
2.1170e+00     2.7994e-04  0.0000e+00     5.9263e-04  0.0000e+00     1.0532e-04  0.0000e+00     2.2296e-04  0.0000e+00 
2.3753e+00     8.3165e-05  0.0000e+00     1.9754e-04  0.0000e+00     3.5107e-05  0.0000e+00     8.3389e-05  0.0000e+00 
2.6651e+00     0.0000e+00  0.0000e+00     0.0000e+00  0.0000e+00     0.0000e+00  0.0000e+00     0.0000e+00  0.0000e+00 
2.9903e+00     0.0000e+00  0.0000e+00     0.0000e+00  0.0000e+00     0.0000e+00  0.0000e+00     0.0000e+00  0.0000e+00 
3.3552e+00     0.0000e+00  0.0000e+00     0.0000e+00  0.0000e+00     0.0000e+00  0.0000e+00     0.0000e+00  0.0000e+00 
3.7646e+00     0.0000e+00  0.0000e+00     0.0000e+00  0.0000e+00     0.0000e+00  0.0000e+00     0.0000e+00  0.0000e+00 
4.2240e+00     0.0000e+00  0.0000e+00     0.0000e+00  0.0000e+00     0.0000e+00  0.0000e+00     0.0000e+00  0.0000e+00 
4.7394e+00     0.0000e+00  0.0000e+00     0.0000e+00  0.0000e+00     0.0000e+00  0.0000e+00     0.0000e+00  0.0000e+00 
5.3176e+00     0.0000e+00  0.0000e+00     0.0000e+00  0.0000e+00     0.0000e+00  0.0000e+00     0.0000e+00  0.0000e+00 
5.9665e+00     7.8876e-02  0.0000e+00     4.7061e-01  0.0000e+00     8.3636e-02  0.0000e+00     4.9901e-01  0.0000e+00 
6.6945e+00     1.8649e-02  0.0000e+00     1.2485e-01  0.0000e+00     2.2188e-02  0.0000e+00     1.4853e-01  0.0000e+00 
7.5114e+00     8.3456e-03  0.0000e+00     6.2687e-02  0.0000e+00     1.1141e-02  0.0000e+00     8.3681e-02  0.0000e+00 
8.4279e+00     3.2627e-02  0.0000e+00     2.7498e-01  0.0000e+00     4.8869e-02  0.0000e+00     4.1186e-01  0.0000e+00 
9.4563e+00     3.1078e-02  0.0000e+00     2.9388e-01  0.0000e+00     5.2227e-02  0.0000e+00     4.9387e-01  0.0000e+00 
1.0610e+01     7.3803e-02  0.0000e+00     7.8306e-01  0.0000e+00     1.3916e-01  0.0000e+00     1.4765e+00  0.0000e+00 
1.1905e+01     2.8779e-02  0.0000e+00     3.4260e-01  0.0000e+00     6.0887e-02  0.0000e+00     7.2484e-01  0.0000e+00 
1.3357e+01     1.2157e-02  0.0000e+00     1.6238e-01  0.0000e+00     2.8858e-02  0.0000e+00     3.8546e-01  0.0000e+00 
1.4987e+01     4.8198e-03  0.0000e+00     7.2235e-02  0.0000e+00     1.2837e-02  0.0000e+00     1.9240e-01  0.0000e+00 
1.6816e+01     2.4348e-02  0.0000e+00     4.0944e-01  0.0000e+00     7.2765e-02  0.0000e+00     1.2236e+00  0.0000e+00 
1.8868e+01     6.4564e-03  0.0000e+00     1.2182e-01  0.0000e+00     2.1649e-02  0.0000e+00     4.0847e-01  0.0000e+00 
2.1170e+01     3.4401e-03  0.0000e+00     7.2827e-02  0.0000e+00     1.2943e-02  0.0000e+00     2.7400e-01  0.0000e+00 
2.3753e+01     3.1326e-03  0.0000e+00     7.4408e-02  0.0000e+00     1.3224e-02  0.0000e+00     3.1410e-01  0.0000e+00 
2.6651e+01     1.8580e-03  0.0000e+00     4.9517e-02  0.0000e+00     8.8001e-03  0.0000e+00     2.3453e-01  0.0000e+00 
2.9903e+01     1.4842e-03  0.0000e+00     4.4381e-02  0.0000e+00     7.8873e-03  0.0000e+00     2.3586e-01  0.0000e+00 
3.3552e+01     1.1658e-03  0.0000e+00     3.9113e-02  0.0000e+00     6.9511e-03  0.0000e+00     2.3323e-01  0.0000e+00 
3.7646e+01     1.0425e-03  0.0000e+00     3.9245e-02  0.0000e+00     6.9746e-03  0.0000e+00     2.6256e-01  0.0000e+00 
4.2240e+01     6.6721e-04  0.0000e+00     2.8183e-02  0.0000e+00     5.0086e-03  0.0000e+00     2.1156e-01  0.0000e+00 
4.7394e+01     4.7795e-04  0.0000e+00     2.2652e-02  0.0000e+00     4.0256e-03  0.0000e+00     1.9079e-01  0.0000e+00 
5.3176e+01     2.9843e-04  0.0000e+00     1.5869e-02  0.0000e+00     2.8202e-03  0.0000e+00     1.4997e-01  0.0000e+00 
5.9665e+01     1.6885e-04  0.0000e+00     1.0075e-02  0.0000e+00     1.7904e-03  0.0000e+00     1.0683e-01  0.0000e+00 
6.6945e+01     9.2459e-05  0.0000e+00     6.1897e-03  0.0000e+00     1.1000e-03  0.0000e+00     7.3641e-02  0.0000e+00 
7.5114e+01     6.2241e-05  0.0000e+00     4.6752e-03  0.0000e+00     8.3086e-04  0.0000e+00     6.2409e-02  0.0000e+00 
8.4279e+01     3.1252e-05  0.0000e+00     2.6339e-03  0.0000e+00     4.6809e-04  0.0000e+00     3.9450e-02  0.0000e+00 
9.4563e+01     1.0445e-05  0.0000e+00     9.8771e-04  0.0000e+00     1.7553e-04  0.0000e+00     1.6599e-02  0.0000e+00 
1.0610e+02     8.0679e-06  0.0000e+00     8.5602e-04  0.0000e+00     1.5213e-04  0.0000e+00     1.6141e-02  0.0000e+00 
1.1905e+02     1.1062e-06  0.0000e+00     1.3169e-04  0.0000e+00     2.3405e-05  0.0000e+00     2.7862e-03  0.0000e+00 
1.3357e+02     4.9297e-07  0.0000e+00     6.5847e-05  0.0000e+00     1.1702e-05  0.0000e+00     1.5631e-03  0.0000e+00 
1.4987e+02     4.3936e-07  0.0000e+00     6.5847e-05  0.0000e+00     1.1702e-05  0.0000e+00     1.7538e-03  0.0000e+00 
1.6816e+02     0.0000e+00  0.0000e+00     0.0000e+00  0.0000e+00     0.0000e+00  0.0000e+00     0.0000e+00  0.0000e+00 
1.8868e+02     0.0000e+00  0.0000e+00     0.0000e+00  0.0000e+00     0.0000e+00  0.0000e+00     0.0000e+00  0.0000e+00 
2.1170e+02     0.0000e+00  0.0000e+00     0.0000e+00  0.0000e+00     0.0000e+00  0.0000e+00     0.0000e+00  0.0000e+00 
2.3753e+02     0.0000e+00  0.0000e+00     0.0000e+00  0.0000e+00     0.0000e+00  0.0000e+00     0.0000e+00  0.0000e+00 
2.6651e+02     0.0000e+00  0.0000e+00     0.0000e+00  0.0000e+00     0.0000e+00  0.0000e+00     0.0000e+00  0.0000e+00 
2.9903e+02     0.0000e+00  0.0000e+00     0.0000e+00  0.0000e+00     0.0000e+00  0.0000e+00     0.0000e+00  0.0000e+00 
3.3552e+02     0.0000e+00  0.0000e+00     0.0000e+00  0.0000e+00     0.0000e+00  0.0000e+00     0.0000e+00  0.0000e+00 
3.7646e+02     0.0000e+00  0.0000e+00     0.0000e+00  0.0000e+00     0.0000e+00  0.0000e+00     0.0000e+00  0.0000e+00 
4.2240e+02     0.0000e+00  0.0000e+00     0.0000e+00  0.0000e+00     0.0000e+00  0.0000e+00     0.0000e+00  0.0000e+00 
4.7394e+02     0.0000e+00  0.0000e+00     0.0000e+00  0.0000e+00     0.0000e+00  0.0000e+00     0.0000e+00  0.0000e+00 
5.3176e+02     0.0000e+00  0.0000e+00     0.0000e+00  0.0000e+00     0.0000e+00  0.0000e+00     0.0000e+00  0.0000e+00 
5.9665e+02     0.0000e+00  0.0000e+00     0.0000e+00  0.0000e+00     0.0000e+00  0.0000e+00     0.0000e+00  0.0000e+00 
6.6945e+02     0.0000e+00  0.0000e+00     0.0000e+00  0.0000e+00     0.0000e+00  0.0000e+00     0.0000e+00  0.0000e+00 
7.5114e+02     0.0000e+00  0.0000e+00     0.0000e+00  0.0000e+00     0.0000e+00  0.0000e+00     0.0000e+00  0.0000e+00 
8.4279e+02     0.0000e+00  0.0000e+00     0.0000e+00  0.0000e+00     0.0000e+00  0.0000e+00     0.0000e+00  0.0000e+00 
9.4563e+02     0.0000e+00  0.0000e+00     0.0000e+00  0.0000e+00     0.0000e+00  0.0000e+00     0.0000e+00  0.0000e+00 
1.0610e+03     0.0000e+00  0.0000e+00     0.0000e+00  0.0000e+00     0.0000e+00  0.0000e+00     0.0000e+00  0.0000e+00 
1.1905e+03     0.0000e+00  0.0000e+00     0.0000e+00  0.0000e+00     0.0000e+00  0.0000e+00     0.0000e+00  0.0000e+00 
1.3357e+03     0.0000e+00  0.0000e+00     0.0000e+00  0.0000e+00     0.0000e+00  0.0000e+00     0.0000e+00  0.0000e+00 
1.4987e+03     0.0000e+00  0.0000e+00     0.0000e+00  0.0000e+00     0.0000e+00  0.0000e+00     0.0000e+00  0.0000e+00 
1.6816e+03     0.0000e+00  0.0000e+00     0.0000e+00  0.0000e+00     0.0000e+00  0.0000e+00     0.0000e+00  0.0000e+00 
1.8868e+03     0.0000e+00  0.0000e+00     0.0000e+00  0.0000e+00     0.0000e+00  0.0000e+00     0.0000e+00  0.0000e+00 
2.1170e+03     0.0000e+00  0.0000e+00     0.0000e+00  0.0000e+00     0.0000e+00  0.0000e+00     0.0000e+00  0.0000e+00 
2.3753e+03     0.0000e+00  0.0000e+00     0.0000e+00  0.0000e+00     0.0000e+00  0.0000e+00     0.0000e+00  0.0000e+00 
2.6651e+03     0.0000e+00  0.0000e+00     0.0000e+00  0.0000e+00     0.0000e+00  0.0000e+00     0.0000e+00  0.0000e+00 
2.9903e+03     0.0000e+00  0.0000e+00     0.0000e+00  0.0000e+00     0.0000e+00  0.0000e+00     0.0000e+00  0.0000e+00 
3.3552e+03     0.0000e+00  0.0000e+00     0.0000e+00  0.0000e+00     0.0000e+00  0.0000e+00     0.0000e+00  0.0000e+00 
3.7646e+03     0.0000e+00  0.0000e+00     0.0000e+00  0.0000e+00     0.0000e+00  0.0000e+00     0.0000e+00  0.0000e+00 
4.2240e+03     0.0000e+00  0.0000e+00     0.0000e+00  0.0000e+00     0.0000e+00  0.0000e+00     0.0000e+00  0.0000e+00 
4.7394e+03     0.0000e+00  0.0000e+00     0.0000e+00  0.0000e+00     0.0000e+00  0.0000e+00     0.0000e+00  0.0000e+00 
5.3176e+03     0.0000e+00  0.0000e+00     0.0000e+00  0.0000e+00     0.0000e+00  0.0000e+00     0.0000e+00  0.0000e+00 
5.9665e+03     0.0000e+00  0.0000e+00     0.0000e+00  0.0000e+00     0.0000e+00  0.0000e+00     0.0000e+00  0.0000e+00 
6.6945e+03     0.0000e+00  0.0000e+00     0.0000e+00  0.0000e+00     0.0000e+00  0.0000e+00     0.0000e+00  0.0000e+00 
7.5114e+03     0.0000e+00  0.0000e+00     0.0000e+00  0.0000e+00     0.0000e+00  0.0000e+00     0.0000e+00  0.0000e+00 
8.4279e+03     0.0000e+00  0.0000e+00     0.0000e+00  0.0000e+00     0.0000e+00  0.0000e+00     0.0000e+00  0.0000e+00 
9.4563e+03     0.0000e+00  0.0000e+00     0.0000e+00  0.0000e+00     0.0000e+00  0.0000e+00     0.0000e+00  0.0000e+00 
