yF = 1.6255e+02 (std: 0.0000e+00) keV/um
yD = 1.8003e+02 (std: 0.0000e+00) keV/um
y (keV/um)     f(y)(std)                  yf(y)(std)                 d(y)(std)                  yd(y)(std)  
1.0610e-01     8.1955e-05  0.0000e+00     8.6955e-06  0.0000e+00     5.3496e-08  0.0000e+00     5.6759e-09  0.0000e+00 
1.1905e-01     0.0000e+00  0.0000e+00     0.0000e+00  0.0000e+00     0.0000e+00  0.0000e+00     0.0000e+00  0.0000e+00 
1.3357e-01     0.0000e+00  0.0000e+00     0.0000e+00  0.0000e+00     0.0000e+00  0.0000e+00     0.0000e+00  0.0000e+00 
1.4987e-01     0.0000e+00  0.0000e+00     0.0000e+00  0.0000e+00     0.0000e+00  0.0000e+00     0.0000e+00  0.0000e+00 
1.6816e-01     0.0000e+00  0.0000e+00     0.0000e+00  0.0000e+00     0.0000e+00  0.0000e+00     0.0000e+00  0.0000e+00 
1.8868e-01     0.0000e+00  0.0000e+00     0.0000e+00  0.0000e+00     0.0000e+00  0.0000e+00     0.0000e+00  0.0000e+00 
2.1170e-01     0.0000e+00  0.0000e+00     0.0000e+00  0.0000e+00     0.0000e+00  0.0000e+00     0.0000e+00  0.0000e+00 
2.3753e-01     0.0000e+00  0.0000e+00     0.0000e+00  0.0000e+00     0.0000e+00  0.0000e+00     0.0000e+00  0.0000e+00 
2.6651e-01     0.0000e+00  0.0000e+00     0.0000e+00  0.0000e+00     0.0000e+00  0.0000e+00     0.0000e+00  0.0000e+00 
2.9903e-01     0.0000e+00  0.0000e+00     0.0000e+00  0.0000e+00     0.0000e+00  0.0000e+00     0.0000e+00  0.0000e+00 
3.3552e-01     2.5916e-05  0.0000e+00     8.6955e-06  0.0000e+00     5.3496e-08  0.0000e+00     1.7949e-08  0.0000e+00 
3.7646e-01     2.3098e-05  0.0000e+00     8.6955e-06  0.0000e+00     5.3496e-08  0.0000e+00     2.0139e-08  0.0000e+00 
4.2240e-01     2.0586e-05  0.0000e+00     8.6955e-06  0.0000e+00     5.3496e-08  0.0000e+00     2.2596e-08  0.0000e+00 
4.7394e-01     0.0000e+00  0.0000e+00     0.0000e+00  0.0000e+00     0.0000e+00  0.0000e+00     0.0000e+00  0.0000e+00 
5.3176e-01     0.0000e+00  0.0000e+00     0.0000e+00  0.0000e+00     0.0000e+00  0.0000e+00     0.0000e+00  0.0000e+00 
5.9665e-01     1.4574e-05  0.0000e+00     8.6955e-06  0.0000e+00     5.3496e-08  0.0000e+00     3.1918e-08  0.0000e+00 
6.6945e-01     0.0000e+00  0.0000e+00     0.0000e+00  0.0000e+00     0.0000e+00  0.0000e+00     0.0000e+00  0.0000e+00 
7.5114e-01     0.0000e+00  0.0000e+00     0.0000e+00  0.0000e+00     0.0000e+00  0.0000e+00     0.0000e+00  0.0000e+00 
8.4279e-01     0.0000e+00  0.0000e+00     0.0000e+00  0.0000e+00     0.0000e+00  0.0000e+00     0.0000e+00  0.0000e+00 
9.4563e-01     0.0000e+00  0.0000e+00     0.0000e+00  0.0000e+00     0.0000e+00  0.0000e+00     0.0000e+00  0.0000e+00 
1.0610e+00     0.0000e+00  0.0000e+00     0.0000e+00  0.0000e+00     0.0000e+00  0.0000e+00     0.0000e+00  0.0000e+00 
1.1905e+00     1.4608e-05  0.0000e+00     1.7391e-05  0.0000e+00     1.0699e-07  0.0000e+00     1.2737e-07  0.0000e+00 
1.3357e+00     0.0000e+00  0.0000e+00     0.0000e+00  0.0000e+00     0.0000e+00  0.0000e+00     0.0000e+00  0.0000e+00 
1.4987e+00     0.0000e+00  0.0000e+00     0.0000e+00  0.0000e+00     0.0000e+00  0.0000e+00     0.0000e+00  0.0000e+00 
1.6816e+00     0.0000e+00  0.0000e+00     0.0000e+00  0.0000e+00     0.0000e+00  0.0000e+00     0.0000e+00  0.0000e+00 
1.8868e+00     0.0000e+00  0.0000e+00     0.0000e+00  0.0000e+00     0.0000e+00  0.0000e+00     0.0000e+00  0.0000e+00 
2.1170e+00     0.0000e+00  0.0000e+00     0.0000e+00  0.0000e+00     0.0000e+00  0.0000e+00     0.0000e+00  0.0000e+00 
2.3753e+00     0.0000e+00  0.0000e+00     0.0000e+00  0.0000e+00     0.0000e+00  0.0000e+00     0.0000e+00  0.0000e+00 
2.6651e+00     0.0000e+00  0.0000e+00     0.0000e+00  0.0000e+00     0.0000e+00  0.0000e+00     0.0000e+00  0.0000e+00 
2.9903e+00     0.0000e+00  0.0000e+00     0.0000e+00  0.0000e+00     0.0000e+00  0.0000e+00     0.0000e+00  0.0000e+00 
3.3552e+00     0.0000e+00  0.0000e+00     0.0000e+00  0.0000e+00     0.0000e+00  0.0000e+00     0.0000e+00  0.0000e+00 
3.7646e+00     0.0000e+00  0.0000e+00     0.0000e+00  0.0000e+00     0.0000e+00  0.0000e+00     0.0000e+00  0.0000e+00 
4.2240e+00     0.0000e+00  0.0000e+00     0.0000e+00  0.0000e+00     0.0000e+00  0.0000e+00     0.0000e+00  0.0000e+00 
4.7394e+00     0.0000e+00  0.0000e+00     0.0000e+00  0.0000e+00     0.0000e+00  0.0000e+00     0.0000e+00  0.0000e+00 
5.3176e+00     1.6352e-06  0.0000e+00     8.6955e-06  0.0000e+00     5.3496e-08  0.0000e+00     2.8447e-07  0.0000e+00 
5.9665e+00     1.4574e-06  0.0000e+00     8.6955e-06  0.0000e+00     5.3496e-08  0.0000e+00     3.1918e-07  0.0000e+00 
6.6945e+00     2.5978e-06  0.0000e+00     1.7391e-05  0.0000e+00     1.0699e-07  0.0000e+00     7.1625e-07  0.0000e+00 
7.5114e+00     0.0000e+00  0.0000e+00     0.0000e+00  0.0000e+00     0.0000e+00  0.0000e+00     0.0000e+00  0.0000e+00 
8.4279e+00     1.1349e-05  0.0000e+00     9.5650e-05  0.0000e+00     5.8845e-07  0.0000e+00     4.9594e-06  0.0000e+00 
9.4563e+00     7.3564e-06  0.0000e+00     6.9564e-05  0.0000e+00     4.2796e-07  0.0000e+00     4.0469e-06  0.0000e+00 
1.0610e+01     5.7368e-06  0.0000e+00     6.0868e-05  0.0000e+00     3.7447e-07  0.0000e+00     3.9731e-06  0.0000e+00 
1.1905e+01     2.1913e-06  0.0000e+00     2.6086e-05  0.0000e+00     1.6049e-07  0.0000e+00     1.9105e-06  0.0000e+00 
1.3357e+01     6.5099e-06  0.0000e+00     8.6955e-05  0.0000e+00     5.3496e-07  0.0000e+00     7.1456e-06  0.0000e+00 
1.4987e+01     4.6416e-06  0.0000e+00     6.9564e-05  0.0000e+00     4.2796e-07  0.0000e+00     6.4140e-06  0.0000e+00 
1.6816e+01     1.2927e-05  0.0000e+00     2.1739e-04  0.0000e+00     1.3374e-06  0.0000e+00     2.2489e-05  0.0000e+00 
1.8868e+01     2.6730e-05  0.0000e+00     5.0434e-04  0.0000e+00     3.1027e-06  0.0000e+00     5.8542e-05  0.0000e+00 
2.1170e+01     3.8610e-05  0.0000e+00     8.1738e-04  0.0000e+00     5.0286e-06  0.0000e+00     1.0645e-04  0.0000e+00 
2.3753e+01     3.2947e-05  0.0000e+00     7.8259e-04  0.0000e+00     4.8146e-06  0.0000e+00     1.1436e-04  0.0000e+00 
2.6651e+01     5.7749e-05  0.0000e+00     1.5391e-03  0.0000e+00     9.4687e-06  0.0000e+00     2.5235e-04  0.0000e+00 
2.9903e+01     9.3052e-05  0.0000e+00     2.7826e-03  0.0000e+00     1.7119e-05  0.0000e+00     5.1190e-04  0.0000e+00 
3.3552e+01     1.3269e-04  0.0000e+00     4.4521e-03  0.0000e+00     2.7390e-05  0.0000e+00     9.1898e-04  0.0000e+00 
3.7646e+01     1.8502e-04  0.0000e+00     6.9651e-03  0.0000e+00     4.2850e-05  0.0000e+00     1.6131e-03  0.0000e+00 
4.2240e+01     2.7874e-04  0.0000e+00     1.1774e-02  0.0000e+00     7.2433e-05  0.0000e+00     3.0595e-03  0.0000e+00 
4.7394e+01     4.2254e-04  0.0000e+00     2.0026e-02  0.0000e+00     1.2320e-04  0.0000e+00     5.8389e-03  0.0000e+00 
5.3176e+01     5.9849e-04  0.0000e+00     3.1825e-02  0.0000e+00     1.9579e-04  0.0000e+00     1.0412e-02  0.0000e+00 
5.9665e+01     9.1451e-04  0.0000e+00     5.4564e-02  0.0000e+00     3.3568e-04  0.0000e+00     2.0029e-02  0.0000e+00 
6.6945e+01     1.3549e-03  0.0000e+00     9.0703e-02  0.0000e+00     5.5801e-04  0.0000e+00     3.7356e-02  0.0000e+00 
7.5114e+01     1.9642e-03  0.0000e+00     1.4754e-01  0.0000e+00     9.0766e-04  0.0000e+00     6.8178e-02  0.0000e+00 
8.4279e+01     2.7961e-03  0.0000e+00     2.3566e-01  0.0000e+00     1.4498e-03  0.0000e+00     1.2219e-01  0.0000e+00 
9.4563e+01     3.8210e-03  0.0000e+00     3.6132e-01  0.0000e+00     2.2229e-03  0.0000e+00     2.1020e-01  0.0000e+00 
1.0610e+02     5.0507e-03  0.0000e+00     5.3589e-01  0.0000e+00     3.2968e-03  0.0000e+00     3.4980e-01  0.0000e+00 
1.1905e+02     6.2552e-03  0.0000e+00     7.4466e-01  0.0000e+00     4.5813e-03  0.0000e+00     5.4539e-01  0.0000e+00 
1.3357e+02     7.2140e-03  0.0000e+00     9.6360e-01  0.0000e+00     5.9282e-03  0.0000e+00     7.9184e-01  0.0000e+00 
1.4987e+02     7.6264e-03  0.0000e+00     1.1430e+00  0.0000e+00     7.0318e-03  0.0000e+00     1.0539e+00  0.0000e+00 
1.6816e+02     7.2045e-03  0.0000e+00     1.2115e+00  0.0000e+00     7.4533e-03  0.0000e+00     1.2533e+00  0.0000e+00 
1.8868e+02     6.0024e-03  0.0000e+00     1.1325e+00  0.0000e+00     6.9673e-03  0.0000e+00     1.3146e+00  0.0000e+00 
2.1170e+02     4.2638e-03  0.0000e+00     9.0264e-01  0.0000e+00     5.5532e-03  0.0000e+00     1.1756e+00  0.0000e+00 
2.3753e+02     2.5031e-03  0.0000e+00     5.9457e-01  0.0000e+00     3.6579e-03  0.0000e+00     8.6885e-01  0.0000e+00 
2.6651e+02     1.1904e-03  0.0000e+00     3.1725e-01  0.0000e+00     1.9518e-03  0.0000e+00     5.2018e-01  0.0000e+00 
2.9903e+02     4.3318e-04  0.0000e+00     1.2954e-01  0.0000e+00     7.9692e-04  0.0000e+00     2.3831e-01  0.0000e+00 
3.3552e+02     1.1357e-04  0.0000e+00     3.8104e-02  0.0000e+00     2.3442e-04  0.0000e+00     7.8652e-02  0.0000e+00 
3.7646e+02     2.3144e-05  0.0000e+00     8.7129e-03  0.0000e+00     5.3603e-05  0.0000e+00     2.0179e-02  0.0000e+00 
4.2240e+02     3.4585e-06  0.0000e+00     1.4608e-03  0.0000e+00     8.9873e-06  0.0000e+00     3.7962e-03  0.0000e+00 
4.7394e+02     1.6513e-07  0.0000e+00     7.8259e-05  0.0000e+00     4.8146e-07  0.0000e+00     2.2818e-04  0.0000e+00 
5.3176e+02     0.0000e+00  0.0000e+00     0.0000e+00  0.0000e+00     0.0000e+00  0.0000e+00     0.0000e+00  0.0000e+00 
5.9665e+02     0.0000e+00  0.0000e+00     0.0000e+00  0.0000e+00     0.0000e+00  0.0000e+00     0.0000e+00  0.0000e+00 
6.6945e+02     0.0000e+00  0.0000e+00     0.0000e+00  0.0000e+00     0.0000e+00  0.0000e+00     0.0000e+00  0.0000e+00 
7.5114e+02     0.0000e+00  0.0000e+00     0.0000e+00  0.0000e+00     0.0000e+00  0.0000e+00     0.0000e+00  0.0000e+00 
8.4279e+02     0.0000e+00  0.0000e+00     0.0000e+00  0.0000e+00     0.0000e+00  0.0000e+00     0.0000e+00  0.0000e+00 
9.4563e+02     0.0000e+00  0.0000e+00     0.0000e+00  0.0000e+00     0.0000e+00  0.0000e+00     0.0000e+00  0.0000e+00 
1.0610e+03     0.0000e+00  0.0000e+00     0.0000e+00  0.0000e+00     0.0000e+00  0.0000e+00     0.0000e+00  0.0000e+00 
1.1905e+03     0.0000e+00  0.0000e+00     0.0000e+00  0.0000e+00     0.0000e+00  0.0000e+00     0.0000e+00  0.0000e+00 
1.3357e+03     0.0000e+00  0.0000e+00     0.0000e+00  0.0000e+00     0.0000e+00  0.0000e+00     0.0000e+00  0.0000e+00 
1.4987e+03     0.0000e+00  0.0000e+00     0.0000e+00  0.0000e+00     0.0000e+00  0.0000e+00     0.0000e+00  0.0000e+00 
1.6816e+03     0.0000e+00  0.0000e+00     0.0000e+00  0.0000e+00     0.0000e+00  0.0000e+00     0.0000e+00  0.0000e+00 
1.8868e+03     0.0000e+00  0.0000e+00     0.0000e+00  0.0000e+00     0.0000e+00  0.0000e+00     0.0000e+00  0.0000e+00 
2.1170e+03     0.0000e+00  0.0000e+00     0.0000e+00  0.0000e+00     0.0000e+00  0.0000e+00     0.0000e+00  0.0000e+00 
2.3753e+03     0.0000e+00  0.0000e+00     0.0000e+00  0.0000e+00     0.0000e+00  0.0000e+00     0.0000e+00  0.0000e+00 
2.6651e+03     0.0000e+00  0.0000e+00     0.0000e+00  0.0000e+00     0.0000e+00  0.0000e+00     0.0000e+00  0.0000e+00 
2.9903e+03     0.0000e+00  0.0000e+00     0.0000e+00  0.0000e+00     0.0000e+00  0.0000e+00     0.0000e+00  0.0000e+00 
3.3552e+03     0.0000e+00  0.0000e+00     0.0000e+00  0.0000e+00     0.0000e+00  0.0000e+00     0.0000e+00  0.0000e+00 
3.7646e+03     0.0000e+00  0.0000e+00     0.0000e+00  0.0000e+00     0.0000e+00  0.0000e+00     0.0000e+00  0.0000e+00 
4.2240e+03     0.0000e+00  0.0000e+00     0.0000e+00  0.0000e+00     0.0000e+00  0.0000e+00     0.0000e+00  0.0000e+00 
4.7394e+03     0.0000e+00  0.0000e+00     0.0000e+00  0.0000e+00     0.0000e+00  0.0000e+00     0.0000e+00  0.0000e+00 
5.3176e+03     0.0000e+00  0.0000e+00     0.0000e+00  0.0000e+00     0.0000e+00  0.0000e+00     0.0000e+00  0.0000e+00 
5.9665e+03     0.0000e+00  0.0000e+00     0.0000e+00  0.0000e+00     0.0000e+00  0.0000e+00     0.0000e+00  0.0000e+00 
6.6945e+03     0.0000e+00  0.0000e+00     0.0000e+00  0.0000e+00     0.0000e+00  0.0000e+00     0.0000e+00  0.0000e+00 
7.5114e+03     0.0000e+00  0.0000e+00     0.0000e+00  0.0000e+00     0.0000e+00  0.0000e+00     0.0000e+00  0.0000e+00 
8.4279e+03     0.0000e+00  0.0000e+00     0.0000e+00  0.0000e+00     0.0000e+00  0.0000e+00     0.0000e+00  0.0000e+00 
9.4563e+03     0.0000e+00  0.0000e+00     0.0000e+00  0.0000e+00     0.0000e+00  0.0000e+00     0.0000e+00  0.0000e+00 
