yF = 5.4414e+00 (std: 0.0000e+00) keV/um
yD = 2.2565e+01 (std: 0.0000e+00) keV/um
y (keV/um)     f(y)(std)                  yf(y)(std)                 d(y)(std)                  yd(y)(std)  
1.0610e-01     1.9115e+01  0.0000e+00     2.0281e+00  0.0000e+00     3.7272e-01  0.0000e+00     3.9546e-02  0.0000e+00 
1.1905e-01     1.7188e+00  0.0000e+00     2.0462e-01  0.0000e+00     3.7605e-02  0.0000e+00     4.4767e-03  0.0000e+00 
1.3357e-01     6.1486e-01  0.0000e+00     8.2129e-02  0.0000e+00     1.5093e-02  0.0000e+00     2.0161e-03  0.0000e+00 
1.4987e-01     2.4090e+00  0.0000e+00     3.6105e-01  0.0000e+00     6.6351e-02  0.0000e+00     9.9441e-03  0.0000e+00 
1.6816e-01     8.9949e-01  0.0000e+00     1.5126e-01  0.0000e+00     2.7797e-02  0.0000e+00     4.6744e-03  0.0000e+00 
1.8868e-01     6.5778e-01  0.0000e+00     1.2411e-01  0.0000e+00     2.2808e-02  0.0000e+00     4.3033e-03  0.0000e+00 
2.1170e-01     6.9509e-01  0.0000e+00     1.4715e-01  0.0000e+00     2.7043e-02  0.0000e+00     5.7249e-03  0.0000e+00 
2.3753e-01     6.4132e-01  0.0000e+00     1.5233e-01  0.0000e+00     2.7995e-02  0.0000e+00     6.6497e-03  0.0000e+00 
2.6651e-01     3.5196e-01  0.0000e+00     9.3803e-02  0.0000e+00     1.7239e-02  0.0000e+00     4.5943e-03  0.0000e+00 
2.9903e-01     3.0385e-01  0.0000e+00     9.0862e-02  0.0000e+00     1.6698e-02  0.0000e+00     4.9933e-03  0.0000e+00 
3.3552e-01     1.1076e+00  0.0000e+00     3.7163e-01  0.0000e+00     6.8295e-02  0.0000e+00     2.2914e-02  0.0000e+00 
3.7646e-01     8.4059e-01  0.0000e+00     3.1645e-01  0.0000e+00     5.8155e-02  0.0000e+00     2.1893e-02  0.0000e+00 
4.2240e-01     4.5149e-01  0.0000e+00     1.9071e-01  0.0000e+00     3.5047e-02  0.0000e+00     1.4804e-02  0.0000e+00 
4.7394e-01     4.4598e-01  0.0000e+00     2.1137e-01  0.0000e+00     3.8844e-02  0.0000e+00     1.8409e-02  0.0000e+00 
5.3176e-01     3.2414e-01  0.0000e+00     1.7236e-01  0.0000e+00     3.1676e-02  0.0000e+00     1.6844e-02  0.0000e+00 
5.9665e-01     2.0116e-01  0.0000e+00     1.2002e-01  0.0000e+00     2.2057e-02  0.0000e+00     1.3160e-02  0.0000e+00 
6.6945e-01     2.3577e-01  0.0000e+00     1.5784e-01  0.0000e+00     2.9007e-02  0.0000e+00     1.9419e-02  0.0000e+00 
7.5114e-01     2.1942e-01  0.0000e+00     1.6481e-01  0.0000e+00     3.0289e-02  0.0000e+00     2.2751e-02  0.0000e+00 
8.4279e-01     1.3400e-01  0.0000e+00     1.1294e-01  0.0000e+00     2.0755e-02  0.0000e+00     1.7492e-02  0.0000e+00 
9.4563e-01     8.5884e-02  0.0000e+00     8.1215e-02  0.0000e+00     1.4925e-02  0.0000e+00     1.4114e-02  0.0000e+00 
1.0610e+00     6.6167e-02  0.0000e+00     7.0204e-02  0.0000e+00     1.2902e-02  0.0000e+00     1.3689e-02  0.0000e+00 
1.1905e+00     4.2448e-02  0.0000e+00     5.0533e-02  0.0000e+00     9.2866e-03  0.0000e+00     1.1055e-02  0.0000e+00 
1.3357e+00     2.5883e-02  0.0000e+00     3.4573e-02  0.0000e+00     6.3537e-03  0.0000e+00     8.4868e-03  0.0000e+00 
1.4987e+00     1.4849e-02  0.0000e+00     2.2254e-02  0.0000e+00     4.0897e-03  0.0000e+00     6.1293e-03  0.0000e+00 
1.6816e+00     8.1685e-03  0.0000e+00     1.3736e-02  0.0000e+00     2.5243e-03  0.0000e+00     4.2449e-03  0.0000e+00 
1.8868e+00     4.0963e-03  0.0000e+00     7.7287e-03  0.0000e+00     1.4203e-03  0.0000e+00     2.6799e-03  0.0000e+00 
2.1170e+00     1.8296e-03  0.0000e+00     3.8733e-03  0.0000e+00     7.1182e-04  0.0000e+00     1.5069e-03  0.0000e+00 
2.3753e+00     7.0209e-04  0.0000e+00     1.6677e-03  0.0000e+00     3.0648e-04  0.0000e+00     7.2798e-04  0.0000e+00 
2.6651e+00     2.0858e-04  0.0000e+00     5.5590e-04  0.0000e+00     1.0216e-04  0.0000e+00     2.7227e-04  0.0000e+00 
2.9903e+00     5.9967e-05  0.0000e+00     1.7932e-04  0.0000e+00     3.2955e-05  0.0000e+00     9.8545e-05  0.0000e+00 
3.3552e+00     1.6034e-05  0.0000e+00     5.3796e-05  0.0000e+00     9.8864e-06  0.0000e+00     3.3171e-05  0.0000e+00 
3.7646e+00     0.0000e+00  0.0000e+00     0.0000e+00  0.0000e+00     0.0000e+00  0.0000e+00     0.0000e+00  0.0000e+00 
4.2240e+00     4.2453e-06  0.0000e+00     1.7932e-05  0.0000e+00     3.2955e-06  0.0000e+00     1.3920e-05  0.0000e+00 
4.7394e+00     0.0000e+00  0.0000e+00     0.0000e+00  0.0000e+00     0.0000e+00  0.0000e+00     0.0000e+00  0.0000e+00 
5.3176e+00     0.0000e+00  0.0000e+00     0.0000e+00  0.0000e+00     0.0000e+00  0.0000e+00     0.0000e+00  0.0000e+00 
5.9665e+00     1.1032e-01  0.0000e+00     6.5820e-01  0.0000e+00     1.2096e-01  0.0000e+00     7.2171e-01  0.0000e+00 
6.6945e+00     3.7011e-02  0.0000e+00     2.4777e-01  0.0000e+00     4.5533e-02  0.0000e+00     3.0482e-01  0.0000e+00 
7.5114e+00     8.8809e-03  0.0000e+00     6.6707e-02  0.0000e+00     1.2259e-02  0.0000e+00     9.2083e-02  0.0000e+00 
8.4279e+00     2.4415e-02  0.0000e+00     2.0577e-01  0.0000e+00     3.7815e-02  0.0000e+00     3.1870e-01  0.0000e+00 
9.4563e+00     2.0827e-02  0.0000e+00     1.9695e-01  0.0000e+00     3.6194e-02  0.0000e+00     3.4226e-01  0.0000e+00 
1.0610e+01     2.7082e-02  0.0000e+00     2.8734e-01  0.0000e+00     5.2807e-02  0.0000e+00     5.6028e-01  0.0000e+00 
1.1905e+01     2.2173e-02  0.0000e+00     2.6396e-01  0.0000e+00     4.8509e-02  0.0000e+00     5.7749e-01  0.0000e+00 
1.3357e+01     1.6233e-02  0.0000e+00     2.1684e-01  0.0000e+00     3.9849e-02  0.0000e+00     5.3227e-01  0.0000e+00 
1.4987e+01     1.0893e-02  0.0000e+00     1.6325e-01  0.0000e+00     3.0002e-02  0.0000e+00     4.4964e-01  0.0000e+00 
1.6816e+01     7.6310e-03  0.0000e+00     1.2832e-01  0.0000e+00     2.3582e-02  0.0000e+00     3.9656e-01  0.0000e+00 
1.8868e+01     6.0142e-03  0.0000e+00     1.1347e-01  0.0000e+00     2.0854e-02  0.0000e+00     3.9346e-01  0.0000e+00 
2.1170e+01     5.1526e-03  0.0000e+00     1.0908e-01  0.0000e+00     2.0046e-02  0.0000e+00     4.2438e-01  0.0000e+00 
2.3753e+01     4.3877e-03  0.0000e+00     1.0422e-01  0.0000e+00     1.9153e-02  0.0000e+00     4.5495e-01  0.0000e+00 
2.6651e+01     3.0984e-03  0.0000e+00     8.2577e-02  0.0000e+00     1.5176e-02  0.0000e+00     4.0445e-01  0.0000e+00 
2.9903e+01     2.2272e-03  0.0000e+00     6.6600e-02  0.0000e+00     1.2239e-02  0.0000e+00     3.6600e-01  0.0000e+00 
3.3552e+01     1.8086e-03  0.0000e+00     6.0682e-02  0.0000e+00     1.1152e-02  0.0000e+00     3.7417e-01  0.0000e+00 
3.7646e+01     1.3452e-03  0.0000e+00     5.0640e-02  0.0000e+00     9.3064e-03  0.0000e+00     3.5035e-01  0.0000e+00 
4.2240e+01     8.9025e-04  0.0000e+00     3.7604e-02  0.0000e+00     6.9106e-03  0.0000e+00     2.9190e-01  0.0000e+00 
4.7394e+01     6.5760e-04  0.0000e+00     3.1166e-02  0.0000e+00     5.7275e-03  0.0000e+00     2.7145e-01  0.0000e+00 
5.3176e+01     4.4479e-04  0.0000e+00     2.3652e-02  0.0000e+00     4.3467e-03  0.0000e+00     2.3114e-01  0.0000e+00 
5.9665e+01     2.7169e-04  0.0000e+00     1.6211e-02  0.0000e+00     2.9791e-03  0.0000e+00     1.7775e-01  0.0000e+00 
6.6945e+01     1.6581e-04  0.0000e+00     1.1100e-02  0.0000e+00     2.0399e-03  0.0000e+00     1.3656e-01  0.0000e+00 
7.5114e+01     8.5466e-05  0.0000e+00     6.4197e-03  0.0000e+00     1.1798e-03  0.0000e+00     8.8617e-02  0.0000e+00 
8.4279e+01     4.3618e-05  0.0000e+00     3.6761e-03  0.0000e+00     6.7557e-04  0.0000e+00     5.6936e-02  0.0000e+00 
9.4563e+01     1.6877e-05  0.0000e+00     1.5960e-03  0.0000e+00     2.9330e-04  0.0000e+00     2.7735e-02  0.0000e+00 
1.0610e+02     7.9435e-06  0.0000e+00     8.4281e-04  0.0000e+00     1.5489e-04  0.0000e+00     1.6434e-02  0.0000e+00 
1.1905e+02     3.9164e-06  0.0000e+00     4.6624e-04  0.0000e+00     8.5682e-05  0.0000e+00     1.0200e-02  0.0000e+00 
1.3357e+02     1.3425e-06  0.0000e+00     1.7932e-04  0.0000e+00     3.2955e-05  0.0000e+00     4.4019e-03  0.0000e+00 
1.4987e+02     1.1965e-07  0.0000e+00     1.7932e-05  0.0000e+00     3.2955e-06  0.0000e+00     4.9390e-04  0.0000e+00 
1.6816e+02     0.0000e+00  0.0000e+00     0.0000e+00  0.0000e+00     0.0000e+00  0.0000e+00     0.0000e+00  0.0000e+00 
1.8868e+02     9.5041e-08  0.0000e+00     1.7932e-05  0.0000e+00     3.2955e-06  0.0000e+00     6.2178e-04  0.0000e+00 
2.1170e+02     0.0000e+00  0.0000e+00     0.0000e+00  0.0000e+00     0.0000e+00  0.0000e+00     0.0000e+00  0.0000e+00 
2.3753e+02     0.0000e+00  0.0000e+00     0.0000e+00  0.0000e+00     0.0000e+00  0.0000e+00     0.0000e+00  0.0000e+00 
2.6651e+02     0.0000e+00  0.0000e+00     0.0000e+00  0.0000e+00     0.0000e+00  0.0000e+00     0.0000e+00  0.0000e+00 
2.9903e+02     0.0000e+00  0.0000e+00     0.0000e+00  0.0000e+00     0.0000e+00  0.0000e+00     0.0000e+00  0.0000e+00 
3.3552e+02     0.0000e+00  0.0000e+00     0.0000e+00  0.0000e+00     0.0000e+00  0.0000e+00     0.0000e+00  0.0000e+00 
3.7646e+02     0.0000e+00  0.0000e+00     0.0000e+00  0.0000e+00     0.0000e+00  0.0000e+00     0.0000e+00  0.0000e+00 
4.2240e+02     0.0000e+00  0.0000e+00     0.0000e+00  0.0000e+00     0.0000e+00  0.0000e+00     0.0000e+00  0.0000e+00 
4.7394e+02     0.0000e+00  0.0000e+00     0.0000e+00  0.0000e+00     0.0000e+00  0.0000e+00     0.0000e+00  0.0000e+00 
5.3176e+02     0.0000e+00  0.0000e+00     0.0000e+00  0.0000e+00     0.0000e+00  0.0000e+00     0.0000e+00  0.0000e+00 
5.9665e+02     0.0000e+00  0.0000e+00     0.0000e+00  0.0000e+00     0.0000e+00  0.0000e+00     0.0000e+00  0.0000e+00 
6.6945e+02     0.0000e+00  0.0000e+00     0.0000e+00  0.0000e+00     0.0000e+00  0.0000e+00     0.0000e+00  0.0000e+00 
7.5114e+02     0.0000e+00  0.0000e+00     0.0000e+00  0.0000e+00     0.0000e+00  0.0000e+00     0.0000e+00  0.0000e+00 
8.4279e+02     0.0000e+00  0.0000e+00     0.0000e+00  0.0000e+00     0.0000e+00  0.0000e+00     0.0000e+00  0.0000e+00 
9.4563e+02     0.0000e+00  0.0000e+00     0.0000e+00  0.0000e+00     0.0000e+00  0.0000e+00     0.0000e+00  0.0000e+00 
1.0610e+03     0.0000e+00  0.0000e+00     0.0000e+00  0.0000e+00     0.0000e+00  0.0000e+00     0.0000e+00  0.0000e+00 
1.1905e+03     0.0000e+00  0.0000e+00     0.0000e+00  0.0000e+00     0.0000e+00  0.0000e+00     0.0000e+00  0.0000e+00 
1.3357e+03     0.0000e+00  0.0000e+00     0.0000e+00  0.0000e+00     0.0000e+00  0.0000e+00     0.0000e+00  0.0000e+00 
1.4987e+03     0.0000e+00  0.0000e+00     0.0000e+00  0.0000e+00     0.0000e+00  0.0000e+00     0.0000e+00  0.0000e+00 
1.6816e+03     0.0000e+00  0.0000e+00     0.0000e+00  0.0000e+00     0.0000e+00  0.0000e+00     0.0000e+00  0.0000e+00 
1.8868e+03     0.0000e+00  0.0000e+00     0.0000e+00  0.0000e+00     0.0000e+00  0.0000e+00     0.0000e+00  0.0000e+00 
2.1170e+03     0.0000e+00  0.0000e+00     0.0000e+00  0.0000e+00     0.0000e+00  0.0000e+00     0.0000e+00  0.0000e+00 
2.3753e+03     0.0000e+00  0.0000e+00     0.0000e+00  0.0000e+00     0.0000e+00  0.0000e+00     0.0000e+00  0.0000e+00 
2.6651e+03     0.0000e+00  0.0000e+00     0.0000e+00  0.0000e+00     0.0000e+00  0.0000e+00     0.0000e+00  0.0000e+00 
2.9903e+03     0.0000e+00  0.0000e+00     0.0000e+00  0.0000e+00     0.0000e+00  0.0000e+00     0.0000e+00  0.0000e+00 
3.3552e+03     0.0000e+00  0.0000e+00     0.0000e+00  0.0000e+00     0.0000e+00  0.0000e+00     0.0000e+00  0.0000e+00 
3.7646e+03     0.0000e+00  0.0000e+00     0.0000e+00  0.0000e+00     0.0000e+00  0.0000e+00     0.0000e+00  0.0000e+00 
4.2240e+03     0.0000e+00  0.0000e+00     0.0000e+00  0.0000e+00     0.0000e+00  0.0000e+00     0.0000e+00  0.0000e+00 
4.7394e+03     0.0000e+00  0.0000e+00     0.0000e+00  0.0000e+00     0.0000e+00  0.0000e+00     0.0000e+00  0.0000e+00 
5.3176e+03     0.0000e+00  0.0000e+00     0.0000e+00  0.0000e+00     0.0000e+00  0.0000e+00     0.0000e+00  0.0000e+00 
5.9665e+03     0.0000e+00  0.0000e+00     0.0000e+00  0.0000e+00     0.0000e+00  0.0000e+00     0.0000e+00  0.0000e+00 
6.6945e+03     0.0000e+00  0.0000e+00     0.0000e+00  0.0000e+00     0.0000e+00  0.0000e+00     0.0000e+00  0.0000e+00 
7.5114e+03     0.0000e+00  0.0000e+00     0.0000e+00  0.0000e+00     0.0000e+00  0.0000e+00     0.0000e+00  0.0000e+00 
8.4279e+03     0.0000e+00  0.0000e+00     0.0000e+00  0.0000e+00     0.0000e+00  0.0000e+00     0.0000e+00  0.0000e+00 
9.4563e+03     0.0000e+00  0.0000e+00     0.0000e+00  0.0000e+00     0.0000e+00  0.0000e+00     0.0000e+00  0.0000e+00 
