yF = 4.1378e+00 (std: 0.0000e+00) keV/um
yD = 2.1647e+01 (std: 0.0000e+00) keV/um
y (keV/um)     f(y)(std)                  yf(y)(std)                 d(y)(std)                  yd(y)(std)  
1.0610e-01     2.6127e+01  0.0000e+00     2.7721e+00  0.0000e+00     6.6996e-01  0.0000e+00     7.1084e-02  0.0000e+00 
1.1905e-01     1.9897e+00  0.0000e+00     2.3687e-01  0.0000e+00     5.7246e-02  0.0000e+00     6.8150e-03  0.0000e+00 
1.3357e-01     6.0236e-01  0.0000e+00     8.0459e-02  0.0000e+00     1.9445e-02  0.0000e+00     2.5974e-03  0.0000e+00 
1.4987e-01     2.9083e+00  0.0000e+00     4.3588e-01  0.0000e+00     1.0534e-01  0.0000e+00     1.5788e-02  0.0000e+00 
1.6816e-01     8.9932e-01  0.0000e+00     1.5123e-01  0.0000e+00     3.6548e-02  0.0000e+00     6.1459e-03  0.0000e+00 
1.8868e-01     6.3548e-01  0.0000e+00     1.1990e-01  0.0000e+00     2.8977e-02  0.0000e+00     5.4673e-03  0.0000e+00 
2.1170e-01     6.1854e-01  0.0000e+00     1.3094e-01  0.0000e+00     3.1646e-02  0.0000e+00     6.6995e-03  0.0000e+00 
2.3753e-01     5.9587e-01  0.0000e+00     1.4154e-01  0.0000e+00     3.4206e-02  0.0000e+00     8.1250e-03  0.0000e+00 
2.6651e-01     2.7991e-01  0.0000e+00     7.4600e-02  0.0000e+00     1.8029e-02  0.0000e+00     4.8050e-03  0.0000e+00 
2.9903e-01     2.3967e-01  0.0000e+00     7.1670e-02  0.0000e+00     1.7321e-02  0.0000e+00     5.1795e-03  0.0000e+00 
3.3552e-01     1.4335e+00  0.0000e+00     4.8095e-01  0.0000e+00     1.1624e-01  0.0000e+00     3.8999e-02  0.0000e+00 
3.7646e-01     9.5129e-01  0.0000e+00     3.5812e-01  0.0000e+00     8.6550e-02  0.0000e+00     3.2583e-02  0.0000e+00 
4.2240e-01     4.1298e-01  0.0000e+00     1.7444e-01  0.0000e+00     4.2159e-02  0.0000e+00     1.7808e-02  0.0000e+00 
4.7394e-01     3.9185e-01  0.0000e+00     1.8571e-01  0.0000e+00     4.4882e-02  0.0000e+00     2.1271e-02  0.0000e+00 
5.3176e-01     2.6108e-01  0.0000e+00     1.3883e-01  0.0000e+00     3.3553e-02  0.0000e+00     1.7842e-02  0.0000e+00 
5.9665e-01     1.3145e-01  0.0000e+00     7.8431e-02  0.0000e+00     1.8955e-02  0.0000e+00     1.1309e-02  0.0000e+00 
6.6945e-01     2.1479e-01  0.0000e+00     1.4379e-01  0.0000e+00     3.4751e-02  0.0000e+00     2.3264e-02  0.0000e+00 
7.5114e-01     1.8063e-01  0.0000e+00     1.3568e-01  0.0000e+00     3.2790e-02  0.0000e+00     2.4630e-02  0.0000e+00 
8.4279e-01     8.4236e-02  0.0000e+00     7.0994e-02  0.0000e+00     1.7158e-02  0.0000e+00     1.4460e-02  0.0000e+00 
9.4563e-01     5.0051e-02  0.0000e+00     4.7329e-02  0.0000e+00     1.1438e-02  0.0000e+00     1.0816e-02  0.0000e+00 
1.0610e+00     4.0147e-02  0.0000e+00     4.2596e-02  0.0000e+00     1.0295e-02  0.0000e+00     1.0923e-02  0.0000e+00 
1.1905e+00     1.8553e-02  0.0000e+00     2.2087e-02  0.0000e+00     5.3379e-03  0.0000e+00     6.3546e-03  0.0000e+00 
1.3357e+00     1.1305e-02  0.0000e+00     1.5100e-02  0.0000e+00     3.6494e-03  0.0000e+00     4.8746e-03  0.0000e+00 
1.4987e+00     6.3160e-03  0.0000e+00     9.4658e-03  0.0000e+00     2.2877e-03  0.0000e+00     3.4286e-03  0.0000e+00 
1.6816e+00     1.7423e-03  0.0000e+00     2.9299e-03  0.0000e+00     7.0809e-04  0.0000e+00     1.1907e-03  0.0000e+00 
1.8868e+00     1.4334e-03  0.0000e+00     2.7045e-03  0.0000e+00     6.5362e-04  0.0000e+00     1.2332e-03  0.0000e+00 
2.1170e+00     6.3876e-04  0.0000e+00     1.3523e-03  0.0000e+00     3.2681e-04  0.0000e+00     6.9185e-04  0.0000e+00 
2.3753e+00     9.4883e-05  0.0000e+00     2.2538e-04  0.0000e+00     5.4468e-05  0.0000e+00     1.2938e-04  0.0000e+00 
2.6651e+00     0.0000e+00  0.0000e+00     0.0000e+00  0.0000e+00     0.0000e+00  0.0000e+00     0.0000e+00  0.0000e+00 
2.9903e+00     0.0000e+00  0.0000e+00     0.0000e+00  0.0000e+00     0.0000e+00  0.0000e+00     0.0000e+00  0.0000e+00 
3.3552e+00     0.0000e+00  0.0000e+00     0.0000e+00  0.0000e+00     0.0000e+00  0.0000e+00     0.0000e+00  0.0000e+00 
3.7646e+00     0.0000e+00  0.0000e+00     0.0000e+00  0.0000e+00     0.0000e+00  0.0000e+00     0.0000e+00  0.0000e+00 
4.2240e+00     0.0000e+00  0.0000e+00     0.0000e+00  0.0000e+00     0.0000e+00  0.0000e+00     0.0000e+00  0.0000e+00 
4.7394e+00     0.0000e+00  0.0000e+00     0.0000e+00  0.0000e+00     0.0000e+00  0.0000e+00     0.0000e+00  0.0000e+00 
5.3176e+00     0.0000e+00  0.0000e+00     0.0000e+00  0.0000e+00     0.0000e+00  0.0000e+00     0.0000e+00  0.0000e+00 
5.9665e+00     1.2186e-01  0.0000e+00     7.2707e-01  0.0000e+00     1.7572e-01  0.0000e+00     1.0484e+00  0.0000e+00 
6.6945e+00     2.3970e-02  0.0000e+00     1.6047e-01  0.0000e+00     3.8782e-02  0.0000e+00     2.5962e-01  0.0000e+00 
7.5114e+00     6.3910e-03  0.0000e+00     4.8005e-02  0.0000e+00     1.1602e-02  0.0000e+00     8.7145e-02  0.0000e+00 
8.4279e+00     2.4897e-02  0.0000e+00     2.0983e-01  0.0000e+00     5.0710e-02  0.0000e+00     4.2738e-01  0.0000e+00 
9.4563e+00     1.6207e-02  0.0000e+00     1.5326e-01  0.0000e+00     3.7039e-02  0.0000e+00     3.5025e-01  0.0000e+00 
1.0610e+01     2.3536e-02  0.0000e+00     2.4972e-01  0.0000e+00     6.0351e-02  0.0000e+00     6.4033e-01  0.0000e+00 
1.1905e+01     1.6300e-02  0.0000e+00     1.9405e-01  0.0000e+00     4.6897e-02  0.0000e+00     5.5830e-01  0.0000e+00 
1.3357e+01     1.1727e-02  0.0000e+00     1.5664e-01  0.0000e+00     3.7856e-02  0.0000e+00     5.0565e-01  0.0000e+00 
1.4987e+01     6.9476e-03  0.0000e+00     1.0412e-01  0.0000e+00     2.5164e-02  0.0000e+00     3.7714e-01  0.0000e+00 
1.6816e+01     4.3424e-03  0.0000e+00     7.3022e-02  0.0000e+00     1.7648e-02  0.0000e+00     2.9676e-01  0.0000e+00 
1.8868e+01     3.7747e-03  0.0000e+00     7.1219e-02  0.0000e+00     1.7212e-02  0.0000e+00     3.2475e-01  0.0000e+00 
2.1170e+01     3.0661e-03  0.0000e+00     6.4908e-02  0.0000e+00     1.5687e-02  0.0000e+00     3.3209e-01  0.0000e+00 
2.3753e+01     3.1027e-03  0.0000e+00     7.3698e-02  0.0000e+00     1.7811e-02  0.0000e+00     4.2307e-01  0.0000e+00 
2.6651e+01     2.1226e-03  0.0000e+00     5.6570e-02  0.0000e+00     1.3672e-02  0.0000e+00     3.6437e-01  0.0000e+00 
2.9903e+01     1.5149e-03  0.0000e+00     4.5301e-02  0.0000e+00     1.0948e-02  0.0000e+00     3.2739e-01  0.0000e+00 
3.3552e+01     1.3837e-03  0.0000e+00     4.6428e-02  0.0000e+00     1.1220e-02  0.0000e+00     3.7647e-01  0.0000e+00 
3.7646e+01     1.0058e-03  0.0000e+00     3.7863e-02  0.0000e+00     9.1507e-03  0.0000e+00     3.4449e-01  0.0000e+00 
4.2240e+01     6.3495e-04  0.0000e+00     2.6820e-02  0.0000e+00     6.4817e-03  0.0000e+00     2.7379e-01  0.0000e+00 
4.7394e+01     4.4225e-04  0.0000e+00     2.0960e-02  0.0000e+00     5.0656e-03  0.0000e+00     2.4007e-01  0.0000e+00 
5.3176e+01     3.3059e-04  0.0000e+00     1.7579e-02  0.0000e+00     4.2485e-03  0.0000e+00     2.2592e-01  0.0000e+00 
5.9665e+01     2.0398e-04  0.0000e+00     1.2170e-02  0.0000e+00     2.9413e-03  0.0000e+00     1.7549e-01  0.0000e+00 
6.6945e+01     1.5486e-04  0.0000e+00     1.0367e-02  0.0000e+00     2.5055e-03  0.0000e+00     1.6773e-01  0.0000e+00 
7.5114e+01     3.9006e-05  0.0000e+00     2.9299e-03  0.0000e+00     7.0809e-04  0.0000e+00     5.3187e-02  0.0000e+00 
8.4279e+01     4.8135e-05  0.0000e+00     4.0568e-03  0.0000e+00     9.8043e-04  0.0000e+00     8.2630e-02  0.0000e+00 
9.4563e+01     1.9067e-05  0.0000e+00     1.8030e-03  0.0000e+00     4.3575e-04  0.0000e+00     4.1205e-02  0.0000e+00 
1.0610e+02     6.3725e-06  0.0000e+00     6.7613e-04  0.0000e+00     1.6341e-04  0.0000e+00     1.7337e-02  0.0000e+00 
1.1905e+02     0.0000e+00  0.0000e+00     0.0000e+00  0.0000e+00     0.0000e+00  0.0000e+00     0.0000e+00  0.0000e+00 
1.3357e+02     0.0000e+00  0.0000e+00     0.0000e+00  0.0000e+00     0.0000e+00  0.0000e+00     0.0000e+00  0.0000e+00 
1.4987e+02     0.0000e+00  0.0000e+00     0.0000e+00  0.0000e+00     0.0000e+00  0.0000e+00     0.0000e+00  0.0000e+00 
1.6816e+02     0.0000e+00  0.0000e+00     0.0000e+00  0.0000e+00     0.0000e+00  0.0000e+00     0.0000e+00  0.0000e+00 
1.8868e+02     0.0000e+00  0.0000e+00     0.0000e+00  0.0000e+00     0.0000e+00  0.0000e+00     0.0000e+00  0.0000e+00 
2.1170e+02     0.0000e+00  0.0000e+00     0.0000e+00  0.0000e+00     0.0000e+00  0.0000e+00     0.0000e+00  0.0000e+00 
2.3753e+02     0.0000e+00  0.0000e+00     0.0000e+00  0.0000e+00     0.0000e+00  0.0000e+00     0.0000e+00  0.0000e+00 
2.6651e+02     0.0000e+00  0.0000e+00     0.0000e+00  0.0000e+00     0.0000e+00  0.0000e+00     0.0000e+00  0.0000e+00 
2.9903e+02     0.0000e+00  0.0000e+00     0.0000e+00  0.0000e+00     0.0000e+00  0.0000e+00     0.0000e+00  0.0000e+00 
3.3552e+02     0.0000e+00  0.0000e+00     0.0000e+00  0.0000e+00     0.0000e+00  0.0000e+00     0.0000e+00  0.0000e+00 
3.7646e+02     0.0000e+00  0.0000e+00     0.0000e+00  0.0000e+00     0.0000e+00  0.0000e+00     0.0000e+00  0.0000e+00 
4.2240e+02     0.0000e+00  0.0000e+00     0.0000e+00  0.0000e+00     0.0000e+00  0.0000e+00     0.0000e+00  0.0000e+00 
4.7394e+02     0.0000e+00  0.0000e+00     0.0000e+00  0.0000e+00     0.0000e+00  0.0000e+00     0.0000e+00  0.0000e+00 
5.3176e+02     0.0000e+00  0.0000e+00     0.0000e+00  0.0000e+00     0.0000e+00  0.0000e+00     0.0000e+00  0.0000e+00 
5.9665e+02     0.0000e+00  0.0000e+00     0.0000e+00  0.0000e+00     0.0000e+00  0.0000e+00     0.0000e+00  0.0000e+00 
6.6945e+02     0.0000e+00  0.0000e+00     0.0000e+00  0.0000e+00     0.0000e+00  0.0000e+00     0.0000e+00  0.0000e+00 
7.5114e+02     0.0000e+00  0.0000e+00     0.0000e+00  0.0000e+00     0.0000e+00  0.0000e+00     0.0000e+00  0.0000e+00 
8.4279e+02     0.0000e+00  0.0000e+00     0.0000e+00  0.0000e+00     0.0000e+00  0.0000e+00     0.0000e+00  0.0000e+00 
9.4563e+02     0.0000e+00  0.0000e+00     0.0000e+00  0.0000e+00     0.0000e+00  0.0000e+00     0.0000e+00  0.0000e+00 
1.0610e+03     0.0000e+00  0.0000e+00     0.0000e+00  0.0000e+00     0.0000e+00  0.0000e+00     0.0000e+00  0.0000e+00 
1.1905e+03     0.0000e+00  0.0000e+00     0.0000e+00  0.0000e+00     0.0000e+00  0.0000e+00     0.0000e+00  0.0000e+00 
1.3357e+03     0.0000e+00  0.0000e+00     0.0000e+00  0.0000e+00     0.0000e+00  0.0000e+00     0.0000e+00  0.0000e+00 
1.4987e+03     0.0000e+00  0.0000e+00     0.0000e+00  0.0000e+00     0.0000e+00  0.0000e+00     0.0000e+00  0.0000e+00 
1.6816e+03     0.0000e+00  0.0000e+00     0.0000e+00  0.0000e+00     0.0000e+00  0.0000e+00     0.0000e+00  0.0000e+00 
1.8868e+03     0.0000e+00  0.0000e+00     0.0000e+00  0.0000e+00     0.0000e+00  0.0000e+00     0.0000e+00  0.0000e+00 
2.1170e+03     0.0000e+00  0.0000e+00     0.0000e+00  0.0000e+00     0.0000e+00  0.0000e+00     0.0000e+00  0.0000e+00 
2.3753e+03     0.0000e+00  0.0000e+00     0.0000e+00  0.0000e+00     0.0000e+00  0.0000e+00     0.0000e+00  0.0000e+00 
2.6651e+03     0.0000e+00  0.0000e+00     0.0000e+00  0.0000e+00     0.0000e+00  0.0000e+00     0.0000e+00  0.0000e+00 
2.9903e+03     0.0000e+00  0.0000e+00     0.0000e+00  0.0000e+00     0.0000e+00  0.0000e+00     0.0000e+00  0.0000e+00 
3.3552e+03     0.0000e+00  0.0000e+00     0.0000e+00  0.0000e+00     0.0000e+00  0.0000e+00     0.0000e+00  0.0000e+00 
3.7646e+03     0.0000e+00  0.0000e+00     0.0000e+00  0.0000e+00     0.0000e+00  0.0000e+00     0.0000e+00  0.0000e+00 
4.2240e+03     0.0000e+00  0.0000e+00     0.0000e+00  0.0000e+00     0.0000e+00  0.0000e+00     0.0000e+00  0.0000e+00 
4.7394e+03     0.0000e+00  0.0000e+00     0.0000e+00  0.0000e+00     0.0000e+00  0.0000e+00     0.0000e+00  0.0000e+00 
5.3176e+03     0.0000e+00  0.0000e+00     0.0000e+00  0.0000e+00     0.0000e+00  0.0000e+00     0.0000e+00  0.0000e+00 
5.9665e+03     0.0000e+00  0.0000e+00     0.0000e+00  0.0000e+00     0.0000e+00  0.0000e+00     0.0000e+00  0.0000e+00 
6.6945e+03     0.0000e+00  0.0000e+00     0.0000e+00  0.0000e+00     0.0000e+00  0.0000e+00     0.0000e+00  0.0000e+00 
7.5114e+03     0.0000e+00  0.0000e+00     0.0000e+00  0.0000e+00     0.0000e+00  0.0000e+00     0.0000e+00  0.0000e+00 
8.4279e+03     0.0000e+00  0.0000e+00     0.0000e+00  0.0000e+00     0.0000e+00  0.0000e+00     0.0000e+00  0.0000e+00 
9.4563e+03     0.0000e+00  0.0000e+00     0.0000e+00  0.0000e+00     0.0000e+00  0.0000e+00     0.0000e+00  0.0000e+00 
