yF = 1.0550e+01 (std: 0.0000e+00) keV/um
yD = 2.0096e+01 (std: 0.0000e+00) keV/um
y (keV/um)     f(y)(std)                  yf(y)(std)                 d(y)(std)                  yd(y)(std)  
1.0610e-01     1.5634e+01  0.0000e+00     1.6588e+00  0.0000e+00     1.5723e-01  0.0000e+00     1.6682e-02  0.0000e+00 
1.1905e-01     9.4483e-01  0.0000e+00     1.1248e-01  0.0000e+00     1.0661e-02  0.0000e+00     1.2692e-03  0.0000e+00 
1.3357e-01     2.4697e-01  0.0000e+00     3.2989e-02  0.0000e+00     3.1268e-03  0.0000e+00     4.1766e-04  0.0000e+00 
1.4987e-01     1.2694e+00  0.0000e+00     1.9025e-01  0.0000e+00     1.8033e-02  0.0000e+00     2.7026e-03  0.0000e+00 
1.6816e-01     3.4969e-01  0.0000e+00     5.8803e-02  0.0000e+00     5.5735e-03  0.0000e+00     9.3723e-04  0.0000e+00 
1.8868e-01     1.9785e-01  0.0000e+00     3.7329e-02  0.0000e+00     3.5382e-03  0.0000e+00     6.6757e-04  0.0000e+00 
2.1170e-01     2.1815e-01  0.0000e+00     4.6182e-02  0.0000e+00     4.3773e-03  0.0000e+00     9.2667e-04  0.0000e+00 
2.3753e-01     2.0642e-01  0.0000e+00     4.9031e-02  0.0000e+00     4.6473e-03  0.0000e+00     1.1039e-03  0.0000e+00 
2.6651e-01     7.8924e-02  0.0000e+00     2.1034e-02  0.0000e+00     1.9937e-03  0.0000e+00     5.3134e-04  0.0000e+00 
2.9903e-01     6.1971e-02  0.0000e+00     1.8531e-02  0.0000e+00     1.7565e-03  0.0000e+00     5.2524e-04  0.0000e+00 
3.3552e-01     3.8333e-01  0.0000e+00     1.2861e-01  0.0000e+00     1.2191e-02  0.0000e+00     4.0902e-03  0.0000e+00 
3.7646e-01     1.9510e-01  0.0000e+00     7.3447e-02  0.0000e+00     6.9615e-03  0.0000e+00     2.6207e-03  0.0000e+00 
4.2240e-01     8.1819e-02  0.0000e+00     3.4560e-02  0.0000e+00     3.2757e-03  0.0000e+00     1.3836e-03  0.0000e+00 
4.7394e-01     7.5112e-02  0.0000e+00     3.5598e-02  0.0000e+00     3.3741e-03  0.0000e+00     1.5991e-03  0.0000e+00 
5.3176e-01     4.1033e-02  0.0000e+00     2.1820e-02  0.0000e+00     2.0681e-03  0.0000e+00     1.0998e-03  0.0000e+00 
5.9665e-01     2.0885e-02  0.0000e+00     1.2461e-02  0.0000e+00     1.1811e-03  0.0000e+00     7.0468e-04  0.0000e+00 
6.6945e-01     3.0645e-02  0.0000e+00     2.0515e-02  0.0000e+00     1.9445e-03  0.0000e+00     1.3017e-03  0.0000e+00 
7.5114e-01     2.2651e-02  0.0000e+00     1.7014e-02  0.0000e+00     1.6126e-03  0.0000e+00     1.2113e-03  0.0000e+00 
8.4279e-01     1.1547e-02  0.0000e+00     9.7317e-03  0.0000e+00     9.2240e-04  0.0000e+00     7.7739e-04  0.0000e+00 
9.4563e-01     6.1663e-03  0.0000e+00     5.8310e-03  0.0000e+00     5.5268e-04  0.0000e+00     5.2263e-04  0.0000e+00 
1.0610e+00     4.6049e-03  0.0000e+00     4.8858e-03  0.0000e+00     4.6309e-04  0.0000e+00     4.9134e-04  0.0000e+00 
1.1905e+00     2.7286e-03  0.0000e+00     3.2483e-03  0.0000e+00     3.0789e-04  0.0000e+00     3.6653e-04  0.0000e+00 
1.3357e+00     1.5349e-03  0.0000e+00     2.0502e-03  0.0000e+00     1.9432e-04  0.0000e+00     2.5956e-04  0.0000e+00 
1.4987e+00     7.2839e-04  0.0000e+00     1.0916e-03  0.0000e+00     1.0347e-04  0.0000e+00     1.5507e-04  0.0000e+00 
1.6816e+00     2.9292e-04  0.0000e+00     4.9257e-04  0.0000e+00     4.6688e-05  0.0000e+00     7.8509e-05  0.0000e+00 
1.8868e+00     1.8345e-04  0.0000e+00     3.4613e-04  0.0000e+00     3.2808e-05  0.0000e+00     6.1900e-05  0.0000e+00 
2.1170e+00     5.6597e-05  0.0000e+00     1.1982e-04  0.0000e+00     1.1356e-05  0.0000e+00     2.4042e-05  0.0000e+00 
2.3753e+00     5.6047e-06  0.0000e+00     1.3313e-05  0.0000e+00     1.2618e-06  0.0000e+00     2.9972e-06  0.0000e+00 
2.6651e+00     0.0000e+00  0.0000e+00     0.0000e+00  0.0000e+00     0.0000e+00  0.0000e+00     0.0000e+00  0.0000e+00 
2.9903e+00     0.0000e+00  0.0000e+00     0.0000e+00  0.0000e+00     0.0000e+00  0.0000e+00     0.0000e+00  0.0000e+00 
3.3552e+00     0.0000e+00  0.0000e+00     0.0000e+00  0.0000e+00     0.0000e+00  0.0000e+00     0.0000e+00  0.0000e+00 
3.7646e+00     0.0000e+00  0.0000e+00     0.0000e+00  0.0000e+00     0.0000e+00  0.0000e+00     0.0000e+00  0.0000e+00 
4.2240e+00     0.0000e+00  0.0000e+00     0.0000e+00  0.0000e+00     0.0000e+00  0.0000e+00     0.0000e+00  0.0000e+00 
4.7394e+00     2.8090e-06  0.0000e+00     1.3313e-05  0.0000e+00     1.2618e-06  0.0000e+00     5.9802e-06  0.0000e+00 
5.3176e+00     0.0000e+00  0.0000e+00     0.0000e+00  0.0000e+00     0.0000e+00  0.0000e+00     0.0000e+00  0.0000e+00 
5.9665e+00     1.0650e-02  0.0000e+00     6.3542e-02  0.0000e+00     6.0227e-03  0.0000e+00     3.5934e-02  0.0000e+00 
6.6945e+00     1.4962e-02  0.0000e+00     1.0017e-01  0.0000e+00     9.4940e-03  0.0000e+00     6.3558e-02  0.0000e+00 
7.5114e+00     1.3745e-02  0.0000e+00     1.0324e-01  0.0000e+00     9.7855e-03  0.0000e+00     7.3502e-02  0.0000e+00 
8.4279e+00     5.8844e-02  0.0000e+00     4.9593e-01  0.0000e+00     4.7006e-02  0.0000e+00     3.9616e-01  0.0000e+00 
9.4563e+00     6.2751e-02  0.0000e+00     5.9339e-01  0.0000e+00     5.6243e-02  0.0000e+00     5.3185e-01  0.0000e+00 
1.0610e+01     1.3231e-01  0.0000e+00     1.4038e+00  0.0000e+00     1.3306e-01  0.0000e+00     1.4118e+00  0.0000e+00 
1.1905e+01     6.5238e-02  0.0000e+00     7.7664e-01  0.0000e+00     7.3612e-02  0.0000e+00     8.7634e-01  0.0000e+00 
1.3357e+01     1.9043e-02  0.0000e+00     2.5437e-01  0.0000e+00     2.4110e-02  0.0000e+00     3.2204e-01  0.0000e+00 
1.4987e+01     3.7725e-03  0.0000e+00     5.6539e-02  0.0000e+00     5.3590e-03  0.0000e+00     8.0316e-02  0.0000e+00 
1.6816e+01     6.4264e-02  0.0000e+00     1.0807e+00  0.0000e+00     1.0243e-01  0.0000e+00     1.7224e+00  0.0000e+00 
1.8868e+01     1.7293e-02  0.0000e+00     3.2627e-01  0.0000e+00     3.0925e-02  0.0000e+00     5.8348e-01  0.0000e+00 
2.1170e+01     9.1794e-03  0.0000e+00     1.9433e-01  0.0000e+00     1.8419e-02  0.0000e+00     3.8993e-01  0.0000e+00 
2.3753e+01     5.8193e-03  0.0000e+00     1.3823e-01  0.0000e+00     1.3102e-02  0.0000e+00     3.1120e-01  0.0000e+00 
2.6651e+01     2.9766e-03  0.0000e+00     7.9331e-02  0.0000e+00     7.5192e-03  0.0000e+00     2.0040e-01  0.0000e+00 
2.9903e+01     4.4978e-03  0.0000e+00     1.3450e-01  0.0000e+00     1.2748e-02  0.0000e+00     3.8121e-01  0.0000e+00 
3.3552e+01     2.1081e-03  0.0000e+00     7.0731e-02  0.0000e+00     6.7041e-03  0.0000e+00     2.2494e-01  0.0000e+00 
3.7646e+01     1.6069e-03  0.0000e+00     6.0493e-02  0.0000e+00     5.7337e-03  0.0000e+00     2.1585e-01  0.0000e+00 
4.2240e+01     1.0943e-03  0.0000e+00     4.6222e-02  0.0000e+00     4.3811e-03  0.0000e+00     1.8505e-01  0.0000e+00 
4.7394e+01     8.8596e-04  0.0000e+00     4.1989e-02  0.0000e+00     3.9798e-03  0.0000e+00     1.8862e-01  0.0000e+00 
5.3176e+01     5.6054e-04  0.0000e+00     2.9807e-02  0.0000e+00     2.8252e-03  0.0000e+00     1.5024e-01  0.0000e+00 
5.9665e+01     3.7195e-04  0.0000e+00     2.2192e-02  0.0000e+00     2.1035e-03  0.0000e+00     1.2550e-01  0.0000e+00 
6.6945e+01     2.0284e-04  0.0000e+00     1.3579e-02  0.0000e+00     1.2871e-03  0.0000e+00     8.6163e-02  0.0000e+00 
7.5114e+01     8.9327e-05  0.0000e+00     6.7097e-03  0.0000e+00     6.3596e-04  0.0000e+00     4.7769e-02  0.0000e+00 
8.4279e+01     3.5067e-05  0.0000e+00     2.9554e-03  0.0000e+00     2.8013e-04  0.0000e+00     2.3609e-02  0.0000e+00 
9.4563e+01     1.6049e-05  0.0000e+00     1.5177e-03  0.0000e+00     1.4385e-04  0.0000e+00     1.3603e-02  0.0000e+00 
1.0610e+02     6.6501e-06  0.0000e+00     7.0558e-04  0.0000e+00     6.6877e-05  0.0000e+00     7.0957e-03  0.0000e+00 
1.1905e+02     1.2301e-06  0.0000e+00     1.4644e-04  0.0000e+00     1.3880e-05  0.0000e+00     1.6524e-03  0.0000e+00 
1.3357e+02     4.9833e-07  0.0000e+00     6.6564e-05  0.0000e+00     6.3091e-06  0.0000e+00     8.4273e-04  0.0000e+00 
1.4987e+02     7.1062e-07  0.0000e+00     1.0650e-04  0.0000e+00     1.0095e-05  0.0000e+00     1.5129e-03  0.0000e+00 
1.6816e+02     1.5834e-07  0.0000e+00     2.6626e-05  0.0000e+00     2.5237e-06  0.0000e+00     4.2437e-04  0.0000e+00 
1.8868e+02     0.0000e+00  0.0000e+00     0.0000e+00  0.0000e+00     0.0000e+00  0.0000e+00     0.0000e+00  0.0000e+00 
2.1170e+02     0.0000e+00  0.0000e+00     0.0000e+00  0.0000e+00     0.0000e+00  0.0000e+00     0.0000e+00  0.0000e+00 
2.3753e+02     0.0000e+00  0.0000e+00     0.0000e+00  0.0000e+00     0.0000e+00  0.0000e+00     0.0000e+00  0.0000e+00 
2.6651e+02     0.0000e+00  0.0000e+00     0.0000e+00  0.0000e+00     0.0000e+00  0.0000e+00     0.0000e+00  0.0000e+00 
2.9903e+02     0.0000e+00  0.0000e+00     0.0000e+00  0.0000e+00     0.0000e+00  0.0000e+00     0.0000e+00  0.0000e+00 
3.3552e+02     0.0000e+00  0.0000e+00     0.0000e+00  0.0000e+00     0.0000e+00  0.0000e+00     0.0000e+00  0.0000e+00 
3.7646e+02     0.0000e+00  0.0000e+00     0.0000e+00  0.0000e+00     0.0000e+00  0.0000e+00     0.0000e+00  0.0000e+00 
4.2240e+02     0.0000e+00  0.0000e+00     0.0000e+00  0.0000e+00     0.0000e+00  0.0000e+00     0.0000e+00  0.0000e+00 
4.7394e+02     0.0000e+00  0.0000e+00     0.0000e+00  0.0000e+00     0.0000e+00  0.0000e+00     0.0000e+00  0.0000e+00 
5.3176e+02     0.0000e+00  0.0000e+00     0.0000e+00  0.0000e+00     0.0000e+00  0.0000e+00     0.0000e+00  0.0000e+00 
5.9665e+02     0.0000e+00  0.0000e+00     0.0000e+00  0.0000e+00     0.0000e+00  0.0000e+00     0.0000e+00  0.0000e+00 
6.6945e+02     0.0000e+00  0.0000e+00     0.0000e+00  0.0000e+00     0.0000e+00  0.0000e+00     0.0000e+00  0.0000e+00 
7.5114e+02     0.0000e+00  0.0000e+00     0.0000e+00  0.0000e+00     0.0000e+00  0.0000e+00     0.0000e+00  0.0000e+00 
8.4279e+02     0.0000e+00  0.0000e+00     0.0000e+00  0.0000e+00     0.0000e+00  0.0000e+00     0.0000e+00  0.0000e+00 
9.4563e+02     0.0000e+00  0.0000e+00     0.0000e+00  0.0000e+00     0.0000e+00  0.0000e+00     0.0000e+00  0.0000e+00 
1.0610e+03     0.0000e+00  0.0000e+00     0.0000e+00  0.0000e+00     0.0000e+00  0.0000e+00     0.0000e+00  0.0000e+00 
1.1905e+03     0.0000e+00  0.0000e+00     0.0000e+00  0.0000e+00     0.0000e+00  0.0000e+00     0.0000e+00  0.0000e+00 
1.3357e+03     0.0000e+00  0.0000e+00     0.0000e+00  0.0000e+00     0.0000e+00  0.0000e+00     0.0000e+00  0.0000e+00 
1.4987e+03     0.0000e+00  0.0000e+00     0.0000e+00  0.0000e+00     0.0000e+00  0.0000e+00     0.0000e+00  0.0000e+00 
1.6816e+03     0.0000e+00  0.0000e+00     0.0000e+00  0.0000e+00     0.0000e+00  0.0000e+00     0.0000e+00  0.0000e+00 
1.8868e+03     0.0000e+00  0.0000e+00     0.0000e+00  0.0000e+00     0.0000e+00  0.0000e+00     0.0000e+00  0.0000e+00 
2.1170e+03     0.0000e+00  0.0000e+00     0.0000e+00  0.0000e+00     0.0000e+00  0.0000e+00     0.0000e+00  0.0000e+00 
2.3753e+03     0.0000e+00  0.0000e+00     0.0000e+00  0.0000e+00     0.0000e+00  0.0000e+00     0.0000e+00  0.0000e+00 
2.6651e+03     0.0000e+00  0.0000e+00     0.0000e+00  0.0000e+00     0.0000e+00  0.0000e+00     0.0000e+00  0.0000e+00 
2.9903e+03     0.0000e+00  0.0000e+00     0.0000e+00  0.0000e+00     0.0000e+00  0.0000e+00     0.0000e+00  0.0000e+00 
3.3552e+03     0.0000e+00  0.0000e+00     0.0000e+00  0.0000e+00     0.0000e+00  0.0000e+00     0.0000e+00  0.0000e+00 
3.7646e+03     0.0000e+00  0.0000e+00     0.0000e+00  0.0000e+00     0.0000e+00  0.0000e+00     0.0000e+00  0.0000e+00 
4.2240e+03     0.0000e+00  0.0000e+00     0.0000e+00  0.0000e+00     0.0000e+00  0.0000e+00     0.0000e+00  0.0000e+00 
4.7394e+03     0.0000e+00  0.0000e+00     0.0000e+00  0.0000e+00     0.0000e+00  0.0000e+00     0.0000e+00  0.0000e+00 
5.3176e+03     0.0000e+00  0.0000e+00     0.0000e+00  0.0000e+00     0.0000e+00  0.0000e+00     0.0000e+00  0.0000e+00 
5.9665e+03     0.0000e+00  0.0000e+00     0.0000e+00  0.0000e+00     0.0000e+00  0.0000e+00     0.0000e+00  0.0000e+00 
6.6945e+03     0.0000e+00  0.0000e+00     0.0000e+00  0.0000e+00     0.0000e+00  0.0000e+00     0.0000e+00  0.0000e+00 
7.5114e+03     0.0000e+00  0.0000e+00     0.0000e+00  0.0000e+00     0.0000e+00  0.0000e+00     0.0000e+00  0.0000e+00 
8.4279e+03     0.0000e+00  0.0000e+00     0.0000e+00  0.0000e+00     0.0000e+00  0.0000e+00     0.0000e+00  0.0000e+00 
9.4563e+03     0.0000e+00  0.0000e+00     0.0000e+00  0.0000e+00     0.0000e+00  0.0000e+00     0.0000e+00  0.0000e+00 
