yF = 3.2041e+01 (std: 0.0000e+00) keV/um
yD = 5.8117e+01 (std: 0.0000e+00) keV/um
y (keV/um)     f(y)(std)                  yf(y)(std)                 d(y)(std)                  yd(y)(std)  
1.0610e-01     2.4769e+00  0.0000e+00     2.6280e-01  0.0000e+00     8.2021e-03  0.0000e+00     8.7025e-04  0.0000e+00 
1.1905e-01     2.8966e-01  0.0000e+00     3.4484e-02  0.0000e+00     1.0762e-03  0.0000e+00     1.2812e-04  0.0000e+00 
1.3357e-01     1.4569e-01  0.0000e+00     1.9460e-02  0.0000e+00     6.0736e-04  0.0000e+00     8.1127e-05  0.0000e+00 
1.4987e-01     3.5963e-01  0.0000e+00     5.3899e-02  0.0000e+00     1.6822e-03  0.0000e+00     2.5211e-04  0.0000e+00 
1.6816e-01     1.9424e-01  0.0000e+00     3.2663e-02  0.0000e+00     1.0194e-03  0.0000e+00     1.7143e-04  0.0000e+00 
1.8868e-01     1.6491e-01  0.0000e+00     3.1115e-02  0.0000e+00     9.7110e-04  0.0000e+00     1.8322e-04  0.0000e+00 
2.1170e-01     1.6503e-01  0.0000e+00     3.4936e-02  0.0000e+00     1.0904e-03  0.0000e+00     2.3083e-04  0.0000e+00 
2.3753e-01     1.6622e-01  0.0000e+00     3.9482e-02  0.0000e+00     1.2322e-03  0.0000e+00     2.9270e-04  0.0000e+00 
2.6651e-01     1.1634e-01  0.0000e+00     3.1006e-02  0.0000e+00     9.6771e-04  0.0000e+00     2.5791e-04  0.0000e+00 
2.9903e-01     9.8510e-02  0.0000e+00     2.9458e-02  0.0000e+00     9.1938e-04  0.0000e+00     2.7493e-04  0.0000e+00 
3.3552e-01     1.8893e-01  0.0000e+00     6.3389e-02  0.0000e+00     1.9784e-03  0.0000e+00     6.6379e-04  0.0000e+00 
3.7646e-01     1.6867e-01  0.0000e+00     6.3498e-02  0.0000e+00     1.9818e-03  0.0000e+00     7.4606e-04  0.0000e+00 
4.2240e-01     1.2344e-01  0.0000e+00     5.2142e-02  0.0000e+00     1.6274e-03  0.0000e+00     6.8739e-04  0.0000e+00 
4.7394e-01     1.2681e-01  0.0000e+00     6.0102e-02  0.0000e+00     1.8758e-03  0.0000e+00     8.8900e-04  0.0000e+00 
5.3176e-01     1.1835e-01  0.0000e+00     6.2936e-02  0.0000e+00     1.9642e-03  0.0000e+00     1.0445e-03  0.0000e+00 
5.9665e-01     8.9395e-02  0.0000e+00     5.3337e-02  0.0000e+00     1.6647e-03  0.0000e+00     9.9322e-04  0.0000e+00 
6.6945e-01     8.2027e-02  0.0000e+00     5.4913e-02  0.0000e+00     1.7138e-03  0.0000e+00     1.1473e-03  0.0000e+00 
7.5114e-01     8.1039e-02  0.0000e+00     6.0872e-02  0.0000e+00     1.8998e-03  0.0000e+00     1.4270e-03  0.0000e+00 
8.4279e-01     6.4909e-02  0.0000e+00     5.4705e-02  0.0000e+00     1.7073e-03  0.0000e+00     1.4389e-03  0.0000e+00 
9.4563e-01     5.3321e-02  0.0000e+00     5.0421e-02  0.0000e+00     1.5737e-03  0.0000e+00     1.4881e-03  0.0000e+00 
1.0610e+00     4.3110e-02  0.0000e+00     4.5740e-02  0.0000e+00     1.4275e-03  0.0000e+00     1.5146e-03  0.0000e+00 
1.1905e+00     3.2975e-02  0.0000e+00     3.9256e-02  0.0000e+00     1.2252e-03  0.0000e+00     1.4585e-03  0.0000e+00 
1.3357e+00     2.5694e-02  0.0000e+00     3.4321e-02  0.0000e+00     1.0711e-03  0.0000e+00     1.4308e-03  0.0000e+00 
1.4987e+00     1.8018e-02  0.0000e+00     2.7004e-02  0.0000e+00     8.4279e-04  0.0000e+00     1.2631e-03  0.0000e+00 
1.6816e+00     1.1907e-02  0.0000e+00     2.0022e-02  0.0000e+00     6.2488e-04  0.0000e+00     1.0508e-03  0.0000e+00 
1.8868e+00     7.4200e-03  0.0000e+00     1.4000e-02  0.0000e+00     4.3694e-04  0.0000e+00     8.2440e-04  0.0000e+00 
2.1170e+00     4.5257e-03  0.0000e+00     9.5808e-03  0.0000e+00     2.9902e-04  0.0000e+00     6.3302e-04  0.0000e+00 
2.3753e+00     2.4895e-03  0.0000e+00     5.9133e-03  0.0000e+00     1.8455e-04  0.0000e+00     4.3837e-04  0.0000e+00 
2.6651e+00     1.1383e-03  0.0000e+00     3.0336e-03  0.0000e+00     9.4679e-05  0.0000e+00     2.5233e-04  0.0000e+00 
2.9903e+00     6.1777e-04  0.0000e+00     1.8473e-03  0.0000e+00     5.7656e-05  0.0000e+00     1.7241e-04  0.0000e+00 
3.3552e+00     2.2671e-04  0.0000e+00     7.6067e-04  0.0000e+00     2.3741e-05  0.0000e+00     7.9654e-05  0.0000e+00 
3.7646e+00     8.1785e-05  0.0000e+00     3.0789e-04  0.0000e+00     9.6093e-06  0.0000e+00     3.6175e-05  0.0000e+00 
4.2240e+00     1.9295e-05  0.0000e+00     8.1500e-05  0.0000e+00     2.5436e-06  0.0000e+00     1.0744e-05  0.0000e+00 
4.7394e+00     1.1464e-05  0.0000e+00     5.4333e-05  0.0000e+00     1.6958e-06  0.0000e+00     8.0368e-06  0.0000e+00 
5.3176e+00     1.7029e-06  0.0000e+00     9.0556e-06  0.0000e+00     2.8263e-07  0.0000e+00     1.5029e-06  0.0000e+00 
5.9665e+00     2.2608e-02  0.0000e+00     1.3489e-01  0.0000e+00     4.2100e-03  0.0000e+00     2.5119e-02  0.0000e+00 
6.6945e+00     2.2074e-02  0.0000e+00     1.4778e-01  0.0000e+00     4.6122e-03  0.0000e+00     3.0876e-02  0.0000e+00 
7.5114e+00     8.9068e-03  0.0000e+00     6.6903e-02  0.0000e+00     2.0880e-03  0.0000e+00     1.5684e-02  0.0000e+00 
8.4279e+00     1.8363e-02  0.0000e+00     1.5476e-01  0.0000e+00     4.8301e-03  0.0000e+00     4.0707e-02  0.0000e+00 
9.4563e+00     2.1014e-02  0.0000e+00     1.9872e-01  0.0000e+00     6.2019e-03  0.0000e+00     5.8647e-02  0.0000e+00 
1.0610e+01     2.4638e-02  0.0000e+00     2.6141e-01  0.0000e+00     8.1585e-03  0.0000e+00     8.6563e-02  0.0000e+00 
1.1905e+01     2.2200e-02  0.0000e+00     2.6429e-01  0.0000e+00     8.2484e-03  0.0000e+00     9.8195e-02  0.0000e+00 
1.3357e+01     1.9606e-02  0.0000e+00     2.6188e-01  0.0000e+00     8.1732e-03  0.0000e+00     1.0917e-01  0.0000e+00 
1.4987e+01     1.6456e-02  0.0000e+00     2.4663e-01  0.0000e+00     7.6973e-03  0.0000e+00     1.1536e-01  0.0000e+00 
1.6816e+01     1.5683e-02  0.0000e+00     2.6372e-01  0.0000e+00     8.2306e-03  0.0000e+00     1.3840e-01  0.0000e+00 
1.8868e+01     1.5430e-02  0.0000e+00     2.9113e-01  0.0000e+00     9.0861e-03  0.0000e+00     1.7143e-01  0.0000e+00 
2.1170e+01     1.6280e-02  0.0000e+00     3.4465e-01  0.0000e+00     1.0757e-02  0.0000e+00     2.2772e-01  0.0000e+00 
2.3753e+01     1.5958e-02  0.0000e+00     3.7906e-01  0.0000e+00     1.1830e-02  0.0000e+00     2.8101e-01  0.0000e+00 
2.6651e+01     1.4354e-02  0.0000e+00     3.8255e-01  0.0000e+00     1.1940e-02  0.0000e+00     3.1820e-01  0.0000e+00 
2.9903e+01     1.3170e-02  0.0000e+00     3.9384e-01  0.0000e+00     1.2292e-02  0.0000e+00     3.6756e-01  0.0000e+00 
3.3552e+01     1.2398e-02  0.0000e+00     4.1599e-01  0.0000e+00     1.2983e-02  0.0000e+00     4.3561e-01  0.0000e+00 
3.7646e+01     1.1090e-02  0.0000e+00     4.1750e-01  0.0000e+00     1.3030e-02  0.0000e+00     4.9053e-01  0.0000e+00 
4.2240e+01     9.7421e-03  0.0000e+00     4.1150e-01  0.0000e+00     1.2843e-02  0.0000e+00     5.4248e-01  0.0000e+00 
4.7394e+01     8.4566e-03  0.0000e+00     4.0079e-01  0.0000e+00     1.2509e-02  0.0000e+00     5.9283e-01  0.0000e+00 
5.3176e+01     7.1172e-03  0.0000e+00     3.7847e-01  0.0000e+00     1.1812e-02  0.0000e+00     6.2812e-01  0.0000e+00 
5.9665e+01     5.8069e-03  0.0000e+00     3.4647e-01  0.0000e+00     1.0813e-02  0.0000e+00     6.4517e-01  0.0000e+00 
6.6945e+01     4.5061e-03  0.0000e+00     3.0166e-01  0.0000e+00     9.4148e-03  0.0000e+00     6.3028e-01  0.0000e+00 
7.5114e+01     3.4112e-03  0.0000e+00     2.5623e-01  0.0000e+00     7.9969e-03  0.0000e+00     6.0068e-01  0.0000e+00 
8.4279e+01     2.4252e-03  0.0000e+00     2.0439e-01  0.0000e+00     6.3791e-03  0.0000e+00     5.3763e-01  0.0000e+00 
9.4563e+01     1.6531e-03  0.0000e+00     1.5632e-01  0.0000e+00     4.8787e-03  0.0000e+00     4.6134e-01  0.0000e+00 
1.0610e+02     1.0329e-03  0.0000e+00     1.0959e-01  0.0000e+00     3.4203e-03  0.0000e+00     3.6290e-01  0.0000e+00 
1.1905e+02     6.0108e-04  0.0000e+00     7.1557e-02  0.0000e+00     2.2333e-03  0.0000e+00     2.6587e-01  0.0000e+00 
1.3357e+02     3.2575e-04  0.0000e+00     4.3512e-02  0.0000e+00     1.3580e-03  0.0000e+00     1.8139e-01  0.0000e+00 
1.4987e+02     1.5305e-04  0.0000e+00     2.2938e-02  0.0000e+00     7.1589e-04  0.0000e+00     1.0729e-01  0.0000e+00 
1.6816e+02     6.8607e-05  0.0000e+00     1.1537e-02  0.0000e+00     3.6006e-04  0.0000e+00     6.0548e-02  0.0000e+00 
1.8868e+02     2.4861e-05  0.0000e+00     4.6908e-03  0.0000e+00     1.4640e-04  0.0000e+00     2.7622e-02  0.0000e+00 
2.1170e+02     8.2985e-06  0.0000e+00     1.7568e-03  0.0000e+00     5.4829e-05  0.0000e+00     1.1607e-02  0.0000e+00 
2.3753e+02     2.7830e-06  0.0000e+00     6.6106e-04  0.0000e+00     2.0632e-05  0.0000e+00     4.9006e-03  0.0000e+00 
2.6651e+02     4.7569e-07  0.0000e+00     1.2678e-04  0.0000e+00     3.9568e-06  0.0000e+00     1.0545e-03  0.0000e+00 
2.9903e+02     1.5141e-07  0.0000e+00     4.5278e-05  0.0000e+00     1.4131e-06  0.0000e+00     4.2257e-04  0.0000e+00 
3.3552e+02     2.6990e-08  0.0000e+00     9.0556e-06  0.0000e+00     2.8263e-07  0.0000e+00     9.4827e-05  0.0000e+00 
3.7646e+02     0.0000e+00  0.0000e+00     0.0000e+00  0.0000e+00     0.0000e+00  0.0000e+00     0.0000e+00  0.0000e+00 
4.2240e+02     0.0000e+00  0.0000e+00     0.0000e+00  0.0000e+00     0.0000e+00  0.0000e+00     0.0000e+00  0.0000e+00 
4.7394e+02     0.0000e+00  0.0000e+00     0.0000e+00  0.0000e+00     0.0000e+00  0.0000e+00     0.0000e+00  0.0000e+00 
5.3176e+02     0.0000e+00  0.0000e+00     0.0000e+00  0.0000e+00     0.0000e+00  0.0000e+00     0.0000e+00  0.0000e+00 
5.9665e+02     0.0000e+00  0.0000e+00     0.0000e+00  0.0000e+00     0.0000e+00  0.0000e+00     0.0000e+00  0.0000e+00 
6.6945e+02     0.0000e+00  0.0000e+00     0.0000e+00  0.0000e+00     0.0000e+00  0.0000e+00     0.0000e+00  0.0000e+00 
7.5114e+02     0.0000e+00  0.0000e+00     0.0000e+00  0.0000e+00     0.0000e+00  0.0000e+00     0.0000e+00  0.0000e+00 
8.4279e+02     0.0000e+00  0.0000e+00     0.0000e+00  0.0000e+00     0.0000e+00  0.0000e+00     0.0000e+00  0.0000e+00 
9.4563e+02     0.0000e+00  0.0000e+00     0.0000e+00  0.0000e+00     0.0000e+00  0.0000e+00     0.0000e+00  0.0000e+00 
1.0610e+03     0.0000e+00  0.0000e+00     0.0000e+00  0.0000e+00     0.0000e+00  0.0000e+00     0.0000e+00  0.0000e+00 
1.1905e+03     0.0000e+00  0.0000e+00     0.0000e+00  0.0000e+00     0.0000e+00  0.0000e+00     0.0000e+00  0.0000e+00 
1.3357e+03     0.0000e+00  0.0000e+00     0.0000e+00  0.0000e+00     0.0000e+00  0.0000e+00     0.0000e+00  0.0000e+00 
1.4987e+03     0.0000e+00  0.0000e+00     0.0000e+00  0.0000e+00     0.0000e+00  0.0000e+00     0.0000e+00  0.0000e+00 
1.6816e+03     0.0000e+00  0.0000e+00     0.0000e+00  0.0000e+00     0.0000e+00  0.0000e+00     0.0000e+00  0.0000e+00 
1.8868e+03     0.0000e+00  0.0000e+00     0.0000e+00  0.0000e+00     0.0000e+00  0.0000e+00     0.0000e+00  0.0000e+00 
2.1170e+03     0.0000e+00  0.0000e+00     0.0000e+00  0.0000e+00     0.0000e+00  0.0000e+00     0.0000e+00  0.0000e+00 
2.3753e+03     0.0000e+00  0.0000e+00     0.0000e+00  0.0000e+00     0.0000e+00  0.0000e+00     0.0000e+00  0.0000e+00 
2.6651e+03     0.0000e+00  0.0000e+00     0.0000e+00  0.0000e+00     0.0000e+00  0.0000e+00     0.0000e+00  0.0000e+00 
2.9903e+03     0.0000e+00  0.0000e+00     0.0000e+00  0.0000e+00     0.0000e+00  0.0000e+00     0.0000e+00  0.0000e+00 
3.3552e+03     0.0000e+00  0.0000e+00     0.0000e+00  0.0000e+00     0.0000e+00  0.0000e+00     0.0000e+00  0.0000e+00 
3.7646e+03     0.0000e+00  0.0000e+00     0.0000e+00  0.0000e+00     0.0000e+00  0.0000e+00     0.0000e+00  0.0000e+00 
4.2240e+03     0.0000e+00  0.0000e+00     0.0000e+00  0.0000e+00     0.0000e+00  0.0000e+00     0.0000e+00  0.0000e+00 
4.7394e+03     0.0000e+00  0.0000e+00     0.0000e+00  0.0000e+00     0.0000e+00  0.0000e+00     0.0000e+00  0.0000e+00 
5.3176e+03     0.0000e+00  0.0000e+00     0.0000e+00  0.0000e+00     0.0000e+00  0.0000e+00     0.0000e+00  0.0000e+00 
5.9665e+03     0.0000e+00  0.0000e+00     0.0000e+00  0.0000e+00     0.0000e+00  0.0000e+00     0.0000e+00  0.0000e+00 
6.6945e+03     0.0000e+00  0.0000e+00     0.0000e+00  0.0000e+00     0.0000e+00  0.0000e+00     0.0000e+00  0.0000e+00 
7.5114e+03     0.0000e+00  0.0000e+00     0.0000e+00  0.0000e+00     0.0000e+00  0.0000e+00     0.0000e+00  0.0000e+00 
8.4279e+03     0.0000e+00  0.0000e+00     0.0000e+00  0.0000e+00     0.0000e+00  0.0000e+00     0.0000e+00  0.0000e+00 
9.4563e+03     0.0000e+00  0.0000e+00     0.0000e+00  0.0000e+00     0.0000e+00  0.0000e+00     0.0000e+00  0.0000e+00 
