yF = 4.4119e+00 (std: 0.0000e+00) keV/um
yD = 2.4072e+01 (std: 0.0000e+00) keV/um
y (keV/um)     f(y)(std)                  yf(y)(std)                 d(y)(std)                  yd(y)(std)  
1.0610e-01     2.4987e+01  0.0000e+00     2.6511e+00  0.0000e+00     6.0090e-01  0.0000e+00     6.3756e-02  0.0000e+00 
1.1905e-01     2.0108e+00  0.0000e+00     2.3938e-01  0.0000e+00     5.4258e-02  0.0000e+00     6.4592e-03  0.0000e+00 
1.3357e-01     5.6004e-01  0.0000e+00     7.4806e-02  0.0000e+00     1.6955e-02  0.0000e+00     2.2648e-03  0.0000e+00 
1.4987e-01     3.1146e+00  0.0000e+00     4.6679e-01  0.0000e+00     1.0580e-01  0.0000e+00     1.5857e-02  0.0000e+00 
1.6816e-01     8.8971e-01  0.0000e+00     1.4961e-01  0.0000e+00     3.3911e-02  0.0000e+00     5.7024e-03  0.0000e+00 
1.8868e-01     5.2335e-01  0.0000e+00     9.8744e-02  0.0000e+00     2.2381e-02  0.0000e+00     4.2228e-03  0.0000e+00 
2.1170e-01     6.7845e-01  0.0000e+00     1.4363e-01  0.0000e+00     3.2555e-02  0.0000e+00     6.8918e-03  0.0000e+00 
2.3753e-01     5.7948e-01  0.0000e+00     1.3764e-01  0.0000e+00     3.1198e-02  0.0000e+00     7.4105e-03  0.0000e+00 
2.6651e-01     3.7050e-01  0.0000e+00     9.8744e-02  0.0000e+00     2.2381e-02  0.0000e+00     5.9649e-03  0.0000e+00 
2.9903e-01     2.1013e-01  0.0000e+00     6.2837e-02  0.0000e+00     1.4243e-02  0.0000e+00     4.2590e-03  0.0000e+00 
3.3552e-01     1.4804e+00  0.0000e+00     4.9671e-01  0.0000e+00     1.1258e-01  0.0000e+00     3.7774e-02  0.0000e+00 
3.7646e-01     9.6175e-01  0.0000e+00     3.6206e-01  0.0000e+00     8.2064e-02  0.0000e+00     3.0894e-02  0.0000e+00 
4.2240e-01     3.8254e-01  0.0000e+00     1.6158e-01  0.0000e+00     3.6624e-02  0.0000e+00     1.5470e-02  0.0000e+00 
4.7394e-01     4.2933e-01  0.0000e+00     2.0347e-01  0.0000e+00     4.6119e-02  0.0000e+00     2.1857e-02  0.0000e+00 
5.3176e-01     2.4759e-01  0.0000e+00     1.3166e-01  0.0000e+00     2.9842e-02  0.0000e+00     1.5869e-02  0.0000e+00 
5.9665e-01     1.0532e-01  0.0000e+00     6.2837e-02  0.0000e+00     1.4243e-02  0.0000e+00     8.4978e-03  0.0000e+00 
6.6945e-01     2.4136e-01  0.0000e+00     1.6158e-01  0.0000e+00     3.6624e-02  0.0000e+00     2.4518e-02  0.0000e+00 
7.5114e-01     2.1512e-01  0.0000e+00     1.6158e-01  0.0000e+00     3.6624e-02  0.0000e+00     2.7510e-02  0.0000e+00 
8.4279e-01     1.0296e-01  0.0000e+00     8.6775e-02  0.0000e+00     1.9668e-02  0.0000e+00     1.6576e-02  0.0000e+00 
9.4563e-01     3.7972e-02  0.0000e+00     3.5907e-02  0.0000e+00     8.1386e-03  0.0000e+00     7.6961e-03  0.0000e+00 
1.0610e+00     2.8202e-02  0.0000e+00     2.9923e-02  0.0000e+00     6.7822e-03  0.0000e+00     7.1960e-03  0.0000e+00 
1.1905e+00     1.2567e-02  0.0000e+00     1.4961e-02  0.0000e+00     3.3911e-03  0.0000e+00     4.0370e-03  0.0000e+00 
1.3357e+00     8.9606e-03  0.0000e+00     1.1969e-02  0.0000e+00     2.7129e-03  0.0000e+00     3.6237e-03  0.0000e+00 
1.4987e+00     1.1979e-02  0.0000e+00     1.7954e-02  0.0000e+00     4.0693e-03  0.0000e+00     6.0987e-03  0.0000e+00 
1.6816e+00     5.3383e-03  0.0000e+00     8.9768e-03  0.0000e+00     2.0347e-03  0.0000e+00     3.4215e-03  0.0000e+00 
1.8868e+00     0.0000e+00  0.0000e+00     0.0000e+00  0.0000e+00     0.0000e+00  0.0000e+00     0.0000e+00  0.0000e+00 
2.1170e+00     0.0000e+00  0.0000e+00     0.0000e+00  0.0000e+00     0.0000e+00  0.0000e+00     0.0000e+00  0.0000e+00 
2.3753e+00     0.0000e+00  0.0000e+00     0.0000e+00  0.0000e+00     0.0000e+00  0.0000e+00     0.0000e+00  0.0000e+00 
2.6651e+00     0.0000e+00  0.0000e+00     0.0000e+00  0.0000e+00     0.0000e+00  0.0000e+00     0.0000e+00  0.0000e+00 
2.9903e+00     0.0000e+00  0.0000e+00     0.0000e+00  0.0000e+00     0.0000e+00  0.0000e+00     0.0000e+00  0.0000e+00 
3.3552e+00     0.0000e+00  0.0000e+00     0.0000e+00  0.0000e+00     0.0000e+00  0.0000e+00     0.0000e+00  0.0000e+00 
3.7646e+00     0.0000e+00  0.0000e+00     0.0000e+00  0.0000e+00     0.0000e+00  0.0000e+00     0.0000e+00  0.0000e+00 
4.2240e+00     0.0000e+00  0.0000e+00     0.0000e+00  0.0000e+00     0.0000e+00  0.0000e+00     0.0000e+00  0.0000e+00 
4.7394e+00     0.0000e+00  0.0000e+00     0.0000e+00  0.0000e+00     0.0000e+00  0.0000e+00     0.0000e+00  0.0000e+00 
5.3176e+00     0.0000e+00  0.0000e+00     0.0000e+00  0.0000e+00     0.0000e+00  0.0000e+00     0.0000e+00  0.0000e+00 
5.9665e+00     1.2889e-01  0.0000e+00     7.6901e-01  0.0000e+00     1.7430e-01  0.0000e+00     1.0400e+00  0.0000e+00 
6.6945e+00     2.5477e-02  0.0000e+00     1.7056e-01  0.0000e+00     3.8658e-02  0.0000e+00     2.5880e-01  0.0000e+00 
7.5114e+00     5.5771e-03  0.0000e+00     4.1892e-02  0.0000e+00     9.4951e-03  0.0000e+00     7.1321e-02  0.0000e+00 
8.4279e+00     2.6983e-02  0.0000e+00     2.2741e-01  0.0000e+00     5.1545e-02  0.0000e+00     4.3441e-01  0.0000e+00 
9.4563e+00     1.2657e-02  0.0000e+00     1.1969e-01  0.0000e+00     2.7129e-02  0.0000e+00     2.5654e-01  0.0000e+00 
1.0610e+01     2.3126e-02  0.0000e+00     2.4536e-01  0.0000e+00     5.5614e-02  0.0000e+00     5.9007e-01  0.0000e+00 
1.1905e+01     1.4830e-02  0.0000e+00     1.7654e-01  0.0000e+00     4.0015e-02  0.0000e+00     4.7637e-01  0.0000e+00 
1.3357e+01     9.6327e-03  0.0000e+00     1.2867e-01  0.0000e+00     2.9163e-02  0.0000e+00     3.8954e-01  0.0000e+00 
1.4987e+01     6.1893e-03  0.0000e+00     9.2760e-02  0.0000e+00     2.1025e-02  0.0000e+00     3.1510e-01  0.0000e+00 
1.6816e+01     3.7368e-03  0.0000e+00     6.2837e-02  0.0000e+00     1.4243e-02  0.0000e+00     2.3950e-01  0.0000e+00 
1.8868e+01     4.9163e-03  0.0000e+00     9.2760e-02  0.0000e+00     2.1025e-02  0.0000e+00     3.9669e-01  0.0000e+00 
2.1170e+01     4.3817e-03  0.0000e+00     9.2760e-02  0.0000e+00     2.1025e-02  0.0000e+00     4.4509e-01  0.0000e+00 
2.3753e+01     3.2753e-03  0.0000e+00     7.7799e-02  0.0000e+00     1.7634e-02  0.0000e+00     4.1885e-01  0.0000e+00 
2.6651e+01     2.2455e-03  0.0000e+00     5.9845e-02  0.0000e+00     1.3564e-02  0.0000e+00     3.6151e-01  0.0000e+00 
2.9903e+01     1.6010e-03  0.0000e+00     4.7876e-02  0.0000e+00     1.0852e-02  0.0000e+00     3.2450e-01  0.0000e+00 
3.3552e+01     1.3377e-03  0.0000e+00     4.4884e-02  0.0000e+00     1.0173e-02  0.0000e+00     3.4133e-01  0.0000e+00 
3.7646e+01     1.5102e-03  0.0000e+00     5.6853e-02  0.0000e+00     1.2886e-02  0.0000e+00     4.8511e-01  0.0000e+00 
4.2240e+01     6.3756e-04  0.0000e+00     2.6930e-02  0.0000e+00     6.1040e-03  0.0000e+00     2.5783e-01  0.0000e+00 
4.7394e+01     8.2077e-04  0.0000e+00     3.8899e-02  0.0000e+00     8.8168e-03  0.0000e+00     4.1786e-01  0.0000e+00 
5.3176e+01     2.8135e-04  0.0000e+00     1.4961e-02  0.0000e+00     3.3911e-03  0.0000e+00     1.8033e-01  0.0000e+00 
5.9665e+01     1.0030e-04  0.0000e+00     5.9845e-03  0.0000e+00     1.3564e-03  0.0000e+00     8.0932e-02  0.0000e+00 
6.6945e+01     8.9394e-05  0.0000e+00     5.9845e-03  0.0000e+00     1.3564e-03  0.0000e+00     9.0807e-02  0.0000e+00 
7.5114e+01     1.1951e-04  0.0000e+00     8.9768e-03  0.0000e+00     2.0347e-03  0.0000e+00     1.5283e-01  0.0000e+00 
8.4279e+01     1.0651e-04  0.0000e+00     8.9768e-03  0.0000e+00     2.0347e-03  0.0000e+00     1.7148e-01  0.0000e+00 
9.4563e+01     3.1643e-05  0.0000e+00     2.9923e-03  0.0000e+00     6.7822e-04  0.0000e+00     6.4134e-02  0.0000e+00 
1.0610e+02     0.0000e+00  0.0000e+00     0.0000e+00  0.0000e+00     0.0000e+00  0.0000e+00     0.0000e+00  0.0000e+00 
1.1905e+02     2.5135e-05  0.0000e+00     2.9923e-03  0.0000e+00     6.7822e-04  0.0000e+00     8.0740e-02  0.0000e+00 
1.3357e+02     0.0000e+00  0.0000e+00     0.0000e+00  0.0000e+00     0.0000e+00  0.0000e+00     0.0000e+00  0.0000e+00 
1.4987e+02     0.0000e+00  0.0000e+00     0.0000e+00  0.0000e+00     0.0000e+00  0.0000e+00     0.0000e+00  0.0000e+00 
1.6816e+02     0.0000e+00  0.0000e+00     0.0000e+00  0.0000e+00     0.0000e+00  0.0000e+00     0.0000e+00  0.0000e+00 
1.8868e+02     0.0000e+00  0.0000e+00     0.0000e+00  0.0000e+00     0.0000e+00  0.0000e+00     0.0000e+00  0.0000e+00 
2.1170e+02     0.0000e+00  0.0000e+00     0.0000e+00  0.0000e+00     0.0000e+00  0.0000e+00     0.0000e+00  0.0000e+00 
2.3753e+02     0.0000e+00  0.0000e+00     0.0000e+00  0.0000e+00     0.0000e+00  0.0000e+00     0.0000e+00  0.0000e+00 
2.6651e+02     0.0000e+00  0.0000e+00     0.0000e+00  0.0000e+00     0.0000e+00  0.0000e+00     0.0000e+00  0.0000e+00 
2.9903e+02     0.0000e+00  0.0000e+00     0.0000e+00  0.0000e+00     0.0000e+00  0.0000e+00     0.0000e+00  0.0000e+00 
3.3552e+02     0.0000e+00  0.0000e+00     0.0000e+00  0.0000e+00     0.0000e+00  0.0000e+00     0.0000e+00  0.0000e+00 
3.7646e+02     0.0000e+00  0.0000e+00     0.0000e+00  0.0000e+00     0.0000e+00  0.0000e+00     0.0000e+00  0.0000e+00 
4.2240e+02     0.0000e+00  0.0000e+00     0.0000e+00  0.0000e+00     0.0000e+00  0.0000e+00     0.0000e+00  0.0000e+00 
4.7394e+02     0.0000e+00  0.0000e+00     0.0000e+00  0.0000e+00     0.0000e+00  0.0000e+00     0.0000e+00  0.0000e+00 
5.3176e+02     0.0000e+00  0.0000e+00     0.0000e+00  0.0000e+00     0.0000e+00  0.0000e+00     0.0000e+00  0.0000e+00 
5.9665e+02     0.0000e+00  0.0000e+00     0.0000e+00  0.0000e+00     0.0000e+00  0.0000e+00     0.0000e+00  0.0000e+00 
6.6945e+02     0.0000e+00  0.0000e+00     0.0000e+00  0.0000e+00     0.0000e+00  0.0000e+00     0.0000e+00  0.0000e+00 
7.5114e+02     0.0000e+00  0.0000e+00     0.0000e+00  0.0000e+00     0.0000e+00  0.0000e+00     0.0000e+00  0.0000e+00 
8.4279e+02     0.0000e+00  0.0000e+00     0.0000e+00  0.0000e+00     0.0000e+00  0.0000e+00     0.0000e+00  0.0000e+00 
9.4563e+02     0.0000e+00  0.0000e+00     0.0000e+00  0.0000e+00     0.0000e+00  0.0000e+00     0.0000e+00  0.0000e+00 
1.0610e+03     0.0000e+00  0.0000e+00     0.0000e+00  0.0000e+00     0.0000e+00  0.0000e+00     0.0000e+00  0.0000e+00 
1.1905e+03     0.0000e+00  0.0000e+00     0.0000e+00  0.0000e+00     0.0000e+00  0.0000e+00     0.0000e+00  0.0000e+00 
1.3357e+03     0.0000e+00  0.0000e+00     0.0000e+00  0.0000e+00     0.0000e+00  0.0000e+00     0.0000e+00  0.0000e+00 
1.4987e+03     0.0000e+00  0.0000e+00     0.0000e+00  0.0000e+00     0.0000e+00  0.0000e+00     0.0000e+00  0.0000e+00 
1.6816e+03     0.0000e+00  0.0000e+00     0.0000e+00  0.0000e+00     0.0000e+00  0.0000e+00     0.0000e+00  0.0000e+00 
1.8868e+03     0.0000e+00  0.0000e+00     0.0000e+00  0.0000e+00     0.0000e+00  0.0000e+00     0.0000e+00  0.0000e+00 
2.1170e+03     0.0000e+00  0.0000e+00     0.0000e+00  0.0000e+00     0.0000e+00  0.0000e+00     0.0000e+00  0.0000e+00 
2.3753e+03     0.0000e+00  0.0000e+00     0.0000e+00  0.0000e+00     0.0000e+00  0.0000e+00     0.0000e+00  0.0000e+00 
2.6651e+03     0.0000e+00  0.0000e+00     0.0000e+00  0.0000e+00     0.0000e+00  0.0000e+00     0.0000e+00  0.0000e+00 
2.9903e+03     0.0000e+00  0.0000e+00     0.0000e+00  0.0000e+00     0.0000e+00  0.0000e+00     0.0000e+00  0.0000e+00 
3.3552e+03     0.0000e+00  0.0000e+00     0.0000e+00  0.0000e+00     0.0000e+00  0.0000e+00     0.0000e+00  0.0000e+00 
3.7646e+03     0.0000e+00  0.0000e+00     0.0000e+00  0.0000e+00     0.0000e+00  0.0000e+00     0.0000e+00  0.0000e+00 
4.2240e+03     0.0000e+00  0.0000e+00     0.0000e+00  0.0000e+00     0.0000e+00  0.0000e+00     0.0000e+00  0.0000e+00 
4.7394e+03     0.0000e+00  0.0000e+00     0.0000e+00  0.0000e+00     0.0000e+00  0.0000e+00     0.0000e+00  0.0000e+00 
5.3176e+03     0.0000e+00  0.0000e+00     0.0000e+00  0.0000e+00     0.0000e+00  0.0000e+00     0.0000e+00  0.0000e+00 
5.9665e+03     0.0000e+00  0.0000e+00     0.0000e+00  0.0000e+00     0.0000e+00  0.0000e+00     0.0000e+00  0.0000e+00 
6.6945e+03     0.0000e+00  0.0000e+00     0.0000e+00  0.0000e+00     0.0000e+00  0.0000e+00     0.0000e+00  0.0000e+00 
7.5114e+03     0.0000e+00  0.0000e+00     0.0000e+00  0.0000e+00     0.0000e+00  0.0000e+00     0.0000e+00  0.0000e+00 
8.4279e+03     0.0000e+00  0.0000e+00     0.0000e+00  0.0000e+00     0.0000e+00  0.0000e+00     0.0000e+00  0.0000e+00 
9.4563e+03     0.0000e+00  0.0000e+00     0.0000e+00  0.0000e+00     0.0000e+00  0.0000e+00     0.0000e+00  0.0000e+00 
