yF = 5.4449e+00 (std: 0.0000e+00) keV/um
yD = 2.4330e+01 (std: 0.0000e+00) keV/um
y (keV/um)     f(y)(std)                  yf(y)(std)                 d(y)(std)                  yd(y)(std)  
1.0610e-01     2.2091e+01  0.0000e+00     2.3439e+00  0.0000e+00     4.3047e-01  0.0000e+00     4.5673e-02  0.0000e+00 
1.1905e-01     1.8104e+00  0.0000e+00     2.1553e-01  0.0000e+00     3.9583e-02  0.0000e+00     4.7123e-03  0.0000e+00 
1.3357e-01     5.9569e-01  0.0000e+00     7.9569e-02  0.0000e+00     1.4613e-02  0.0000e+00     1.9520e-03  0.0000e+00 
1.4987e-01     2.5884e+00  0.0000e+00     3.8792e-01  0.0000e+00     7.1246e-02  0.0000e+00     1.0678e-02  0.0000e+00 
1.6816e-01     8.5803e-01  0.0000e+00     1.4428e-01  0.0000e+00     2.6499e-02  0.0000e+00     4.4561e-03  0.0000e+00 
1.8868e-01     6.0531e-01  0.0000e+00     1.1421e-01  0.0000e+00     2.0975e-02  0.0000e+00     3.9575e-03  0.0000e+00 
2.1170e-01     6.6076e-01  0.0000e+00     1.3988e-01  0.0000e+00     2.5691e-02  0.0000e+00     5.4387e-03  0.0000e+00 
2.3753e-01     6.0018e-01  0.0000e+00     1.4256e-01  0.0000e+00     2.6183e-02  0.0000e+00     6.2191e-03  0.0000e+00 
2.6651e-01     3.0771e-01  0.0000e+00     8.2009e-02  0.0000e+00     1.5062e-02  0.0000e+00     4.0141e-03  0.0000e+00 
2.9903e-01     2.7256e-01  0.0000e+00     8.1505e-02  0.0000e+00     1.4969e-02  0.0000e+00     4.4763e-03  0.0000e+00 
3.3552e-01     1.2295e+00  0.0000e+00     4.1254e-01  0.0000e+00     7.5766e-02  0.0000e+00     2.5421e-02  0.0000e+00 
3.7646e-01     8.6312e-01  0.0000e+00     3.2493e-01  0.0000e+00     5.9677e-02  0.0000e+00     2.2466e-02  0.0000e+00 
4.2240e-01     4.1662e-01  0.0000e+00     1.7598e-01  0.0000e+00     3.2320e-02  0.0000e+00     1.3652e-02  0.0000e+00 
4.7394e-01     4.1592e-01  0.0000e+00     1.9712e-01  0.0000e+00     3.6202e-02  0.0000e+00     1.7158e-02  0.0000e+00 
5.3176e-01     2.8485e-01  0.0000e+00     1.5147e-01  0.0000e+00     2.7819e-02  0.0000e+00     1.4793e-02  0.0000e+00 
5.9665e-01     1.5670e-01  0.0000e+00     9.3493e-02  0.0000e+00     1.7171e-02  0.0000e+00     1.0245e-02  0.0000e+00 
6.6945e-01     2.1838e-01  0.0000e+00     1.4619e-01  0.0000e+00     2.6850e-02  0.0000e+00     1.7975e-02  0.0000e+00 
7.5114e-01     1.9837e-01  0.0000e+00     1.4901e-01  0.0000e+00     2.7366e-02  0.0000e+00     2.0556e-02  0.0000e+00 
8.4279e-01     1.0382e-01  0.0000e+00     8.7499e-02  0.0000e+00     1.6070e-02  0.0000e+00     1.3544e-02  0.0000e+00 
9.4563e-01     6.8269e-02  0.0000e+00     6.4557e-02  0.0000e+00     1.1856e-02  0.0000e+00     1.1212e-02  0.0000e+00 
1.0610e+00     4.8921e-02  0.0000e+00     5.1905e-02  0.0000e+00     9.5329e-03  0.0000e+00     1.0114e-02  0.0000e+00 
1.1905e+00     3.0233e-02  0.0000e+00     3.5992e-02  0.0000e+00     6.6102e-03  0.0000e+00     7.8692e-03  0.0000e+00 
1.3357e+00     1.7057e-02  0.0000e+00     2.2783e-02  0.0000e+00     4.1843e-03  0.0000e+00     5.5891e-03  0.0000e+00 
1.4987e+00     9.8750e-03  0.0000e+00     1.4800e-02  0.0000e+00     2.7181e-03  0.0000e+00     4.0737e-03  0.0000e+00 
1.6816e+00     4.6529e-03  0.0000e+00     7.8243e-03  0.0000e+00     1.4370e-03  0.0000e+00     2.4164e-03  0.0000e+00 
1.8868e+00     2.3195e-03  0.0000e+00     4.3763e-03  0.0000e+00     8.0374e-04  0.0000e+00     1.5165e-03  0.0000e+00 
2.1170e+00     7.2666e-04  0.0000e+00     1.5383e-03  0.0000e+00     2.8253e-04  0.0000e+00     5.9811e-04  0.0000e+00 
2.3753e+00     3.2382e-04  0.0000e+00     7.6916e-04  0.0000e+00     1.4126e-04  0.0000e+00     3.3554e-04  0.0000e+00 
2.6651e+00     1.4928e-04  0.0000e+00     3.9784e-04  0.0000e+00     7.3067e-05  0.0000e+00     1.9473e-04  0.0000e+00 
2.9903e+00     8.8696e-06  0.0000e+00     2.6523e-05  0.0000e+00     4.8712e-06  0.0000e+00     1.4566e-05  0.0000e+00 
3.3552e+00     1.5810e-05  0.0000e+00     5.3046e-05  0.0000e+00     9.7423e-06  0.0000e+00     3.2688e-05  0.0000e+00 
3.7646e+00     0.0000e+00  0.0000e+00     0.0000e+00  0.0000e+00     0.0000e+00  0.0000e+00     0.0000e+00  0.0000e+00 
4.2240e+00     0.0000e+00  0.0000e+00     0.0000e+00  0.0000e+00     0.0000e+00  0.0000e+00     0.0000e+00  0.0000e+00 
4.7394e+00     0.0000e+00  0.0000e+00     0.0000e+00  0.0000e+00     0.0000e+00  0.0000e+00     0.0000e+00  0.0000e+00 
5.3176e+00     0.0000e+00  0.0000e+00     0.0000e+00  0.0000e+00     0.0000e+00  0.0000e+00     0.0000e+00  0.0000e+00 
5.9665e+00     9.9193e-02  0.0000e+00     5.9183e-01  0.0000e+00     1.0870e-01  0.0000e+00     6.4853e-01  0.0000e+00 
6.6945e+00     2.5954e-02  0.0000e+00     1.7375e-01  0.0000e+00     3.1911e-02  0.0000e+00     2.1363e-01  0.0000e+00 
7.5114e+00     6.8290e-03  0.0000e+00     5.1295e-02  0.0000e+00     9.4208e-03  0.0000e+00     7.0763e-02  0.0000e+00 
8.4279e+00     2.8072e-02  0.0000e+00     2.3658e-01  0.0000e+00     4.3451e-02  0.0000e+00     3.6620e-01  0.0000e+00 
9.4563e+00     2.1072e-02  0.0000e+00     1.9927e-01  0.0000e+00     3.6597e-02  0.0000e+00     3.4607e-01  0.0000e+00 
1.0610e+01     3.0205e-02  0.0000e+00     3.2048e-01  0.0000e+00     5.8858e-02  0.0000e+00     6.2449e-01  0.0000e+00 
1.1905e+01     2.0769e-02  0.0000e+00     2.4725e-01  0.0000e+00     4.5409e-02  0.0000e+00     5.4058e-01  0.0000e+00 
1.3357e+01     1.5375e-02  0.0000e+00     2.0537e-01  0.0000e+00     3.7717e-02  0.0000e+00     5.0380e-01  0.0000e+00 
1.4987e+01     9.6201e-03  0.0000e+00     1.4418e-01  0.0000e+00     2.6480e-02  0.0000e+00     3.9685e-01  0.0000e+00 
1.6816e+01     6.5882e-03  0.0000e+00     1.1079e-01  0.0000e+00     2.0347e-02  0.0000e+00     3.4215e-01  0.0000e+00 
1.8868e+01     5.3755e-03  0.0000e+00     1.0142e-01  0.0000e+00     1.8627e-02  0.0000e+00     3.5145e-01  0.0000e+00 
2.1170e+01     4.9601e-03  0.0000e+00     1.0500e-01  0.0000e+00     1.9285e-02  0.0000e+00     4.0826e-01  0.0000e+00 
2.3753e+01     4.5982e-03  0.0000e+00     1.0922e-01  0.0000e+00     2.0059e-02  0.0000e+00     4.7647e-01  0.0000e+00 
2.6651e+01     3.0871e-03  0.0000e+00     8.2274e-02  0.0000e+00     1.5110e-02  0.0000e+00     4.0271e-01  0.0000e+00 
2.9903e+01     2.2564e-03  0.0000e+00     6.7474e-02  0.0000e+00     1.2392e-02  0.0000e+00     3.7057e-01  0.0000e+00 
3.3552e+01     1.9106e-03  0.0000e+00     6.4106e-02  0.0000e+00     1.1774e-02  0.0000e+00     3.9503e-01  0.0000e+00 
3.7646e+01     1.4316e-03  0.0000e+00     5.3895e-02  0.0000e+00     9.8982e-03  0.0000e+00     3.7263e-01  0.0000e+00 
4.2240e+01     1.0455e-03  0.0000e+00     4.4161e-02  0.0000e+00     8.1105e-03  0.0000e+00     3.4258e-01  0.0000e+00 
4.7394e+01     7.4263e-04  0.0000e+00     3.5196e-02  0.0000e+00     6.4640e-03  0.0000e+00     3.0635e-01  0.0000e+00 
5.3176e+01     4.8730e-04  0.0000e+00     2.5913e-02  0.0000e+00     4.7591e-03  0.0000e+00     2.5307e-01  0.0000e+00 
5.9665e+01     3.1606e-04  0.0000e+00     1.8858e-02  0.0000e+00     3.4634e-03  0.0000e+00     2.0664e-01  0.0000e+00 
6.6945e+01     1.9928e-04  0.0000e+00     1.3341e-02  0.0000e+00     2.4502e-03  0.0000e+00     1.6403e-01  0.0000e+00 
7.5114e+01     1.1476e-04  0.0000e+00     8.6199e-03  0.0000e+00     1.5831e-03  0.0000e+00     1.1891e-01  0.0000e+00 
8.4279e+01     6.3885e-05  0.0000e+00     5.3841e-03  0.0000e+00     9.8885e-04  0.0000e+00     8.3339e-02  0.0000e+00 
9.4563e+01     3.2536e-05  0.0000e+00     3.0767e-03  0.0000e+00     5.6505e-04  0.0000e+00     5.3433e-02  0.0000e+00 
1.0610e+02     1.3249e-05  0.0000e+00     1.4057e-03  0.0000e+00     2.5817e-04  0.0000e+00     2.7392e-02  0.0000e+00 
1.1905e+02     3.7875e-06  0.0000e+00     4.5089e-04  0.0000e+00     8.2810e-05  0.0000e+00     9.8583e-03  0.0000e+00 
1.3357e+02     1.5885e-06  0.0000e+00     2.1218e-04  0.0000e+00     3.8969e-05  0.0000e+00     5.2053e-03  0.0000e+00 
1.4987e+02     5.3091e-07  0.0000e+00     7.9569e-05  0.0000e+00     1.4613e-05  0.0000e+00     2.1901e-03  0.0000e+00 
1.6816e+02     0.0000e+00  0.0000e+00     0.0000e+00  0.0000e+00     0.0000e+00  0.0000e+00     0.0000e+00  0.0000e+00 
1.8868e+02     1.4057e-07  0.0000e+00     2.6523e-05  0.0000e+00     4.8712e-06  0.0000e+00     9.1908e-04  0.0000e+00 
2.1170e+02     0.0000e+00  0.0000e+00     0.0000e+00  0.0000e+00     0.0000e+00  0.0000e+00     0.0000e+00  0.0000e+00 
2.3753e+02     0.0000e+00  0.0000e+00     0.0000e+00  0.0000e+00     0.0000e+00  0.0000e+00     0.0000e+00  0.0000e+00 
2.6651e+02     0.0000e+00  0.0000e+00     0.0000e+00  0.0000e+00     0.0000e+00  0.0000e+00     0.0000e+00  0.0000e+00 
2.9903e+02     0.0000e+00  0.0000e+00     0.0000e+00  0.0000e+00     0.0000e+00  0.0000e+00     0.0000e+00  0.0000e+00 
3.3552e+02     0.0000e+00  0.0000e+00     0.0000e+00  0.0000e+00     0.0000e+00  0.0000e+00     0.0000e+00  0.0000e+00 
3.7646e+02     0.0000e+00  0.0000e+00     0.0000e+00  0.0000e+00     0.0000e+00  0.0000e+00     0.0000e+00  0.0000e+00 
4.2240e+02     0.0000e+00  0.0000e+00     0.0000e+00  0.0000e+00     0.0000e+00  0.0000e+00     0.0000e+00  0.0000e+00 
4.7394e+02     0.0000e+00  0.0000e+00     0.0000e+00  0.0000e+00     0.0000e+00  0.0000e+00     0.0000e+00  0.0000e+00 
5.3176e+02     0.0000e+00  0.0000e+00     0.0000e+00  0.0000e+00     0.0000e+00  0.0000e+00     0.0000e+00  0.0000e+00 
5.9665e+02     0.0000e+00  0.0000e+00     0.0000e+00  0.0000e+00     0.0000e+00  0.0000e+00     0.0000e+00  0.0000e+00 
6.6945e+02     0.0000e+00  0.0000e+00     0.0000e+00  0.0000e+00     0.0000e+00  0.0000e+00     0.0000e+00  0.0000e+00 
7.5114e+02     0.0000e+00  0.0000e+00     0.0000e+00  0.0000e+00     0.0000e+00  0.0000e+00     0.0000e+00  0.0000e+00 
8.4279e+02     0.0000e+00  0.0000e+00     0.0000e+00  0.0000e+00     0.0000e+00  0.0000e+00     0.0000e+00  0.0000e+00 
9.4563e+02     0.0000e+00  0.0000e+00     0.0000e+00  0.0000e+00     0.0000e+00  0.0000e+00     0.0000e+00  0.0000e+00 
1.0610e+03     0.0000e+00  0.0000e+00     0.0000e+00  0.0000e+00     0.0000e+00  0.0000e+00     0.0000e+00  0.0000e+00 
1.1905e+03     0.0000e+00  0.0000e+00     0.0000e+00  0.0000e+00     0.0000e+00  0.0000e+00     0.0000e+00  0.0000e+00 
1.3357e+03     0.0000e+00  0.0000e+00     0.0000e+00  0.0000e+00     0.0000e+00  0.0000e+00     0.0000e+00  0.0000e+00 
1.4987e+03     0.0000e+00  0.0000e+00     0.0000e+00  0.0000e+00     0.0000e+00  0.0000e+00     0.0000e+00  0.0000e+00 
1.6816e+03     0.0000e+00  0.0000e+00     0.0000e+00  0.0000e+00     0.0000e+00  0.0000e+00     0.0000e+00  0.0000e+00 
1.8868e+03     0.0000e+00  0.0000e+00     0.0000e+00  0.0000e+00     0.0000e+00  0.0000e+00     0.0000e+00  0.0000e+00 
2.1170e+03     0.0000e+00  0.0000e+00     0.0000e+00  0.0000e+00     0.0000e+00  0.0000e+00     0.0000e+00  0.0000e+00 
2.3753e+03     0.0000e+00  0.0000e+00     0.0000e+00  0.0000e+00     0.0000e+00  0.0000e+00     0.0000e+00  0.0000e+00 
2.6651e+03     0.0000e+00  0.0000e+00     0.0000e+00  0.0000e+00     0.0000e+00  0.0000e+00     0.0000e+00  0.0000e+00 
2.9903e+03     0.0000e+00  0.0000e+00     0.0000e+00  0.0000e+00     0.0000e+00  0.0000e+00     0.0000e+00  0.0000e+00 
3.3552e+03     0.0000e+00  0.0000e+00     0.0000e+00  0.0000e+00     0.0000e+00  0.0000e+00     0.0000e+00  0.0000e+00 
3.7646e+03     0.0000e+00  0.0000e+00     0.0000e+00  0.0000e+00     0.0000e+00  0.0000e+00     0.0000e+00  0.0000e+00 
4.2240e+03     0.0000e+00  0.0000e+00     0.0000e+00  0.0000e+00     0.0000e+00  0.0000e+00     0.0000e+00  0.0000e+00 
4.7394e+03     0.0000e+00  0.0000e+00     0.0000e+00  0.0000e+00     0.0000e+00  0.0000e+00     0.0000e+00  0.0000e+00 
5.3176e+03     0.0000e+00  0.0000e+00     0.0000e+00  0.0000e+00     0.0000e+00  0.0000e+00     0.0000e+00  0.0000e+00 
5.9665e+03     0.0000e+00  0.0000e+00     0.0000e+00  0.0000e+00     0.0000e+00  0.0000e+00     0.0000e+00  0.0000e+00 
6.6945e+03     0.0000e+00  0.0000e+00     0.0000e+00  0.0000e+00     0.0000e+00  0.0000e+00     0.0000e+00  0.0000e+00 
7.5114e+03     0.0000e+00  0.0000e+00     0.0000e+00  0.0000e+00     0.0000e+00  0.0000e+00     0.0000e+00  0.0000e+00 
8.4279e+03     0.0000e+00  0.0000e+00     0.0000e+00  0.0000e+00     0.0000e+00  0.0000e+00     0.0000e+00  0.0000e+00 
9.4563e+03     0.0000e+00  0.0000e+00     0.0000e+00  0.0000e+00     0.0000e+00  0.0000e+00     0.0000e+00  0.0000e+00 
