yF = 1.4717e+01 (std: 0.0000e+00) keV/um
yD = 3.5122e+01 (std: 0.0000e+00) keV/um
y (keV/um)     f(y)(std)                  yf(y)(std)                 d(y)(std)                  yd(y)(std)  
1.0610e-01     8.4486e+00  0.0000e+00     8.9641e-01  0.0000e+00     6.0910e-02  0.0000e+00     6.4626e-03  0.0000e+00 
1.1905e-01     8.7225e-01  0.0000e+00     1.0384e-01  0.0000e+00     7.0557e-03  0.0000e+00     8.3996e-04  0.0000e+00 
1.3357e-01     3.7252e-01  0.0000e+00     4.9759e-02  0.0000e+00     3.3811e-03  0.0000e+00     4.5162e-04  0.0000e+00 
1.4987e-01     1.1462e+00  0.0000e+00     1.7178e-01  0.0000e+00     1.1672e-02  0.0000e+00     1.7494e-03  0.0000e+00 
1.6816e-01     5.3524e-01  0.0000e+00     9.0005e-02  0.0000e+00     6.1158e-03  0.0000e+00     1.0284e-03  0.0000e+00 
1.8868e-01     4.3251e-01  0.0000e+00     8.1605e-02  0.0000e+00     5.5450e-03  0.0000e+00     1.0462e-03  0.0000e+00 
2.1170e-01     4.2762e-01  0.0000e+00     9.0527e-02  0.0000e+00     6.1512e-03  0.0000e+00     1.3022e-03  0.0000e+00 
2.3753e-01     4.1133e-01  0.0000e+00     9.7704e-02  0.0000e+00     6.6389e-03  0.0000e+00     1.5769e-03  0.0000e+00 
2.6651e-01     2.4982e-01  0.0000e+00     6.6579e-02  0.0000e+00     4.5240e-03  0.0000e+00     1.2057e-03  0.0000e+00 
2.9903e-01     2.1061e-01  0.0000e+00     6.2981e-02  0.0000e+00     4.2795e-03  0.0000e+00     1.2797e-03  0.0000e+00 
3.3552e-01     5.2301e-01  0.0000e+00     1.7548e-01  0.0000e+00     1.1924e-02  0.0000e+00     4.0006e-03  0.0000e+00 
3.7646e-01     4.4653e-01  0.0000e+00     1.6810e-01  0.0000e+00     1.1422e-02  0.0000e+00     4.3001e-03  0.0000e+00 
4.2240e-01     2.8093e-01  0.0000e+00     1.1866e-01  0.0000e+00     8.0631e-03  0.0000e+00     3.4058e-03  0.0000e+00 
4.7394e-01     2.7895e-01  0.0000e+00     1.3221e-01  0.0000e+00     8.9833e-03  0.0000e+00     4.2575e-03  0.0000e+00 
5.3176e-01     2.3507e-01  0.0000e+00     1.2500e-01  0.0000e+00     8.4936e-03  0.0000e+00     4.5166e-03  0.0000e+00 
5.9665e-01     1.5243e-01  0.0000e+00     9.0948e-02  0.0000e+00     6.1798e-03  0.0000e+00     3.6872e-03  0.0000e+00 
6.6945e-01     1.5174e-01  0.0000e+00     1.0158e-01  0.0000e+00     6.9025e-03  0.0000e+00     4.6209e-03  0.0000e+00 
7.5114e-01     1.4956e-01  0.0000e+00     1.1234e-01  0.0000e+00     7.6333e-03  0.0000e+00     5.7337e-03  0.0000e+00 
8.4279e-01     9.9694e-02  0.0000e+00     8.4021e-02  0.0000e+00     5.7091e-03  0.0000e+00     4.8116e-03  0.0000e+00 
9.4563e-01     7.2994e-02  0.0000e+00     6.9025e-02  0.0000e+00     4.6902e-03  0.0000e+00     4.4352e-03  0.0000e+00 
1.0610e+00     5.4258e-02  0.0000e+00     5.7568e-02  0.0000e+00     3.9117e-03  0.0000e+00     4.1503e-03  0.0000e+00 
1.1905e+00     3.7815e-02  0.0000e+00     4.5018e-02  0.0000e+00     3.0589e-03  0.0000e+00     3.6415e-03  0.0000e+00 
1.3357e+00     2.5110e-02  0.0000e+00     3.3540e-02  0.0000e+00     2.2790e-03  0.0000e+00     3.0442e-03  0.0000e+00 
1.4987e+00     1.5370e-02  0.0000e+00     2.3035e-02  0.0000e+00     1.5652e-03  0.0000e+00     2.3458e-03  0.0000e+00 
1.6816e+00     9.1561e-03  0.0000e+00     1.5397e-02  0.0000e+00     1.0462e-03  0.0000e+00     1.7593e-03  0.0000e+00 
1.8868e+00     4.4734e-03  0.0000e+00     8.4402e-03  0.0000e+00     5.7350e-04  0.0000e+00     1.0821e-03  0.0000e+00 
2.1170e+00     2.3391e-03  0.0000e+00     4.9519e-03  0.0000e+00     3.3647e-04  0.0000e+00     7.1231e-04  0.0000e+00 
2.3753e+00     1.0002e-03  0.0000e+00     2.3757e-03  0.0000e+00     1.6143e-04  0.0000e+00     3.8343e-04  0.0000e+00 
2.6651e+00     3.9116e-04  0.0000e+00     1.0425e-03  0.0000e+00     7.0836e-05  0.0000e+00     1.8879e-04  0.0000e+00 
2.9903e+00     1.0056e-04  0.0000e+00     3.0072e-04  0.0000e+00     2.0434e-05  0.0000e+00     6.1103e-05  0.0000e+00 
3.3552e+00     2.0913e-05  0.0000e+00     7.0168e-05  0.0000e+00     4.7678e-06  0.0000e+00     1.5997e-05  0.0000e+00 
3.7646e+00     1.8639e-05  0.0000e+00     7.0168e-05  0.0000e+00     4.7678e-06  0.0000e+00     1.7949e-05  0.0000e+00 
4.2240e+00     2.3731e-06  0.0000e+00     1.0024e-05  0.0000e+00     6.8112e-07  0.0000e+00     2.8770e-06  0.0000e+00 
4.7394e+00     2.1151e-06  0.0000e+00     1.0024e-05  0.0000e+00     6.8112e-07  0.0000e+00     3.2281e-06  0.0000e+00 
5.3176e+00     0.0000e+00  0.0000e+00     0.0000e+00  0.0000e+00     0.0000e+00  0.0000e+00     0.0000e+00  0.0000e+00 
5.9665e+00     5.2238e-02  0.0000e+00     3.1168e-01  0.0000e+00     2.1178e-02  0.0000e+00     1.2636e-01  0.0000e+00 
6.6945e+00     2.9123e-02  0.0000e+00     1.9497e-01  0.0000e+00     1.3248e-02  0.0000e+00     8.8687e-02  0.0000e+00 
7.5114e+00     8.6636e-03  0.0000e+00     6.5076e-02  0.0000e+00     4.4218e-03  0.0000e+00     3.3214e-02  0.0000e+00 
8.4279e+00     3.6775e-02  0.0000e+00     3.0993e-01  0.0000e+00     2.1060e-02  0.0000e+00     1.7749e-01  0.0000e+00 
9.4563e+00     3.0404e-02  0.0000e+00     2.8751e-01  0.0000e+00     1.9536e-02  0.0000e+00     1.8474e-01  0.0000e+00 
1.0610e+01     4.2343e-02  0.0000e+00     4.4927e-01  0.0000e+00     3.0527e-02  0.0000e+00     3.2390e-01  0.0000e+00 
1.1905e+01     3.1033e-02  0.0000e+00     3.6943e-01  0.0000e+00     2.5103e-02  0.0000e+00     2.9884e-01  0.0000e+00 
1.3357e+01     2.5062e-02  0.0000e+00     3.3476e-01  0.0000e+00     2.2747e-02  0.0000e+00     3.0383e-01  0.0000e+00 
1.4987e+01     1.8626e-02  0.0000e+00     2.7915e-01  0.0000e+00     1.8968e-02  0.0000e+00     2.8427e-01  0.0000e+00 
1.6816e+01     2.0200e-02  0.0000e+00     3.3968e-01  0.0000e+00     2.3081e-02  0.0000e+00     3.8813e-01  0.0000e+00 
1.8868e+01     1.5433e-02  0.0000e+00     2.9119e-01  0.0000e+00     1.9786e-02  0.0000e+00     3.7331e-01  0.0000e+00 
2.1170e+01     1.3937e-02  0.0000e+00     2.9505e-01  0.0000e+00     2.0048e-02  0.0000e+00     4.2442e-01  0.0000e+00 
2.3753e+01     1.3774e-02  0.0000e+00     3.2717e-01  0.0000e+00     2.2231e-02  0.0000e+00     5.2806e-01  0.0000e+00 
2.6651e+01     1.0935e-02  0.0000e+00     2.9143e-01  0.0000e+00     1.9802e-02  0.0000e+00     5.2776e-01  0.0000e+00 
2.9903e+01     8.4269e-03  0.0000e+00     2.5199e-01  0.0000e+00     1.7123e-02  0.0000e+00     5.1202e-01  0.0000e+00 
3.3552e+01     7.1962e-03  0.0000e+00     2.4145e-01  0.0000e+00     1.6406e-02  0.0000e+00     5.5046e-01  0.0000e+00 
3.7646e+01     5.7408e-03  0.0000e+00     2.1612e-01  0.0000e+00     1.4685e-02  0.0000e+00     5.5283e-01  0.0000e+00 
4.2240e+01     4.2994e-03  0.0000e+00     1.8160e-01  0.0000e+00     1.2340e-02  0.0000e+00     5.2123e-01  0.0000e+00 
4.7394e+01     3.3447e-03  0.0000e+00     1.5852e-01  0.0000e+00     1.0771e-02  0.0000e+00     5.1049e-01  0.0000e+00 
5.3176e+01     2.3729e-03  0.0000e+00     1.2618e-01  0.0000e+00     8.5739e-03  0.0000e+00     4.5593e-01  0.0000e+00 
5.9665e+01     1.6676e-03  0.0000e+00     9.9498e-02  0.0000e+00     6.7608e-03  0.0000e+00     4.0338e-01  0.0000e+00 
6.6945e+01     1.0805e-03  0.0000e+00     7.2333e-02  0.0000e+00     4.9150e-03  0.0000e+00     3.2903e-01  0.0000e+00 
7.5114e+01     6.6338e-04  0.0000e+00     4.9829e-02  0.0000e+00     3.3858e-03  0.0000e+00     2.5432e-01  0.0000e+00 
8.4279e+01     3.8619e-04  0.0000e+00     3.2548e-02  0.0000e+00     2.2116e-03  0.0000e+00     1.8639e-01  0.0000e+00 
9.4563e+01     2.0438e-04  0.0000e+00     1.9326e-02  0.0000e+00     1.3132e-03  0.0000e+00     1.2418e-01  0.0000e+00 
1.0610e+02     1.0005e-04  0.0000e+00     1.0615e-02  0.0000e+00     7.2131e-04  0.0000e+00     7.6531e-02  0.0000e+00 
1.1905e+02     4.2438e-05  0.0000e+00     5.0521e-03  0.0000e+00     3.4328e-04  0.0000e+00     4.0867e-02  0.0000e+00 
1.3357e+02     1.6510e-05  0.0000e+00     2.2053e-03  0.0000e+00     1.4985e-04  0.0000e+00     2.0015e-02  0.0000e+00 
1.4987e+02     6.6215e-06  0.0000e+00     9.9238e-04  0.0000e+00     6.7431e-05  0.0000e+00     1.0106e-02  0.0000e+00 
1.6816e+02     2.3844e-06  0.0000e+00     4.0096e-04  0.0000e+00     2.7245e-05  0.0000e+00     4.5814e-03  0.0000e+00 
1.8868e+02     6.9066e-07  0.0000e+00     1.3031e-04  0.0000e+00     8.8546e-06  0.0000e+00     1.6707e-03  0.0000e+00 
2.1170e+02     0.0000e+00  0.0000e+00     0.0000e+00  0.0000e+00     0.0000e+00  0.0000e+00     0.0000e+00  0.0000e+00 
2.3753e+02     8.4402e-08  0.0000e+00     2.0048e-05  0.0000e+00     1.3622e-06  0.0000e+00     3.2357e-04  0.0000e+00 
2.6651e+02     0.0000e+00  0.0000e+00     0.0000e+00  0.0000e+00     0.0000e+00  0.0000e+00     0.0000e+00  0.0000e+00 
2.9903e+02     0.0000e+00  0.0000e+00     0.0000e+00  0.0000e+00     0.0000e+00  0.0000e+00     0.0000e+00  0.0000e+00 
3.3552e+02     0.0000e+00  0.0000e+00     0.0000e+00  0.0000e+00     0.0000e+00  0.0000e+00     0.0000e+00  0.0000e+00 
3.7646e+02     0.0000e+00  0.0000e+00     0.0000e+00  0.0000e+00     0.0000e+00  0.0000e+00     0.0000e+00  0.0000e+00 
4.2240e+02     0.0000e+00  0.0000e+00     0.0000e+00  0.0000e+00     0.0000e+00  0.0000e+00     0.0000e+00  0.0000e+00 
4.7394e+02     0.0000e+00  0.0000e+00     0.0000e+00  0.0000e+00     0.0000e+00  0.0000e+00     0.0000e+00  0.0000e+00 
5.3176e+02     0.0000e+00  0.0000e+00     0.0000e+00  0.0000e+00     0.0000e+00  0.0000e+00     0.0000e+00  0.0000e+00 
5.9665e+02     0.0000e+00  0.0000e+00     0.0000e+00  0.0000e+00     0.0000e+00  0.0000e+00     0.0000e+00  0.0000e+00 
6.6945e+02     0.0000e+00  0.0000e+00     0.0000e+00  0.0000e+00     0.0000e+00  0.0000e+00     0.0000e+00  0.0000e+00 
7.5114e+02     0.0000e+00  0.0000e+00     0.0000e+00  0.0000e+00     0.0000e+00  0.0000e+00     0.0000e+00  0.0000e+00 
8.4279e+02     0.0000e+00  0.0000e+00     0.0000e+00  0.0000e+00     0.0000e+00  0.0000e+00     0.0000e+00  0.0000e+00 
9.4563e+02     0.0000e+00  0.0000e+00     0.0000e+00  0.0000e+00     0.0000e+00  0.0000e+00     0.0000e+00  0.0000e+00 
1.0610e+03     0.0000e+00  0.0000e+00     0.0000e+00  0.0000e+00     0.0000e+00  0.0000e+00     0.0000e+00  0.0000e+00 
1.1905e+03     0.0000e+00  0.0000e+00     0.0000e+00  0.0000e+00     0.0000e+00  0.0000e+00     0.0000e+00  0.0000e+00 
1.3357e+03     0.0000e+00  0.0000e+00     0.0000e+00  0.0000e+00     0.0000e+00  0.0000e+00     0.0000e+00  0.0000e+00 
1.4987e+03     0.0000e+00  0.0000e+00     0.0000e+00  0.0000e+00     0.0000e+00  0.0000e+00     0.0000e+00  0.0000e+00 
1.6816e+03     0.0000e+00  0.0000e+00     0.0000e+00  0.0000e+00     0.0000e+00  0.0000e+00     0.0000e+00  0.0000e+00 
1.8868e+03     0.0000e+00  0.0000e+00     0.0000e+00  0.0000e+00     0.0000e+00  0.0000e+00     0.0000e+00  0.0000e+00 
2.1170e+03     0.0000e+00  0.0000e+00     0.0000e+00  0.0000e+00     0.0000e+00  0.0000e+00     0.0000e+00  0.0000e+00 
2.3753e+03     0.0000e+00  0.0000e+00     0.0000e+00  0.0000e+00     0.0000e+00  0.0000e+00     0.0000e+00  0.0000e+00 
2.6651e+03     0.0000e+00  0.0000e+00     0.0000e+00  0.0000e+00     0.0000e+00  0.0000e+00     0.0000e+00  0.0000e+00 
2.9903e+03     0.0000e+00  0.0000e+00     0.0000e+00  0.0000e+00     0.0000e+00  0.0000e+00     0.0000e+00  0.0000e+00 
3.3552e+03     0.0000e+00  0.0000e+00     0.0000e+00  0.0000e+00     0.0000e+00  0.0000e+00     0.0000e+00  0.0000e+00 
3.7646e+03     0.0000e+00  0.0000e+00     0.0000e+00  0.0000e+00     0.0000e+00  0.0000e+00     0.0000e+00  0.0000e+00 
4.2240e+03     0.0000e+00  0.0000e+00     0.0000e+00  0.0000e+00     0.0000e+00  0.0000e+00     0.0000e+00  0.0000e+00 
4.7394e+03     0.0000e+00  0.0000e+00     0.0000e+00  0.0000e+00     0.0000e+00  0.0000e+00     0.0000e+00  0.0000e+00 
5.3176e+03     0.0000e+00  0.0000e+00     0.0000e+00  0.0000e+00     0.0000e+00  0.0000e+00     0.0000e+00  0.0000e+00 
5.9665e+03     0.0000e+00  0.0000e+00     0.0000e+00  0.0000e+00     0.0000e+00  0.0000e+00     0.0000e+00  0.0000e+00 
6.6945e+03     0.0000e+00  0.0000e+00     0.0000e+00  0.0000e+00     0.0000e+00  0.0000e+00     0.0000e+00  0.0000e+00 
7.5114e+03     0.0000e+00  0.0000e+00     0.0000e+00  0.0000e+00     0.0000e+00  0.0000e+00     0.0000e+00  0.0000e+00 
8.4279e+03     0.0000e+00  0.0000e+00     0.0000e+00  0.0000e+00     0.0000e+00  0.0000e+00     0.0000e+00  0.0000e+00 
9.4563e+03     0.0000e+00  0.0000e+00     0.0000e+00  0.0000e+00     0.0000e+00  0.0000e+00     0.0000e+00  0.0000e+00 
