yF = 5.6434e+00 (std: 0.0000e+00) keV/um
yD = 1.9103e+01 (std: 0.0000e+00) keV/um
y (keV/um)     f(y)(std)                  yf(y)(std)                 d(y)(std)                  yd(y)(std)  
1.0610e-01     2.3589e+01  0.0000e+00     2.5028e+00  0.0000e+00     4.4349e-01  0.0000e+00     4.7055e-02  0.0000e+00 
1.1905e-01     1.6758e+00  0.0000e+00     1.9950e-01  0.0000e+00     3.5350e-02  0.0000e+00     4.2083e-03  0.0000e+00 
1.3357e-01     4.7017e-01  0.0000e+00     6.2802e-02  0.0000e+00     1.1128e-02  0.0000e+00     1.4864e-03  0.0000e+00 
1.4987e-01     2.4982e+00  0.0000e+00     3.7440e-01  0.0000e+00     6.6344e-02  0.0000e+00     9.9431e-03  0.0000e+00 
1.6816e-01     7.4574e-01  0.0000e+00     1.2540e-01  0.0000e+00     2.2221e-02  0.0000e+00     3.7367e-03  0.0000e+00 
1.8868e-01     4.8157e-01  0.0000e+00     9.0862e-02  0.0000e+00     1.6101e-02  0.0000e+00     3.0378e-03  0.0000e+00 
2.1170e-01     5.3713e-01  0.0000e+00     1.1371e-01  0.0000e+00     2.0149e-02  0.0000e+00     4.2656e-03  0.0000e+00 
2.3753e-01     4.8603e-01  0.0000e+00     1.1545e-01  0.0000e+00     2.0457e-02  0.0000e+00     4.8592e-03  0.0000e+00 
2.6651e-01     2.1534e-01  0.0000e+00     5.7390e-02  0.0000e+00     1.0169e-02  0.0000e+00     2.7103e-03  0.0000e+00 
2.9903e-01     1.8767e-01  0.0000e+00     5.6121e-02  0.0000e+00     9.9445e-03  0.0000e+00     2.9737e-03  0.0000e+00 
3.3552e-01     1.1169e+00  0.0000e+00     3.7474e-01  0.0000e+00     6.6403e-02  0.0000e+00     2.2280e-02  0.0000e+00 
3.7646e-01     7.2088e-01  0.0000e+00     2.7138e-01  0.0000e+00     4.8089e-02  0.0000e+00     1.8103e-02  0.0000e+00 
4.2240e-01     3.0622e-01  0.0000e+00     1.2934e-01  0.0000e+00     2.2920e-02  0.0000e+00     9.6812e-03  0.0000e+00 
4.7394e-01     2.9251e-01  0.0000e+00     1.3863e-01  0.0000e+00     2.4565e-02  0.0000e+00     1.1642e-02  0.0000e+00 
5.3176e-01     1.8720e-01  0.0000e+00     9.9547e-02  0.0000e+00     1.7640e-02  0.0000e+00     9.3801e-03  0.0000e+00 
5.9665e-01     9.4507e-02  0.0000e+00     5.6388e-02  0.0000e+00     9.9918e-03  0.0000e+00     5.9616e-03  0.0000e+00 
6.6945e-01     1.6277e-01  0.0000e+00     1.0897e-01  0.0000e+00     1.9309e-02  0.0000e+00     1.2926e-02  0.0000e+00 
7.5114e-01     1.3991e-01  0.0000e+00     1.0509e-01  0.0000e+00     1.8622e-02  0.0000e+00     1.3988e-02  0.0000e+00 
8.4279e-01     6.2546e-02  0.0000e+00     5.2713e-02  0.0000e+00     9.3407e-03  0.0000e+00     7.8723e-03  0.0000e+00 
9.4563e-01     3.5114e-02  0.0000e+00     3.3205e-02  0.0000e+00     5.8838e-03  0.0000e+00     5.5639e-03  0.0000e+00 
1.0610e+00     2.9973e-02  0.0000e+00     3.1802e-02  0.0000e+00     5.6352e-03  0.0000e+00     5.9790e-03  0.0000e+00 
1.1905e+00     1.4928e-02  0.0000e+00     1.7772e-02  0.0000e+00     3.1491e-03  0.0000e+00     3.7489e-03  0.0000e+00 
1.3357e+00     8.5030e-03  0.0000e+00     1.1358e-02  0.0000e+00     2.0126e-03  0.0000e+00     2.6883e-03  0.0000e+00 
1.4987e+00     4.7699e-03  0.0000e+00     7.1487e-03  0.0000e+00     1.2667e-03  0.0000e+00     1.8985e-03  0.0000e+00 
1.6816e+00     2.4633e-03  0.0000e+00     4.1422e-03  0.0000e+00     7.3400e-04  0.0000e+00     1.2343e-03  0.0000e+00 
1.8868e+00     6.7279e-04  0.0000e+00     1.2694e-03  0.0000e+00     2.2493e-04  0.0000e+00     4.2440e-04  0.0000e+00 
2.1170e+00     1.5780e-04  0.0000e+00     3.3405e-04  0.0000e+00     5.9193e-05  0.0000e+00     1.2531e-04  0.0000e+00 
2.3753e+00     1.1251e-04  0.0000e+00     2.6724e-04  0.0000e+00     4.7355e-05  0.0000e+00     1.1248e-04  0.0000e+00 
2.6651e+00     0.0000e+00  0.0000e+00     0.0000e+00  0.0000e+00     0.0000e+00  0.0000e+00     0.0000e+00  0.0000e+00 
2.9903e+00     0.0000e+00  0.0000e+00     0.0000e+00  0.0000e+00     0.0000e+00  0.0000e+00     0.0000e+00  0.0000e+00 
3.3552e+00     0.0000e+00  0.0000e+00     0.0000e+00  0.0000e+00     0.0000e+00  0.0000e+00     0.0000e+00  0.0000e+00 
3.7646e+00     0.0000e+00  0.0000e+00     0.0000e+00  0.0000e+00     0.0000e+00  0.0000e+00     0.0000e+00  0.0000e+00 
4.2240e+00     0.0000e+00  0.0000e+00     0.0000e+00  0.0000e+00     0.0000e+00  0.0000e+00     0.0000e+00  0.0000e+00 
4.7394e+00     0.0000e+00  0.0000e+00     0.0000e+00  0.0000e+00     0.0000e+00  0.0000e+00     0.0000e+00  0.0000e+00 
5.3176e+00     0.0000e+00  0.0000e+00     0.0000e+00  0.0000e+00     0.0000e+00  0.0000e+00     0.0000e+00  0.0000e+00 
5.9665e+00     7.9312e-02  0.0000e+00     4.7322e-01  0.0000e+00     8.3853e-02  0.0000e+00     5.0031e-01  0.0000e+00 
6.6945e+00     1.8622e-02  0.0000e+00     1.2467e-01  0.0000e+00     2.2091e-02  0.0000e+00     1.4789e-01  0.0000e+00 
7.5114e+00     8.2808e-03  0.0000e+00     6.2200e-02  0.0000e+00     1.1022e-02  0.0000e+00     8.2789e-02  0.0000e+00 
8.4279e+00     3.3096e-02  0.0000e+00     2.7893e-01  0.0000e+00     4.9426e-02  0.0000e+00     4.1656e-01  0.0000e+00 
9.4563e+00     3.0352e-02  0.0000e+00     2.8702e-01  0.0000e+00     5.0859e-02  0.0000e+00     4.8093e-01  0.0000e+00 
1.0610e+01     7.5430e-02  0.0000e+00     8.0032e-01  0.0000e+00     1.4182e-01  0.0000e+00     1.5047e+00  0.0000e+00 
1.1905e+01     2.9239e-02  0.0000e+00     3.4808e-01  0.0000e+00     6.1679e-02  0.0000e+00     7.3428e-01  0.0000e+00 
1.3357e+01     1.2104e-02  0.0000e+00     1.6168e-01  0.0000e+00     2.8650e-02  0.0000e+00     3.8268e-01  0.0000e+00 
1.4987e+01     5.1443e-03  0.0000e+00     7.7099e-02  0.0000e+00     1.3662e-02  0.0000e+00     2.0475e-01  0.0000e+00 
1.6816e+01     2.4232e-02  0.0000e+00     4.0748e-01  0.0000e+00     7.2204e-02  0.0000e+00     1.2142e+00  0.0000e+00 
1.8868e+01     6.4517e-03  0.0000e+00     1.2173e-01  0.0000e+00     2.1570e-02  0.0000e+00     4.0698e-01  0.0000e+00 
2.1170e+01     3.4778e-03  0.0000e+00     7.3625e-02  0.0000e+00     1.3046e-02  0.0000e+00     2.7619e-01  0.0000e+00 
2.3753e+01     3.3162e-03  0.0000e+00     7.8769e-02  0.0000e+00     1.3958e-02  0.0000e+00     3.3154e-01  0.0000e+00 
2.6651e+01     1.8149e-03  0.0000e+00     4.8371e-02  0.0000e+00     8.5712e-03  0.0000e+00     2.2843e-01  0.0000e+00 
2.9903e+01     1.4053e-03  0.0000e+00     4.2024e-02  0.0000e+00     7.4465e-03  0.0000e+00     2.2268e-01  0.0000e+00 
3.3552e+01     1.2166e-03  0.0000e+00     4.0821e-02  0.0000e+00     7.2334e-03  0.0000e+00     2.4270e-01  0.0000e+00 
3.7646e+01     9.4769e-04  0.0000e+00     3.5677e-02  0.0000e+00     6.3218e-03  0.0000e+00     2.3799e-01  0.0000e+00 
4.2240e+01     6.5957e-04  0.0000e+00     2.7860e-02  0.0000e+00     4.9367e-03  0.0000e+00     2.0852e-01  0.0000e+00 
4.7394e+01     4.5392e-04  0.0000e+00     2.1513e-02  0.0000e+00     3.8121e-03  0.0000e+00     1.8067e-01  0.0000e+00 
5.3176e+01     3.1284e-04  0.0000e+00     1.6636e-02  0.0000e+00     2.9478e-03  0.0000e+00     1.5675e-01  0.0000e+00 
5.9665e+01     1.6348e-04  0.0000e+00     9.7543e-03  0.0000e+00     1.7284e-03  0.0000e+00     1.0313e-01  0.0000e+00 
6.6945e+01     9.2813e-05  0.0000e+00     6.2133e-03  0.0000e+00     1.1010e-03  0.0000e+00     7.3706e-02  0.0000e+00 
7.5114e+01     5.4257e-05  0.0000e+00     4.0754e-03  0.0000e+00     7.2216e-04  0.0000e+00     5.4244e-02  0.0000e+00 
8.4279e+01     3.1709e-05  0.0000e+00     2.6724e-03  0.0000e+00     4.7355e-04  0.0000e+00     3.9910e-02  0.0000e+00 
9.4563e+01     1.7663e-05  0.0000e+00     1.6703e-03  0.0000e+00     2.9597e-04  0.0000e+00     2.7987e-02  0.0000e+00 
1.0610e+02     6.2969e-06  0.0000e+00     6.6810e-04  0.0000e+00     1.1839e-04  0.0000e+00     1.2561e-02  0.0000e+00 
1.1905e+02     5.6121e-07  0.0000e+00     6.6810e-05  0.0000e+00     1.1839e-05  0.0000e+00     1.4094e-03  0.0000e+00 
1.3357e+02     1.0004e-06  0.0000e+00     1.3362e-04  0.0000e+00     2.3677e-05  0.0000e+00     3.1627e-03  0.0000e+00 
1.4987e+02     0.0000e+00  0.0000e+00     0.0000e+00  0.0000e+00     0.0000e+00  0.0000e+00     0.0000e+00  0.0000e+00 
1.6816e+02     0.0000e+00  0.0000e+00     0.0000e+00  0.0000e+00     0.0000e+00  0.0000e+00     0.0000e+00  0.0000e+00 
1.8868e+02     0.0000e+00  0.0000e+00     0.0000e+00  0.0000e+00     0.0000e+00  0.0000e+00     0.0000e+00  0.0000e+00 
2.1170e+02     0.0000e+00  0.0000e+00     0.0000e+00  0.0000e+00     0.0000e+00  0.0000e+00     0.0000e+00  0.0000e+00 
2.3753e+02     0.0000e+00  0.0000e+00     0.0000e+00  0.0000e+00     0.0000e+00  0.0000e+00     0.0000e+00  0.0000e+00 
2.6651e+02     0.0000e+00  0.0000e+00     0.0000e+00  0.0000e+00     0.0000e+00  0.0000e+00     0.0000e+00  0.0000e+00 
2.9903e+02     0.0000e+00  0.0000e+00     0.0000e+00  0.0000e+00     0.0000e+00  0.0000e+00     0.0000e+00  0.0000e+00 
3.3552e+02     0.0000e+00  0.0000e+00     0.0000e+00  0.0000e+00     0.0000e+00  0.0000e+00     0.0000e+00  0.0000e+00 
3.7646e+02     0.0000e+00  0.0000e+00     0.0000e+00  0.0000e+00     0.0000e+00  0.0000e+00     0.0000e+00  0.0000e+00 
4.2240e+02     0.0000e+00  0.0000e+00     0.0000e+00  0.0000e+00     0.0000e+00  0.0000e+00     0.0000e+00  0.0000e+00 
4.7394e+02     0.0000e+00  0.0000e+00     0.0000e+00  0.0000e+00     0.0000e+00  0.0000e+00     0.0000e+00  0.0000e+00 
5.3176e+02     0.0000e+00  0.0000e+00     0.0000e+00  0.0000e+00     0.0000e+00  0.0000e+00     0.0000e+00  0.0000e+00 
5.9665e+02     0.0000e+00  0.0000e+00     0.0000e+00  0.0000e+00     0.0000e+00  0.0000e+00     0.0000e+00  0.0000e+00 
6.6945e+02     0.0000e+00  0.0000e+00     0.0000e+00  0.0000e+00     0.0000e+00  0.0000e+00     0.0000e+00  0.0000e+00 
7.5114e+02     0.0000e+00  0.0000e+00     0.0000e+00  0.0000e+00     0.0000e+00  0.0000e+00     0.0000e+00  0.0000e+00 
8.4279e+02     0.0000e+00  0.0000e+00     0.0000e+00  0.0000e+00     0.0000e+00  0.0000e+00     0.0000e+00  0.0000e+00 
9.4563e+02     0.0000e+00  0.0000e+00     0.0000e+00  0.0000e+00     0.0000e+00  0.0000e+00     0.0000e+00  0.0000e+00 
1.0610e+03     0.0000e+00  0.0000e+00     0.0000e+00  0.0000e+00     0.0000e+00  0.0000e+00     0.0000e+00  0.0000e+00 
1.1905e+03     0.0000e+00  0.0000e+00     0.0000e+00  0.0000e+00     0.0000e+00  0.0000e+00     0.0000e+00  0.0000e+00 
1.3357e+03     0.0000e+00  0.0000e+00     0.0000e+00  0.0000e+00     0.0000e+00  0.0000e+00     0.0000e+00  0.0000e+00 
1.4987e+03     0.0000e+00  0.0000e+00     0.0000e+00  0.0000e+00     0.0000e+00  0.0000e+00     0.0000e+00  0.0000e+00 
1.6816e+03     0.0000e+00  0.0000e+00     0.0000e+00  0.0000e+00     0.0000e+00  0.0000e+00     0.0000e+00  0.0000e+00 
1.8868e+03     0.0000e+00  0.0000e+00     0.0000e+00  0.0000e+00     0.0000e+00  0.0000e+00     0.0000e+00  0.0000e+00 
2.1170e+03     0.0000e+00  0.0000e+00     0.0000e+00  0.0000e+00     0.0000e+00  0.0000e+00     0.0000e+00  0.0000e+00 
2.3753e+03     0.0000e+00  0.0000e+00     0.0000e+00  0.0000e+00     0.0000e+00  0.0000e+00     0.0000e+00  0.0000e+00 
2.6651e+03     0.0000e+00  0.0000e+00     0.0000e+00  0.0000e+00     0.0000e+00  0.0000e+00     0.0000e+00  0.0000e+00 
2.9903e+03     0.0000e+00  0.0000e+00     0.0000e+00  0.0000e+00     0.0000e+00  0.0000e+00     0.0000e+00  0.0000e+00 
3.3552e+03     0.0000e+00  0.0000e+00     0.0000e+00  0.0000e+00     0.0000e+00  0.0000e+00     0.0000e+00  0.0000e+00 
3.7646e+03     0.0000e+00  0.0000e+00     0.0000e+00  0.0000e+00     0.0000e+00  0.0000e+00     0.0000e+00  0.0000e+00 
4.2240e+03     0.0000e+00  0.0000e+00     0.0000e+00  0.0000e+00     0.0000e+00  0.0000e+00     0.0000e+00  0.0000e+00 
4.7394e+03     0.0000e+00  0.0000e+00     0.0000e+00  0.0000e+00     0.0000e+00  0.0000e+00     0.0000e+00  0.0000e+00 
5.3176e+03     0.0000e+00  0.0000e+00     0.0000e+00  0.0000e+00     0.0000e+00  0.0000e+00     0.0000e+00  0.0000e+00 
5.9665e+03     0.0000e+00  0.0000e+00     0.0000e+00  0.0000e+00     0.0000e+00  0.0000e+00     0.0000e+00  0.0000e+00 
6.6945e+03     0.0000e+00  0.0000e+00     0.0000e+00  0.0000e+00     0.0000e+00  0.0000e+00     0.0000e+00  0.0000e+00 
7.5114e+03     0.0000e+00  0.0000e+00     0.0000e+00  0.0000e+00     0.0000e+00  0.0000e+00     0.0000e+00  0.0000e+00 
8.4279e+03     0.0000e+00  0.0000e+00     0.0000e+00  0.0000e+00     0.0000e+00  0.0000e+00     0.0000e+00  0.0000e+00 
9.4563e+03     0.0000e+00  0.0000e+00     0.0000e+00  0.0000e+00     0.0000e+00  0.0000e+00     0.0000e+00  0.0000e+00 
