yF = 5.1943e+00 (std: 0.0000e+00) keV/um
yD = 2.4817e+01 (std: 0.0000e+00) keV/um
y (keV/um)     f(y)(std)                  yf(y)(std)                 d(y)(std)                  yd(y)(std)  
1.0610e-01     2.4395e+01  0.0000e+00     2.5883e+00  0.0000e+00     4.9830e-01  0.0000e+00     5.2870e-02  0.0000e+00 
1.1905e-01     1.8071e+00  0.0000e+00     2.1513e-01  0.0000e+00     4.1416e-02  0.0000e+00     4.9305e-03  0.0000e+00 
1.3357e-01     5.4477e-01  0.0000e+00     7.2766e-02  0.0000e+00     1.4009e-02  0.0000e+00     1.8712e-03  0.0000e+00 
1.4987e-01     2.7045e+00  0.0000e+00     4.0533e-01  0.0000e+00     7.8034e-02  0.0000e+00     1.1695e-02  0.0000e+00 
1.6816e-01     8.2689e-01  0.0000e+00     1.3905e-01  0.0000e+00     2.6769e-02  0.0000e+00     4.5015e-03  0.0000e+00 
1.8868e-01     5.8881e-01  0.0000e+00     1.1109e-01  0.0000e+00     2.1388e-02  0.0000e+00     4.0354e-03  0.0000e+00 
2.1170e-01     5.9216e-01  0.0000e+00     1.2536e-01  0.0000e+00     2.4134e-02  0.0000e+00     5.1092e-03  0.0000e+00 
2.3753e-01     5.9024e-01  0.0000e+00     1.4020e-01  0.0000e+00     2.6991e-02  0.0000e+00     6.4113e-03  0.0000e+00 
2.6651e-01     3.1628e-01  0.0000e+00     8.4293e-02  0.0000e+00     1.6228e-02  0.0000e+00     4.3250e-03  0.0000e+00 
2.9903e-01     2.5972e-01  0.0000e+00     7.7665e-02  0.0000e+00     1.4952e-02  0.0000e+00     4.4712e-03  0.0000e+00 
3.3552e-01     1.3266e+00  0.0000e+00     4.4510e-01  0.0000e+00     8.5690e-02  0.0000e+00     2.8751e-02  0.0000e+00 
3.7646e-01     9.0024e-01  0.0000e+00     3.3890e-01  0.0000e+00     6.5245e-02  0.0000e+00     2.4562e-02  0.0000e+00 
4.2240e-01     3.7865e-01  0.0000e+00     1.5994e-01  0.0000e+00     3.0792e-02  0.0000e+00     1.3006e-02  0.0000e+00 
4.7394e-01     3.8126e-01  0.0000e+00     1.8069e-01  0.0000e+00     3.4786e-02  0.0000e+00     1.6487e-02  0.0000e+00 
5.3176e-01     2.4523e-01  0.0000e+00     1.3040e-01  0.0000e+00     2.5105e-02  0.0000e+00     1.3350e-02  0.0000e+00 
5.9665e-01     1.3741e-01  0.0000e+00     8.1988e-02  0.0000e+00     1.5784e-02  0.0000e+00     9.4177e-03  0.0000e+00 
6.6945e-01     2.1352e-01  0.0000e+00     1.4294e-01  0.0000e+00     2.7518e-02  0.0000e+00     1.8422e-02  0.0000e+00 
7.5114e-01     1.7764e-01  0.0000e+00     1.3343e-01  0.0000e+00     2.5688e-02  0.0000e+00     1.9295e-02  0.0000e+00 
8.4279e-01     7.8475e-02  0.0000e+00     6.6138e-02  0.0000e+00     1.2733e-02  0.0000e+00     1.0731e-02  0.0000e+00 
9.4563e-01     4.7237e-02  0.0000e+00     4.4668e-02  0.0000e+00     8.5995e-03  0.0000e+00     8.1319e-03  0.0000e+00 
1.0610e+00     3.7754e-02  0.0000e+00     4.0057e-02  0.0000e+00     7.7118e-03  0.0000e+00     8.1823e-03  0.0000e+00 
1.1905e+00     2.1303e-02  0.0000e+00     2.5360e-02  0.0000e+00     4.8823e-03  0.0000e+00     5.8123e-03  0.0000e+00 
1.3357e+00     1.5642e-02  0.0000e+00     2.0893e-02  0.0000e+00     4.0224e-03  0.0000e+00     5.3728e-03  0.0000e+00 
1.4987e+00     5.2879e-03  0.0000e+00     7.9250e-03  0.0000e+00     1.5257e-03  0.0000e+00     2.2866e-03  0.0000e+00 
1.6816e+00     2.0565e-03  0.0000e+00     3.4582e-03  0.0000e+00     6.6577e-04  0.0000e+00     1.1195e-03  0.0000e+00 
1.8868e+00     1.2983e-03  0.0000e+00     2.4496e-03  0.0000e+00     4.7159e-04  0.0000e+00     8.8978e-04  0.0000e+00 
2.1170e+00     2.7226e-04  0.0000e+00     5.7637e-04  0.0000e+00     1.1096e-04  0.0000e+00     2.3490e-04  0.0000e+00 
2.3753e+00     1.2132e-04  0.0000e+00     2.8818e-04  0.0000e+00     5.5481e-05  0.0000e+00     1.3178e-04  0.0000e+00 
2.6651e+00     5.4065e-05  0.0000e+00     1.4409e-04  0.0000e+00     2.7740e-05  0.0000e+00     7.3932e-05  0.0000e+00 
2.9903e+00     0.0000e+00  0.0000e+00     0.0000e+00  0.0000e+00     0.0000e+00  0.0000e+00     0.0000e+00  0.0000e+00 
3.3552e+00     0.0000e+00  0.0000e+00     0.0000e+00  0.0000e+00     0.0000e+00  0.0000e+00     0.0000e+00  0.0000e+00 
3.7646e+00     0.0000e+00  0.0000e+00     0.0000e+00  0.0000e+00     0.0000e+00  0.0000e+00     0.0000e+00  0.0000e+00 
4.2240e+00     0.0000e+00  0.0000e+00     0.0000e+00  0.0000e+00     0.0000e+00  0.0000e+00     0.0000e+00  0.0000e+00 
4.7394e+00     0.0000e+00  0.0000e+00     0.0000e+00  0.0000e+00     0.0000e+00  0.0000e+00     0.0000e+00  0.0000e+00 
5.3176e+00     0.0000e+00  0.0000e+00     0.0000e+00  0.0000e+00     0.0000e+00  0.0000e+00     0.0000e+00  0.0000e+00 
5.9665e+00     1.1126e-01  0.0000e+00     6.6383e-01  0.0000e+00     1.2780e-01  0.0000e+00     7.6252e-01  0.0000e+00 
6.6945e+00     2.2944e-02  0.0000e+00     1.5360e-01  0.0000e+00     2.9571e-02  0.0000e+00     1.9797e-01  0.0000e+00 
7.5114e+00     5.7741e-03  0.0000e+00     4.3372e-02  0.0000e+00     8.3499e-03  0.0000e+00     6.2719e-02  0.0000e+00 
8.4279e+00     3.0381e-02  0.0000e+00     2.5605e-01  0.0000e+00     4.9295e-02  0.0000e+00     4.1545e-01  0.0000e+00 
9.4563e+00     1.7173e-02  0.0000e+00     1.6239e-01  0.0000e+00     3.1263e-02  0.0000e+00     2.9564e-01  0.0000e+00 
1.0610e+01     2.8166e-02  0.0000e+00     2.9885e-01  0.0000e+00     5.7534e-02  0.0000e+00     6.1044e-01  0.0000e+00 
1.1905e+01     1.8991e-02  0.0000e+00     2.2608e-01  0.0000e+00     4.3525e-02  0.0000e+00     5.1815e-01  0.0000e+00 
1.3357e+01     1.3603e-02  0.0000e+00     1.8170e-01  0.0000e+00     3.4981e-02  0.0000e+00     4.6725e-01  0.0000e+00 
1.4987e+01     8.3260e-03  0.0000e+00     1.2478e-01  0.0000e+00     2.4023e-02  0.0000e+00     3.6004e-01  0.0000e+00 
1.6816e+01     5.7325e-03  0.0000e+00     9.6397e-02  0.0000e+00     1.8558e-02  0.0000e+00     3.1207e-01  0.0000e+00 
1.8868e+01     4.9487e-03  0.0000e+00     9.3371e-02  0.0000e+00     1.7976e-02  0.0000e+00     3.3916e-01  0.0000e+00 
2.1170e+01     4.4582e-03  0.0000e+00     9.4380e-02  0.0000e+00     1.8170e-02  0.0000e+00     3.8466e-01  0.0000e+00 
2.3753e+01     4.4951e-03  0.0000e+00     1.0677e-01  0.0000e+00     2.0556e-02  0.0000e+00     4.8826e-01  0.0000e+00 
2.6651e+01     2.9790e-03  0.0000e+00     7.9394e-02  0.0000e+00     1.5285e-02  0.0000e+00     4.0736e-01  0.0000e+00 
2.9903e+01     2.1009e-03  0.0000e+00     6.2824e-02  0.0000e+00     1.2095e-02  0.0000e+00     3.6168e-01  0.0000e+00 
3.3552e+01     1.6706e-03  0.0000e+00     5.6052e-02  0.0000e+00     1.0791e-02  0.0000e+00     3.6206e-01  0.0000e+00 
3.7646e+01     1.4200e-03  0.0000e+00     5.3458e-02  0.0000e+00     1.0292e-02  0.0000e+00     3.8744e-01  0.0000e+00 
4.2240e+01     9.8586e-04  0.0000e+00     4.1642e-02  0.0000e+00     8.0170e-03  0.0000e+00     3.3863e-01  0.0000e+00 
4.7394e+01     7.2360e-04  0.0000e+00     3.4294e-02  0.0000e+00     6.6022e-03  0.0000e+00     3.1290e-01  0.0000e+00 
5.3176e+01     5.0671e-04  0.0000e+00     2.6945e-02  0.0000e+00     5.1875e-03  0.0000e+00     2.7585e-01  0.0000e+00 
5.9665e+01     3.3810e-04  0.0000e+00     2.0173e-02  0.0000e+00     3.8837e-03  0.0000e+00     2.3172e-01  0.0000e+00 
6.6945e+01     2.0878e-04  0.0000e+00     1.3977e-02  0.0000e+00     2.6908e-03  0.0000e+00     1.8014e-01  0.0000e+00 
7.5114e+01     1.3428e-04  0.0000e+00     1.0086e-02  0.0000e+00     1.9418e-03  0.0000e+00     1.4586e-01  0.0000e+00 
8.4279e+01     5.4710e-05  0.0000e+00     4.6109e-03  0.0000e+00     8.8769e-04  0.0000e+00     7.4814e-02  0.0000e+00 
9.4563e+01     3.3523e-05  0.0000e+00     3.1700e-03  0.0000e+00     6.1029e-04  0.0000e+00     5.7710e-02  0.0000e+00 
1.0610e+02     1.9013e-05  0.0000e+00     2.0173e-03  0.0000e+00     3.8837e-04  0.0000e+00     4.1206e-02  0.0000e+00 
1.1905e+02     3.6311e-06  0.0000e+00     4.3227e-04  0.0000e+00     8.3221e-05  0.0000e+00     9.9073e-03  0.0000e+00 
1.3357e+02     2.1575e-06  0.0000e+00     2.8818e-04  0.0000e+00     5.5481e-05  0.0000e+00     7.4107e-03  0.0000e+00 
1.4987e+02     0.0000e+00  0.0000e+00     0.0000e+00  0.0000e+00     0.0000e+00  0.0000e+00     0.0000e+00  0.0000e+00 
1.6816e+02     0.0000e+00  0.0000e+00     0.0000e+00  0.0000e+00     0.0000e+00  0.0000e+00     0.0000e+00  0.0000e+00 
1.8868e+02     0.0000e+00  0.0000e+00     0.0000e+00  0.0000e+00     0.0000e+00  0.0000e+00     0.0000e+00  0.0000e+00 
2.1170e+02     0.0000e+00  0.0000e+00     0.0000e+00  0.0000e+00     0.0000e+00  0.0000e+00     0.0000e+00  0.0000e+00 
2.3753e+02     0.0000e+00  0.0000e+00     0.0000e+00  0.0000e+00     0.0000e+00  0.0000e+00     0.0000e+00  0.0000e+00 
2.6651e+02     0.0000e+00  0.0000e+00     0.0000e+00  0.0000e+00     0.0000e+00  0.0000e+00     0.0000e+00  0.0000e+00 
2.9903e+02     0.0000e+00  0.0000e+00     0.0000e+00  0.0000e+00     0.0000e+00  0.0000e+00     0.0000e+00  0.0000e+00 
3.3552e+02     0.0000e+00  0.0000e+00     0.0000e+00  0.0000e+00     0.0000e+00  0.0000e+00     0.0000e+00  0.0000e+00 
3.7646e+02     0.0000e+00  0.0000e+00     0.0000e+00  0.0000e+00     0.0000e+00  0.0000e+00     0.0000e+00  0.0000e+00 
4.2240e+02     0.0000e+00  0.0000e+00     0.0000e+00  0.0000e+00     0.0000e+00  0.0000e+00     0.0000e+00  0.0000e+00 
4.7394e+02     0.0000e+00  0.0000e+00     0.0000e+00  0.0000e+00     0.0000e+00  0.0000e+00     0.0000e+00  0.0000e+00 
5.3176e+02     0.0000e+00  0.0000e+00     0.0000e+00  0.0000e+00     0.0000e+00  0.0000e+00     0.0000e+00  0.0000e+00 
5.9665e+02     0.0000e+00  0.0000e+00     0.0000e+00  0.0000e+00     0.0000e+00  0.0000e+00     0.0000e+00  0.0000e+00 
6.6945e+02     0.0000e+00  0.0000e+00     0.0000e+00  0.0000e+00     0.0000e+00  0.0000e+00     0.0000e+00  0.0000e+00 
7.5114e+02     0.0000e+00  0.0000e+00     0.0000e+00  0.0000e+00     0.0000e+00  0.0000e+00     0.0000e+00  0.0000e+00 
8.4279e+02     0.0000e+00  0.0000e+00     0.0000e+00  0.0000e+00     0.0000e+00  0.0000e+00     0.0000e+00  0.0000e+00 
9.4563e+02     0.0000e+00  0.0000e+00     0.0000e+00  0.0000e+00     0.0000e+00  0.0000e+00     0.0000e+00  0.0000e+00 
1.0610e+03     0.0000e+00  0.0000e+00     0.0000e+00  0.0000e+00     0.0000e+00  0.0000e+00     0.0000e+00  0.0000e+00 
1.1905e+03     0.0000e+00  0.0000e+00     0.0000e+00  0.0000e+00     0.0000e+00  0.0000e+00     0.0000e+00  0.0000e+00 
1.3357e+03     0.0000e+00  0.0000e+00     0.0000e+00  0.0000e+00     0.0000e+00  0.0000e+00     0.0000e+00  0.0000e+00 
1.4987e+03     0.0000e+00  0.0000e+00     0.0000e+00  0.0000e+00     0.0000e+00  0.0000e+00     0.0000e+00  0.0000e+00 
1.6816e+03     0.0000e+00  0.0000e+00     0.0000e+00  0.0000e+00     0.0000e+00  0.0000e+00     0.0000e+00  0.0000e+00 
1.8868e+03     0.0000e+00  0.0000e+00     0.0000e+00  0.0000e+00     0.0000e+00  0.0000e+00     0.0000e+00  0.0000e+00 
2.1170e+03     0.0000e+00  0.0000e+00     0.0000e+00  0.0000e+00     0.0000e+00  0.0000e+00     0.0000e+00  0.0000e+00 
2.3753e+03     0.0000e+00  0.0000e+00     0.0000e+00  0.0000e+00     0.0000e+00  0.0000e+00     0.0000e+00  0.0000e+00 
2.6651e+03     0.0000e+00  0.0000e+00     0.0000e+00  0.0000e+00     0.0000e+00  0.0000e+00     0.0000e+00  0.0000e+00 
2.9903e+03     0.0000e+00  0.0000e+00     0.0000e+00  0.0000e+00     0.0000e+00  0.0000e+00     0.0000e+00  0.0000e+00 
3.3552e+03     0.0000e+00  0.0000e+00     0.0000e+00  0.0000e+00     0.0000e+00  0.0000e+00     0.0000e+00  0.0000e+00 
3.7646e+03     0.0000e+00  0.0000e+00     0.0000e+00  0.0000e+00     0.0000e+00  0.0000e+00     0.0000e+00  0.0000e+00 
4.2240e+03     0.0000e+00  0.0000e+00     0.0000e+00  0.0000e+00     0.0000e+00  0.0000e+00     0.0000e+00  0.0000e+00 
4.7394e+03     0.0000e+00  0.0000e+00     0.0000e+00  0.0000e+00     0.0000e+00  0.0000e+00     0.0000e+00  0.0000e+00 
5.3176e+03     0.0000e+00  0.0000e+00     0.0000e+00  0.0000e+00     0.0000e+00  0.0000e+00     0.0000e+00  0.0000e+00 
5.9665e+03     0.0000e+00  0.0000e+00     0.0000e+00  0.0000e+00     0.0000e+00  0.0000e+00     0.0000e+00  0.0000e+00 
6.6945e+03     0.0000e+00  0.0000e+00     0.0000e+00  0.0000e+00     0.0000e+00  0.0000e+00     0.0000e+00  0.0000e+00 
7.5114e+03     0.0000e+00  0.0000e+00     0.0000e+00  0.0000e+00     0.0000e+00  0.0000e+00     0.0000e+00  0.0000e+00 
8.4279e+03     0.0000e+00  0.0000e+00     0.0000e+00  0.0000e+00     0.0000e+00  0.0000e+00     0.0000e+00  0.0000e+00 
9.4563e+03     0.0000e+00  0.0000e+00     0.0000e+00  0.0000e+00     0.0000e+00  0.0000e+00     0.0000e+00  0.0000e+00 
