yF = 5.4792e+00 (std: 0.0000e+00) keV/um
yD = 2.4485e+01 (std: 0.0000e+00) keV/um
y (keV/um)     f(y)(std)                  yf(y)(std)                 d(y)(std)                  yd(y)(std)  
1.0610e-01     2.2156e+01  0.0000e+00     2.3508e+00  0.0000e+00     4.2904e-01  0.0000e+00     4.5522e-02  0.0000e+00 
1.1905e-01     1.8417e+00  0.0000e+00     2.1924e-01  0.0000e+00     4.0014e-02  0.0000e+00     4.7635e-03  0.0000e+00 
1.3357e-01     5.9802e-01  0.0000e+00     7.9879e-02  0.0000e+00     1.4579e-02  0.0000e+00     1.9473e-03  0.0000e+00 
1.4987e-01     2.6054e+00  0.0000e+00     3.9047e-01  0.0000e+00     7.1264e-02  0.0000e+00     1.0680e-02  0.0000e+00 
1.6816e-01     8.7964e-01  0.0000e+00     1.4792e-01  0.0000e+00     2.6997e-02  0.0000e+00     4.5397e-03  0.0000e+00 
1.8868e-01     6.0023e-01  0.0000e+00     1.1325e-01  0.0000e+00     2.0669e-02  0.0000e+00     3.8998e-03  0.0000e+00 
2.1170e-01     6.4956e-01  0.0000e+00     1.3751e-01  0.0000e+00     2.5097e-02  0.0000e+00     5.3130e-03  0.0000e+00 
2.3753e-01     6.3645e-01  0.0000e+00     1.5118e-01  0.0000e+00     2.7591e-02  0.0000e+00     6.5537e-03  0.0000e+00 
2.6651e-01     3.0369e-01  0.0000e+00     8.0938e-02  0.0000e+00     1.4772e-02  0.0000e+00     3.9369e-03  0.0000e+00 
2.9903e-01     2.5375e-01  0.0000e+00     7.5880e-02  0.0000e+00     1.3849e-02  0.0000e+00     4.1412e-03  0.0000e+00 
3.3552e-01     1.2182e+00  0.0000e+00     4.0872e-01  0.0000e+00     7.4595e-02  0.0000e+00     2.5028e-02  0.0000e+00 
3.7646e-01     8.5971e-01  0.0000e+00     3.2365e-01  0.0000e+00     5.9069e-02  0.0000e+00     2.2237e-02  0.0000e+00 
4.2240e-01     4.0587e-01  0.0000e+00     1.7144e-01  0.0000e+00     3.1289e-02  0.0000e+00     1.3216e-02  0.0000e+00 
4.7394e-01     4.0962e-01  0.0000e+00     1.9414e-01  0.0000e+00     3.5431e-02  0.0000e+00     1.6792e-02  0.0000e+00 
5.3176e-01     2.8449e-01  0.0000e+00     1.5128e-01  0.0000e+00     2.7610e-02  0.0000e+00     1.4682e-02  0.0000e+00 
5.9665e-01     1.4977e-01  0.0000e+00     8.9361e-02  0.0000e+00     1.6309e-02  0.0000e+00     9.7308e-03  0.0000e+00 
6.6945e-01     2.1941e-01  0.0000e+00     1.4689e-01  0.0000e+00     2.6808e-02  0.0000e+00     1.7947e-02  0.0000e+00 
7.5114e-01     1.9326e-01  0.0000e+00     1.4516e-01  0.0000e+00     2.6494e-02  0.0000e+00     1.9901e-02  0.0000e+00 
8.4279e-01     1.0449e-01  0.0000e+00     8.8063e-02  0.0000e+00     1.6072e-02  0.0000e+00     1.3546e-02  0.0000e+00 
9.4563e-01     6.5259e-02  0.0000e+00     6.1710e-02  0.0000e+00     1.1263e-02  0.0000e+00     1.0650e-02  0.0000e+00 
1.0610e+00     5.0823e-02  0.0000e+00     5.3924e-02  0.0000e+00     9.8415e-03  0.0000e+00     1.0442e-02  0.0000e+00 
1.1905e+00     2.9411e-02  0.0000e+00     3.5013e-02  0.0000e+00     6.3902e-03  0.0000e+00     7.6074e-03  0.0000e+00 
1.3357e+00     1.6576e-02  0.0000e+00     2.2142e-02  0.0000e+00     4.0410e-03  0.0000e+00     5.3977e-03  0.0000e+00 
1.4987e+00     9.1894e-03  0.0000e+00     1.3772e-02  0.0000e+00     2.5136e-03  0.0000e+00     3.7671e-03  0.0000e+00 
1.6816e+00     4.9928e-03  0.0000e+00     8.3958e-03  0.0000e+00     1.5323e-03  0.0000e+00     2.5767e-03  0.0000e+00 
1.8868e+00     2.2740e-03  0.0000e+00     4.2906e-03  0.0000e+00     7.8307e-04  0.0000e+00     1.4775e-03  0.0000e+00 
2.1170e+00     7.8818e-04  0.0000e+00     1.6686e-03  0.0000e+00     3.0453e-04  0.0000e+00     6.4468e-04  0.0000e+00 
2.3753e+00     3.4566e-04  0.0000e+00     8.2104e-04  0.0000e+00     1.4985e-04  0.0000e+00     3.5593e-04  0.0000e+00 
2.6651e+00     1.2919e-04  0.0000e+00     3.4431e-04  0.0000e+00     6.2839e-05  0.0000e+00     1.6747e-04  0.0000e+00 
2.9903e+00     1.7714e-05  0.0000e+00     5.2970e-05  0.0000e+00     9.6675e-06  0.0000e+00     2.8909e-05  0.0000e+00 
3.3552e+00     7.8937e-06  0.0000e+00     2.6485e-05  0.0000e+00     4.8338e-06  0.0000e+00     1.6218e-05  0.0000e+00 
3.7646e+00     7.0353e-06  0.0000e+00     2.6485e-05  0.0000e+00     4.8338e-06  0.0000e+00     1.8197e-05  0.0000e+00 
4.2240e+00     0.0000e+00  0.0000e+00     0.0000e+00  0.0000e+00     0.0000e+00  0.0000e+00     0.0000e+00  0.0000e+00 
4.7394e+00     0.0000e+00  0.0000e+00     0.0000e+00  0.0000e+00     0.0000e+00  0.0000e+00     0.0000e+00  0.0000e+00 
5.3176e+00     0.0000e+00  0.0000e+00     0.0000e+00  0.0000e+00     0.0000e+00  0.0000e+00     0.0000e+00  0.0000e+00 
5.9665e+00     9.8989e-02  0.0000e+00     5.9062e-01  0.0000e+00     1.0779e-01  0.0000e+00     6.4315e-01  0.0000e+00 
6.6945e+00     2.5989e-02  0.0000e+00     1.7398e-01  0.0000e+00     3.1753e-02  0.0000e+00     2.1257e-01  0.0000e+00 
7.5114e+00     6.7629e-03  0.0000e+00     5.0798e-02  0.0000e+00     9.2712e-03  0.0000e+00     6.9639e-02  0.0000e+00 
8.4279e+00     2.8167e-02  0.0000e+00     2.3739e-01  0.0000e+00     4.3325e-02  0.0000e+00     3.6514e-01  0.0000e+00 
9.4563e+00     2.1566e-02  0.0000e+00     2.0394e-01  0.0000e+00     3.7220e-02  0.0000e+00     3.5196e-01  0.0000e+00 
1.0610e+01     3.0064e-02  0.0000e+00     3.1899e-01  0.0000e+00     5.8218e-02  0.0000e+00     6.1770e-01  0.0000e+00 
1.1905e+01     2.0477e-02  0.0000e+00     2.4377e-01  0.0000e+00     4.4490e-02  0.0000e+00     5.2964e-01  0.0000e+00 
1.3357e+01     1.5111e-02  0.0000e+00     2.0184e-01  0.0000e+00     3.6838e-02  0.0000e+00     4.9206e-01  0.0000e+00 
1.4987e+01     9.5729e-03  0.0000e+00     1.4347e-01  0.0000e+00     2.6184e-02  0.0000e+00     3.9243e-01  0.0000e+00 
1.6816e+01     6.6450e-03  0.0000e+00     1.1174e-01  0.0000e+00     2.0394e-02  0.0000e+00     3.4294e-01  0.0000e+00 
1.8868e+01     5.5138e-03  0.0000e+00     1.0403e-01  0.0000e+00     1.8987e-02  0.0000e+00     3.5824e-01  0.0000e+00 
2.1170e+01     5.1419e-03  0.0000e+00     1.0885e-01  0.0000e+00     1.9867e-02  0.0000e+00     4.2058e-01  0.0000e+00 
2.3753e+01     4.5582e-03  0.0000e+00     1.0827e-01  0.0000e+00     1.9760e-02  0.0000e+00     4.6937e-01  0.0000e+00 
2.6651e+01     3.1502e-03  0.0000e+00     8.3958e-02  0.0000e+00     1.5323e-02  0.0000e+00     4.0838e-01  0.0000e+00 
2.9903e+01     2.2027e-03  0.0000e+00     6.5868e-02  0.0000e+00     1.2022e-02  0.0000e+00     3.5948e-01  0.0000e+00 
3.3552e+01     1.9711e-03  0.0000e+00     6.6133e-02  0.0000e+00     1.2070e-02  0.0000e+00     4.0497e-01  0.0000e+00 
3.7646e+01     1.4408e-03  0.0000e+00     5.4241e-02  0.0000e+00     9.8995e-03  0.0000e+00     3.7268e-01  0.0000e+00 
4.2240e+01     1.0202e-03  0.0000e+00     4.3091e-02  0.0000e+00     7.8645e-03  0.0000e+00     3.3219e-01  0.0000e+00 
4.7394e+01     7.6728e-04  0.0000e+00     3.6364e-02  0.0000e+00     6.6368e-03  0.0000e+00     3.1454e-01  0.0000e+00 
5.3176e+01     4.8910e-04  0.0000e+00     2.6008e-02  0.0000e+00     4.7468e-03  0.0000e+00     2.5242e-01  0.0000e+00 
5.9665e+01     3.6044e-04  0.0000e+00     2.1506e-02  0.0000e+00     3.9250e-03  0.0000e+00     2.3419e-01  0.0000e+00 
6.6945e+01     1.9900e-04  0.0000e+00     1.3322e-02  0.0000e+00     2.4314e-03  0.0000e+00     1.6277e-01  0.0000e+00 
7.5114e+01     1.1883e-04  0.0000e+00     8.9255e-03  0.0000e+00     1.6290e-03  0.0000e+00     1.2236e-01  0.0000e+00 
8.4279e+01     6.0023e-05  0.0000e+00     5.0587e-03  0.0000e+00     9.2325e-04  0.0000e+00     7.7810e-02  0.0000e+00 
9.4563e+01     2.9969e-05  0.0000e+00     2.8339e-03  0.0000e+00     5.1721e-04  0.0000e+00     4.8909e-02  0.0000e+00 
1.0610e+02     1.5477e-05  0.0000e+00     1.6421e-03  0.0000e+00     2.9969e-04  0.0000e+00     3.1798e-02  0.0000e+00 
1.1905e+02     6.0068e-06  0.0000e+00     7.1510e-04  0.0000e+00     1.3051e-04  0.0000e+00     1.5537e-02  0.0000e+00 
1.3357e+02     1.3880e-06  0.0000e+00     1.8540e-04  0.0000e+00     3.3836e-05  0.0000e+00     4.5196e-03  0.0000e+00 
1.4987e+02     0.0000e+00  0.0000e+00     0.0000e+00  0.0000e+00     0.0000e+00  0.0000e+00     0.0000e+00  0.0000e+00 
1.6816e+02     0.0000e+00  0.0000e+00     0.0000e+00  0.0000e+00     0.0000e+00  0.0000e+00     0.0000e+00  0.0000e+00 
1.8868e+02     0.0000e+00  0.0000e+00     0.0000e+00  0.0000e+00     0.0000e+00  0.0000e+00     0.0000e+00  0.0000e+00 
2.1170e+02     0.0000e+00  0.0000e+00     0.0000e+00  0.0000e+00     0.0000e+00  0.0000e+00     0.0000e+00  0.0000e+00 
2.3753e+02     0.0000e+00  0.0000e+00     0.0000e+00  0.0000e+00     0.0000e+00  0.0000e+00     0.0000e+00  0.0000e+00 
2.6651e+02     0.0000e+00  0.0000e+00     0.0000e+00  0.0000e+00     0.0000e+00  0.0000e+00     0.0000e+00  0.0000e+00 
2.9903e+02     0.0000e+00  0.0000e+00     0.0000e+00  0.0000e+00     0.0000e+00  0.0000e+00     0.0000e+00  0.0000e+00 
3.3552e+02     0.0000e+00  0.0000e+00     0.0000e+00  0.0000e+00     0.0000e+00  0.0000e+00     0.0000e+00  0.0000e+00 
3.7646e+02     0.0000e+00  0.0000e+00     0.0000e+00  0.0000e+00     0.0000e+00  0.0000e+00     0.0000e+00  0.0000e+00 
4.2240e+02     0.0000e+00  0.0000e+00     0.0000e+00  0.0000e+00     0.0000e+00  0.0000e+00     0.0000e+00  0.0000e+00 
4.7394e+02     0.0000e+00  0.0000e+00     0.0000e+00  0.0000e+00     0.0000e+00  0.0000e+00     0.0000e+00  0.0000e+00 
5.3176e+02     0.0000e+00  0.0000e+00     0.0000e+00  0.0000e+00     0.0000e+00  0.0000e+00     0.0000e+00  0.0000e+00 
5.9665e+02     0.0000e+00  0.0000e+00     0.0000e+00  0.0000e+00     0.0000e+00  0.0000e+00     0.0000e+00  0.0000e+00 
6.6945e+02     0.0000e+00  0.0000e+00     0.0000e+00  0.0000e+00     0.0000e+00  0.0000e+00     0.0000e+00  0.0000e+00 
7.5114e+02     0.0000e+00  0.0000e+00     0.0000e+00  0.0000e+00     0.0000e+00  0.0000e+00     0.0000e+00  0.0000e+00 
8.4279e+02     0.0000e+00  0.0000e+00     0.0000e+00  0.0000e+00     0.0000e+00  0.0000e+00     0.0000e+00  0.0000e+00 
9.4563e+02     0.0000e+00  0.0000e+00     0.0000e+00  0.0000e+00     0.0000e+00  0.0000e+00     0.0000e+00  0.0000e+00 
1.0610e+03     0.0000e+00  0.0000e+00     0.0000e+00  0.0000e+00     0.0000e+00  0.0000e+00     0.0000e+00  0.0000e+00 
1.1905e+03     0.0000e+00  0.0000e+00     0.0000e+00  0.0000e+00     0.0000e+00  0.0000e+00     0.0000e+00  0.0000e+00 
1.3357e+03     0.0000e+00  0.0000e+00     0.0000e+00  0.0000e+00     0.0000e+00  0.0000e+00     0.0000e+00  0.0000e+00 
1.4987e+03     0.0000e+00  0.0000e+00     0.0000e+00  0.0000e+00     0.0000e+00  0.0000e+00     0.0000e+00  0.0000e+00 
1.6816e+03     0.0000e+00  0.0000e+00     0.0000e+00  0.0000e+00     0.0000e+00  0.0000e+00     0.0000e+00  0.0000e+00 
1.8868e+03     0.0000e+00  0.0000e+00     0.0000e+00  0.0000e+00     0.0000e+00  0.0000e+00     0.0000e+00  0.0000e+00 
2.1170e+03     0.0000e+00  0.0000e+00     0.0000e+00  0.0000e+00     0.0000e+00  0.0000e+00     0.0000e+00  0.0000e+00 
2.3753e+03     0.0000e+00  0.0000e+00     0.0000e+00  0.0000e+00     0.0000e+00  0.0000e+00     0.0000e+00  0.0000e+00 
2.6651e+03     0.0000e+00  0.0000e+00     0.0000e+00  0.0000e+00     0.0000e+00  0.0000e+00     0.0000e+00  0.0000e+00 
2.9903e+03     0.0000e+00  0.0000e+00     0.0000e+00  0.0000e+00     0.0000e+00  0.0000e+00     0.0000e+00  0.0000e+00 
3.3552e+03     0.0000e+00  0.0000e+00     0.0000e+00  0.0000e+00     0.0000e+00  0.0000e+00     0.0000e+00  0.0000e+00 
3.7646e+03     0.0000e+00  0.0000e+00     0.0000e+00  0.0000e+00     0.0000e+00  0.0000e+00     0.0000e+00  0.0000e+00 
4.2240e+03     0.0000e+00  0.0000e+00     0.0000e+00  0.0000e+00     0.0000e+00  0.0000e+00     0.0000e+00  0.0000e+00 
4.7394e+03     0.0000e+00  0.0000e+00     0.0000e+00  0.0000e+00     0.0000e+00  0.0000e+00     0.0000e+00  0.0000e+00 
5.3176e+03     0.0000e+00  0.0000e+00     0.0000e+00  0.0000e+00     0.0000e+00  0.0000e+00     0.0000e+00  0.0000e+00 
5.9665e+03     0.0000e+00  0.0000e+00     0.0000e+00  0.0000e+00     0.0000e+00  0.0000e+00     0.0000e+00  0.0000e+00 
6.6945e+03     0.0000e+00  0.0000e+00     0.0000e+00  0.0000e+00     0.0000e+00  0.0000e+00     0.0000e+00  0.0000e+00 
7.5114e+03     0.0000e+00  0.0000e+00     0.0000e+00  0.0000e+00     0.0000e+00  0.0000e+00     0.0000e+00  0.0000e+00 
8.4279e+03     0.0000e+00  0.0000e+00     0.0000e+00  0.0000e+00     0.0000e+00  0.0000e+00     0.0000e+00  0.0000e+00 
9.4563e+03     0.0000e+00  0.0000e+00     0.0000e+00  0.0000e+00     0.0000e+00  0.0000e+00     0.0000e+00  0.0000e+00 
