yF = 4.7413e+00 (std: 0.0000e+00) keV/um
yD = 2.2677e+01 (std: 0.0000e+00) keV/um
y (keV/um)     f(y)(std)                  yf(y)(std)                 d(y)(std)                  yd(y)(std)  
1.0610e-01     2.4931e+01  0.0000e+00     2.6452e+00  0.0000e+00     5.5791e-01  0.0000e+00     5.9194e-02  0.0000e+00 
1.1905e-01     1.8446e+00  0.0000e+00     2.1960e-01  0.0000e+00     4.6316e-02  0.0000e+00     5.5138e-03  0.0000e+00 
1.3357e-01     5.6021e-01  0.0000e+00     7.4830e-02  0.0000e+00     1.5783e-02  0.0000e+00     2.1081e-03  0.0000e+00 
1.4987e-01     2.8190e+00  0.0000e+00     4.2248e-01  0.0000e+00     8.9107e-02  0.0000e+00     1.3355e-02  0.0000e+00 
1.6816e-01     8.7308e-01  0.0000e+00     1.4682e-01  0.0000e+00     3.0966e-02  0.0000e+00     5.2071e-03  0.0000e+00 
1.8868e-01     6.2564e-01  0.0000e+00     1.1804e-01  0.0000e+00     2.4897e-02  0.0000e+00     4.6975e-03  0.0000e+00 
2.1170e-01     6.4517e-01  0.0000e+00     1.3658e-01  0.0000e+00     2.8807e-02  0.0000e+00     6.0984e-03  0.0000e+00 
2.3753e-01     5.9128e-01  0.0000e+00     1.4045e-01  0.0000e+00     2.9622e-02  0.0000e+00     7.0362e-03  0.0000e+00 
2.6651e-01     2.8931e-01  0.0000e+00     7.7104e-02  0.0000e+00     1.6262e-02  0.0000e+00     4.3341e-03  0.0000e+00 
2.9903e-01     2.1259e-01  0.0000e+00     6.3571e-02  0.0000e+00     1.3408e-02  0.0000e+00     4.0094e-03  0.0000e+00 
3.3552e-01     1.2914e+00  0.0000e+00     4.3328e-01  0.0000e+00     9.1385e-02  0.0000e+00     3.0662e-02  0.0000e+00 
3.7646e-01     9.1018e-01  0.0000e+00     3.4265e-01  0.0000e+00     7.2269e-02  0.0000e+00     2.7206e-02  0.0000e+00 
4.2240e-01     4.1031e-01  0.0000e+00     1.7331e-01  0.0000e+00     3.6554e-02  0.0000e+00     1.5440e-02  0.0000e+00 
4.7394e-01     3.8105e-01  0.0000e+00     1.8059e-01  0.0000e+00     3.8089e-02  0.0000e+00     1.8052e-02  0.0000e+00 
5.3176e-01     2.3696e-01  0.0000e+00     1.2600e-01  0.0000e+00     2.6576e-02  0.0000e+00     1.4132e-02  0.0000e+00 
5.9665e-01     1.3628e-01  0.0000e+00     8.1312e-02  0.0000e+00     1.7150e-02  0.0000e+00     1.0232e-02  0.0000e+00 
6.6945e-01     2.0963e-01  0.0000e+00     1.4033e-01  0.0000e+00     2.9598e-02  0.0000e+00     1.9815e-02  0.0000e+00 
7.5114e-01     1.8607e-01  0.0000e+00     1.3977e-01  0.0000e+00     2.9478e-02  0.0000e+00     2.2142e-02  0.0000e+00 
8.4279e-01     8.4065e-02  0.0000e+00     7.0849e-02  0.0000e+00     1.4943e-02  0.0000e+00     1.2594e-02  0.0000e+00 
9.4563e-01     5.4238e-02  0.0000e+00     5.1289e-02  0.0000e+00     1.0818e-02  0.0000e+00     1.0229e-02  0.0000e+00 
1.0610e+00     4.1051e-02  0.0000e+00     4.3556e-02  0.0000e+00     9.1865e-03  0.0000e+00     9.7470e-03  0.0000e+00 
1.1905e+00     2.1971e-02  0.0000e+00     2.6156e-02  0.0000e+00     5.5167e-03  0.0000e+00     6.5675e-03  0.0000e+00 
1.3357e+00     9.8761e-03  0.0000e+00     1.3192e-02  0.0000e+00     2.7823e-03  0.0000e+00     3.7165e-03  0.0000e+00 
1.4987e+00     6.8292e-03  0.0000e+00     1.0235e-02  0.0000e+00     2.1587e-03  0.0000e+00     3.2353e-03  0.0000e+00 
1.6816e+00     1.9612e-03  0.0000e+00     3.2980e-03  0.0000e+00     6.9558e-04  0.0000e+00     1.1697e-03  0.0000e+00 
1.8868e+00     9.0411e-04  0.0000e+00     1.7058e-03  0.0000e+00     3.5979e-04  0.0000e+00     6.7883e-04  0.0000e+00 
2.1170e+00     5.3719e-04  0.0000e+00     1.1372e-03  0.0000e+00     2.3986e-04  0.0000e+00     5.0777e-04  0.0000e+00 
2.3753e+00     1.4363e-04  0.0000e+00     3.4117e-04  0.0000e+00     7.1957e-05  0.0000e+00     1.7092e-04  0.0000e+00 
2.6651e+00     4.2671e-05  0.0000e+00     1.1372e-04  0.0000e+00     2.3986e-05  0.0000e+00     6.3925e-05  0.0000e+00 
2.9903e+00     0.0000e+00  0.0000e+00     0.0000e+00  0.0000e+00     0.0000e+00  0.0000e+00     0.0000e+00  0.0000e+00 
3.3552e+00     0.0000e+00  0.0000e+00     0.0000e+00  0.0000e+00     0.0000e+00  0.0000e+00     0.0000e+00  0.0000e+00 
3.7646e+00     0.0000e+00  0.0000e+00     0.0000e+00  0.0000e+00     0.0000e+00  0.0000e+00     0.0000e+00  0.0000e+00 
4.2240e+00     0.0000e+00  0.0000e+00     0.0000e+00  0.0000e+00     0.0000e+00  0.0000e+00     0.0000e+00  0.0000e+00 
4.7394e+00     0.0000e+00  0.0000e+00     0.0000e+00  0.0000e+00     0.0000e+00  0.0000e+00     0.0000e+00  0.0000e+00 
5.3176e+00     0.0000e+00  0.0000e+00     0.0000e+00  0.0000e+00     0.0000e+00  0.0000e+00     0.0000e+00  0.0000e+00 
5.9665e+00     1.1686e-01  0.0000e+00     6.9724e-01  0.0000e+00     1.4706e-01  0.0000e+00     8.7741e-01  0.0000e+00 
6.6945e+00     2.3613e-02  0.0000e+00     1.5807e-01  0.0000e+00     3.3340e-02  0.0000e+00     2.2320e-01  0.0000e+00 
7.5114e+00     6.1620e-03  0.0000e+00     4.6285e-02  0.0000e+00     9.7622e-03  0.0000e+00     7.3327e-02  0.0000e+00 
8.4279e+00     3.0738e-02  0.0000e+00     2.5906e-01  0.0000e+00     5.4639e-02  0.0000e+00     4.6049e-01  0.0000e+00 
9.4563e+00     1.6572e-02  0.0000e+00     1.5671e-01  0.0000e+00     3.3052e-02  0.0000e+00     3.1255e-01  0.0000e+00 
1.0610e+01     2.7321e-02  0.0000e+00     2.8988e-01  0.0000e+00     6.1139e-02  0.0000e+00     6.4870e-01  0.0000e+00 
1.1905e+01     1.7529e-02  0.0000e+00     2.0868e-01  0.0000e+00     4.4014e-02  0.0000e+00     5.2397e-01  0.0000e+00 
1.3357e+01     1.2532e-02  0.0000e+00     1.6740e-01  0.0000e+00     3.5307e-02  0.0000e+00     4.7161e-01  0.0000e+00 
1.4987e+01     7.8764e-03  0.0000e+00     1.1804e-01  0.0000e+00     2.4897e-02  0.0000e+00     3.7314e-01  0.0000e+00 
1.6816e+01     5.4644e-03  0.0000e+00     9.1888e-02  0.0000e+00     1.9380e-02  0.0000e+00     3.2590e-01  0.0000e+00 
1.8868e+01     4.5145e-03  0.0000e+00     8.5178e-02  0.0000e+00     1.7965e-02  0.0000e+00     3.3896e-01  0.0000e+00 
2.1170e+01     4.2170e-03  0.0000e+00     8.9272e-02  0.0000e+00     1.8829e-02  0.0000e+00     3.9860e-01  0.0000e+00 
2.3753e+01     4.4286e-03  0.0000e+00     1.0519e-01  0.0000e+00     2.2187e-02  0.0000e+00     5.2700e-01  0.0000e+00 
2.6651e+01     2.4408e-03  0.0000e+00     6.5050e-02  0.0000e+00     1.3720e-02  0.0000e+00     3.6565e-01  0.0000e+00 
2.9903e+01     1.7038e-03  0.0000e+00     5.0948e-02  0.0000e+00     1.0746e-02  0.0000e+00     3.2133e-01  0.0000e+00 
3.3552e+01     1.6744e-03  0.0000e+00     5.6179e-02  0.0000e+00     1.1849e-02  0.0000e+00     3.9756e-01  0.0000e+00 
3.7646e+01     1.1238e-03  0.0000e+00     4.2305e-02  0.0000e+00     8.9227e-03  0.0000e+00     3.3590e-01  0.0000e+00 
4.2240e+01     8.7501e-04  0.0000e+00     3.6960e-02  0.0000e+00     7.7953e-03  0.0000e+00     3.2927e-01  0.0000e+00 
4.7394e+01     5.9989e-04  0.0000e+00     2.8431e-02  0.0000e+00     5.9964e-03  0.0000e+00     2.8419e-01  0.0000e+00 
5.3176e+01     4.0847e-04  0.0000e+00     2.1721e-02  0.0000e+00     4.5813e-03  0.0000e+00     2.4362e-01  0.0000e+00 
5.9665e+01     2.6875e-04  0.0000e+00     1.6035e-02  0.0000e+00     3.3820e-03  0.0000e+00     2.0179e-01  0.0000e+00 
6.6945e+01     1.3420e-04  0.0000e+00     8.9841e-03  0.0000e+00     1.8949e-03  0.0000e+00     1.2685e-01  0.0000e+00 
7.5114e+01     8.4785e-05  0.0000e+00     6.3685e-03  0.0000e+00     1.3432e-03  0.0000e+00     1.0089e-01  0.0000e+00 
8.4279e+01     3.9132e-05  0.0000e+00     3.2980e-03  0.0000e+00     6.9558e-04  0.0000e+00     5.8623e-02  0.0000e+00 
9.4563e+01     1.2026e-05  0.0000e+00     1.1372e-03  0.0000e+00     2.3986e-04  0.0000e+00     2.2681e-02  0.0000e+00 
1.0610e+02     7.5029e-06  0.0000e+00     7.9606e-04  0.0000e+00     1.6790e-04  0.0000e+00     1.7814e-02  0.0000e+00 
1.1905e+02     1.9106e-06  0.0000e+00     2.2745e-04  0.0000e+00     4.7971e-05  0.0000e+00     5.7109e-03  0.0000e+00 
1.3357e+02     8.5139e-07  0.0000e+00     1.1372e-04  0.0000e+00     2.3986e-05  0.0000e+00     3.2038e-03  0.0000e+00 
1.4987e+02     7.5880e-07  0.0000e+00     1.1372e-04  0.0000e+00     2.3986e-05  0.0000e+00     3.5948e-03  0.0000e+00 
1.6816e+02     6.7628e-07  0.0000e+00     1.1372e-04  0.0000e+00     2.3986e-05  0.0000e+00     4.0334e-03  0.0000e+00 
1.8868e+02     0.0000e+00  0.0000e+00     0.0000e+00  0.0000e+00     0.0000e+00  0.0000e+00     0.0000e+00  0.0000e+00 
2.1170e+02     0.0000e+00  0.0000e+00     0.0000e+00  0.0000e+00     0.0000e+00  0.0000e+00     0.0000e+00  0.0000e+00 
2.3753e+02     0.0000e+00  0.0000e+00     0.0000e+00  0.0000e+00     0.0000e+00  0.0000e+00     0.0000e+00  0.0000e+00 
2.6651e+02     0.0000e+00  0.0000e+00     0.0000e+00  0.0000e+00     0.0000e+00  0.0000e+00     0.0000e+00  0.0000e+00 
2.9903e+02     0.0000e+00  0.0000e+00     0.0000e+00  0.0000e+00     0.0000e+00  0.0000e+00     0.0000e+00  0.0000e+00 
3.3552e+02     0.0000e+00  0.0000e+00     0.0000e+00  0.0000e+00     0.0000e+00  0.0000e+00     0.0000e+00  0.0000e+00 
3.7646e+02     0.0000e+00  0.0000e+00     0.0000e+00  0.0000e+00     0.0000e+00  0.0000e+00     0.0000e+00  0.0000e+00 
4.2240e+02     0.0000e+00  0.0000e+00     0.0000e+00  0.0000e+00     0.0000e+00  0.0000e+00     0.0000e+00  0.0000e+00 
4.7394e+02     0.0000e+00  0.0000e+00     0.0000e+00  0.0000e+00     0.0000e+00  0.0000e+00     0.0000e+00  0.0000e+00 
5.3176e+02     0.0000e+00  0.0000e+00     0.0000e+00  0.0000e+00     0.0000e+00  0.0000e+00     0.0000e+00  0.0000e+00 
5.9665e+02     0.0000e+00  0.0000e+00     0.0000e+00  0.0000e+00     0.0000e+00  0.0000e+00     0.0000e+00  0.0000e+00 
6.6945e+02     0.0000e+00  0.0000e+00     0.0000e+00  0.0000e+00     0.0000e+00  0.0000e+00     0.0000e+00  0.0000e+00 
7.5114e+02     0.0000e+00  0.0000e+00     0.0000e+00  0.0000e+00     0.0000e+00  0.0000e+00     0.0000e+00  0.0000e+00 
8.4279e+02     0.0000e+00  0.0000e+00     0.0000e+00  0.0000e+00     0.0000e+00  0.0000e+00     0.0000e+00  0.0000e+00 
9.4563e+02     0.0000e+00  0.0000e+00     0.0000e+00  0.0000e+00     0.0000e+00  0.0000e+00     0.0000e+00  0.0000e+00 
1.0610e+03     0.0000e+00  0.0000e+00     0.0000e+00  0.0000e+00     0.0000e+00  0.0000e+00     0.0000e+00  0.0000e+00 
1.1905e+03     0.0000e+00  0.0000e+00     0.0000e+00  0.0000e+00     0.0000e+00  0.0000e+00     0.0000e+00  0.0000e+00 
1.3357e+03     0.0000e+00  0.0000e+00     0.0000e+00  0.0000e+00     0.0000e+00  0.0000e+00     0.0000e+00  0.0000e+00 
1.4987e+03     0.0000e+00  0.0000e+00     0.0000e+00  0.0000e+00     0.0000e+00  0.0000e+00     0.0000e+00  0.0000e+00 
1.6816e+03     0.0000e+00  0.0000e+00     0.0000e+00  0.0000e+00     0.0000e+00  0.0000e+00     0.0000e+00  0.0000e+00 
1.8868e+03     0.0000e+00  0.0000e+00     0.0000e+00  0.0000e+00     0.0000e+00  0.0000e+00     0.0000e+00  0.0000e+00 
2.1170e+03     0.0000e+00  0.0000e+00     0.0000e+00  0.0000e+00     0.0000e+00  0.0000e+00     0.0000e+00  0.0000e+00 
2.3753e+03     0.0000e+00  0.0000e+00     0.0000e+00  0.0000e+00     0.0000e+00  0.0000e+00     0.0000e+00  0.0000e+00 
2.6651e+03     0.0000e+00  0.0000e+00     0.0000e+00  0.0000e+00     0.0000e+00  0.0000e+00     0.0000e+00  0.0000e+00 
2.9903e+03     0.0000e+00  0.0000e+00     0.0000e+00  0.0000e+00     0.0000e+00  0.0000e+00     0.0000e+00  0.0000e+00 
3.3552e+03     0.0000e+00  0.0000e+00     0.0000e+00  0.0000e+00     0.0000e+00  0.0000e+00     0.0000e+00  0.0000e+00 
3.7646e+03     0.0000e+00  0.0000e+00     0.0000e+00  0.0000e+00     0.0000e+00  0.0000e+00     0.0000e+00  0.0000e+00 
4.2240e+03     0.0000e+00  0.0000e+00     0.0000e+00  0.0000e+00     0.0000e+00  0.0000e+00     0.0000e+00  0.0000e+00 
4.7394e+03     0.0000e+00  0.0000e+00     0.0000e+00  0.0000e+00     0.0000e+00  0.0000e+00     0.0000e+00  0.0000e+00 
5.3176e+03     0.0000e+00  0.0000e+00     0.0000e+00  0.0000e+00     0.0000e+00  0.0000e+00     0.0000e+00  0.0000e+00 
5.9665e+03     0.0000e+00  0.0000e+00     0.0000e+00  0.0000e+00     0.0000e+00  0.0000e+00     0.0000e+00  0.0000e+00 
6.6945e+03     0.0000e+00  0.0000e+00     0.0000e+00  0.0000e+00     0.0000e+00  0.0000e+00     0.0000e+00  0.0000e+00 
7.5114e+03     0.0000e+00  0.0000e+00     0.0000e+00  0.0000e+00     0.0000e+00  0.0000e+00     0.0000e+00  0.0000e+00 
8.4279e+03     0.0000e+00  0.0000e+00     0.0000e+00  0.0000e+00     0.0000e+00  0.0000e+00     0.0000e+00  0.0000e+00 
9.4563e+03     0.0000e+00  0.0000e+00     0.0000e+00  0.0000e+00     0.0000e+00  0.0000e+00     0.0000e+00  0.0000e+00 
