yF = 1.0184e+02 (std: 0.0000e+00) keV/um
yD = 1.4286e+02 (std: 0.0000e+00) keV/um
y (keV/um)     f(y)(std)                  yf(y)(std)                 d(y)(std)                  yd(y)(std)  
1.0610e-01     1.7071e-01  0.0000e+00     1.8112e-02  0.0000e+00     1.7785e-04  0.0000e+00     1.8870e-05  0.0000e+00 
1.1905e-01     2.0179e-02  0.0000e+00     2.4022e-03  0.0000e+00     2.3588e-05  0.0000e+00     2.8081e-06  0.0000e+00 
1.3357e-01     1.1794e-02  0.0000e+00     1.5754e-03  0.0000e+00     1.5469e-05  0.0000e+00     2.0662e-06  0.0000e+00 
1.4987e-01     2.4333e-02  0.0000e+00     3.6468e-03  0.0000e+00     3.5809e-05  0.0000e+00     5.3668e-06  0.0000e+00 
1.6816e-01     1.3975e-02  0.0000e+00     2.3500e-03  0.0000e+00     2.3075e-05  0.0000e+00     3.8803e-06  0.0000e+00 
1.8868e-01     1.1163e-02  0.0000e+00     2.1063e-03  0.0000e+00     2.0682e-05  0.0000e+00     3.9022e-06  0.0000e+00 
2.1170e-01     1.2252e-02  0.0000e+00     2.5937e-03  0.0000e+00     2.5468e-05  0.0000e+00     5.3916e-06  0.0000e+00 
2.3753e-01     1.1469e-02  0.0000e+00     2.7243e-03  0.0000e+00     2.6750e-05  0.0000e+00     6.3539e-06  0.0000e+00 
2.6651e-01     6.6295e-03  0.0000e+00     1.7668e-03  0.0000e+00     1.7349e-05  0.0000e+00     4.6237e-06  0.0000e+00 
2.9903e-01     5.9085e-03  0.0000e+00     1.7668e-03  0.0000e+00     1.7349e-05  0.0000e+00     5.1879e-06  0.0000e+00 
3.3552e-01     9.9353e-03  0.0000e+00     3.3335e-03  0.0000e+00     3.2732e-05  0.0000e+00     1.0982e-05  0.0000e+00 
3.7646e-01     8.2538e-03  0.0000e+00     3.1072e-03  0.0000e+00     3.0510e-05  0.0000e+00     1.1486e-05  0.0000e+00 
4.2240e-01     5.7489e-03  0.0000e+00     2.4283e-03  0.0000e+00     2.3844e-05  0.0000e+00     1.0072e-05  0.0000e+00 
4.7394e-01     5.2339e-03  0.0000e+00     2.4806e-03  0.0000e+00     2.4357e-05  0.0000e+00     1.1544e-05  0.0000e+00 
5.3176e-01     5.4504e-03  0.0000e+00     2.8983e-03  0.0000e+00     2.8459e-05  0.0000e+00     1.5134e-05  0.0000e+00 
5.9665e-01     3.7928e-03  0.0000e+00     2.2630e-03  0.0000e+00     2.2220e-05  0.0000e+00     1.3258e-05  0.0000e+00 
6.6945e-01     3.1203e-03  0.0000e+00     2.0889e-03  0.0000e+00     2.0511e-05  0.0000e+00     1.3731e-05  0.0000e+00 
7.5114e-01     2.6999e-03  0.0000e+00     2.0280e-03  0.0000e+00     1.9913e-05  0.0000e+00     1.4957e-05  0.0000e+00 
8.4279e-01     1.6833e-03  0.0000e+00     1.4187e-03  0.0000e+00     1.3930e-05  0.0000e+00     1.1740e-05  0.0000e+00 
9.4563e-01     1.2518e-03  0.0000e+00     1.1837e-03  0.0000e+00     1.1623e-05  0.0000e+00     1.0991e-05  0.0000e+00 
1.0610e+00     8.6954e-04  0.0000e+00     9.2259e-04  0.0000e+00     9.0591e-06  0.0000e+00     9.6118e-06  0.0000e+00 
1.1905e+00     7.6036e-04  0.0000e+00     9.0518e-04  0.0000e+00     8.8882e-06  0.0000e+00     1.0581e-05  0.0000e+00 
1.3357e+00     4.2354e-04  0.0000e+00     5.6574e-04  0.0000e+00     5.5551e-06  0.0000e+00     7.4201e-06  0.0000e+00 
1.4987e+00     2.3810e-04  0.0000e+00     3.5685e-04  0.0000e+00     3.5040e-06  0.0000e+00     5.2515e-06  0.0000e+00 
1.6816e+00     1.7080e-04  0.0000e+00     2.8722e-04  0.0000e+00     2.8203e-06  0.0000e+00     4.7425e-06  0.0000e+00 
1.8868e+00     7.3808e-05  0.0000e+00     1.3926e-04  0.0000e+00     1.3674e-06  0.0000e+00     2.5800e-06  0.0000e+00 
2.1170e+00     1.2745e-04  0.0000e+00     2.6981e-04  0.0000e+00     2.6494e-06  0.0000e+00     5.6087e-06  0.0000e+00 
2.3753e+00     1.6856e-04  0.0000e+00     4.0037e-04  0.0000e+00     3.9313e-06  0.0000e+00     9.3380e-06  0.0000e+00 
2.6651e+00     1.2410e-04  0.0000e+00     3.3074e-04  0.0000e+00     3.2476e-06  0.0000e+00     8.6553e-06  0.0000e+00 
2.9903e+00     6.6944e-05  0.0000e+00     2.0018e-04  0.0000e+00     1.9657e-06  0.0000e+00     5.8779e-06  0.0000e+00 
3.3552e+00     1.2452e-04  0.0000e+00     4.1778e-04  0.0000e+00     4.1022e-06  0.0000e+00     1.3764e-05  0.0000e+00 
3.7646e+00     1.4797e-04  0.0000e+00     5.5704e-04  0.0000e+00     5.4696e-06  0.0000e+00     2.0591e-05  0.0000e+00 
4.2240e+00     8.8604e-05  0.0000e+00     3.7426e-04  0.0000e+00     3.6749e-06  0.0000e+00     1.5523e-05  0.0000e+00 
4.7394e+00     3.1220e-05  0.0000e+00     1.4796e-04  0.0000e+00     1.4529e-06  0.0000e+00     6.8857e-06  0.0000e+00 
5.3176e+00     1.1457e-05  0.0000e+00     6.0926e-05  0.0000e+00     5.9824e-07  0.0000e+00     3.1812e-06  0.0000e+00 
5.9665e+00     3.4281e-04  0.0000e+00     2.0454e-03  0.0000e+00     2.0084e-05  0.0000e+00     1.1983e-04  0.0000e+00 
6.6945e+00     6.7736e-04  0.0000e+00     4.5346e-03  0.0000e+00     4.4526e-05  0.0000e+00     2.9808e-04  0.0000e+00 
7.5114e+00     3.7891e-04  0.0000e+00     2.8461e-03  0.0000e+00     2.7946e-05  0.0000e+00     2.0992e-04  0.0000e+00 
8.4279e+00     3.2252e-03  0.0000e+00     2.7182e-02  0.0000e+00     2.6690e-04  0.0000e+00     2.2494e-03  0.0000e+00 
9.4563e+00     3.3199e-03  0.0000e+00     3.1394e-02  0.0000e+00     3.0827e-04  0.0000e+00     2.9150e-03  0.0000e+00 
1.0610e+01     4.2173e-03  0.0000e+00     4.4746e-02  0.0000e+00     4.3937e-04  0.0000e+00     4.6617e-03  0.0000e+00 
1.1905e+01     2.7000e-03  0.0000e+00     3.2143e-02  0.0000e+00     3.1562e-04  0.0000e+00     3.7573e-03  0.0000e+00 
1.3357e+01     1.9372e-03  0.0000e+00     2.5876e-02  0.0000e+00     2.5408e-04  0.0000e+00     3.3939e-03  0.0000e+00 
1.4987e+01     1.3287e-03  0.0000e+00     1.9914e-02  0.0000e+00     1.9554e-04  0.0000e+00     2.9306e-03  0.0000e+00 
1.6816e+01     3.1164e-03  0.0000e+00     5.2405e-02  0.0000e+00     5.1457e-04  0.0000e+00     8.6530e-03  0.0000e+00 
1.8868e+01     4.0585e-03  0.0000e+00     7.6575e-02  0.0000e+00     7.5190e-04  0.0000e+00     1.4187e-02  0.0000e+00 
2.1170e+01     4.1364e-03  0.0000e+00     8.7568e-02  0.0000e+00     8.5984e-04  0.0000e+00     1.8203e-02  0.0000e+00 
2.3753e+01     3.5345e-03  0.0000e+00     8.3956e-02  0.0000e+00     8.2438e-04  0.0000e+00     1.9581e-02  0.0000e+00 
2.6651e+01     4.7935e-03  0.0000e+00     1.2775e-01  0.0000e+00     1.2544e-03  0.0000e+00     3.3432e-02  0.0000e+00 
2.9903e+01     5.2877e-03  0.0000e+00     1.5812e-01  0.0000e+00     1.5526e-03  0.0000e+00     4.6428e-02  0.0000e+00 
3.3552e+01     5.3446e-03  0.0000e+00     1.7932e-01  0.0000e+00     1.7608e-03  0.0000e+00     5.9078e-02  0.0000e+00 
3.7646e+01     6.1963e-03  0.0000e+00     2.3327e-01  0.0000e+00     2.2905e-03  0.0000e+00     8.6228e-02  0.0000e+00 
4.2240e+01     6.4345e-03  0.0000e+00     2.7179e-01  0.0000e+00     2.6688e-03  0.0000e+00     1.1273e-01  0.0000e+00 
4.7394e+01     7.0431e-03  0.0000e+00     3.3380e-01  0.0000e+00     3.2776e-03  0.0000e+00     1.5534e-01  0.0000e+00 
5.3176e+01     7.2900e-03  0.0000e+00     3.8765e-01  0.0000e+00     3.8064e-03  0.0000e+00     2.0241e-01  0.0000e+00 
5.9665e+01     7.4346e-03  0.0000e+00     4.4358e-01  0.0000e+00     4.3556e-03  0.0000e+00     2.5988e-01  0.0000e+00 
6.6945e+01     7.5393e-03  0.0000e+00     5.0472e-01  0.0000e+00     4.9559e-03  0.0000e+00     3.3177e-01  0.0000e+00 
7.5114e+01     7.4708e-03  0.0000e+00     5.6116e-01  0.0000e+00     5.5101e-03  0.0000e+00     4.1389e-01  0.0000e+00 
8.4279e+01     7.1183e-03  0.0000e+00     5.9992e-01  0.0000e+00     5.8907e-03  0.0000e+00     4.9646e-01  0.0000e+00 
9.4563e+01     6.5642e-03  0.0000e+00     6.2073e-01  0.0000e+00     6.0951e-03  0.0000e+00     5.7636e-01  0.0000e+00 
1.0610e+02     5.8584e-03  0.0000e+00     6.2158e-01  0.0000e+00     6.1034e-03  0.0000e+00     6.4758e-01  0.0000e+00 
1.1905e+02     5.0502e-03  0.0000e+00     6.0121e-01  0.0000e+00     5.9034e-03  0.0000e+00     7.0278e-01  0.0000e+00 
1.3357e+02     4.1378e-03  0.0000e+00     5.5270e-01  0.0000e+00     5.4271e-03  0.0000e+00     7.2491e-01  0.0000e+00 
1.4987e+02     3.2258e-03  0.0000e+00     4.8346e-01  0.0000e+00     4.7471e-03  0.0000e+00     7.1146e-01  0.0000e+00 
1.6816e+02     2.4639e-03  0.0000e+00     4.1432e-01  0.0000e+00     4.0683e-03  0.0000e+00     6.8412e-01  0.0000e+00 
1.8868e+02     1.7759e-03  0.0000e+00     3.3507e-01  0.0000e+00     3.2901e-03  0.0000e+00     6.2076e-01  0.0000e+00 
2.1170e+02     1.2016e-03  0.0000e+00     2.5437e-01  0.0000e+00     2.4977e-03  0.0000e+00     5.2877e-01  0.0000e+00 
2.3753e+02     7.7931e-04  0.0000e+00     1.8511e-01  0.0000e+00     1.8176e-03  0.0000e+00     4.3174e-01  0.0000e+00 
2.6651e+02     4.5894e-04  0.0000e+00     1.2231e-01  0.0000e+00     1.2010e-03  0.0000e+00     3.2009e-01  0.0000e+00 
2.9903e+02     2.4976e-04  0.0000e+00     7.4686e-02  0.0000e+00     7.3336e-04  0.0000e+00     2.1930e-01  0.0000e+00 
3.3552e+02     1.1692e-04  0.0000e+00     3.9228e-02  0.0000e+00     3.8518e-04  0.0000e+00     1.2924e-01  0.0000e+00 
3.7646e+02     5.1141e-05  0.0000e+00     1.9253e-02  0.0000e+00     1.8904e-04  0.0000e+00     7.1168e-02  0.0000e+00 
4.2240e+02     1.7618e-05  0.0000e+00     7.4417e-03  0.0000e+00     7.3071e-05  0.0000e+00     3.0865e-02  0.0000e+00 
4.7394e+02     5.3809e-06  0.0000e+00     2.5502e-03  0.0000e+00     2.5041e-05  0.0000e+00     1.1868e-02  0.0000e+00 
5.3176e+02     1.3912e-06  0.0000e+00     7.3981e-04  0.0000e+00     7.2644e-06  0.0000e+00     3.8629e-03  0.0000e+00 
5.9665e+02     2.7716e-07  0.0000e+00     1.6537e-04  0.0000e+00     1.6238e-06  0.0000e+00     9.6884e-04  0.0000e+00 
6.6945e+02     1.0401e-07  0.0000e+00     6.9630e-05  0.0000e+00     6.8370e-07  0.0000e+00     4.5771e-04  0.0000e+00 
7.5114e+02     1.1587e-08  0.0000e+00     8.7037e-06  0.0000e+00     8.5463e-08  0.0000e+00     6.4194e-05  0.0000e+00 
8.4279e+02     0.0000e+00  0.0000e+00     0.0000e+00  0.0000e+00     0.0000e+00  0.0000e+00     0.0000e+00  0.0000e+00 
9.4563e+02     0.0000e+00  0.0000e+00     0.0000e+00  0.0000e+00     0.0000e+00  0.0000e+00     0.0000e+00  0.0000e+00 
1.0610e+03     0.0000e+00  0.0000e+00     0.0000e+00  0.0000e+00     0.0000e+00  0.0000e+00     0.0000e+00  0.0000e+00 
1.1905e+03     0.0000e+00  0.0000e+00     0.0000e+00  0.0000e+00     0.0000e+00  0.0000e+00     0.0000e+00  0.0000e+00 
1.3357e+03     0.0000e+00  0.0000e+00     0.0000e+00  0.0000e+00     0.0000e+00  0.0000e+00     0.0000e+00  0.0000e+00 
1.4987e+03     0.0000e+00  0.0000e+00     0.0000e+00  0.0000e+00     0.0000e+00  0.0000e+00     0.0000e+00  0.0000e+00 
1.6816e+03     0.0000e+00  0.0000e+00     0.0000e+00  0.0000e+00     0.0000e+00  0.0000e+00     0.0000e+00  0.0000e+00 
1.8868e+03     0.0000e+00  0.0000e+00     0.0000e+00  0.0000e+00     0.0000e+00  0.0000e+00     0.0000e+00  0.0000e+00 
2.1170e+03     0.0000e+00  0.0000e+00     0.0000e+00  0.0000e+00     0.0000e+00  0.0000e+00     0.0000e+00  0.0000e+00 
2.3753e+03     0.0000e+00  0.0000e+00     0.0000e+00  0.0000e+00     0.0000e+00  0.0000e+00     0.0000e+00  0.0000e+00 
2.6651e+03     0.0000e+00  0.0000e+00     0.0000e+00  0.0000e+00     0.0000e+00  0.0000e+00     0.0000e+00  0.0000e+00 
2.9903e+03     0.0000e+00  0.0000e+00     0.0000e+00  0.0000e+00     0.0000e+00  0.0000e+00     0.0000e+00  0.0000e+00 
3.3552e+03     0.0000e+00  0.0000e+00     0.0000e+00  0.0000e+00     0.0000e+00  0.0000e+00     0.0000e+00  0.0000e+00 
3.7646e+03     0.0000e+00  0.0000e+00     0.0000e+00  0.0000e+00     0.0000e+00  0.0000e+00     0.0000e+00  0.0000e+00 
4.2240e+03     0.0000e+00  0.0000e+00     0.0000e+00  0.0000e+00     0.0000e+00  0.0000e+00     0.0000e+00  0.0000e+00 
4.7394e+03     0.0000e+00  0.0000e+00     0.0000e+00  0.0000e+00     0.0000e+00  0.0000e+00     0.0000e+00  0.0000e+00 
5.3176e+03     0.0000e+00  0.0000e+00     0.0000e+00  0.0000e+00     0.0000e+00  0.0000e+00     0.0000e+00  0.0000e+00 
5.9665e+03     0.0000e+00  0.0000e+00     0.0000e+00  0.0000e+00     0.0000e+00  0.0000e+00     0.0000e+00  0.0000e+00 
6.6945e+03     0.0000e+00  0.0000e+00     0.0000e+00  0.0000e+00     0.0000e+00  0.0000e+00     0.0000e+00  0.0000e+00 
7.5114e+03     0.0000e+00  0.0000e+00     0.0000e+00  0.0000e+00     0.0000e+00  0.0000e+00     0.0000e+00  0.0000e+00 
8.4279e+03     0.0000e+00  0.0000e+00     0.0000e+00  0.0000e+00     0.0000e+00  0.0000e+00     0.0000e+00  0.0000e+00 
9.4563e+03     0.0000e+00  0.0000e+00     0.0000e+00  0.0000e+00     0.0000e+00  0.0000e+00     0.0000e+00  0.0000e+00 
