yF = 7.3160e+00 (std: 0.0000e+00) keV/um
yD = 2.3993e+01 (std: 0.0000e+00) keV/um
y (keV/um)     f(y)(std)                  yf(y)(std)                 d(y)(std)                  yd(y)(std)  
1.0610e-01     2.1449e+01  0.0000e+00     2.2758e+00  0.0000e+00     3.1107e-01  0.0000e+00     3.3005e-02  0.0000e+00 
1.1905e-01     1.5752e+00  0.0000e+00     1.8752e-01  0.0000e+00     2.5632e-02  0.0000e+00     3.0514e-03  0.0000e+00 
1.3357e-01     4.7651e-01  0.0000e+00     6.3650e-02  0.0000e+00     8.7001e-03  0.0000e+00     1.1621e-03  0.0000e+00 
1.4987e-01     2.2402e+00  0.0000e+00     3.3575e-01  0.0000e+00     4.5892e-02  0.0000e+00     6.8779e-03  0.0000e+00 
1.6816e-01     6.8582e-01  0.0000e+00     1.1533e-01  0.0000e+00     1.5764e-02  0.0000e+00     2.6508e-03  0.0000e+00 
1.8868e-01     4.9490e-01  0.0000e+00     9.3377e-02  0.0000e+00     1.2763e-02  0.0000e+00     2.4082e-03  0.0000e+00 
2.1170e-01     5.0658e-01  0.0000e+00     1.0724e-01  0.0000e+00     1.4659e-02  0.0000e+00     3.1032e-03  0.0000e+00 
2.3753e-01     4.7281e-01  0.0000e+00     1.1231e-01  0.0000e+00     1.5351e-02  0.0000e+00     3.6463e-03  0.0000e+00 
2.6651e-01     2.2116e-01  0.0000e+00     5.8942e-02  0.0000e+00     8.0567e-03  0.0000e+00     2.1472e-03  0.0000e+00 
2.9903e-01     1.8907e-01  0.0000e+00     5.6538e-02  0.0000e+00     7.7280e-03  0.0000e+00     2.3109e-03  0.0000e+00 
3.3552e-01     1.0263e+00  0.0000e+00     3.4434e-01  0.0000e+00     4.7067e-02  0.0000e+00     1.5792e-02  0.0000e+00 
3.7646e-01     6.8119e-01  0.0000e+00     2.5644e-01  0.0000e+00     3.5052e-02  0.0000e+00     1.3196e-02  0.0000e+00 
4.2240e-01     2.9786e-01  0.0000e+00     1.2582e-01  0.0000e+00     1.7197e-02  0.0000e+00     7.2641e-03  0.0000e+00 
4.7394e-01     2.9062e-01  0.0000e+00     1.3774e-01  0.0000e+00     1.8827e-02  0.0000e+00     8.9227e-03  0.0000e+00 
5.3176e-01     1.8358e-01  0.0000e+00     9.7623e-02  0.0000e+00     1.3344e-02  0.0000e+00     7.0958e-03  0.0000e+00 
5.9665e-01     9.6131e-02  0.0000e+00     5.7356e-02  0.0000e+00     7.8399e-03  0.0000e+00     4.6776e-03  0.0000e+00 
6.6945e-01     1.5469e-01  0.0000e+00     1.0356e-01  0.0000e+00     1.4155e-02  0.0000e+00     9.4762e-03  0.0000e+00 
7.5114e-01     1.2997e-01  0.0000e+00     9.7623e-02  0.0000e+00     1.3344e-02  0.0000e+00     1.0023e-02  0.0000e+00 
8.4279e-01     6.0831e-02  0.0000e+00     5.1268e-02  0.0000e+00     7.0076e-03  0.0000e+00     5.9059e-03  0.0000e+00 
9.4563e-01     3.9607e-02  0.0000e+00     3.7453e-02  0.0000e+00     5.1193e-03  0.0000e+00     4.8410e-03  0.0000e+00 
1.0610e+00     3.0622e-02  0.0000e+00     3.2490e-02  0.0000e+00     4.4410e-03  0.0000e+00     4.7119e-03  0.0000e+00 
1.1905e+00     1.6117e-02  0.0000e+00     1.9187e-02  0.0000e+00     2.6226e-03  0.0000e+00     3.1221e-03  0.0000e+00 
1.3357e+00     9.0400e-03  0.0000e+00     1.2075e-02  0.0000e+00     1.6505e-03  0.0000e+00     2.2046e-03  0.0000e+00 
1.4987e+00     4.3357e-03  0.0000e+00     6.4980e-03  0.0000e+00     8.8819e-04  0.0000e+00     1.3311e-03  0.0000e+00 
1.6816e+00     2.4646e-03  0.0000e+00     4.1444e-03  0.0000e+00     5.6648e-04  0.0000e+00     9.5259e-04  0.0000e+00 
1.8868e+00     1.0847e-03  0.0000e+00     2.0466e-03  0.0000e+00     2.7975e-04  0.0000e+00     5.2782e-04  0.0000e+00 
2.1170e+00     4.8338e-04  0.0000e+00     1.0233e-03  0.0000e+00     1.3987e-04  0.0000e+00     2.9611e-04  0.0000e+00 
2.3753e+00     2.8003e-04  0.0000e+00     6.6515e-04  0.0000e+00     9.0917e-05  0.0000e+00     2.1596e-04  0.0000e+00 
2.6651e+00     7.6792e-05  0.0000e+00     2.0466e-04  0.0000e+00     2.7975e-05  0.0000e+00     7.4556e-05  0.0000e+00 
2.9903e+00     0.0000e+00  0.0000e+00     0.0000e+00  0.0000e+00     0.0000e+00  0.0000e+00     0.0000e+00  0.0000e+00 
3.3552e+00     4.5749e-05  0.0000e+00     1.5350e-04  0.0000e+00     2.0981e-05  0.0000e+00     7.0395e-05  0.0000e+00 
3.7646e+00     0.0000e+00  0.0000e+00     0.0000e+00  0.0000e+00     0.0000e+00  0.0000e+00     0.0000e+00  0.0000e+00 
4.2240e+00     1.2113e-05  0.0000e+00     5.1165e-05  0.0000e+00     6.9936e-06  0.0000e+00     2.9541e-05  0.0000e+00 
4.7394e+00     0.0000e+00  0.0000e+00     0.0000e+00  0.0000e+00     0.0000e+00  0.0000e+00     0.0000e+00  0.0000e+00 
5.3176e+00     0.0000e+00  0.0000e+00     0.0000e+00  0.0000e+00     0.0000e+00  0.0000e+00     0.0000e+00  0.0000e+00 
5.9665e+00     6.6683e-02  0.0000e+00     3.9786e-01  0.0000e+00     5.4382e-02  0.0000e+00     3.2447e-01  0.0000e+00 
6.6945e+00     1.7602e-02  0.0000e+00     1.1783e-01  0.0000e+00     1.6106e-02  0.0000e+00     1.0782e-01  0.0000e+00 
7.5114e+00     6.1237e-03  0.0000e+00     4.5998e-02  0.0000e+00     6.2873e-03  0.0000e+00     4.7226e-02  0.0000e+00 
8.4279e+00     4.5235e-02  0.0000e+00     3.8123e-01  0.0000e+00     5.2110e-02  0.0000e+00     4.3917e-01  0.0000e+00 
9.4563e+00     2.4213e-02  0.0000e+00     2.2896e-01  0.0000e+00     3.1296e-02  0.0000e+00     2.9595e-01  0.0000e+00 
1.0610e+01     4.1284e-02  0.0000e+00     4.3803e-01  0.0000e+00     5.9872e-02  0.0000e+00     6.3525e-01  0.0000e+00 
1.1905e+01     2.9445e-02  0.0000e+00     3.5053e-01  0.0000e+00     4.7913e-02  0.0000e+00     5.7040e-01  0.0000e+00 
1.3357e+01     3.9975e-02  0.0000e+00     5.3396e-01  0.0000e+00     7.2986e-02  0.0000e+00     9.7489e-01  0.0000e+00 
1.4987e+01     1.5137e-02  0.0000e+00     2.2687e-01  0.0000e+00     3.1010e-02  0.0000e+00     4.6475e-01  0.0000e+00 
1.6816e+01     1.0117e-02  0.0000e+00     1.7012e-01  0.0000e+00     2.3254e-02  0.0000e+00     3.9103e-01  0.0000e+00 
1.8868e+01     7.9293e-03  0.0000e+00     1.4961e-01  0.0000e+00     2.0449e-02  0.0000e+00     3.8583e-01  0.0000e+00 
2.1170e+01     7.8670e-03  0.0000e+00     1.6654e-01  0.0000e+00     2.2764e-02  0.0000e+00     4.8192e-01  0.0000e+00 
2.3753e+01     5.7513e-03  0.0000e+00     1.3661e-01  0.0000e+00     1.8673e-02  0.0000e+00     4.4354e-01  0.0000e+00 
2.6651e+01     3.8876e-03  0.0000e+00     1.0361e-01  0.0000e+00     1.4162e-02  0.0000e+00     3.7744e-01  0.0000e+00 
2.9903e+01     3.8635e-03  0.0000e+00     1.1553e-01  0.0000e+00     1.5792e-02  0.0000e+00     4.7222e-01  0.0000e+00 
3.3552e+01     2.4674e-03  0.0000e+00     8.2785e-02  0.0000e+00     1.1316e-02  0.0000e+00     3.7966e-01  0.0000e+00 
3.7646e+01     1.7995e-03  0.0000e+00     6.7743e-02  0.0000e+00     9.2596e-03  0.0000e+00     3.4859e-01  0.0000e+00 
4.2240e+01     1.2162e-03  0.0000e+00     5.1370e-02  0.0000e+00     7.0216e-03  0.0000e+00     2.9659e-01  0.0000e+00 
4.7394e+01     8.9713e-04  0.0000e+00     4.2518e-02  0.0000e+00     5.8117e-03  0.0000e+00     2.7544e-01  0.0000e+00 
5.3176e+01     6.1002e-04  0.0000e+00     3.2439e-02  0.0000e+00     4.4340e-03  0.0000e+00     2.3578e-01  0.0000e+00 
5.9665e+01     4.2277e-04  0.0000e+00     2.5224e-02  0.0000e+00     3.4479e-03  0.0000e+00     2.0572e-01  0.0000e+00 
6.6945e+01     2.3846e-04  0.0000e+00     1.5964e-02  0.0000e+00     2.1820e-03  0.0000e+00     1.4608e-01  0.0000e+00 
7.5114e+01     1.1580e-04  0.0000e+00     8.6981e-03  0.0000e+00     1.1889e-03  0.0000e+00     8.9304e-02  0.0000e+00 
8.4279e+01     6.7995e-05  0.0000e+00     5.7305e-03  0.0000e+00     7.8329e-04  0.0000e+00     6.6015e-02  0.0000e+00 
9.4563e+01     2.7595e-05  0.0000e+00     2.6094e-03  0.0000e+00     3.5668e-04  0.0000e+00     3.3728e-02  0.0000e+00 
1.0610e+02     1.4949e-05  0.0000e+00     1.5861e-03  0.0000e+00     2.1680e-04  0.0000e+00     2.3003e-02  0.0000e+00 
1.1905e+02     7.7362e-06  0.0000e+00     9.2097e-04  0.0000e+00     1.2589e-04  0.0000e+00     1.4986e-02  0.0000e+00 
1.3357e+02     2.6814e-06  0.0000e+00     3.5816e-04  0.0000e+00     4.8955e-05  0.0000e+00     6.5391e-03  0.0000e+00 
1.4987e+02     3.4139e-07  0.0000e+00     5.1165e-05  0.0000e+00     6.9936e-06  0.0000e+00     1.0481e-03  0.0000e+00 
1.6816e+02     0.0000e+00  0.0000e+00     0.0000e+00  0.0000e+00     0.0000e+00  0.0000e+00     0.0000e+00  0.0000e+00 
1.8868e+02     0.0000e+00  0.0000e+00     0.0000e+00  0.0000e+00     0.0000e+00  0.0000e+00     0.0000e+00  0.0000e+00 
2.1170e+02     0.0000e+00  0.0000e+00     0.0000e+00  0.0000e+00     0.0000e+00  0.0000e+00     0.0000e+00  0.0000e+00 
2.3753e+02     0.0000e+00  0.0000e+00     0.0000e+00  0.0000e+00     0.0000e+00  0.0000e+00     0.0000e+00  0.0000e+00 
2.6651e+02     0.0000e+00  0.0000e+00     0.0000e+00  0.0000e+00     0.0000e+00  0.0000e+00     0.0000e+00  0.0000e+00 
2.9903e+02     0.0000e+00  0.0000e+00     0.0000e+00  0.0000e+00     0.0000e+00  0.0000e+00     0.0000e+00  0.0000e+00 
3.3552e+02     0.0000e+00  0.0000e+00     0.0000e+00  0.0000e+00     0.0000e+00  0.0000e+00     0.0000e+00  0.0000e+00 
3.7646e+02     0.0000e+00  0.0000e+00     0.0000e+00  0.0000e+00     0.0000e+00  0.0000e+00     0.0000e+00  0.0000e+00 
4.2240e+02     0.0000e+00  0.0000e+00     0.0000e+00  0.0000e+00     0.0000e+00  0.0000e+00     0.0000e+00  0.0000e+00 
4.7394e+02     0.0000e+00  0.0000e+00     0.0000e+00  0.0000e+00     0.0000e+00  0.0000e+00     0.0000e+00  0.0000e+00 
5.3176e+02     0.0000e+00  0.0000e+00     0.0000e+00  0.0000e+00     0.0000e+00  0.0000e+00     0.0000e+00  0.0000e+00 
5.9665e+02     0.0000e+00  0.0000e+00     0.0000e+00  0.0000e+00     0.0000e+00  0.0000e+00     0.0000e+00  0.0000e+00 
6.6945e+02     0.0000e+00  0.0000e+00     0.0000e+00  0.0000e+00     0.0000e+00  0.0000e+00     0.0000e+00  0.0000e+00 
7.5114e+02     0.0000e+00  0.0000e+00     0.0000e+00  0.0000e+00     0.0000e+00  0.0000e+00     0.0000e+00  0.0000e+00 
8.4279e+02     0.0000e+00  0.0000e+00     0.0000e+00  0.0000e+00     0.0000e+00  0.0000e+00     0.0000e+00  0.0000e+00 
9.4563e+02     0.0000e+00  0.0000e+00     0.0000e+00  0.0000e+00     0.0000e+00  0.0000e+00     0.0000e+00  0.0000e+00 
1.0610e+03     0.0000e+00  0.0000e+00     0.0000e+00  0.0000e+00     0.0000e+00  0.0000e+00     0.0000e+00  0.0000e+00 
1.1905e+03     0.0000e+00  0.0000e+00     0.0000e+00  0.0000e+00     0.0000e+00  0.0000e+00     0.0000e+00  0.0000e+00 
1.3357e+03     0.0000e+00  0.0000e+00     0.0000e+00  0.0000e+00     0.0000e+00  0.0000e+00     0.0000e+00  0.0000e+00 
1.4987e+03     0.0000e+00  0.0000e+00     0.0000e+00  0.0000e+00     0.0000e+00  0.0000e+00     0.0000e+00  0.0000e+00 
1.6816e+03     0.0000e+00  0.0000e+00     0.0000e+00  0.0000e+00     0.0000e+00  0.0000e+00     0.0000e+00  0.0000e+00 
1.8868e+03     0.0000e+00  0.0000e+00     0.0000e+00  0.0000e+00     0.0000e+00  0.0000e+00     0.0000e+00  0.0000e+00 
2.1170e+03     0.0000e+00  0.0000e+00     0.0000e+00  0.0000e+00     0.0000e+00  0.0000e+00     0.0000e+00  0.0000e+00 
2.3753e+03     0.0000e+00  0.0000e+00     0.0000e+00  0.0000e+00     0.0000e+00  0.0000e+00     0.0000e+00  0.0000e+00 
2.6651e+03     0.0000e+00  0.0000e+00     0.0000e+00  0.0000e+00     0.0000e+00  0.0000e+00     0.0000e+00  0.0000e+00 
2.9903e+03     0.0000e+00  0.0000e+00     0.0000e+00  0.0000e+00     0.0000e+00  0.0000e+00     0.0000e+00  0.0000e+00 
3.3552e+03     0.0000e+00  0.0000e+00     0.0000e+00  0.0000e+00     0.0000e+00  0.0000e+00     0.0000e+00  0.0000e+00 
3.7646e+03     0.0000e+00  0.0000e+00     0.0000e+00  0.0000e+00     0.0000e+00  0.0000e+00     0.0000e+00  0.0000e+00 
4.2240e+03     0.0000e+00  0.0000e+00     0.0000e+00  0.0000e+00     0.0000e+00  0.0000e+00     0.0000e+00  0.0000e+00 
4.7394e+03     0.0000e+00  0.0000e+00     0.0000e+00  0.0000e+00     0.0000e+00  0.0000e+00     0.0000e+00  0.0000e+00 
5.3176e+03     0.0000e+00  0.0000e+00     0.0000e+00  0.0000e+00     0.0000e+00  0.0000e+00     0.0000e+00  0.0000e+00 
5.9665e+03     0.0000e+00  0.0000e+00     0.0000e+00  0.0000e+00     0.0000e+00  0.0000e+00     0.0000e+00  0.0000e+00 
6.6945e+03     0.0000e+00  0.0000e+00     0.0000e+00  0.0000e+00     0.0000e+00  0.0000e+00     0.0000e+00  0.0000e+00 
7.5114e+03     0.0000e+00  0.0000e+00     0.0000e+00  0.0000e+00     0.0000e+00  0.0000e+00     0.0000e+00  0.0000e+00 
8.4279e+03     0.0000e+00  0.0000e+00     0.0000e+00  0.0000e+00     0.0000e+00  0.0000e+00     0.0000e+00  0.0000e+00 
9.4563e+03     0.0000e+00  0.0000e+00     0.0000e+00  0.0000e+00     0.0000e+00  0.0000e+00     0.0000e+00  0.0000e+00 
