yF = 3.7449e+00 (std: 0.0000e+00) keV/um
yD = 2.1979e+01 (std: 0.0000e+00) keV/um
y (keV/um)     f(y)(std)                  yf(y)(std)                 d(y)(std)                  yd(y)(std)  
1.0610e-01     2.8206e+01  0.0000e+00     2.9927e+00  0.0000e+00     7.9915e-01  0.0000e+00     8.4790e-02  0.0000e+00 
1.1905e-01     2.1167e+00  0.0000e+00     2.5199e-01  0.0000e+00     6.7288e-02  0.0000e+00     8.0105e-03  0.0000e+00 
1.3357e-01     6.0081e-01  0.0000e+00     8.0252e-02  0.0000e+00     2.1430e-02  0.0000e+00     2.8624e-03  0.0000e+00 
1.4987e-01     3.1134e+00  0.0000e+00     4.6662e-01  0.0000e+00     1.2460e-01  0.0000e+00     1.8674e-02  0.0000e+00 
1.6816e-01     8.5862e-01  0.0000e+00     1.4438e-01  0.0000e+00     3.8555e-02  0.0000e+00     6.4833e-03  0.0000e+00 
1.8868e-01     5.7956e-01  0.0000e+00     1.0935e-01  0.0000e+00     2.9200e-02  0.0000e+00     5.5093e-03  0.0000e+00 
2.1170e-01     6.6168e-01  0.0000e+00     1.4008e-01  0.0000e+00     3.7405e-02  0.0000e+00     7.9186e-03  0.0000e+00 
2.3753e-01     6.2476e-01  0.0000e+00     1.4840e-01  0.0000e+00     3.9627e-02  0.0000e+00     9.4126e-03  0.0000e+00 
2.6651e-01     2.7644e-01  0.0000e+00     7.3676e-02  0.0000e+00     1.9674e-02  0.0000e+00     5.2433e-03  0.0000e+00 
2.9903e-01     2.3723e-01  0.0000e+00     7.0941e-02  0.0000e+00     1.8943e-02  0.0000e+00     5.6647e-03  0.0000e+00 
3.3552e-01     1.5739e+00  0.0000e+00     5.2807e-01  0.0000e+00     1.4101e-01  0.0000e+00     4.7312e-02  0.0000e+00 
3.7646e-01     1.0156e+00  0.0000e+00     3.8235e-01  0.0000e+00     1.0210e-01  0.0000e+00     3.8436e-02  0.0000e+00 
4.2240e-01     4.2242e-01  0.0000e+00     1.7843e-01  0.0000e+00     4.7646e-02  0.0000e+00     2.0125e-02  0.0000e+00 
4.7394e-01     4.0571e-01  0.0000e+00     1.9228e-01  0.0000e+00     5.1344e-02  0.0000e+00     2.4334e-02  0.0000e+00 
5.3176e-01     2.6408e-01  0.0000e+00     1.4043e-01  0.0000e+00     3.7498e-02  0.0000e+00     1.9940e-02  0.0000e+00 
5.9665e-01     1.3938e-01  0.0000e+00     8.3162e-02  0.0000e+00     2.2207e-02  0.0000e+00     1.3250e-02  0.0000e+00 
6.6945e-01     2.5288e-01  0.0000e+00     1.6929e-01  0.0000e+00     4.5206e-02  0.0000e+00     3.0263e-02  0.0000e+00 
7.5114e-01     2.0485e-01  0.0000e+00     1.5387e-01  0.0000e+00     4.1088e-02  0.0000e+00     3.0863e-02  0.0000e+00 
8.4279e-01     9.7639e-02  0.0000e+00     8.2289e-02  0.0000e+00     2.1974e-02  0.0000e+00     1.8519e-02  0.0000e+00 
9.4563e-01     5.9450e-02  0.0000e+00     5.6217e-02  0.0000e+00     1.5012e-02  0.0000e+00     1.4195e-02  0.0000e+00 
1.0610e+00     5.1449e-02  0.0000e+00     5.4588e-02  0.0000e+00     1.4577e-02  0.0000e+00     1.5466e-02  0.0000e+00 
1.1905e+00     2.7962e-02  0.0000e+00     3.3288e-02  0.0000e+00     8.8889e-03  0.0000e+00     1.0582e-02  0.0000e+00 
1.3357e+00     1.6730e-02  0.0000e+00     2.2347e-02  0.0000e+00     5.9674e-03  0.0000e+00     7.9708e-03  0.0000e+00 
1.4987e+00     8.6981e-03  0.0000e+00     1.3036e-02  0.0000e+00     3.4810e-03  0.0000e+00     5.2170e-03  0.0000e+00 
1.6816e+00     3.9107e-03  0.0000e+00     6.5762e-03  0.0000e+00     1.7560e-03  0.0000e+00     2.9529e-03  0.0000e+00 
1.8868e+00     1.6347e-03  0.0000e+00     3.0844e-03  0.0000e+00     8.2362e-04  0.0000e+00     1.5540e-03  0.0000e+00 
2.1170e+00     4.9482e-04  0.0000e+00     1.0475e-03  0.0000e+00     2.7972e-04  0.0000e+00     5.9217e-04  0.0000e+00 
2.3753e+00     1.2250e-04  0.0000e+00     2.9098e-04  0.0000e+00     7.7700e-05  0.0000e+00     1.8456e-04  0.0000e+00 
2.6651e+00     6.5508e-05  0.0000e+00     1.7459e-04  0.0000e+00     4.6620e-05  0.0000e+00     1.2425e-04  0.0000e+00 
2.9903e+00     3.8923e-05  0.0000e+00     1.1639e-04  0.0000e+00     3.1080e-05  0.0000e+00     9.2940e-05  0.0000e+00 
3.3552e+00     0.0000e+00  0.0000e+00     0.0000e+00  0.0000e+00     0.0000e+00  0.0000e+00     0.0000e+00  0.0000e+00 
3.7646e+00     0.0000e+00  0.0000e+00     0.0000e+00  0.0000e+00     0.0000e+00  0.0000e+00     0.0000e+00  0.0000e+00 
4.2240e+00     1.3778e-05  0.0000e+00     5.8196e-05  0.0000e+00     1.5540e-05  0.0000e+00     6.5640e-05  0.0000e+00 
4.7394e+00     0.0000e+00  0.0000e+00     0.0000e+00  0.0000e+00     0.0000e+00  0.0000e+00     0.0000e+00  0.0000e+00 
5.3176e+00     0.0000e+00  0.0000e+00     0.0000e+00  0.0000e+00     0.0000e+00  0.0000e+00     0.0000e+00  0.0000e+00 
5.9665e+00     4.6682e-02  0.0000e+00     2.7853e-01  0.0000e+00     7.4375e-02  0.0000e+00     4.4376e-01  0.0000e+00 
6.6945e+00     1.4005e-02  0.0000e+00     9.3754e-02  0.0000e+00     2.5035e-02  0.0000e+00     1.6760e-01  0.0000e+00 
7.5114e+00     5.8495e-03  0.0000e+00     4.3938e-02  0.0000e+00     1.1733e-02  0.0000e+00     8.8129e-02  0.0000e+00 
8.4279e+00     4.3068e-02  0.0000e+00     3.6297e-01  0.0000e+00     9.6923e-02  0.0000e+00     8.1686e-01  0.0000e+00 
9.4563e+00     1.1865e-02  0.0000e+00     1.1220e-01  0.0000e+00     2.9961e-02  0.0000e+00     2.8332e-01  0.0000e+00 
1.0610e+01     2.0656e-02  0.0000e+00     2.1917e-01  0.0000e+00     5.8524e-02  0.0000e+00     6.2094e-01  0.0000e+00 
1.1905e+01     1.5682e-02  0.0000e+00     1.8669e-01  0.0000e+00     4.9852e-02  0.0000e+00     5.9348e-01  0.0000e+00 
1.3357e+01     1.3410e-02  0.0000e+00     1.7913e-01  0.0000e+00     4.7832e-02  0.0000e+00     6.3891e-01  0.0000e+00 
1.4987e+01     7.7273e-03  0.0000e+00     1.1581e-01  0.0000e+00     3.0925e-02  0.0000e+00     4.6347e-01  0.0000e+00 
1.6816e+01     4.0560e-03  0.0000e+00     6.8206e-02  0.0000e+00     1.8213e-02  0.0000e+00     3.0627e-01  0.0000e+00 
1.8868e+01     2.8994e-03  0.0000e+00     5.4704e-02  0.0000e+00     1.4608e-02  0.0000e+00     2.7561e-01  0.0000e+00 
2.1170e+01     2.7875e-03  0.0000e+00     5.9011e-02  0.0000e+00     1.5758e-02  0.0000e+00     3.3359e-01  0.0000e+00 
2.3753e+01     3.9470e-03  0.0000e+00     9.3754e-02  0.0000e+00     2.5035e-02  0.0000e+00     5.9466e-01  0.0000e+00 
2.6651e+01     1.7622e-03  0.0000e+00     4.6964e-02  0.0000e+00     1.2541e-02  0.0000e+00     3.3423e-01  0.0000e+00 
2.9903e+01     1.3351e-03  0.0000e+00     3.9923e-02  0.0000e+00     1.0660e-02  0.0000e+00     3.1878e-01  0.0000e+00 
3.3552e+01     1.2072e-03  0.0000e+00     4.0504e-02  0.0000e+00     1.0816e-02  0.0000e+00     3.6289e-01  0.0000e+00 
3.7646e+01     8.8424e-04  0.0000e+00     3.3288e-02  0.0000e+00     8.8889e-03  0.0000e+00     3.3463e-01  0.0000e+00 
4.2240e+01     6.0346e-04  0.0000e+00     2.5490e-02  0.0000e+00     6.8065e-03  0.0000e+00     2.8750e-01  0.0000e+00 
4.7394e+01     4.4328e-04  0.0000e+00     2.1009e-02  0.0000e+00     5.6099e-03  0.0000e+00     2.6588e-01  0.0000e+00 
5.3176e+01     2.9001e-04  0.0000e+00     1.5422e-02  0.0000e+00     4.1181e-03  0.0000e+00     2.1899e-01  0.0000e+00 
5.9665e+01     1.6289e-04  0.0000e+00     9.7187e-03  0.0000e+00     2.5952e-03  0.0000e+00     1.5484e-01  0.0000e+00 
6.6945e+01     1.0258e-04  0.0000e+00     6.8671e-03  0.0000e+00     1.8337e-03  0.0000e+00     1.2276e-01  0.0000e+00 
7.5114e+01     4.0288e-05  0.0000e+00     3.0262e-03  0.0000e+00     8.0808e-04  0.0000e+00     6.0698e-02  0.0000e+00 
8.4279e+01     3.7288e-05  0.0000e+00     3.1426e-03  0.0000e+00     8.3916e-04  0.0000e+00     7.0724e-02  0.0000e+00 
9.4563e+01     1.4770e-05  0.0000e+00     1.3967e-03  0.0000e+00     3.7296e-04  0.0000e+00     3.5268e-02  0.0000e+00 
1.0610e+02     7.6790e-06  0.0000e+00     8.1474e-04  0.0000e+00     2.1756e-04  0.0000e+00     2.3083e-02  0.0000e+00 
1.1905e+02     2.9331e-06  0.0000e+00     3.4918e-04  0.0000e+00     9.3240e-05  0.0000e+00     1.1100e-02  0.0000e+00 
1.3357e+02     1.7427e-06  0.0000e+00     2.3278e-04  0.0000e+00     6.2160e-05  0.0000e+00     8.3029e-03  0.0000e+00 
1.4987e+02     0.0000e+00  0.0000e+00     0.0000e+00  0.0000e+00     0.0000e+00  0.0000e+00     0.0000e+00  0.0000e+00 
1.6816e+02     3.4608e-07  0.0000e+00     5.8196e-05  0.0000e+00     1.5540e-05  0.0000e+00     2.6132e-03  0.0000e+00 
1.8868e+02     0.0000e+00  0.0000e+00     0.0000e+00  0.0000e+00     0.0000e+00  0.0000e+00     0.0000e+00  0.0000e+00 
2.1170e+02     0.0000e+00  0.0000e+00     0.0000e+00  0.0000e+00     0.0000e+00  0.0000e+00     0.0000e+00  0.0000e+00 
2.3753e+02     0.0000e+00  0.0000e+00     0.0000e+00  0.0000e+00     0.0000e+00  0.0000e+00     0.0000e+00  0.0000e+00 
2.6651e+02     0.0000e+00  0.0000e+00     0.0000e+00  0.0000e+00     0.0000e+00  0.0000e+00     0.0000e+00  0.0000e+00 
2.9903e+02     0.0000e+00  0.0000e+00     0.0000e+00  0.0000e+00     0.0000e+00  0.0000e+00     0.0000e+00  0.0000e+00 
3.3552e+02     0.0000e+00  0.0000e+00     0.0000e+00  0.0000e+00     0.0000e+00  0.0000e+00     0.0000e+00  0.0000e+00 
3.7646e+02     0.0000e+00  0.0000e+00     0.0000e+00  0.0000e+00     0.0000e+00  0.0000e+00     0.0000e+00  0.0000e+00 
4.2240e+02     0.0000e+00  0.0000e+00     0.0000e+00  0.0000e+00     0.0000e+00  0.0000e+00     0.0000e+00  0.0000e+00 
4.7394e+02     0.0000e+00  0.0000e+00     0.0000e+00  0.0000e+00     0.0000e+00  0.0000e+00     0.0000e+00  0.0000e+00 
5.3176e+02     0.0000e+00  0.0000e+00     0.0000e+00  0.0000e+00     0.0000e+00  0.0000e+00     0.0000e+00  0.0000e+00 
5.9665e+02     0.0000e+00  0.0000e+00     0.0000e+00  0.0000e+00     0.0000e+00  0.0000e+00     0.0000e+00  0.0000e+00 
6.6945e+02     0.0000e+00  0.0000e+00     0.0000e+00  0.0000e+00     0.0000e+00  0.0000e+00     0.0000e+00  0.0000e+00 
7.5114e+02     0.0000e+00  0.0000e+00     0.0000e+00  0.0000e+00     0.0000e+00  0.0000e+00     0.0000e+00  0.0000e+00 
8.4279e+02     0.0000e+00  0.0000e+00     0.0000e+00  0.0000e+00     0.0000e+00  0.0000e+00     0.0000e+00  0.0000e+00 
9.4563e+02     0.0000e+00  0.0000e+00     0.0000e+00  0.0000e+00     0.0000e+00  0.0000e+00     0.0000e+00  0.0000e+00 
1.0610e+03     0.0000e+00  0.0000e+00     0.0000e+00  0.0000e+00     0.0000e+00  0.0000e+00     0.0000e+00  0.0000e+00 
1.1905e+03     0.0000e+00  0.0000e+00     0.0000e+00  0.0000e+00     0.0000e+00  0.0000e+00     0.0000e+00  0.0000e+00 
1.3357e+03     0.0000e+00  0.0000e+00     0.0000e+00  0.0000e+00     0.0000e+00  0.0000e+00     0.0000e+00  0.0000e+00 
1.4987e+03     0.0000e+00  0.0000e+00     0.0000e+00  0.0000e+00     0.0000e+00  0.0000e+00     0.0000e+00  0.0000e+00 
1.6816e+03     0.0000e+00  0.0000e+00     0.0000e+00  0.0000e+00     0.0000e+00  0.0000e+00     0.0000e+00  0.0000e+00 
1.8868e+03     0.0000e+00  0.0000e+00     0.0000e+00  0.0000e+00     0.0000e+00  0.0000e+00     0.0000e+00  0.0000e+00 
2.1170e+03     0.0000e+00  0.0000e+00     0.0000e+00  0.0000e+00     0.0000e+00  0.0000e+00     0.0000e+00  0.0000e+00 
2.3753e+03     0.0000e+00  0.0000e+00     0.0000e+00  0.0000e+00     0.0000e+00  0.0000e+00     0.0000e+00  0.0000e+00 
2.6651e+03     0.0000e+00  0.0000e+00     0.0000e+00  0.0000e+00     0.0000e+00  0.0000e+00     0.0000e+00  0.0000e+00 
2.9903e+03     0.0000e+00  0.0000e+00     0.0000e+00  0.0000e+00     0.0000e+00  0.0000e+00     0.0000e+00  0.0000e+00 
3.3552e+03     0.0000e+00  0.0000e+00     0.0000e+00  0.0000e+00     0.0000e+00  0.0000e+00     0.0000e+00  0.0000e+00 
3.7646e+03     0.0000e+00  0.0000e+00     0.0000e+00  0.0000e+00     0.0000e+00  0.0000e+00     0.0000e+00  0.0000e+00 
4.2240e+03     0.0000e+00  0.0000e+00     0.0000e+00  0.0000e+00     0.0000e+00  0.0000e+00     0.0000e+00  0.0000e+00 
4.7394e+03     0.0000e+00  0.0000e+00     0.0000e+00  0.0000e+00     0.0000e+00  0.0000e+00     0.0000e+00  0.0000e+00 
5.3176e+03     0.0000e+00  0.0000e+00     0.0000e+00  0.0000e+00     0.0000e+00  0.0000e+00     0.0000e+00  0.0000e+00 
5.9665e+03     0.0000e+00  0.0000e+00     0.0000e+00  0.0000e+00     0.0000e+00  0.0000e+00     0.0000e+00  0.0000e+00 
6.6945e+03     0.0000e+00  0.0000e+00     0.0000e+00  0.0000e+00     0.0000e+00  0.0000e+00     0.0000e+00  0.0000e+00 
7.5114e+03     0.0000e+00  0.0000e+00     0.0000e+00  0.0000e+00     0.0000e+00  0.0000e+00     0.0000e+00  0.0000e+00 
8.4279e+03     0.0000e+00  0.0000e+00     0.0000e+00  0.0000e+00     0.0000e+00  0.0000e+00     0.0000e+00  0.0000e+00 
9.4563e+03     0.0000e+00  0.0000e+00     0.0000e+00  0.0000e+00     0.0000e+00  0.0000e+00     0.0000e+00  0.0000e+00 
