yF = 3.7340e+00 (std: 0.0000e+00) keV/um
yD = 1.9718e+01 (std: 0.0000e+00) keV/um
y (keV/um)     f(y)(std)                  yf(y)(std)                 d(y)(std)                  yd(y)(std)  
1.0610e-01     2.7686e+01  0.0000e+00     2.9376e+00  0.0000e+00     7.8670e-01  0.0000e+00     8.3469e-02  0.0000e+00 
1.1905e-01     2.0492e+00  0.0000e+00     2.4395e-01  0.0000e+00     6.5331e-02  0.0000e+00     7.7774e-03  0.0000e+00 
1.3357e-01     5.6745e-01  0.0000e+00     7.5796e-02  0.0000e+00     2.0299e-02  0.0000e+00     2.7113e-03  0.0000e+00 
1.4987e-01     3.0684e+00  0.0000e+00     4.5987e-01  0.0000e+00     1.2316e-01  0.0000e+00     1.8458e-02  0.0000e+00 
1.6816e-01     9.1284e-01  0.0000e+00     1.5350e-01  0.0000e+00     4.1109e-02  0.0000e+00     6.9128e-03  0.0000e+00 
1.8868e-01     5.5870e-01  0.0000e+00     1.0541e-01  0.0000e+00     2.8230e-02  0.0000e+00     5.3264e-03  0.0000e+00 
2.1170e-01     6.4085e-01  0.0000e+00     1.3567e-01  0.0000e+00     3.6333e-02  0.0000e+00     7.6916e-03  0.0000e+00 
2.3753e-01     5.7116e-01  0.0000e+00     1.3567e-01  0.0000e+00     3.6333e-02  0.0000e+00     8.6301e-03  0.0000e+00 
2.6651e-01     2.6050e-01  0.0000e+00     6.9426e-02  0.0000e+00     1.8593e-02  0.0000e+00     4.9552e-03  0.0000e+00 
2.9903e-01     2.6731e-01  0.0000e+00     7.9936e-02  0.0000e+00     2.1407e-02  0.0000e+00     6.4015e-03  0.0000e+00 
3.3552e-01     1.4304e+00  0.0000e+00     4.7993e-01  0.0000e+00     1.2853e-01  0.0000e+00     4.3124e-02  0.0000e+00 
3.7646e-01     8.9756e-01  0.0000e+00     3.3790e-01  0.0000e+00     9.0491e-02  0.0000e+00     3.4066e-02  0.0000e+00 
4.2240e-01     3.7396e-01  0.0000e+00     1.5796e-01  0.0000e+00     4.2303e-02  0.0000e+00     1.7869e-02  0.0000e+00 
4.7394e-01     3.8504e-01  0.0000e+00     1.8248e-01  0.0000e+00     4.8870e-02  0.0000e+00     2.3161e-02  0.0000e+00 
5.3176e-01     2.4075e-01  0.0000e+00     1.2802e-01  0.0000e+00     3.4286e-02  0.0000e+00     1.8232e-02  0.0000e+00 
5.9665e-01     1.2063e-01  0.0000e+00     7.1974e-02  0.0000e+00     1.9275e-02  0.0000e+00     1.1500e-02  0.0000e+00 
6.6945e-01     2.1978e-01  0.0000e+00     1.4713e-01  0.0000e+00     3.9403e-02  0.0000e+00     2.6378e-02  0.0000e+00 
7.5114e-01     1.9291e-01  0.0000e+00     1.4490e-01  0.0000e+00     3.8806e-02  0.0000e+00     2.9149e-02  0.0000e+00 
8.4279e-01     8.3133e-02  0.0000e+00     7.0063e-02  0.0000e+00     1.8763e-02  0.0000e+00     1.5814e-02  0.0000e+00 
9.4563e-01     5.2201e-02  0.0000e+00     4.9363e-02  0.0000e+00     1.3220e-02  0.0000e+00     1.2501e-02  0.0000e+00 
1.0610e+00     3.7219e-02  0.0000e+00     3.9490e-02  0.0000e+00     1.0576e-02  0.0000e+00     1.1221e-02  0.0000e+00 
1.1905e+00     1.8994e-02  0.0000e+00     2.2611e-02  0.0000e+00     6.0555e-03  0.0000e+00     7.2089e-03  0.0000e+00 
1.3357e+00     1.0491e-02  0.0000e+00     1.4013e-02  0.0000e+00     3.7527e-03  0.0000e+00     5.0126e-03  0.0000e+00 
1.4987e+00     4.2499e-03  0.0000e+00     6.3694e-03  0.0000e+00     1.7058e-03  0.0000e+00     2.5565e-03  0.0000e+00 
1.6816e+00     3.0302e-03  0.0000e+00     5.0955e-03  0.0000e+00     1.3646e-03  0.0000e+00     2.2947e-03  0.0000e+00 
1.8868e+00     8.4395e-04  0.0000e+00     1.5923e-03  0.0000e+00     4.2644e-04  0.0000e+00     8.0460e-04  0.0000e+00 
2.1170e+00     4.5130e-04  0.0000e+00     9.5541e-04  0.0000e+00     2.5586e-04  0.0000e+00     5.4166e-04  0.0000e+00 
2.3753e+00     0.0000e+00  0.0000e+00     0.0000e+00  0.0000e+00     0.0000e+00  0.0000e+00     0.0000e+00  0.0000e+00 
2.6651e+00     0.0000e+00  0.0000e+00     0.0000e+00  0.0000e+00     0.0000e+00  0.0000e+00     0.0000e+00  0.0000e+00 
2.9903e+00     0.0000e+00  0.0000e+00     0.0000e+00  0.0000e+00     0.0000e+00  0.0000e+00     0.0000e+00  0.0000e+00 
3.3552e+00     0.0000e+00  0.0000e+00     0.0000e+00  0.0000e+00     0.0000e+00  0.0000e+00     0.0000e+00  0.0000e+00 
3.7646e+00     0.0000e+00  0.0000e+00     0.0000e+00  0.0000e+00     0.0000e+00  0.0000e+00     0.0000e+00  0.0000e+00 
4.2240e+00     0.0000e+00  0.0000e+00     0.0000e+00  0.0000e+00     0.0000e+00  0.0000e+00     0.0000e+00  0.0000e+00 
4.7394e+00     0.0000e+00  0.0000e+00     0.0000e+00  0.0000e+00     0.0000e+00  0.0000e+00     0.0000e+00  0.0000e+00 
5.3176e+00     0.0000e+00  0.0000e+00     0.0000e+00  0.0000e+00     0.0000e+00  0.0000e+00     0.0000e+00  0.0000e+00 
5.9665e+00     1.1353e-01  0.0000e+00     6.7738e-01  0.0000e+00     1.8141e-01  0.0000e+00     1.0824e+00  0.0000e+00 
6.6945e+00     2.0503e-02  0.0000e+00     1.3726e-01  0.0000e+00     3.6759e-02  0.0000e+00     2.4609e-01  0.0000e+00 
7.5114e+00     6.3173e-03  0.0000e+00     4.7452e-02  0.0000e+00     1.2708e-02  0.0000e+00     9.5454e-02  0.0000e+00 
8.4279e+00     2.3466e-02  0.0000e+00     1.9777e-01  0.0000e+00     5.2964e-02  0.0000e+00     4.4637e-01  0.0000e+00 
9.4563e+00     1.6502e-02  0.0000e+00     1.5605e-01  0.0000e+00     4.1791e-02  0.0000e+00     3.9519e-01  0.0000e+00 
1.0610e+01     2.6054e-02  0.0000e+00     2.7643e-01  0.0000e+00     7.4030e-02  0.0000e+00     7.8547e-01  0.0000e+00 
1.1905e+01     1.7576e-02  0.0000e+00     2.0923e-01  0.0000e+00     5.6034e-02  0.0000e+00     6.6707e-01  0.0000e+00 
1.3357e+01     1.2493e-02  0.0000e+00     1.6688e-01  0.0000e+00     4.4691e-02  0.0000e+00     5.9695e-01  0.0000e+00 
1.4987e+01     7.6923e-03  0.0000e+00     1.1529e-01  0.0000e+00     3.0874e-02  0.0000e+00     4.6272e-01  0.0000e+00 
1.6816e+01     4.2612e-03  0.0000e+00     7.1656e-02  0.0000e+00     1.9190e-02  0.0000e+00     3.2269e-01  0.0000e+00 
1.8868e+01     3.0045e-03  0.0000e+00     5.6688e-02  0.0000e+00     1.5181e-02  0.0000e+00     2.8644e-01  0.0000e+00 
2.1170e+01     2.8583e-03  0.0000e+00     6.0509e-02  0.0000e+00     1.6205e-02  0.0000e+00     3.4305e-01  0.0000e+00 
2.3753e+01     2.7485e-03  0.0000e+00     6.5286e-02  0.0000e+00     1.7484e-02  0.0000e+00     4.1530e-01  0.0000e+00 
2.6651e+01     1.5773e-03  0.0000e+00     4.2038e-02  0.0000e+00     1.1258e-02  0.0000e+00     3.0004e-01  0.0000e+00 
2.9903e+01     1.1289e-03  0.0000e+00     3.3758e-02  0.0000e+00     9.0405e-03  0.0000e+00     2.7034e-01  0.0000e+00 
3.3552e+01     8.0680e-04  0.0000e+00     2.7070e-02  0.0000e+00     7.2495e-03  0.0000e+00     2.4324e-01  0.0000e+00 
3.7646e+01     7.0214e-04  0.0000e+00     2.6433e-02  0.0000e+00     7.0789e-03  0.0000e+00     2.6649e-01  0.0000e+00 
4.2240e+01     3.9206e-04  0.0000e+00     1.6560e-02  0.0000e+00     4.4350e-03  0.0000e+00     1.8733e-01  0.0000e+00 
4.7394e+01     3.3598e-04  0.0000e+00     1.5923e-02  0.0000e+00     4.2644e-03  0.0000e+00     2.0211e-01  0.0000e+00 
5.3176e+01     2.6950e-04  0.0000e+00     1.4331e-02  0.0000e+00     3.8380e-03  0.0000e+00     2.0409e-01  0.0000e+00 
5.9665e+01     1.7080e-04  0.0000e+00     1.0191e-02  0.0000e+00     2.7292e-03  0.0000e+00     1.6284e-01  0.0000e+00 
6.6945e+01     1.0466e-04  0.0000e+00     7.0063e-03  0.0000e+00     1.8763e-03  0.0000e+00     1.2561e-01  0.0000e+00 
7.5114e+01     3.8158e-05  0.0000e+00     2.8662e-03  0.0000e+00     7.6759e-04  0.0000e+00     5.7657e-02  0.0000e+00 
8.4279e+01     2.6451e-05  0.0000e+00     2.2293e-03  0.0000e+00     5.9702e-04  0.0000e+00     5.0316e-02  0.0000e+00 
9.4563e+01     2.0207e-05  0.0000e+00     1.9108e-03  0.0000e+00     5.1173e-04  0.0000e+00     4.8390e-02  0.0000e+00 
1.0610e+02     6.0031e-06  0.0000e+00     6.3694e-04  0.0000e+00     1.7058e-04  0.0000e+00     1.8098e-02  0.0000e+00 
1.1905e+02     0.0000e+00  0.0000e+00     0.0000e+00  0.0000e+00     0.0000e+00  0.0000e+00     0.0000e+00  0.0000e+00 
1.3357e+02     0.0000e+00  0.0000e+00     0.0000e+00  0.0000e+00     0.0000e+00  0.0000e+00     0.0000e+00  0.0000e+00 
1.4987e+02     0.0000e+00  0.0000e+00     0.0000e+00  0.0000e+00     0.0000e+00  0.0000e+00     0.0000e+00  0.0000e+00 
1.6816e+02     0.0000e+00  0.0000e+00     0.0000e+00  0.0000e+00     0.0000e+00  0.0000e+00     0.0000e+00  0.0000e+00 
1.8868e+02     0.0000e+00  0.0000e+00     0.0000e+00  0.0000e+00     0.0000e+00  0.0000e+00     0.0000e+00  0.0000e+00 
2.1170e+02     0.0000e+00  0.0000e+00     0.0000e+00  0.0000e+00     0.0000e+00  0.0000e+00     0.0000e+00  0.0000e+00 
2.3753e+02     0.0000e+00  0.0000e+00     0.0000e+00  0.0000e+00     0.0000e+00  0.0000e+00     0.0000e+00  0.0000e+00 
2.6651e+02     0.0000e+00  0.0000e+00     0.0000e+00  0.0000e+00     0.0000e+00  0.0000e+00     0.0000e+00  0.0000e+00 
2.9903e+02     0.0000e+00  0.0000e+00     0.0000e+00  0.0000e+00     0.0000e+00  0.0000e+00     0.0000e+00  0.0000e+00 
3.3552e+02     0.0000e+00  0.0000e+00     0.0000e+00  0.0000e+00     0.0000e+00  0.0000e+00     0.0000e+00  0.0000e+00 
3.7646e+02     0.0000e+00  0.0000e+00     0.0000e+00  0.0000e+00     0.0000e+00  0.0000e+00     0.0000e+00  0.0000e+00 
4.2240e+02     0.0000e+00  0.0000e+00     0.0000e+00  0.0000e+00     0.0000e+00  0.0000e+00     0.0000e+00  0.0000e+00 
4.7394e+02     0.0000e+00  0.0000e+00     0.0000e+00  0.0000e+00     0.0000e+00  0.0000e+00     0.0000e+00  0.0000e+00 
5.3176e+02     0.0000e+00  0.0000e+00     0.0000e+00  0.0000e+00     0.0000e+00  0.0000e+00     0.0000e+00  0.0000e+00 
5.9665e+02     0.0000e+00  0.0000e+00     0.0000e+00  0.0000e+00     0.0000e+00  0.0000e+00     0.0000e+00  0.0000e+00 
6.6945e+02     0.0000e+00  0.0000e+00     0.0000e+00  0.0000e+00     0.0000e+00  0.0000e+00     0.0000e+00  0.0000e+00 
7.5114e+02     0.0000e+00  0.0000e+00     0.0000e+00  0.0000e+00     0.0000e+00  0.0000e+00     0.0000e+00  0.0000e+00 
8.4279e+02     0.0000e+00  0.0000e+00     0.0000e+00  0.0000e+00     0.0000e+00  0.0000e+00     0.0000e+00  0.0000e+00 
9.4563e+02     0.0000e+00  0.0000e+00     0.0000e+00  0.0000e+00     0.0000e+00  0.0000e+00     0.0000e+00  0.0000e+00 
1.0610e+03     0.0000e+00  0.0000e+00     0.0000e+00  0.0000e+00     0.0000e+00  0.0000e+00     0.0000e+00  0.0000e+00 
1.1905e+03     0.0000e+00  0.0000e+00     0.0000e+00  0.0000e+00     0.0000e+00  0.0000e+00     0.0000e+00  0.0000e+00 
1.3357e+03     0.0000e+00  0.0000e+00     0.0000e+00  0.0000e+00     0.0000e+00  0.0000e+00     0.0000e+00  0.0000e+00 
1.4987e+03     0.0000e+00  0.0000e+00     0.0000e+00  0.0000e+00     0.0000e+00  0.0000e+00     0.0000e+00  0.0000e+00 
1.6816e+03     0.0000e+00  0.0000e+00     0.0000e+00  0.0000e+00     0.0000e+00  0.0000e+00     0.0000e+00  0.0000e+00 
1.8868e+03     0.0000e+00  0.0000e+00     0.0000e+00  0.0000e+00     0.0000e+00  0.0000e+00     0.0000e+00  0.0000e+00 
2.1170e+03     0.0000e+00  0.0000e+00     0.0000e+00  0.0000e+00     0.0000e+00  0.0000e+00     0.0000e+00  0.0000e+00 
2.3753e+03     0.0000e+00  0.0000e+00     0.0000e+00  0.0000e+00     0.0000e+00  0.0000e+00     0.0000e+00  0.0000e+00 
2.6651e+03     0.0000e+00  0.0000e+00     0.0000e+00  0.0000e+00     0.0000e+00  0.0000e+00     0.0000e+00  0.0000e+00 
2.9903e+03     0.0000e+00  0.0000e+00     0.0000e+00  0.0000e+00     0.0000e+00  0.0000e+00     0.0000e+00  0.0000e+00 
3.3552e+03     0.0000e+00  0.0000e+00     0.0000e+00  0.0000e+00     0.0000e+00  0.0000e+00     0.0000e+00  0.0000e+00 
3.7646e+03     0.0000e+00  0.0000e+00     0.0000e+00  0.0000e+00     0.0000e+00  0.0000e+00     0.0000e+00  0.0000e+00 
4.2240e+03     0.0000e+00  0.0000e+00     0.0000e+00  0.0000e+00     0.0000e+00  0.0000e+00     0.0000e+00  0.0000e+00 
4.7394e+03     0.0000e+00  0.0000e+00     0.0000e+00  0.0000e+00     0.0000e+00  0.0000e+00     0.0000e+00  0.0000e+00 
5.3176e+03     0.0000e+00  0.0000e+00     0.0000e+00  0.0000e+00     0.0000e+00  0.0000e+00     0.0000e+00  0.0000e+00 
5.9665e+03     0.0000e+00  0.0000e+00     0.0000e+00  0.0000e+00     0.0000e+00  0.0000e+00     0.0000e+00  0.0000e+00 
6.6945e+03     0.0000e+00  0.0000e+00     0.0000e+00  0.0000e+00     0.0000e+00  0.0000e+00     0.0000e+00  0.0000e+00 
7.5114e+03     0.0000e+00  0.0000e+00     0.0000e+00  0.0000e+00     0.0000e+00  0.0000e+00     0.0000e+00  0.0000e+00 
8.4279e+03     0.0000e+00  0.0000e+00     0.0000e+00  0.0000e+00     0.0000e+00  0.0000e+00     0.0000e+00  0.0000e+00 
9.4563e+03     0.0000e+00  0.0000e+00     0.0000e+00  0.0000e+00     0.0000e+00  0.0000e+00     0.0000e+00  0.0000e+00 
