yF = 5.0160e+00 (std: 0.0000e+00) keV/um
yD = 2.5147e+01 (std: 0.0000e+00) keV/um
y (keV/um)     f(y)(std)                  yf(y)(std)                 d(y)(std)                  yd(y)(std)  
1.0610e-01     2.4934e+01  0.0000e+00     2.6455e+00  0.0000e+00     5.2741e-01  0.0000e+00     5.5958e-02  0.0000e+00 
1.1905e-01     1.8394e+00  0.0000e+00     2.1898e-01  0.0000e+00     4.3656e-02  0.0000e+00     5.1971e-03  0.0000e+00 
1.3357e-01     5.6483e-01  0.0000e+00     7.5446e-02  0.0000e+00     1.5041e-02  0.0000e+00     2.0091e-03  0.0000e+00 
1.4987e-01     2.7486e+00  0.0000e+00     4.1193e-01  0.0000e+00     8.2123e-02  0.0000e+00     1.2308e-02  0.0000e+00 
1.6816e-01     9.0629e-01  0.0000e+00     1.5240e-01  0.0000e+00     3.0383e-02  0.0000e+00     5.1091e-03  0.0000e+00 
1.8868e-01     5.9680e-01  0.0000e+00     1.1260e-01  0.0000e+00     2.2448e-02  0.0000e+00     4.2355e-03  0.0000e+00 
2.1170e-01     6.5307e-01  0.0000e+00     1.3825e-01  0.0000e+00     2.7562e-02  0.0000e+00     5.8349e-03  0.0000e+00 
2.3753e-01     5.7808e-01  0.0000e+00     1.3731e-01  0.0000e+00     2.7374e-02  0.0000e+00     6.5022e-03  0.0000e+00 
2.6651e-01     2.5265e-01  0.0000e+00     6.7335e-02  0.0000e+00     1.3424e-02  0.0000e+00     3.5777e-03  0.0000e+00 
2.9903e-01     2.4788e-01  0.0000e+00     7.4125e-02  0.0000e+00     1.4778e-02  0.0000e+00     4.4190e-03  0.0000e+00 
3.3552e-01     1.3953e+00  0.0000e+00     4.6814e-01  0.0000e+00     9.3329e-02  0.0000e+00     3.1314e-02  0.0000e+00 
3.7646e-01     8.7829e-01  0.0000e+00     3.3064e-01  0.0000e+00     6.5917e-02  0.0000e+00     2.4815e-02  0.0000e+00 
4.2240e-01     3.9384e-01  0.0000e+00     1.6636e-01  0.0000e+00     3.3165e-02  0.0000e+00     1.4009e-02  0.0000e+00 
4.7394e-01     3.8723e-01  0.0000e+00     1.8352e-01  0.0000e+00     3.6587e-02  0.0000e+00     1.7340e-02  0.0000e+00 
5.3176e-01     2.5325e-01  0.0000e+00     1.3467e-01  0.0000e+00     2.6848e-02  0.0000e+00     1.4277e-02  0.0000e+00 
5.9665e-01     1.2740e-01  0.0000e+00     7.6011e-02  0.0000e+00     1.5154e-02  0.0000e+00     9.0414e-03  0.0000e+00 
6.6945e-01     2.1300e-01  0.0000e+00     1.4259e-01  0.0000e+00     2.8427e-02  0.0000e+00     1.9031e-02  0.0000e+00 
7.5114e-01     1.7904e-01  0.0000e+00     1.3448e-01  0.0000e+00     2.6810e-02  0.0000e+00     2.0138e-02  0.0000e+00 
8.4279e-01     8.5043e-02  0.0000e+00     7.1673e-02  0.0000e+00     1.4289e-02  0.0000e+00     1.2042e-02  0.0000e+00 
9.4563e-01     4.8269e-02  0.0000e+00     4.5645e-02  0.0000e+00     9.0997e-03  0.0000e+00     8.6049e-03  0.0000e+00 
1.0610e+00     3.8398e-02  0.0000e+00     4.0741e-02  0.0000e+00     8.1221e-03  0.0000e+00     8.6176e-03  0.0000e+00 
1.1905e+00     2.3290e-02  0.0000e+00     2.7726e-02  0.0000e+00     5.5275e-03  0.0000e+00     6.5804e-03  0.0000e+00 
1.3357e+00     1.2144e-02  0.0000e+00     1.6221e-02  0.0000e+00     3.2338e-03  0.0000e+00     4.3195e-03  0.0000e+00 
1.4987e+00     6.9218e-03  0.0000e+00     1.0374e-02  0.0000e+00     2.0681e-03  0.0000e+00     3.0995e-03  0.0000e+00 
1.6816e+00     2.4676e-03  0.0000e+00     4.1495e-03  0.0000e+00     8.2725e-04  0.0000e+00     1.3911e-03  0.0000e+00 
1.8868e+00     9.9967e-04  0.0000e+00     1.8861e-03  0.0000e+00     3.7602e-04  0.0000e+00     7.0947e-04  0.0000e+00 
2.1170e+00     1.0691e-03  0.0000e+00     2.2634e-03  0.0000e+00     4.5123e-04  0.0000e+00     9.5524e-04  0.0000e+00 
2.3753e+00     2.3822e-04  0.0000e+00     5.6584e-04  0.0000e+00     1.1281e-04  0.0000e+00     2.6795e-04  0.0000e+00 
2.6651e+00     7.0771e-05  0.0000e+00     1.8861e-04  0.0000e+00     3.7602e-05  0.0000e+00     1.0021e-04  0.0000e+00 
2.9903e+00     0.0000e+00  0.0000e+00     0.0000e+00  0.0000e+00     0.0000e+00  0.0000e+00     0.0000e+00  0.0000e+00 
3.3552e+00     0.0000e+00  0.0000e+00     0.0000e+00  0.0000e+00     0.0000e+00  0.0000e+00     0.0000e+00  0.0000e+00 
3.7646e+00     0.0000e+00  0.0000e+00     0.0000e+00  0.0000e+00     0.0000e+00  0.0000e+00     0.0000e+00  0.0000e+00 
4.2240e+00     0.0000e+00  0.0000e+00     0.0000e+00  0.0000e+00     0.0000e+00  0.0000e+00     0.0000e+00  0.0000e+00 
4.7394e+00     0.0000e+00  0.0000e+00     0.0000e+00  0.0000e+00     0.0000e+00  0.0000e+00     0.0000e+00  0.0000e+00 
5.3176e+00     0.0000e+00  0.0000e+00     0.0000e+00  0.0000e+00     0.0000e+00  0.0000e+00     0.0000e+00  0.0000e+00 
5.9665e+00     1.1459e-01  0.0000e+00     6.8373e-01  0.0000e+00     1.3631e-01  0.0000e+00     8.1328e-01  0.0000e+00 
6.6945e+00     2.3441e-02  0.0000e+00     1.5693e-01  0.0000e+00     3.1285e-02  0.0000e+00     2.0944e-01  0.0000e+00 
7.5114e+00     5.7503e-03  0.0000e+00     4.3193e-02  0.0000e+00     8.6109e-03  0.0000e+00     6.4680e-02  0.0000e+00 
8.4279e+00     2.6609e-02  0.0000e+00     2.2426e-01  0.0000e+00     4.4709e-02  0.0000e+00     3.7680e-01  0.0000e+00 
9.4563e+00     1.6834e-02  0.0000e+00     1.5919e-01  0.0000e+00     3.1736e-02  0.0000e+00     3.0011e-01  0.0000e+00 
1.0610e+01     2.4923e-02  0.0000e+00     2.6444e-01  0.0000e+00     5.2718e-02  0.0000e+00     5.5935e-01  0.0000e+00 
1.1905e+01     1.7634e-02  0.0000e+00     2.0993e-01  0.0000e+00     4.1851e-02  0.0000e+00     4.9823e-01  0.0000e+00 
1.3357e+01     1.3090e-02  0.0000e+00     1.7485e-01  0.0000e+00     3.4857e-02  0.0000e+00     4.6560e-01  0.0000e+00 
1.4987e+01     8.0796e-03  0.0000e+00     1.2109e-01  0.0000e+00     2.4141e-02  0.0000e+00     3.6180e-01  0.0000e+00 
1.6816e+01     5.2717e-03  0.0000e+00     8.8649e-02  0.0000e+00     1.7673e-02  0.0000e+00     2.9719e-01  0.0000e+00 
1.8868e+01     4.4985e-03  0.0000e+00     8.4876e-02  0.0000e+00     1.6921e-02  0.0000e+00     3.1926e-01  0.0000e+00 
2.1170e+01     4.1518e-03  0.0000e+00     8.7894e-02  0.0000e+00     1.7523e-02  0.0000e+00     3.7095e-01  0.0000e+00 
2.3753e+01     4.2403e-03  0.0000e+00     1.0072e-01  0.0000e+00     2.0080e-02  0.0000e+00     4.7695e-01  0.0000e+00 
2.6651e+01     2.7601e-03  0.0000e+00     7.3559e-02  0.0000e+00     1.4665e-02  0.0000e+00     3.9084e-01  0.0000e+00 
2.9903e+01     2.1256e-03  0.0000e+00     6.3563e-02  0.0000e+00     1.2672e-02  0.0000e+00     3.7893e-01  0.0000e+00 
3.3552e+01     1.7314e-03  0.0000e+00     5.8093e-02  0.0000e+00     1.1581e-02  0.0000e+00     3.8858e-01  0.0000e+00 
3.7646e+01     1.3277e-03  0.0000e+00     4.9983e-02  0.0000e+00     9.9646e-03  0.0000e+00     3.7513e-01  0.0000e+00 
4.2240e+01     9.5112e-04  0.0000e+00     4.0175e-02  0.0000e+00     8.0093e-03  0.0000e+00     3.3831e-01  0.0000e+00 
4.7394e+01     7.8401e-04  0.0000e+00     3.7157e-02  0.0000e+00     7.4076e-03  0.0000e+00     3.5107e-01  0.0000e+00 
5.3176e+01     5.3914e-04  0.0000e+00     2.8669e-02  0.0000e+00     5.7155e-03  0.0000e+00     3.0393e-01  0.0000e+00 
5.9665e+01     3.4457e-04  0.0000e+00     2.0559e-02  0.0000e+00     4.0986e-03  0.0000e+00     2.4454e-01  0.0000e+00 
6.6945e+01     1.7186e-04  0.0000e+00     1.1505e-02  0.0000e+00     2.2937e-03  0.0000e+00     1.5355e-01  0.0000e+00 
7.5114e+01     1.2053e-04  0.0000e+00     9.0535e-03  0.0000e+00     1.8049e-03  0.0000e+00     1.3557e-01  0.0000e+00 
8.4279e+01     6.7139e-05  0.0000e+00     5.6584e-03  0.0000e+00     1.1281e-03  0.0000e+00     9.5072e-02  0.0000e+00 
9.4563e+01     2.5930e-05  0.0000e+00     2.4520e-03  0.0000e+00     4.8883e-04  0.0000e+00     4.6225e-02  0.0000e+00 
1.0610e+02     2.6665e-05  0.0000e+00     2.8292e-03  0.0000e+00     5.6403e-04  0.0000e+00     5.9844e-02  0.0000e+00 
1.1905e+02     4.7531e-06  0.0000e+00     5.6584e-04  0.0000e+00     1.1281e-04  0.0000e+00     1.3429e-02  0.0000e+00 
1.3357e+02     1.4121e-06  0.0000e+00     1.8861e-04  0.0000e+00     3.7602e-05  0.0000e+00     5.0226e-03  0.0000e+00 
1.4987e+02     0.0000e+00  0.0000e+00     0.0000e+00  0.0000e+00     0.0000e+00  0.0000e+00     0.0000e+00  0.0000e+00 
1.6816e+02     0.0000e+00  0.0000e+00     0.0000e+00  0.0000e+00     0.0000e+00  0.0000e+00     0.0000e+00  0.0000e+00 
1.8868e+02     0.0000e+00  0.0000e+00     0.0000e+00  0.0000e+00     0.0000e+00  0.0000e+00     0.0000e+00  0.0000e+00 
2.1170e+02     0.0000e+00  0.0000e+00     0.0000e+00  0.0000e+00     0.0000e+00  0.0000e+00     0.0000e+00  0.0000e+00 
2.3753e+02     0.0000e+00  0.0000e+00     0.0000e+00  0.0000e+00     0.0000e+00  0.0000e+00     0.0000e+00  0.0000e+00 
2.6651e+02     0.0000e+00  0.0000e+00     0.0000e+00  0.0000e+00     0.0000e+00  0.0000e+00     0.0000e+00  0.0000e+00 
2.9903e+02     0.0000e+00  0.0000e+00     0.0000e+00  0.0000e+00     0.0000e+00  0.0000e+00     0.0000e+00  0.0000e+00 
3.3552e+02     0.0000e+00  0.0000e+00     0.0000e+00  0.0000e+00     0.0000e+00  0.0000e+00     0.0000e+00  0.0000e+00 
3.7646e+02     0.0000e+00  0.0000e+00     0.0000e+00  0.0000e+00     0.0000e+00  0.0000e+00     0.0000e+00  0.0000e+00 
4.2240e+02     0.0000e+00  0.0000e+00     0.0000e+00  0.0000e+00     0.0000e+00  0.0000e+00     0.0000e+00  0.0000e+00 
4.7394e+02     0.0000e+00  0.0000e+00     0.0000e+00  0.0000e+00     0.0000e+00  0.0000e+00     0.0000e+00  0.0000e+00 
5.3176e+02     0.0000e+00  0.0000e+00     0.0000e+00  0.0000e+00     0.0000e+00  0.0000e+00     0.0000e+00  0.0000e+00 
5.9665e+02     0.0000e+00  0.0000e+00     0.0000e+00  0.0000e+00     0.0000e+00  0.0000e+00     0.0000e+00  0.0000e+00 
6.6945e+02     0.0000e+00  0.0000e+00     0.0000e+00  0.0000e+00     0.0000e+00  0.0000e+00     0.0000e+00  0.0000e+00 
7.5114e+02     0.0000e+00  0.0000e+00     0.0000e+00  0.0000e+00     0.0000e+00  0.0000e+00     0.0000e+00  0.0000e+00 
8.4279e+02     0.0000e+00  0.0000e+00     0.0000e+00  0.0000e+00     0.0000e+00  0.0000e+00     0.0000e+00  0.0000e+00 
9.4563e+02     0.0000e+00  0.0000e+00     0.0000e+00  0.0000e+00     0.0000e+00  0.0000e+00     0.0000e+00  0.0000e+00 
1.0610e+03     0.0000e+00  0.0000e+00     0.0000e+00  0.0000e+00     0.0000e+00  0.0000e+00     0.0000e+00  0.0000e+00 
1.1905e+03     0.0000e+00  0.0000e+00     0.0000e+00  0.0000e+00     0.0000e+00  0.0000e+00     0.0000e+00  0.0000e+00 
1.3357e+03     0.0000e+00  0.0000e+00     0.0000e+00  0.0000e+00     0.0000e+00  0.0000e+00     0.0000e+00  0.0000e+00 
1.4987e+03     0.0000e+00  0.0000e+00     0.0000e+00  0.0000e+00     0.0000e+00  0.0000e+00     0.0000e+00  0.0000e+00 
1.6816e+03     0.0000e+00  0.0000e+00     0.0000e+00  0.0000e+00     0.0000e+00  0.0000e+00     0.0000e+00  0.0000e+00 
1.8868e+03     0.0000e+00  0.0000e+00     0.0000e+00  0.0000e+00     0.0000e+00  0.0000e+00     0.0000e+00  0.0000e+00 
2.1170e+03     0.0000e+00  0.0000e+00     0.0000e+00  0.0000e+00     0.0000e+00  0.0000e+00     0.0000e+00  0.0000e+00 
2.3753e+03     0.0000e+00  0.0000e+00     0.0000e+00  0.0000e+00     0.0000e+00  0.0000e+00     0.0000e+00  0.0000e+00 
2.6651e+03     0.0000e+00  0.0000e+00     0.0000e+00  0.0000e+00     0.0000e+00  0.0000e+00     0.0000e+00  0.0000e+00 
2.9903e+03     0.0000e+00  0.0000e+00     0.0000e+00  0.0000e+00     0.0000e+00  0.0000e+00     0.0000e+00  0.0000e+00 
3.3552e+03     0.0000e+00  0.0000e+00     0.0000e+00  0.0000e+00     0.0000e+00  0.0000e+00     0.0000e+00  0.0000e+00 
3.7646e+03     0.0000e+00  0.0000e+00     0.0000e+00  0.0000e+00     0.0000e+00  0.0000e+00     0.0000e+00  0.0000e+00 
4.2240e+03     0.0000e+00  0.0000e+00     0.0000e+00  0.0000e+00     0.0000e+00  0.0000e+00     0.0000e+00  0.0000e+00 
4.7394e+03     0.0000e+00  0.0000e+00     0.0000e+00  0.0000e+00     0.0000e+00  0.0000e+00     0.0000e+00  0.0000e+00 
5.3176e+03     0.0000e+00  0.0000e+00     0.0000e+00  0.0000e+00     0.0000e+00  0.0000e+00     0.0000e+00  0.0000e+00 
5.9665e+03     0.0000e+00  0.0000e+00     0.0000e+00  0.0000e+00     0.0000e+00  0.0000e+00     0.0000e+00  0.0000e+00 
6.6945e+03     0.0000e+00  0.0000e+00     0.0000e+00  0.0000e+00     0.0000e+00  0.0000e+00     0.0000e+00  0.0000e+00 
7.5114e+03     0.0000e+00  0.0000e+00     0.0000e+00  0.0000e+00     0.0000e+00  0.0000e+00     0.0000e+00  0.0000e+00 
8.4279e+03     0.0000e+00  0.0000e+00     0.0000e+00  0.0000e+00     0.0000e+00  0.0000e+00     0.0000e+00  0.0000e+00 
9.4563e+03     0.0000e+00  0.0000e+00     0.0000e+00  0.0000e+00     0.0000e+00  0.0000e+00     0.0000e+00  0.0000e+00 
