yF = 6.6964e+00 (std: 0.0000e+00) keV/um
yD = 2.3724e+01 (std: 0.0000e+00) keV/um
y (keV/um)     f(y)(std)                  yf(y)(std)                 d(y)(std)                  yd(y)(std)  
1.0610e-01     2.3595e+01  0.0000e+00     2.5034e+00  0.0000e+00     3.7384e-01  0.0000e+00     3.9665e-02  0.0000e+00 
1.1905e-01     1.8446e+00  0.0000e+00     2.1959e-01  0.0000e+00     3.2793e-02  0.0000e+00     3.9039e-03  0.0000e+00 
1.3357e-01     4.3467e-01  0.0000e+00     5.8060e-02  0.0000e+00     8.6703e-03  0.0000e+00     1.1581e-03  0.0000e+00 
1.4987e-01     2.5087e+00  0.0000e+00     3.7599e-01  0.0000e+00     5.6148e-02  0.0000e+00     8.4149e-03  0.0000e+00 
1.6816e-01     6.8238e-01  0.0000e+00     1.1475e-01  0.0000e+00     1.7136e-02  0.0000e+00     2.8815e-03  0.0000e+00 
1.8868e-01     4.6344e-01  0.0000e+00     8.7440e-02  0.0000e+00     1.3058e-02  0.0000e+00     2.4637e-03  0.0000e+00 
2.1170e-01     5.0037e-01  0.0000e+00     1.0593e-01  0.0000e+00     1.5819e-02  0.0000e+00     3.3488e-03  0.0000e+00 
2.3753e-01     4.6354e-01  0.0000e+00     1.1010e-01  0.0000e+00     1.6442e-02  0.0000e+00     3.9055e-03  0.0000e+00 
2.6651e-01     1.9856e-01  0.0000e+00     5.2920e-02  0.0000e+00     7.9027e-03  0.0000e+00     2.1062e-03  0.0000e+00 
2.9903e-01     1.6921e-01  0.0000e+00     5.0598e-02  0.0000e+00     7.5560e-03  0.0000e+00     2.2595e-03  0.0000e+00 
3.3552e-01     1.2241e+00  0.0000e+00     4.1071e-01  0.0000e+00     6.1333e-02  0.0000e+00     2.0579e-02  0.0000e+00 
3.7646e-01     7.6609e-01  0.0000e+00     2.8840e-01  0.0000e+00     4.3068e-02  0.0000e+00     1.6213e-02  0.0000e+00 
4.2240e-01     3.1380e-01  0.0000e+00     1.3255e-01  0.0000e+00     1.9794e-02  0.0000e+00     8.3608e-03  0.0000e+00 
4.7394e-01     2.9225e-01  0.0000e+00     1.3851e-01  0.0000e+00     2.0684e-02  0.0000e+00     9.8027e-03  0.0000e+00 
5.3176e-01     1.8042e-01  0.0000e+00     9.5939e-02  0.0000e+00     1.4327e-02  0.0000e+00     7.6186e-03  0.0000e+00 
5.9665e-01     9.3541e-02  0.0000e+00     5.5811e-02  0.0000e+00     8.3345e-03  0.0000e+00     4.9728e-03  0.0000e+00 
6.6945e-01     1.8194e-01  0.0000e+00     1.2180e-01  0.0000e+00     1.8189e-02  0.0000e+00     1.2177e-02  0.0000e+00 
7.5114e-01     1.4647e-01  0.0000e+00     1.1002e-01  0.0000e+00     1.6429e-02  0.0000e+00     1.2341e-02  0.0000e+00 
8.4279e-01     6.5893e-02  0.0000e+00     5.5534e-02  0.0000e+00     8.2931e-03  0.0000e+00     6.9893e-03  0.0000e+00 
9.4563e-01     4.2652e-02  0.0000e+00     4.0332e-02  0.0000e+00     6.0230e-03  0.0000e+00     5.6955e-03  0.0000e+00 
1.0610e+00     3.6389e-02  0.0000e+00     3.8609e-02  0.0000e+00     5.7657e-03  0.0000e+00     6.1174e-03  0.0000e+00 
1.1905e+00     1.8522e-02  0.0000e+00     2.2050e-02  0.0000e+00     3.2928e-03  0.0000e+00     3.9200e-03  0.0000e+00 
1.3357e+00     1.1665e-02  0.0000e+00     1.5581e-02  0.0000e+00     2.3268e-03  0.0000e+00     3.1079e-03  0.0000e+00 
1.4987e+00     6.7230e-03  0.0000e+00     1.0076e-02  0.0000e+00     1.5047e-03  0.0000e+00     2.2551e-03  0.0000e+00 
1.6816e+00     3.4909e-03  0.0000e+00     5.8703e-03  0.0000e+00     8.7663e-04  0.0000e+00     1.4741e-03  0.0000e+00 
1.8868e+00     1.7104e-03  0.0000e+00     3.2272e-03  0.0000e+00     4.8193e-04  0.0000e+00     9.0928e-04  0.0000e+00 
2.1170e+00     7.4496e-04  0.0000e+00     1.5771e-03  0.0000e+00     2.3551e-04  0.0000e+00     4.9858e-04  0.0000e+00 
2.3753e+00     2.7050e-04  0.0000e+00     6.4252e-04  0.0000e+00     9.5949e-05  0.0000e+00     2.2791e-04  0.0000e+00 
2.6651e+00     6.0270e-05  0.0000e+00     1.6063e-04  0.0000e+00     2.3987e-05  0.0000e+00     6.3929e-05  0.0000e+00 
2.9903e+00     4.8833e-06  0.0000e+00     1.4603e-05  0.0000e+00     2.1807e-06  0.0000e+00     6.5209e-06  0.0000e+00 
3.3552e+00     0.0000e+00  0.0000e+00     0.0000e+00  0.0000e+00     0.0000e+00  0.0000e+00     0.0000e+00  0.0000e+00 
3.7646e+00     0.0000e+00  0.0000e+00     0.0000e+00  0.0000e+00     0.0000e+00  0.0000e+00     0.0000e+00  0.0000e+00 
4.2240e+00     0.0000e+00  0.0000e+00     0.0000e+00  0.0000e+00     0.0000e+00  0.0000e+00     0.0000e+00  0.0000e+00 
4.7394e+00     0.0000e+00  0.0000e+00     0.0000e+00  0.0000e+00     0.0000e+00  0.0000e+00     0.0000e+00  0.0000e+00 
5.3176e+00     2.7461e-06  0.0000e+00     1.4603e-05  0.0000e+00     2.1807e-06  0.0000e+00     1.1596e-05  0.0000e+00 
5.9665e+00     8.2454e-03  0.0000e+00     4.9196e-02  0.0000e+00     7.3466e-03  0.0000e+00     4.3834e-02  0.0000e+00 
6.6945e+00     6.0727e-03  0.0000e+00     4.0654e-02  0.0000e+00     6.0710e-03  0.0000e+00     4.0642e-02  0.0000e+00 
7.5114e+00     4.7066e-03  0.0000e+00     3.5353e-02  0.0000e+00     5.2794e-03  0.0000e+00     3.9655e-02  0.0000e+00 
8.4279e+00     9.0470e-02  0.0000e+00     7.6248e-01  0.0000e+00     1.1386e-01  0.0000e+00     9.5963e-01  0.0000e+00 
9.4563e+00     1.9050e-02  0.0000e+00     1.8014e-01  0.0000e+00     2.6901e-02  0.0000e+00     2.5438e-01  0.0000e+00 
1.0610e+01     3.7549e-02  0.0000e+00     3.9840e-01  0.0000e+00     5.9495e-02  0.0000e+00     6.3125e-01  0.0000e+00 
1.1905e+01     2.8184e-02  0.0000e+00     3.3552e-01  0.0000e+00     5.0105e-02  0.0000e+00     5.9649e-01  0.0000e+00 
1.3357e+01     2.7038e-02  0.0000e+00     3.6115e-01  0.0000e+00     5.3932e-02  0.0000e+00     7.2039e-01  0.0000e+00 
1.4987e+01     1.4799e-02  0.0000e+00     2.2180e-01  0.0000e+00     3.3122e-02  0.0000e+00     4.9641e-01  0.0000e+00 
1.6816e+01     8.4442e-03  0.0000e+00     1.4200e-01  0.0000e+00     2.1205e-02  0.0000e+00     3.5658e-01  0.0000e+00 
1.8868e+01     4.4332e-03  0.0000e+00     8.3644e-02  0.0000e+00     1.2491e-02  0.0000e+00     2.3567e-01  0.0000e+00 
2.1170e+01     4.7926e-03  0.0000e+00     1.0146e-01  0.0000e+00     1.5151e-02  0.0000e+00     3.2075e-01  0.0000e+00 
2.3753e+01     1.2058e-02  0.0000e+00     2.8642e-01  0.0000e+00     4.2771e-02  0.0000e+00     1.0160e+00  0.0000e+00 
2.6651e+01     3.0606e-03  0.0000e+00     8.1570e-02  0.0000e+00     1.2181e-02  0.0000e+00     3.2464e-01  0.0000e+00 
2.9903e+01     2.3440e-03  0.0000e+00     7.0093e-02  0.0000e+00     1.0467e-02  0.0000e+00     3.1300e-01  0.0000e+00 
3.3552e+01     2.2205e-03  0.0000e+00     7.4503e-02  0.0000e+00     1.1126e-02  0.0000e+00     3.7329e-01  0.0000e+00 
3.7646e+01     1.7521e-03  0.0000e+00     6.5960e-02  0.0000e+00     9.8500e-03  0.0000e+00     3.7082e-01  0.0000e+00 
4.2240e+01     1.2300e-03  0.0000e+00     5.1956e-02  0.0000e+00     7.7588e-03  0.0000e+00     3.2773e-01  0.0000e+00 
4.7394e+01     9.5300e-04  0.0000e+00     4.5166e-02  0.0000e+00     6.7448e-03  0.0000e+00     3.1966e-01  0.0000e+00 
5.3176e+01     6.0002e-04  0.0000e+00     3.1907e-02  0.0000e+00     4.7647e-03  0.0000e+00     2.5337e-01  0.0000e+00 
5.9665e+01     3.8670e-04  0.0000e+00     2.3072e-02  0.0000e+00     3.4454e-03  0.0000e+00     2.0557e-01  0.0000e+00 
6.6945e+01     1.9152e-04  0.0000e+00     1.2821e-02  0.0000e+00     1.9146e-03  0.0000e+00     1.2817e-01  0.0000e+00 
7.5114e+01     1.0051e-04  0.0000e+00     7.5496e-03  0.0000e+00     1.1274e-03  0.0000e+00     8.4683e-02  0.0000e+00 
8.4279e+01     4.3143e-05  0.0000e+00     3.6361e-03  0.0000e+00     5.4298e-04  0.0000e+00     4.5762e-02  0.0000e+00 
9.4563e+01     1.6678e-05  0.0000e+00     1.5771e-03  0.0000e+00     2.3551e-04  0.0000e+00     2.2271e-02  0.0000e+00 
1.0610e+02     6.7438e-06  0.0000e+00     7.1553e-04  0.0000e+00     1.0685e-04  0.0000e+00     1.1337e-02  0.0000e+00 
1.1905e+02     2.3306e-06  0.0000e+00     2.7745e-04  0.0000e+00     4.1433e-05  0.0000e+00     4.9324e-03  0.0000e+00 
1.3357e+02     1.3119e-06  0.0000e+00     1.7523e-04  0.0000e+00     2.6168e-05  0.0000e+00     3.4953e-03  0.0000e+00 
1.4987e+02     3.8974e-07  0.0000e+00     5.8410e-05  0.0000e+00     8.7226e-06  0.0000e+00     1.3073e-03  0.0000e+00 
1.6816e+02     8.6838e-08  0.0000e+00     1.4603e-05  0.0000e+00     2.1807e-06  0.0000e+00     3.6670e-04  0.0000e+00 
1.8868e+02     0.0000e+00  0.0000e+00     0.0000e+00  0.0000e+00     0.0000e+00  0.0000e+00     0.0000e+00  0.0000e+00 
2.1170e+02     0.0000e+00  0.0000e+00     0.0000e+00  0.0000e+00     0.0000e+00  0.0000e+00     0.0000e+00  0.0000e+00 
2.3753e+02     0.0000e+00  0.0000e+00     0.0000e+00  0.0000e+00     0.0000e+00  0.0000e+00     0.0000e+00  0.0000e+00 
2.6651e+02     0.0000e+00  0.0000e+00     0.0000e+00  0.0000e+00     0.0000e+00  0.0000e+00     0.0000e+00  0.0000e+00 
2.9903e+02     0.0000e+00  0.0000e+00     0.0000e+00  0.0000e+00     0.0000e+00  0.0000e+00     0.0000e+00  0.0000e+00 
3.3552e+02     0.0000e+00  0.0000e+00     0.0000e+00  0.0000e+00     0.0000e+00  0.0000e+00     0.0000e+00  0.0000e+00 
3.7646e+02     0.0000e+00  0.0000e+00     0.0000e+00  0.0000e+00     0.0000e+00  0.0000e+00     0.0000e+00  0.0000e+00 
4.2240e+02     0.0000e+00  0.0000e+00     0.0000e+00  0.0000e+00     0.0000e+00  0.0000e+00     0.0000e+00  0.0000e+00 
4.7394e+02     0.0000e+00  0.0000e+00     0.0000e+00  0.0000e+00     0.0000e+00  0.0000e+00     0.0000e+00  0.0000e+00 
5.3176e+02     0.0000e+00  0.0000e+00     0.0000e+00  0.0000e+00     0.0000e+00  0.0000e+00     0.0000e+00  0.0000e+00 
5.9665e+02     0.0000e+00  0.0000e+00     0.0000e+00  0.0000e+00     0.0000e+00  0.0000e+00     0.0000e+00  0.0000e+00 
6.6945e+02     0.0000e+00  0.0000e+00     0.0000e+00  0.0000e+00     0.0000e+00  0.0000e+00     0.0000e+00  0.0000e+00 
7.5114e+02     0.0000e+00  0.0000e+00     0.0000e+00  0.0000e+00     0.0000e+00  0.0000e+00     0.0000e+00  0.0000e+00 
8.4279e+02     0.0000e+00  0.0000e+00     0.0000e+00  0.0000e+00     0.0000e+00  0.0000e+00     0.0000e+00  0.0000e+00 
9.4563e+02     0.0000e+00  0.0000e+00     0.0000e+00  0.0000e+00     0.0000e+00  0.0000e+00     0.0000e+00  0.0000e+00 
1.0610e+03     0.0000e+00  0.0000e+00     0.0000e+00  0.0000e+00     0.0000e+00  0.0000e+00     0.0000e+00  0.0000e+00 
1.1905e+03     0.0000e+00  0.0000e+00     0.0000e+00  0.0000e+00     0.0000e+00  0.0000e+00     0.0000e+00  0.0000e+00 
1.3357e+03     0.0000e+00  0.0000e+00     0.0000e+00  0.0000e+00     0.0000e+00  0.0000e+00     0.0000e+00  0.0000e+00 
1.4987e+03     0.0000e+00  0.0000e+00     0.0000e+00  0.0000e+00     0.0000e+00  0.0000e+00     0.0000e+00  0.0000e+00 
1.6816e+03     0.0000e+00  0.0000e+00     0.0000e+00  0.0000e+00     0.0000e+00  0.0000e+00     0.0000e+00  0.0000e+00 
1.8868e+03     0.0000e+00  0.0000e+00     0.0000e+00  0.0000e+00     0.0000e+00  0.0000e+00     0.0000e+00  0.0000e+00 
2.1170e+03     0.0000e+00  0.0000e+00     0.0000e+00  0.0000e+00     0.0000e+00  0.0000e+00     0.0000e+00  0.0000e+00 
2.3753e+03     0.0000e+00  0.0000e+00     0.0000e+00  0.0000e+00     0.0000e+00  0.0000e+00     0.0000e+00  0.0000e+00 
2.6651e+03     0.0000e+00  0.0000e+00     0.0000e+00  0.0000e+00     0.0000e+00  0.0000e+00     0.0000e+00  0.0000e+00 
2.9903e+03     0.0000e+00  0.0000e+00     0.0000e+00  0.0000e+00     0.0000e+00  0.0000e+00     0.0000e+00  0.0000e+00 
3.3552e+03     0.0000e+00  0.0000e+00     0.0000e+00  0.0000e+00     0.0000e+00  0.0000e+00     0.0000e+00  0.0000e+00 
3.7646e+03     0.0000e+00  0.0000e+00     0.0000e+00  0.0000e+00     0.0000e+00  0.0000e+00     0.0000e+00  0.0000e+00 
4.2240e+03     0.0000e+00  0.0000e+00     0.0000e+00  0.0000e+00     0.0000e+00  0.0000e+00     0.0000e+00  0.0000e+00 
4.7394e+03     0.0000e+00  0.0000e+00     0.0000e+00  0.0000e+00     0.0000e+00  0.0000e+00     0.0000e+00  0.0000e+00 
5.3176e+03     0.0000e+00  0.0000e+00     0.0000e+00  0.0000e+00     0.0000e+00  0.0000e+00     0.0000e+00  0.0000e+00 
5.9665e+03     0.0000e+00  0.0000e+00     0.0000e+00  0.0000e+00     0.0000e+00  0.0000e+00     0.0000e+00  0.0000e+00 
6.6945e+03     0.0000e+00  0.0000e+00     0.0000e+00  0.0000e+00     0.0000e+00  0.0000e+00     0.0000e+00  0.0000e+00 
7.5114e+03     0.0000e+00  0.0000e+00     0.0000e+00  0.0000e+00     0.0000e+00  0.0000e+00     0.0000e+00  0.0000e+00 
8.4279e+03     0.0000e+00  0.0000e+00     0.0000e+00  0.0000e+00     0.0000e+00  0.0000e+00     0.0000e+00  0.0000e+00 
9.4563e+03     0.0000e+00  0.0000e+00     0.0000e+00  0.0000e+00     0.0000e+00  0.0000e+00     0.0000e+00  0.0000e+00 
