yF = 2.5910e+02 (std: 0.0000e+00) keV/um
yD = 3.2314e+02 (std: 0.0000e+00) keV/um
y (keV/um)     f(y)(std)                  yf(y)(std)                 d(y)(std)                  yd(y)(std)  
1.0610e-01     4.0417e-02  0.0000e+00     4.2883e-03  0.0000e+00     1.6551e-05  0.0000e+00     1.7561e-06  0.0000e+00 
1.1905e-01     3.4341e-03  0.0000e+00     4.0883e-04  0.0000e+00     1.5779e-06  0.0000e+00     1.8784e-07  0.0000e+00 
1.3357e-01     1.6280e-03  0.0000e+00     2.1746e-04  0.0000e+00     8.3930e-07  0.0000e+00     1.1211e-07  0.0000e+00 
1.4987e-01     3.4823e-03  0.0000e+00     5.2190e-04  0.0000e+00     2.0143e-06  0.0000e+00     3.0189e-07  0.0000e+00 
1.6816e-01     1.7070e-03  0.0000e+00     2.8705e-04  0.0000e+00     1.1079e-06  0.0000e+00     1.8630e-07  0.0000e+00 
1.8868e-01     1.2448e-03  0.0000e+00     2.3486e-04  0.0000e+00     9.0645e-07  0.0000e+00     1.7103e-07  0.0000e+00 
2.1170e-01     1.1094e-03  0.0000e+00     2.3486e-04  0.0000e+00     9.0645e-07  0.0000e+00     1.9189e-07  0.0000e+00 
2.3753e-01     8.7888e-04  0.0000e+00     2.0876e-04  0.0000e+00     8.0573e-07  0.0000e+00     1.9139e-07  0.0000e+00 
2.6651e-01     8.1594e-04  0.0000e+00     2.1746e-04  0.0000e+00     8.3930e-07  0.0000e+00     2.2369e-07  0.0000e+00 
2.9903e-01     3.1997e-04  0.0000e+00     9.5682e-05  0.0000e+00     3.6929e-07  0.0000e+00     1.1043e-07  0.0000e+00 
3.3552e-01     1.6851e-03  0.0000e+00     5.6540e-04  0.0000e+00     2.1822e-06  0.0000e+00     7.3217e-07  0.0000e+00 
3.7646e-01     9.9355e-04  0.0000e+00     3.7403e-04  0.0000e+00     1.4436e-06  0.0000e+00     5.4346e-07  0.0000e+00 
4.2240e-01     4.3245e-04  0.0000e+00     1.8267e-04  0.0000e+00     7.0502e-07  0.0000e+00     2.9780e-07  0.0000e+00 
4.7394e-01     6.0567e-04  0.0000e+00     2.8705e-04  0.0000e+00     1.1079e-06  0.0000e+00     5.2506e-07  0.0000e+00 
5.3176e-01     3.9258e-04  0.0000e+00     2.0876e-04  0.0000e+00     8.0573e-07  0.0000e+00     4.2846e-07  0.0000e+00 
5.9665e-01     3.3531e-04  0.0000e+00     2.0006e-04  0.0000e+00     7.7216e-07  0.0000e+00     4.6071e-07  0.0000e+00 
6.6945e-01     3.1184e-04  0.0000e+00     2.0876e-04  0.0000e+00     8.0573e-07  0.0000e+00     5.3940e-07  0.0000e+00 
7.5114e-01     2.4319e-04  0.0000e+00     1.8267e-04  0.0000e+00     7.0502e-07  0.0000e+00     5.2956e-07  0.0000e+00 
8.4279e-01     1.1353e-04  0.0000e+00     9.5682e-05  0.0000e+00     3.6929e-07  0.0000e+00     3.1124e-07  0.0000e+00 
9.4563e-01     1.3798e-04  0.0000e+00     1.3048e-04  0.0000e+00     5.0358e-07  0.0000e+00     4.7620e-07  0.0000e+00 
1.0610e+00     8.1982e-05  0.0000e+00     8.6984e-05  0.0000e+00     3.3572e-07  0.0000e+00     3.5620e-07  0.0000e+00 
1.1905e+00     2.9227e-05  0.0000e+00     3.4794e-05  0.0000e+00     1.3429e-07  0.0000e+00     1.5987e-07  0.0000e+00 
1.3357e+00     1.3024e-05  0.0000e+00     1.7397e-05  0.0000e+00     6.7144e-08  0.0000e+00     8.9687e-08  0.0000e+00 
1.4987e+00     5.8039e-06  0.0000e+00     8.6984e-06  0.0000e+00     3.3572e-08  0.0000e+00     5.0315e-08  0.0000e+00 
1.6816e+00     5.1727e-06  0.0000e+00     8.6984e-06  0.0000e+00     3.3572e-08  0.0000e+00     5.6454e-08  0.0000e+00 
1.8868e+00     0.0000e+00  0.0000e+00     0.0000e+00  0.0000e+00     0.0000e+00  0.0000e+00     0.0000e+00  0.0000e+00 
2.1170e+00     4.1089e-06  0.0000e+00     8.6984e-06  0.0000e+00     3.3572e-08  0.0000e+00     7.1072e-08  0.0000e+00 
2.3753e+00     0.0000e+00  0.0000e+00     0.0000e+00  0.0000e+00     0.0000e+00  0.0000e+00     0.0000e+00  0.0000e+00 
2.6651e+00     3.2638e-06  0.0000e+00     8.6984e-06  0.0000e+00     3.3572e-08  0.0000e+00     8.9474e-08  0.0000e+00 
2.9903e+00     0.0000e+00  0.0000e+00     0.0000e+00  0.0000e+00     0.0000e+00  0.0000e+00     0.0000e+00  0.0000e+00 
3.3552e+00     0.0000e+00  0.0000e+00     0.0000e+00  0.0000e+00     0.0000e+00  0.0000e+00     0.0000e+00  0.0000e+00 
3.7646e+00     5.0833e-05  0.0000e+00     1.9136e-04  0.0000e+00     7.3859e-07  0.0000e+00     2.7805e-06  0.0000e+00 
4.2240e+00     2.6771e-05  0.0000e+00     1.1308e-04  0.0000e+00     4.3644e-07  0.0000e+00     1.8435e-06  0.0000e+00 
4.7394e+00     5.5061e-06  0.0000e+00     2.6095e-05  0.0000e+00     1.0072e-07  0.0000e+00     4.7733e-07  0.0000e+00 
5.3176e+00     4.0894e-05  0.0000e+00     2.1746e-04  0.0000e+00     8.3930e-07  0.0000e+00     4.4631e-06  0.0000e+00 
5.9665e+00     4.5194e-05  0.0000e+00     2.6965e-04  0.0000e+00     1.0407e-06  0.0000e+00     6.2096e-06  0.0000e+00 
6.6945e+00     6.2368e-05  0.0000e+00     4.1752e-04  0.0000e+00     1.6115e-06  0.0000e+00     1.0788e-05  0.0000e+00 
7.5114e+00     3.9373e-05  0.0000e+00     2.9575e-04  0.0000e+00     1.1415e-06  0.0000e+00     8.5739e-06  0.0000e+00 
8.4279e+00     6.0687e-04  0.0000e+00     5.1147e-03  0.0000e+00     1.9740e-05  0.0000e+00     1.6637e-04  0.0000e+00 
9.4563e+00     3.3115e-04  0.0000e+00     3.1314e-03  0.0000e+00     1.2086e-05  0.0000e+00     1.1429e-04  0.0000e+00 
1.0610e+01     4.7550e-04  0.0000e+00     5.0451e-03  0.0000e+00     1.9472e-05  0.0000e+00     2.0660e-04  0.0000e+00 
1.1905e+01     2.6669e-04  0.0000e+00     3.1749e-03  0.0000e+00     1.2254e-05  0.0000e+00     1.4588e-04  0.0000e+00 
1.3357e+01     2.7742e-04  0.0000e+00     3.7055e-03  0.0000e+00     1.4302e-05  0.0000e+00     1.9103e-04  0.0000e+00 
1.4987e+01     2.0198e-04  0.0000e+00     3.0270e-03  0.0000e+00     1.1683e-05  0.0000e+00     1.7510e-04  0.0000e+00 
1.6816e+01     3.7451e-04  0.0000e+00     6.2976e-03  0.0000e+00     2.4306e-05  0.0000e+00     4.0873e-04  0.0000e+00 
1.8868e+01     4.4350e-04  0.0000e+00     8.3679e-03  0.0000e+00     3.2296e-05  0.0000e+00     6.0936e-04  0.0000e+00 
2.1170e+01     4.9717e-04  0.0000e+00     1.0525e-02  0.0000e+00     4.0622e-05  0.0000e+00     8.5997e-04  0.0000e+00 
2.3753e+01     4.6874e-04  0.0000e+00     1.1134e-02  0.0000e+00     4.2972e-05  0.0000e+00     1.0207e-03  0.0000e+00 
2.6651e+01     5.5093e-04  0.0000e+00     1.4683e-02  0.0000e+00     5.6670e-05  0.0000e+00     1.5103e-03  0.0000e+00 
2.9903e+01     6.5565e-04  0.0000e+00     1.9606e-02  0.0000e+00     7.5672e-05  0.0000e+00     2.2628e-03  0.0000e+00 
3.3552e+01     6.9246e-04  0.0000e+00     2.3233e-02  0.0000e+00     8.9671e-05  0.0000e+00     3.0087e-03  0.0000e+00 
3.7646e+01     7.6434e-04  0.0000e+00     2.8774e-02  0.0000e+00     1.1106e-04  0.0000e+00     4.1808e-03  0.0000e+00 
4.2240e+01     8.7500e-04  0.0000e+00     3.6960e-02  0.0000e+00     1.4265e-04  0.0000e+00     6.0254e-03  0.0000e+00 
4.7394e+01     9.7237e-04  0.0000e+00     4.6084e-02  0.0000e+00     1.7787e-04  0.0000e+00     8.4297e-03  0.0000e+00 
5.3176e+01     1.0680e-03  0.0000e+00     5.6792e-02  0.0000e+00     2.1919e-04  0.0000e+00     1.1656e-02  0.0000e+00 
5.9665e+01     1.1570e-03  0.0000e+00     6.9031e-02  0.0000e+00     2.6643e-04  0.0000e+00     1.5896e-02  0.0000e+00 
6.6945e+01     1.3002e-03  0.0000e+00     8.7045e-02  0.0000e+00     3.3596e-04  0.0000e+00     2.2491e-02  0.0000e+00 
7.5114e+01     1.4135e-03  0.0000e+00     1.0617e-01  0.0000e+00     4.0978e-04  0.0000e+00     3.0780e-02  0.0000e+00 
8.4279e+01     1.5835e-03  0.0000e+00     1.3346e-01  0.0000e+00     5.1510e-04  0.0000e+00     4.3412e-02  0.0000e+00 
9.4563e+01     1.7614e-03  0.0000e+00     1.6657e-01  0.0000e+00     6.4287e-04  0.0000e+00     6.0792e-02  0.0000e+00 
1.0610e+02     1.9335e-03  0.0000e+00     2.0514e-01  0.0000e+00     7.9177e-04  0.0000e+00     8.4007e-02  0.0000e+00 
1.1905e+02     2.1676e-03  0.0000e+00     2.5805e-01  0.0000e+00     9.9595e-04  0.0000e+00     1.1857e-01  0.0000e+00 
1.3357e+02     2.3733e-03  0.0000e+00     3.1700e-01  0.0000e+00     1.2235e-03  0.0000e+00     1.6343e-01  0.0000e+00 
1.4987e+02     2.5888e-03  0.0000e+00     3.8798e-01  0.0000e+00     1.4975e-03  0.0000e+00     2.2443e-01  0.0000e+00 
1.6816e+02     2.8028e-03  0.0000e+00     4.7132e-01  0.0000e+00     1.8191e-03  0.0000e+00     3.0590e-01  0.0000e+00 
1.8868e+02     3.0142e-03  0.0000e+00     5.6871e-01  0.0000e+00     2.1950e-03  0.0000e+00     4.1414e-01  0.0000e+00 
2.1170e+02     3.1102e-03  0.0000e+00     6.5843e-01  0.0000e+00     2.5413e-03  0.0000e+00     5.3799e-01  0.0000e+00 
2.3753e+02     3.1243e-03  0.0000e+00     7.4212e-01  0.0000e+00     2.8643e-03  0.0000e+00     6.8035e-01  0.0000e+00 
2.6651e+02     2.9844e-03  0.0000e+00     7.9538e-01  0.0000e+00     3.0698e-03  0.0000e+00     8.1815e-01  0.0000e+00 
2.9903e+02     2.6840e-03  0.0000e+00     8.0259e-01  0.0000e+00     3.0977e-03  0.0000e+00     9.2631e-01  0.0000e+00 
3.3552e+02     2.2494e-03  0.0000e+00     7.5473e-01  0.0000e+00     2.9130e-03  0.0000e+00     9.7736e-01  0.0000e+00 
3.7646e+02     1.7382e-03  0.0000e+00     6.5435e-01  0.0000e+00     2.5255e-03  0.0000e+00     9.5075e-01  0.0000e+00 
4.2240e+02     1.2011e-03  0.0000e+00     5.0733e-01  0.0000e+00     1.9581e-03  0.0000e+00     8.2709e-01  0.0000e+00 
4.7394e+02     7.3132e-04  0.0000e+00     3.4660e-01  0.0000e+00     1.3377e-03  0.0000e+00     6.3399e-01  0.0000e+00 
5.3176e+02     3.8732e-04  0.0000e+00     2.0596e-01  0.0000e+00     7.9492e-04  0.0000e+00     4.2271e-01  0.0000e+00 
5.9665e+02     1.6830e-04  0.0000e+00     1.0041e-01  0.0000e+00     3.8756e-04  0.0000e+00     2.3124e-01  0.0000e+00 
6.6945e+02     6.2641e-05  0.0000e+00     4.1935e-02  0.0000e+00     1.6185e-04  0.0000e+00     1.0835e-01  0.0000e+00 
7.5114e+02     1.7926e-05  0.0000e+00     1.3465e-02  0.0000e+00     5.1970e-05  0.0000e+00     3.9036e-02  0.0000e+00 
8.4279e+02     4.8612e-06  0.0000e+00     4.0969e-03  0.0000e+00     1.5812e-05  0.0000e+00     1.3327e-02  0.0000e+00 
9.4563e+02     9.8425e-07  0.0000e+00     9.3073e-04  0.0000e+00     3.5922e-06  0.0000e+00     3.3969e-03  0.0000e+00 
1.0610e+03     1.0658e-07  0.0000e+00     1.1308e-04  0.0000e+00     4.3644e-07  0.0000e+00     4.6306e-04  0.0000e+00 
1.1905e+03     2.1920e-08  0.0000e+00     2.6095e-05  0.0000e+00     1.0072e-07  0.0000e+00     1.1990e-04  0.0000e+00 
1.3357e+03     0.0000e+00  0.0000e+00     0.0000e+00  0.0000e+00     0.0000e+00  0.0000e+00     0.0000e+00  0.0000e+00 
1.4987e+03     0.0000e+00  0.0000e+00     0.0000e+00  0.0000e+00     0.0000e+00  0.0000e+00     0.0000e+00  0.0000e+00 
1.6816e+03     0.0000e+00  0.0000e+00     0.0000e+00  0.0000e+00     0.0000e+00  0.0000e+00     0.0000e+00  0.0000e+00 
1.8868e+03     0.0000e+00  0.0000e+00     0.0000e+00  0.0000e+00     0.0000e+00  0.0000e+00     0.0000e+00  0.0000e+00 
2.1170e+03     0.0000e+00  0.0000e+00     0.0000e+00  0.0000e+00     0.0000e+00  0.0000e+00     0.0000e+00  0.0000e+00 
2.3753e+03     0.0000e+00  0.0000e+00     0.0000e+00  0.0000e+00     0.0000e+00  0.0000e+00     0.0000e+00  0.0000e+00 
2.6651e+03     0.0000e+00  0.0000e+00     0.0000e+00  0.0000e+00     0.0000e+00  0.0000e+00     0.0000e+00  0.0000e+00 
2.9903e+03     0.0000e+00  0.0000e+00     0.0000e+00  0.0000e+00     0.0000e+00  0.0000e+00     0.0000e+00  0.0000e+00 
3.3552e+03     0.0000e+00  0.0000e+00     0.0000e+00  0.0000e+00     0.0000e+00  0.0000e+00     0.0000e+00  0.0000e+00 
3.7646e+03     0.0000e+00  0.0000e+00     0.0000e+00  0.0000e+00     0.0000e+00  0.0000e+00     0.0000e+00  0.0000e+00 
4.2240e+03     0.0000e+00  0.0000e+00     0.0000e+00  0.0000e+00     0.0000e+00  0.0000e+00     0.0000e+00  0.0000e+00 
4.7394e+03     0.0000e+00  0.0000e+00     0.0000e+00  0.0000e+00     0.0000e+00  0.0000e+00     0.0000e+00  0.0000e+00 
5.3176e+03     0.0000e+00  0.0000e+00     0.0000e+00  0.0000e+00     0.0000e+00  0.0000e+00     0.0000e+00  0.0000e+00 
5.9665e+03     0.0000e+00  0.0000e+00     0.0000e+00  0.0000e+00     0.0000e+00  0.0000e+00     0.0000e+00  0.0000e+00 
6.6945e+03     0.0000e+00  0.0000e+00     0.0000e+00  0.0000e+00     0.0000e+00  0.0000e+00     0.0000e+00  0.0000e+00 
7.5114e+03     0.0000e+00  0.0000e+00     0.0000e+00  0.0000e+00     0.0000e+00  0.0000e+00     0.0000e+00  0.0000e+00 
8.4279e+03     0.0000e+00  0.0000e+00     0.0000e+00  0.0000e+00     0.0000e+00  0.0000e+00     0.0000e+00  0.0000e+00 
9.4563e+03     0.0000e+00  0.0000e+00     0.0000e+00  0.0000e+00     0.0000e+00  0.0000e+00     0.0000e+00  0.0000e+00 
