yF = 3.7193e+00 (std: 0.0000e+00) keV/um
yD = 2.1622e+01 (std: 0.0000e+00) keV/um
y (keV/um)     f(y)(std)                  yf(y)(std)                 d(y)(std)                  yd(y)(std)  
1.0610e-01     2.8215e+01  0.0000e+00     2.9937e+00  0.0000e+00     8.0490e-01  0.0000e+00     8.5401e-02  0.0000e+00 
1.1905e-01     2.0989e+00  0.0000e+00     2.4986e-01  0.0000e+00     6.7181e-02  0.0000e+00     7.9977e-03  0.0000e+00 
1.3357e-01     5.9601e-01  0.0000e+00     7.9610e-02  0.0000e+00     2.1405e-02  0.0000e+00     2.8591e-03  0.0000e+00 
1.4987e-01     3.1418e+00  0.0000e+00     4.7087e-01  0.0000e+00     1.2660e-01  0.0000e+00     1.8974e-02  0.0000e+00 
1.6816e-01     8.6812e-01  0.0000e+00     1.4598e-01  0.0000e+00     3.9250e-02  0.0000e+00     6.6002e-03  0.0000e+00 
1.8868e-01     6.0537e-01  0.0000e+00     1.1422e-01  0.0000e+00     3.0710e-02  0.0000e+00     5.7942e-03  0.0000e+00 
2.1170e-01     6.7064e-01  0.0000e+00     1.4197e-01  0.0000e+00     3.8173e-02  0.0000e+00     8.0811e-03  0.0000e+00 
2.3753e-01     5.9673e-01  0.0000e+00     1.4174e-01  0.0000e+00     3.8110e-02  0.0000e+00     9.0523e-03  0.0000e+00 
2.6651e-01     2.6995e-01  0.0000e+00     7.1946e-02  0.0000e+00     1.9344e-02  0.0000e+00     5.1554e-03  0.0000e+00 
2.9903e-01     2.2817e-01  0.0000e+00     6.8229e-02  0.0000e+00     1.8345e-02  0.0000e+00     5.4857e-03  0.0000e+00 
3.3552e-01     1.5723e+00  0.0000e+00     5.2754e-01  0.0000e+00     1.4184e-01  0.0000e+00     4.7590e-02  0.0000e+00 
3.7646e-01     1.0296e+00  0.0000e+00     3.8760e-01  0.0000e+00     1.0421e-01  0.0000e+00     3.9232e-02  0.0000e+00 
4.2240e-01     4.0967e-01  0.0000e+00     1.7304e-01  0.0000e+00     4.6525e-02  0.0000e+00     1.9652e-02  0.0000e+00 
4.7394e-01     4.1045e-01  0.0000e+00     1.9453e-01  0.0000e+00     5.2302e-02  0.0000e+00     2.4788e-02  0.0000e+00 
5.3176e-01     2.6360e-01  0.0000e+00     1.4017e-01  0.0000e+00     3.7689e-02  0.0000e+00     2.0041e-02  0.0000e+00 
5.9665e-01     1.2963e-01  0.0000e+00     7.7346e-02  0.0000e+00     2.0796e-02  0.0000e+00     1.2408e-02  0.0000e+00 
6.6945e-01     2.5397e-01  0.0000e+00     1.7002e-01  0.0000e+00     4.5713e-02  0.0000e+00     3.0603e-02  0.0000e+00 
7.5114e-01     2.0973e-01  0.0000e+00     1.5754e-01  0.0000e+00     4.2357e-02  0.0000e+00     3.1816e-02  0.0000e+00 
8.4279e-01     9.9215e-02  0.0000e+00     8.3617e-02  0.0000e+00     2.2482e-02  0.0000e+00     1.8948e-02  0.0000e+00 
9.4563e-01     6.2082e-02  0.0000e+00     5.8706e-02  0.0000e+00     1.5784e-02  0.0000e+00     1.4926e-02  0.0000e+00 
1.0610e+00     4.8982e-02  0.0000e+00     5.1970e-02  0.0000e+00     1.3973e-02  0.0000e+00     1.4826e-02  0.0000e+00 
1.1905e+00     2.5754e-02  0.0000e+00     3.0660e-02  0.0000e+00     8.2434e-03  0.0000e+00     9.8136e-03  0.0000e+00 
1.3357e+00     1.6824e-02  0.0000e+00     2.2472e-02  0.0000e+00     6.0421e-03  0.0000e+00     8.0706e-03  0.0000e+00 
1.4987e+00     8.2914e-03  0.0000e+00     1.2426e-02  0.0000e+00     3.3411e-03  0.0000e+00     5.0073e-03  0.0000e+00 
1.6816e+00     4.0056e-03  0.0000e+00     6.7358e-03  0.0000e+00     1.8111e-03  0.0000e+00     3.0454e-03  0.0000e+00 
1.8868e+00     1.4773e-03  0.0000e+00     2.7872e-03  0.0000e+00     7.4940e-04  0.0000e+00     1.4139e-03  0.0000e+00 
2.1170e+00     8.5031e-04  0.0000e+00     1.8001e-03  0.0000e+00     4.8399e-04  0.0000e+00     1.0246e-03  0.0000e+00 
2.3753e+00     2.4446e-04  0.0000e+00     5.8067e-04  0.0000e+00     1.5613e-04  0.0000e+00     3.7085e-04  0.0000e+00 
2.6651e+00     8.7151e-05  0.0000e+00     2.3227e-04  0.0000e+00     6.2450e-05  0.0000e+00     1.6644e-04  0.0000e+00 
2.9903e+00     0.0000e+00  0.0000e+00     0.0000e+00  0.0000e+00     0.0000e+00  0.0000e+00     0.0000e+00  0.0000e+00 
3.3552e+00     0.0000e+00  0.0000e+00     0.0000e+00  0.0000e+00     0.0000e+00  0.0000e+00     0.0000e+00  0.0000e+00 
3.7646e+00     0.0000e+00  0.0000e+00     0.0000e+00  0.0000e+00     0.0000e+00  0.0000e+00     0.0000e+00  0.0000e+00 
4.2240e+00     0.0000e+00  0.0000e+00     0.0000e+00  0.0000e+00     0.0000e+00  0.0000e+00     0.0000e+00  0.0000e+00 
4.7394e+00     0.0000e+00  0.0000e+00     0.0000e+00  0.0000e+00     0.0000e+00  0.0000e+00     0.0000e+00  0.0000e+00 
5.3176e+00     0.0000e+00  0.0000e+00     0.0000e+00  0.0000e+00     0.0000e+00  0.0000e+00     0.0000e+00  0.0000e+00 
5.9665e+00     4.8253e-02  0.0000e+00     2.8790e-01  0.0000e+00     7.7407e-02  0.0000e+00     4.6185e-01  0.0000e+00 
6.6945e+00     1.3401e-02  0.0000e+00     8.9714e-02  0.0000e+00     2.4121e-02  0.0000e+00     1.6148e-01  0.0000e+00 
7.5114e+00     5.6897e-03  0.0000e+00     4.2738e-02  0.0000e+00     1.1491e-02  0.0000e+00     8.6312e-02  0.0000e+00 
8.4279e+00     4.4130e-02  0.0000e+00     3.7192e-01  0.0000e+00     9.9998e-02  0.0000e+00     8.4278e-01  0.0000e+00 
9.4563e+00     1.1587e-02  0.0000e+00     1.0957e-01  0.0000e+00     2.9461e-02  0.0000e+00     2.7859e-01  0.0000e+00 
1.0610e+01     2.0343e-02  0.0000e+00     2.1584e-01  0.0000e+00     5.8032e-02  0.0000e+00     6.1572e-01  0.0000e+00 
1.1905e+01     1.5931e-02  0.0000e+00     1.8965e-01  0.0000e+00     5.0991e-02  0.0000e+00     6.0703e-01  0.0000e+00 
1.3357e+01     1.3385e-02  0.0000e+00     1.7879e-01  0.0000e+00     4.8071e-02  0.0000e+00     6.4210e-01  0.0000e+00 
1.4987e+01     7.7451e-03  0.0000e+00     1.1608e-01  0.0000e+00     3.1209e-02  0.0000e+00     4.6774e-01  0.0000e+00 
1.6816e+01     4.2266e-03  0.0000e+00     7.1075e-02  0.0000e+00     1.9110e-02  0.0000e+00     3.2135e-01  0.0000e+00 
1.8868e+01     2.8222e-03  0.0000e+00     5.3248e-02  0.0000e+00     1.4317e-02  0.0000e+00     2.7012e-01  0.0000e+00 
2.1170e+01     2.6990e-03  0.0000e+00     5.7138e-02  0.0000e+00     1.5363e-02  0.0000e+00     3.2523e-01  0.0000e+00 
2.3753e+01     3.7892e-03  0.0000e+00     9.0005e-02  0.0000e+00     2.4199e-02  0.0000e+00     5.7481e-01  0.0000e+00 
2.6651e+01     1.7212e-03  0.0000e+00     4.5873e-02  0.0000e+00     1.2334e-02  0.0000e+00     3.2872e-01  0.0000e+00 
2.9903e+01     1.3302e-03  0.0000e+00     3.9776e-02  0.0000e+00     1.0695e-02  0.0000e+00     3.1980e-01  0.0000e+00 
3.3552e+01     1.1163e-03  0.0000e+00     3.7453e-02  0.0000e+00     1.0070e-02  0.0000e+00     3.3787e-01  0.0000e+00 
3.7646e+01     8.2059e-04  0.0000e+00     3.0892e-02  0.0000e+00     8.3059e-03  0.0000e+00     3.1268e-01  0.0000e+00 
4.2240e+01     6.5711e-04  0.0000e+00     2.7756e-02  0.0000e+00     7.4628e-03  0.0000e+00     3.1522e-01  0.0000e+00 
4.7394e+01     4.4108e-04  0.0000e+00     2.0904e-02  0.0000e+00     5.6205e-03  0.0000e+00     2.6638e-01  0.0000e+00 
5.3176e+01     2.8173e-04  0.0000e+00     1.4981e-02  0.0000e+00     4.0280e-03  0.0000e+00     2.1420e-01  0.0000e+00 
5.9665e+01     1.9270e-04  0.0000e+00     1.1497e-02  0.0000e+00     3.0913e-03  0.0000e+00     1.8444e-01  0.0000e+00 
6.6945e+01     9.9750e-05  0.0000e+00     6.6778e-03  0.0000e+00     1.7954e-03  0.0000e+00     1.2020e-01  0.0000e+00 
7.5114e+01     5.4887e-05  0.0000e+00     4.1228e-03  0.0000e+00     1.1085e-03  0.0000e+00     8.3263e-02  0.0000e+00 
8.4279e+01     2.7560e-05  0.0000e+00     2.3227e-03  0.0000e+00     6.2450e-04  0.0000e+00     5.2632e-02  0.0000e+00 
9.4563e+01     1.1053e-05  0.0000e+00     1.0452e-03  0.0000e+00     2.8103e-04  0.0000e+00     2.6574e-02  0.0000e+00 
1.0610e+02     3.8310e-06  0.0000e+00     4.0647e-04  0.0000e+00     1.0929e-04  0.0000e+00     1.1596e-02  0.0000e+00 
1.1905e+02     1.4633e-06  0.0000e+00     1.7420e-04  0.0000e+00     4.6838e-05  0.0000e+00     5.5759e-03  0.0000e+00 
1.3357e+02     4.3472e-07  0.0000e+00     5.8067e-05  0.0000e+00     1.5613e-05  0.0000e+00     2.0854e-03  0.0000e+00 
1.4987e+02     0.0000e+00  0.0000e+00     0.0000e+00  0.0000e+00     0.0000e+00  0.0000e+00     0.0000e+00  0.0000e+00 
1.6816e+02     0.0000e+00  0.0000e+00     0.0000e+00  0.0000e+00     0.0000e+00  0.0000e+00     0.0000e+00  0.0000e+00 
1.8868e+02     0.0000e+00  0.0000e+00     0.0000e+00  0.0000e+00     0.0000e+00  0.0000e+00     0.0000e+00  0.0000e+00 
2.1170e+02     0.0000e+00  0.0000e+00     0.0000e+00  0.0000e+00     0.0000e+00  0.0000e+00     0.0000e+00  0.0000e+00 
2.3753e+02     0.0000e+00  0.0000e+00     0.0000e+00  0.0000e+00     0.0000e+00  0.0000e+00     0.0000e+00  0.0000e+00 
2.6651e+02     0.0000e+00  0.0000e+00     0.0000e+00  0.0000e+00     0.0000e+00  0.0000e+00     0.0000e+00  0.0000e+00 
2.9903e+02     0.0000e+00  0.0000e+00     0.0000e+00  0.0000e+00     0.0000e+00  0.0000e+00     0.0000e+00  0.0000e+00 
3.3552e+02     0.0000e+00  0.0000e+00     0.0000e+00  0.0000e+00     0.0000e+00  0.0000e+00     0.0000e+00  0.0000e+00 
3.7646e+02     0.0000e+00  0.0000e+00     0.0000e+00  0.0000e+00     0.0000e+00  0.0000e+00     0.0000e+00  0.0000e+00 
4.2240e+02     0.0000e+00  0.0000e+00     0.0000e+00  0.0000e+00     0.0000e+00  0.0000e+00     0.0000e+00  0.0000e+00 
4.7394e+02     0.0000e+00  0.0000e+00     0.0000e+00  0.0000e+00     0.0000e+00  0.0000e+00     0.0000e+00  0.0000e+00 
5.3176e+02     0.0000e+00  0.0000e+00     0.0000e+00  0.0000e+00     0.0000e+00  0.0000e+00     0.0000e+00  0.0000e+00 
5.9665e+02     0.0000e+00  0.0000e+00     0.0000e+00  0.0000e+00     0.0000e+00  0.0000e+00     0.0000e+00  0.0000e+00 
6.6945e+02     0.0000e+00  0.0000e+00     0.0000e+00  0.0000e+00     0.0000e+00  0.0000e+00     0.0000e+00  0.0000e+00 
7.5114e+02     0.0000e+00  0.0000e+00     0.0000e+00  0.0000e+00     0.0000e+00  0.0000e+00     0.0000e+00  0.0000e+00 
8.4279e+02     0.0000e+00  0.0000e+00     0.0000e+00  0.0000e+00     0.0000e+00  0.0000e+00     0.0000e+00  0.0000e+00 
9.4563e+02     0.0000e+00  0.0000e+00     0.0000e+00  0.0000e+00     0.0000e+00  0.0000e+00     0.0000e+00  0.0000e+00 
1.0610e+03     0.0000e+00  0.0000e+00     0.0000e+00  0.0000e+00     0.0000e+00  0.0000e+00     0.0000e+00  0.0000e+00 
1.1905e+03     0.0000e+00  0.0000e+00     0.0000e+00  0.0000e+00     0.0000e+00  0.0000e+00     0.0000e+00  0.0000e+00 
1.3357e+03     0.0000e+00  0.0000e+00     0.0000e+00  0.0000e+00     0.0000e+00  0.0000e+00     0.0000e+00  0.0000e+00 
1.4987e+03     0.0000e+00  0.0000e+00     0.0000e+00  0.0000e+00     0.0000e+00  0.0000e+00     0.0000e+00  0.0000e+00 
1.6816e+03     0.0000e+00  0.0000e+00     0.0000e+00  0.0000e+00     0.0000e+00  0.0000e+00     0.0000e+00  0.0000e+00 
1.8868e+03     0.0000e+00  0.0000e+00     0.0000e+00  0.0000e+00     0.0000e+00  0.0000e+00     0.0000e+00  0.0000e+00 
2.1170e+03     0.0000e+00  0.0000e+00     0.0000e+00  0.0000e+00     0.0000e+00  0.0000e+00     0.0000e+00  0.0000e+00 
2.3753e+03     0.0000e+00  0.0000e+00     0.0000e+00  0.0000e+00     0.0000e+00  0.0000e+00     0.0000e+00  0.0000e+00 
2.6651e+03     0.0000e+00  0.0000e+00     0.0000e+00  0.0000e+00     0.0000e+00  0.0000e+00     0.0000e+00  0.0000e+00 
2.9903e+03     0.0000e+00  0.0000e+00     0.0000e+00  0.0000e+00     0.0000e+00  0.0000e+00     0.0000e+00  0.0000e+00 
3.3552e+03     0.0000e+00  0.0000e+00     0.0000e+00  0.0000e+00     0.0000e+00  0.0000e+00     0.0000e+00  0.0000e+00 
3.7646e+03     0.0000e+00  0.0000e+00     0.0000e+00  0.0000e+00     0.0000e+00  0.0000e+00     0.0000e+00  0.0000e+00 
4.2240e+03     0.0000e+00  0.0000e+00     0.0000e+00  0.0000e+00     0.0000e+00  0.0000e+00     0.0000e+00  0.0000e+00 
4.7394e+03     0.0000e+00  0.0000e+00     0.0000e+00  0.0000e+00     0.0000e+00  0.0000e+00     0.0000e+00  0.0000e+00 
5.3176e+03     0.0000e+00  0.0000e+00     0.0000e+00  0.0000e+00     0.0000e+00  0.0000e+00     0.0000e+00  0.0000e+00 
5.9665e+03     0.0000e+00  0.0000e+00     0.0000e+00  0.0000e+00     0.0000e+00  0.0000e+00     0.0000e+00  0.0000e+00 
6.6945e+03     0.0000e+00  0.0000e+00     0.0000e+00  0.0000e+00     0.0000e+00  0.0000e+00     0.0000e+00  0.0000e+00 
7.5114e+03     0.0000e+00  0.0000e+00     0.0000e+00  0.0000e+00     0.0000e+00  0.0000e+00     0.0000e+00  0.0000e+00 
8.4279e+03     0.0000e+00  0.0000e+00     0.0000e+00  0.0000e+00     0.0000e+00  0.0000e+00     0.0000e+00  0.0000e+00 
9.4563e+03     0.0000e+00  0.0000e+00     0.0000e+00  0.0000e+00     0.0000e+00  0.0000e+00     0.0000e+00  0.0000e+00 
