yF = 4.9575e+00 (std: 0.0000e+00) keV/um
yD = 2.3510e+01 (std: 0.0000e+00) keV/um
y (keV/um)     f(y)(std)                  yf(y)(std)                 d(y)(std)                  yd(y)(std)  
1.0610e-01     2.5305e+01  0.0000e+00     2.6849e+00  0.0000e+00     5.4159e-01  0.0000e+00     5.7463e-02  0.0000e+00 
1.1905e-01     1.9222e+00  0.0000e+00     2.2883e-01  0.0000e+00     4.6158e-02  0.0000e+00     5.4950e-03  0.0000e+00 
1.3357e-01     3.9339e-01  0.0000e+00     5.2546e-02  0.0000e+00     1.0599e-02  0.0000e+00     1.4158e-03  0.0000e+00 
1.4987e-01     3.0650e+00  0.0000e+00     4.5935e-01  0.0000e+00     9.2658e-02  0.0000e+00     1.3887e-02  0.0000e+00 
1.6816e-01     8.5679e-01  0.0000e+00     1.4408e-01  0.0000e+00     2.9063e-02  0.0000e+00     4.8871e-03  0.0000e+00 
1.8868e-01     6.3785e-01  0.0000e+00     1.2035e-01  0.0000e+00     2.4276e-02  0.0000e+00     4.5803e-03  0.0000e+00 
2.1170e-01     5.6848e-01  0.0000e+00     1.2035e-01  0.0000e+00     2.4276e-02  0.0000e+00     5.1392e-03  0.0000e+00 
2.3753e-01     6.4224e-01  0.0000e+00     1.5255e-01  0.0000e+00     3.0772e-02  0.0000e+00     7.3093e-03  0.0000e+00 
2.6651e-01     2.8620e-01  0.0000e+00     7.6276e-02  0.0000e+00     1.5386e-02  0.0000e+00     4.1006e-03  0.0000e+00 
2.9903e-01     2.3807e-01  0.0000e+00     7.1191e-02  0.0000e+00     1.4360e-02  0.0000e+00     4.2942e-03  0.0000e+00 
3.3552e-01     1.3438e+00  0.0000e+00     4.5088e-01  0.0000e+00     9.0949e-02  0.0000e+00     3.0515e-02  0.0000e+00 
3.7646e-01     8.9150e-01  0.0000e+00     3.3562e-01  0.0000e+00     6.7699e-02  0.0000e+00     2.5486e-02  0.0000e+00 
4.2240e-01     3.5313e-01  0.0000e+00     1.4916e-01  0.0000e+00     3.0088e-02  0.0000e+00     1.2709e-02  0.0000e+00 
4.7394e-01     3.2188e-01  0.0000e+00     1.5255e-01  0.0000e+00     3.0772e-02  0.0000e+00     1.4584e-02  0.0000e+00 
5.3176e-01     2.2313e-01  0.0000e+00     1.1865e-01  0.0000e+00     2.3934e-02  0.0000e+00     1.2727e-02  0.0000e+00 
5.9665e-01     1.0795e-01  0.0000e+00     6.4411e-02  0.0000e+00     1.2993e-02  0.0000e+00     7.7521e-03  0.0000e+00 
6.6945e-01     2.0762e-01  0.0000e+00     1.3899e-01  0.0000e+00     2.8037e-02  0.0000e+00     1.8769e-02  0.0000e+00 
7.5114e-01     1.7376e-01  0.0000e+00     1.3052e-01  0.0000e+00     2.6327e-02  0.0000e+00     1.9775e-02  0.0000e+00 
8.4279e-01     8.4471e-02  0.0000e+00     7.1191e-02  0.0000e+00     1.4360e-02  0.0000e+00     1.2103e-02  0.0000e+00 
9.4563e-01     5.3775e-02  0.0000e+00     5.0851e-02  0.0000e+00     1.0257e-02  0.0000e+00     9.6997e-03  0.0000e+00 
1.0610e+00     3.1951e-02  0.0000e+00     3.3901e-02  0.0000e+00     6.8383e-03  0.0000e+00     7.2555e-03  0.0000e+00 
1.1905e+00     1.4238e-02  0.0000e+00     1.6950e-02  0.0000e+00     3.4191e-03  0.0000e+00     4.0704e-03  0.0000e+00 
1.3357e+00     6.3449e-03  0.0000e+00     8.4751e-03  0.0000e+00     1.7096e-03  0.0000e+00     2.2835e-03  0.0000e+00 
1.4987e+00     6.7859e-03  0.0000e+00     1.0170e-02  0.0000e+00     2.0515e-03  0.0000e+00     3.0746e-03  0.0000e+00 
1.6816e+00     1.0080e-03  0.0000e+00     1.6950e-03  0.0000e+00     3.4191e-04  0.0000e+00     5.7496e-04  0.0000e+00 
1.8868e+00     8.9837e-04  0.0000e+00     1.6950e-03  0.0000e+00     3.4191e-04  0.0000e+00     6.4511e-04  0.0000e+00 
2.1170e+00     0.0000e+00  0.0000e+00     0.0000e+00  0.0000e+00     0.0000e+00  0.0000e+00     0.0000e+00  0.0000e+00 
2.3753e+00     0.0000e+00  0.0000e+00     0.0000e+00  0.0000e+00     0.0000e+00  0.0000e+00     0.0000e+00  0.0000e+00 
2.6651e+00     6.3600e-04  0.0000e+00     1.6950e-03  0.0000e+00     3.4191e-04  0.0000e+00     9.1124e-04  0.0000e+00 
2.9903e+00     0.0000e+00  0.0000e+00     0.0000e+00  0.0000e+00     0.0000e+00  0.0000e+00     0.0000e+00  0.0000e+00 
3.3552e+00     0.0000e+00  0.0000e+00     0.0000e+00  0.0000e+00     0.0000e+00  0.0000e+00     0.0000e+00  0.0000e+00 
3.7646e+00     0.0000e+00  0.0000e+00     0.0000e+00  0.0000e+00     0.0000e+00  0.0000e+00     0.0000e+00  0.0000e+00 
4.2240e+00     0.0000e+00  0.0000e+00     0.0000e+00  0.0000e+00     0.0000e+00  0.0000e+00     0.0000e+00  0.0000e+00 
4.7394e+00     0.0000e+00  0.0000e+00     0.0000e+00  0.0000e+00     0.0000e+00  0.0000e+00     0.0000e+00  0.0000e+00 
5.3176e+00     0.0000e+00  0.0000e+00     0.0000e+00  0.0000e+00     0.0000e+00  0.0000e+00     0.0000e+00  0.0000e+00 
5.9665e+00     1.1818e-01  0.0000e+00     7.0513e-01  0.0000e+00     1.4224e-01  0.0000e+00     8.4865e-01  0.0000e+00 
6.6945e+00     1.8230e-02  0.0000e+00     1.2204e-01  0.0000e+00     2.4618e-02  0.0000e+00     1.6480e-01  0.0000e+00 
7.5114e+00     6.9955e-03  0.0000e+00     5.2546e-02  0.0000e+00     1.0599e-02  0.0000e+00     7.9615e-02  0.0000e+00 
8.4279e+00     2.0715e-02  0.0000e+00     1.7459e-01  0.0000e+00     3.5217e-02  0.0000e+00     2.9681e-01  0.0000e+00 
9.4563e+00     1.8104e-02  0.0000e+00     1.7120e-01  0.0000e+00     3.4533e-02  0.0000e+00     3.2655e-01  0.0000e+00 
1.0610e+01     2.4123e-02  0.0000e+00     2.5595e-01  0.0000e+00     5.1629e-02  0.0000e+00     5.4779e-01  0.0000e+00 
1.1905e+01     1.4381e-02  0.0000e+00     1.7120e-01  0.0000e+00     3.4533e-02  0.0000e+00     4.1111e-01  0.0000e+00 
1.3357e+01     2.8425e-02  0.0000e+00     3.7969e-01  0.0000e+00     7.6589e-02  0.0000e+00     1.0230e+00  0.0000e+00 
1.4987e+01     6.8990e-03  0.0000e+00     1.0340e-01  0.0000e+00     2.0857e-02  0.0000e+00     3.1258e-01  0.0000e+00 
1.6816e+01     4.9392e-03  0.0000e+00     8.3056e-02  0.0000e+00     1.6754e-02  0.0000e+00     2.8173e-01  0.0000e+00 
1.8868e+01     3.5935e-03  0.0000e+00     6.7801e-02  0.0000e+00     1.3677e-02  0.0000e+00     2.5804e-01  0.0000e+00 
2.1170e+01     4.2436e-03  0.0000e+00     8.9836e-02  0.0000e+00     1.8121e-02  0.0000e+00     3.8363e-01  0.0000e+00 
2.3753e+01     3.7107e-03  0.0000e+00     8.8141e-02  0.0000e+00     1.7779e-02  0.0000e+00     4.2232e-01  0.0000e+00 
2.6651e+01     2.9892e-03  0.0000e+00     7.9666e-02  0.0000e+00     1.6070e-02  0.0000e+00     4.2828e-01  0.0000e+00 
2.9903e+01     2.0973e-03  0.0000e+00     6.2716e-02  0.0000e+00     1.2651e-02  0.0000e+00     3.7830e-01  0.0000e+00 
3.3552e+01     1.7177e-03  0.0000e+00     5.7631e-02  0.0000e+00     1.1625e-02  0.0000e+00     3.9004e-01  0.0000e+00 
3.7646e+01     1.1707e-03  0.0000e+00     4.4071e-02  0.0000e+00     8.8897e-03  0.0000e+00     3.3466e-01  0.0000e+00 
4.2240e+01     9.2296e-04  0.0000e+00     3.8986e-02  0.0000e+00     7.8640e-03  0.0000e+00     3.3217e-01  0.0000e+00 
4.7394e+01     6.7953e-04  0.0000e+00     3.2205e-02  0.0000e+00     6.4963e-03  0.0000e+00     3.0788e-01  0.0000e+00 
5.3176e+01     4.7813e-04  0.0000e+00     2.5425e-02  0.0000e+00     5.1287e-03  0.0000e+00     2.7273e-01  0.0000e+00 
5.9665e+01     2.5568e-04  0.0000e+00     1.5255e-02  0.0000e+00     3.0772e-03  0.0000e+00     1.8360e-01  0.0000e+00 
6.6945e+01     1.2660e-04  0.0000e+00     8.4751e-03  0.0000e+00     1.7096e-03  0.0000e+00     1.1445e-01  0.0000e+00 
7.5114e+01     1.3540e-04  0.0000e+00     1.0170e-02  0.0000e+00     2.0515e-03  0.0000e+00     1.5409e-01  0.0000e+00 
8.4279e+01     6.0336e-05  0.0000e+00     5.0851e-03  0.0000e+00     1.0257e-03  0.0000e+00     8.6448e-02  0.0000e+00 
9.4563e+01     3.5850e-05  0.0000e+00     3.3901e-03  0.0000e+00     6.8383e-04  0.0000e+00     6.4664e-02  0.0000e+00 
1.0610e+02     0.0000e+00  0.0000e+00     0.0000e+00  0.0000e+00     0.0000e+00  0.0000e+00     0.0000e+00  0.0000e+00 
1.1905e+02     0.0000e+00  0.0000e+00     0.0000e+00  0.0000e+00     0.0000e+00  0.0000e+00     0.0000e+00  0.0000e+00 
1.3357e+02     0.0000e+00  0.0000e+00     0.0000e+00  0.0000e+00     0.0000e+00  0.0000e+00     0.0000e+00  0.0000e+00 
1.4987e+02     0.0000e+00  0.0000e+00     0.0000e+00  0.0000e+00     0.0000e+00  0.0000e+00     0.0000e+00  0.0000e+00 
1.6816e+02     0.0000e+00  0.0000e+00     0.0000e+00  0.0000e+00     0.0000e+00  0.0000e+00     0.0000e+00  0.0000e+00 
1.8868e+02     0.0000e+00  0.0000e+00     0.0000e+00  0.0000e+00     0.0000e+00  0.0000e+00     0.0000e+00  0.0000e+00 
2.1170e+02     0.0000e+00  0.0000e+00     0.0000e+00  0.0000e+00     0.0000e+00  0.0000e+00     0.0000e+00  0.0000e+00 
2.3753e+02     0.0000e+00  0.0000e+00     0.0000e+00  0.0000e+00     0.0000e+00  0.0000e+00     0.0000e+00  0.0000e+00 
2.6651e+02     0.0000e+00  0.0000e+00     0.0000e+00  0.0000e+00     0.0000e+00  0.0000e+00     0.0000e+00  0.0000e+00 
2.9903e+02     0.0000e+00  0.0000e+00     0.0000e+00  0.0000e+00     0.0000e+00  0.0000e+00     0.0000e+00  0.0000e+00 
3.3552e+02     0.0000e+00  0.0000e+00     0.0000e+00  0.0000e+00     0.0000e+00  0.0000e+00     0.0000e+00  0.0000e+00 
3.7646e+02     0.0000e+00  0.0000e+00     0.0000e+00  0.0000e+00     0.0000e+00  0.0000e+00     0.0000e+00  0.0000e+00 
4.2240e+02     0.0000e+00  0.0000e+00     0.0000e+00  0.0000e+00     0.0000e+00  0.0000e+00     0.0000e+00  0.0000e+00 
4.7394e+02     0.0000e+00  0.0000e+00     0.0000e+00  0.0000e+00     0.0000e+00  0.0000e+00     0.0000e+00  0.0000e+00 
5.3176e+02     0.0000e+00  0.0000e+00     0.0000e+00  0.0000e+00     0.0000e+00  0.0000e+00     0.0000e+00  0.0000e+00 
5.9665e+02     0.0000e+00  0.0000e+00     0.0000e+00  0.0000e+00     0.0000e+00  0.0000e+00     0.0000e+00  0.0000e+00 
6.6945e+02     0.0000e+00  0.0000e+00     0.0000e+00  0.0000e+00     0.0000e+00  0.0000e+00     0.0000e+00  0.0000e+00 
7.5114e+02     0.0000e+00  0.0000e+00     0.0000e+00  0.0000e+00     0.0000e+00  0.0000e+00     0.0000e+00  0.0000e+00 
8.4279e+02     0.0000e+00  0.0000e+00     0.0000e+00  0.0000e+00     0.0000e+00  0.0000e+00     0.0000e+00  0.0000e+00 
9.4563e+02     0.0000e+00  0.0000e+00     0.0000e+00  0.0000e+00     0.0000e+00  0.0000e+00     0.0000e+00  0.0000e+00 
1.0610e+03     0.0000e+00  0.0000e+00     0.0000e+00  0.0000e+00     0.0000e+00  0.0000e+00     0.0000e+00  0.0000e+00 
1.1905e+03     0.0000e+00  0.0000e+00     0.0000e+00  0.0000e+00     0.0000e+00  0.0000e+00     0.0000e+00  0.0000e+00 
1.3357e+03     0.0000e+00  0.0000e+00     0.0000e+00  0.0000e+00     0.0000e+00  0.0000e+00     0.0000e+00  0.0000e+00 
1.4987e+03     0.0000e+00  0.0000e+00     0.0000e+00  0.0000e+00     0.0000e+00  0.0000e+00     0.0000e+00  0.0000e+00 
1.6816e+03     0.0000e+00  0.0000e+00     0.0000e+00  0.0000e+00     0.0000e+00  0.0000e+00     0.0000e+00  0.0000e+00 
1.8868e+03     0.0000e+00  0.0000e+00     0.0000e+00  0.0000e+00     0.0000e+00  0.0000e+00     0.0000e+00  0.0000e+00 
2.1170e+03     0.0000e+00  0.0000e+00     0.0000e+00  0.0000e+00     0.0000e+00  0.0000e+00     0.0000e+00  0.0000e+00 
2.3753e+03     0.0000e+00  0.0000e+00     0.0000e+00  0.0000e+00     0.0000e+00  0.0000e+00     0.0000e+00  0.0000e+00 
2.6651e+03     0.0000e+00  0.0000e+00     0.0000e+00  0.0000e+00     0.0000e+00  0.0000e+00     0.0000e+00  0.0000e+00 
2.9903e+03     0.0000e+00  0.0000e+00     0.0000e+00  0.0000e+00     0.0000e+00  0.0000e+00     0.0000e+00  0.0000e+00 
3.3552e+03     0.0000e+00  0.0000e+00     0.0000e+00  0.0000e+00     0.0000e+00  0.0000e+00     0.0000e+00  0.0000e+00 
3.7646e+03     0.0000e+00  0.0000e+00     0.0000e+00  0.0000e+00     0.0000e+00  0.0000e+00     0.0000e+00  0.0000e+00 
4.2240e+03     0.0000e+00  0.0000e+00     0.0000e+00  0.0000e+00     0.0000e+00  0.0000e+00     0.0000e+00  0.0000e+00 
4.7394e+03     0.0000e+00  0.0000e+00     0.0000e+00  0.0000e+00     0.0000e+00  0.0000e+00     0.0000e+00  0.0000e+00 
5.3176e+03     0.0000e+00  0.0000e+00     0.0000e+00  0.0000e+00     0.0000e+00  0.0000e+00     0.0000e+00  0.0000e+00 
5.9665e+03     0.0000e+00  0.0000e+00     0.0000e+00  0.0000e+00     0.0000e+00  0.0000e+00     0.0000e+00  0.0000e+00 
6.6945e+03     0.0000e+00  0.0000e+00     0.0000e+00  0.0000e+00     0.0000e+00  0.0000e+00     0.0000e+00  0.0000e+00 
7.5114e+03     0.0000e+00  0.0000e+00     0.0000e+00  0.0000e+00     0.0000e+00  0.0000e+00     0.0000e+00  0.0000e+00 
8.4279e+03     0.0000e+00  0.0000e+00     0.0000e+00  0.0000e+00     0.0000e+00  0.0000e+00     0.0000e+00  0.0000e+00 
9.4563e+03     0.0000e+00  0.0000e+00     0.0000e+00  0.0000e+00     0.0000e+00  0.0000e+00     0.0000e+00  0.0000e+00 
