yF = 4.2125e+00 (std: 0.0000e+00) keV/um
yD = 1.8932e+01 (std: 0.0000e+00) keV/um
y (keV/um)     f(y)(std)                  yf(y)(std)                 d(y)(std)                  yd(y)(std)  
1.0610e-01     2.6241e+01  0.0000e+00     2.7842e+00  0.0000e+00     6.6093e-01  0.0000e+00     7.0125e-02  0.0000e+00 
1.1905e-01     1.9566e+00  0.0000e+00     2.3293e-01  0.0000e+00     5.5295e-02  0.0000e+00     6.5828e-03  0.0000e+00 
1.3357e-01     5.1260e-01  0.0000e+00     6.8470e-02  0.0000e+00     1.6254e-02  0.0000e+00     2.1711e-03  0.0000e+00 
1.4987e-01     2.9909e+00  0.0000e+00     4.4825e-01  0.0000e+00     1.0641e-01  0.0000e+00     1.5948e-02  0.0000e+00 
1.6816e-01     8.7196e-01  0.0000e+00     1.4663e-01  0.0000e+00     3.4808e-02  0.0000e+00     5.8532e-03  0.0000e+00 
1.8868e-01     5.6710e-01  0.0000e+00     1.0700e-01  0.0000e+00     2.5400e-02  0.0000e+00     4.7925e-03  0.0000e+00 
2.1170e-01     6.2814e-01  0.0000e+00     1.3298e-01  0.0000e+00     3.1568e-02  0.0000e+00     6.6828e-03  0.0000e+00 
2.3753e-01     5.7096e-01  0.0000e+00     1.3562e-01  0.0000e+00     3.2195e-02  0.0000e+00     7.6472e-03  0.0000e+00 
2.6651e-01     2.4369e-01  0.0000e+00     6.4948e-02  0.0000e+00     1.5418e-02  0.0000e+00     4.1091e-03  0.0000e+00 
2.9903e-01     2.3339e-01  0.0000e+00     6.9791e-02  0.0000e+00     1.6568e-02  0.0000e+00     4.9543e-03  0.0000e+00 
3.3552e-01     1.3425e+00  0.0000e+00     4.5045e-01  0.0000e+00     1.0693e-01  0.0000e+00     3.5878e-02  0.0000e+00 
3.7646e-01     9.1817e-01  0.0000e+00     3.4565e-01  0.0000e+00     8.2055e-02  0.0000e+00     3.0890e-02  0.0000e+00 
4.2240e-01     3.7788e-01  0.0000e+00     1.5962e-01  0.0000e+00     3.7891e-02  0.0000e+00     1.6005e-02  0.0000e+00 
4.7394e-01     3.7906e-01  0.0000e+00     1.7965e-01  0.0000e+00     4.2648e-02  0.0000e+00     2.0212e-02  0.0000e+00 
5.3176e-01     2.5214e-01  0.0000e+00     1.3408e-01  0.0000e+00     3.1829e-02  0.0000e+00     1.6925e-02  0.0000e+00 
5.9665e-01     1.0996e-01  0.0000e+00     6.5608e-02  0.0000e+00     1.5575e-02  0.0000e+00     9.2926e-03  0.0000e+00 
6.6945e-01     2.0061e-01  0.0000e+00     1.3430e-01  0.0000e+00     3.1881e-02  0.0000e+00     2.1343e-02  0.0000e+00 
7.5114e-01     1.5505e-01  0.0000e+00     1.1647e-01  0.0000e+00     2.7648e-02  0.0000e+00     2.0767e-02  0.0000e+00 
8.4279e-01     8.8295e-02  0.0000e+00     7.4414e-02  0.0000e+00     1.7665e-02  0.0000e+00     1.4888e-02  0.0000e+00 
9.4563e-01     5.2617e-02  0.0000e+00     4.9756e-02  0.0000e+00     1.1812e-02  0.0000e+00     1.1169e-02  0.0000e+00 
1.0610e+00     3.7350e-02  0.0000e+00     3.9629e-02  0.0000e+00     9.4075e-03  0.0000e+00     9.9815e-03  0.0000e+00 
1.1905e+00     1.9973e-02  0.0000e+00     2.3777e-02  0.0000e+00     5.6445e-03  0.0000e+00     6.7196e-03  0.0000e+00 
1.3357e+00     9.8895e-03  0.0000e+00     1.3210e-02  0.0000e+00     3.1358e-03  0.0000e+00     4.1886e-03  0.0000e+00 
1.4987e+00     4.8477e-03  0.0000e+00     7.2653e-03  0.0000e+00     1.7247e-03  0.0000e+00     2.5849e-03  0.0000e+00 
1.6816e+00     3.6659e-03  0.0000e+00     6.1645e-03  0.0000e+00     1.4634e-03  0.0000e+00     2.4608e-03  0.0000e+00 
1.8868e+00     9.3349e-04  0.0000e+00     1.7613e-03  0.0000e+00     4.1811e-04  0.0000e+00     7.8888e-04  0.0000e+00 
2.1170e+00     2.0799e-04  0.0000e+00     4.4032e-04  0.0000e+00     1.0453e-04  0.0000e+00     2.2129e-04  0.0000e+00 
2.3753e+00     0.0000e+00  0.0000e+00     0.0000e+00  0.0000e+00     0.0000e+00  0.0000e+00     0.0000e+00  0.0000e+00 
2.6651e+00     0.0000e+00  0.0000e+00     0.0000e+00  0.0000e+00     0.0000e+00  0.0000e+00     0.0000e+00  0.0000e+00 
2.9903e+00     0.0000e+00  0.0000e+00     0.0000e+00  0.0000e+00     0.0000e+00  0.0000e+00     0.0000e+00  0.0000e+00 
3.3552e+00     0.0000e+00  0.0000e+00     0.0000e+00  0.0000e+00     0.0000e+00  0.0000e+00     0.0000e+00  0.0000e+00 
3.7646e+00     0.0000e+00  0.0000e+00     0.0000e+00  0.0000e+00     0.0000e+00  0.0000e+00     0.0000e+00  0.0000e+00 
4.2240e+00     0.0000e+00  0.0000e+00     0.0000e+00  0.0000e+00     0.0000e+00  0.0000e+00     0.0000e+00  0.0000e+00 
4.7394e+00     0.0000e+00  0.0000e+00     0.0000e+00  0.0000e+00     0.0000e+00  0.0000e+00     0.0000e+00  0.0000e+00 
5.3176e+00     0.0000e+00  0.0000e+00     0.0000e+00  0.0000e+00     0.0000e+00  0.0000e+00     0.0000e+00  0.0000e+00 
5.9665e+00     1.0265e-01  0.0000e+00     6.1249e-01  0.0000e+00     1.4540e-01  0.0000e+00     8.6752e-01  0.0000e+00 
6.6945e+00     2.1048e-02  0.0000e+00     1.4090e-01  0.0000e+00     3.3449e-02  0.0000e+00     2.2393e-01  0.0000e+00 
7.5114e+00     5.6569e-03  0.0000e+00     4.2491e-02  0.0000e+00     1.0087e-02  0.0000e+00     7.5767e-02  0.0000e+00 
8.4279e+00     2.5653e-02  0.0000e+00     2.1620e-01  0.0000e+00     5.1323e-02  0.0000e+00     4.3255e-01  0.0000e+00 
9.4563e+00     1.8090e-02  0.0000e+00     1.7107e-01  0.0000e+00     4.0609e-02  0.0000e+00     3.8401e-01  0.0000e+00 
1.0610e+01     4.0318e-02  0.0000e+00     4.2777e-01  0.0000e+00     1.0155e-01  0.0000e+00     1.0774e+00  0.0000e+00 
1.1905e+01     1.8660e-02  0.0000e+00     2.2214e-01  0.0000e+00     5.2734e-02  0.0000e+00     6.2779e-01  0.0000e+00 
1.3357e+01     1.4323e-02  0.0000e+00     1.9132e-01  0.0000e+00     4.5418e-02  0.0000e+00     6.0666e-01  0.0000e+00 
1.4987e+01     8.6818e-03  0.0000e+00     1.3012e-01  0.0000e+00     3.0888e-02  0.0000e+00     4.6292e-01  0.0000e+00 
1.6816e+01     4.9751e-03  0.0000e+00     8.3661e-02  0.0000e+00     1.9860e-02  0.0000e+00     3.3397e-01  0.0000e+00 
1.8868e+01     3.9907e-03  0.0000e+00     7.5295e-02  0.0000e+00     1.7874e-02  0.0000e+00     3.3725e-01  0.0000e+00 
2.1170e+01     3.6607e-03  0.0000e+00     7.7497e-02  0.0000e+00     1.8397e-02  0.0000e+00     3.8946e-01  0.0000e+00 
2.3753e+01     3.3182e-03  0.0000e+00     7.8818e-02  0.0000e+00     1.8711e-02  0.0000e+00     4.4443e-01  0.0000e+00 
2.6651e+01     1.7595e-03  0.0000e+00     4.6894e-02  0.0000e+00     1.1132e-02  0.0000e+00     2.9669e-01  0.0000e+00 
2.9903e+01     1.4430e-03  0.0000e+00     4.3152e-02  0.0000e+00     1.0244e-02  0.0000e+00     3.0632e-01  0.0000e+00 
3.3552e+01     1.0564e-03  0.0000e+00     3.5446e-02  0.0000e+00     8.4145e-03  0.0000e+00     2.8232e-01  0.0000e+00 
3.7646e+01     8.8892e-04  0.0000e+00     3.3464e-02  0.0000e+00     7.9441e-03  0.0000e+00     2.9907e-01  0.0000e+00 
4.2240e+01     5.4728e-04  0.0000e+00     2.3117e-02  0.0000e+00     5.4877e-03  0.0000e+00     2.3180e-01  0.0000e+00 
4.7394e+01     4.2273e-04  0.0000e+00     2.0035e-02  0.0000e+00     4.7560e-03  0.0000e+00     2.2541e-01  0.0000e+00 
5.3176e+01     2.6497e-04  0.0000e+00     1.4090e-02  0.0000e+00     3.3449e-03  0.0000e+00     1.7787e-01  0.0000e+00 
5.9665e+01     1.4391e-04  0.0000e+00     8.5863e-03  0.0000e+00     2.0383e-03  0.0000e+00     1.2162e-01  0.0000e+00 
6.6945e+01     6.9062e-05  0.0000e+00     4.6234e-03  0.0000e+00     1.0975e-03  0.0000e+00     7.3475e-02  0.0000e+00 
7.5114e+01     2.9310e-05  0.0000e+00     2.2016e-03  0.0000e+00     5.2264e-04  0.0000e+00     3.9257e-02  0.0000e+00 
8.4279e+01     2.6123e-06  0.0000e+00     2.2016e-04  0.0000e+00     5.2264e-05  0.0000e+00     4.4048e-03  0.0000e+00 
9.4563e+01     6.9846e-06  0.0000e+00     6.6048e-04  0.0000e+00     1.5679e-04  0.0000e+00     1.4827e-02  0.0000e+00 
1.0610e+02     2.0750e-06  0.0000e+00     2.2016e-04  0.0000e+00     5.2264e-05  0.0000e+00     5.5453e-03  0.0000e+00 
1.1905e+02     0.0000e+00  0.0000e+00     0.0000e+00  0.0000e+00     0.0000e+00  0.0000e+00     0.0000e+00  0.0000e+00 
1.3357e+02     0.0000e+00  0.0000e+00     0.0000e+00  0.0000e+00     0.0000e+00  0.0000e+00     0.0000e+00  0.0000e+00 
1.4987e+02     0.0000e+00  0.0000e+00     0.0000e+00  0.0000e+00     0.0000e+00  0.0000e+00     0.0000e+00  0.0000e+00 
1.6816e+02     0.0000e+00  0.0000e+00     0.0000e+00  0.0000e+00     0.0000e+00  0.0000e+00     0.0000e+00  0.0000e+00 
1.8868e+02     0.0000e+00  0.0000e+00     0.0000e+00  0.0000e+00     0.0000e+00  0.0000e+00     0.0000e+00  0.0000e+00 
2.1170e+02     0.0000e+00  0.0000e+00     0.0000e+00  0.0000e+00     0.0000e+00  0.0000e+00     0.0000e+00  0.0000e+00 
2.3753e+02     0.0000e+00  0.0000e+00     0.0000e+00  0.0000e+00     0.0000e+00  0.0000e+00     0.0000e+00  0.0000e+00 
2.6651e+02     0.0000e+00  0.0000e+00     0.0000e+00  0.0000e+00     0.0000e+00  0.0000e+00     0.0000e+00  0.0000e+00 
2.9903e+02     0.0000e+00  0.0000e+00     0.0000e+00  0.0000e+00     0.0000e+00  0.0000e+00     0.0000e+00  0.0000e+00 
3.3552e+02     0.0000e+00  0.0000e+00     0.0000e+00  0.0000e+00     0.0000e+00  0.0000e+00     0.0000e+00  0.0000e+00 
3.7646e+02     0.0000e+00  0.0000e+00     0.0000e+00  0.0000e+00     0.0000e+00  0.0000e+00     0.0000e+00  0.0000e+00 
4.2240e+02     0.0000e+00  0.0000e+00     0.0000e+00  0.0000e+00     0.0000e+00  0.0000e+00     0.0000e+00  0.0000e+00 
4.7394e+02     0.0000e+00  0.0000e+00     0.0000e+00  0.0000e+00     0.0000e+00  0.0000e+00     0.0000e+00  0.0000e+00 
5.3176e+02     0.0000e+00  0.0000e+00     0.0000e+00  0.0000e+00     0.0000e+00  0.0000e+00     0.0000e+00  0.0000e+00 
5.9665e+02     0.0000e+00  0.0000e+00     0.0000e+00  0.0000e+00     0.0000e+00  0.0000e+00     0.0000e+00  0.0000e+00 
6.6945e+02     0.0000e+00  0.0000e+00     0.0000e+00  0.0000e+00     0.0000e+00  0.0000e+00     0.0000e+00  0.0000e+00 
7.5114e+02     0.0000e+00  0.0000e+00     0.0000e+00  0.0000e+00     0.0000e+00  0.0000e+00     0.0000e+00  0.0000e+00 
8.4279e+02     0.0000e+00  0.0000e+00     0.0000e+00  0.0000e+00     0.0000e+00  0.0000e+00     0.0000e+00  0.0000e+00 
9.4563e+02     0.0000e+00  0.0000e+00     0.0000e+00  0.0000e+00     0.0000e+00  0.0000e+00     0.0000e+00  0.0000e+00 
1.0610e+03     0.0000e+00  0.0000e+00     0.0000e+00  0.0000e+00     0.0000e+00  0.0000e+00     0.0000e+00  0.0000e+00 
1.1905e+03     0.0000e+00  0.0000e+00     0.0000e+00  0.0000e+00     0.0000e+00  0.0000e+00     0.0000e+00  0.0000e+00 
1.3357e+03     0.0000e+00  0.0000e+00     0.0000e+00  0.0000e+00     0.0000e+00  0.0000e+00     0.0000e+00  0.0000e+00 
1.4987e+03     0.0000e+00  0.0000e+00     0.0000e+00  0.0000e+00     0.0000e+00  0.0000e+00     0.0000e+00  0.0000e+00 
1.6816e+03     0.0000e+00  0.0000e+00     0.0000e+00  0.0000e+00     0.0000e+00  0.0000e+00     0.0000e+00  0.0000e+00 
1.8868e+03     0.0000e+00  0.0000e+00     0.0000e+00  0.0000e+00     0.0000e+00  0.0000e+00     0.0000e+00  0.0000e+00 
2.1170e+03     0.0000e+00  0.0000e+00     0.0000e+00  0.0000e+00     0.0000e+00  0.0000e+00     0.0000e+00  0.0000e+00 
2.3753e+03     0.0000e+00  0.0000e+00     0.0000e+00  0.0000e+00     0.0000e+00  0.0000e+00     0.0000e+00  0.0000e+00 
2.6651e+03     0.0000e+00  0.0000e+00     0.0000e+00  0.0000e+00     0.0000e+00  0.0000e+00     0.0000e+00  0.0000e+00 
2.9903e+03     0.0000e+00  0.0000e+00     0.0000e+00  0.0000e+00     0.0000e+00  0.0000e+00     0.0000e+00  0.0000e+00 
3.3552e+03     0.0000e+00  0.0000e+00     0.0000e+00  0.0000e+00     0.0000e+00  0.0000e+00     0.0000e+00  0.0000e+00 
3.7646e+03     0.0000e+00  0.0000e+00     0.0000e+00  0.0000e+00     0.0000e+00  0.0000e+00     0.0000e+00  0.0000e+00 
4.2240e+03     0.0000e+00  0.0000e+00     0.0000e+00  0.0000e+00     0.0000e+00  0.0000e+00     0.0000e+00  0.0000e+00 
4.7394e+03     0.0000e+00  0.0000e+00     0.0000e+00  0.0000e+00     0.0000e+00  0.0000e+00     0.0000e+00  0.0000e+00 
5.3176e+03     0.0000e+00  0.0000e+00     0.0000e+00  0.0000e+00     0.0000e+00  0.0000e+00     0.0000e+00  0.0000e+00 
5.9665e+03     0.0000e+00  0.0000e+00     0.0000e+00  0.0000e+00     0.0000e+00  0.0000e+00     0.0000e+00  0.0000e+00 
6.6945e+03     0.0000e+00  0.0000e+00     0.0000e+00  0.0000e+00     0.0000e+00  0.0000e+00     0.0000e+00  0.0000e+00 
7.5114e+03     0.0000e+00  0.0000e+00     0.0000e+00  0.0000e+00     0.0000e+00  0.0000e+00     0.0000e+00  0.0000e+00 
8.4279e+03     0.0000e+00  0.0000e+00     0.0000e+00  0.0000e+00     0.0000e+00  0.0000e+00     0.0000e+00  0.0000e+00 
9.4563e+03     0.0000e+00  0.0000e+00     0.0000e+00  0.0000e+00     0.0000e+00  0.0000e+00     0.0000e+00  0.0000e+00 
