yF = 4.5057e+00 (std: 0.0000e+00) keV/um
yD = 2.2352e+01 (std: 0.0000e+00) keV/um
y (keV/um)     f(y)(std)                  yf(y)(std)                 d(y)(std)                  yd(y)(std)  
1.0610e-01     2.6372e+01  0.0000e+00     2.7980e+00  0.0000e+00     6.2100e-01  0.0000e+00     6.5889e-02  0.0000e+00 
1.1905e-01     1.9112e+00  0.0000e+00     2.2753e-01  0.0000e+00     5.0498e-02  0.0000e+00     6.0116e-03  0.0000e+00 
1.3357e-01     5.8039e-01  0.0000e+00     7.7524e-02  0.0000e+00     1.7206e-02  0.0000e+00     2.2982e-03  0.0000e+00 
1.4987e-01     2.8397e+00  0.0000e+00     4.2559e-01  0.0000e+00     9.4455e-02  0.0000e+00     1.4156e-02  0.0000e+00 
1.6816e-01     8.6046e-01  0.0000e+00     1.4469e-01  0.0000e+00     3.2114e-02  0.0000e+00     5.4002e-03  0.0000e+00 
1.8868e-01     5.4175e-01  0.0000e+00     1.0222e-01  0.0000e+00     2.2686e-02  0.0000e+00     4.2803e-03  0.0000e+00 
2.1170e-01     6.5214e-01  0.0000e+00     1.3806e-01  0.0000e+00     3.0641e-02  0.0000e+00     6.4866e-03  0.0000e+00 
2.3753e-01     5.8345e-01  0.0000e+00     1.3859e-01  0.0000e+00     3.0758e-02  0.0000e+00     7.3061e-03  0.0000e+00 
2.6651e-01     2.5203e-01  0.0000e+00     6.7170e-02  0.0000e+00     1.4908e-02  0.0000e+00     3.9731e-03  0.0000e+00 
2.9903e-01     2.4061e-01  0.0000e+00     7.1949e-02  0.0000e+00     1.5968e-02  0.0000e+00     4.7751e-03  0.0000e+00 
3.3552e-01     1.4117e+00  0.0000e+00     4.7364e-01  0.0000e+00     1.0512e-01  0.0000e+00     3.5270e-02  0.0000e+00 
3.7646e-01     8.7520e-01  0.0000e+00     3.2948e-01  0.0000e+00     7.3125e-02  0.0000e+00     2.7529e-02  0.0000e+00 
4.2240e-01     3.9284e-01  0.0000e+00     1.6593e-01  0.0000e+00     3.6828e-02  0.0000e+00     1.5556e-02  0.0000e+00 
4.7394e-01     3.9718e-01  0.0000e+00     1.8824e-01  0.0000e+00     4.1777e-02  0.0000e+00     1.9800e-02  0.0000e+00 
5.3176e-01     2.4514e-01  0.0000e+00     1.3036e-01  0.0000e+00     2.8932e-02  0.0000e+00     1.5385e-02  0.0000e+00 
5.9665e-01     1.1569e-01  0.0000e+00     6.9029e-02  0.0000e+00     1.5320e-02  0.0000e+00     9.1408e-03  0.0000e+00 
6.6945e-01     2.1455e-01  0.0000e+00     1.4363e-01  0.0000e+00     3.1878e-02  0.0000e+00     2.1341e-02  0.0000e+00 
7.5114e-01     1.6612e-01  0.0000e+00     1.2478e-01  0.0000e+00     2.7694e-02  0.0000e+00     2.0802e-02  0.0000e+00 
8.4279e-01     9.0095e-02  0.0000e+00     7.5931e-02  0.0000e+00     1.6852e-02  0.0000e+00     1.4203e-02  0.0000e+00 
9.4563e-01     5.3625e-02  0.0000e+00     5.0709e-02  0.0000e+00     1.1255e-02  0.0000e+00     1.0643e-02  0.0000e+00 
1.0610e+00     3.9286e-02  0.0000e+00     4.1683e-02  0.0000e+00     9.2511e-03  0.0000e+00     9.8155e-03  0.0000e+00 
1.1905e+00     1.7395e-02  0.0000e+00     2.0709e-02  0.0000e+00     4.5961e-03  0.0000e+00     5.4715e-03  0.0000e+00 
1.3357e+00     1.1926e-02  0.0000e+00     1.5930e-02  0.0000e+00     3.5354e-03  0.0000e+00     4.7224e-03  0.0000e+00 
1.4987e+00     4.2516e-03  0.0000e+00     6.3719e-03  0.0000e+00     1.4142e-03  0.0000e+00     2.1195e-03  0.0000e+00 
1.6816e+00     2.2104e-03  0.0000e+00     3.7169e-03  0.0000e+00     8.2494e-04  0.0000e+00     1.3872e-03  0.0000e+00 
1.8868e+00     1.5479e-03  0.0000e+00     2.9204e-03  0.0000e+00     6.4817e-04  0.0000e+00     1.2229e-03  0.0000e+00 
2.1170e+00     2.5082e-04  0.0000e+00     5.3099e-04  0.0000e+00     1.1785e-04  0.0000e+00     2.4948e-04  0.0000e+00 
2.3753e+00     2.2355e-04  0.0000e+00     5.3099e-04  0.0000e+00     1.1785e-04  0.0000e+00     2.7993e-04  0.0000e+00 
2.6651e+00     9.9618e-05  0.0000e+00     2.6549e-04  0.0000e+00     5.8924e-05  0.0000e+00     1.5704e-04  0.0000e+00 
2.9903e+00     0.0000e+00  0.0000e+00     0.0000e+00  0.0000e+00     0.0000e+00  0.0000e+00     0.0000e+00  0.0000e+00 
3.3552e+00     0.0000e+00  0.0000e+00     0.0000e+00  0.0000e+00     0.0000e+00  0.0000e+00     0.0000e+00  0.0000e+00 
3.7646e+00     0.0000e+00  0.0000e+00     0.0000e+00  0.0000e+00     0.0000e+00  0.0000e+00     0.0000e+00  0.0000e+00 
4.2240e+00     0.0000e+00  0.0000e+00     0.0000e+00  0.0000e+00     0.0000e+00  0.0000e+00     0.0000e+00  0.0000e+00 
4.7394e+00     0.0000e+00  0.0000e+00     0.0000e+00  0.0000e+00     0.0000e+00  0.0000e+00     0.0000e+00  0.0000e+00 
5.3176e+00     0.0000e+00  0.0000e+00     0.0000e+00  0.0000e+00     0.0000e+00  0.0000e+00     0.0000e+00  0.0000e+00 
5.9665e+00     1.0573e-01  0.0000e+00     6.3082e-01  0.0000e+00     1.4000e-01  0.0000e+00     8.3533e-01  0.0000e+00 
6.6945e+00     2.1098e-02  0.0000e+00     1.4124e-01  0.0000e+00     3.1348e-02  0.0000e+00     2.0986e-01  0.0000e+00 
7.5114e+00     6.0088e-03  0.0000e+00     4.5134e-02  0.0000e+00     1.0017e-02  0.0000e+00     7.5242e-02  0.0000e+00 
8.4279e+00     2.5958e-02  0.0000e+00     2.1877e-01  0.0000e+00     4.8553e-02  0.0000e+00     4.0920e-01  0.0000e+00 
9.4563e+00     1.7295e-02  0.0000e+00     1.6354e-01  0.0000e+00     3.6297e-02  0.0000e+00     3.4324e-01  0.0000e+00 
1.0610e+01     2.5623e-02  0.0000e+00     2.7187e-01  0.0000e+00     6.0338e-02  0.0000e+00     6.4019e-01  0.0000e+00 
1.1905e+01     1.8354e-02  0.0000e+00     2.1850e-01  0.0000e+00     4.8495e-02  0.0000e+00     5.7731e-01  0.0000e+00 
1.3357e+01     1.3794e-02  0.0000e+00     1.8425e-01  0.0000e+00     4.0893e-02  0.0000e+00     5.4623e-01  0.0000e+00 
1.4987e+01     8.7865e-03  0.0000e+00     1.3169e-01  0.0000e+00     2.9226e-02  0.0000e+00     4.3802e-01  0.0000e+00 
1.6816e+01     5.1628e-03  0.0000e+00     8.6817e-02  0.0000e+00     1.9268e-02  0.0000e+00     3.2401e-01  0.0000e+00 
1.8868e+01     4.2496e-03  0.0000e+00     8.0179e-02  0.0000e+00     1.7795e-02  0.0000e+00     3.3575e-01  0.0000e+00 
2.1170e+01     3.8627e-03  0.0000e+00     8.1772e-02  0.0000e+00     1.8149e-02  0.0000e+00     3.8420e-01  0.0000e+00 
2.3753e+01     3.5432e-03  0.0000e+00     8.4162e-02  0.0000e+00     1.8679e-02  0.0000e+00     4.4368e-01  0.0000e+00 
2.6651e+01     2.3510e-03  0.0000e+00     6.2657e-02  0.0000e+00     1.3906e-02  0.0000e+00     3.7062e-01  0.0000e+00 
2.9903e+01     1.6780e-03  0.0000e+00     5.0178e-02  0.0000e+00     1.1137e-02  0.0000e+00     3.3302e-01  0.0000e+00 
3.3552e+01     1.4639e-03  0.0000e+00     4.9117e-02  0.0000e+00     1.0901e-02  0.0000e+00     3.6575e-01  0.0000e+00 
3.7646e+01     1.1989e-03  0.0000e+00     4.5134e-02  0.0000e+00     1.0017e-02  0.0000e+00     3.7710e-01  0.0000e+00 
4.2240e+01     8.0454e-04  0.0000e+00     3.3983e-02  0.0000e+00     7.5423e-03  0.0000e+00     3.1858e-01  0.0000e+00 
4.7394e+01     5.2658e-04  0.0000e+00     2.4956e-02  0.0000e+00     5.5389e-03  0.0000e+00     2.6251e-01  0.0000e+00 
5.3176e+01     3.9942e-04  0.0000e+00     2.1240e-02  0.0000e+00     4.7139e-03  0.0000e+00     2.5067e-01  0.0000e+00 
5.9665e+01     2.1804e-04  0.0000e+00     1.3009e-02  0.0000e+00     2.8873e-03  0.0000e+00     1.7227e-01  0.0000e+00 
6.6945e+01     1.4674e-04  0.0000e+00     9.8233e-03  0.0000e+00     2.1802e-03  0.0000e+00     1.4595e-01  0.0000e+00 
7.5114e+01     7.0691e-05  0.0000e+00     5.3099e-03  0.0000e+00     1.1785e-03  0.0000e+00     8.8520e-02  0.0000e+00 
8.4279e+01     3.7802e-05  0.0000e+00     3.1859e-03  0.0000e+00     7.0709e-04  0.0000e+00     5.9593e-02  0.0000e+00 
9.4563e+01     1.6846e-05  0.0000e+00     1.5930e-03  0.0000e+00     3.5354e-04  0.0000e+00     3.3432e-02  0.0000e+00 
1.0610e+02     5.0046e-06  0.0000e+00     5.3099e-04  0.0000e+00     1.1785e-04  0.0000e+00     1.2504e-02  0.0000e+00 
1.1905e+02     2.2302e-06  0.0000e+00     2.6549e-04  0.0000e+00     5.8924e-05  0.0000e+00     7.0147e-03  0.0000e+00 
1.3357e+02     0.0000e+00  0.0000e+00     0.0000e+00  0.0000e+00     0.0000e+00  0.0000e+00     0.0000e+00  0.0000e+00 
1.4987e+02     0.0000e+00  0.0000e+00     0.0000e+00  0.0000e+00     0.0000e+00  0.0000e+00     0.0000e+00  0.0000e+00 
1.6816e+02     0.0000e+00  0.0000e+00     0.0000e+00  0.0000e+00     0.0000e+00  0.0000e+00     0.0000e+00  0.0000e+00 
1.8868e+02     0.0000e+00  0.0000e+00     0.0000e+00  0.0000e+00     0.0000e+00  0.0000e+00     0.0000e+00  0.0000e+00 
2.1170e+02     0.0000e+00  0.0000e+00     0.0000e+00  0.0000e+00     0.0000e+00  0.0000e+00     0.0000e+00  0.0000e+00 
2.3753e+02     0.0000e+00  0.0000e+00     0.0000e+00  0.0000e+00     0.0000e+00  0.0000e+00     0.0000e+00  0.0000e+00 
2.6651e+02     0.0000e+00  0.0000e+00     0.0000e+00  0.0000e+00     0.0000e+00  0.0000e+00     0.0000e+00  0.0000e+00 
2.9903e+02     0.0000e+00  0.0000e+00     0.0000e+00  0.0000e+00     0.0000e+00  0.0000e+00     0.0000e+00  0.0000e+00 
3.3552e+02     0.0000e+00  0.0000e+00     0.0000e+00  0.0000e+00     0.0000e+00  0.0000e+00     0.0000e+00  0.0000e+00 
3.7646e+02     0.0000e+00  0.0000e+00     0.0000e+00  0.0000e+00     0.0000e+00  0.0000e+00     0.0000e+00  0.0000e+00 
4.2240e+02     0.0000e+00  0.0000e+00     0.0000e+00  0.0000e+00     0.0000e+00  0.0000e+00     0.0000e+00  0.0000e+00 
4.7394e+02     0.0000e+00  0.0000e+00     0.0000e+00  0.0000e+00     0.0000e+00  0.0000e+00     0.0000e+00  0.0000e+00 
5.3176e+02     0.0000e+00  0.0000e+00     0.0000e+00  0.0000e+00     0.0000e+00  0.0000e+00     0.0000e+00  0.0000e+00 
5.9665e+02     0.0000e+00  0.0000e+00     0.0000e+00  0.0000e+00     0.0000e+00  0.0000e+00     0.0000e+00  0.0000e+00 
6.6945e+02     0.0000e+00  0.0000e+00     0.0000e+00  0.0000e+00     0.0000e+00  0.0000e+00     0.0000e+00  0.0000e+00 
7.5114e+02     0.0000e+00  0.0000e+00     0.0000e+00  0.0000e+00     0.0000e+00  0.0000e+00     0.0000e+00  0.0000e+00 
8.4279e+02     0.0000e+00  0.0000e+00     0.0000e+00  0.0000e+00     0.0000e+00  0.0000e+00     0.0000e+00  0.0000e+00 
9.4563e+02     0.0000e+00  0.0000e+00     0.0000e+00  0.0000e+00     0.0000e+00  0.0000e+00     0.0000e+00  0.0000e+00 
1.0610e+03     0.0000e+00  0.0000e+00     0.0000e+00  0.0000e+00     0.0000e+00  0.0000e+00     0.0000e+00  0.0000e+00 
1.1905e+03     0.0000e+00  0.0000e+00     0.0000e+00  0.0000e+00     0.0000e+00  0.0000e+00     0.0000e+00  0.0000e+00 
1.3357e+03     0.0000e+00  0.0000e+00     0.0000e+00  0.0000e+00     0.0000e+00  0.0000e+00     0.0000e+00  0.0000e+00 
1.4987e+03     0.0000e+00  0.0000e+00     0.0000e+00  0.0000e+00     0.0000e+00  0.0000e+00     0.0000e+00  0.0000e+00 
1.6816e+03     0.0000e+00  0.0000e+00     0.0000e+00  0.0000e+00     0.0000e+00  0.0000e+00     0.0000e+00  0.0000e+00 
1.8868e+03     0.0000e+00  0.0000e+00     0.0000e+00  0.0000e+00     0.0000e+00  0.0000e+00     0.0000e+00  0.0000e+00 
2.1170e+03     0.0000e+00  0.0000e+00     0.0000e+00  0.0000e+00     0.0000e+00  0.0000e+00     0.0000e+00  0.0000e+00 
2.3753e+03     0.0000e+00  0.0000e+00     0.0000e+00  0.0000e+00     0.0000e+00  0.0000e+00     0.0000e+00  0.0000e+00 
2.6651e+03     0.0000e+00  0.0000e+00     0.0000e+00  0.0000e+00     0.0000e+00  0.0000e+00     0.0000e+00  0.0000e+00 
2.9903e+03     0.0000e+00  0.0000e+00     0.0000e+00  0.0000e+00     0.0000e+00  0.0000e+00     0.0000e+00  0.0000e+00 
3.3552e+03     0.0000e+00  0.0000e+00     0.0000e+00  0.0000e+00     0.0000e+00  0.0000e+00     0.0000e+00  0.0000e+00 
3.7646e+03     0.0000e+00  0.0000e+00     0.0000e+00  0.0000e+00     0.0000e+00  0.0000e+00     0.0000e+00  0.0000e+00 
4.2240e+03     0.0000e+00  0.0000e+00     0.0000e+00  0.0000e+00     0.0000e+00  0.0000e+00     0.0000e+00  0.0000e+00 
4.7394e+03     0.0000e+00  0.0000e+00     0.0000e+00  0.0000e+00     0.0000e+00  0.0000e+00     0.0000e+00  0.0000e+00 
5.3176e+03     0.0000e+00  0.0000e+00     0.0000e+00  0.0000e+00     0.0000e+00  0.0000e+00     0.0000e+00  0.0000e+00 
5.9665e+03     0.0000e+00  0.0000e+00     0.0000e+00  0.0000e+00     0.0000e+00  0.0000e+00     0.0000e+00  0.0000e+00 
6.6945e+03     0.0000e+00  0.0000e+00     0.0000e+00  0.0000e+00     0.0000e+00  0.0000e+00     0.0000e+00  0.0000e+00 
7.5114e+03     0.0000e+00  0.0000e+00     0.0000e+00  0.0000e+00     0.0000e+00  0.0000e+00     0.0000e+00  0.0000e+00 
8.4279e+03     0.0000e+00  0.0000e+00     0.0000e+00  0.0000e+00     0.0000e+00  0.0000e+00     0.0000e+00  0.0000e+00 
9.4563e+03     0.0000e+00  0.0000e+00     0.0000e+00  0.0000e+00     0.0000e+00  0.0000e+00     0.0000e+00  0.0000e+00 
