yF = 5.5003e+00 (std: 0.0000e+00) keV/um
yD = 2.4090e+01 (std: 0.0000e+00) keV/um
y (keV/um)     f(y)(std)                  yf(y)(std)                 d(y)(std)                  yd(y)(std)  
1.0610e-01     2.3622e+01  0.0000e+00     2.5063e+00  0.0000e+00     4.5567e-01  0.0000e+00     4.8347e-02  0.0000e+00 
1.1905e-01     1.6508e+00  0.0000e+00     1.9652e-01  0.0000e+00     3.5729e-02  0.0000e+00     4.2535e-03  0.0000e+00 
1.3357e-01     5.2402e-01  0.0000e+00     6.9995e-02  0.0000e+00     1.2725e-02  0.0000e+00     1.6998e-03  0.0000e+00 
1.4987e-01     2.7303e+00  0.0000e+00     4.0920e-01  0.0000e+00     7.4395e-02  0.0000e+00     1.1150e-02  0.0000e+00 
1.6816e-01     7.8446e-01  0.0000e+00     1.3191e-01  0.0000e+00     2.3983e-02  0.0000e+00     4.0329e-03  0.0000e+00 
1.8868e-01     5.9927e-01  0.0000e+00     1.1307e-01  0.0000e+00     2.0557e-02  0.0000e+00     3.8786e-03  0.0000e+00 
2.1170e-01     6.8670e-01  0.0000e+00     1.4537e-01  0.0000e+00     2.6430e-02  0.0000e+00     5.5952e-03  0.0000e+00 
2.3753e-01     4.6468e-01  0.0000e+00     1.1038e-01  0.0000e+00     2.0067e-02  0.0000e+00     4.7666e-03  0.0000e+00 
2.6651e-01     3.1314e-01  0.0000e+00     8.3455e-02  0.0000e+00     1.5173e-02  0.0000e+00     4.0437e-03  0.0000e+00 
2.9903e-01     2.4307e-01  0.0000e+00     7.2687e-02  0.0000e+00     1.3215e-02  0.0000e+00     3.9517e-03  0.0000e+00 
3.3552e-01     1.2437e+00  0.0000e+00     4.1728e-01  0.0000e+00     7.5863e-02  0.0000e+00     2.5454e-02  0.0000e+00 
3.7646e-01     8.3668e-01  0.0000e+00     3.1498e-01  0.0000e+00     5.7265e-02  0.0000e+00     2.1558e-02  0.0000e+00 
4.2240e-01     3.6966e-01  0.0000e+00     1.5614e-01  0.0000e+00     2.8388e-02  0.0000e+00     1.1991e-02  0.0000e+00 
4.7394e-01     3.1810e-01  0.0000e+00     1.5076e-01  0.0000e+00     2.7409e-02  0.0000e+00     1.2990e-02  0.0000e+00 
5.3176e-01     2.6832e-01  0.0000e+00     1.4268e-01  0.0000e+00     2.5940e-02  0.0000e+00     1.3794e-02  0.0000e+00 
5.9665e-01     1.2634e-01  0.0000e+00     7.5379e-02  0.0000e+00     1.3704e-02  0.0000e+00     8.1767e-03  0.0000e+00 
6.6945e-01     1.9302e-01  0.0000e+00     1.2922e-01  0.0000e+00     2.3493e-02  0.0000e+00     1.5728e-02  0.0000e+00 
7.5114e-01     1.5411e-01  0.0000e+00     1.1576e-01  0.0000e+00     2.1046e-02  0.0000e+00     1.5808e-02  0.0000e+00 
8.4279e-01     6.7080e-02  0.0000e+00     5.6534e-02  0.0000e+00     1.0278e-02  0.0000e+00     8.6624e-03  0.0000e+00 
9.4563e-01     6.5479e-02  0.0000e+00     6.1918e-02  0.0000e+00     1.1257e-02  0.0000e+00     1.0645e-02  0.0000e+00 
1.0610e+00     2.7910e-02  0.0000e+00     2.9613e-02  0.0000e+00     5.3839e-03  0.0000e+00     5.7123e-03  0.0000e+00 
1.1905e+00     1.3568e-02  0.0000e+00     1.6153e-02  0.0000e+00     2.9367e-03  0.0000e+00     3.4960e-03  0.0000e+00 
1.3357e+00     1.2093e-02  0.0000e+00     1.6153e-02  0.0000e+00     2.9367e-03  0.0000e+00     3.9226e-03  0.0000e+00 
1.4987e+00     7.1851e-03  0.0000e+00     1.0768e-02  0.0000e+00     1.9578e-03  0.0000e+00     2.9341e-03  0.0000e+00 
1.6816e+00     3.2019e-03  0.0000e+00     5.3842e-03  0.0000e+00     9.7888e-04  0.0000e+00     1.6461e-03  0.0000e+00 
1.8868e+00     0.0000e+00  0.0000e+00     0.0000e+00  0.0000e+00     0.0000e+00  0.0000e+00     0.0000e+00  0.0000e+00 
2.1170e+00     0.0000e+00  0.0000e+00     0.0000e+00  0.0000e+00     0.0000e+00  0.0000e+00     0.0000e+00  0.0000e+00 
2.3753e+00     1.1334e-03  0.0000e+00     2.6921e-03  0.0000e+00     4.8944e-04  0.0000e+00     1.1626e-03  0.0000e+00 
2.6651e+00     0.0000e+00  0.0000e+00     0.0000e+00  0.0000e+00     0.0000e+00  0.0000e+00     0.0000e+00  0.0000e+00 
2.9903e+00     0.0000e+00  0.0000e+00     0.0000e+00  0.0000e+00     0.0000e+00  0.0000e+00     0.0000e+00  0.0000e+00 
3.3552e+00     0.0000e+00  0.0000e+00     0.0000e+00  0.0000e+00     0.0000e+00  0.0000e+00     0.0000e+00  0.0000e+00 
3.7646e+00     0.0000e+00  0.0000e+00     0.0000e+00  0.0000e+00     0.0000e+00  0.0000e+00     0.0000e+00  0.0000e+00 
4.2240e+00     0.0000e+00  0.0000e+00     0.0000e+00  0.0000e+00     0.0000e+00  0.0000e+00     0.0000e+00  0.0000e+00 
4.7394e+00     0.0000e+00  0.0000e+00     0.0000e+00  0.0000e+00     0.0000e+00  0.0000e+00     0.0000e+00  0.0000e+00 
5.3176e+00     0.0000e+00  0.0000e+00     0.0000e+00  0.0000e+00     0.0000e+00  0.0000e+00     0.0000e+00  0.0000e+00 
5.9665e+00     1.1280e-01  0.0000e+00     6.7302e-01  0.0000e+00     1.2236e-01  0.0000e+00     7.3006e-01  0.0000e+00 
6.6945e+00     2.1715e-02  0.0000e+00     1.4537e-01  0.0000e+00     2.6430e-02  0.0000e+00     1.7694e-01  0.0000e+00 
7.5114e+00     8.2433e-03  0.0000e+00     6.1918e-02  0.0000e+00     1.1257e-02  0.0000e+00     8.4557e-02  0.0000e+00 
8.4279e+00     3.2262e-02  0.0000e+00     2.7190e-01  0.0000e+00     4.9434e-02  0.0000e+00     4.1662e-01  0.0000e+00 
9.4563e+00     1.6797e-02  0.0000e+00     1.5883e-01  0.0000e+00     2.8877e-02  0.0000e+00     2.7307e-01  0.0000e+00 
1.0610e+01     5.6328e-02  0.0000e+00     5.9765e-01  0.0000e+00     1.0866e-01  0.0000e+00     1.1529e+00  0.0000e+00 
1.1905e+01     1.6734e-02  0.0000e+00     1.9922e-01  0.0000e+00     3.6219e-02  0.0000e+00     4.3117e-01  0.0000e+00 
1.3357e+01     1.1488e-02  0.0000e+00     1.5345e-01  0.0000e+00     2.7898e-02  0.0000e+00     3.7264e-01  0.0000e+00 
1.4987e+01     6.4666e-03  0.0000e+00     9.6916e-02  0.0000e+00     1.7620e-02  0.0000e+00     2.6407e-01  0.0000e+00 
1.6816e+01     4.1624e-03  0.0000e+00     6.9995e-02  0.0000e+00     1.2725e-02  0.0000e+00     2.1399e-01  0.0000e+00 
1.8868e+01     4.1378e-03  0.0000e+00     7.8071e-02  0.0000e+00     1.4194e-02  0.0000e+00     2.6780e-01  0.0000e+00 
2.1170e+01     4.1965e-03  0.0000e+00     8.8839e-02  0.0000e+00     1.6152e-02  0.0000e+00     3.4193e-01  0.0000e+00 
2.3753e+01     4.5335e-03  0.0000e+00     1.0768e-01  0.0000e+00     1.9578e-02  0.0000e+00     4.6503e-01  0.0000e+00 
2.6651e+01     4.1415e-03  0.0000e+00     1.1038e-01  0.0000e+00     2.0067e-02  0.0000e+00     5.3482e-01  0.0000e+00 
2.9903e+01     2.2507e-03  0.0000e+00     6.7302e-02  0.0000e+00     1.2236e-02  0.0000e+00     3.6590e-01  0.0000e+00 
3.3552e+01     1.7652e-03  0.0000e+00     5.9226e-02  0.0000e+00     1.0768e-02  0.0000e+00     3.6128e-01  0.0000e+00 
3.7646e+01     1.0727e-03  0.0000e+00     4.0381e-02  0.0000e+00     7.3416e-03  0.0000e+00     2.7638e-01  0.0000e+00 
4.2240e+01     1.0197e-03  0.0000e+00     4.3074e-02  0.0000e+00     7.8311e-03  0.0000e+00     3.3078e-01  0.0000e+00 
4.7394e+01     8.5205e-04  0.0000e+00     4.0381e-02  0.0000e+00     7.3416e-03  0.0000e+00     3.4795e-01  0.0000e+00 
5.3176e+01     6.5814e-04  0.0000e+00     3.4997e-02  0.0000e+00     6.3627e-03  0.0000e+00     3.3835e-01  0.0000e+00 
5.9665e+01     4.5120e-04  0.0000e+00     2.6921e-02  0.0000e+00     4.8944e-03  0.0000e+00     2.9203e-01  0.0000e+00 
6.6945e+01     1.6085e-04  0.0000e+00     1.0768e-02  0.0000e+00     1.9578e-03  0.0000e+00     1.3106e-01  0.0000e+00 
7.5114e+01     1.4336e-04  0.0000e+00     1.0768e-02  0.0000e+00     1.9578e-03  0.0000e+00     1.4706e-01  0.0000e+00 
8.4279e+01     9.5828e-05  0.0000e+00     8.0763e-03  0.0000e+00     1.4683e-03  0.0000e+00     1.2375e-01  0.0000e+00 
9.4563e+01     0.0000e+00  0.0000e+00     0.0000e+00  0.0000e+00     0.0000e+00  0.0000e+00     0.0000e+00  0.0000e+00 
1.0610e+02     0.0000e+00  0.0000e+00     0.0000e+00  0.0000e+00     0.0000e+00  0.0000e+00     0.0000e+00  0.0000e+00 
1.1905e+02     0.0000e+00  0.0000e+00     0.0000e+00  0.0000e+00     0.0000e+00  0.0000e+00     0.0000e+00  0.0000e+00 
1.3357e+02     0.0000e+00  0.0000e+00     0.0000e+00  0.0000e+00     0.0000e+00  0.0000e+00     0.0000e+00  0.0000e+00 
1.4987e+02     0.0000e+00  0.0000e+00     0.0000e+00  0.0000e+00     0.0000e+00  0.0000e+00     0.0000e+00  0.0000e+00 
1.6816e+02     0.0000e+00  0.0000e+00     0.0000e+00  0.0000e+00     0.0000e+00  0.0000e+00     0.0000e+00  0.0000e+00 
1.8868e+02     0.0000e+00  0.0000e+00     0.0000e+00  0.0000e+00     0.0000e+00  0.0000e+00     0.0000e+00  0.0000e+00 
2.1170e+02     0.0000e+00  0.0000e+00     0.0000e+00  0.0000e+00     0.0000e+00  0.0000e+00     0.0000e+00  0.0000e+00 
2.3753e+02     0.0000e+00  0.0000e+00     0.0000e+00  0.0000e+00     0.0000e+00  0.0000e+00     0.0000e+00  0.0000e+00 
2.6651e+02     0.0000e+00  0.0000e+00     0.0000e+00  0.0000e+00     0.0000e+00  0.0000e+00     0.0000e+00  0.0000e+00 
2.9903e+02     0.0000e+00  0.0000e+00     0.0000e+00  0.0000e+00     0.0000e+00  0.0000e+00     0.0000e+00  0.0000e+00 
3.3552e+02     0.0000e+00  0.0000e+00     0.0000e+00  0.0000e+00     0.0000e+00  0.0000e+00     0.0000e+00  0.0000e+00 
3.7646e+02     0.0000e+00  0.0000e+00     0.0000e+00  0.0000e+00     0.0000e+00  0.0000e+00     0.0000e+00  0.0000e+00 
4.2240e+02     0.0000e+00  0.0000e+00     0.0000e+00  0.0000e+00     0.0000e+00  0.0000e+00     0.0000e+00  0.0000e+00 
4.7394e+02     0.0000e+00  0.0000e+00     0.0000e+00  0.0000e+00     0.0000e+00  0.0000e+00     0.0000e+00  0.0000e+00 
5.3176e+02     0.0000e+00  0.0000e+00     0.0000e+00  0.0000e+00     0.0000e+00  0.0000e+00     0.0000e+00  0.0000e+00 
5.9665e+02     0.0000e+00  0.0000e+00     0.0000e+00  0.0000e+00     0.0000e+00  0.0000e+00     0.0000e+00  0.0000e+00 
6.6945e+02     0.0000e+00  0.0000e+00     0.0000e+00  0.0000e+00     0.0000e+00  0.0000e+00     0.0000e+00  0.0000e+00 
7.5114e+02     0.0000e+00  0.0000e+00     0.0000e+00  0.0000e+00     0.0000e+00  0.0000e+00     0.0000e+00  0.0000e+00 
8.4279e+02     0.0000e+00  0.0000e+00     0.0000e+00  0.0000e+00     0.0000e+00  0.0000e+00     0.0000e+00  0.0000e+00 
9.4563e+02     0.0000e+00  0.0000e+00     0.0000e+00  0.0000e+00     0.0000e+00  0.0000e+00     0.0000e+00  0.0000e+00 
1.0610e+03     0.0000e+00  0.0000e+00     0.0000e+00  0.0000e+00     0.0000e+00  0.0000e+00     0.0000e+00  0.0000e+00 
1.1905e+03     0.0000e+00  0.0000e+00     0.0000e+00  0.0000e+00     0.0000e+00  0.0000e+00     0.0000e+00  0.0000e+00 
1.3357e+03     0.0000e+00  0.0000e+00     0.0000e+00  0.0000e+00     0.0000e+00  0.0000e+00     0.0000e+00  0.0000e+00 
1.4987e+03     0.0000e+00  0.0000e+00     0.0000e+00  0.0000e+00     0.0000e+00  0.0000e+00     0.0000e+00  0.0000e+00 
1.6816e+03     0.0000e+00  0.0000e+00     0.0000e+00  0.0000e+00     0.0000e+00  0.0000e+00     0.0000e+00  0.0000e+00 
1.8868e+03     0.0000e+00  0.0000e+00     0.0000e+00  0.0000e+00     0.0000e+00  0.0000e+00     0.0000e+00  0.0000e+00 
2.1170e+03     0.0000e+00  0.0000e+00     0.0000e+00  0.0000e+00     0.0000e+00  0.0000e+00     0.0000e+00  0.0000e+00 
2.3753e+03     0.0000e+00  0.0000e+00     0.0000e+00  0.0000e+00     0.0000e+00  0.0000e+00     0.0000e+00  0.0000e+00 
2.6651e+03     0.0000e+00  0.0000e+00     0.0000e+00  0.0000e+00     0.0000e+00  0.0000e+00     0.0000e+00  0.0000e+00 
2.9903e+03     0.0000e+00  0.0000e+00     0.0000e+00  0.0000e+00     0.0000e+00  0.0000e+00     0.0000e+00  0.0000e+00 
3.3552e+03     0.0000e+00  0.0000e+00     0.0000e+00  0.0000e+00     0.0000e+00  0.0000e+00     0.0000e+00  0.0000e+00 
3.7646e+03     0.0000e+00  0.0000e+00     0.0000e+00  0.0000e+00     0.0000e+00  0.0000e+00     0.0000e+00  0.0000e+00 
4.2240e+03     0.0000e+00  0.0000e+00     0.0000e+00  0.0000e+00     0.0000e+00  0.0000e+00     0.0000e+00  0.0000e+00 
4.7394e+03     0.0000e+00  0.0000e+00     0.0000e+00  0.0000e+00     0.0000e+00  0.0000e+00     0.0000e+00  0.0000e+00 
5.3176e+03     0.0000e+00  0.0000e+00     0.0000e+00  0.0000e+00     0.0000e+00  0.0000e+00     0.0000e+00  0.0000e+00 
5.9665e+03     0.0000e+00  0.0000e+00     0.0000e+00  0.0000e+00     0.0000e+00  0.0000e+00     0.0000e+00  0.0000e+00 
6.6945e+03     0.0000e+00  0.0000e+00     0.0000e+00  0.0000e+00     0.0000e+00  0.0000e+00     0.0000e+00  0.0000e+00 
7.5114e+03     0.0000e+00  0.0000e+00     0.0000e+00  0.0000e+00     0.0000e+00  0.0000e+00     0.0000e+00  0.0000e+00 
8.4279e+03     0.0000e+00  0.0000e+00     0.0000e+00  0.0000e+00     0.0000e+00  0.0000e+00     0.0000e+00  0.0000e+00 
9.4563e+03     0.0000e+00  0.0000e+00     0.0000e+00  0.0000e+00     0.0000e+00  0.0000e+00     0.0000e+00  0.0000e+00 
