yF = 4.6862e+00 (std: 0.0000e+00) keV/um
yD = 2.2841e+01 (std: 0.0000e+00) keV/um
y (keV/um)     f(y)(std)                  yf(y)(std)                 d(y)(std)                  yd(y)(std)  
1.0610e-01     2.5553e+01  0.0000e+00     2.7112e+00  0.0000e+00     5.7856e-01  0.0000e+00     6.1386e-02  0.0000e+00 
1.1905e-01     1.9510e+00  0.0000e+00     2.3226e-01  0.0000e+00     4.9563e-02  0.0000e+00     5.9004e-03  0.0000e+00 
1.3357e-01     5.5819e-01  0.0000e+00     7.4559e-02  0.0000e+00     1.5910e-02  0.0000e+00     2.1252e-03  0.0000e+00 
1.4987e-01     2.8445e+00  0.0000e+00     4.2632e-01  0.0000e+00     9.0973e-02  0.0000e+00     1.3634e-02  0.0000e+00 
1.6816e-01     8.5174e-01  0.0000e+00     1.4323e-01  0.0000e+00     3.0564e-02  0.0000e+00     5.1396e-03  0.0000e+00 
1.8868e-01     5.3165e-01  0.0000e+00     1.0031e-01  0.0000e+00     2.1406e-02  0.0000e+00     4.0387e-03  0.0000e+00 
2.1170e-01     6.1455e-01  0.0000e+00     1.3010e-01  0.0000e+00     2.7763e-02  0.0000e+00     5.8773e-03  0.0000e+00 
2.3753e-01     5.9803e-01  0.0000e+00     1.4205e-01  0.0000e+00     3.0313e-02  0.0000e+00     7.2001e-03  0.0000e+00 
2.6651e-01     2.7344e-01  0.0000e+00     7.2876e-02  0.0000e+00     1.5551e-02  0.0000e+00     4.1446e-03  0.0000e+00 
2.9903e-01     2.3864e-01  0.0000e+00     7.1361e-02  0.0000e+00     1.5228e-02  0.0000e+00     4.5537e-03  0.0000e+00 
3.3552e-01     1.3438e+00  0.0000e+00     4.5089e-01  0.0000e+00     9.6217e-02  0.0000e+00     3.2283e-02  0.0000e+00 
3.7646e-01     9.1158e-01  0.0000e+00     3.4317e-01  0.0000e+00     7.3231e-02  0.0000e+00     2.7569e-02  0.0000e+00 
4.2240e-01     3.9965e-01  0.0000e+00     1.6881e-01  0.0000e+00     3.6023e-02  0.0000e+00     1.5216e-02  0.0000e+00 
4.7394e-01     3.7998e-01  0.0000e+00     1.8009e-01  0.0000e+00     3.8429e-02  0.0000e+00     1.8213e-02  0.0000e+00 
5.3176e-01     2.5858e-01  0.0000e+00     1.3751e-01  0.0000e+00     2.9343e-02  0.0000e+00     1.5603e-02  0.0000e+00 
5.9665e-01     1.2666e-01  0.0000e+00     7.5569e-02  0.0000e+00     1.6126e-02  0.0000e+00     9.6216e-03  0.0000e+00 
6.6945e-01     1.9987e-01  0.0000e+00     1.3380e-01  0.0000e+00     2.8553e-02  0.0000e+00     1.9115e-02  0.0000e+00 
7.5114e-01     1.7477e-01  0.0000e+00     1.3128e-01  0.0000e+00     2.8014e-02  0.0000e+00     2.1042e-02  0.0000e+00 
8.4279e-01     7.9880e-02  0.0000e+00     6.7322e-02  0.0000e+00     1.4366e-02  0.0000e+00     1.2108e-02  0.0000e+00 
9.4563e-01     5.0369e-02  0.0000e+00     4.7630e-02  0.0000e+00     1.0164e-02  0.0000e+00     9.6114e-03  0.0000e+00 
1.0610e+00     4.1560e-02  0.0000e+00     4.4096e-02  0.0000e+00     9.4098e-03  0.0000e+00     9.9839e-03  0.0000e+00 
1.1905e+00     1.7813e-02  0.0000e+00     2.1206e-02  0.0000e+00     4.5253e-03  0.0000e+00     5.3873e-03  0.0000e+00 
1.3357e+00     1.0710e-02  0.0000e+00     1.4306e-02  0.0000e+00     3.0528e-03  0.0000e+00     4.0777e-03  0.0000e+00 
1.4987e+00     6.4011e-03  0.0000e+00     9.5934e-03  0.0000e+00     2.0472e-03  0.0000e+00     3.0681e-03  0.0000e+00 
1.6816e+00     3.0026e-03  0.0000e+00     5.0492e-03  0.0000e+00     1.0775e-03  0.0000e+00     1.8118e-03  0.0000e+00 
1.8868e+00     1.5164e-03  0.0000e+00     2.8612e-03  0.0000e+00     6.1056e-04  0.0000e+00     1.1520e-03  0.0000e+00 
2.1170e+00     3.9751e-04  0.0000e+00     8.4153e-04  0.0000e+00     1.7958e-04  0.0000e+00     3.8016e-04  0.0000e+00 
2.3753e+00     7.0856e-05  0.0000e+00     1.6831e-04  0.0000e+00     3.5915e-05  0.0000e+00     8.5310e-05  0.0000e+00 
2.6651e+00     6.3151e-05  0.0000e+00     1.6831e-04  0.0000e+00     3.5915e-05  0.0000e+00     9.5719e-05  0.0000e+00 
2.9903e+00     0.0000e+00  0.0000e+00     0.0000e+00  0.0000e+00     0.0000e+00  0.0000e+00     0.0000e+00  0.0000e+00 
3.3552e+00     0.0000e+00  0.0000e+00     0.0000e+00  0.0000e+00     0.0000e+00  0.0000e+00     0.0000e+00  0.0000e+00 
3.7646e+00     0.0000e+00  0.0000e+00     0.0000e+00  0.0000e+00     0.0000e+00  0.0000e+00     0.0000e+00  0.0000e+00 
4.2240e+00     0.0000e+00  0.0000e+00     0.0000e+00  0.0000e+00     0.0000e+00  0.0000e+00     0.0000e+00  0.0000e+00 
4.7394e+00     0.0000e+00  0.0000e+00     0.0000e+00  0.0000e+00     0.0000e+00  0.0000e+00     0.0000e+00  0.0000e+00 
5.3176e+00     0.0000e+00  0.0000e+00     0.0000e+00  0.0000e+00     0.0000e+00  0.0000e+00     0.0000e+00  0.0000e+00 
5.9665e+00     1.1492e-01  0.0000e+00     6.8567e-01  0.0000e+00     1.4632e-01  0.0000e+00     8.7301e-01  0.0000e+00 
6.6945e+00     2.1847e-02  0.0000e+00     1.4626e-01  0.0000e+00     3.1210e-02  0.0000e+00     2.0894e-01  0.0000e+00 
7.5114e+00     6.1843e-03  0.0000e+00     4.6452e-02  0.0000e+00     9.9126e-03  0.0000e+00     7.4457e-02  0.0000e+00 
8.4279e+00     2.8757e-02  0.0000e+00     2.4236e-01  0.0000e+00     5.1718e-02  0.0000e+00     4.3587e-01  0.0000e+00 
9.4563e+00     1.6766e-02  0.0000e+00     1.5854e-01  0.0000e+00     3.3832e-02  0.0000e+00     3.1993e-01  0.0000e+00 
1.0610e+01     2.6649e-02  0.0000e+00     2.8275e-01  0.0000e+00     6.0338e-02  0.0000e+00     6.4019e-01  0.0000e+00 
1.1905e+01     1.6866e-02  0.0000e+00     2.0079e-01  0.0000e+00     4.2847e-02  0.0000e+00     5.1008e-01  0.0000e+00 
1.3357e+01     1.3218e-02  0.0000e+00     1.7655e-01  0.0000e+00     3.7675e-02  0.0000e+00     5.0324e-01  0.0000e+00 
1.4987e+01     7.6027e-03  0.0000e+00     1.1394e-01  0.0000e+00     2.4315e-02  0.0000e+00     3.6441e-01  0.0000e+00 
1.6816e+01     5.5348e-03  0.0000e+00     9.3073e-02  0.0000e+00     1.9861e-02  0.0000e+00     3.3398e-01  0.0000e+00 
1.8868e+01     4.1568e-03  0.0000e+00     7.8430e-02  0.0000e+00     1.6737e-02  0.0000e+00     3.1578e-01  0.0000e+00 
2.1170e+01     4.1103e-03  0.0000e+00     8.7014e-02  0.0000e+00     1.8568e-02  0.0000e+00     3.9309e-01  0.0000e+00 
2.3753e+01     3.9892e-03  0.0000e+00     9.4756e-02  0.0000e+00     2.0220e-02  0.0000e+00     4.8029e-01  0.0000e+00 
2.6651e+01     2.8418e-03  0.0000e+00     7.5737e-02  0.0000e+00     1.6162e-02  0.0000e+00     4.3074e-01  0.0000e+00 
2.9903e+01     1.8855e-03  0.0000e+00     5.6382e-02  0.0000e+00     1.2032e-02  0.0000e+00     3.5979e-01  0.0000e+00 
3.3552e+01     1.4999e-03  0.0000e+00     5.0323e-02  0.0000e+00     1.0739e-02  0.0000e+00     3.6030e-01  0.0000e+00 
3.7646e+01     1.1892e-03  0.0000e+00     4.4769e-02  0.0000e+00     9.5535e-03  0.0000e+00     3.5965e-01  0.0000e+00 
4.2240e+01     8.2480e-04  0.0000e+00     3.4839e-02  0.0000e+00     7.4345e-03  0.0000e+00     3.1403e-01  0.0000e+00 
4.7394e+01     5.9661e-04  0.0000e+00     2.8275e-02  0.0000e+00     6.0338e-03  0.0000e+00     2.8596e-01  0.0000e+00 
5.3176e+01     3.8613e-04  0.0000e+00     2.0533e-02  0.0000e+00     4.3817e-03  0.0000e+00     2.3300e-01  0.0000e+00 
5.9665e+01     3.0183e-04  0.0000e+00     1.8009e-02  0.0000e+00     3.8429e-03  0.0000e+00     2.2929e-01  0.0000e+00 
6.6945e+01     1.3576e-04  0.0000e+00     9.0885e-03  0.0000e+00     1.9394e-03  0.0000e+00     1.2984e-01  0.0000e+00 
7.5114e+01     8.7386e-05  0.0000e+00     6.5639e-03  0.0000e+00     1.4007e-03  0.0000e+00     1.0521e-01  0.0000e+00 
8.4279e+01     4.1937e-05  0.0000e+00     3.5344e-03  0.0000e+00     7.5422e-04  0.0000e+00     6.3565e-02  0.0000e+00 
9.4563e+01     1.0679e-05  0.0000e+00     1.0098e-03  0.0000e+00     2.1549e-04  0.0000e+00     2.0377e-02  0.0000e+00 
1.0610e+02     3.1725e-06  0.0000e+00     3.3661e-04  0.0000e+00     7.1831e-05  0.0000e+00     7.6213e-03  0.0000e+00 
1.1905e+02     4.2413e-06  0.0000e+00     5.0492e-04  0.0000e+00     1.0775e-04  0.0000e+00     1.2827e-02  0.0000e+00 
1.3357e+02     2.5200e-06  0.0000e+00     3.3661e-04  0.0000e+00     7.1831e-05  0.0000e+00     9.5946e-03  0.0000e+00 
1.4987e+02     0.0000e+00  0.0000e+00     0.0000e+00  0.0000e+00     0.0000e+00  0.0000e+00     0.0000e+00  0.0000e+00 
1.6816e+02     0.0000e+00  0.0000e+00     0.0000e+00  0.0000e+00     0.0000e+00  0.0000e+00     0.0000e+00  0.0000e+00 
1.8868e+02     0.0000e+00  0.0000e+00     0.0000e+00  0.0000e+00     0.0000e+00  0.0000e+00     0.0000e+00  0.0000e+00 
2.1170e+02     0.0000e+00  0.0000e+00     0.0000e+00  0.0000e+00     0.0000e+00  0.0000e+00     0.0000e+00  0.0000e+00 
2.3753e+02     0.0000e+00  0.0000e+00     0.0000e+00  0.0000e+00     0.0000e+00  0.0000e+00     0.0000e+00  0.0000e+00 
2.6651e+02     0.0000e+00  0.0000e+00     0.0000e+00  0.0000e+00     0.0000e+00  0.0000e+00     0.0000e+00  0.0000e+00 
2.9903e+02     0.0000e+00  0.0000e+00     0.0000e+00  0.0000e+00     0.0000e+00  0.0000e+00     0.0000e+00  0.0000e+00 
3.3552e+02     0.0000e+00  0.0000e+00     0.0000e+00  0.0000e+00     0.0000e+00  0.0000e+00     0.0000e+00  0.0000e+00 
3.7646e+02     0.0000e+00  0.0000e+00     0.0000e+00  0.0000e+00     0.0000e+00  0.0000e+00     0.0000e+00  0.0000e+00 
4.2240e+02     0.0000e+00  0.0000e+00     0.0000e+00  0.0000e+00     0.0000e+00  0.0000e+00     0.0000e+00  0.0000e+00 
4.7394e+02     0.0000e+00  0.0000e+00     0.0000e+00  0.0000e+00     0.0000e+00  0.0000e+00     0.0000e+00  0.0000e+00 
5.3176e+02     0.0000e+00  0.0000e+00     0.0000e+00  0.0000e+00     0.0000e+00  0.0000e+00     0.0000e+00  0.0000e+00 
5.9665e+02     0.0000e+00  0.0000e+00     0.0000e+00  0.0000e+00     0.0000e+00  0.0000e+00     0.0000e+00  0.0000e+00 
6.6945e+02     0.0000e+00  0.0000e+00     0.0000e+00  0.0000e+00     0.0000e+00  0.0000e+00     0.0000e+00  0.0000e+00 
7.5114e+02     0.0000e+00  0.0000e+00     0.0000e+00  0.0000e+00     0.0000e+00  0.0000e+00     0.0000e+00  0.0000e+00 
8.4279e+02     0.0000e+00  0.0000e+00     0.0000e+00  0.0000e+00     0.0000e+00  0.0000e+00     0.0000e+00  0.0000e+00 
9.4563e+02     0.0000e+00  0.0000e+00     0.0000e+00  0.0000e+00     0.0000e+00  0.0000e+00     0.0000e+00  0.0000e+00 
1.0610e+03     0.0000e+00  0.0000e+00     0.0000e+00  0.0000e+00     0.0000e+00  0.0000e+00     0.0000e+00  0.0000e+00 
1.1905e+03     0.0000e+00  0.0000e+00     0.0000e+00  0.0000e+00     0.0000e+00  0.0000e+00     0.0000e+00  0.0000e+00 
1.3357e+03     0.0000e+00  0.0000e+00     0.0000e+00  0.0000e+00     0.0000e+00  0.0000e+00     0.0000e+00  0.0000e+00 
1.4987e+03     0.0000e+00  0.0000e+00     0.0000e+00  0.0000e+00     0.0000e+00  0.0000e+00     0.0000e+00  0.0000e+00 
1.6816e+03     0.0000e+00  0.0000e+00     0.0000e+00  0.0000e+00     0.0000e+00  0.0000e+00     0.0000e+00  0.0000e+00 
1.8868e+03     0.0000e+00  0.0000e+00     0.0000e+00  0.0000e+00     0.0000e+00  0.0000e+00     0.0000e+00  0.0000e+00 
2.1170e+03     0.0000e+00  0.0000e+00     0.0000e+00  0.0000e+00     0.0000e+00  0.0000e+00     0.0000e+00  0.0000e+00 
2.3753e+03     0.0000e+00  0.0000e+00     0.0000e+00  0.0000e+00     0.0000e+00  0.0000e+00     0.0000e+00  0.0000e+00 
2.6651e+03     0.0000e+00  0.0000e+00     0.0000e+00  0.0000e+00     0.0000e+00  0.0000e+00     0.0000e+00  0.0000e+00 
2.9903e+03     0.0000e+00  0.0000e+00     0.0000e+00  0.0000e+00     0.0000e+00  0.0000e+00     0.0000e+00  0.0000e+00 
3.3552e+03     0.0000e+00  0.0000e+00     0.0000e+00  0.0000e+00     0.0000e+00  0.0000e+00     0.0000e+00  0.0000e+00 
3.7646e+03     0.0000e+00  0.0000e+00     0.0000e+00  0.0000e+00     0.0000e+00  0.0000e+00     0.0000e+00  0.0000e+00 
4.2240e+03     0.0000e+00  0.0000e+00     0.0000e+00  0.0000e+00     0.0000e+00  0.0000e+00     0.0000e+00  0.0000e+00 
4.7394e+03     0.0000e+00  0.0000e+00     0.0000e+00  0.0000e+00     0.0000e+00  0.0000e+00     0.0000e+00  0.0000e+00 
5.3176e+03     0.0000e+00  0.0000e+00     0.0000e+00  0.0000e+00     0.0000e+00  0.0000e+00     0.0000e+00  0.0000e+00 
5.9665e+03     0.0000e+00  0.0000e+00     0.0000e+00  0.0000e+00     0.0000e+00  0.0000e+00     0.0000e+00  0.0000e+00 
6.6945e+03     0.0000e+00  0.0000e+00     0.0000e+00  0.0000e+00     0.0000e+00  0.0000e+00     0.0000e+00  0.0000e+00 
7.5114e+03     0.0000e+00  0.0000e+00     0.0000e+00  0.0000e+00     0.0000e+00  0.0000e+00     0.0000e+00  0.0000e+00 
8.4279e+03     0.0000e+00  0.0000e+00     0.0000e+00  0.0000e+00     0.0000e+00  0.0000e+00     0.0000e+00  0.0000e+00 
9.4563e+03     0.0000e+00  0.0000e+00     0.0000e+00  0.0000e+00     0.0000e+00  0.0000e+00     0.0000e+00  0.0000e+00 
