yF = 1.0827e+02 (std: 0.0000e+00) keV/um
yD = 1.2465e+02 (std: 0.0000e+00) keV/um
y (keV/um)     f(y)(std)                  yf(y)(std)                 d(y)(std)                  yd(y)(std)  
1.0610e-01     3.0323e-03  0.0000e+00     3.2173e-04  0.0000e+00     2.9717e-06  0.0000e+00     3.1530e-07  0.0000e+00 
1.1905e-01     7.3043e-04  0.0000e+00     8.6955e-05  0.0000e+00     8.0315e-07  0.0000e+00     9.5613e-08  0.0000e+00 
1.3357e-01     5.2079e-04  0.0000e+00     6.9564e-05  0.0000e+00     6.4252e-07  0.0000e+00     8.5824e-08  0.0000e+00 
1.4987e-01     4.0614e-04  0.0000e+00     6.0869e-05  0.0000e+00     5.6221e-07  0.0000e+00     8.4259e-08  0.0000e+00 
1.6816e-01     3.6197e-04  0.0000e+00     6.0869e-05  0.0000e+00     5.6221e-07  0.0000e+00     9.4540e-08  0.0000e+00 
1.8868e-01     5.0695e-04  0.0000e+00     9.5651e-05  0.0000e+00     8.8347e-07  0.0000e+00     1.6669e-07  0.0000e+00 
2.1170e-01     2.8752e-04  0.0000e+00     6.0869e-05  0.0000e+00     5.6221e-07  0.0000e+00     1.1902e-07  0.0000e+00 
2.3753e-01     5.8573e-04  0.0000e+00     1.3913e-04  0.0000e+00     1.2850e-06  0.0000e+00     3.0524e-07  0.0000e+00 
2.6651e-01     1.3051e-04  0.0000e+00     3.4782e-05  0.0000e+00     3.2126e-07  0.0000e+00     8.5621e-08  0.0000e+00 
2.9903e-01     1.7447e-04  0.0000e+00     5.2173e-05  0.0000e+00     4.8189e-07  0.0000e+00     1.4410e-07  0.0000e+00 
3.3552e-01     3.1100e-04  0.0000e+00     1.0435e-04  0.0000e+00     9.6378e-07  0.0000e+00     3.2337e-07  0.0000e+00 
3.7646e-01     2.5408e-04  0.0000e+00     9.5651e-05  0.0000e+00     8.8347e-07  0.0000e+00     3.3259e-07  0.0000e+00 
4.2240e-01     1.8528e-04  0.0000e+00     7.8260e-05  0.0000e+00     7.2284e-07  0.0000e+00     3.0532e-07  0.0000e+00 
4.7394e-01     2.3852e-04  0.0000e+00     1.1304e-04  0.0000e+00     1.0441e-06  0.0000e+00     4.9484e-07  0.0000e+00 
5.3176e-01     2.2893e-04  0.0000e+00     1.2174e-04  0.0000e+00     1.1244e-06  0.0000e+00     5.9792e-07  0.0000e+00 
5.9665e-01     1.7489e-04  0.0000e+00     1.0435e-04  0.0000e+00     9.6378e-07  0.0000e+00     5.7504e-07  0.0000e+00 
6.6945e-01     1.6886e-04  0.0000e+00     1.1304e-04  0.0000e+00     1.0441e-06  0.0000e+00     6.9897e-07  0.0000e+00 
7.5114e-01     1.1576e-04  0.0000e+00     8.6955e-05  0.0000e+00     8.0315e-07  0.0000e+00     6.0328e-07  0.0000e+00 
8.4279e-01     9.2858e-05  0.0000e+00     7.8260e-05  0.0000e+00     7.2284e-07  0.0000e+00     6.0920e-07  0.0000e+00 
9.4563e-01     1.4713e-04  0.0000e+00     1.3913e-04  0.0000e+00     1.2850e-06  0.0000e+00     1.2152e-06  0.0000e+00 
1.0610e+00     7.3760e-05  0.0000e+00     7.8260e-05  0.0000e+00     7.2284e-07  0.0000e+00     7.6694e-07  0.0000e+00 
1.1905e+00     5.1130e-05  0.0000e+00     6.0869e-05  0.0000e+00     5.6221e-07  0.0000e+00     6.6929e-07  0.0000e+00 
1.3357e+00     3.2550e-05  0.0000e+00     4.3478e-05  0.0000e+00     4.0158e-07  0.0000e+00     5.3640e-07  0.0000e+00 
1.4987e+00     2.9010e-05  0.0000e+00     4.3478e-05  0.0000e+00     4.0158e-07  0.0000e+00     6.0185e-07  0.0000e+00 
1.6816e+00     2.0684e-05  0.0000e+00     3.4782e-05  0.0000e+00     3.2126e-07  0.0000e+00     5.4023e-07  0.0000e+00 
1.8868e+00     4.6087e-06  0.0000e+00     8.6955e-06  0.0000e+00     8.0315e-08  0.0000e+00     1.5154e-07  0.0000e+00 
2.1170e+00     0.0000e+00  0.0000e+00     0.0000e+00  0.0000e+00     0.0000e+00  0.0000e+00     0.0000e+00  0.0000e+00 
2.3753e+00     0.0000e+00  0.0000e+00     0.0000e+00  0.0000e+00     0.0000e+00  0.0000e+00     0.0000e+00  0.0000e+00 
2.6651e+00     3.2627e-06  0.0000e+00     8.6955e-06  0.0000e+00     8.0315e-08  0.0000e+00     2.1405e-07  0.0000e+00 
2.9903e+00     0.0000e+00  0.0000e+00     0.0000e+00  0.0000e+00     0.0000e+00  0.0000e+00     0.0000e+00  0.0000e+00 
3.3552e+00     0.0000e+00  0.0000e+00     0.0000e+00  0.0000e+00     0.0000e+00  0.0000e+00     0.0000e+00  0.0000e+00 
3.7646e+00     0.0000e+00  0.0000e+00     0.0000e+00  0.0000e+00     0.0000e+00  0.0000e+00     0.0000e+00  0.0000e+00 
4.2240e+00     0.0000e+00  0.0000e+00     0.0000e+00  0.0000e+00     0.0000e+00  0.0000e+00     0.0000e+00  0.0000e+00 
4.7394e+00     0.0000e+00  0.0000e+00     0.0000e+00  0.0000e+00     0.0000e+00  0.0000e+00     0.0000e+00  0.0000e+00 
5.3176e+00     0.0000e+00  0.0000e+00     0.0000e+00  0.0000e+00     0.0000e+00  0.0000e+00     0.0000e+00  0.0000e+00 
5.9665e+00     2.0404e-05  0.0000e+00     1.2174e-04  0.0000e+00     1.1244e-06  0.0000e+00     6.7088e-06  0.0000e+00 
6.6945e+00     3.1174e-05  0.0000e+00     2.0869e-04  0.0000e+00     1.9276e-06  0.0000e+00     1.2904e-05  0.0000e+00 
7.5114e+00     1.8522e-05  0.0000e+00     1.3913e-04  0.0000e+00     1.2850e-06  0.0000e+00     9.6525e-06  0.0000e+00 
8.4279e+00     2.8786e-04  0.0000e+00     2.4261e-03  0.0000e+00     2.2408e-05  0.0000e+00     1.8885e-04  0.0000e+00 
9.4563e+00     2.5012e-04  0.0000e+00     2.3652e-03  0.0000e+00     2.1846e-05  0.0000e+00     2.0658e-04  0.0000e+00 
1.0610e+01     2.9750e-04  0.0000e+00     3.1565e-03  0.0000e+00     2.9154e-05  0.0000e+00     3.0933e-04  0.0000e+00 
1.1905e+01     1.8918e-04  0.0000e+00     2.2521e-03  0.0000e+00     2.0802e-05  0.0000e+00     2.4764e-04  0.0000e+00 
1.3357e+01     1.9920e-04  0.0000e+00     2.6608e-03  0.0000e+00     2.4577e-05  0.0000e+00     3.2828e-04  0.0000e+00 
1.4987e+01     1.4911e-04  0.0000e+00     2.2347e-03  0.0000e+00     2.0641e-05  0.0000e+00     3.0935e-04  0.0000e+00 
1.6816e+01     3.3353e-04  0.0000e+00     5.6086e-03  0.0000e+00     5.1803e-05  0.0000e+00     8.7112e-04  0.0000e+00 
1.8868e+01     5.9083e-04  0.0000e+00     1.1148e-02  0.0000e+00     1.0296e-04  0.0000e+00     1.9427e-03  0.0000e+00 
2.1170e+01     7.2251e-04  0.0000e+00     1.5295e-02  0.0000e+00     1.4127e-04  0.0000e+00     2.9908e-03  0.0000e+00 
2.3753e+01     6.9226e-04  0.0000e+00     1.6443e-02  0.0000e+00     1.5188e-04  0.0000e+00     3.6075e-03  0.0000e+00 
2.6651e+01     9.4977e-04  0.0000e+00     2.5313e-02  0.0000e+00     2.3380e-04  0.0000e+00     6.2310e-03  0.0000e+00 
2.9903e+01     1.3894e-03  0.0000e+00     4.1547e-02  0.0000e+00     3.8375e-04  0.0000e+00     1.1475e-02  0.0000e+00 
3.3552e+01     1.6690e-03  0.0000e+00     5.5999e-02  0.0000e+00     5.1723e-04  0.0000e+00     1.7354e-02  0.0000e+00 
3.7646e+01     2.2091e-03  0.0000e+00     8.3164e-02  0.0000e+00     7.6814e-04  0.0000e+00     2.8917e-02  0.0000e+00 
4.2240e+01     2.9498e-03  0.0000e+00     1.2460e-01  0.0000e+00     1.1508e-03  0.0000e+00     4.8611e-02  0.0000e+00 
4.7394e+01     3.7420e-03  0.0000e+00     1.7735e-01  0.0000e+00     1.6380e-03  0.0000e+00     7.7632e-02  0.0000e+00 
5.3176e+01     4.7816e-03  0.0000e+00     2.5427e-01  0.0000e+00     2.3485e-03  0.0000e+00     1.2488e-01  0.0000e+00 
5.9665e+01     5.9026e-03  0.0000e+00     3.5218e-01  0.0000e+00     3.2529e-03  0.0000e+00     1.9408e-01  0.0000e+00 
6.6945e+01     7.1427e-03  0.0000e+00     4.7817e-01  0.0000e+00     4.4165e-03  0.0000e+00     2.9567e-01  0.0000e+00 
7.5114e+01     8.2775e-03  0.0000e+00     6.2176e-01  0.0000e+00     5.7428e-03  0.0000e+00     4.3136e-01  0.0000e+00 
8.4279e+01     9.2316e-03  0.0000e+00     7.7803e-01  0.0000e+00     7.1862e-03  0.0000e+00     6.0565e-01  0.0000e+00 
9.4563e+01     9.6834e-03  0.0000e+00     9.1569e-01  0.0000e+00     8.4577e-03  0.0000e+00     7.9978e-01  0.0000e+00 
1.0610e+02     9.5254e-03  0.0000e+00     1.0107e+00  0.0000e+00     9.3348e-03  0.0000e+00     9.9043e-01  0.0000e+00 
1.1905e+02     8.5550e-03  0.0000e+00     1.0184e+00  0.0000e+00     9.4068e-03  0.0000e+00     1.1199e+00  0.0000e+00 
1.3357e+02     6.9059e-03  0.0000e+00     9.2245e-01  0.0000e+00     8.5201e-03  0.0000e+00     1.1381e+00  0.0000e+00 
1.4987e+02     4.9169e-03  0.0000e+00     7.3690e-01  0.0000e+00     6.8063e-03  0.0000e+00     1.0201e+00  0.0000e+00 
1.6816e+02     3.0502e-03  0.0000e+00     5.1291e-01  0.0000e+00     4.7375e-03  0.0000e+00     7.9665e-01  0.0000e+00 
1.8868e+02     1.5823e-03  0.0000e+00     2.9855e-01  0.0000e+00     2.7575e-03  0.0000e+00     5.2029e-01  0.0000e+00 
2.1170e+02     6.8599e-04  0.0000e+00     1.4522e-01  0.0000e+00     1.3413e-03  0.0000e+00     2.8396e-01  0.0000e+00 
2.3753e+02     2.3385e-04  0.0000e+00     5.5547e-02  0.0000e+00     5.1305e-04  0.0000e+00     1.2187e-01  0.0000e+00 
2.6651e+02     6.1241e-05  0.0000e+00     1.6322e-02  0.0000e+00     1.5075e-04  0.0000e+00     4.0177e-02  0.0000e+00 
2.9903e+02     1.1486e-05  0.0000e+00     3.4347e-03  0.0000e+00     3.1725e-05  0.0000e+00     9.4867e-03  0.0000e+00 
3.3552e+02     1.7623e-06  0.0000e+00     5.9130e-04  0.0000e+00     5.4614e-06  0.0000e+00     1.8324e-03  0.0000e+00 
3.7646e+02     9.2392e-08  0.0000e+00     3.4782e-05  0.0000e+00     3.2126e-07  0.0000e+00     1.2094e-04  0.0000e+00 
4.2240e+02     0.0000e+00  0.0000e+00     0.0000e+00  0.0000e+00     0.0000e+00  0.0000e+00     0.0000e+00  0.0000e+00 
4.7394e+02     0.0000e+00  0.0000e+00     0.0000e+00  0.0000e+00     0.0000e+00  0.0000e+00     0.0000e+00  0.0000e+00 
5.3176e+02     0.0000e+00  0.0000e+00     0.0000e+00  0.0000e+00     0.0000e+00  0.0000e+00     0.0000e+00  0.0000e+00 
5.9665e+02     0.0000e+00  0.0000e+00     0.0000e+00  0.0000e+00     0.0000e+00  0.0000e+00     0.0000e+00  0.0000e+00 
6.6945e+02     0.0000e+00  0.0000e+00     0.0000e+00  0.0000e+00     0.0000e+00  0.0000e+00     0.0000e+00  0.0000e+00 
7.5114e+02     0.0000e+00  0.0000e+00     0.0000e+00  0.0000e+00     0.0000e+00  0.0000e+00     0.0000e+00  0.0000e+00 
8.4279e+02     0.0000e+00  0.0000e+00     0.0000e+00  0.0000e+00     0.0000e+00  0.0000e+00     0.0000e+00  0.0000e+00 
9.4563e+02     0.0000e+00  0.0000e+00     0.0000e+00  0.0000e+00     0.0000e+00  0.0000e+00     0.0000e+00  0.0000e+00 
1.0610e+03     0.0000e+00  0.0000e+00     0.0000e+00  0.0000e+00     0.0000e+00  0.0000e+00     0.0000e+00  0.0000e+00 
1.1905e+03     0.0000e+00  0.0000e+00     0.0000e+00  0.0000e+00     0.0000e+00  0.0000e+00     0.0000e+00  0.0000e+00 
1.3357e+03     0.0000e+00  0.0000e+00     0.0000e+00  0.0000e+00     0.0000e+00  0.0000e+00     0.0000e+00  0.0000e+00 
1.4987e+03     0.0000e+00  0.0000e+00     0.0000e+00  0.0000e+00     0.0000e+00  0.0000e+00     0.0000e+00  0.0000e+00 
1.6816e+03     0.0000e+00  0.0000e+00     0.0000e+00  0.0000e+00     0.0000e+00  0.0000e+00     0.0000e+00  0.0000e+00 
1.8868e+03     0.0000e+00  0.0000e+00     0.0000e+00  0.0000e+00     0.0000e+00  0.0000e+00     0.0000e+00  0.0000e+00 
2.1170e+03     0.0000e+00  0.0000e+00     0.0000e+00  0.0000e+00     0.0000e+00  0.0000e+00     0.0000e+00  0.0000e+00 
2.3753e+03     0.0000e+00  0.0000e+00     0.0000e+00  0.0000e+00     0.0000e+00  0.0000e+00     0.0000e+00  0.0000e+00 
2.6651e+03     0.0000e+00  0.0000e+00     0.0000e+00  0.0000e+00     0.0000e+00  0.0000e+00     0.0000e+00  0.0000e+00 
2.9903e+03     0.0000e+00  0.0000e+00     0.0000e+00  0.0000e+00     0.0000e+00  0.0000e+00     0.0000e+00  0.0000e+00 
3.3552e+03     0.0000e+00  0.0000e+00     0.0000e+00  0.0000e+00     0.0000e+00  0.0000e+00     0.0000e+00  0.0000e+00 
3.7646e+03     0.0000e+00  0.0000e+00     0.0000e+00  0.0000e+00     0.0000e+00  0.0000e+00     0.0000e+00  0.0000e+00 
4.2240e+03     0.0000e+00  0.0000e+00     0.0000e+00  0.0000e+00     0.0000e+00  0.0000e+00     0.0000e+00  0.0000e+00 
4.7394e+03     0.0000e+00  0.0000e+00     0.0000e+00  0.0000e+00     0.0000e+00  0.0000e+00     0.0000e+00  0.0000e+00 
5.3176e+03     0.0000e+00  0.0000e+00     0.0000e+00  0.0000e+00     0.0000e+00  0.0000e+00     0.0000e+00  0.0000e+00 
5.9665e+03     0.0000e+00  0.0000e+00     0.0000e+00  0.0000e+00     0.0000e+00  0.0000e+00     0.0000e+00  0.0000e+00 
6.6945e+03     0.0000e+00  0.0000e+00     0.0000e+00  0.0000e+00     0.0000e+00  0.0000e+00     0.0000e+00  0.0000e+00 
7.5114e+03     0.0000e+00  0.0000e+00     0.0000e+00  0.0000e+00     0.0000e+00  0.0000e+00     0.0000e+00  0.0000e+00 
8.4279e+03     0.0000e+00  0.0000e+00     0.0000e+00  0.0000e+00     0.0000e+00  0.0000e+00     0.0000e+00  0.0000e+00 
9.4563e+03     0.0000e+00  0.0000e+00     0.0000e+00  0.0000e+00     0.0000e+00  0.0000e+00     0.0000e+00  0.0000e+00 
