yF = 5.0309e+00 (std: 0.0000e+00) keV/um
yD = 2.4366e+01 (std: 0.0000e+00) keV/um
y (keV/um)     f(y)(std)                  yf(y)(std)                 d(y)(std)                  yd(y)(std)  
1.0610e-01     2.4571e+01  0.0000e+00     2.6070e+00  0.0000e+00     5.1819e-01  0.0000e+00     5.4980e-02  0.0000e+00 
1.1905e-01     1.9063e+00  0.0000e+00     2.2694e-01  0.0000e+00     4.5110e-02  0.0000e+00     5.3702e-03  0.0000e+00 
1.3357e-01     6.1264e-01  0.0000e+00     8.1832e-02  0.0000e+00     1.6266e-02  0.0000e+00     2.1727e-03  0.0000e+00 
1.4987e-01     2.7848e+00  0.0000e+00     4.1736e-01  0.0000e+00     8.2959e-02  0.0000e+00     1.2433e-02  0.0000e+00 
1.6816e-01     8.9801e-01  0.0000e+00     1.5101e-01  0.0000e+00     3.0016e-02  0.0000e+00     5.0474e-03  0.0000e+00 
1.8868e-01     6.0903e-01  0.0000e+00     1.1491e-01  0.0000e+00     2.2841e-02  0.0000e+00     4.3095e-03  0.0000e+00 
2.1170e-01     6.0870e-01  0.0000e+00     1.2886e-01  0.0000e+00     2.5614e-02  0.0000e+00     5.4224e-03  0.0000e+00 
2.3753e-01     5.5340e-01  0.0000e+00     1.3145e-01  0.0000e+00     2.6128e-02  0.0000e+00     6.2062e-03  0.0000e+00 
2.6651e-01     2.9949e-01  0.0000e+00     7.9819e-02  0.0000e+00     1.5866e-02  0.0000e+00     4.2284e-03  0.0000e+00 
2.9903e-01     2.2508e-01  0.0000e+00     6.7306e-02  0.0000e+00     1.3379e-02  0.0000e+00     4.0006e-03  0.0000e+00 
3.3552e-01     1.3241e+00  0.0000e+00     4.4425e-01  0.0000e+00     8.8304e-02  0.0000e+00     2.9628e-02  0.0000e+00 
3.7646e-01     8.9776e-01  0.0000e+00     3.3797e-01  0.0000e+00     6.7179e-02  0.0000e+00     2.5290e-02  0.0000e+00 
4.2240e-01     4.0006e-01  0.0000e+00     1.6899e-01  0.0000e+00     3.3589e-02  0.0000e+00     1.4188e-02  0.0000e+00 
4.7394e-01     3.9237e-01  0.0000e+00     1.8596e-01  0.0000e+00     3.6963e-02  0.0000e+00     1.7518e-02  0.0000e+00 
5.3176e-01     2.5071e-01  0.0000e+00     1.3332e-01  0.0000e+00     2.6500e-02  0.0000e+00     1.4092e-02  0.0000e+00 
5.9665e-01     1.3378e-01  0.0000e+00     7.9819e-02  0.0000e+00     1.5866e-02  0.0000e+00     9.4662e-03  0.0000e+00 
6.6945e-01     2.1118e-01  0.0000e+00     1.4137e-01  0.0000e+00     2.8101e-02  0.0000e+00     1.8812e-02  0.0000e+00 
7.5114e-01     1.7653e-01  0.0000e+00     1.3260e-01  0.0000e+00     2.6357e-02  0.0000e+00     1.9798e-02  0.0000e+00 
8.4279e-01     8.4469e-02  0.0000e+00     7.1190e-02  0.0000e+00     1.4150e-02  0.0000e+00     1.1926e-02  0.0000e+00 
9.4563e-01     5.2774e-02  0.0000e+00     4.9905e-02  0.0000e+00     9.9196e-03  0.0000e+00     9.3802e-03  0.0000e+00 
1.0610e+00     4.2426e-02  0.0000e+00     4.5015e-02  0.0000e+00     8.9476e-03  0.0000e+00     9.4935e-03  0.0000e+00 
1.1905e+00     2.4403e-02  0.0000e+00     2.9051e-02  0.0000e+00     5.7745e-03  0.0000e+00     6.8744e-03  0.0000e+00 
1.3357e+00     1.1413e-02  0.0000e+00     1.5245e-02  0.0000e+00     3.0302e-03  0.0000e+00     4.0475e-03  0.0000e+00 
1.4987e+00     4.2223e-03  0.0000e+00     6.3280e-03  0.0000e+00     1.2578e-03  0.0000e+00     1.8851e-03  0.0000e+00 
1.6816e+00     2.0526e-03  0.0000e+00     3.4516e-03  0.0000e+00     6.8608e-04  0.0000e+00     1.1537e-03  0.0000e+00 
1.8868e+00     1.2196e-03  0.0000e+00     2.3011e-03  0.0000e+00     4.5739e-04  0.0000e+00     8.6298e-04  0.0000e+00 
2.1170e+00     1.0190e-03  0.0000e+00     2.1573e-03  0.0000e+00     4.2880e-04  0.0000e+00     9.0777e-04  0.0000e+00 
2.3753e+00     1.2109e-04  0.0000e+00     2.8763e-04  0.0000e+00     5.7173e-05  0.0000e+00     1.3580e-04  0.0000e+00 
2.6651e+00     0.0000e+00  0.0000e+00     0.0000e+00  0.0000e+00     0.0000e+00  0.0000e+00     0.0000e+00  0.0000e+00 
2.9903e+00     0.0000e+00  0.0000e+00     0.0000e+00  0.0000e+00     0.0000e+00  0.0000e+00     0.0000e+00  0.0000e+00 
3.3552e+00     0.0000e+00  0.0000e+00     0.0000e+00  0.0000e+00     0.0000e+00  0.0000e+00     0.0000e+00  0.0000e+00 
3.7646e+00     0.0000e+00  0.0000e+00     0.0000e+00  0.0000e+00     0.0000e+00  0.0000e+00     0.0000e+00  0.0000e+00 
4.2240e+00     0.0000e+00  0.0000e+00     0.0000e+00  0.0000e+00     0.0000e+00  0.0000e+00     0.0000e+00  0.0000e+00 
4.7394e+00     0.0000e+00  0.0000e+00     0.0000e+00  0.0000e+00     0.0000e+00  0.0000e+00     0.0000e+00  0.0000e+00 
5.3176e+00     0.0000e+00  0.0000e+00     0.0000e+00  0.0000e+00     0.0000e+00  0.0000e+00     0.0000e+00  0.0000e+00 
5.9665e+00     1.0936e-01  0.0000e+00     6.5250e-01  0.0000e+00     1.2970e-01  0.0000e+00     7.7384e-01  0.0000e+00 
6.6945e+00     2.1891e-02  0.0000e+00     1.4655e-01  0.0000e+00     2.9130e-02  0.0000e+00     1.9501e-01  0.0000e+00 
7.5114e+00     5.5717e-03  0.0000e+00     4.1851e-02  0.0000e+00     8.3187e-03  0.0000e+00     6.2485e-02  0.0000e+00 
8.4279e+00     2.8839e-02  0.0000e+00     2.4305e-01  0.0000e+00     4.8311e-02  0.0000e+00     4.0716e-01  0.0000e+00 
9.4563e+00     1.6547e-02  0.0000e+00     1.5647e-01  0.0000e+00     3.1102e-02  0.0000e+00     2.9411e-01  0.0000e+00 
1.0610e+01     2.7692e-02  0.0000e+00     2.9382e-01  0.0000e+00     5.8403e-02  0.0000e+00     6.1966e-01  0.0000e+00 
1.1905e+01     1.8278e-02  0.0000e+00     2.1760e-01  0.0000e+00     4.3252e-02  0.0000e+00     5.1490e-01  0.0000e+00 
1.3357e+01     1.4277e-02  0.0000e+00     1.9070e-01  0.0000e+00     3.7906e-02  0.0000e+00     5.0632e-01  0.0000e+00 
1.4987e+01     8.3677e-03  0.0000e+00     1.2541e-01  0.0000e+00     2.4928e-02  0.0000e+00     3.7359e-01  0.0000e+00 
1.6816e+01     5.3453e-03  0.0000e+00     8.9886e-02  0.0000e+00     1.7867e-02  0.0000e+00     3.0044e-01  0.0000e+00 
1.8868e+01     4.9774e-03  0.0000e+00     9.3913e-02  0.0000e+00     1.8667e-02  0.0000e+00     3.5221e-01  0.0000e+00 
2.1170e+01     4.7894e-03  0.0000e+00     1.0139e-01  0.0000e+00     2.0154e-02  0.0000e+00     4.2665e-01  0.0000e+00 
2.3753e+01     4.1232e-03  0.0000e+00     9.7940e-02  0.0000e+00     1.9468e-02  0.0000e+00     4.6241e-01  0.0000e+00 
2.6651e+01     2.7575e-03  0.0000e+00     7.3491e-02  0.0000e+00     1.4608e-02  0.0000e+00     3.8932e-01  0.0000e+00 
2.9903e+01     2.0729e-03  0.0000e+00     6.1985e-02  0.0000e+00     1.2321e-02  0.0000e+00     3.6843e-01  0.0000e+00 
3.3552e+01     1.7488e-03  0.0000e+00     5.8677e-02  0.0000e+00     1.1663e-02  0.0000e+00     3.9133e-01  0.0000e+00 
3.7646e+01     1.3027e-03  0.0000e+00     4.9042e-02  0.0000e+00     9.7481e-03  0.0000e+00     3.6698e-01  0.0000e+00 
4.2240e+01     9.1930e-04  0.0000e+00     3.8831e-02  0.0000e+00     7.7184e-03  0.0000e+00     3.2602e-01  0.0000e+00 
4.7394e+01     7.6470e-04  0.0000e+00     3.6242e-02  0.0000e+00     7.2038e-03  0.0000e+00     3.4142e-01  0.0000e+00 
5.3176e+01     4.2191e-04  0.0000e+00     2.2435e-02  0.0000e+00     4.4595e-03  0.0000e+00     2.3714e-01  0.0000e+00 
5.9665e+01     2.8443e-04  0.0000e+00     1.6970e-02  0.0000e+00     3.3732e-03  0.0000e+00     2.0126e-01  0.0000e+00 
6.6945e+01     1.7616e-04  0.0000e+00     1.1793e-02  0.0000e+00     2.3441e-03  0.0000e+00     1.5693e-01  0.0000e+00 
7.5114e+01     1.2062e-04  0.0000e+00     9.0605e-03  0.0000e+00     1.8010e-03  0.0000e+00     1.3528e-01  0.0000e+00 
8.4279e+01     5.6313e-05  0.0000e+00     4.7460e-03  0.0000e+00     9.4336e-04  0.0000e+00     7.9505e-02  0.0000e+00 
9.4563e+01     3.3459e-05  0.0000e+00     3.1640e-03  0.0000e+00     6.2891e-04  0.0000e+00     5.9471e-02  0.0000e+00 
1.0610e+02     1.0844e-05  0.0000e+00     1.1505e-03  0.0000e+00     2.2869e-04  0.0000e+00     2.4265e-02  0.0000e+00 
1.1905e+02     2.4161e-06  0.0000e+00     2.8763e-04  0.0000e+00     5.7173e-05  0.0000e+00     6.8063e-03  0.0000e+00 
1.3357e+02     6.4602e-06  0.0000e+00     8.6290e-04  0.0000e+00     1.7152e-04  0.0000e+00     2.2910e-02  0.0000e+00 
1.4987e+02     0.0000e+00  0.0000e+00     0.0000e+00  0.0000e+00     0.0000e+00  0.0000e+00     0.0000e+00  0.0000e+00 
1.6816e+02     0.0000e+00  0.0000e+00     0.0000e+00  0.0000e+00     0.0000e+00  0.0000e+00     0.0000e+00  0.0000e+00 
1.8868e+02     0.0000e+00  0.0000e+00     0.0000e+00  0.0000e+00     0.0000e+00  0.0000e+00     0.0000e+00  0.0000e+00 
2.1170e+02     0.0000e+00  0.0000e+00     0.0000e+00  0.0000e+00     0.0000e+00  0.0000e+00     0.0000e+00  0.0000e+00 
2.3753e+02     0.0000e+00  0.0000e+00     0.0000e+00  0.0000e+00     0.0000e+00  0.0000e+00     0.0000e+00  0.0000e+00 
2.6651e+02     0.0000e+00  0.0000e+00     0.0000e+00  0.0000e+00     0.0000e+00  0.0000e+00     0.0000e+00  0.0000e+00 
2.9903e+02     0.0000e+00  0.0000e+00     0.0000e+00  0.0000e+00     0.0000e+00  0.0000e+00     0.0000e+00  0.0000e+00 
3.3552e+02     0.0000e+00  0.0000e+00     0.0000e+00  0.0000e+00     0.0000e+00  0.0000e+00     0.0000e+00  0.0000e+00 
3.7646e+02     0.0000e+00  0.0000e+00     0.0000e+00  0.0000e+00     0.0000e+00  0.0000e+00     0.0000e+00  0.0000e+00 
4.2240e+02     0.0000e+00  0.0000e+00     0.0000e+00  0.0000e+00     0.0000e+00  0.0000e+00     0.0000e+00  0.0000e+00 
4.7394e+02     0.0000e+00  0.0000e+00     0.0000e+00  0.0000e+00     0.0000e+00  0.0000e+00     0.0000e+00  0.0000e+00 
5.3176e+02     0.0000e+00  0.0000e+00     0.0000e+00  0.0000e+00     0.0000e+00  0.0000e+00     0.0000e+00  0.0000e+00 
5.9665e+02     0.0000e+00  0.0000e+00     0.0000e+00  0.0000e+00     0.0000e+00  0.0000e+00     0.0000e+00  0.0000e+00 
6.6945e+02     0.0000e+00  0.0000e+00     0.0000e+00  0.0000e+00     0.0000e+00  0.0000e+00     0.0000e+00  0.0000e+00 
7.5114e+02     0.0000e+00  0.0000e+00     0.0000e+00  0.0000e+00     0.0000e+00  0.0000e+00     0.0000e+00  0.0000e+00 
8.4279e+02     0.0000e+00  0.0000e+00     0.0000e+00  0.0000e+00     0.0000e+00  0.0000e+00     0.0000e+00  0.0000e+00 
9.4563e+02     0.0000e+00  0.0000e+00     0.0000e+00  0.0000e+00     0.0000e+00  0.0000e+00     0.0000e+00  0.0000e+00 
1.0610e+03     0.0000e+00  0.0000e+00     0.0000e+00  0.0000e+00     0.0000e+00  0.0000e+00     0.0000e+00  0.0000e+00 
1.1905e+03     0.0000e+00  0.0000e+00     0.0000e+00  0.0000e+00     0.0000e+00  0.0000e+00     0.0000e+00  0.0000e+00 
1.3357e+03     0.0000e+00  0.0000e+00     0.0000e+00  0.0000e+00     0.0000e+00  0.0000e+00     0.0000e+00  0.0000e+00 
1.4987e+03     0.0000e+00  0.0000e+00     0.0000e+00  0.0000e+00     0.0000e+00  0.0000e+00     0.0000e+00  0.0000e+00 
1.6816e+03     0.0000e+00  0.0000e+00     0.0000e+00  0.0000e+00     0.0000e+00  0.0000e+00     0.0000e+00  0.0000e+00 
1.8868e+03     0.0000e+00  0.0000e+00     0.0000e+00  0.0000e+00     0.0000e+00  0.0000e+00     0.0000e+00  0.0000e+00 
2.1170e+03     0.0000e+00  0.0000e+00     0.0000e+00  0.0000e+00     0.0000e+00  0.0000e+00     0.0000e+00  0.0000e+00 
2.3753e+03     0.0000e+00  0.0000e+00     0.0000e+00  0.0000e+00     0.0000e+00  0.0000e+00     0.0000e+00  0.0000e+00 
2.6651e+03     0.0000e+00  0.0000e+00     0.0000e+00  0.0000e+00     0.0000e+00  0.0000e+00     0.0000e+00  0.0000e+00 
2.9903e+03     0.0000e+00  0.0000e+00     0.0000e+00  0.0000e+00     0.0000e+00  0.0000e+00     0.0000e+00  0.0000e+00 
3.3552e+03     0.0000e+00  0.0000e+00     0.0000e+00  0.0000e+00     0.0000e+00  0.0000e+00     0.0000e+00  0.0000e+00 
3.7646e+03     0.0000e+00  0.0000e+00     0.0000e+00  0.0000e+00     0.0000e+00  0.0000e+00     0.0000e+00  0.0000e+00 
4.2240e+03     0.0000e+00  0.0000e+00     0.0000e+00  0.0000e+00     0.0000e+00  0.0000e+00     0.0000e+00  0.0000e+00 
4.7394e+03     0.0000e+00  0.0000e+00     0.0000e+00  0.0000e+00     0.0000e+00  0.0000e+00     0.0000e+00  0.0000e+00 
5.3176e+03     0.0000e+00  0.0000e+00     0.0000e+00  0.0000e+00     0.0000e+00  0.0000e+00     0.0000e+00  0.0000e+00 
5.9665e+03     0.0000e+00  0.0000e+00     0.0000e+00  0.0000e+00     0.0000e+00  0.0000e+00     0.0000e+00  0.0000e+00 
6.6945e+03     0.0000e+00  0.0000e+00     0.0000e+00  0.0000e+00     0.0000e+00  0.0000e+00     0.0000e+00  0.0000e+00 
7.5114e+03     0.0000e+00  0.0000e+00     0.0000e+00  0.0000e+00     0.0000e+00  0.0000e+00     0.0000e+00  0.0000e+00 
8.4279e+03     0.0000e+00  0.0000e+00     0.0000e+00  0.0000e+00     0.0000e+00  0.0000e+00     0.0000e+00  0.0000e+00 
9.4563e+03     0.0000e+00  0.0000e+00     0.0000e+00  0.0000e+00     0.0000e+00  0.0000e+00     0.0000e+00  0.0000e+00 
