yF = 4.5913e+00 (std: 0.0000e+00) keV/um
yD = 2.3158e+01 (std: 0.0000e+00) keV/um
y (keV/um)     f(y)(std)                  yf(y)(std)                 d(y)(std)                  yd(y)(std)  
1.0610e-01     2.6361e+01  0.0000e+00     2.7970e+00  0.0000e+00     6.0919e-01  0.0000e+00     6.4635e-02  0.0000e+00 
1.1905e-01     1.9762e+00  0.0000e+00     2.3526e-01  0.0000e+00     5.1240e-02  0.0000e+00     6.1000e-03  0.0000e+00 
1.3357e-01     5.7111e-01  0.0000e+00     7.6286e-02  0.0000e+00     1.6615e-02  0.0000e+00     2.2194e-03  0.0000e+00 
1.4987e-01     2.7728e+00  0.0000e+00     4.1557e-01  0.0000e+00     9.0513e-02  0.0000e+00     1.3565e-02  0.0000e+00 
1.6816e-01     8.5496e-01  0.0000e+00     1.4377e-01  0.0000e+00     3.1313e-02  0.0000e+00     5.2656e-03  0.0000e+00 
1.8868e-01     6.0365e-01  0.0000e+00     1.1389e-01  0.0000e+00     2.4807e-02  0.0000e+00     4.6805e-03  0.0000e+00 
2.1170e-01     6.7408e-01  0.0000e+00     1.4270e-01  0.0000e+00     3.1081e-02  0.0000e+00     6.5798e-03  0.0000e+00 
2.3753e-01     5.9516e-01  0.0000e+00     1.4137e-01  0.0000e+00     3.0791e-02  0.0000e+00     7.3137e-03  0.0000e+00 
2.6651e-01     2.9925e-01  0.0000e+00     7.9753e-02  0.0000e+00     1.7371e-02  0.0000e+00     4.6295e-03  0.0000e+00 
2.9903e-01     2.2478e-01  0.0000e+00     6.7217e-02  0.0000e+00     1.4640e-02  0.0000e+00     4.3779e-03  0.0000e+00 
3.3552e-01     1.3411e+00  0.0000e+00     4.4998e-01  0.0000e+00     9.8007e-02  0.0000e+00     3.2883e-02  0.0000e+00 
3.7646e-01     8.9274e-01  0.0000e+00     3.3608e-01  0.0000e+00     7.3200e-02  0.0000e+00     2.7557e-02  0.0000e+00 
4.2240e-01     3.9657e-01  0.0000e+00     1.6751e-01  0.0000e+00     3.6484e-02  0.0000e+00     1.5411e-02  0.0000e+00 
4.7394e-01     4.0803e-01  0.0000e+00     1.9338e-01  0.0000e+00     4.2119e-02  0.0000e+00     1.9962e-02  0.0000e+00 
5.3176e-01     2.5431e-01  0.0000e+00     1.3523e-01  0.0000e+00     2.9454e-02  0.0000e+00     1.5663e-02  0.0000e+00 
5.9665e-01     1.2383e-01  0.0000e+00     7.3885e-02  0.0000e+00     1.6092e-02  0.0000e+00     9.6015e-03  0.0000e+00 
6.6945e-01     2.2153e-01  0.0000e+00     1.4830e-01  0.0000e+00     3.2301e-02  0.0000e+00     2.1624e-02  0.0000e+00 
7.5114e-01     1.6264e-01  0.0000e+00     1.2216e-01  0.0000e+00     2.6608e-02  0.0000e+00     1.9986e-02  0.0000e+00 
8.4279e-01     8.7984e-02  0.0000e+00     7.4152e-02  0.0000e+00     1.6151e-02  0.0000e+00     1.3611e-02  0.0000e+00 
9.4563e-01     5.3311e-02  0.0000e+00     5.0412e-02  0.0000e+00     1.0980e-02  0.0000e+00     1.0383e-02  0.0000e+00 
1.0610e+00     3.9218e-02  0.0000e+00     4.1610e-02  0.0000e+00     9.0629e-03  0.0000e+00     9.6158e-03  0.0000e+00 
1.1905e+00     2.1958e-02  0.0000e+00     2.6140e-02  0.0000e+00     5.6933e-03  0.0000e+00     6.7778e-03  0.0000e+00 
1.3357e+00     1.0184e-02  0.0000e+00     1.3603e-02  0.0000e+00     2.9629e-03  0.0000e+00     3.9576e-03  0.0000e+00 
1.4987e+00     3.3815e-03  0.0000e+00     5.0679e-03  0.0000e+00     1.1038e-03  0.0000e+00     1.6543e-03  0.0000e+00 
1.6816e+00     2.8552e-03  0.0000e+00     4.8012e-03  0.0000e+00     1.0457e-03  0.0000e+00     1.7585e-03  0.0000e+00 
1.8868e+00     1.1310e-03  0.0000e+00     2.1339e-03  0.0000e+00     4.6476e-04  0.0000e+00     8.7690e-04  0.0000e+00 
2.1170e+00     1.2600e-04  0.0000e+00     2.6673e-04  0.0000e+00     5.8095e-05  0.0000e+00     1.2299e-04  0.0000e+00 
2.3753e+00     2.2459e-04  0.0000e+00     5.3347e-04  0.0000e+00     1.1619e-04  0.0000e+00     2.7599e-04  0.0000e+00 
2.6651e+00     0.0000e+00  0.0000e+00     0.0000e+00  0.0000e+00     0.0000e+00  0.0000e+00     0.0000e+00  0.0000e+00 
2.9903e+00     0.0000e+00  0.0000e+00     0.0000e+00  0.0000e+00     0.0000e+00  0.0000e+00     0.0000e+00  0.0000e+00 
3.3552e+00     0.0000e+00  0.0000e+00     0.0000e+00  0.0000e+00     0.0000e+00  0.0000e+00     0.0000e+00  0.0000e+00 
3.7646e+00     0.0000e+00  0.0000e+00     0.0000e+00  0.0000e+00     0.0000e+00  0.0000e+00     0.0000e+00  0.0000e+00 
4.2240e+00     0.0000e+00  0.0000e+00     0.0000e+00  0.0000e+00     0.0000e+00  0.0000e+00     0.0000e+00  0.0000e+00 
4.7394e+00     0.0000e+00  0.0000e+00     0.0000e+00  0.0000e+00     0.0000e+00  0.0000e+00     0.0000e+00  0.0000e+00 
5.3176e+00     0.0000e+00  0.0000e+00     0.0000e+00  0.0000e+00     0.0000e+00  0.0000e+00     0.0000e+00  0.0000e+00 
5.9665e+00     1.0184e-01  0.0000e+00     6.0762e-01  0.0000e+00     1.3234e-01  0.0000e+00     7.8961e-01  0.0000e+00 
6.6945e+00     2.0240e-02  0.0000e+00     1.3550e-01  0.0000e+00     2.9512e-02  0.0000e+00     1.9757e-01  0.0000e+00 
7.5114e+00     5.2556e-03  0.0000e+00     3.9476e-02  0.0000e+00     8.5981e-03  0.0000e+00     6.4584e-02  0.0000e+00 
8.4279e+00     2.4654e-02  0.0000e+00     2.0778e-01  0.0000e+00     4.5256e-02  0.0000e+00     3.8142e-01  0.0000e+00 
9.4563e+00     1.7263e-02  0.0000e+00     1.6324e-01  0.0000e+00     3.5554e-02  0.0000e+00     3.3621e-01  0.0000e+00 
1.0610e+01     2.6371e-02  0.0000e+00     2.7980e-01  0.0000e+00     6.0942e-02  0.0000e+00     6.4660e-01  0.0000e+00 
1.1905e+01     1.7454e-02  0.0000e+00     2.0778e-01  0.0000e+00     4.5256e-02  0.0000e+00     5.3876e-01  0.0000e+00 
1.3357e+01     1.3998e-02  0.0000e+00     1.8698e-01  0.0000e+00     4.0725e-02  0.0000e+00     5.4397e-01  0.0000e+00 
1.4987e+01     8.4894e-03  0.0000e+00     1.2723e-01  0.0000e+00     2.7711e-02  0.0000e+00     4.1532e-01  0.0000e+00 
1.6816e+01     5.0282e-03  0.0000e+00     8.4554e-02  0.0000e+00     1.8416e-02  0.0000e+00     3.0968e-01  0.0000e+00 
1.8868e+01     4.7359e-03  0.0000e+00     8.9355e-02  0.0000e+00     1.9462e-02  0.0000e+00     3.6720e-01  0.0000e+00 
2.1170e+01     3.8807e-03  0.0000e+00     8.2154e-02  0.0000e+00     1.7893e-02  0.0000e+00     3.7880e-01  0.0000e+00 
2.3753e+01     3.4474e-03  0.0000e+00     8.1887e-02  0.0000e+00     1.7835e-02  0.0000e+00     4.2364e-01  0.0000e+00 
2.6651e+01     2.2719e-03  0.0000e+00     6.0548e-02  0.0000e+00     1.3188e-02  0.0000e+00     3.5147e-01  0.0000e+00 
2.9903e+01     1.8464e-03  0.0000e+00     5.5214e-02  0.0000e+00     1.2026e-02  0.0000e+00     3.5961e-01  0.0000e+00 
3.3552e+01     1.7410e-03  0.0000e+00     5.8414e-02  0.0000e+00     1.2723e-02  0.0000e+00     4.2688e-01  0.0000e+00 
3.7646e+01     1.0699e-03  0.0000e+00     4.0277e-02  0.0000e+00     8.7724e-03  0.0000e+00     3.3025e-01  0.0000e+00 
4.2240e+01     9.5353e-04  0.0000e+00     4.0277e-02  0.0000e+00     8.7724e-03  0.0000e+00     3.7054e-01  0.0000e+00 
4.7394e+01     6.3597e-04  0.0000e+00     3.0141e-02  0.0000e+00     6.5648e-03  0.0000e+00     3.1113e-01  0.0000e+00 
5.3176e+01     3.7118e-04  0.0000e+00     1.9738e-02  0.0000e+00     4.2991e-03  0.0000e+00     2.2861e-01  0.0000e+00 
5.9665e+01     2.4588e-04  0.0000e+00     1.4670e-02  0.0000e+00     3.1952e-03  0.0000e+00     1.9064e-01  0.0000e+00 
6.6945e+01     1.8726e-04  0.0000e+00     1.2536e-02  0.0000e+00     2.7305e-03  0.0000e+00     1.8279e-01  0.0000e+00 
7.5114e+01     9.2327e-05  0.0000e+00     6.9350e-03  0.0000e+00     1.5105e-03  0.0000e+00     1.1346e-01  0.0000e+00 
8.4279e+01     3.7979e-05  0.0000e+00     3.2008e-03  0.0000e+00     6.9714e-04  0.0000e+00     5.8755e-02  0.0000e+00 
9.4563e+01     1.6924e-05  0.0000e+00     1.6004e-03  0.0000e+00     3.4857e-04  0.0000e+00     3.2962e-02  0.0000e+00 
1.0610e+02     2.5140e-06  0.0000e+00     2.6673e-04  0.0000e+00     5.8095e-05  0.0000e+00     6.1640e-03  0.0000e+00 
1.1905e+02     0.0000e+00  0.0000e+00     0.0000e+00  0.0000e+00     0.0000e+00  0.0000e+00     0.0000e+00  0.0000e+00 
1.3357e+02     1.9969e-06  0.0000e+00     2.6673e-04  0.0000e+00     5.8095e-05  0.0000e+00     7.7600e-03  0.0000e+00 
1.4987e+02     0.0000e+00  0.0000e+00     0.0000e+00  0.0000e+00     0.0000e+00  0.0000e+00     0.0000e+00  0.0000e+00 
1.6816e+02     0.0000e+00  0.0000e+00     0.0000e+00  0.0000e+00     0.0000e+00  0.0000e+00     0.0000e+00  0.0000e+00 
1.8868e+02     0.0000e+00  0.0000e+00     0.0000e+00  0.0000e+00     0.0000e+00  0.0000e+00     0.0000e+00  0.0000e+00 
2.1170e+02     0.0000e+00  0.0000e+00     0.0000e+00  0.0000e+00     0.0000e+00  0.0000e+00     0.0000e+00  0.0000e+00 
2.3753e+02     0.0000e+00  0.0000e+00     0.0000e+00  0.0000e+00     0.0000e+00  0.0000e+00     0.0000e+00  0.0000e+00 
2.6651e+02     0.0000e+00  0.0000e+00     0.0000e+00  0.0000e+00     0.0000e+00  0.0000e+00     0.0000e+00  0.0000e+00 
2.9903e+02     0.0000e+00  0.0000e+00     0.0000e+00  0.0000e+00     0.0000e+00  0.0000e+00     0.0000e+00  0.0000e+00 
3.3552e+02     0.0000e+00  0.0000e+00     0.0000e+00  0.0000e+00     0.0000e+00  0.0000e+00     0.0000e+00  0.0000e+00 
3.7646e+02     0.0000e+00  0.0000e+00     0.0000e+00  0.0000e+00     0.0000e+00  0.0000e+00     0.0000e+00  0.0000e+00 
4.2240e+02     0.0000e+00  0.0000e+00     0.0000e+00  0.0000e+00     0.0000e+00  0.0000e+00     0.0000e+00  0.0000e+00 
4.7394e+02     0.0000e+00  0.0000e+00     0.0000e+00  0.0000e+00     0.0000e+00  0.0000e+00     0.0000e+00  0.0000e+00 
5.3176e+02     0.0000e+00  0.0000e+00     0.0000e+00  0.0000e+00     0.0000e+00  0.0000e+00     0.0000e+00  0.0000e+00 
5.9665e+02     0.0000e+00  0.0000e+00     0.0000e+00  0.0000e+00     0.0000e+00  0.0000e+00     0.0000e+00  0.0000e+00 
6.6945e+02     0.0000e+00  0.0000e+00     0.0000e+00  0.0000e+00     0.0000e+00  0.0000e+00     0.0000e+00  0.0000e+00 
7.5114e+02     0.0000e+00  0.0000e+00     0.0000e+00  0.0000e+00     0.0000e+00  0.0000e+00     0.0000e+00  0.0000e+00 
8.4279e+02     0.0000e+00  0.0000e+00     0.0000e+00  0.0000e+00     0.0000e+00  0.0000e+00     0.0000e+00  0.0000e+00 
9.4563e+02     0.0000e+00  0.0000e+00     0.0000e+00  0.0000e+00     0.0000e+00  0.0000e+00     0.0000e+00  0.0000e+00 
1.0610e+03     0.0000e+00  0.0000e+00     0.0000e+00  0.0000e+00     0.0000e+00  0.0000e+00     0.0000e+00  0.0000e+00 
1.1905e+03     0.0000e+00  0.0000e+00     0.0000e+00  0.0000e+00     0.0000e+00  0.0000e+00     0.0000e+00  0.0000e+00 
1.3357e+03     0.0000e+00  0.0000e+00     0.0000e+00  0.0000e+00     0.0000e+00  0.0000e+00     0.0000e+00  0.0000e+00 
1.4987e+03     0.0000e+00  0.0000e+00     0.0000e+00  0.0000e+00     0.0000e+00  0.0000e+00     0.0000e+00  0.0000e+00 
1.6816e+03     0.0000e+00  0.0000e+00     0.0000e+00  0.0000e+00     0.0000e+00  0.0000e+00     0.0000e+00  0.0000e+00 
1.8868e+03     0.0000e+00  0.0000e+00     0.0000e+00  0.0000e+00     0.0000e+00  0.0000e+00     0.0000e+00  0.0000e+00 
2.1170e+03     0.0000e+00  0.0000e+00     0.0000e+00  0.0000e+00     0.0000e+00  0.0000e+00     0.0000e+00  0.0000e+00 
2.3753e+03     0.0000e+00  0.0000e+00     0.0000e+00  0.0000e+00     0.0000e+00  0.0000e+00     0.0000e+00  0.0000e+00 
2.6651e+03     0.0000e+00  0.0000e+00     0.0000e+00  0.0000e+00     0.0000e+00  0.0000e+00     0.0000e+00  0.0000e+00 
2.9903e+03     0.0000e+00  0.0000e+00     0.0000e+00  0.0000e+00     0.0000e+00  0.0000e+00     0.0000e+00  0.0000e+00 
3.3552e+03     0.0000e+00  0.0000e+00     0.0000e+00  0.0000e+00     0.0000e+00  0.0000e+00     0.0000e+00  0.0000e+00 
3.7646e+03     0.0000e+00  0.0000e+00     0.0000e+00  0.0000e+00     0.0000e+00  0.0000e+00     0.0000e+00  0.0000e+00 
4.2240e+03     0.0000e+00  0.0000e+00     0.0000e+00  0.0000e+00     0.0000e+00  0.0000e+00     0.0000e+00  0.0000e+00 
4.7394e+03     0.0000e+00  0.0000e+00     0.0000e+00  0.0000e+00     0.0000e+00  0.0000e+00     0.0000e+00  0.0000e+00 
5.3176e+03     0.0000e+00  0.0000e+00     0.0000e+00  0.0000e+00     0.0000e+00  0.0000e+00     0.0000e+00  0.0000e+00 
5.9665e+03     0.0000e+00  0.0000e+00     0.0000e+00  0.0000e+00     0.0000e+00  0.0000e+00     0.0000e+00  0.0000e+00 
6.6945e+03     0.0000e+00  0.0000e+00     0.0000e+00  0.0000e+00     0.0000e+00  0.0000e+00     0.0000e+00  0.0000e+00 
7.5114e+03     0.0000e+00  0.0000e+00     0.0000e+00  0.0000e+00     0.0000e+00  0.0000e+00     0.0000e+00  0.0000e+00 
8.4279e+03     0.0000e+00  0.0000e+00     0.0000e+00  0.0000e+00     0.0000e+00  0.0000e+00     0.0000e+00  0.0000e+00 
9.4563e+03     0.0000e+00  0.0000e+00     0.0000e+00  0.0000e+00     0.0000e+00  0.0000e+00     0.0000e+00  0.0000e+00 
