yF = 3.7036e+00 (std: 0.0000e+00) keV/um
yD = 1.8908e+01 (std: 0.0000e+00) keV/um
y (keV/um)     f(y)(std)                  yf(y)(std)                 d(y)(std)                  yd(y)(std)  
1.0610e-01     2.7213e+01  0.0000e+00     2.8874e+00  0.0000e+00     7.7960e-01  0.0000e+00     8.2717e-02  0.0000e+00 
1.1905e-01     1.9094e+00  0.0000e+00     2.2731e-01  0.0000e+00     6.1375e-02  0.0000e+00     7.3066e-03  0.0000e+00 
1.3357e-01     5.7276e-01  0.0000e+00     7.6505e-02  0.0000e+00     2.0657e-02  0.0000e+00     2.7592e-03  0.0000e+00 
1.4987e-01     3.0880e+00  0.0000e+00     4.6281e-01  0.0000e+00     1.2496e-01  0.0000e+00     1.8728e-02  0.0000e+00 
1.6816e-01     9.2490e-01  0.0000e+00     1.5553e-01  0.0000e+00     4.1994e-02  0.0000e+00     7.0616e-03  0.0000e+00 
1.8868e-01     5.3230e-01  0.0000e+00     1.0043e-01  0.0000e+00     2.7117e-02  0.0000e+00     5.1164e-03  0.0000e+00 
2.1170e-01     7.3021e-01  0.0000e+00     1.5458e-01  0.0000e+00     4.1739e-02  0.0000e+00     8.8360e-03  0.0000e+00 
2.3753e-01     6.1104e-01  0.0000e+00     1.4514e-01  0.0000e+00     3.9188e-02  0.0000e+00     9.3085e-03  0.0000e+00 
2.6651e-01     2.5989e-01  0.0000e+00     6.9264e-02  0.0000e+00     1.8702e-02  0.0000e+00     4.9842e-03  0.0000e+00 
2.9903e-01     2.2742e-01  0.0000e+00     6.8005e-02  0.0000e+00     1.8362e-02  0.0000e+00     5.4907e-03  0.0000e+00 
3.3552e-01     1.5032e+00  0.0000e+00     5.0437e-01  0.0000e+00     1.3618e-01  0.0000e+00     4.5692e-02  0.0000e+00 
3.7646e-01     1.0111e+00  0.0000e+00     3.8064e-01  0.0000e+00     1.0277e-01  0.0000e+00     3.8690e-02  0.0000e+00 
4.2240e-01     4.0399e-01  0.0000e+00     1.7064e-01  0.0000e+00     4.6074e-02  0.0000e+00     1.9461e-02  0.0000e+00 
4.7394e-01     3.6603e-01  0.0000e+00     1.7348e-01  0.0000e+00     4.6839e-02  0.0000e+00     2.2199e-02  0.0000e+00 
5.3176e-01     2.4926e-01  0.0000e+00     1.3255e-01  0.0000e+00     3.5788e-02  0.0000e+00     1.9031e-02  0.0000e+00 
5.9665e-01     1.2137e-01  0.0000e+00     7.2412e-02  0.0000e+00     1.9552e-02  0.0000e+00     1.1666e-02  0.0000e+00 
6.6945e-01     2.0881e-01  0.0000e+00     1.3979e-01  0.0000e+00     3.7743e-02  0.0000e+00     2.5267e-02  0.0000e+00 
7.5114e-01     1.8442e-01  0.0000e+00     1.3853e-01  0.0000e+00     3.7403e-02  0.0000e+00     2.8095e-02  0.0000e+00 
8.4279e-01     8.7041e-02  0.0000e+00     7.3357e-02  0.0000e+00     1.9807e-02  0.0000e+00     1.6693e-02  0.0000e+00 
9.4563e-01     5.1273e-02  0.0000e+00     4.8485e-02  0.0000e+00     1.3091e-02  0.0000e+00     1.2379e-02  0.0000e+00 
1.0610e+00     3.6795e-02  0.0000e+00     3.9040e-02  0.0000e+00     1.0541e-02  0.0000e+00     1.1184e-02  0.0000e+00 
1.1905e+00     1.7984e-02  0.0000e+00     2.1409e-02  0.0000e+00     5.7805e-03  0.0000e+00     6.8815e-03  0.0000e+00 
1.3357e+00     1.1314e-02  0.0000e+00     1.5112e-02  0.0000e+00     4.0804e-03  0.0000e+00     5.4503e-03  0.0000e+00 
1.4987e+00     5.4619e-03  0.0000e+00     8.1858e-03  0.0000e+00     2.2102e-03  0.0000e+00     3.3125e-03  0.0000e+00 
1.6816e+00     2.6212e-03  0.0000e+00     4.4077e-03  0.0000e+00     1.1901e-03  0.0000e+00     2.0013e-03  0.0000e+00 
1.8868e+00     8.3433e-04  0.0000e+00     1.5742e-03  0.0000e+00     4.2504e-04  0.0000e+00     8.0195e-04  0.0000e+00 
2.1170e+00     1.4872e-04  0.0000e+00     3.1484e-04  0.0000e+00     8.5008e-05  0.0000e+00     1.7996e-04  0.0000e+00 
2.3753e+00     1.3255e-04  0.0000e+00     3.1484e-04  0.0000e+00     8.5008e-05  0.0000e+00     2.0192e-04  0.0000e+00 
2.6651e+00     0.0000e+00  0.0000e+00     0.0000e+00  0.0000e+00     0.0000e+00  0.0000e+00     0.0000e+00  0.0000e+00 
2.9903e+00     0.0000e+00  0.0000e+00     0.0000e+00  0.0000e+00     0.0000e+00  0.0000e+00     0.0000e+00  0.0000e+00 
3.3552e+00     0.0000e+00  0.0000e+00     0.0000e+00  0.0000e+00     0.0000e+00  0.0000e+00     0.0000e+00  0.0000e+00 
3.7646e+00     0.0000e+00  0.0000e+00     0.0000e+00  0.0000e+00     0.0000e+00  0.0000e+00     0.0000e+00  0.0000e+00 
4.2240e+00     0.0000e+00  0.0000e+00     0.0000e+00  0.0000e+00     0.0000e+00  0.0000e+00     0.0000e+00  0.0000e+00 
4.7394e+00     0.0000e+00  0.0000e+00     0.0000e+00  0.0000e+00     0.0000e+00  0.0000e+00     0.0000e+00  0.0000e+00 
5.3176e+00     0.0000e+00  0.0000e+00     0.0000e+00  0.0000e+00     0.0000e+00  0.0000e+00     0.0000e+00  0.0000e+00 
5.9665e+00     1.1361e-01  0.0000e+00     6.7784e-01  0.0000e+00     1.8302e-01  0.0000e+00     1.0920e+00  0.0000e+00 
6.6945e+00     2.0411e-02  0.0000e+00     1.3664e-01  0.0000e+00     3.6893e-02  0.0000e+00     2.4698e-01  0.0000e+00 
7.5114e+00     5.6585e-03  0.0000e+00     4.2503e-02  0.0000e+00     1.1476e-02  0.0000e+00     8.6201e-02  0.0000e+00 
8.4279e+00     2.3497e-02  0.0000e+00     1.9803e-01  0.0000e+00     5.3470e-02  0.0000e+00     4.5064e-01  0.0000e+00 
9.4563e+00     1.7712e-02  0.0000e+00     1.6749e-01  0.0000e+00     4.5224e-02  0.0000e+00     4.2765e-01  0.0000e+00 
1.0610e+01     2.2967e-02  0.0000e+00     2.4368e-01  0.0000e+00     6.5796e-02  0.0000e+00     6.9810e-01  0.0000e+00 
1.1905e+01     1.6106e-02  0.0000e+00     1.9174e-01  0.0000e+00     5.1770e-02  0.0000e+00     6.1630e-01  0.0000e+00 
1.3357e+01     1.3034e-02  0.0000e+00     1.7410e-01  0.0000e+00     4.7009e-02  0.0000e+00     6.2792e-01  0.0000e+00 
1.4987e+01     7.6886e-03  0.0000e+00     1.1523e-01  0.0000e+00     3.1113e-02  0.0000e+00     4.6629e-01  0.0000e+00 
1.6816e+01     4.6432e-03  0.0000e+00     7.8080e-02  0.0000e+00     2.1082e-02  0.0000e+00     3.5451e-01  0.0000e+00 
1.8868e+01     3.3707e-03  0.0000e+00     6.3597e-02  0.0000e+00     1.7172e-02  0.0000e+00     3.2399e-01  0.0000e+00 
2.1170e+01     3.0041e-03  0.0000e+00     6.3597e-02  0.0000e+00     1.7172e-02  0.0000e+00     3.6352e-01  0.0000e+00 
2.3753e+01     2.8762e-03  0.0000e+00     6.8320e-02  0.0000e+00     1.8447e-02  0.0000e+00     4.3816e-01  0.0000e+00 
2.6651e+01     1.6420e-03  0.0000e+00     4.3762e-02  0.0000e+00     1.1816e-02  0.0000e+00     3.1491e-01  0.0000e+00 
2.9903e+01     1.0107e-03  0.0000e+00     3.0224e-02  0.0000e+00     8.1607e-03  0.0000e+00     2.4403e-01  0.0000e+00 
3.3552e+01     1.1636e-03  0.0000e+00     3.9040e-02  0.0000e+00     1.0541e-02  0.0000e+00     3.5367e-01  0.0000e+00 
3.7646e+01     7.5268e-04  0.0000e+00     2.8335e-02  0.0000e+00     7.6507e-03  0.0000e+00     2.8802e-01  0.0000e+00 
4.2240e+01     4.0249e-04  0.0000e+00     1.7001e-02  0.0000e+00     4.5904e-03  0.0000e+00     1.9390e-01  0.0000e+00 
4.7394e+01     3.6537e-04  0.0000e+00     1.7316e-02  0.0000e+00     4.6754e-03  0.0000e+00     2.2158e-01  0.0000e+00 
5.3176e+01     1.4802e-04  0.0000e+00     7.8709e-03  0.0000e+00     2.1252e-03  0.0000e+00     1.1301e-01  0.0000e+00 
5.9665e+01     1.6886e-04  0.0000e+00     1.0075e-02  0.0000e+00     2.7202e-03  0.0000e+00     1.6230e-01  0.0000e+00 
6.6945e+01     7.0544e-05  0.0000e+00     4.7226e-03  0.0000e+00     1.2751e-03  0.0000e+00     8.5363e-02  0.0000e+00 
7.5114e+01     3.3532e-05  0.0000e+00     2.5187e-03  0.0000e+00     6.8006e-04  0.0000e+00     5.1082e-02  0.0000e+00 
8.4279e+01     1.8678e-05  0.0000e+00     1.5742e-03  0.0000e+00     4.2504e-04  0.0000e+00     3.5822e-02  0.0000e+00 
9.4563e+01     0.0000e+00  0.0000e+00     0.0000e+00  0.0000e+00     0.0000e+00  0.0000e+00     0.0000e+00  0.0000e+00 
1.0610e+02     5.9347e-06  0.0000e+00     6.2967e-04  0.0000e+00     1.7002e-04  0.0000e+00     1.8039e-02  0.0000e+00 
1.1905e+02     0.0000e+00  0.0000e+00     0.0000e+00  0.0000e+00     0.0000e+00  0.0000e+00     0.0000e+00  0.0000e+00 
1.3357e+02     0.0000e+00  0.0000e+00     0.0000e+00  0.0000e+00     0.0000e+00  0.0000e+00     0.0000e+00  0.0000e+00 
1.4987e+02     0.0000e+00  0.0000e+00     0.0000e+00  0.0000e+00     0.0000e+00  0.0000e+00     0.0000e+00  0.0000e+00 
1.6816e+02     0.0000e+00  0.0000e+00     0.0000e+00  0.0000e+00     0.0000e+00  0.0000e+00     0.0000e+00  0.0000e+00 
1.8868e+02     0.0000e+00  0.0000e+00     0.0000e+00  0.0000e+00     0.0000e+00  0.0000e+00     0.0000e+00  0.0000e+00 
2.1170e+02     0.0000e+00  0.0000e+00     0.0000e+00  0.0000e+00     0.0000e+00  0.0000e+00     0.0000e+00  0.0000e+00 
2.3753e+02     0.0000e+00  0.0000e+00     0.0000e+00  0.0000e+00     0.0000e+00  0.0000e+00     0.0000e+00  0.0000e+00 
2.6651e+02     0.0000e+00  0.0000e+00     0.0000e+00  0.0000e+00     0.0000e+00  0.0000e+00     0.0000e+00  0.0000e+00 
2.9903e+02     0.0000e+00  0.0000e+00     0.0000e+00  0.0000e+00     0.0000e+00  0.0000e+00     0.0000e+00  0.0000e+00 
3.3552e+02     0.0000e+00  0.0000e+00     0.0000e+00  0.0000e+00     0.0000e+00  0.0000e+00     0.0000e+00  0.0000e+00 
3.7646e+02     0.0000e+00  0.0000e+00     0.0000e+00  0.0000e+00     0.0000e+00  0.0000e+00     0.0000e+00  0.0000e+00 
4.2240e+02     0.0000e+00  0.0000e+00     0.0000e+00  0.0000e+00     0.0000e+00  0.0000e+00     0.0000e+00  0.0000e+00 
4.7394e+02     0.0000e+00  0.0000e+00     0.0000e+00  0.0000e+00     0.0000e+00  0.0000e+00     0.0000e+00  0.0000e+00 
5.3176e+02     0.0000e+00  0.0000e+00     0.0000e+00  0.0000e+00     0.0000e+00  0.0000e+00     0.0000e+00  0.0000e+00 
5.9665e+02     0.0000e+00  0.0000e+00     0.0000e+00  0.0000e+00     0.0000e+00  0.0000e+00     0.0000e+00  0.0000e+00 
6.6945e+02     0.0000e+00  0.0000e+00     0.0000e+00  0.0000e+00     0.0000e+00  0.0000e+00     0.0000e+00  0.0000e+00 
7.5114e+02     0.0000e+00  0.0000e+00     0.0000e+00  0.0000e+00     0.0000e+00  0.0000e+00     0.0000e+00  0.0000e+00 
8.4279e+02     0.0000e+00  0.0000e+00     0.0000e+00  0.0000e+00     0.0000e+00  0.0000e+00     0.0000e+00  0.0000e+00 
9.4563e+02     0.0000e+00  0.0000e+00     0.0000e+00  0.0000e+00     0.0000e+00  0.0000e+00     0.0000e+00  0.0000e+00 
1.0610e+03     0.0000e+00  0.0000e+00     0.0000e+00  0.0000e+00     0.0000e+00  0.0000e+00     0.0000e+00  0.0000e+00 
1.1905e+03     0.0000e+00  0.0000e+00     0.0000e+00  0.0000e+00     0.0000e+00  0.0000e+00     0.0000e+00  0.0000e+00 
1.3357e+03     0.0000e+00  0.0000e+00     0.0000e+00  0.0000e+00     0.0000e+00  0.0000e+00     0.0000e+00  0.0000e+00 
1.4987e+03     0.0000e+00  0.0000e+00     0.0000e+00  0.0000e+00     0.0000e+00  0.0000e+00     0.0000e+00  0.0000e+00 
1.6816e+03     0.0000e+00  0.0000e+00     0.0000e+00  0.0000e+00     0.0000e+00  0.0000e+00     0.0000e+00  0.0000e+00 
1.8868e+03     0.0000e+00  0.0000e+00     0.0000e+00  0.0000e+00     0.0000e+00  0.0000e+00     0.0000e+00  0.0000e+00 
2.1170e+03     0.0000e+00  0.0000e+00     0.0000e+00  0.0000e+00     0.0000e+00  0.0000e+00     0.0000e+00  0.0000e+00 
2.3753e+03     0.0000e+00  0.0000e+00     0.0000e+00  0.0000e+00     0.0000e+00  0.0000e+00     0.0000e+00  0.0000e+00 
2.6651e+03     0.0000e+00  0.0000e+00     0.0000e+00  0.0000e+00     0.0000e+00  0.0000e+00     0.0000e+00  0.0000e+00 
2.9903e+03     0.0000e+00  0.0000e+00     0.0000e+00  0.0000e+00     0.0000e+00  0.0000e+00     0.0000e+00  0.0000e+00 
3.3552e+03     0.0000e+00  0.0000e+00     0.0000e+00  0.0000e+00     0.0000e+00  0.0000e+00     0.0000e+00  0.0000e+00 
3.7646e+03     0.0000e+00  0.0000e+00     0.0000e+00  0.0000e+00     0.0000e+00  0.0000e+00     0.0000e+00  0.0000e+00 
4.2240e+03     0.0000e+00  0.0000e+00     0.0000e+00  0.0000e+00     0.0000e+00  0.0000e+00     0.0000e+00  0.0000e+00 
4.7394e+03     0.0000e+00  0.0000e+00     0.0000e+00  0.0000e+00     0.0000e+00  0.0000e+00     0.0000e+00  0.0000e+00 
5.3176e+03     0.0000e+00  0.0000e+00     0.0000e+00  0.0000e+00     0.0000e+00  0.0000e+00     0.0000e+00  0.0000e+00 
5.9665e+03     0.0000e+00  0.0000e+00     0.0000e+00  0.0000e+00     0.0000e+00  0.0000e+00     0.0000e+00  0.0000e+00 
6.6945e+03     0.0000e+00  0.0000e+00     0.0000e+00  0.0000e+00     0.0000e+00  0.0000e+00     0.0000e+00  0.0000e+00 
7.5114e+03     0.0000e+00  0.0000e+00     0.0000e+00  0.0000e+00     0.0000e+00  0.0000e+00     0.0000e+00  0.0000e+00 
8.4279e+03     0.0000e+00  0.0000e+00     0.0000e+00  0.0000e+00     0.0000e+00  0.0000e+00     0.0000e+00  0.0000e+00 
9.4563e+03     0.0000e+00  0.0000e+00     0.0000e+00  0.0000e+00     0.0000e+00  0.0000e+00     0.0000e+00  0.0000e+00 
