yF = 5.5240e+00 (std: 0.0000e+00) keV/um
yD = 2.4504e+01 (std: 0.0000e+00) keV/um
y (keV/um)     f(y)(std)                  yf(y)(std)                 d(y)(std)                  yd(y)(std)  
1.0610e-01     2.3813e+01  0.0000e+00     2.5266e+00  0.0000e+00     4.5738e-01  0.0000e+00     4.8529e-02  0.0000e+00 
1.1905e-01     1.4959e+00  0.0000e+00     1.7808e-01  0.0000e+00     3.2238e-02  0.0000e+00     3.8379e-03  0.0000e+00 
1.3357e-01     6.6661e-01  0.0000e+00     8.9042e-02  0.0000e+00     1.6119e-02  0.0000e+00     2.1531e-03  0.0000e+00 
1.4987e-01     2.5993e+00  0.0000e+00     3.8956e-01  0.0000e+00     7.0521e-02  0.0000e+00     1.0569e-02  0.0000e+00 
1.6816e-01     7.7772e-01  0.0000e+00     1.3078e-01  0.0000e+00     2.3675e-02  0.0000e+00     3.9812e-03  0.0000e+00 
1.8868e-01     6.1940e-01  0.0000e+00     1.1687e-01  0.0000e+00     2.1156e-02  0.0000e+00     3.9917e-03  0.0000e+00 
2.1170e-01     6.4405e-01  0.0000e+00     1.3635e-01  0.0000e+00     2.4682e-02  0.0000e+00     5.2253e-03  0.0000e+00 
2.3753e-01     5.6230e-01  0.0000e+00     1.3356e-01  0.0000e+00     2.4179e-02  0.0000e+00     5.7432e-03  0.0000e+00 
2.6651e-01     2.1925e-01  0.0000e+00     5.8434e-02  0.0000e+00     1.0578e-02  0.0000e+00     2.8192e-03  0.0000e+00 
2.9903e-01     2.2332e-01  0.0000e+00     6.6781e-02  0.0000e+00     1.2089e-02  0.0000e+00     3.6151e-03  0.0000e+00 
3.3552e-01     1.1942e+00  0.0000e+00     4.0069e-01  0.0000e+00     7.2536e-02  0.0000e+00     2.4337e-02  0.0000e+00 
3.7646e-01     8.2783e-01  0.0000e+00     3.1165e-01  0.0000e+00     5.6417e-02  0.0000e+00     2.1239e-02  0.0000e+00 
4.2240e-01     3.4255e-01  0.0000e+00     1.4469e-01  0.0000e+00     2.6194e-02  0.0000e+00     1.1064e-02  0.0000e+00 
4.7394e-01     4.2860e-01  0.0000e+00     2.0313e-01  0.0000e+00     3.6772e-02  0.0000e+00     1.7427e-02  0.0000e+00 
5.3176e-01     2.5640e-01  0.0000e+00     1.3635e-01  0.0000e+00     2.4682e-02  0.0000e+00     1.3125e-02  0.0000e+00 
5.9665e-01     1.4924e-01  0.0000e+00     8.9042e-02  0.0000e+00     1.6119e-02  0.0000e+00     9.6175e-03  0.0000e+00 
6.6945e-01     1.9951e-01  0.0000e+00     1.3356e-01  0.0000e+00     2.4179e-02  0.0000e+00     1.6187e-02  0.0000e+00 
7.5114e-01     1.7411e-01  0.0000e+00     1.3078e-01  0.0000e+00     2.3675e-02  0.0000e+00     1.7783e-02  0.0000e+00 
8.4279e-01     7.9238e-02  0.0000e+00     6.6781e-02  0.0000e+00     1.2089e-02  0.0000e+00     1.0189e-02  0.0000e+00 
9.4563e-01     4.7081e-02  0.0000e+00     4.4521e-02  0.0000e+00     8.0596e-03  0.0000e+00     7.6214e-03  0.0000e+00 
1.0610e+00     3.9338e-02  0.0000e+00     4.1738e-02  0.0000e+00     7.5559e-03  0.0000e+00     8.0168e-03  0.0000e+00 
1.1905e+00     1.4024e-02  0.0000e+00     1.6695e-02  0.0000e+00     3.0223e-03  0.0000e+00     3.5980e-03  0.0000e+00 
1.3357e+00     8.3327e-03  0.0000e+00     1.1130e-02  0.0000e+00     2.0149e-03  0.0000e+00     2.6914e-03  0.0000e+00 
1.4987e+00     0.0000e+00  0.0000e+00     0.0000e+00  0.0000e+00     0.0000e+00  0.0000e+00     0.0000e+00  0.0000e+00 
1.6816e+00     1.6547e-03  0.0000e+00     2.7826e-03  0.0000e+00     5.0372e-04  0.0000e+00     8.4706e-04  0.0000e+00 
1.8868e+00     1.4748e-03  0.0000e+00     2.7826e-03  0.0000e+00     5.0372e-04  0.0000e+00     9.5041e-04  0.0000e+00 
2.1170e+00     0.0000e+00  0.0000e+00     0.0000e+00  0.0000e+00     0.0000e+00  0.0000e+00     0.0000e+00  0.0000e+00 
2.3753e+00     0.0000e+00  0.0000e+00     0.0000e+00  0.0000e+00     0.0000e+00  0.0000e+00     0.0000e+00  0.0000e+00 
2.6651e+00     1.0441e-03  0.0000e+00     2.7826e-03  0.0000e+00     5.0372e-04  0.0000e+00     1.3425e-03  0.0000e+00 
2.9903e+00     0.0000e+00  0.0000e+00     0.0000e+00  0.0000e+00     0.0000e+00  0.0000e+00     0.0000e+00  0.0000e+00 
3.3552e+00     0.0000e+00  0.0000e+00     0.0000e+00  0.0000e+00     0.0000e+00  0.0000e+00     0.0000e+00  0.0000e+00 
3.7646e+00     0.0000e+00  0.0000e+00     0.0000e+00  0.0000e+00     0.0000e+00  0.0000e+00     0.0000e+00  0.0000e+00 
4.2240e+00     0.0000e+00  0.0000e+00     0.0000e+00  0.0000e+00     0.0000e+00  0.0000e+00     0.0000e+00  0.0000e+00 
4.7394e+00     0.0000e+00  0.0000e+00     0.0000e+00  0.0000e+00     0.0000e+00  0.0000e+00     0.0000e+00  0.0000e+00 
5.3176e+00     0.0000e+00  0.0000e+00     0.0000e+00  0.0000e+00     0.0000e+00  0.0000e+00     0.0000e+00  0.0000e+00 
5.9665e+00     1.0493e-01  0.0000e+00     6.2607e-01  0.0000e+00     1.1334e-01  0.0000e+00     6.7623e-01  0.0000e+00 
6.6945e+00     1.8288e-02  0.0000e+00     1.2243e-01  0.0000e+00     2.2164e-02  0.0000e+00     1.4838e-01  0.0000e+00 
7.5114e+00     7.0385e-03  0.0000e+00     5.2869e-02  0.0000e+00     9.5708e-03  0.0000e+00     7.1890e-02  0.0000e+00 
8.4279e+00     3.1035e-02  0.0000e+00     2.6156e-01  0.0000e+00     4.7350e-02  0.0000e+00     3.9906e-01  0.0000e+00 
9.4563e+00     1.3536e-02  0.0000e+00     1.2800e-01  0.0000e+00     2.3171e-02  0.0000e+00     2.1911e-01  0.0000e+00 
1.0610e+01     5.3762e-02  0.0000e+00     5.7042e-01  0.0000e+00     1.0326e-01  0.0000e+00     1.0956e+00  0.0000e+00 
1.1905e+01     1.8699e-02  0.0000e+00     2.2260e-01  0.0000e+00     4.0298e-02  0.0000e+00     4.7974e-01  0.0000e+00 
1.3357e+01     1.5832e-02  0.0000e+00     2.1147e-01  0.0000e+00     3.8283e-02  0.0000e+00     5.1136e-01  0.0000e+00 
1.4987e+01     8.5405e-03  0.0000e+00     1.2800e-01  0.0000e+00     2.3171e-02  0.0000e+00     3.4727e-01  0.0000e+00 
1.6816e+01     6.7844e-03  0.0000e+00     1.1408e-01  0.0000e+00     2.0653e-02  0.0000e+00     3.4729e-01  0.0000e+00 
1.8868e+01     4.7193e-03  0.0000e+00     8.9042e-02  0.0000e+00     1.6119e-02  0.0000e+00     3.0413e-01  0.0000e+00 
2.1170e+01     4.4689e-03  0.0000e+00     9.4607e-02  0.0000e+00     1.7127e-02  0.0000e+00     3.6257e-01  0.0000e+00 
2.3753e+01     4.4515e-03  0.0000e+00     1.0574e-01  0.0000e+00     1.9142e-02  0.0000e+00     4.5467e-01  0.0000e+00 
2.6651e+01     2.6101e-03  0.0000e+00     6.9564e-02  0.0000e+00     1.2593e-02  0.0000e+00     3.3562e-01  0.0000e+00 
2.9903e+01     2.0471e-03  0.0000e+00     6.1216e-02  0.0000e+00     1.1082e-02  0.0000e+00     3.3139e-01  0.0000e+00 
3.3552e+01     1.4928e-03  0.0000e+00     5.0086e-02  0.0000e+00     9.0670e-03  0.0000e+00     3.0422e-01  0.0000e+00 
3.7646e+01     1.7739e-03  0.0000e+00     6.6781e-02  0.0000e+00     1.2089e-02  0.0000e+00     4.5512e-01  0.0000e+00 
4.2240e+01     7.9051e-04  0.0000e+00     3.3391e-02  0.0000e+00     6.0447e-03  0.0000e+00     2.5533e-01  0.0000e+00 
4.7394e+01     7.0454e-04  0.0000e+00     3.3391e-02  0.0000e+00     6.0447e-03  0.0000e+00     2.8648e-01  0.0000e+00 
5.3176e+01     4.7094e-04  0.0000e+00     2.5043e-02  0.0000e+00     4.5335e-03  0.0000e+00     2.4108e-01  0.0000e+00 
5.9665e+01     4.1973e-04  0.0000e+00     2.5043e-02  0.0000e+00     4.5335e-03  0.0000e+00     2.7049e-01  0.0000e+00 
6.6945e+01     2.9095e-04  0.0000e+00     1.9478e-02  0.0000e+00     3.5261e-03  0.0000e+00     2.3605e-01  0.0000e+00 
7.5114e+01     1.4818e-04  0.0000e+00     1.1130e-02  0.0000e+00     2.0149e-03  0.0000e+00     1.5135e-01  0.0000e+00 
8.4279e+01     0.0000e+00  0.0000e+00     0.0000e+00  0.0000e+00     0.0000e+00  0.0000e+00     0.0000e+00  0.0000e+00 
9.4563e+01     2.9426e-05  0.0000e+00     2.7826e-03  0.0000e+00     5.0372e-04  0.0000e+00     4.7633e-02  0.0000e+00 
1.0610e+02     5.2451e-05  0.0000e+00     5.5651e-03  0.0000e+00     1.0074e-03  0.0000e+00     1.0689e-01  0.0000e+00 
1.1905e+02     0.0000e+00  0.0000e+00     0.0000e+00  0.0000e+00     0.0000e+00  0.0000e+00     0.0000e+00  0.0000e+00 
1.3357e+02     0.0000e+00  0.0000e+00     0.0000e+00  0.0000e+00     0.0000e+00  0.0000e+00     0.0000e+00  0.0000e+00 
1.4987e+02     0.0000e+00  0.0000e+00     0.0000e+00  0.0000e+00     0.0000e+00  0.0000e+00     0.0000e+00  0.0000e+00 
1.6816e+02     0.0000e+00  0.0000e+00     0.0000e+00  0.0000e+00     0.0000e+00  0.0000e+00     0.0000e+00  0.0000e+00 
1.8868e+02     0.0000e+00  0.0000e+00     0.0000e+00  0.0000e+00     0.0000e+00  0.0000e+00     0.0000e+00  0.0000e+00 
2.1170e+02     0.0000e+00  0.0000e+00     0.0000e+00  0.0000e+00     0.0000e+00  0.0000e+00     0.0000e+00  0.0000e+00 
2.3753e+02     0.0000e+00  0.0000e+00     0.0000e+00  0.0000e+00     0.0000e+00  0.0000e+00     0.0000e+00  0.0000e+00 
2.6651e+02     0.0000e+00  0.0000e+00     0.0000e+00  0.0000e+00     0.0000e+00  0.0000e+00     0.0000e+00  0.0000e+00 
2.9903e+02     0.0000e+00  0.0000e+00     0.0000e+00  0.0000e+00     0.0000e+00  0.0000e+00     0.0000e+00  0.0000e+00 
3.3552e+02     0.0000e+00  0.0000e+00     0.0000e+00  0.0000e+00     0.0000e+00  0.0000e+00     0.0000e+00  0.0000e+00 
3.7646e+02     0.0000e+00  0.0000e+00     0.0000e+00  0.0000e+00     0.0000e+00  0.0000e+00     0.0000e+00  0.0000e+00 
4.2240e+02     0.0000e+00  0.0000e+00     0.0000e+00  0.0000e+00     0.0000e+00  0.0000e+00     0.0000e+00  0.0000e+00 
4.7394e+02     0.0000e+00  0.0000e+00     0.0000e+00  0.0000e+00     0.0000e+00  0.0000e+00     0.0000e+00  0.0000e+00 
5.3176e+02     0.0000e+00  0.0000e+00     0.0000e+00  0.0000e+00     0.0000e+00  0.0000e+00     0.0000e+00  0.0000e+00 
5.9665e+02     0.0000e+00  0.0000e+00     0.0000e+00  0.0000e+00     0.0000e+00  0.0000e+00     0.0000e+00  0.0000e+00 
6.6945e+02     0.0000e+00  0.0000e+00     0.0000e+00  0.0000e+00     0.0000e+00  0.0000e+00     0.0000e+00  0.0000e+00 
7.5114e+02     0.0000e+00  0.0000e+00     0.0000e+00  0.0000e+00     0.0000e+00  0.0000e+00     0.0000e+00  0.0000e+00 
8.4279e+02     0.0000e+00  0.0000e+00     0.0000e+00  0.0000e+00     0.0000e+00  0.0000e+00     0.0000e+00  0.0000e+00 
9.4563e+02     0.0000e+00  0.0000e+00     0.0000e+00  0.0000e+00     0.0000e+00  0.0000e+00     0.0000e+00  0.0000e+00 
1.0610e+03     0.0000e+00  0.0000e+00     0.0000e+00  0.0000e+00     0.0000e+00  0.0000e+00     0.0000e+00  0.0000e+00 
1.1905e+03     0.0000e+00  0.0000e+00     0.0000e+00  0.0000e+00     0.0000e+00  0.0000e+00     0.0000e+00  0.0000e+00 
1.3357e+03     0.0000e+00  0.0000e+00     0.0000e+00  0.0000e+00     0.0000e+00  0.0000e+00     0.0000e+00  0.0000e+00 
1.4987e+03     0.0000e+00  0.0000e+00     0.0000e+00  0.0000e+00     0.0000e+00  0.0000e+00     0.0000e+00  0.0000e+00 
1.6816e+03     0.0000e+00  0.0000e+00     0.0000e+00  0.0000e+00     0.0000e+00  0.0000e+00     0.0000e+00  0.0000e+00 
1.8868e+03     0.0000e+00  0.0000e+00     0.0000e+00  0.0000e+00     0.0000e+00  0.0000e+00     0.0000e+00  0.0000e+00 
2.1170e+03     0.0000e+00  0.0000e+00     0.0000e+00  0.0000e+00     0.0000e+00  0.0000e+00     0.0000e+00  0.0000e+00 
2.3753e+03     0.0000e+00  0.0000e+00     0.0000e+00  0.0000e+00     0.0000e+00  0.0000e+00     0.0000e+00  0.0000e+00 
2.6651e+03     0.0000e+00  0.0000e+00     0.0000e+00  0.0000e+00     0.0000e+00  0.0000e+00     0.0000e+00  0.0000e+00 
2.9903e+03     0.0000e+00  0.0000e+00     0.0000e+00  0.0000e+00     0.0000e+00  0.0000e+00     0.0000e+00  0.0000e+00 
3.3552e+03     0.0000e+00  0.0000e+00     0.0000e+00  0.0000e+00     0.0000e+00  0.0000e+00     0.0000e+00  0.0000e+00 
3.7646e+03     0.0000e+00  0.0000e+00     0.0000e+00  0.0000e+00     0.0000e+00  0.0000e+00     0.0000e+00  0.0000e+00 
4.2240e+03     0.0000e+00  0.0000e+00     0.0000e+00  0.0000e+00     0.0000e+00  0.0000e+00     0.0000e+00  0.0000e+00 
4.7394e+03     0.0000e+00  0.0000e+00     0.0000e+00  0.0000e+00     0.0000e+00  0.0000e+00     0.0000e+00  0.0000e+00 
5.3176e+03     0.0000e+00  0.0000e+00     0.0000e+00  0.0000e+00     0.0000e+00  0.0000e+00     0.0000e+00  0.0000e+00 
5.9665e+03     0.0000e+00  0.0000e+00     0.0000e+00  0.0000e+00     0.0000e+00  0.0000e+00     0.0000e+00  0.0000e+00 
6.6945e+03     0.0000e+00  0.0000e+00     0.0000e+00  0.0000e+00     0.0000e+00  0.0000e+00     0.0000e+00  0.0000e+00 
7.5114e+03     0.0000e+00  0.0000e+00     0.0000e+00  0.0000e+00     0.0000e+00  0.0000e+00     0.0000e+00  0.0000e+00 
8.4279e+03     0.0000e+00  0.0000e+00     0.0000e+00  0.0000e+00     0.0000e+00  0.0000e+00     0.0000e+00  0.0000e+00 
9.4563e+03     0.0000e+00  0.0000e+00     0.0000e+00  0.0000e+00     0.0000e+00  0.0000e+00     0.0000e+00  0.0000e+00 
