yF = 2.0105e+01 (std: 0.0000e+00) keV/um
yD = 3.2914e+01 (std: 0.0000e+00) keV/um
y (keV/um)     f(y)(std)                  yf(y)(std)                 d(y)(std)                  yd(y)(std)  
1.0610e-01     4.8663e+00  0.0000e+00     5.1632e-01  0.0000e+00     2.5682e-02  0.0000e+00     2.7249e-03  0.0000e+00 
1.1905e-01     3.4091e-01  0.0000e+00     4.0584e-02  0.0000e+00     2.0187e-03  0.0000e+00     2.4032e-04  0.0000e+00 
1.3357e-01     1.0061e-01  0.0000e+00     1.3439e-02  0.0000e+00     6.6844e-04  0.0000e+00     8.9285e-05  0.0000e+00 
1.4987e-01     4.8436e-01  0.0000e+00     7.2592e-02  0.0000e+00     3.6107e-03  0.0000e+00     5.4115e-04  0.0000e+00 
1.6816e-01     1.4511e-01  0.0000e+00     2.4401e-02  0.0000e+00     1.2137e-03  0.0000e+00     2.0410e-04  0.0000e+00 
1.8868e-01     9.6601e-02  0.0000e+00     1.8226e-02  0.0000e+00     9.0658e-04  0.0000e+00     1.7105e-04  0.0000e+00 
2.1170e-01     9.8989e-02  0.0000e+00     2.0956e-02  0.0000e+00     1.0423e-03  0.0000e+00     2.2066e-04  0.0000e+00 
2.3753e-01     9.7392e-02  0.0000e+00     2.3133e-02  0.0000e+00     1.1507e-03  0.0000e+00     2.7332e-04  0.0000e+00 
2.6651e-01     4.3876e-02  0.0000e+00     1.1694e-02  0.0000e+00     5.8164e-04  0.0000e+00     1.5501e-04  0.0000e+00 
2.9903e-01     3.6062e-02  0.0000e+00     1.0784e-02  0.0000e+00     5.3638e-04  0.0000e+00     1.6040e-04  0.0000e+00 
3.3552e-01     2.0160e-01  0.0000e+00     6.7640e-02  0.0000e+00     3.3644e-03  0.0000e+00     1.1288e-03  0.0000e+00 
3.7646e-01     1.2746e-01  0.0000e+00     4.7982e-02  0.0000e+00     2.3866e-03  0.0000e+00     8.9847e-04  0.0000e+00 
4.2240e-01     5.3320e-02  0.0000e+00     2.2522e-02  0.0000e+00     1.1202e-03  0.0000e+00     4.7319e-04  0.0000e+00 
4.7394e-01     4.9221e-02  0.0000e+00     2.3327e-02  0.0000e+00     1.1603e-03  0.0000e+00     5.4991e-04  0.0000e+00 
5.3176e-01     3.4556e-02  0.0000e+00     1.8376e-02  0.0000e+00     9.1400e-04  0.0000e+00     4.8603e-04  0.0000e+00 
5.9665e-01     1.6974e-02  0.0000e+00     1.0127e-02  0.0000e+00     5.0374e-04  0.0000e+00     3.0056e-04  0.0000e+00 
6.6945e-01     2.7003e-02  0.0000e+00     1.8077e-02  0.0000e+00     8.9916e-04  0.0000e+00     6.0195e-04  0.0000e+00 
7.5114e-01     2.2180e-02  0.0000e+00     1.6660e-02  0.0000e+00     8.2868e-04  0.0000e+00     6.2245e-04  0.0000e+00 
8.4279e-01     1.0972e-02  0.0000e+00     9.2474e-03  0.0000e+00     4.5997e-04  0.0000e+00     3.8766e-04  0.0000e+00 
9.4563e-01     6.6404e-03  0.0000e+00     6.2793e-03  0.0000e+00     3.1233e-04  0.0000e+00     2.9535e-04  0.0000e+00 
1.0610e+00     5.0748e-03  0.0000e+00     5.3844e-03  0.0000e+00     2.6782e-04  0.0000e+00     2.8416e-04  0.0000e+00 
1.1905e+00     2.7814e-03  0.0000e+00     3.3112e-03  0.0000e+00     1.6470e-04  0.0000e+00     1.9607e-04  0.0000e+00 
1.3357e+00     1.7866e-03  0.0000e+00     2.3864e-03  0.0000e+00     1.1870e-04  0.0000e+00     1.5855e-04  0.0000e+00 
1.4987e+00     6.7673e-04  0.0000e+00     1.0142e-03  0.0000e+00     5.0448e-05  0.0000e+00     7.5607e-05  0.0000e+00 
1.6816e+00     3.2818e-04  0.0000e+00     5.5186e-04  0.0000e+00     2.7450e-05  0.0000e+00     4.6159e-05  0.0000e+00 
1.8868e+00     2.2134e-04  0.0000e+00     4.1763e-04  0.0000e+00     2.0773e-05  0.0000e+00     3.9193e-05  0.0000e+00 
2.1170e+00     7.0455e-05  0.0000e+00     1.4915e-04  0.0000e+00     7.4188e-06  0.0000e+00     1.5706e-05  0.0000e+00 
2.3753e+00     2.5117e-05  0.0000e+00     5.9661e-05  0.0000e+00     2.9675e-06  0.0000e+00     7.0488e-06  0.0000e+00 
2.6651e+00     1.6789e-05  0.0000e+00     4.4746e-05  0.0000e+00     2.2256e-06  0.0000e+00     5.9317e-06  0.0000e+00 
2.9903e+00     0.0000e+00  0.0000e+00     0.0000e+00  0.0000e+00     0.0000e+00  0.0000e+00     0.0000e+00  0.0000e+00 
3.3552e+00     0.0000e+00  0.0000e+00     0.0000e+00  0.0000e+00     0.0000e+00  0.0000e+00     0.0000e+00  0.0000e+00 
3.7646e+00     3.9620e-06  0.0000e+00     1.4915e-05  0.0000e+00     7.4188e-07  0.0000e+00     2.7929e-06  0.0000e+00 
4.2240e+00     0.0000e+00  0.0000e+00     0.0000e+00  0.0000e+00     0.0000e+00  0.0000e+00     0.0000e+00  0.0000e+00 
4.7394e+00     0.0000e+00  0.0000e+00     0.0000e+00  0.0000e+00     0.0000e+00  0.0000e+00     0.0000e+00  0.0000e+00 
5.3176e+00     0.0000e+00  0.0000e+00     0.0000e+00  0.0000e+00     0.0000e+00  0.0000e+00     0.0000e+00  0.0000e+00 
5.9665e+00     1.0387e-02  0.0000e+00     6.1973e-02  0.0000e+00     3.0825e-03  0.0000e+00     1.8392e-02  0.0000e+00 
6.6945e+00     6.3364e-03  0.0000e+00     4.2419e-02  0.0000e+00     2.1099e-03  0.0000e+00     1.4125e-02  0.0000e+00 
7.5114e+00     4.1123e-03  0.0000e+00     3.0889e-02  0.0000e+00     1.5364e-03  0.0000e+00     1.1541e-02  0.0000e+00 
8.4279e+00     1.0027e-01  0.0000e+00     8.4506e-01  0.0000e+00     4.2034e-02  0.0000e+00     3.5425e-01  0.0000e+00 
9.4563e+00     1.7155e-02  0.0000e+00     1.6222e-01  0.0000e+00     8.0687e-03  0.0000e+00     7.6300e-02  0.0000e+00 
1.0610e+01     1.1147e-01  0.0000e+00     1.1827e+00  0.0000e+00     5.8825e-02  0.0000e+00     6.2414e-01  0.0000e+00 
1.1905e+01     3.5505e-02  0.0000e+00     4.2268e-01  0.0000e+00     2.1024e-02  0.0000e+00     2.5029e-01  0.0000e+00 
1.3357e+01     2.5050e-02  0.0000e+00     3.3461e-01  0.0000e+00     1.6643e-02  0.0000e+00     2.2231e-01  0.0000e+00 
1.4987e+01     3.0286e-02  0.0000e+00     4.5390e-01  0.0000e+00     2.2577e-02  0.0000e+00     3.3836e-01  0.0000e+00 
1.6816e+01     1.5917e-02  0.0000e+00     2.6765e-01  0.0000e+00     1.3313e-02  0.0000e+00     2.2387e-01  0.0000e+00 
1.8868e+01     2.1444e-02  0.0000e+00     4.0460e-01  0.0000e+00     2.0125e-02  0.0000e+00     3.7971e-01  0.0000e+00 
2.1170e+01     2.2538e-02  0.0000e+00     4.7714e-01  0.0000e+00     2.3733e-02  0.0000e+00     5.0242e-01  0.0000e+00 
2.3753e+01     2.1238e-02  0.0000e+00     5.0446e-01  0.0000e+00     2.5092e-02  0.0000e+00     5.9601e-01  0.0000e+00 
2.6651e+01     1.4367e-02  0.0000e+00     3.8290e-01  0.0000e+00     1.9046e-02  0.0000e+00     5.0759e-01  0.0000e+00 
2.9903e+01     1.1883e-02  0.0000e+00     3.5534e-01  0.0000e+00     1.7675e-02  0.0000e+00     5.2853e-01  0.0000e+00 
3.3552e+01     1.1229e-02  0.0000e+00     3.7674e-01  0.0000e+00     1.8739e-02  0.0000e+00     6.2874e-01  0.0000e+00 
3.7646e+01     8.8661e-03  0.0000e+00     3.3377e-01  0.0000e+00     1.6602e-02  0.0000e+00     6.2499e-01  0.0000e+00 
4.2240e+01     6.6197e-03  0.0000e+00     2.7962e-01  0.0000e+00     1.3908e-02  0.0000e+00     5.8747e-01  0.0000e+00 
4.7394e+01     5.3202e-03  0.0000e+00     2.5214e-01  0.0000e+00     1.2542e-02  0.0000e+00     5.9439e-01  0.0000e+00 
5.3176e+01     3.6219e-03  0.0000e+00     1.9260e-01  0.0000e+00     9.5799e-03  0.0000e+00     5.0943e-01  0.0000e+00 
5.9665e+01     2.4526e-03  0.0000e+00     1.4633e-01  0.0000e+00     7.2786e-03  0.0000e+00     4.3428e-01  0.0000e+00 
6.6945e+01     1.4063e-03  0.0000e+00     9.4145e-02  0.0000e+00     4.6828e-03  0.0000e+00     3.1349e-01  0.0000e+00 
7.5114e+01     7.0531e-04  0.0000e+00     5.2979e-02  0.0000e+00     2.6352e-03  0.0000e+00     1.9794e-01  0.0000e+00 
8.4279e+01     2.7077e-04  0.0000e+00     2.2820e-02  0.0000e+00     1.1351e-03  0.0000e+00     9.5663e-02  0.0000e+00 
9.4563e+01     7.7918e-05  0.0000e+00     7.3681e-03  0.0000e+00     3.6649e-04  0.0000e+00     3.4656e-02  0.0000e+00 
1.0610e+02     1.8134e-05  0.0000e+00     1.9241e-03  0.0000e+00     9.5703e-05  0.0000e+00     1.0154e-02  0.0000e+00 
1.1905e+02     5.7633e-06  0.0000e+00     6.8610e-04  0.0000e+00     3.4127e-05  0.0000e+00     4.0627e-03  0.0000e+00 
1.3357e+02     8.9330e-07  0.0000e+00     1.1932e-04  0.0000e+00     5.9351e-06  0.0000e+00     7.9276e-04  0.0000e+00 
1.4987e+02     1.9904e-07  0.0000e+00     2.9830e-05  0.0000e+00     1.4838e-06  0.0000e+00     2.2237e-04  0.0000e+00 
1.6816e+02     0.0000e+00  0.0000e+00     0.0000e+00  0.0000e+00     0.0000e+00  0.0000e+00     0.0000e+00  0.0000e+00 
1.8868e+02     0.0000e+00  0.0000e+00     0.0000e+00  0.0000e+00     0.0000e+00  0.0000e+00     0.0000e+00  0.0000e+00 
2.1170e+02     0.0000e+00  0.0000e+00     0.0000e+00  0.0000e+00     0.0000e+00  0.0000e+00     0.0000e+00  0.0000e+00 
2.3753e+02     0.0000e+00  0.0000e+00     0.0000e+00  0.0000e+00     0.0000e+00  0.0000e+00     0.0000e+00  0.0000e+00 
2.6651e+02     0.0000e+00  0.0000e+00     0.0000e+00  0.0000e+00     0.0000e+00  0.0000e+00     0.0000e+00  0.0000e+00 
2.9903e+02     0.0000e+00  0.0000e+00     0.0000e+00  0.0000e+00     0.0000e+00  0.0000e+00     0.0000e+00  0.0000e+00 
3.3552e+02     0.0000e+00  0.0000e+00     0.0000e+00  0.0000e+00     0.0000e+00  0.0000e+00     0.0000e+00  0.0000e+00 
3.7646e+02     0.0000e+00  0.0000e+00     0.0000e+00  0.0000e+00     0.0000e+00  0.0000e+00     0.0000e+00  0.0000e+00 
4.2240e+02     0.0000e+00  0.0000e+00     0.0000e+00  0.0000e+00     0.0000e+00  0.0000e+00     0.0000e+00  0.0000e+00 
4.7394e+02     0.0000e+00  0.0000e+00     0.0000e+00  0.0000e+00     0.0000e+00  0.0000e+00     0.0000e+00  0.0000e+00 
5.3176e+02     0.0000e+00  0.0000e+00     0.0000e+00  0.0000e+00     0.0000e+00  0.0000e+00     0.0000e+00  0.0000e+00 
5.9665e+02     0.0000e+00  0.0000e+00     0.0000e+00  0.0000e+00     0.0000e+00  0.0000e+00     0.0000e+00  0.0000e+00 
6.6945e+02     0.0000e+00  0.0000e+00     0.0000e+00  0.0000e+00     0.0000e+00  0.0000e+00     0.0000e+00  0.0000e+00 
7.5114e+02     0.0000e+00  0.0000e+00     0.0000e+00  0.0000e+00     0.0000e+00  0.0000e+00     0.0000e+00  0.0000e+00 
8.4279e+02     0.0000e+00  0.0000e+00     0.0000e+00  0.0000e+00     0.0000e+00  0.0000e+00     0.0000e+00  0.0000e+00 
9.4563e+02     0.0000e+00  0.0000e+00     0.0000e+00  0.0000e+00     0.0000e+00  0.0000e+00     0.0000e+00  0.0000e+00 
1.0610e+03     0.0000e+00  0.0000e+00     0.0000e+00  0.0000e+00     0.0000e+00  0.0000e+00     0.0000e+00  0.0000e+00 
1.1905e+03     0.0000e+00  0.0000e+00     0.0000e+00  0.0000e+00     0.0000e+00  0.0000e+00     0.0000e+00  0.0000e+00 
1.3357e+03     0.0000e+00  0.0000e+00     0.0000e+00  0.0000e+00     0.0000e+00  0.0000e+00     0.0000e+00  0.0000e+00 
1.4987e+03     0.0000e+00  0.0000e+00     0.0000e+00  0.0000e+00     0.0000e+00  0.0000e+00     0.0000e+00  0.0000e+00 
1.6816e+03     0.0000e+00  0.0000e+00     0.0000e+00  0.0000e+00     0.0000e+00  0.0000e+00     0.0000e+00  0.0000e+00 
1.8868e+03     0.0000e+00  0.0000e+00     0.0000e+00  0.0000e+00     0.0000e+00  0.0000e+00     0.0000e+00  0.0000e+00 
2.1170e+03     0.0000e+00  0.0000e+00     0.0000e+00  0.0000e+00     0.0000e+00  0.0000e+00     0.0000e+00  0.0000e+00 
2.3753e+03     0.0000e+00  0.0000e+00     0.0000e+00  0.0000e+00     0.0000e+00  0.0000e+00     0.0000e+00  0.0000e+00 
2.6651e+03     0.0000e+00  0.0000e+00     0.0000e+00  0.0000e+00     0.0000e+00  0.0000e+00     0.0000e+00  0.0000e+00 
2.9903e+03     0.0000e+00  0.0000e+00     0.0000e+00  0.0000e+00     0.0000e+00  0.0000e+00     0.0000e+00  0.0000e+00 
3.3552e+03     0.0000e+00  0.0000e+00     0.0000e+00  0.0000e+00     0.0000e+00  0.0000e+00     0.0000e+00  0.0000e+00 
3.7646e+03     0.0000e+00  0.0000e+00     0.0000e+00  0.0000e+00     0.0000e+00  0.0000e+00     0.0000e+00  0.0000e+00 
4.2240e+03     0.0000e+00  0.0000e+00     0.0000e+00  0.0000e+00     0.0000e+00  0.0000e+00     0.0000e+00  0.0000e+00 
4.7394e+03     0.0000e+00  0.0000e+00     0.0000e+00  0.0000e+00     0.0000e+00  0.0000e+00     0.0000e+00  0.0000e+00 
5.3176e+03     0.0000e+00  0.0000e+00     0.0000e+00  0.0000e+00     0.0000e+00  0.0000e+00     0.0000e+00  0.0000e+00 
5.9665e+03     0.0000e+00  0.0000e+00     0.0000e+00  0.0000e+00     0.0000e+00  0.0000e+00     0.0000e+00  0.0000e+00 
6.6945e+03     0.0000e+00  0.0000e+00     0.0000e+00  0.0000e+00     0.0000e+00  0.0000e+00     0.0000e+00  0.0000e+00 
7.5114e+03     0.0000e+00  0.0000e+00     0.0000e+00  0.0000e+00     0.0000e+00  0.0000e+00     0.0000e+00  0.0000e+00 
8.4279e+03     0.0000e+00  0.0000e+00     0.0000e+00  0.0000e+00     0.0000e+00  0.0000e+00     0.0000e+00  0.0000e+00 
9.4563e+03     0.0000e+00  0.0000e+00     0.0000e+00  0.0000e+00     0.0000e+00  0.0000e+00     0.0000e+00  0.0000e+00 
