yF = 1.4496e+01 (std: 0.0000e+00) keV/um
yD = 2.6148e+01 (std: 0.0000e+00) keV/um
y (keV/um)     f(y)(std)                  yf(y)(std)                 d(y)(std)                  yd(y)(std)  
1.0610e-01     9.6858e+00  0.0000e+00     1.0277e+00  0.0000e+00     7.0893e-02  0.0000e+00     7.5218e-03  0.0000e+00 
1.1905e-01     5.9370e-01  0.0000e+00     7.0678e-02  0.0000e+00     4.8756e-03  0.0000e+00     5.8043e-04  0.0000e+00 
1.3357e-01     1.5540e-01  0.0000e+00     2.0758e-02  0.0000e+00     1.4320e-03  0.0000e+00     1.9127e-04  0.0000e+00 
1.4987e-01     7.7263e-01  0.0000e+00     1.1580e-01  0.0000e+00     7.9880e-03  0.0000e+00     1.1972e-03  0.0000e+00 
1.6816e-01     2.1053e-01  0.0000e+00     3.5402e-02  0.0000e+00     2.4422e-03  0.0000e+00     4.1067e-04  0.0000e+00 
1.8868e-01     1.3581e-01  0.0000e+00     2.5624e-02  0.0000e+00     1.7676e-03  0.0000e+00     3.3351e-04  0.0000e+00 
2.1170e-01     1.4880e-01  0.0000e+00     3.1500e-02  0.0000e+00     2.1730e-03  0.0000e+00     4.6002e-04  0.0000e+00 
2.3753e-01     1.3567e-01  0.0000e+00     3.2227e-02  0.0000e+00     2.2231e-03  0.0000e+00     5.2806e-04  0.0000e+00 
2.6651e-01     5.5125e-02  0.0000e+00     1.4692e-02  0.0000e+00     1.0135e-03  0.0000e+00     2.7011e-04  0.0000e+00 
2.9903e-01     4.5697e-02  0.0000e+00     1.3665e-02  0.0000e+00     9.4265e-04  0.0000e+00     2.8188e-04  0.0000e+00 
3.3552e-01     2.2981e-01  0.0000e+00     7.7108e-02  0.0000e+00     5.3192e-03  0.0000e+00     1.7847e-03  0.0000e+00 
3.7646e-01     1.3504e-01  0.0000e+00     5.0836e-02  0.0000e+00     3.5069e-03  0.0000e+00     1.3202e-03  0.0000e+00 
4.2240e-01     6.3019e-02  0.0000e+00     2.6619e-02  0.0000e+00     1.8363e-03  0.0000e+00     7.7563e-04  0.0000e+00 
4.7394e-01     5.5065e-02  0.0000e+00     2.6097e-02  0.0000e+00     1.8003e-03  0.0000e+00     8.5322e-04  0.0000e+00 
5.3176e-01     3.9036e-02  0.0000e+00     2.0758e-02  0.0000e+00     1.4320e-03  0.0000e+00     7.6146e-04  0.0000e+00 
5.9665e-01     1.9302e-02  0.0000e+00     1.1516e-02  0.0000e+00     7.9444e-04  0.0000e+00     4.7400e-04  0.0000e+00 
6.6945e-01     2.4872e-02  0.0000e+00     1.6651e-02  0.0000e+00     1.1486e-03  0.0000e+00     7.6894e-04  0.0000e+00 
7.5114e-01     2.2314e-02  0.0000e+00     1.6761e-02  0.0000e+00     1.1562e-03  0.0000e+00     8.6850e-04  0.0000e+00 
8.4279e-01     1.1265e-02  0.0000e+00     9.4943e-03  0.0000e+00     6.5495e-04  0.0000e+00     5.5199e-04  0.0000e+00 
9.4563e-01     6.4986e-03  0.0000e+00     6.1452e-03  0.0000e+00     4.2392e-04  0.0000e+00     4.0087e-04  0.0000e+00 
1.0610e+00     5.1814e-03  0.0000e+00     5.4975e-03  0.0000e+00     3.7924e-04  0.0000e+00     4.0238e-04  0.0000e+00 
1.1905e+00     2.8796e-03  0.0000e+00     3.4281e-03  0.0000e+00     2.3648e-04  0.0000e+00     2.8152e-04  0.0000e+00 
1.3357e+00     1.6558e-03  0.0000e+00     2.2117e-03  0.0000e+00     1.5257e-04  0.0000e+00     2.0379e-04  0.0000e+00 
1.4987e+00     8.8542e-04  0.0000e+00     1.3270e-03  0.0000e+00     9.1541e-05  0.0000e+00     1.3719e-04  0.0000e+00 
1.6816e+00     3.6638e-04  0.0000e+00     6.1610e-04  0.0000e+00     4.2501e-05  0.0000e+00     7.1469e-05  0.0000e+00 
1.8868e+00     2.4281e-04  0.0000e+00     4.5813e-04  0.0000e+00     3.1603e-05  0.0000e+00     5.9628e-05  0.0000e+00 
2.1170e+00     8.9547e-05  0.0000e+00     1.8957e-04  0.0000e+00     1.3077e-05  0.0000e+00     2.7684e-05  0.0000e+00 
2.3753e+00     1.3301e-05  0.0000e+00     3.1595e-05  0.0000e+00     2.1795e-06  0.0000e+00     5.1771e-06  0.0000e+00 
2.6651e+00     5.9275e-06  0.0000e+00     1.5798e-05  0.0000e+00     1.0898e-06  0.0000e+00     2.9044e-06  0.0000e+00 
2.9903e+00     0.0000e+00  0.0000e+00     0.0000e+00  0.0000e+00     0.0000e+00  0.0000e+00     0.0000e+00  0.0000e+00 
3.3552e+00     0.0000e+00  0.0000e+00     0.0000e+00  0.0000e+00     0.0000e+00  0.0000e+00     0.0000e+00  0.0000e+00 
3.7646e+00     0.0000e+00  0.0000e+00     0.0000e+00  0.0000e+00     0.0000e+00  0.0000e+00     0.0000e+00  0.0000e+00 
4.2240e+00     3.7400e-06  0.0000e+00     1.5798e-05  0.0000e+00     1.0898e-06  0.0000e+00     4.6031e-06  0.0000e+00 
4.7394e+00     0.0000e+00  0.0000e+00     0.0000e+00  0.0000e+00     0.0000e+00  0.0000e+00     0.0000e+00  0.0000e+00 
5.3176e+00     0.0000e+00  0.0000e+00     0.0000e+00  0.0000e+00     0.0000e+00  0.0000e+00     0.0000e+00  0.0000e+00 
5.9665e+00     1.0048e-02  0.0000e+00     5.9952e-02  0.0000e+00     4.1357e-03  0.0000e+00     2.4675e-02  0.0000e+00 
6.6945e+00     8.8798e-03  0.0000e+00     5.9446e-02  0.0000e+00     4.1008e-03  0.0000e+00     2.7453e-02  0.0000e+00 
7.5114e+00     7.3337e-03  0.0000e+00     5.5086e-02  0.0000e+00     3.8000e-03  0.0000e+00     2.8543e-02  0.0000e+00 
8.4279e+00     1.3022e-01  0.0000e+00     1.0975e+00  0.0000e+00     7.5707e-02  0.0000e+00     6.3805e-01  0.0000e+00 
9.4563e+00     3.9476e-02  0.0000e+00     3.7329e-01  0.0000e+00     2.5751e-02  0.0000e+00     2.4351e-01  0.0000e+00 
1.0610e+01     8.7054e-02  0.0000e+00     9.2365e-01  0.0000e+00     6.3717e-02  0.0000e+00     6.7604e-01  0.0000e+00 
1.1905e+01     5.5366e-02  0.0000e+00     6.5912e-01  0.0000e+00     4.5468e-02  0.0000e+00     5.4129e-01  0.0000e+00 
1.3357e+01     5.1714e-02  0.0000e+00     6.9076e-01  0.0000e+00     4.7651e-02  0.0000e+00     6.3649e-01  0.0000e+00 
1.4987e+01     2.8600e-02  0.0000e+00     4.2863e-01  0.0000e+00     2.9569e-02  0.0000e+00     4.4315e-01  0.0000e+00 
1.6816e+01     1.8765e-02  0.0000e+00     3.1556e-01  0.0000e+00     2.1768e-02  0.0000e+00     3.6605e-01  0.0000e+00 
1.8868e+01     1.9224e-02  0.0000e+00     3.6271e-01  0.0000e+00     2.5021e-02  0.0000e+00     4.7209e-01  0.0000e+00 
2.1170e+01     1.1938e-02  0.0000e+00     2.5273e-01  0.0000e+00     1.7434e-02  0.0000e+00     3.6908e-01  0.0000e+00 
2.3753e+01     1.0452e-02  0.0000e+00     2.4827e-01  0.0000e+00     1.7127e-02  0.0000e+00     4.0681e-01  0.0000e+00 
2.6651e+01     2.2776e-02  0.0000e+00     6.0700e-01  0.0000e+00     4.1873e-02  0.0000e+00     1.1160e+00  0.0000e+00 
2.9903e+01     5.2866e-03  0.0000e+00     1.5809e-01  0.0000e+00     1.0905e-02  0.0000e+00     3.2610e-01  0.0000e+00 
3.3552e+01     4.8901e-03  0.0000e+00     1.6407e-01  0.0000e+00     1.1318e-02  0.0000e+00     3.7975e-01  0.0000e+00 
3.7646e+01     3.8380e-03  0.0000e+00     1.4448e-01  0.0000e+00     9.9670e-03  0.0000e+00     3.7522e-01  0.0000e+00 
4.2240e+01     2.7343e-03  0.0000e+00     1.1550e-01  0.0000e+00     7.9673e-03  0.0000e+00     3.3653e-01  0.0000e+00 
4.7394e+01     2.1993e-03  0.0000e+00     1.0423e-01  0.0000e+00     7.1903e-03  0.0000e+00     3.4077e-01  0.0000e+00 
5.3176e+01     1.4260e-03  0.0000e+00     7.5828e-02  0.0000e+00     5.2309e-03  0.0000e+00     2.7816e-01  0.0000e+00 
5.9665e+01     9.6641e-04  0.0000e+00     5.7661e-02  0.0000e+00     3.9777e-03  0.0000e+00     2.3733e-01  0.0000e+00 
6.6945e+01     5.4605e-04  0.0000e+00     3.6555e-02  0.0000e+00     2.5217e-03  0.0000e+00     1.6882e-01  0.0000e+00 
7.5114e+01     2.6836e-04  0.0000e+00     2.0158e-02  0.0000e+00     1.3905e-03  0.0000e+00     1.0445e-01  0.0000e+00 
8.4279e+01     1.3346e-04  0.0000e+00     1.1248e-02  0.0000e+00     7.7592e-04  0.0000e+00     6.5393e-02  0.0000e+00 
9.4563e+01     5.8136e-05  0.0000e+00     5.4975e-03  0.0000e+00     3.7924e-04  0.0000e+00     3.5862e-02  0.0000e+00 
1.0610e+02     2.7694e-05  0.0000e+00     2.9383e-03  0.0000e+00     2.0270e-04  0.0000e+00     2.1506e-02  0.0000e+00 
1.1905e+02     1.1545e-05  0.0000e+00     1.3744e-03  0.0000e+00     9.4810e-05  0.0000e+00     1.1287e-02  0.0000e+00 
1.3357e+02     2.4836e-06  0.0000e+00     3.3175e-04  0.0000e+00     2.2885e-05  0.0000e+00     3.0568e-03  0.0000e+00 
1.4987e+02     3.1622e-07  0.0000e+00     4.7393e-05  0.0000e+00     3.2693e-06  0.0000e+00     4.8998e-04  0.0000e+00 
1.6816e+02     0.0000e+00  0.0000e+00     0.0000e+00  0.0000e+00     0.0000e+00  0.0000e+00     0.0000e+00  0.0000e+00 
1.8868e+02     0.0000e+00  0.0000e+00     0.0000e+00  0.0000e+00     0.0000e+00  0.0000e+00     0.0000e+00  0.0000e+00 
2.1170e+02     0.0000e+00  0.0000e+00     0.0000e+00  0.0000e+00     0.0000e+00  0.0000e+00     0.0000e+00  0.0000e+00 
2.3753e+02     0.0000e+00  0.0000e+00     0.0000e+00  0.0000e+00     0.0000e+00  0.0000e+00     0.0000e+00  0.0000e+00 
2.6651e+02     0.0000e+00  0.0000e+00     0.0000e+00  0.0000e+00     0.0000e+00  0.0000e+00     0.0000e+00  0.0000e+00 
2.9903e+02     0.0000e+00  0.0000e+00     0.0000e+00  0.0000e+00     0.0000e+00  0.0000e+00     0.0000e+00  0.0000e+00 
3.3552e+02     0.0000e+00  0.0000e+00     0.0000e+00  0.0000e+00     0.0000e+00  0.0000e+00     0.0000e+00  0.0000e+00 
3.7646e+02     0.0000e+00  0.0000e+00     0.0000e+00  0.0000e+00     0.0000e+00  0.0000e+00     0.0000e+00  0.0000e+00 
4.2240e+02     0.0000e+00  0.0000e+00     0.0000e+00  0.0000e+00     0.0000e+00  0.0000e+00     0.0000e+00  0.0000e+00 
4.7394e+02     0.0000e+00  0.0000e+00     0.0000e+00  0.0000e+00     0.0000e+00  0.0000e+00     0.0000e+00  0.0000e+00 
5.3176e+02     0.0000e+00  0.0000e+00     0.0000e+00  0.0000e+00     0.0000e+00  0.0000e+00     0.0000e+00  0.0000e+00 
5.9665e+02     0.0000e+00  0.0000e+00     0.0000e+00  0.0000e+00     0.0000e+00  0.0000e+00     0.0000e+00  0.0000e+00 
6.6945e+02     0.0000e+00  0.0000e+00     0.0000e+00  0.0000e+00     0.0000e+00  0.0000e+00     0.0000e+00  0.0000e+00 
7.5114e+02     0.0000e+00  0.0000e+00     0.0000e+00  0.0000e+00     0.0000e+00  0.0000e+00     0.0000e+00  0.0000e+00 
8.4279e+02     0.0000e+00  0.0000e+00     0.0000e+00  0.0000e+00     0.0000e+00  0.0000e+00     0.0000e+00  0.0000e+00 
9.4563e+02     0.0000e+00  0.0000e+00     0.0000e+00  0.0000e+00     0.0000e+00  0.0000e+00     0.0000e+00  0.0000e+00 
1.0610e+03     0.0000e+00  0.0000e+00     0.0000e+00  0.0000e+00     0.0000e+00  0.0000e+00     0.0000e+00  0.0000e+00 
1.1905e+03     0.0000e+00  0.0000e+00     0.0000e+00  0.0000e+00     0.0000e+00  0.0000e+00     0.0000e+00  0.0000e+00 
1.3357e+03     0.0000e+00  0.0000e+00     0.0000e+00  0.0000e+00     0.0000e+00  0.0000e+00     0.0000e+00  0.0000e+00 
1.4987e+03     0.0000e+00  0.0000e+00     0.0000e+00  0.0000e+00     0.0000e+00  0.0000e+00     0.0000e+00  0.0000e+00 
1.6816e+03     0.0000e+00  0.0000e+00     0.0000e+00  0.0000e+00     0.0000e+00  0.0000e+00     0.0000e+00  0.0000e+00 
1.8868e+03     0.0000e+00  0.0000e+00     0.0000e+00  0.0000e+00     0.0000e+00  0.0000e+00     0.0000e+00  0.0000e+00 
2.1170e+03     0.0000e+00  0.0000e+00     0.0000e+00  0.0000e+00     0.0000e+00  0.0000e+00     0.0000e+00  0.0000e+00 
2.3753e+03     0.0000e+00  0.0000e+00     0.0000e+00  0.0000e+00     0.0000e+00  0.0000e+00     0.0000e+00  0.0000e+00 
2.6651e+03     0.0000e+00  0.0000e+00     0.0000e+00  0.0000e+00     0.0000e+00  0.0000e+00     0.0000e+00  0.0000e+00 
2.9903e+03     0.0000e+00  0.0000e+00     0.0000e+00  0.0000e+00     0.0000e+00  0.0000e+00     0.0000e+00  0.0000e+00 
3.3552e+03     0.0000e+00  0.0000e+00     0.0000e+00  0.0000e+00     0.0000e+00  0.0000e+00     0.0000e+00  0.0000e+00 
3.7646e+03     0.0000e+00  0.0000e+00     0.0000e+00  0.0000e+00     0.0000e+00  0.0000e+00     0.0000e+00  0.0000e+00 
4.2240e+03     0.0000e+00  0.0000e+00     0.0000e+00  0.0000e+00     0.0000e+00  0.0000e+00     0.0000e+00  0.0000e+00 
4.7394e+03     0.0000e+00  0.0000e+00     0.0000e+00  0.0000e+00     0.0000e+00  0.0000e+00     0.0000e+00  0.0000e+00 
5.3176e+03     0.0000e+00  0.0000e+00     0.0000e+00  0.0000e+00     0.0000e+00  0.0000e+00     0.0000e+00  0.0000e+00 
5.9665e+03     0.0000e+00  0.0000e+00     0.0000e+00  0.0000e+00     0.0000e+00  0.0000e+00     0.0000e+00  0.0000e+00 
6.6945e+03     0.0000e+00  0.0000e+00     0.0000e+00  0.0000e+00     0.0000e+00  0.0000e+00     0.0000e+00  0.0000e+00 
7.5114e+03     0.0000e+00  0.0000e+00     0.0000e+00  0.0000e+00     0.0000e+00  0.0000e+00     0.0000e+00  0.0000e+00 
8.4279e+03     0.0000e+00  0.0000e+00     0.0000e+00  0.0000e+00     0.0000e+00  0.0000e+00     0.0000e+00  0.0000e+00 
9.4563e+03     0.0000e+00  0.0000e+00     0.0000e+00  0.0000e+00     0.0000e+00  0.0000e+00     0.0000e+00  0.0000e+00 
