yF = 5.4773e+00 (std: 0.0000e+00) keV/um
yD = 2.4082e+01 (std: 0.0000e+00) keV/um
y (keV/um)     f(y)(std)                  yf(y)(std)                 d(y)(std)                  yd(y)(std)  
1.0610e-01     2.2101e+01  0.0000e+00     2.3450e+00  0.0000e+00     4.2812e-01  0.0000e+00     4.5424e-02  0.0000e+00 
1.1905e-01     1.8039e+00  0.0000e+00     2.1475e-01  0.0000e+00     3.9207e-02  0.0000e+00     4.6674e-03  0.0000e+00 
1.3357e-01     5.8876e-01  0.0000e+00     7.8643e-02  0.0000e+00     1.4358e-02  0.0000e+00     1.9178e-03  0.0000e+00 
1.4987e-01     2.5746e+00  0.0000e+00     3.8586e-01  0.0000e+00     7.0447e-02  0.0000e+00     1.0558e-02  0.0000e+00 
1.6816e-01     8.7171e-01  0.0000e+00     1.4658e-01  0.0000e+00     2.6762e-02  0.0000e+00     4.5003e-03  0.0000e+00 
1.8868e-01     6.2639e-01  0.0000e+00     1.1819e-01  0.0000e+00     2.1577e-02  0.0000e+00     4.0711e-03  0.0000e+00 
2.1170e-01     6.5010e-01  0.0000e+00     1.3763e-01  0.0000e+00     2.5126e-02  0.0000e+00     5.3192e-03  0.0000e+00 
2.3753e-01     6.1083e-01  0.0000e+00     1.4509e-01  0.0000e+00     2.6489e-02  0.0000e+00     6.2921e-03  0.0000e+00 
2.6651e-01     2.9301e-01  0.0000e+00     7.8090e-02  0.0000e+00     1.4257e-02  0.0000e+00     3.7997e-03  0.0000e+00 
2.9903e-01     2.6086e-01  0.0000e+00     7.8007e-02  0.0000e+00     1.4242e-02  0.0000e+00     4.2588e-03  0.0000e+00 
3.3552e-01     1.2236e+00  0.0000e+00     4.1055e-01  0.0000e+00     7.4955e-02  0.0000e+00     2.5149e-02  0.0000e+00 
3.7646e-01     8.4993e-01  0.0000e+00     3.1996e-01  0.0000e+00     5.8416e-02  0.0000e+00     2.1991e-02  0.0000e+00 
4.2240e-01     4.1440e-01  0.0000e+00     1.7504e-01  0.0000e+00     3.1957e-02  0.0000e+00     1.3498e-02  0.0000e+00 
4.7394e-01     4.0626e-01  0.0000e+00     1.9254e-01  0.0000e+00     3.5153e-02  0.0000e+00     1.6660e-02  0.0000e+00 
5.3176e-01     2.7207e-01  0.0000e+00     1.4468e-01  0.0000e+00     2.6414e-02  0.0000e+00     1.4046e-02  0.0000e+00 
5.9665e-01     1.5637e-01  0.0000e+00     9.3299e-02  0.0000e+00     1.7034e-02  0.0000e+00     1.0163e-02  0.0000e+00 
6.6945e-01     2.1562e-01  0.0000e+00     1.4434e-01  0.0000e+00     2.6353e-02  0.0000e+00     1.7642e-02  0.0000e+00 
7.5114e-01     1.9718e-01  0.0000e+00     1.4811e-01  0.0000e+00     2.7040e-02  0.0000e+00     2.0311e-02  0.0000e+00 
8.4279e-01     9.9547e-02  0.0000e+00     8.3897e-02  0.0000e+00     1.5317e-02  0.0000e+00     1.2909e-02  0.0000e+00 
9.4563e-01     6.2140e-02  0.0000e+00     5.8761e-02  0.0000e+00     1.0728e-02  0.0000e+00     1.0145e-02  0.0000e+00 
1.0610e+00     4.9179e-02  0.0000e+00     5.2180e-02  0.0000e+00     9.5265e-03  0.0000e+00     1.0108e-02  0.0000e+00 
1.1905e+00     2.6968e-02  0.0000e+00     3.2104e-02  0.0000e+00     5.8613e-03  0.0000e+00     6.9777e-03  0.0000e+00 
1.3357e+00     1.7058e-02  0.0000e+00     2.2785e-02  0.0000e+00     4.1600e-03  0.0000e+00     5.5566e-03  0.0000e+00 
1.4987e+00     9.2069e-03  0.0000e+00     1.3798e-02  0.0000e+00     2.5192e-03  0.0000e+00     3.7756e-03  0.0000e+00 
1.6816e+00     4.3413e-03  0.0000e+00     7.3002e-03  0.0000e+00     1.3328e-03  0.0000e+00     2.2412e-03  0.0000e+00 
1.8868e+00     1.7147e-03  0.0000e+00     3.2353e-03  0.0000e+00     5.9067e-04  0.0000e+00     1.1145e-03  0.0000e+00 
2.1170e+00     6.5310e-04  0.0000e+00     1.3826e-03  0.0000e+00     2.5243e-04  0.0000e+00     5.3438e-04  0.0000e+00 
2.3753e+00     2.3283e-04  0.0000e+00     5.5305e-04  0.0000e+00     1.0097e-04  0.0000e+00     2.3983e-04  0.0000e+00 
2.6651e+00     1.1413e-04  0.0000e+00     3.0418e-04  0.0000e+00     5.5534e-05  0.0000e+00     1.4800e-04  0.0000e+00 
2.9903e+00     4.6236e-05  0.0000e+00     1.3826e-04  0.0000e+00     2.5243e-05  0.0000e+00     7.5483e-05  0.0000e+00 
3.3552e+00     0.0000e+00  0.0000e+00     0.0000e+00  0.0000e+00     0.0000e+00  0.0000e+00     0.0000e+00  0.0000e+00 
3.7646e+00     0.0000e+00  0.0000e+00     0.0000e+00  0.0000e+00     0.0000e+00  0.0000e+00     0.0000e+00  0.0000e+00 
4.2240e+00     0.0000e+00  0.0000e+00     0.0000e+00  0.0000e+00     0.0000e+00  0.0000e+00     0.0000e+00  0.0000e+00 
4.7394e+00     0.0000e+00  0.0000e+00     0.0000e+00  0.0000e+00     0.0000e+00  0.0000e+00     0.0000e+00  0.0000e+00 
5.3176e+00     0.0000e+00  0.0000e+00     0.0000e+00  0.0000e+00     0.0000e+00  0.0000e+00     0.0000e+00  0.0000e+00 
5.9665e+00     1.0467e-01  0.0000e+00     6.2453e-01  0.0000e+00     1.1402e-01  0.0000e+00     6.8030e-01  0.0000e+00 
6.6945e+00     2.6527e-02  0.0000e+00     1.7758e-01  0.0000e+00     3.2421e-02  0.0000e+00     2.1705e-01  0.0000e+00 
7.5114e+00     6.8143e-03  0.0000e+00     5.1184e-02  0.0000e+00     9.3448e-03  0.0000e+00     7.0192e-02  0.0000e+00 
8.4279e+00     2.9234e-02  0.0000e+00     2.4638e-01  0.0000e+00     4.4982e-02  0.0000e+00     3.7910e-01  0.0000e+00 
9.4563e+00     1.9701e-02  0.0000e+00     1.8629e-01  0.0000e+00     3.4012e-02  0.0000e+00     3.2162e-01  0.0000e+00 
1.0610e+01     2.8757e-02  0.0000e+00     3.0512e-01  0.0000e+00     5.5705e-02  0.0000e+00     5.9104e-01  0.0000e+00 
1.1905e+01     2.0866e-02  0.0000e+00     2.4840e-01  0.0000e+00     4.5351e-02  0.0000e+00     5.3989e-01  0.0000e+00 
1.3357e+01     1.5551e-02  0.0000e+00     2.0772e-01  0.0000e+00     3.7924e-02  0.0000e+00     5.0657e-01  0.0000e+00 
1.4987e+01     1.0142e-02  0.0000e+00     1.5200e-01  0.0000e+00     2.7752e-02  0.0000e+00     4.1592e-01  0.0000e+00 
1.6816e+01     7.0661e-03  0.0000e+00     1.1882e-01  0.0000e+00     2.1693e-02  0.0000e+00     3.6479e-01  0.0000e+00 
1.8868e+01     5.4197e-03  0.0000e+00     1.0226e-01  0.0000e+00     1.8669e-02  0.0000e+00     3.5225e-01  0.0000e+00 
2.1170e+01     5.0589e-03  0.0000e+00     1.0710e-01  0.0000e+00     1.9553e-02  0.0000e+00     4.1393e-01  0.0000e+00 
2.3753e+01     4.6310e-03  0.0000e+00     1.1000e-01  0.0000e+00     2.0083e-02  0.0000e+00     4.7703e-01  0.0000e+00 
2.6651e+01     3.1583e-03  0.0000e+00     8.4174e-02  0.0000e+00     1.5368e-02  0.0000e+00     4.0957e-01  0.0000e+00 
2.9903e+01     2.2554e-03  0.0000e+00     6.7444e-02  0.0000e+00     1.2313e-02  0.0000e+00     3.6821e-01  0.0000e+00 
3.3552e+01     1.9681e-03  0.0000e+00     6.6034e-02  0.0000e+00     1.2056e-02  0.0000e+00     4.0450e-01  0.0000e+00 
3.7646e+01     1.4603e-03  0.0000e+00     5.4973e-02  0.0000e+00     1.0036e-02  0.0000e+00     3.7783e-01  0.0000e+00 
4.2240e+01     9.9311e-04  0.0000e+00     4.1949e-02  0.0000e+00     7.6586e-03  0.0000e+00     3.2349e-01  0.0000e+00 
4.7394e+01     7.2057e-04  0.0000e+00     3.4151e-02  0.0000e+00     6.2349e-03  0.0000e+00     2.9549e-01  0.0000e+00 
5.3176e+01     5.0233e-04  0.0000e+00     2.6712e-02  0.0000e+00     4.8769e-03  0.0000e+00     2.5933e-01  0.0000e+00 
5.9665e+01     3.3323e-04  0.0000e+00     1.9882e-02  0.0000e+00     3.6299e-03  0.0000e+00     2.1658e-01  0.0000e+00 
6.6945e+01     1.8009e-04  0.0000e+00     1.2056e-02  0.0000e+00     2.2011e-03  0.0000e+00     1.4736e-01  0.0000e+00 
7.5114e+01     1.0971e-04  0.0000e+00     8.2404e-03  0.0000e+00     1.5045e-03  0.0000e+00     1.1301e-01  0.0000e+00 
8.4279e+01     5.6106e-05  0.0000e+00     4.7285e-03  0.0000e+00     8.6329e-04  0.0000e+00     7.2757e-02  0.0000e+00 
9.4563e+01     3.0997e-05  0.0000e+00     2.9311e-03  0.0000e+00     5.3514e-04  0.0000e+00     5.0604e-02  0.0000e+00 
1.0610e+02     1.1467e-05  0.0000e+00     1.2167e-03  0.0000e+00     2.2213e-04  0.0000e+00     2.3569e-02  0.0000e+00 
1.1905e+02     4.8779e-06  0.0000e+00     5.8070e-04  0.0000e+00     1.0602e-04  0.0000e+00     1.2621e-02  0.0000e+00 
1.3357e+02     1.0351e-06  0.0000e+00     1.3826e-04  0.0000e+00     2.5243e-05  0.0000e+00     3.3717e-03  0.0000e+00 
1.4987e+02     3.6901e-07  0.0000e+00     5.5305e-05  0.0000e+00     1.0097e-05  0.0000e+00     1.5133e-03  0.0000e+00 
1.6816e+02     0.0000e+00  0.0000e+00     0.0000e+00  0.0000e+00     0.0000e+00  0.0000e+00     0.0000e+00  0.0000e+00 
1.8868e+02     2.9312e-07  0.0000e+00     5.5305e-05  0.0000e+00     1.0097e-05  0.0000e+00     1.9051e-03  0.0000e+00 
2.1170e+02     0.0000e+00  0.0000e+00     0.0000e+00  0.0000e+00     0.0000e+00  0.0000e+00     0.0000e+00  0.0000e+00 
2.3753e+02     0.0000e+00  0.0000e+00     0.0000e+00  0.0000e+00     0.0000e+00  0.0000e+00     0.0000e+00  0.0000e+00 
2.6651e+02     0.0000e+00  0.0000e+00     0.0000e+00  0.0000e+00     0.0000e+00  0.0000e+00     0.0000e+00  0.0000e+00 
2.9903e+02     0.0000e+00  0.0000e+00     0.0000e+00  0.0000e+00     0.0000e+00  0.0000e+00     0.0000e+00  0.0000e+00 
3.3552e+02     0.0000e+00  0.0000e+00     0.0000e+00  0.0000e+00     0.0000e+00  0.0000e+00     0.0000e+00  0.0000e+00 
3.7646e+02     0.0000e+00  0.0000e+00     0.0000e+00  0.0000e+00     0.0000e+00  0.0000e+00     0.0000e+00  0.0000e+00 
4.2240e+02     0.0000e+00  0.0000e+00     0.0000e+00  0.0000e+00     0.0000e+00  0.0000e+00     0.0000e+00  0.0000e+00 
4.7394e+02     0.0000e+00  0.0000e+00     0.0000e+00  0.0000e+00     0.0000e+00  0.0000e+00     0.0000e+00  0.0000e+00 
5.3176e+02     0.0000e+00  0.0000e+00     0.0000e+00  0.0000e+00     0.0000e+00  0.0000e+00     0.0000e+00  0.0000e+00 
5.9665e+02     0.0000e+00  0.0000e+00     0.0000e+00  0.0000e+00     0.0000e+00  0.0000e+00     0.0000e+00  0.0000e+00 
6.6945e+02     0.0000e+00  0.0000e+00     0.0000e+00  0.0000e+00     0.0000e+00  0.0000e+00     0.0000e+00  0.0000e+00 
7.5114e+02     0.0000e+00  0.0000e+00     0.0000e+00  0.0000e+00     0.0000e+00  0.0000e+00     0.0000e+00  0.0000e+00 
8.4279e+02     0.0000e+00  0.0000e+00     0.0000e+00  0.0000e+00     0.0000e+00  0.0000e+00     0.0000e+00  0.0000e+00 
9.4563e+02     0.0000e+00  0.0000e+00     0.0000e+00  0.0000e+00     0.0000e+00  0.0000e+00     0.0000e+00  0.0000e+00 
1.0610e+03     0.0000e+00  0.0000e+00     0.0000e+00  0.0000e+00     0.0000e+00  0.0000e+00     0.0000e+00  0.0000e+00 
1.1905e+03     0.0000e+00  0.0000e+00     0.0000e+00  0.0000e+00     0.0000e+00  0.0000e+00     0.0000e+00  0.0000e+00 
1.3357e+03     0.0000e+00  0.0000e+00     0.0000e+00  0.0000e+00     0.0000e+00  0.0000e+00     0.0000e+00  0.0000e+00 
1.4987e+03     0.0000e+00  0.0000e+00     0.0000e+00  0.0000e+00     0.0000e+00  0.0000e+00     0.0000e+00  0.0000e+00 
1.6816e+03     0.0000e+00  0.0000e+00     0.0000e+00  0.0000e+00     0.0000e+00  0.0000e+00     0.0000e+00  0.0000e+00 
1.8868e+03     0.0000e+00  0.0000e+00     0.0000e+00  0.0000e+00     0.0000e+00  0.0000e+00     0.0000e+00  0.0000e+00 
2.1170e+03     0.0000e+00  0.0000e+00     0.0000e+00  0.0000e+00     0.0000e+00  0.0000e+00     0.0000e+00  0.0000e+00 
2.3753e+03     0.0000e+00  0.0000e+00     0.0000e+00  0.0000e+00     0.0000e+00  0.0000e+00     0.0000e+00  0.0000e+00 
2.6651e+03     0.0000e+00  0.0000e+00     0.0000e+00  0.0000e+00     0.0000e+00  0.0000e+00     0.0000e+00  0.0000e+00 
2.9903e+03     0.0000e+00  0.0000e+00     0.0000e+00  0.0000e+00     0.0000e+00  0.0000e+00     0.0000e+00  0.0000e+00 
3.3552e+03     0.0000e+00  0.0000e+00     0.0000e+00  0.0000e+00     0.0000e+00  0.0000e+00     0.0000e+00  0.0000e+00 
3.7646e+03     0.0000e+00  0.0000e+00     0.0000e+00  0.0000e+00     0.0000e+00  0.0000e+00     0.0000e+00  0.0000e+00 
4.2240e+03     0.0000e+00  0.0000e+00     0.0000e+00  0.0000e+00     0.0000e+00  0.0000e+00     0.0000e+00  0.0000e+00 
4.7394e+03     0.0000e+00  0.0000e+00     0.0000e+00  0.0000e+00     0.0000e+00  0.0000e+00     0.0000e+00  0.0000e+00 
5.3176e+03     0.0000e+00  0.0000e+00     0.0000e+00  0.0000e+00     0.0000e+00  0.0000e+00     0.0000e+00  0.0000e+00 
5.9665e+03     0.0000e+00  0.0000e+00     0.0000e+00  0.0000e+00     0.0000e+00  0.0000e+00     0.0000e+00  0.0000e+00 
6.6945e+03     0.0000e+00  0.0000e+00     0.0000e+00  0.0000e+00     0.0000e+00  0.0000e+00     0.0000e+00  0.0000e+00 
7.5114e+03     0.0000e+00  0.0000e+00     0.0000e+00  0.0000e+00     0.0000e+00  0.0000e+00     0.0000e+00  0.0000e+00 
8.4279e+03     0.0000e+00  0.0000e+00     0.0000e+00  0.0000e+00     0.0000e+00  0.0000e+00     0.0000e+00  0.0000e+00 
9.4563e+03     0.0000e+00  0.0000e+00     0.0000e+00  0.0000e+00     0.0000e+00  0.0000e+00     0.0000e+00  0.0000e+00 
