yF = 6.7390e+00 (std: 0.0000e+00) keV/um
yD = 2.1907e+01 (std: 0.0000e+00) keV/um
y (keV/um)     f(y)(std)                  yf(y)(std)                 d(y)(std)                  yd(y)(std)  
1.0610e-01     2.2233e+01  0.0000e+00     2.3589e+00  0.0000e+00     3.5004e-01  0.0000e+00     3.7140e-02  0.0000e+00 
1.1905e-01     1.6035e+00  0.0000e+00     1.9090e-01  0.0000e+00     2.8327e-02  0.0000e+00     3.3723e-03  0.0000e+00 
1.3357e-01     4.8253e-01  0.0000e+00     6.4452e-02  0.0000e+00     9.5642e-03  0.0000e+00     1.2775e-03  0.0000e+00 
1.4987e-01     2.3344e+00  0.0000e+00     3.4986e-01  0.0000e+00     5.1916e-02  0.0000e+00     7.7807e-03  0.0000e+00 
1.6816e-01     7.1321e-01  0.0000e+00     1.1993e-01  0.0000e+00     1.7797e-02  0.0000e+00     2.9927e-03  0.0000e+00 
1.8868e-01     4.7967e-01  0.0000e+00     9.0504e-02  0.0000e+00     1.3430e-02  0.0000e+00     2.5339e-03  0.0000e+00 
2.1170e-01     5.1023e-01  0.0000e+00     1.0802e-01  0.0000e+00     1.6029e-02  0.0000e+00     3.3932e-03  0.0000e+00 
2.3753e-01     4.7932e-01  0.0000e+00     1.1385e-01  0.0000e+00     1.6895e-02  0.0000e+00     4.0130e-03  0.0000e+00 
2.6651e-01     2.2591e-01  0.0000e+00     6.0207e-02  0.0000e+00     8.9342e-03  0.0000e+00     2.3811e-03  0.0000e+00 
2.9903e-01     1.9682e-01  0.0000e+00     5.8856e-02  0.0000e+00     8.7337e-03  0.0000e+00     2.6117e-03  0.0000e+00 
3.3552e-01     1.0734e+00  0.0000e+00     3.6013e-01  0.0000e+00     5.3440e-02  0.0000e+00     1.7930e-02  0.0000e+00 
3.7646e-01     7.0571e-01  0.0000e+00     2.6567e-01  0.0000e+00     3.9424e-02  0.0000e+00     1.4841e-02  0.0000e+00 
4.2240e-01     3.1466e-01  0.0000e+00     1.3291e-01  0.0000e+00     1.9722e-02  0.0000e+00     8.3307e-03  0.0000e+00 
4.7394e-01     2.9927e-01  0.0000e+00     1.4183e-01  0.0000e+00     2.1047e-02  0.0000e+00     9.9749e-03  0.0000e+00 
5.3176e-01     1.9242e-01  0.0000e+00     1.0232e-01  0.0000e+00     1.5184e-02  0.0000e+00     8.0742e-03  0.0000e+00 
5.9665e-01     9.7108e-02  0.0000e+00     5.7940e-02  0.0000e+00     8.5977e-03  0.0000e+00     5.1298e-03  0.0000e+00 
6.6945e-01     1.6654e-01  0.0000e+00     1.1149e-01  0.0000e+00     1.6544e-02  0.0000e+00     1.1075e-02  0.0000e+00 
7.5114e-01     1.3250e-01  0.0000e+00     9.9525e-02  0.0000e+00     1.4769e-02  0.0000e+00     1.1093e-02  0.0000e+00 
8.4279e-01     6.4683e-02  0.0000e+00     5.4514e-02  0.0000e+00     8.0894e-03  0.0000e+00     6.8177e-03  0.0000e+00 
9.4563e-01     3.8161e-02  0.0000e+00     3.6086e-02  0.0000e+00     5.3548e-03  0.0000e+00     5.0636e-03  0.0000e+00 
1.0610e+00     3.0737e-02  0.0000e+00     3.2612e-02  0.0000e+00     4.8393e-03  0.0000e+00     5.1346e-03  0.0000e+00 
1.1905e+00     1.5804e-02  0.0000e+00     1.8815e-02  0.0000e+00     2.7919e-03  0.0000e+00     3.3237e-03  0.0000e+00 
1.3357e+00     7.8374e-03  0.0000e+00     1.0469e-02  0.0000e+00     1.5535e-03  0.0000e+00     2.0750e-03  0.0000e+00 
1.4987e+00     5.3113e-03  0.0000e+00     7.9601e-03  0.0000e+00     1.1812e-03  0.0000e+00     1.7703e-03  0.0000e+00 
1.6816e+00     1.6353e-03  0.0000e+00     2.7498e-03  0.0000e+00     4.0805e-04  0.0000e+00     6.8617e-04  0.0000e+00 
1.8868e+00     7.4150e-04  0.0000e+00     1.3990e-03  0.0000e+00     2.0761e-04  0.0000e+00     3.9170e-04  0.0000e+00 
2.1170e+00     4.5577e-04  0.0000e+00     9.6486e-04  0.0000e+00     1.4318e-04  0.0000e+00     3.0310e-04  0.0000e+00 
2.3753e+00     1.0155e-04  0.0000e+00     2.4121e-04  0.0000e+00     3.5794e-05  0.0000e+00     8.5022e-05  0.0000e+00 
2.6651e+00     5.4304e-05  0.0000e+00     1.4473e-04  0.0000e+00     2.1476e-05  0.0000e+00     5.7238e-05  0.0000e+00 
2.9903e+00     0.0000e+00  0.0000e+00     0.0000e+00  0.0000e+00     0.0000e+00  0.0000e+00     0.0000e+00  0.0000e+00 
3.3552e+00     0.0000e+00  0.0000e+00     0.0000e+00  0.0000e+00     0.0000e+00  0.0000e+00     0.0000e+00  0.0000e+00 
3.7646e+00     0.0000e+00  0.0000e+00     0.0000e+00  0.0000e+00     0.0000e+00  0.0000e+00     0.0000e+00  0.0000e+00 
4.2240e+00     0.0000e+00  0.0000e+00     0.0000e+00  0.0000e+00     0.0000e+00  0.0000e+00     0.0000e+00  0.0000e+00 
4.7394e+00     0.0000e+00  0.0000e+00     0.0000e+00  0.0000e+00     0.0000e+00  0.0000e+00     0.0000e+00  0.0000e+00 
5.3176e+00     0.0000e+00  0.0000e+00     0.0000e+00  0.0000e+00     0.0000e+00  0.0000e+00     0.0000e+00  0.0000e+00 
5.9665e+00     6.7086e-02  0.0000e+00     4.0027e-01  0.0000e+00     5.9397e-02  0.0000e+00     3.5439e-01  0.0000e+00 
6.6945e+00     1.8059e-02  0.0000e+00     1.2090e-01  0.0000e+00     1.7940e-02  0.0000e+00     1.2010e-01  0.0000e+00 
7.5114e+00     6.7566e-03  0.0000e+00     5.0751e-02  0.0000e+00     7.5311e-03  0.0000e+00     5.6569e-02  0.0000e+00 
8.4279e+00     4.6961e-02  0.0000e+00     3.9578e-01  0.0000e+00     5.8731e-02  0.0000e+00     4.9498e-01  0.0000e+00 
9.4563e+00     2.5304e-02  0.0000e+00     2.3928e-01  0.0000e+00     3.5508e-02  0.0000e+00     3.3577e-01  0.0000e+00 
1.0610e+01     4.2736e-02  0.0000e+00     4.5343e-01  0.0000e+00     6.7286e-02  0.0000e+00     7.1391e-01  0.0000e+00 
1.1905e+01     3.0754e-02  0.0000e+00     3.6611e-01  0.0000e+00     5.4328e-02  0.0000e+00     6.4676e-01  0.0000e+00 
1.3357e+01     2.6167e-02  0.0000e+00     3.4952e-01  0.0000e+00     5.1866e-02  0.0000e+00     6.9278e-01  0.0000e+00 
1.4987e+01     1.5496e-02  0.0000e+00     2.3224e-01  0.0000e+00     3.4462e-02  0.0000e+00     5.1649e-01  0.0000e+00 
1.6816e+01     1.0405e-02  0.0000e+00     1.7498e-01  0.0000e+00     2.5965e-02  0.0000e+00     4.3662e-01  0.0000e+00 
1.8868e+01     8.0338e-03  0.0000e+00     1.5158e-01  0.0000e+00     2.2493e-02  0.0000e+00     4.2439e-01  0.0000e+00 
2.1170e+01     7.7868e-03  0.0000e+00     1.6485e-01  0.0000e+00     2.4462e-02  0.0000e+00     5.1785e-01  0.0000e+00 
2.3753e+01     7.1329e-03  0.0000e+00     1.6943e-01  0.0000e+00     2.5142e-02  0.0000e+00     5.9719e-01  0.0000e+00 
2.6651e+01     4.0620e-03  0.0000e+00     1.0826e-01  0.0000e+00     1.6064e-02  0.0000e+00     4.2814e-01  0.0000e+00 
2.9903e+01     3.2863e-03  0.0000e+00     9.8271e-02  0.0000e+00     1.4582e-02  0.0000e+00     4.3606e-01  0.0000e+00 
3.3552e+01     2.1093e-03  0.0000e+00     7.0772e-02  0.0000e+00     1.0502e-02  0.0000e+00     3.5236e-01  0.0000e+00 
3.7646e+01     1.5211e-03  0.0000e+00     5.7264e-02  0.0000e+00     8.4975e-03  0.0000e+00     3.1990e-01  0.0000e+00 
4.2240e+01     1.0747e-03  0.0000e+00     4.5397e-02  0.0000e+00     6.7364e-03  0.0000e+00     2.8454e-01  0.0000e+00 
4.7394e+01     7.1763e-04  0.0000e+00     3.4011e-02  0.0000e+00     5.0470e-03  0.0000e+00     2.3919e-01  0.0000e+00 
5.3176e+01     4.2004e-04  0.0000e+00     2.2336e-02  0.0000e+00     3.3145e-03  0.0000e+00     1.7625e-01  0.0000e+00 
5.9665e+01     2.6117e-04  0.0000e+00     1.5582e-02  0.0000e+00     2.3123e-03  0.0000e+00     1.3796e-01  0.0000e+00 
6.6945e+01     1.5422e-04  0.0000e+00     1.0324e-02  0.0000e+00     1.5320e-03  0.0000e+00     1.0256e-01  0.0000e+00 
7.5114e+01     8.5421e-05  0.0000e+00     6.4163e-03  0.0000e+00     9.5212e-04  0.0000e+00     7.1517e-02  0.0000e+00 
8.4279e+01     3.2055e-05  0.0000e+00     2.7016e-03  0.0000e+00     4.0089e-04  0.0000e+00     3.3787e-02  0.0000e+00 
9.4563e+01     1.2244e-05  0.0000e+00     1.1578e-03  0.0000e+00     1.7181e-04  0.0000e+00     1.6247e-02  0.0000e+00 
1.0610e+02     4.0922e-06  0.0000e+00     4.3419e-04  0.0000e+00     6.4429e-05  0.0000e+00     6.8360e-03  0.0000e+00 
1.1905e+02     8.1048e-07  0.0000e+00     9.6486e-05  0.0000e+00     1.4318e-05  0.0000e+00     1.7045e-03  0.0000e+00 
1.3357e+02     3.6117e-07  0.0000e+00     4.8243e-05  0.0000e+00     7.1588e-06  0.0000e+00     9.5622e-04  0.0000e+00 
1.4987e+02     0.0000e+00  0.0000e+00     0.0000e+00  0.0000e+00     0.0000e+00  0.0000e+00     0.0000e+00  0.0000e+00 
1.6816e+02     0.0000e+00  0.0000e+00     0.0000e+00  0.0000e+00     0.0000e+00  0.0000e+00     0.0000e+00  0.0000e+00 
1.8868e+02     0.0000e+00  0.0000e+00     0.0000e+00  0.0000e+00     0.0000e+00  0.0000e+00     0.0000e+00  0.0000e+00 
2.1170e+02     0.0000e+00  0.0000e+00     0.0000e+00  0.0000e+00     0.0000e+00  0.0000e+00     0.0000e+00  0.0000e+00 
2.3753e+02     0.0000e+00  0.0000e+00     0.0000e+00  0.0000e+00     0.0000e+00  0.0000e+00     0.0000e+00  0.0000e+00 
2.6651e+02     0.0000e+00  0.0000e+00     0.0000e+00  0.0000e+00     0.0000e+00  0.0000e+00     0.0000e+00  0.0000e+00 
2.9903e+02     0.0000e+00  0.0000e+00     0.0000e+00  0.0000e+00     0.0000e+00  0.0000e+00     0.0000e+00  0.0000e+00 
3.3552e+02     0.0000e+00  0.0000e+00     0.0000e+00  0.0000e+00     0.0000e+00  0.0000e+00     0.0000e+00  0.0000e+00 
3.7646e+02     0.0000e+00  0.0000e+00     0.0000e+00  0.0000e+00     0.0000e+00  0.0000e+00     0.0000e+00  0.0000e+00 
4.2240e+02     0.0000e+00  0.0000e+00     0.0000e+00  0.0000e+00     0.0000e+00  0.0000e+00     0.0000e+00  0.0000e+00 
4.7394e+02     0.0000e+00  0.0000e+00     0.0000e+00  0.0000e+00     0.0000e+00  0.0000e+00     0.0000e+00  0.0000e+00 
5.3176e+02     0.0000e+00  0.0000e+00     0.0000e+00  0.0000e+00     0.0000e+00  0.0000e+00     0.0000e+00  0.0000e+00 
5.9665e+02     0.0000e+00  0.0000e+00     0.0000e+00  0.0000e+00     0.0000e+00  0.0000e+00     0.0000e+00  0.0000e+00 
6.6945e+02     0.0000e+00  0.0000e+00     0.0000e+00  0.0000e+00     0.0000e+00  0.0000e+00     0.0000e+00  0.0000e+00 
7.5114e+02     0.0000e+00  0.0000e+00     0.0000e+00  0.0000e+00     0.0000e+00  0.0000e+00     0.0000e+00  0.0000e+00 
8.4279e+02     0.0000e+00  0.0000e+00     0.0000e+00  0.0000e+00     0.0000e+00  0.0000e+00     0.0000e+00  0.0000e+00 
9.4563e+02     0.0000e+00  0.0000e+00     0.0000e+00  0.0000e+00     0.0000e+00  0.0000e+00     0.0000e+00  0.0000e+00 
1.0610e+03     0.0000e+00  0.0000e+00     0.0000e+00  0.0000e+00     0.0000e+00  0.0000e+00     0.0000e+00  0.0000e+00 
1.1905e+03     0.0000e+00  0.0000e+00     0.0000e+00  0.0000e+00     0.0000e+00  0.0000e+00     0.0000e+00  0.0000e+00 
1.3357e+03     0.0000e+00  0.0000e+00     0.0000e+00  0.0000e+00     0.0000e+00  0.0000e+00     0.0000e+00  0.0000e+00 
1.4987e+03     0.0000e+00  0.0000e+00     0.0000e+00  0.0000e+00     0.0000e+00  0.0000e+00     0.0000e+00  0.0000e+00 
1.6816e+03     0.0000e+00  0.0000e+00     0.0000e+00  0.0000e+00     0.0000e+00  0.0000e+00     0.0000e+00  0.0000e+00 
1.8868e+03     0.0000e+00  0.0000e+00     0.0000e+00  0.0000e+00     0.0000e+00  0.0000e+00     0.0000e+00  0.0000e+00 
2.1170e+03     0.0000e+00  0.0000e+00     0.0000e+00  0.0000e+00     0.0000e+00  0.0000e+00     0.0000e+00  0.0000e+00 
2.3753e+03     0.0000e+00  0.0000e+00     0.0000e+00  0.0000e+00     0.0000e+00  0.0000e+00     0.0000e+00  0.0000e+00 
2.6651e+03     0.0000e+00  0.0000e+00     0.0000e+00  0.0000e+00     0.0000e+00  0.0000e+00     0.0000e+00  0.0000e+00 
2.9903e+03     0.0000e+00  0.0000e+00     0.0000e+00  0.0000e+00     0.0000e+00  0.0000e+00     0.0000e+00  0.0000e+00 
3.3552e+03     0.0000e+00  0.0000e+00     0.0000e+00  0.0000e+00     0.0000e+00  0.0000e+00     0.0000e+00  0.0000e+00 
3.7646e+03     0.0000e+00  0.0000e+00     0.0000e+00  0.0000e+00     0.0000e+00  0.0000e+00     0.0000e+00  0.0000e+00 
4.2240e+03     0.0000e+00  0.0000e+00     0.0000e+00  0.0000e+00     0.0000e+00  0.0000e+00     0.0000e+00  0.0000e+00 
4.7394e+03     0.0000e+00  0.0000e+00     0.0000e+00  0.0000e+00     0.0000e+00  0.0000e+00     0.0000e+00  0.0000e+00 
5.3176e+03     0.0000e+00  0.0000e+00     0.0000e+00  0.0000e+00     0.0000e+00  0.0000e+00     0.0000e+00  0.0000e+00 
5.9665e+03     0.0000e+00  0.0000e+00     0.0000e+00  0.0000e+00     0.0000e+00  0.0000e+00     0.0000e+00  0.0000e+00 
6.6945e+03     0.0000e+00  0.0000e+00     0.0000e+00  0.0000e+00     0.0000e+00  0.0000e+00     0.0000e+00  0.0000e+00 
7.5114e+03     0.0000e+00  0.0000e+00     0.0000e+00  0.0000e+00     0.0000e+00  0.0000e+00     0.0000e+00  0.0000e+00 
8.4279e+03     0.0000e+00  0.0000e+00     0.0000e+00  0.0000e+00     0.0000e+00  0.0000e+00     0.0000e+00  0.0000e+00 
9.4563e+03     0.0000e+00  0.0000e+00     0.0000e+00  0.0000e+00     0.0000e+00  0.0000e+00     0.0000e+00  0.0000e+00 
