yF = 5.1182e+00 (std: 0.0000e+00) keV/um
yD = 2.3062e+01 (std: 0.0000e+00) keV/um
y (keV/um)     f(y)(std)                  yf(y)(std)                 d(y)(std)                  yd(y)(std)  
1.0610e-01     2.2751e+01  0.0000e+00     2.4139e+00  0.0000e+00     4.7162e-01  0.0000e+00     5.0039e-02  0.0000e+00 
1.1905e-01     1.8242e+00  0.0000e+00     2.1716e-01  0.0000e+00     4.2430e-02  0.0000e+00     5.0512e-03  0.0000e+00 
1.3357e-01     5.8565e-01  0.0000e+00     7.8228e-02  0.0000e+00     1.5284e-02  0.0000e+00     2.0416e-03  0.0000e+00 
1.4987e-01     2.6448e+00  0.0000e+00     3.9638e-01  0.0000e+00     7.7446e-02  0.0000e+00     1.1607e-02  0.0000e+00 
1.6816e-01     8.9595e-01  0.0000e+00     1.5066e-01  0.0000e+00     2.9436e-02  0.0000e+00     4.9500e-03  0.0000e+00 
1.8868e-01     6.2737e-01  0.0000e+00     1.1837e-01  0.0000e+00     2.3127e-02  0.0000e+00     4.3636e-03  0.0000e+00 
2.1170e-01     6.5163e-01  0.0000e+00     1.3795e-01  0.0000e+00     2.6953e-02  0.0000e+00     5.7058e-03  0.0000e+00 
2.3753e-01     6.1729e-01  0.0000e+00     1.4663e-01  0.0000e+00     2.8648e-02  0.0000e+00     6.8047e-03  0.0000e+00 
2.6651e-01     3.0506e-01  0.0000e+00     8.1303e-02  0.0000e+00     1.5885e-02  0.0000e+00     4.2336e-03  0.0000e+00 
2.9903e-01     2.6537e-01  0.0000e+00     7.9353e-02  0.0000e+00     1.5504e-02  0.0000e+00     4.6363e-03  0.0000e+00 
3.3552e-01     1.2409e+00  0.0000e+00     4.1634e-01  0.0000e+00     8.1346e-02  0.0000e+00     2.7293e-02  0.0000e+00 
3.7646e-01     8.7284e-01  0.0000e+00     3.2859e-01  0.0000e+00     6.4200e-02  0.0000e+00     2.4169e-02  0.0000e+00 
4.2240e-01     4.2143e-01  0.0000e+00     1.7801e-01  0.0000e+00     3.4780e-02  0.0000e+00     1.4691e-02  0.0000e+00 
4.7394e-01     4.1152e-01  0.0000e+00     1.9503e-01  0.0000e+00     3.8106e-02  0.0000e+00     1.8060e-02  0.0000e+00 
5.3176e-01     2.8198e-01  0.0000e+00     1.4995e-01  0.0000e+00     2.9297e-02  0.0000e+00     1.5579e-02  0.0000e+00 
5.9665e-01     1.4943e-01  0.0000e+00     8.9156e-02  0.0000e+00     1.7419e-02  0.0000e+00     1.0393e-02  0.0000e+00 
6.6945e-01     2.1644e-01  0.0000e+00     1.4490e-01  0.0000e+00     2.8310e-02  0.0000e+00     1.8952e-02  0.0000e+00 
7.5114e-01     1.9012e-01  0.0000e+00     1.4281e-01  0.0000e+00     2.7902e-02  0.0000e+00     2.0958e-02  0.0000e+00 
8.4279e-01     1.0520e-01  0.0000e+00     8.8662e-02  0.0000e+00     1.7323e-02  0.0000e+00     1.4599e-02  0.0000e+00 
9.4563e-01     6.4955e-02  0.0000e+00     6.1423e-02  0.0000e+00     1.2001e-02  0.0000e+00     1.1348e-02  0.0000e+00 
1.0610e+00     5.0568e-02  0.0000e+00     5.3653e-02  0.0000e+00     1.0483e-02  0.0000e+00     1.1122e-02  0.0000e+00 
1.1905e+00     2.7978e-02  0.0000e+00     3.3306e-02  0.0000e+00     6.5075e-03  0.0000e+00     7.7469e-03  0.0000e+00 
1.3357e+00     1.6507e-02  0.0000e+00     2.2049e-02  0.0000e+00     4.3079e-03  0.0000e+00     5.7542e-03  0.0000e+00 
1.4987e+00     9.1422e-03  0.0000e+00     1.3701e-02  0.0000e+00     2.6770e-03  0.0000e+00     4.0121e-03  0.0000e+00 
1.6816e+00     4.8822e-03  0.0000e+00     8.2099e-03  0.0000e+00     1.6041e-03  0.0000e+00     2.6974e-03  0.0000e+00 
1.8868e+00     2.0228e-03  0.0000e+00     3.8166e-03  0.0000e+00     7.4570e-04  0.0000e+00     1.4070e-03  0.0000e+00 
2.1170e+00     7.1336e-04  0.0000e+00     1.5102e-03  0.0000e+00     2.9506e-04  0.0000e+00     6.2464e-04  0.0000e+00 
2.3753e+00     2.8899e-04  0.0000e+00     6.8645e-04  0.0000e+00     1.3412e-04  0.0000e+00     3.1857e-04  0.0000e+00 
2.6651e+00     1.0303e-04  0.0000e+00     2.7458e-04  0.0000e+00     5.3648e-05  0.0000e+00     1.4298e-04  0.0000e+00 
2.9903e+00     1.8364e-05  0.0000e+00     5.4916e-05  0.0000e+00     1.0730e-05  0.0000e+00     3.2085e-05  0.0000e+00 
3.3552e+00     0.0000e+00  0.0000e+00     0.0000e+00  0.0000e+00     0.0000e+00  0.0000e+00     0.0000e+00  0.0000e+00 
3.7646e+00     0.0000e+00  0.0000e+00     0.0000e+00  0.0000e+00     0.0000e+00  0.0000e+00     0.0000e+00  0.0000e+00 
4.2240e+00     0.0000e+00  0.0000e+00     0.0000e+00  0.0000e+00     0.0000e+00  0.0000e+00     0.0000e+00  0.0000e+00 
4.7394e+00     0.0000e+00  0.0000e+00     0.0000e+00  0.0000e+00     0.0000e+00  0.0000e+00     0.0000e+00  0.0000e+00 
5.3176e+00     0.0000e+00  0.0000e+00     0.0000e+00  0.0000e+00     0.0000e+00  0.0000e+00     0.0000e+00  0.0000e+00 
5.9665e+00     1.0687e-01  0.0000e+00     6.3766e-01  0.0000e+00     1.2459e-01  0.0000e+00     7.4334e-01  0.0000e+00 
6.6945e+00     2.6385e-02  0.0000e+00     1.7664e-01  0.0000e+00     3.4512e-02  0.0000e+00     2.3104e-01  0.0000e+00 
7.5114e+00     6.8431e-03  0.0000e+00     5.1401e-02  0.0000e+00     1.0043e-02  0.0000e+00     7.5435e-02  0.0000e+00 
8.4279e+00     2.6862e-02  0.0000e+00     2.2639e-01  0.0000e+00     4.4232e-02  0.0000e+00     3.7279e-01  0.0000e+00 
9.4563e+00     1.9638e-02  0.0000e+00     1.8570e-01  0.0000e+00     3.6282e-02  0.0000e+00     3.4309e-01  0.0000e+00 
1.0610e+01     2.7559e-02  0.0000e+00     2.9240e-01  0.0000e+00     5.7129e-02  0.0000e+00     6.0615e-01  0.0000e+00 
1.1905e+01     2.0059e-02  0.0000e+00     2.3880e-01  0.0000e+00     4.6657e-02  0.0000e+00     5.5544e-01  0.0000e+00 
1.3357e+01     1.5378e-02  0.0000e+00     2.0541e-01  0.0000e+00     4.0134e-02  0.0000e+00     5.3608e-01  0.0000e+00 
1.4987e+01     9.6551e-03  0.0000e+00     1.4470e-01  0.0000e+00     2.8272e-02  0.0000e+00     4.2372e-01  0.0000e+00 
1.6816e+01     6.4792e-03  0.0000e+00     1.0895e-01  0.0000e+00     2.1287e-02  0.0000e+00     3.5797e-01  0.0000e+00 
1.8868e+01     5.2085e-03  0.0000e+00     9.8272e-02  0.0000e+00     1.9200e-02  0.0000e+00     3.6227e-01  0.0000e+00 
2.1170e+01     4.7406e-03  0.0000e+00     1.0036e-01  0.0000e+00     1.9608e-02  0.0000e+00     4.1510e-01  0.0000e+00 
2.3753e+01     4.1916e-03  0.0000e+00     9.9562e-02  0.0000e+00     1.9453e-02  0.0000e+00     4.6206e-01  0.0000e+00 
2.6651e+01     2.8281e-03  0.0000e+00     7.5372e-02  0.0000e+00     1.4726e-02  0.0000e+00     3.9248e-01  0.0000e+00 
2.9903e+01     2.0311e-03  0.0000e+00     6.0737e-02  0.0000e+00     1.1867e-02  0.0000e+00     3.5486e-01  0.0000e+00 
3.3552e+01     1.7022e-03  0.0000e+00     5.7112e-02  0.0000e+00     1.1159e-02  0.0000e+00     3.7440e-01  0.0000e+00 
3.7646e+01     1.3114e-03  0.0000e+00     4.9369e-02  0.0000e+00     9.6458e-03  0.0000e+00     3.6313e-01  0.0000e+00 
4.2240e+01     9.3153e-04  0.0000e+00     3.9347e-02  0.0000e+00     7.6877e-03  0.0000e+00     3.2473e-01  0.0000e+00 
4.7394e+01     6.3672e-04  0.0000e+00     3.0176e-02  0.0000e+00     5.8959e-03  0.0000e+00     2.7943e-01  0.0000e+00 
5.3176e+01     4.3735e-04  0.0000e+00     2.3257e-02  0.0000e+00     4.5440e-03  0.0000e+00     2.4163e-01  0.0000e+00 
5.9665e+01     2.7796e-04  0.0000e+00     1.6585e-02  0.0000e+00     3.2403e-03  0.0000e+00     1.9333e-01  0.0000e+00 
6.6945e+01     1.6324e-04  0.0000e+00     1.0928e-02  0.0000e+00     2.1352e-03  0.0000e+00     1.4294e-01  0.0000e+00 
7.5114e+01     9.6871e-05  0.0000e+00     7.2763e-03  0.0000e+00     1.4217e-03  0.0000e+00     1.0679e-01  0.0000e+00 
8.4279e+01     4.1376e-05  0.0000e+00     3.4872e-03  0.0000e+00     6.8132e-04  0.0000e+00     5.7421e-02  0.0000e+00 
9.4563e+01     2.1487e-05  0.0000e+00     2.0319e-03  0.0000e+00     3.9699e-04  0.0000e+00     3.7541e-02  0.0000e+00 
1.0610e+02     1.0869e-05  0.0000e+00     1.1532e-03  0.0000e+00     2.2532e-04  0.0000e+00     2.3907e-02  0.0000e+00 
1.1905e+02     2.7678e-06  0.0000e+00     3.2949e-04  0.0000e+00     6.4377e-05  0.0000e+00     7.6639e-03  0.0000e+00 
1.3357e+02     4.1113e-07  0.0000e+00     5.4916e-05  0.0000e+00     1.0730e-05  0.0000e+00     1.4332e-03  0.0000e+00 
1.4987e+02     0.0000e+00  0.0000e+00     0.0000e+00  0.0000e+00     0.0000e+00  0.0000e+00     0.0000e+00  0.0000e+00 
1.6816e+02     0.0000e+00  0.0000e+00     0.0000e+00  0.0000e+00     0.0000e+00  0.0000e+00     0.0000e+00  0.0000e+00 
1.8868e+02     0.0000e+00  0.0000e+00     0.0000e+00  0.0000e+00     0.0000e+00  0.0000e+00     0.0000e+00  0.0000e+00 
2.1170e+02     0.0000e+00  0.0000e+00     0.0000e+00  0.0000e+00     0.0000e+00  0.0000e+00     0.0000e+00  0.0000e+00 
2.3753e+02     0.0000e+00  0.0000e+00     0.0000e+00  0.0000e+00     0.0000e+00  0.0000e+00     0.0000e+00  0.0000e+00 
2.6651e+02     0.0000e+00  0.0000e+00     0.0000e+00  0.0000e+00     0.0000e+00  0.0000e+00     0.0000e+00  0.0000e+00 
2.9903e+02     0.0000e+00  0.0000e+00     0.0000e+00  0.0000e+00     0.0000e+00  0.0000e+00     0.0000e+00  0.0000e+00 
3.3552e+02     0.0000e+00  0.0000e+00     0.0000e+00  0.0000e+00     0.0000e+00  0.0000e+00     0.0000e+00  0.0000e+00 
3.7646e+02     0.0000e+00  0.0000e+00     0.0000e+00  0.0000e+00     0.0000e+00  0.0000e+00     0.0000e+00  0.0000e+00 
4.2240e+02     0.0000e+00  0.0000e+00     0.0000e+00  0.0000e+00     0.0000e+00  0.0000e+00     0.0000e+00  0.0000e+00 
4.7394e+02     0.0000e+00  0.0000e+00     0.0000e+00  0.0000e+00     0.0000e+00  0.0000e+00     0.0000e+00  0.0000e+00 
5.3176e+02     0.0000e+00  0.0000e+00     0.0000e+00  0.0000e+00     0.0000e+00  0.0000e+00     0.0000e+00  0.0000e+00 
5.9665e+02     0.0000e+00  0.0000e+00     0.0000e+00  0.0000e+00     0.0000e+00  0.0000e+00     0.0000e+00  0.0000e+00 
6.6945e+02     0.0000e+00  0.0000e+00     0.0000e+00  0.0000e+00     0.0000e+00  0.0000e+00     0.0000e+00  0.0000e+00 
7.5114e+02     0.0000e+00  0.0000e+00     0.0000e+00  0.0000e+00     0.0000e+00  0.0000e+00     0.0000e+00  0.0000e+00 
8.4279e+02     0.0000e+00  0.0000e+00     0.0000e+00  0.0000e+00     0.0000e+00  0.0000e+00     0.0000e+00  0.0000e+00 
9.4563e+02     0.0000e+00  0.0000e+00     0.0000e+00  0.0000e+00     0.0000e+00  0.0000e+00     0.0000e+00  0.0000e+00 
1.0610e+03     0.0000e+00  0.0000e+00     0.0000e+00  0.0000e+00     0.0000e+00  0.0000e+00     0.0000e+00  0.0000e+00 
1.1905e+03     0.0000e+00  0.0000e+00     0.0000e+00  0.0000e+00     0.0000e+00  0.0000e+00     0.0000e+00  0.0000e+00 
1.3357e+03     0.0000e+00  0.0000e+00     0.0000e+00  0.0000e+00     0.0000e+00  0.0000e+00     0.0000e+00  0.0000e+00 
1.4987e+03     0.0000e+00  0.0000e+00     0.0000e+00  0.0000e+00     0.0000e+00  0.0000e+00     0.0000e+00  0.0000e+00 
1.6816e+03     0.0000e+00  0.0000e+00     0.0000e+00  0.0000e+00     0.0000e+00  0.0000e+00     0.0000e+00  0.0000e+00 
1.8868e+03     0.0000e+00  0.0000e+00     0.0000e+00  0.0000e+00     0.0000e+00  0.0000e+00     0.0000e+00  0.0000e+00 
2.1170e+03     0.0000e+00  0.0000e+00     0.0000e+00  0.0000e+00     0.0000e+00  0.0000e+00     0.0000e+00  0.0000e+00 
2.3753e+03     0.0000e+00  0.0000e+00     0.0000e+00  0.0000e+00     0.0000e+00  0.0000e+00     0.0000e+00  0.0000e+00 
2.6651e+03     0.0000e+00  0.0000e+00     0.0000e+00  0.0000e+00     0.0000e+00  0.0000e+00     0.0000e+00  0.0000e+00 
2.9903e+03     0.0000e+00  0.0000e+00     0.0000e+00  0.0000e+00     0.0000e+00  0.0000e+00     0.0000e+00  0.0000e+00 
3.3552e+03     0.0000e+00  0.0000e+00     0.0000e+00  0.0000e+00     0.0000e+00  0.0000e+00     0.0000e+00  0.0000e+00 
3.7646e+03     0.0000e+00  0.0000e+00     0.0000e+00  0.0000e+00     0.0000e+00  0.0000e+00     0.0000e+00  0.0000e+00 
4.2240e+03     0.0000e+00  0.0000e+00     0.0000e+00  0.0000e+00     0.0000e+00  0.0000e+00     0.0000e+00  0.0000e+00 
4.7394e+03     0.0000e+00  0.0000e+00     0.0000e+00  0.0000e+00     0.0000e+00  0.0000e+00     0.0000e+00  0.0000e+00 
5.3176e+03     0.0000e+00  0.0000e+00     0.0000e+00  0.0000e+00     0.0000e+00  0.0000e+00     0.0000e+00  0.0000e+00 
5.9665e+03     0.0000e+00  0.0000e+00     0.0000e+00  0.0000e+00     0.0000e+00  0.0000e+00     0.0000e+00  0.0000e+00 
6.6945e+03     0.0000e+00  0.0000e+00     0.0000e+00  0.0000e+00     0.0000e+00  0.0000e+00     0.0000e+00  0.0000e+00 
7.5114e+03     0.0000e+00  0.0000e+00     0.0000e+00  0.0000e+00     0.0000e+00  0.0000e+00     0.0000e+00  0.0000e+00 
8.4279e+03     0.0000e+00  0.0000e+00     0.0000e+00  0.0000e+00     0.0000e+00  0.0000e+00     0.0000e+00  0.0000e+00 
9.4563e+03     0.0000e+00  0.0000e+00     0.0000e+00  0.0000e+00     0.0000e+00  0.0000e+00     0.0000e+00  0.0000e+00 
