yF = 4.9168e+00 (std: 0.0000e+00) keV/um
yD = 2.4255e+01 (std: 0.0000e+00) keV/um
y (keV/um)     f(y)(std)                  yf(y)(std)                 d(y)(std)                  yd(y)(std)  
1.0610e-01     2.5105e+01  0.0000e+00     2.6636e+00  0.0000e+00     5.4174e-01  0.0000e+00     5.7479e-02  0.0000e+00 
1.1905e-01     1.9112e+00  0.0000e+00     2.2753e-01  0.0000e+00     4.6275e-02  0.0000e+00     5.5090e-03  0.0000e+00 
1.3357e-01     5.9640e-01  0.0000e+00     7.9663e-02  0.0000e+00     1.6202e-02  0.0000e+00     2.1642e-03  0.0000e+00 
1.4987e-01     2.7768e+00  0.0000e+00     4.1616e-01  0.0000e+00     8.4641e-02  0.0000e+00     1.2685e-02  0.0000e+00 
1.6816e-01     8.3686e-01  0.0000e+00     1.4073e-01  0.0000e+00     2.8621e-02  0.0000e+00     4.8129e-03  0.0000e+00 
1.8868e-01     6.2636e-01  0.0000e+00     1.1818e-01  0.0000e+00     2.4036e-02  0.0000e+00     4.5350e-03  0.0000e+00 
2.1170e-01     6.4256e-01  0.0000e+00     1.3603e-01  0.0000e+00     2.7666e-02  0.0000e+00     5.8568e-03  0.0000e+00 
2.3753e-01     5.8217e-01  0.0000e+00     1.3828e-01  0.0000e+00     2.8124e-02  0.0000e+00     6.6804e-03  0.0000e+00 
2.6651e-01     2.8692e-01  0.0000e+00     7.6469e-02  0.0000e+00     1.5553e-02  0.0000e+00     4.1450e-03  0.0000e+00 
2.9903e-01     2.3813e-01  0.0000e+00     7.1208e-02  0.0000e+00     1.4483e-02  0.0000e+00     4.3308e-03  0.0000e+00 
3.3552e-01     1.3372e+00  0.0000e+00     4.4867e-01  0.0000e+00     9.1252e-02  0.0000e+00     3.0617e-02  0.0000e+00 
3.7646e-01     8.9336e-01  0.0000e+00     3.3631e-01  0.0000e+00     6.8400e-02  0.0000e+00     2.5750e-02  0.0000e+00 
4.2240e-01     3.9588e-01  0.0000e+00     1.6722e-01  0.0000e+00     3.4009e-02  0.0000e+00     1.4365e-02  0.0000e+00 
4.7394e-01     3.7582e-01  0.0000e+00     1.7811e-01  0.0000e+00     3.6226e-02  0.0000e+00     1.7169e-02  0.0000e+00 
5.3176e-01     2.3991e-01  0.0000e+00     1.2757e-01  0.0000e+00     2.5946e-02  0.0000e+00     1.3797e-02  0.0000e+00 
5.9665e-01     1.2690e-01  0.0000e+00     7.5717e-02  0.0000e+00     1.5400e-02  0.0000e+00     9.1882e-03  0.0000e+00 
6.6945e-01     2.2144e-01  0.0000e+00     1.4824e-01  0.0000e+00     3.0150e-02  0.0000e+00     2.0184e-02  0.0000e+00 
7.5114e-01     1.7334e-01  0.0000e+00     1.3020e-01  0.0000e+00     2.6481e-02  0.0000e+00     1.9891e-02  0.0000e+00 
8.4279e-01     7.9587e-02  0.0000e+00     6.7075e-02  0.0000e+00     1.3642e-02  0.0000e+00     1.1497e-02  0.0000e+00 
9.4563e-01     4.9275e-02  0.0000e+00     4.6595e-02  0.0000e+00     9.4767e-03  0.0000e+00     8.9614e-03  0.0000e+00 
1.0610e+00     4.3739e-02  0.0000e+00     4.6407e-02  0.0000e+00     9.4385e-03  0.0000e+00     1.0014e-02  0.0000e+00 
1.1905e+00     1.9728e-02  0.0000e+00     2.3486e-02  0.0000e+00     4.7766e-03  0.0000e+00     5.6864e-03  0.0000e+00 
1.3357e+00     1.1675e-02  0.0000e+00     1.5594e-02  0.0000e+00     3.1716e-03  0.0000e+00     4.2365e-03  0.0000e+00 
1.4987e+00     8.5247e-03  0.0000e+00     1.2776e-02  0.0000e+00     2.5985e-03  0.0000e+00     3.8943e-03  0.0000e+00 
1.6816e+00     2.7933e-03  0.0000e+00     4.6971e-03  0.0000e+00     9.5531e-04  0.0000e+00     1.6064e-03  0.0000e+00 
1.8868e+00     1.3941e-03  0.0000e+00     2.6304e-03  0.0000e+00     5.3498e-04  0.0000e+00     1.0094e-03  0.0000e+00 
2.1170e+00     5.3250e-04  0.0000e+00     1.1273e-03  0.0000e+00     2.2928e-04  0.0000e+00     4.8537e-04  0.0000e+00 
2.3753e+00     1.5820e-04  0.0000e+00     3.7577e-04  0.0000e+00     7.6425e-05  0.0000e+00     1.8153e-04  0.0000e+00 
2.6651e+00     0.0000e+00  0.0000e+00     0.0000e+00  0.0000e+00     0.0000e+00  0.0000e+00     0.0000e+00  0.0000e+00 
2.9903e+00     0.0000e+00  0.0000e+00     0.0000e+00  0.0000e+00     0.0000e+00  0.0000e+00     0.0000e+00  0.0000e+00 
3.3552e+00     0.0000e+00  0.0000e+00     0.0000e+00  0.0000e+00     0.0000e+00  0.0000e+00     0.0000e+00  0.0000e+00 
3.7646e+00     0.0000e+00  0.0000e+00     0.0000e+00  0.0000e+00     0.0000e+00  0.0000e+00     0.0000e+00  0.0000e+00 
4.2240e+00     0.0000e+00  0.0000e+00     0.0000e+00  0.0000e+00     0.0000e+00  0.0000e+00     0.0000e+00  0.0000e+00 
4.7394e+00     0.0000e+00  0.0000e+00     0.0000e+00  0.0000e+00     0.0000e+00  0.0000e+00     0.0000e+00  0.0000e+00 
5.3176e+00     0.0000e+00  0.0000e+00     0.0000e+00  0.0000e+00     0.0000e+00  0.0000e+00     0.0000e+00  0.0000e+00 
5.9665e+00     1.1462e-01  0.0000e+00     6.8390e-01  0.0000e+00     1.3909e-01  0.0000e+00     8.2990e-01  0.0000e+00 
6.6945e+00     2.1947e-02  0.0000e+00     1.4693e-01  0.0000e+00     2.9882e-02  0.0000e+00     2.0005e-01  0.0000e+00 
7.5114e+00     5.9031e-03  0.0000e+00     4.4341e-02  0.0000e+00     9.0182e-03  0.0000e+00     6.7739e-02  0.0000e+00 
8.4279e+00     2.8223e-02  0.0000e+00     2.3786e-01  0.0000e+00     4.8377e-02  0.0000e+00     4.0772e-01  0.0000e+00 
9.4563e+00     1.5696e-02  0.0000e+00     1.4843e-01  0.0000e+00     3.0188e-02  0.0000e+00     2.8546e-01  0.0000e+00 
1.0610e+01     2.5128e-02  0.0000e+00     2.6661e-01  0.0000e+00     5.4224e-02  0.0000e+00     5.7532e-01  0.0000e+00 
1.1905e+01     1.8276e-02  0.0000e+00     2.1757e-01  0.0000e+00     4.4250e-02  0.0000e+00     5.2679e-01  0.0000e+00 
1.3357e+01     1.3124e-02  0.0000e+00     1.7530e-01  0.0000e+00     3.5652e-02  0.0000e+00     4.7622e-01  0.0000e+00 
1.4987e+01     7.9857e-03  0.0000e+00     1.1968e-01  0.0000e+00     2.4341e-02  0.0000e+00     3.6481e-01  0.0000e+00 
1.6816e+01     5.3407e-03  0.0000e+00     8.9809e-02  0.0000e+00     1.8266e-02  0.0000e+00     3.0715e-01  0.0000e+00 
1.8868e+01     4.8396e-03  0.0000e+00     9.1312e-02  0.0000e+00     1.8571e-02  0.0000e+00     3.5040e-01  0.0000e+00 
2.1170e+01     4.4020e-03  0.0000e+00     9.3191e-02  0.0000e+00     1.8953e-02  0.0000e+00     4.0124e-01  0.0000e+00 
2.3753e+01     4.0103e-03  0.0000e+00     9.5257e-02  0.0000e+00     1.9374e-02  0.0000e+00     4.6019e-01  0.0000e+00 
2.6651e+01     2.8199e-03  0.0000e+00     7.5154e-02  0.0000e+00     1.5285e-02  0.0000e+00     4.0737e-01  0.0000e+00 
2.9903e+01     1.9163e-03  0.0000e+00     5.7305e-02  0.0000e+00     1.1655e-02  0.0000e+00     3.4852e-01  0.0000e+00 
3.3552e+01     1.8927e-03  0.0000e+00     6.3505e-02  0.0000e+00     1.2916e-02  0.0000e+00     4.3335e-01  0.0000e+00 
3.7646e+01     1.2926e-03  0.0000e+00     4.8662e-02  0.0000e+00     9.8971e-03  0.0000e+00     3.7258e-01  0.0000e+00 
4.2240e+01     8.4513e-04  0.0000e+00     3.5698e-02  0.0000e+00     7.2604e-03  0.0000e+00     3.0668e-01  0.0000e+00 
4.7394e+01     6.5412e-04  0.0000e+00     3.1001e-02  0.0000e+00     6.3051e-03  0.0000e+00     2.9882e-01  0.0000e+00 
5.3176e+01     4.3105e-04  0.0000e+00     2.2922e-02  0.0000e+00     4.6619e-03  0.0000e+00     2.4790e-01  0.0000e+00 
5.9665e+01     3.1175e-04  0.0000e+00     1.8601e-02  0.0000e+00     3.7830e-03  0.0000e+00     2.2572e-01  0.0000e+00 
6.6945e+01     1.9365e-04  0.0000e+00     1.2964e-02  0.0000e+00     2.6367e-03  0.0000e+00     1.7651e-01  0.0000e+00 
7.5114e+01     1.2006e-04  0.0000e+00     9.0185e-03  0.0000e+00     1.8342e-03  0.0000e+00     1.3777e-01  0.0000e+00 
8.4279e+01     7.5797e-05  0.0000e+00     6.3881e-03  0.0000e+00     1.2992e-03  0.0000e+00     1.0950e-01  0.0000e+00 
9.4563e+01     1.7882e-05  0.0000e+00     1.6910e-03  0.0000e+00     3.4391e-04  0.0000e+00     3.2521e-02  0.0000e+00 
1.0610e+02     1.0625e-05  0.0000e+00     1.1273e-03  0.0000e+00     2.2928e-04  0.0000e+00     2.4326e-02  0.0000e+00 
1.1905e+02     3.1565e-06  0.0000e+00     3.7577e-04  0.0000e+00     7.6425e-05  0.0000e+00     9.0982e-03  0.0000e+00 
1.3357e+02     1.4066e-06  0.0000e+00     1.8788e-04  0.0000e+00     3.8213e-05  0.0000e+00     5.1042e-03  0.0000e+00 
1.4987e+02     0.0000e+00  0.0000e+00     0.0000e+00  0.0000e+00     0.0000e+00  0.0000e+00     0.0000e+00  0.0000e+00 
1.6816e+02     0.0000e+00  0.0000e+00     0.0000e+00  0.0000e+00     0.0000e+00  0.0000e+00     0.0000e+00  0.0000e+00 
1.8868e+02     0.0000e+00  0.0000e+00     0.0000e+00  0.0000e+00     0.0000e+00  0.0000e+00     0.0000e+00  0.0000e+00 
2.1170e+02     0.0000e+00  0.0000e+00     0.0000e+00  0.0000e+00     0.0000e+00  0.0000e+00     0.0000e+00  0.0000e+00 
2.3753e+02     0.0000e+00  0.0000e+00     0.0000e+00  0.0000e+00     0.0000e+00  0.0000e+00     0.0000e+00  0.0000e+00 
2.6651e+02     0.0000e+00  0.0000e+00     0.0000e+00  0.0000e+00     0.0000e+00  0.0000e+00     0.0000e+00  0.0000e+00 
2.9903e+02     0.0000e+00  0.0000e+00     0.0000e+00  0.0000e+00     0.0000e+00  0.0000e+00     0.0000e+00  0.0000e+00 
3.3552e+02     0.0000e+00  0.0000e+00     0.0000e+00  0.0000e+00     0.0000e+00  0.0000e+00     0.0000e+00  0.0000e+00 
3.7646e+02     0.0000e+00  0.0000e+00     0.0000e+00  0.0000e+00     0.0000e+00  0.0000e+00     0.0000e+00  0.0000e+00 
4.2240e+02     0.0000e+00  0.0000e+00     0.0000e+00  0.0000e+00     0.0000e+00  0.0000e+00     0.0000e+00  0.0000e+00 
4.7394e+02     0.0000e+00  0.0000e+00     0.0000e+00  0.0000e+00     0.0000e+00  0.0000e+00     0.0000e+00  0.0000e+00 
5.3176e+02     0.0000e+00  0.0000e+00     0.0000e+00  0.0000e+00     0.0000e+00  0.0000e+00     0.0000e+00  0.0000e+00 
5.9665e+02     0.0000e+00  0.0000e+00     0.0000e+00  0.0000e+00     0.0000e+00  0.0000e+00     0.0000e+00  0.0000e+00 
6.6945e+02     0.0000e+00  0.0000e+00     0.0000e+00  0.0000e+00     0.0000e+00  0.0000e+00     0.0000e+00  0.0000e+00 
7.5114e+02     0.0000e+00  0.0000e+00     0.0000e+00  0.0000e+00     0.0000e+00  0.0000e+00     0.0000e+00  0.0000e+00 
8.4279e+02     0.0000e+00  0.0000e+00     0.0000e+00  0.0000e+00     0.0000e+00  0.0000e+00     0.0000e+00  0.0000e+00 
9.4563e+02     0.0000e+00  0.0000e+00     0.0000e+00  0.0000e+00     0.0000e+00  0.0000e+00     0.0000e+00  0.0000e+00 
1.0610e+03     0.0000e+00  0.0000e+00     0.0000e+00  0.0000e+00     0.0000e+00  0.0000e+00     0.0000e+00  0.0000e+00 
1.1905e+03     0.0000e+00  0.0000e+00     0.0000e+00  0.0000e+00     0.0000e+00  0.0000e+00     0.0000e+00  0.0000e+00 
1.3357e+03     0.0000e+00  0.0000e+00     0.0000e+00  0.0000e+00     0.0000e+00  0.0000e+00     0.0000e+00  0.0000e+00 
1.4987e+03     0.0000e+00  0.0000e+00     0.0000e+00  0.0000e+00     0.0000e+00  0.0000e+00     0.0000e+00  0.0000e+00 
1.6816e+03     0.0000e+00  0.0000e+00     0.0000e+00  0.0000e+00     0.0000e+00  0.0000e+00     0.0000e+00  0.0000e+00 
1.8868e+03     0.0000e+00  0.0000e+00     0.0000e+00  0.0000e+00     0.0000e+00  0.0000e+00     0.0000e+00  0.0000e+00 
2.1170e+03     0.0000e+00  0.0000e+00     0.0000e+00  0.0000e+00     0.0000e+00  0.0000e+00     0.0000e+00  0.0000e+00 
2.3753e+03     0.0000e+00  0.0000e+00     0.0000e+00  0.0000e+00     0.0000e+00  0.0000e+00     0.0000e+00  0.0000e+00 
2.6651e+03     0.0000e+00  0.0000e+00     0.0000e+00  0.0000e+00     0.0000e+00  0.0000e+00     0.0000e+00  0.0000e+00 
2.9903e+03     0.0000e+00  0.0000e+00     0.0000e+00  0.0000e+00     0.0000e+00  0.0000e+00     0.0000e+00  0.0000e+00 
3.3552e+03     0.0000e+00  0.0000e+00     0.0000e+00  0.0000e+00     0.0000e+00  0.0000e+00     0.0000e+00  0.0000e+00 
3.7646e+03     0.0000e+00  0.0000e+00     0.0000e+00  0.0000e+00     0.0000e+00  0.0000e+00     0.0000e+00  0.0000e+00 
4.2240e+03     0.0000e+00  0.0000e+00     0.0000e+00  0.0000e+00     0.0000e+00  0.0000e+00     0.0000e+00  0.0000e+00 
4.7394e+03     0.0000e+00  0.0000e+00     0.0000e+00  0.0000e+00     0.0000e+00  0.0000e+00     0.0000e+00  0.0000e+00 
5.3176e+03     0.0000e+00  0.0000e+00     0.0000e+00  0.0000e+00     0.0000e+00  0.0000e+00     0.0000e+00  0.0000e+00 
5.9665e+03     0.0000e+00  0.0000e+00     0.0000e+00  0.0000e+00     0.0000e+00  0.0000e+00     0.0000e+00  0.0000e+00 
6.6945e+03     0.0000e+00  0.0000e+00     0.0000e+00  0.0000e+00     0.0000e+00  0.0000e+00     0.0000e+00  0.0000e+00 
7.5114e+03     0.0000e+00  0.0000e+00     0.0000e+00  0.0000e+00     0.0000e+00  0.0000e+00     0.0000e+00  0.0000e+00 
8.4279e+03     0.0000e+00  0.0000e+00     0.0000e+00  0.0000e+00     0.0000e+00  0.0000e+00     0.0000e+00  0.0000e+00 
9.4563e+03     0.0000e+00  0.0000e+00     0.0000e+00  0.0000e+00     0.0000e+00  0.0000e+00     0.0000e+00  0.0000e+00 
