yF = 4.6201e+00 (std: 0.0000e+00) keV/um
yD = 2.3168e+01 (std: 0.0000e+00) keV/um
y (keV/um)     f(y)(std)                  yf(y)(std)                 d(y)(std)                  yd(y)(std)  
1.0610e-01     2.5720e+01  0.0000e+00     2.7289e+00  0.0000e+00     5.9067e-01  0.0000e+00     6.2670e-02  0.0000e+00 
1.1905e-01     1.8981e+00  0.0000e+00     2.2596e-01  0.0000e+00     4.8908e-02  0.0000e+00     5.8224e-03  0.0000e+00 
1.3357e-01     5.7316e-01  0.0000e+00     7.6559e-02  0.0000e+00     1.6571e-02  0.0000e+00     2.2134e-03  0.0000e+00 
1.4987e-01     2.7955e+00  0.0000e+00     4.1896e-01  0.0000e+00     9.0683e-02  0.0000e+00     1.3591e-02  0.0000e+00 
1.6816e-01     9.3669e-01  0.0000e+00     1.5751e-01  0.0000e+00     3.4093e-02  0.0000e+00     5.7331e-03  0.0000e+00 
1.8868e-01     5.7596e-01  0.0000e+00     1.0867e-01  0.0000e+00     2.3521e-02  0.0000e+00     4.4379e-03  0.0000e+00 
2.1170e-01     6.2429e-01  0.0000e+00     1.3216e-01  0.0000e+00     2.8606e-02  0.0000e+00     6.0559e-03  0.0000e+00 
2.3753e-01     5.9340e-01  0.0000e+00     1.4095e-01  0.0000e+00     3.0508e-02  0.0000e+00     7.2466e-03  0.0000e+00 
2.6651e-01     2.7268e-01  0.0000e+00     7.2672e-02  0.0000e+00     1.5730e-02  0.0000e+00     4.1922e-03  0.0000e+00 
2.9903e-01     2.2042e-01  0.0000e+00     6.5912e-02  0.0000e+00     1.4266e-02  0.0000e+00     4.2661e-03  0.0000e+00 
3.3552e-01     1.3787e+00  0.0000e+00     4.6257e-01  0.0000e+00     1.0012e-01  0.0000e+00     3.3593e-02  0.0000e+00 
3.7646e-01     8.8350e-01  0.0000e+00     3.3260e-01  0.0000e+00     7.1991e-02  0.0000e+00     2.7102e-02  0.0000e+00 
4.2240e-01     3.9291e-01  0.0000e+00     1.6596e-01  0.0000e+00     3.5922e-02  0.0000e+00     1.5173e-02  0.0000e+00 
4.7394e-01     3.7907e-01  0.0000e+00     1.7965e-01  0.0000e+00     3.8885e-02  0.0000e+00     1.8429e-02  0.0000e+00 
5.3176e-01     2.4154e-01  0.0000e+00     1.2844e-01  0.0000e+00     2.7801e-02  0.0000e+00     1.4784e-02  0.0000e+00 
5.9665e-01     1.2038e-01  0.0000e+00     7.1827e-02  0.0000e+00     1.5547e-02  0.0000e+00     9.2760e-03  0.0000e+00 
6.6945e-01     2.2494e-01  0.0000e+00     1.5058e-01  0.0000e+00     3.2593e-02  0.0000e+00     2.1820e-02  0.0000e+00 
7.5114e-01     1.8022e-01  0.0000e+00     1.3537e-01  0.0000e+00     2.9301e-02  0.0000e+00     2.2009e-02  0.0000e+00 
8.4279e-01     8.4022e-02  0.0000e+00     7.0813e-02  0.0000e+00     1.5327e-02  0.0000e+00     1.2918e-02  0.0000e+00 
9.4563e-01     4.9685e-02  0.0000e+00     4.6983e-02  0.0000e+00     1.0169e-02  0.0000e+00     9.6165e-03  0.0000e+00 
1.0610e+00     3.8229e-02  0.0000e+00     4.0561e-02  0.0000e+00     8.7794e-03  0.0000e+00     9.3150e-03  0.0000e+00 
1.1905e+00     2.1011e-02  0.0000e+00     2.5013e-02  0.0000e+00     5.4139e-03  0.0000e+00     6.4451e-03  0.0000e+00 
1.3357e+00     1.2653e-02  0.0000e+00     1.6901e-02  0.0000e+00     3.6581e-03  0.0000e+00     4.8862e-03  0.0000e+00 
1.4987e+00     6.7660e-03  0.0000e+00     1.0140e-02  0.0000e+00     2.1948e-03  0.0000e+00     3.2894e-03  0.0000e+00 
1.6816e+00     2.8141e-03  0.0000e+00     4.7321e-03  0.0000e+00     1.0243e-03  0.0000e+00     1.7224e-03  0.0000e+00 
1.8868e+00     9.8531e-04  0.0000e+00     1.8591e-03  0.0000e+00     4.0239e-04  0.0000e+00     7.5921e-04  0.0000e+00 
2.1170e+00     4.7900e-04  0.0000e+00     1.0140e-03  0.0000e+00     2.1948e-04  0.0000e+00     4.6465e-04  0.0000e+00 
2.3753e+00     1.4230e-04  0.0000e+00     3.3801e-04  0.0000e+00     7.3161e-05  0.0000e+00     1.7378e-04  0.0000e+00 
2.6651e+00     6.3413e-05  0.0000e+00     1.6901e-04  0.0000e+00     3.6581e-05  0.0000e+00     9.7492e-05  0.0000e+00 
2.9903e+00     0.0000e+00  0.0000e+00     0.0000e+00  0.0000e+00     0.0000e+00  0.0000e+00     0.0000e+00  0.0000e+00 
3.3552e+00     0.0000e+00  0.0000e+00     0.0000e+00  0.0000e+00     0.0000e+00  0.0000e+00     0.0000e+00  0.0000e+00 
3.7646e+00     0.0000e+00  0.0000e+00     0.0000e+00  0.0000e+00     0.0000e+00  0.0000e+00     0.0000e+00  0.0000e+00 
4.2240e+00     0.0000e+00  0.0000e+00     0.0000e+00  0.0000e+00     0.0000e+00  0.0000e+00     0.0000e+00  0.0000e+00 
4.7394e+00     0.0000e+00  0.0000e+00     0.0000e+00  0.0000e+00     0.0000e+00  0.0000e+00     0.0000e+00  0.0000e+00 
5.3176e+00     0.0000e+00  0.0000e+00     0.0000e+00  0.0000e+00     0.0000e+00  0.0000e+00     0.0000e+00  0.0000e+00 
5.9665e+00     1.1359e-01  0.0000e+00     6.7771e-01  0.0000e+00     1.4669e-01  0.0000e+00     8.7522e-01  0.0000e+00 
6.6945e+00     2.4135e-02  0.0000e+00     1.6157e-01  0.0000e+00     3.4971e-02  0.0000e+00     2.3411e-01  0.0000e+00 
7.5114e+00     6.4575e-03  0.0000e+00     4.8504e-02  0.0000e+00     1.0499e-02  0.0000e+00     7.8859e-02  0.0000e+00 
8.4279e+00     2.7673e-02  0.0000e+00     2.3323e-01  0.0000e+00     5.0481e-02  0.0000e+00     4.2545e-01  0.0000e+00 
9.4563e+00     1.6621e-02  0.0000e+00     1.5717e-01  0.0000e+00     3.4020e-02  0.0000e+00     3.2170e-01  0.0000e+00 
1.0610e+01     2.5422e-02  0.0000e+00     2.6973e-01  0.0000e+00     5.8383e-02  0.0000e+00     6.1945e-01  0.0000e+00 
1.1905e+01     1.7334e-02  0.0000e+00     2.0636e-01  0.0000e+00     4.4665e-02  0.0000e+00     5.3172e-01  0.0000e+00 
1.3357e+01     1.3209e-02  0.0000e+00     1.7644e-01  0.0000e+00     3.8190e-02  0.0000e+00     5.1012e-01  0.0000e+00 
1.4987e+01     7.6005e-03  0.0000e+00     1.1391e-01  0.0000e+00     2.4655e-02  0.0000e+00     3.6951e-01  0.0000e+00 
1.6816e+01     5.1357e-03  0.0000e+00     8.6362e-02  0.0000e+00     1.8693e-02  0.0000e+00     3.1433e-01  0.0000e+00 
1.8868e+01     4.1383e-03  0.0000e+00     7.8080e-02  0.0000e+00     1.6900e-02  0.0000e+00     3.1887e-01  0.0000e+00 
2.1170e+01     3.8879e-03  0.0000e+00     8.2305e-02  0.0000e+00     1.7815e-02  0.0000e+00     3.7714e-01  0.0000e+00 
2.3753e+01     3.8635e-03  0.0000e+00     9.1770e-02  0.0000e+00     1.9863e-02  0.0000e+00     4.7181e-01  0.0000e+00 
2.6651e+01     2.3843e-03  0.0000e+00     6.3546e-02  0.0000e+00     1.3754e-02  0.0000e+00     3.6657e-01  0.0000e+00 
2.9903e+01     1.7859e-03  0.0000e+00     5.3406e-02  0.0000e+00     1.1559e-02  0.0000e+00     3.4567e-01  0.0000e+00 
3.3552e+01     1.5212e-03  0.0000e+00     5.1040e-02  0.0000e+00     1.1047e-02  0.0000e+00     3.7066e-01  0.0000e+00 
3.7646e+01     1.2884e-03  0.0000e+00     4.8504e-02  0.0000e+00     1.0499e-02  0.0000e+00     3.9523e-01  0.0000e+00 
4.2240e+01     8.1223e-04  0.0000e+00     3.4308e-02  0.0000e+00     7.4259e-03  0.0000e+00     3.1367e-01  0.0000e+00 
4.7394e+01     5.8482e-04  0.0000e+00     2.7717e-02  0.0000e+00     5.9992e-03  0.0000e+00     2.8432e-01  0.0000e+00 
5.3176e+01     4.1634e-04  0.0000e+00     2.2140e-02  0.0000e+00     4.7921e-03  0.0000e+00     2.5483e-01  0.0000e+00 
5.9665e+01     2.2944e-04  0.0000e+00     1.3689e-02  0.0000e+00     2.9630e-03  0.0000e+00     1.7679e-01  0.0000e+00 
6.6945e+01     1.3128e-04  0.0000e+00     8.7883e-03  0.0000e+00     1.9022e-03  0.0000e+00     1.2734e-01  0.0000e+00 
7.5114e+01     8.5500e-05  0.0000e+00     6.4222e-03  0.0000e+00     1.3901e-03  0.0000e+00     1.0441e-01  0.0000e+00 
8.4279e+01     5.4143e-05  0.0000e+00     4.5631e-03  0.0000e+00     9.8768e-04  0.0000e+00     8.3240e-02  0.0000e+00 
9.4563e+01     3.0383e-05  0.0000e+00     2.8731e-03  0.0000e+00     6.2187e-04  0.0000e+00     5.8806e-02  0.0000e+00 
1.0610e+02     1.1150e-05  0.0000e+00     1.1830e-03  0.0000e+00     2.5606e-04  0.0000e+00     2.7169e-02  0.0000e+00 
1.1905e+02     0.0000e+00  0.0000e+00     0.0000e+00  0.0000e+00     0.0000e+00  0.0000e+00     0.0000e+00  0.0000e+00 
1.3357e+02     1.2653e-06  0.0000e+00     1.6901e-04  0.0000e+00     3.6581e-05  0.0000e+00     4.8862e-03  0.0000e+00 
1.4987e+02     1.1277e-06  0.0000e+00     1.6901e-04  0.0000e+00     3.6581e-05  0.0000e+00     5.4824e-03  0.0000e+00 
1.6816e+02     0.0000e+00  0.0000e+00     0.0000e+00  0.0000e+00     0.0000e+00  0.0000e+00     0.0000e+00  0.0000e+00 
1.8868e+02     0.0000e+00  0.0000e+00     0.0000e+00  0.0000e+00     0.0000e+00  0.0000e+00     0.0000e+00  0.0000e+00 
2.1170e+02     0.0000e+00  0.0000e+00     0.0000e+00  0.0000e+00     0.0000e+00  0.0000e+00     0.0000e+00  0.0000e+00 
2.3753e+02     0.0000e+00  0.0000e+00     0.0000e+00  0.0000e+00     0.0000e+00  0.0000e+00     0.0000e+00  0.0000e+00 
2.6651e+02     0.0000e+00  0.0000e+00     0.0000e+00  0.0000e+00     0.0000e+00  0.0000e+00     0.0000e+00  0.0000e+00 
2.9903e+02     0.0000e+00  0.0000e+00     0.0000e+00  0.0000e+00     0.0000e+00  0.0000e+00     0.0000e+00  0.0000e+00 
3.3552e+02     0.0000e+00  0.0000e+00     0.0000e+00  0.0000e+00     0.0000e+00  0.0000e+00     0.0000e+00  0.0000e+00 
3.7646e+02     0.0000e+00  0.0000e+00     0.0000e+00  0.0000e+00     0.0000e+00  0.0000e+00     0.0000e+00  0.0000e+00 
4.2240e+02     0.0000e+00  0.0000e+00     0.0000e+00  0.0000e+00     0.0000e+00  0.0000e+00     0.0000e+00  0.0000e+00 
4.7394e+02     0.0000e+00  0.0000e+00     0.0000e+00  0.0000e+00     0.0000e+00  0.0000e+00     0.0000e+00  0.0000e+00 
5.3176e+02     0.0000e+00  0.0000e+00     0.0000e+00  0.0000e+00     0.0000e+00  0.0000e+00     0.0000e+00  0.0000e+00 
5.9665e+02     0.0000e+00  0.0000e+00     0.0000e+00  0.0000e+00     0.0000e+00  0.0000e+00     0.0000e+00  0.0000e+00 
6.6945e+02     0.0000e+00  0.0000e+00     0.0000e+00  0.0000e+00     0.0000e+00  0.0000e+00     0.0000e+00  0.0000e+00 
7.5114e+02     0.0000e+00  0.0000e+00     0.0000e+00  0.0000e+00     0.0000e+00  0.0000e+00     0.0000e+00  0.0000e+00 
8.4279e+02     0.0000e+00  0.0000e+00     0.0000e+00  0.0000e+00     0.0000e+00  0.0000e+00     0.0000e+00  0.0000e+00 
9.4563e+02     0.0000e+00  0.0000e+00     0.0000e+00  0.0000e+00     0.0000e+00  0.0000e+00     0.0000e+00  0.0000e+00 
1.0610e+03     0.0000e+00  0.0000e+00     0.0000e+00  0.0000e+00     0.0000e+00  0.0000e+00     0.0000e+00  0.0000e+00 
1.1905e+03     0.0000e+00  0.0000e+00     0.0000e+00  0.0000e+00     0.0000e+00  0.0000e+00     0.0000e+00  0.0000e+00 
1.3357e+03     0.0000e+00  0.0000e+00     0.0000e+00  0.0000e+00     0.0000e+00  0.0000e+00     0.0000e+00  0.0000e+00 
1.4987e+03     0.0000e+00  0.0000e+00     0.0000e+00  0.0000e+00     0.0000e+00  0.0000e+00     0.0000e+00  0.0000e+00 
1.6816e+03     0.0000e+00  0.0000e+00     0.0000e+00  0.0000e+00     0.0000e+00  0.0000e+00     0.0000e+00  0.0000e+00 
1.8868e+03     0.0000e+00  0.0000e+00     0.0000e+00  0.0000e+00     0.0000e+00  0.0000e+00     0.0000e+00  0.0000e+00 
2.1170e+03     0.0000e+00  0.0000e+00     0.0000e+00  0.0000e+00     0.0000e+00  0.0000e+00     0.0000e+00  0.0000e+00 
2.3753e+03     0.0000e+00  0.0000e+00     0.0000e+00  0.0000e+00     0.0000e+00  0.0000e+00     0.0000e+00  0.0000e+00 
2.6651e+03     0.0000e+00  0.0000e+00     0.0000e+00  0.0000e+00     0.0000e+00  0.0000e+00     0.0000e+00  0.0000e+00 
2.9903e+03     0.0000e+00  0.0000e+00     0.0000e+00  0.0000e+00     0.0000e+00  0.0000e+00     0.0000e+00  0.0000e+00 
3.3552e+03     0.0000e+00  0.0000e+00     0.0000e+00  0.0000e+00     0.0000e+00  0.0000e+00     0.0000e+00  0.0000e+00 
3.7646e+03     0.0000e+00  0.0000e+00     0.0000e+00  0.0000e+00     0.0000e+00  0.0000e+00     0.0000e+00  0.0000e+00 
4.2240e+03     0.0000e+00  0.0000e+00     0.0000e+00  0.0000e+00     0.0000e+00  0.0000e+00     0.0000e+00  0.0000e+00 
4.7394e+03     0.0000e+00  0.0000e+00     0.0000e+00  0.0000e+00     0.0000e+00  0.0000e+00     0.0000e+00  0.0000e+00 
5.3176e+03     0.0000e+00  0.0000e+00     0.0000e+00  0.0000e+00     0.0000e+00  0.0000e+00     0.0000e+00  0.0000e+00 
5.9665e+03     0.0000e+00  0.0000e+00     0.0000e+00  0.0000e+00     0.0000e+00  0.0000e+00     0.0000e+00  0.0000e+00 
6.6945e+03     0.0000e+00  0.0000e+00     0.0000e+00  0.0000e+00     0.0000e+00  0.0000e+00     0.0000e+00  0.0000e+00 
7.5114e+03     0.0000e+00  0.0000e+00     0.0000e+00  0.0000e+00     0.0000e+00  0.0000e+00     0.0000e+00  0.0000e+00 
8.4279e+03     0.0000e+00  0.0000e+00     0.0000e+00  0.0000e+00     0.0000e+00  0.0000e+00     0.0000e+00  0.0000e+00 
9.4563e+03     0.0000e+00  0.0000e+00     0.0000e+00  0.0000e+00     0.0000e+00  0.0000e+00     0.0000e+00  0.0000e+00 
